
Data arrived...
DF_BEGIN
IQ:0,0,11,-112,-144
IQ:1,8,11,-127,126
IQ:2,16,11,129,117
IQ:3,24,11,106,-150
IQ:4,32,11,-163,-93
IQ:5,40,11,-84,146
IQ:6,48,11,170,47
IQ:7,56,11,51,-181
IQ:8,72,12,-141,223
IQ:9,80,255,215,145
IQ:10,88,1,139,-234
IQ:11,96,255,-244,-145
IQ:12,104,2,-167,200
IQ:13,112,255,126,124
IQ:14,120,10,-134,-161
IQ:15,128,255,-244,124
IQ:16,136,3,-50,317
IQ:17,144,255,163,65
IQ:18,152,9,-214,-53
IQ:19,160,255,-202,245
IQ:20,168,4,-10,349
IQ:21,176,255,209,24
IQ:22,184,8,-226,-22
IQ:23,192,255,-77,246
IQ:24,200,7,290,133
IQ:25,208,255,193,-251
IQ:26,216,6,-122,-135
IQ:27,224,255,-141,196
IQ:28,232,5,176,248
IQ:29,240,255,156,-142
IQ:30,248,12,-258,-46
IQ:31,256,255,-37,258
IQ:32,264,1,285,27
IQ:33,272,255,43,-277
IQ:34,280,2,-253,-100
IQ:35,288,255,-68,164
SW:2
RR:3
SS:3
FR:2480
ME:10
MA:94
KE:10
KA:92
DF_END

Data arrived...
DF_BEGIN
IQ:0,0,11,6,-187
IQ:1,8,11,-175,17
IQ:2,16,11,28,193
IQ:3,24,11,182,-35
IQ:4,32,11,-79,-174
IQ:5,40,11,-168,89
IQ:6,48,11,116,177
IQ:7,56,11,156,-115
IQ:8,72,12,-525,241
IQ:9,80,255,188,627
IQ:10,88,1,680,-105
IQ:11,96,255,-72,-746
IQ:12,104,2,-810,-140
IQ:13,112,255,-292,590
IQ:14,120,10,-67,-106
IQ:15,128,255,-386,-110
IQ:16,136,3,-695,343
IQ:17,144,255,81,544
IQ:18,152,9,-73,-125
IQ:19,160,255,-477,10
IQ:20,168,4,-646,667
IQ:21,176,255,290,627
IQ:22,184,8,-179,-111
IQ:23,192,255,-323,150
IQ:24,200,7,130,521
IQ:25,208,255,600,-30
IQ:26,216,6,181,-368
IQ:27,224,255,-471,-34
IQ:28,232,5,-144,790
IQ:29,240,255,564,173
IQ:30,248,12,-365,-441
IQ:31,256,255,-524,384
IQ:32,264,1,340,625
IQ:33,272,255,665,-342
IQ:34,280,2,-161,-802
IQ:35,288,255,-615,-82
SW:2
RR:3
SS:3
FR:2426
ME:13
MA:89
KE:11
KA:91
DF_END

Data arrived...
DF_BEGIN
IQ:0,0,11,-48,-188
IQ:1,8,11,-172,65
IQ:2,16,11,92,167
IQ:3,24,11,169,-97
IQ:4,32,11,-117,-148
IQ:5,40,11,-146,114
IQ:6,48,11,142,117
IQ:7,56,11,118,-157
IQ:8,72,12,-242,223
IQ:9,80,255,231,263
IQ:10,88,1,288,-229
IQ:11,96,255,-210,-335
IQ:12,104,2,-368,89
IQ:13,112,255,1,279
IQ:14,120,10,-83,-113
IQ:15,128,255,-252,11
IQ:16,136,3,-226,264
IQ:17,144,255,155,171
IQ:18,152,9,-98,-119
IQ:19,160,255,-272,84
IQ:20,168,4,-205,397
IQ:21,176,255,237,185
IQ:22,184,8,-152,-155
IQ:23,192,255,-222,135
IQ:24,200,7,151,282
IQ:25,208,255,300,-111
IQ:26,216,6,-7,-217
IQ:27,224,255,-251,60
IQ:28,232,5,46,380
IQ:29,240,255,267,-33
IQ:30,248,12,-318,-115
IQ:31,256,255,-190,302
IQ:32,264,1,297,244
IQ:33,272,255,275,-291
IQ:34,280,2,-179,-320
IQ:35,288,255,-234,102
SW:2
RR:3
SS:3
FR:2402
ME:10
MA:86
KE:11
KA:91
DF_END

Data arrived...
DF_BEGIN
IQ:0,0,11,133,-62
IQ:1,8,11,-73,-134
IQ:2,16,11,-122,88
IQ:3,24,11,91,111
IQ:4,32,11,104,-111
IQ:5,40,11,-123,-88
IQ:6,48,11,-73,126
IQ:7,56,11,134,61
IQ:8,72,12,-225,-121
IQ:9,80,255,-160,233
IQ:10,88,1,212,214
IQ:11,96,255,254,-195
IQ:12,104,2,-112,-273
IQ:13,112,255,-207,42
IQ:14,120,10,71,-87
IQ:15,128,255,-53,-194
IQ:16,136,3,-247,-116
IQ:17,144,255,-104,138
IQ:18,152,9,72,-91
IQ:19,160,255,-102,-200
IQ:20,168,4,-344,-78
IQ:21,176,255,-106,216
IQ:22,184,8,96,-135
IQ:23,192,255,-145,-142
IQ:24,200,7,-175,174
IQ:25,208,255,144,215
IQ:26,216,6,164,-29
IQ:27,224,255,-98,-178
IQ:28,232,5,-281,107
IQ:29,240,255,78,196
IQ:30,248,12,54,-255
IQ:31,256,255,-262,-86
IQ:32,264,1,-129,274
IQ:33,272,255,262,162
IQ:34,280,2,205,-202
IQ:35,288,255,-118,-164
SW:2
RR:3
SS:3
FR:2402
ME:10
MA:83
KE:10
KA:90
DF_END

Data arrived...
DF_BEGIN
IQ:0,0,11,156,77
IQ:1,8,11,48,-167
IQ:2,16,11,-171,-35
IQ:3,24,11,-18,183
IQ:4,32,11,167,2
IQ:5,40,11,-14,-179
IQ:6,48,11,-186,13
IQ:7,56,11,26,176
IQ:8,72,12,12,-260
IQ:9,80,255,-258,-18
IQ:10,88,1,1,270
IQ:11,96,255,280,28
IQ:12,104,2,82,-251
IQ:13,112,255,-164,-67
IQ:14,120,10,180,76
IQ:15,128,255,173,-215
IQ:16,136,3,-72,-305
IQ:17,144,255,-173,3
IQ:18,152,9,215,-44
IQ:19,160,255,83,-302
IQ:20,168,4,-156,-289
IQ:21,176,255,-203,89
IQ:22,184,8,204,-85
IQ:23,192,255,-45,-251
IQ:24,200,7,-313,21
IQ:25,208,255,-32,309
IQ:26,216,6,174,42
IQ:27,224,255,46,-243
IQ:28,232,5,-259,-149
IQ:29,240,255,-90,198
IQ:30,248,12,245,-68
IQ:31,256,255,-70,-260
IQ:32,264,1,-261,70
IQ:33,272,255,69,269
IQ:34,280,2,257,-22
IQ:35,288,255,-9,-181
SW:2
RR:3
SS:3
FR:2480
ME:10
MA:100
KE:10
KA:91
DF_END

Data arrived...
DF_BEGIN
IQ:0,0,11,-184,29
IQ:1,8,11,56,171
IQ:2,16,11,169,-72
IQ:3,24,11,-87,-161
IQ:4,32,11,-162,93
IQ:5,40,11,118,143
IQ:6,48,11,115,-141
IQ:7,56,11,-142,-114
IQ:8,72,12,319,466
IQ:9,80,255,533,-361
IQ:10,88,1,-270,-662
IQ:11,96,255,-729,203
IQ:12,104,2,-73,804
IQ:13,112,255,609,162
IQ:14,120,10,-86,98
IQ:15,128,255,-39,390
IQ:16,136,3,436,630
IQ:17,144,255,503,-175
IQ:18,152,9,-112,109
IQ:19,160,255,111,457
IQ:20,168,4,808,436
IQ:21,176,255,541,-426
IQ:22,184,8,-71,180
IQ:23,192,255,222,266
IQ:24,200,7,492,-252
IQ:25,208,255,-142,-587
IQ:26,216,6,-392,-99
IQ:27,224,255,72,457
IQ:28,232,5,760,-38
IQ:29,240,255,-20,-565
IQ:30,248,12,-316,503
IQ:31,256,255,471,432
IQ:32,264,1,548,-472
IQ:33,272,255,-438,-609
IQ:34,280,2,-780,248
IQ:35,288,255,52,595
SW:2
RR:3
SS:3
FR:2426
ME:13
MA:89
KE:11
KA:91
DF_END

Data arrived...
DF_BEGIN
IQ:0,0,11,-148,-19
IQ:1,8,11,-9,147
IQ:2,16,11,144,-7
IQ:3,24,11,-11,-146
IQ:4,32,11,-140,39
IQ:5,40,11,55,136
IQ:6,48,11,137,-54
IQ:7,56,11,-71,-135
IQ:8,72,12,107,228
IQ:9,80,255,258,-93
IQ:10,88,1,-55,-298
IQ:11,96,255,-318,16
IQ:12,104,2,-55,278
IQ:13,112,255,201,83
IQ:14,120,10,-108,30
IQ:15,128,255,-65,190
IQ:16,136,3,103,252
IQ:17,144,255,169,-38
IQ:18,152,9,-106,34
IQ:19,160,255,-12,227
IQ:20,168,4,243,242
IQ:21,176,255,203,-129
IQ:22,184,8,-157,51
IQ:23,192,255,27,197
IQ:24,200,7,237,-37
IQ:25,208,255,8,-260
IQ:26,216,6,-166,-66
IQ:27,224,255,-17,199
IQ:28,232,5,295,63
IQ:29,240,255,57,-199
IQ:30,248,12,-176,194
IQ:31,256,255,171,229
IQ:32,264,1,260,-152
IQ:33,272,255,-137,-283
IQ:34,280,2,-297,33
IQ:35,288,255,-13,201
SW:2
RR:3
SS:3
FR:2402
ME:10
MA:86
KE:10
KA:90
DF_END

Data arrived...
DF_BEGIN
IQ:0,0,11,161,-108
IQ:1,8,11,-123,-154
IQ:2,16,11,-152,127
IQ:3,24,11,134,126
IQ:4,32,11,115,-156
IQ:5,40,11,-165,-95
IQ:6,48,11,-84,169
IQ:7,56,11,172,73
IQ:8,72,12,-293,-175
IQ:9,80,255,-200,286
IQ:10,88,1,312,217
IQ:11,96,255,288,-284
IQ:12,104,2,-178,-327
IQ:13,112,255,-263,71
IQ:14,120,10,89,-115
IQ:15,128,255,-75,-247
IQ:16,136,3,-311,-145
IQ:17,144,255,-131,183
IQ:18,152,9,89,-121
IQ:19,160,255,-156,-240
IQ:20,168,4,-426,-84
IQ:21,176,255,-120,286
IQ:22,184,8,87,-184
IQ:23,192,255,-214,-156
IQ:24,200,7,-226,228
IQ:25,208,255,188,276
IQ:26,216,6,206,-65
IQ:27,224,255,-143,-216
IQ:28,232,5,-340,173
IQ:29,240,255,123,222
IQ:30,248,12,4,-339
IQ:31,256,255,-364,-74
IQ:32,264,1,-137,362
IQ:33,272,255,351,173
IQ:34,280,2,229,-289
IQ:35,288,255,-179,-192
SW:2
RR:3
SS:3
FR:2402
ME:10
MA:86
KE:10
KA:89
DF_END

Data arrived...
DF_BEGIN
IQ:0,0,11,151,95
IQ:1,8,11,83,-159
IQ:2,16,11,-168,-65
IQ:3,24,11,-52,164
IQ:4,32,11,178,28
IQ:5,40,11,17,-178
IQ:6,48,11,-182,10
IQ:7,56,11,17,179
IQ:8,72,12,57,-262
IQ:9,80,255,-251,-65
IQ:10,88,1,-58,262
IQ:11,96,255,279,50
IQ:12,104,2,107,-242
IQ:13,112,255,-149,-80
IQ:14,120,10,179,102
IQ:15,128,255,214,-183
IQ:16,136,3,-35,-301
IQ:17,144,255,-170,-6
IQ:18,152,9,228,-26
IQ:19,160,255,125,-287
IQ:20,168,4,-120,-313
IQ:21,176,255,-215,55
IQ:22,184,8,217,-54
IQ:23,192,255,-18,-251
IQ:24,200,7,-318,-17
IQ:25,208,255,-94,298
IQ:26,216,6,154,103
IQ:27,224,255,77,-223
IQ:28,232,5,-242,-171
IQ:29,240,255,-116,183
IQ:30,248,12,259,-47
IQ:31,256,255,-46,-264
IQ:32,264,1,-270,55
IQ:33,272,255,50,280
IQ:34,280,2,255,12
IQ:35,288,255,-2,-174
SW:2
RR:3
SS:3
FR:2480
ME:10
MA:89
KE:10
KA:89
DF_END

Data arrived...
DF_BEGIN
IQ:0,0,11,154,-97
IQ:1,8,11,-112,-142
IQ:2,16,11,-132,131
IQ:3,24,11,139,125
IQ:4,32,11,109,-141
IQ:5,40,11,-162,-95
IQ:6,48,11,-88,162
IQ:7,56,11,172,75
IQ:8,72,12,-468,-333
IQ:9,80,255,-427,475
IQ:10,88,1,458,509
IQ:11,96,255,601,-476
IQ:12,104,2,-311,-742
IQ:13,112,255,-624,108
IQ:14,120,10,51,-125
IQ:15,128,255,-134,-372
IQ:16,136,3,-705,-391
IQ:17,144,255,-450,326
IQ:18,152,9,72,-133
IQ:19,160,255,-268,-391
IQ:20,168,4,-904,-205
IQ:21,176,255,-381,582
IQ:22,184,8,15,-215
IQ:23,192,255,-286,-196
IQ:24,200,7,-376,394
IQ:25,208,255,311,508
IQ:26,216,6,410,5
IQ:27,224,255,-214,-386
IQ:28,232,5,-701,326
IQ:29,240,255,176,529
IQ:30,248,12,76,-585
IQ:31,256,255,-619,-215
IQ:32,264,1,-390,612
IQ:33,272,255,584,454
IQ:34,280,2,618,-504
IQ:35,288,255,-265,-534
SW:2
RR:3
SS:3
FR:2426
ME:13
MA:91
KE:11
KA:89
DF_END

Data arrived...
DF_BEGIN
IQ:0,0,11,-168,-98
IQ:1,8,11,-79,172
IQ:2,16,11,183,63
IQ:3,24,11,31,-184
IQ:4,32,11,-193,-15
IQ:5,40,11,1,182
IQ:6,48,11,194,-24
IQ:7,56,11,-15,-194
IQ:8,72,12,32,344
IQ:9,80,255,355,35
IQ:10,88,1,67,-374
IQ:11,96,255,-394,-95
IQ:12,104,2,-194,322
IQ:13,112,255,207,185
IQ:14,120,10,-146,-27
IQ:15,128,255,-162,195
IQ:16,136,3,35,343
IQ:17,144,255,223,20
IQ:18,152,9,-146,-9
IQ:19,160,255,-140,255
IQ:20,168,4,148,405
IQ:21,176,255,286,-49
IQ:22,184,8,-208,-1
IQ:23,192,255,-70,238
IQ:24,200,7,300,83
IQ:25,208,255,146,-306
IQ:26,216,6,-142,-175
IQ:27,224,255,-125,229
IQ:28,232,5,300,221
IQ:29,240,255,143,-227
IQ:30,248,12,-321,124
IQ:31,256,255,86,354
IQ:32,264,1,371,-40
IQ:33,272,255,-27,-387
IQ:34,280,2,-374,-77
IQ:35,288,255,-80,257
SW:2
RR:3
SS:3
FR:2402
ME:10
MA:83
KE:10
KA:89
DF_END

Data arrived...
DF_BEGIN
IQ:0,0,11,63,-176
IQ:1,8,11,-166,-68
IQ:2,16,11,-46,168
IQ:3,24,11,171,17
IQ:4,32,11,11,-186
IQ:5,40,11,-174,9
IQ:6,48,11,33,169
IQ:7,56,11,177,-46
IQ:8,72,12,-258,-5
IQ:9,80,255,-5,261
IQ:10,88,1,282,15
IQ:11,96,255,32,-281
IQ:12,104,2,-246,-79
IQ:13,112,255,-64,162
IQ:14,120,10,93,-181
IQ:15,128,255,-196,-204
IQ:16,136,3,-299,55
IQ:17,144,255,22,165
IQ:18,152,9,-55,-222
IQ:19,160,255,-305,-57
IQ:20,168,4,-311,159
IQ:21,176,255,62,201
IQ:22,184,8,-70,-220
IQ:23,192,255,-244,37
IQ:24,200,7,-3,311
IQ:25,208,255,301,58
IQ:26,216,6,53,-177
IQ:27,224,255,-240,-44
IQ:28,232,5,-128,265
IQ:29,240,255,200,68
IQ:30,248,12,-82,-261
IQ:31,256,255,-259,54
IQ:32,264,1,87,250
IQ:33,272,255,270,-87
IQ:34,280,2,-28,-268
IQ:35,288,255,-179,6
SW:2
RR:3
SS:3
FR:2480
ME:10
MA:89
KE:10
KA:88
DF_END

Data arrived...
DF_BEGIN
IQ:0,0,11,145,-107
IQ:1,8,11,-119,-136
IQ:2,16,11,-119,134
IQ:3,24,11,149,104
IQ:4,32,11,89,-153
IQ:5,40,11,-162,-76
IQ:6,48,11,-66,159
IQ:7,56,11,163,45
IQ:8,72,12,-235,-127
IQ:9,80,255,-145,223
IQ:10,88,1,224,142
IQ:11,96,255,148,-241
IQ:12,104,2,-188,-175
IQ:13,112,255,-126,122
IQ:14,120,10,160,-123
IQ:15,128,255,-101,-259
IQ:16,136,3,-311,-74
IQ:17,144,255,-69,151
IQ:18,152,9,55,-216
IQ:19,160,255,-235,-209
IQ:20,168,4,-344,-7
IQ:21,176,255,-34,211
IQ:22,184,8,19,-223
IQ:23,192,255,-243,-61
IQ:24,200,7,-132,285
IQ:25,208,255,248,184
IQ:26,216,6,133,-122
IQ:27,224,255,-186,-150
IQ:28,232,5,-250,168
IQ:29,240,255,135,160
IQ:30,248,12,59,-256
IQ:31,256,255,-265,-58
IQ:32,264,1,-37,261
IQ:33,272,255,273,47
IQ:34,280,2,127,-238
IQ:35,288,255,-148,-85
SW:2
RR:3
SS:3
FR:2480
ME:10
MA:94
KE:10
KA:89
DF_END

Data arrived...
DF_BEGIN
IQ:0,0,11,-67,162
IQ:1,8,11,142,42
IQ:2,16,11,84,-117
IQ:3,24,11,-131,-53
IQ:4,32,11,-49,139
IQ:5,40,11,156,26
IQ:6,48,11,12,-150
IQ:7,56,11,-157,-14
IQ:8,72,12,469,104
IQ:9,80,255,167,-507
IQ:10,88,1,-522,-282
IQ:11,96,255,-326,520
IQ:12,104,2,478,451
IQ:13,112,255,456,-278
IQ:14,120,10,-9,96
IQ:15,128,255,196,259
IQ:16,136,3,651,101
IQ:17,144,255,247,-379
IQ:18,152,9,-11,113
IQ:19,160,255,315,237
IQ:20,168,4,736,-126
IQ:21,176,255,123,-560
IQ:22,184,8,47,147
IQ:23,192,255,282,57
IQ:24,200,7,187,-404
IQ:25,208,255,-413,-287
IQ:26,216,6,-320,130
IQ:27,224,255,284,226
IQ:28,232,5,449,-484
IQ:29,240,255,-307,-370
IQ:30,248,12,58,493
IQ:31,256,255,534,15
IQ:32,264,1,86,-582
IQ:33,272,255,-592,-138
IQ:34,280,2,-317,587
IQ:35,288,255,352,374
SW:2
RR:3
SS:3
FR:2426
ME:10
MA:100
KE:10
KA:90
DF_END

Data arrived...
DF_BEGIN
IQ:0,0,11,-184,6
IQ:1,8,11,29,186
IQ:2,16,11,178,-48
IQ:3,24,11,-60,-177
IQ:4,32,11,-171,66
IQ:5,40,11,97,160
IQ:6,48,11,157,-107
IQ:7,56,11,-117,-144
IQ:8,72,12,179,268
IQ:9,80,255,310,-161
IQ:10,88,1,-147,-346
IQ:11,96,255,-382,119
IQ:12,104,2,-6,388
IQ:13,112,255,268,54
IQ:14,120,10,-138,53
IQ:15,128,255,-35,244
IQ:16,136,3,228,260
IQ:17,144,255,197,-106
IQ:18,152,9,-139,66
IQ:19,160,255,24,284
IQ:20,168,4,342,260
IQ:21,176,255,232,-205
IQ:22,184,8,-177,110
IQ:23,192,255,77,242
IQ:24,200,7,284,-111
IQ:25,208,255,-42,-334
IQ:26,216,6,-208,-61
IQ:27,224,255,20,245
IQ:28,232,5,389,11
IQ:29,240,255,19,-259
IQ:30,248,12,-193,269
IQ:31,256,255,259,247
IQ:32,264,1,292,-242
IQ:33,272,255,-245,-325
IQ:34,280,2,-354,124
IQ:35,288,255,47,249
SW:2
RR:3
SS:3
FR:2402
ME:10
MA:86
KE:10
KA:89
DF_END

Data arrived...
DF_BEGIN
IQ:0,0,11,2,-135
IQ:1,8,11,-135,14
IQ:2,16,11,23,131
IQ:3,24,11,130,-32
IQ:4,32,11,-40,-128
IQ:5,40,11,-125,48
IQ:6,48,11,61,108
IQ:7,56,11,113,-79
IQ:8,72,12,-186,63
IQ:9,80,255,67,180
IQ:10,88,1,193,-83
IQ:11,96,255,-64,-211
IQ:12,104,2,-193,26
IQ:13,112,255,8,129
IQ:14,120,10,-3,-156
IQ:15,128,255,-200,-52
IQ:16,136,3,-183,154
IQ:17,144,255,63,112
IQ:18,152,9,-92,-139
IQ:19,160,255,-231,35
IQ:20,168,4,-152,201
IQ:21,176,255,113,106
IQ:22,184,8,-126,-114
IQ:23,192,255,-158,101
IQ:24,200,7,93,211
IQ:25,208,255,221,-70
IQ:26,216,6,-12,-142
IQ:27,224,255,-178,31
IQ:28,232,5,-14,219
IQ:29,240,255,154,-6
IQ:30,248,12,-141,-139
IQ:31,256,255,-155,126
IQ:32,264,1,145,132
IQ:33,272,255,162,-145
IQ:34,280,2,-84,-177
IQ:35,288,255,-114,63
SW:2
RR:3
SS:3
FR:2480
ME:10
MA:97
KE:10
KA:90
DF_END

Data arrived...
DF_BEGIN
IQ:0,0,11,64,-174
IQ:1,8,11,-176,-58
IQ:2,16,11,-51,173
IQ:3,24,11,185,9
IQ:4,32,11,-14,-181
IQ:5,40,11,-182,8
IQ:6,48,11,14,182
IQ:7,56,11,188,-17
IQ:8,72,12,-582,-55
IQ:9,80,255,-79,652
IQ:10,88,1,673,233
IQ:11,96,255,227,-706
IQ:12,104,2,-666,-456
IQ:13,112,255,-477,431
IQ:14,120,10,-20,-140
IQ:15,128,255,-286,-289
IQ:16,136,3,-765,34
IQ:17,144,255,-181,517
IQ:18,152,9,-22,-142
IQ:19,160,255,-432,-231
IQ:20,168,4,-874,274
IQ:21,176,255,-33,696
IQ:22,184,8,-77,-173
IQ:23,192,255,-330,24
IQ:24,200,7,-79,547
IQ:25,208,255,553,238
IQ:26,216,6,337,-267
IQ:27,224,255,-394,-216
IQ:28,232,5,-393,680
IQ:29,240,255,432,410
IQ:30,248,12,-137,-552
IQ:31,256,255,-639,128
IQ:32,264,1,28,708
IQ:33,272,255,742,-34
IQ:34,280,2,242,-790
IQ:35,288,255,-518,-320
SW:2
RR:3
SS:3
FR:2426
ME:13
MA:97
KE:10
KA:91
DF_END

Data arrived...
DF_BEGIN
IQ:0,0,11,-136,-136
IQ:1,8,11,-119,146
IQ:2,16,11,162,93
IQ:3,24,11,96,-165
IQ:4,32,11,-170,-90
IQ:5,40,11,-60,169
IQ:6,48,11,178,51
IQ:7,56,11,25,-186
IQ:8,72,12,-88,314
IQ:9,80,255,332,110
IQ:10,88,1,182,-338
IQ:11,96,255,-335,-203
IQ:12,104,2,-272,247
IQ:13,112,255,148,228
IQ:14,120,10,-133,-68
IQ:15,128,255,-223,126
IQ:16,136,3,-65,337
IQ:17,144,255,195,71
IQ:18,152,9,-142,-45
IQ:19,160,255,-187,217
IQ:20,168,4,35,430
IQ:21,176,255,308,33
IQ:22,184,8,-197,-54
IQ:23,192,255,-115,229
IQ:24,200,7,272,153
IQ:25,208,255,217,-243
IQ:26,216,6,-99,-197
IQ:27,224,255,-171,192
IQ:28,232,5,244,298
IQ:29,240,255,221,-156
IQ:30,248,12,-333,40
IQ:31,256,255,-4,349
IQ:32,264,1,387,30
IQ:33,272,255,106,-383
IQ:34,280,2,-318,-198
IQ:35,288,255,-141,209
SW:2
RR:3
SS:3
FR:2402
ME:10
MA:89
KE:10
KA:91
DF_END

Data arrived...
DF_BEGIN
IQ:0,0,11,-156,-81
IQ:1,8,11,-59,166
IQ:2,16,11,169,40
IQ:3,24,11,7,-179
IQ:4,32,11,-177,-4
IQ:5,40,11,10,171
IQ:6,48,11,174,-39
IQ:7,56,11,-45,-176
IQ:8,72,12,6,266
IQ:9,80,255,261,5
IQ:10,88,1,3,-275
IQ:11,96,255,-277,-5
IQ:12,104,2,-66,255
IQ:13,112,255,168,47
IQ:14,120,10,-197,-63
IQ:15,128,255,-157,224
IQ:16,136,3,113,289
IQ:17,144,255,167,-24
IQ:18,152,9,-208,60
IQ:19,160,255,-70,304
IQ:20,168,4,168,280
IQ:21,176,255,199,-100
IQ:22,184,8,-200,85
IQ:23,192,255,66,240
IQ:24,200,7,314,-17
IQ:25,208,255,38,-305
IQ:26,216,6,-173,-66
IQ:27,224,255,-29,238
IQ:28,232,5,273,120
IQ:29,240,255,68,-198
IQ:30,248,12,-247,92
IQ:31,256,255,72,249
IQ:32,264,1,251,-107
IQ:33,272,255,-98,-272
IQ:34,280,2,-255,12
IQ:35,288,255,11,174
SW:2
RR:3
SS:3
FR:2480
ME:10
MA:89
KE:10
KA:90
DF_END

Data arrived...
DF_BEGIN
IQ:0,0,11,185,-15
IQ:1,8,11,-38,-186
IQ:2,16,11,-192,58
IQ:3,24,11,50,178
IQ:4,32,11,176,-77
IQ:5,40,11,-90,-161
IQ:6,48,11,-158,113
IQ:7,56,11,119,139
IQ:8,72,12,-187,-273
IQ:9,80,255,-320,169
IQ:10,88,1,152,344
IQ:11,96,255,383,-123
IQ:12,104,2,-19,-362
IQ:13,112,255,-276,-27
IQ:14,120,10,132,-66
IQ:15,128,255,18,-249
IQ:16,136,3,-234,-273
IQ:17,144,255,-210,91
IQ:18,152,9,127,-72
IQ:19,160,255,-50,-275
IQ:20,168,4,-356,-259
IQ:21,176,255,-242,189
IQ:22,184,8,171,-107
IQ:23,192,255,-98,-240
IQ:24,200,7,-302,94
IQ:25,208,255,33,327
IQ:26,216,6,209,65
IQ:27,224,255,-15,-257
IQ:28,232,5,-389,-16
IQ:29,240,255,-24,265
IQ:30,248,12,200,-255
IQ:31,256,255,-265,-225
IQ:32,264,1,-287,270
IQ:33,272,255,242,313
IQ:34,280,2,335,-145
IQ:35,288,255,-78,-245
SW:2
RR:3
SS:3
FR:2402
ME:10
MA:86
KE:10
KA:90
DF_END

Data arrived...
DF_BEGIN
IQ:0,0,11,1,-180
IQ:1,8,11,-192,15
IQ:2,16,11,36,180
IQ:3,24,11,182,-56
IQ:4,32,11,-62,-170
IQ:5,40,11,-161,88
IQ:6,48,11,100,166
IQ:7,56,11,157,-87
IQ:8,72,12,-285,168
IQ:9,80,255,156,314
IQ:10,88,1,363,-117
IQ:11,96,255,-116,-383
IQ:12,104,2,-381,-16
IQ:13,112,255,-57,259
IQ:14,120,10,-60,-140
IQ:15,128,255,-255,-57
IQ:16,136,3,-283,207
IQ:17,144,255,73,217
IQ:18,152,9,-53,-136
IQ:19,160,255,-290,5
IQ:20,168,4,-274,318
IQ:21,176,255,194,247
IQ:22,184,8,-77,-186
IQ:23,192,255,-241,65
IQ:24,200,7,56,306
IQ:25,208,255,332,-10
IQ:26,216,6,46,-214
IQ:27,224,255,-262,11
IQ:28,232,5,-30,393
IQ:29,240,255,261,48
IQ:30,248,12,-255,-195
IQ:31,256,255,-272,232
IQ:32,264,1,231,298
IQ:33,272,255,329,-224
IQ:34,280,2,-84,-358
IQ:35,288,255,-247,48
SW:2
RR:3
SS:3
FR:2402
ME:10
MA:86
KE:10
KA:90
DF_END

Data arrived...
DF_BEGIN
IQ:0,0,11,29,-175
IQ:1,8,11,-176,-27
IQ:2,16,11,3,173
IQ:3,24,11,171,-23
IQ:4,32,11,-29,-176
IQ:5,40,11,-172,52
IQ:6,48,11,60