DF_BEGIN
IQ:0,0,11,181,-43
IQ:1,8,11,-73,-175
IQ:2,16,11,-152,94
IQ:3,24,11,126,153
IQ:4,32,11,149,-91
IQ:5,40,11,-105,-131
IQ:6,48,11,-109,143
IQ:7,56,11,149,98
IQ:8,72,12,-364,-444
IQ:9,80,255,-553,346
IQ:10,88,1,232,662
IQ:11,96,255,677,-252
IQ:12,104,2,-100,-813
IQ:13,112,255,-641,-111
IQ:14,120,10,62,-92
IQ:15,128,255,17,-389
IQ:16,136,3,-576,-543
IQ:17,144,255,-521,232
IQ:18,152,9,118,-99
IQ:19,160,255,-139,-455
IQ:20,168,4,-837,-400
IQ:21,176,255,-492,487
IQ:22,184,8,68,-185
IQ:23,192,255,-249,-241
IQ:24,200,7,-437,288
IQ:25,208,255,214,568
IQ:26,216,6,425,62
IQ:27,224,255,-101,-447
IQ:28,232,5,-771,134
IQ:29,240,255,53,576
IQ:30,248,12,277,-503
IQ:31,256,255,-499,-389
IQ:32,264,1,-487,492
IQ:33,272,255,485,579
IQ:34,280,2,777,-302
IQ:35,288,255,-84,-614
SW:2
RR:3
SS:3
FR:2426
ME:13
MA:94
KE:10
KA:91
DF_END

Data arrived...
DF_BEGIN
IQ:0,0,11,-108,-104
IQ:1,8,11,-85,127
IQ:2,16,11,119,76
IQ:3,24,11,62,-136
IQ:4,32,11,-146,-54
IQ:5,40,11,-30,144
IQ:6,48,11,148,19
IQ:7,56,11,17,-157
IQ:8,72,12,-53,251
IQ:9,80,255,267,73
IQ:10,88,1,123,-285
IQ:11,96,255,-276,-144
IQ:12,104,2,-202,224
IQ:13,112,255,127,185
IQ:14,120,10,-107,-43
IQ:15,128,255,-169,119
IQ:16,136,3,-22,273
IQ:17,144,255,171,49
IQ:18,152,9,-109,-38
IQ:19,160,255,-158,171
IQ:20,168,4,49,339
IQ:21,176,255,232,14
IQ:22,184,8,-164,-28
IQ:23,192,255,-77,186
IQ:24,200,7,223,105
IQ:25,208,255,160,-206
IQ:26,216,6,-95,-147
IQ:27,224,255,-135,166
IQ:28,232,5,206,225
IQ:29,240,255,160,-132
IQ:30,248,12,-249,57
IQ:31,256,255,29,278
IQ:32,264,1,304,1
IQ:33,272,255,36,-316
IQ:34,280,2,-275,-113
IQ:35,288,255,-99,178
SW:2
RR:3
SS:3
FR:2402
ME:10
MA:83
KE:10
KA:91
DF_END

Data arrived...
DF_BEGIN
IQ:0,0,11,-165,65
IQ:1,8,11,80,156
IQ:2,16,11,140,-98
IQ:3,24,11,-114,-130
IQ:4,32,11,-116,133
IQ:5,40,11,141,108
IQ:6,48,11,77,-158
IQ:7,56,11,-156,-79
IQ:8,72,12,193,168
IQ:9,80,255,164,-198
IQ:10,88,1,-199,-177
IQ:11,96,255,-186,210
IQ:12,104,2,161,206
IQ:13,112,255,147,-99
IQ:14,120,10,-166,109
IQ:15,128,255,69,270
IQ:16,136,3,290,116
IQ:17,144,255,103,-145
IQ:18,152,9,-106,188
IQ:19,160,255,199,237
IQ:20,168,4,342,48
IQ:21,176,255,70,-212
IQ:22,184,8,-77,213
IQ:23,192,255,208,128
IQ:24,200,7,177,-249
IQ:25,208,255,-205,-224
IQ:26,216,6,-149,98
IQ:27,224,255,164,184
IQ:28,232,5,282,-117
IQ:29,240,255,-88,-192
IQ:30,248,12,-96,243
IQ:31,256,255,232,112
IQ:32,264,1,91,-251
IQ:33,272,255,-257,-108
IQ:34,280,2,-135,216
IQ:35,288,255,151,96
SW:2
RR:3
SS:3
FR:2480
ME:10
MA:89
KE:10
KA:90
DF_END

Data arrived...
DF_BEGIN
IQ:0,0,11,36,184
IQ:1,8,11,166,-47
IQ:2,16,11,-61,-181
IQ:3,24,11,-163,77
IQ:4,32,11,77,158
IQ:5,40,11,142,-109
IQ:6,48,11,-113,-143
IQ:7,56,11,-132,133
IQ:8,72,12,463,-334
IQ:9,80,255,-299,-558
IQ:10,88,1,-663,238
IQ:11,96,255,208,720
IQ:12,104,2,811,-23
IQ:13,112,255,127,-646
IQ:14,120,10,87,86
IQ:15,128,255,386,55
IQ:16,136,3,626,-444
IQ:17,144,255,-164,-520
IQ:18,152,9,98,103
IQ:19,160,255,464,-80
IQ:20,168,4,555,-742
IQ:21,176,255,-340,-616
IQ:22,184,8,168,76
IQ:23,192,255,262,-209
IQ:24,200,7,-243,-492
IQ:25,208,255,-583,121
IQ:26,216,6,-125,399
IQ:27,224,255,439,-63
IQ:28,232,5,-41,-789
IQ:29,240,255,-604,-58
IQ:30,248,12,421,388
IQ:31,256,255,481,-421
IQ:32,264,1,-456,-536
IQ:33,272,255,-562,469
IQ:34,280,2,338,759
IQ:35,288,255,614,-50
SW:2
RR:3
SS:3
FR:2426
ME:13
MA:94
KE:10
KA:91
DF_END

Data arrived...
DF_BEGIN
IQ:0,0,11,131,-134
IQ:1,8,11,-146,-120
IQ:2,16,11,-111,150
IQ:3,24,11,146,83
IQ:4,32,11,77,-162
IQ:5,40,11,-174,-51
IQ:6,48,11,-43,182
IQ:7,56,11,174,28
IQ:8,72,12,-532,-233
IQ:9,80,255,-301,550
IQ:10,88,1,572,406
IQ:11,96,255,483,-582
IQ:12,104,2,-482,-646
IQ:13,112,255,-604,221
IQ:14,120,10,23,-118
IQ:15,128,255,-179,-352
IQ:16,136,3,-748,-234
IQ:17,144,255,-314,436
IQ:18,152,9,25,-144
IQ:19,160,255,-352,-329
IQ:20,168,4,-895,65
IQ:21,176,255,-150,675
IQ:22,184,8,-53,-194
IQ:23,192,255,-340,-81
IQ:24,200,7,-263,481
IQ:25,208,255,398,460
IQ:26,216,6,390,-112
IQ:27,224,255,-342,-299
IQ:28,232,5,-579,557
IQ:29,240,255,326,487
IQ:30,248,12,-1,-596
IQ:31,256,255,-661,-102
IQ:32,264,1,-221,662
IQ:33,272,255,700,213
IQ:34,280,2,458,-698
IQ:35,288,255,-415,-462
SW:2
RR:3
SS:3
FR:2426
ME:13
MA:94
KE:11
KA:91
DF_END

Data arrived...
DF_BEGIN
IQ:0,0,11,66,-133
IQ:1,8,11,-140,-59
IQ:2,16,11,-48,145
IQ:3,24,11,141,42
IQ:4,32,11,23,-141
IQ:5,40,11,-157,0
IQ:6,48,11,3,154
IQ:7,56,11,154,-24
IQ:8,72,12,-267,14
IQ:9,80,255,-15,285
IQ:10,88,1,293,41
IQ:11,96,255,60,-314
IQ:12,104,2,-267,-138
IQ:13,112,255,-148,165
IQ:14,120,10,22,-108
IQ:15,128,255,-154,-132
IQ:16,136,3,-285,23
IQ:17,144,255,-17,177
IQ:18,152,9,8,-121
IQ:19,160,255,-202,-86
IQ:20,168,4,-317,161
IQ:21,176,255,52,237
IQ:22,184,8,-11,-161
IQ:23,192,255,-198,-27
IQ:24,200,7,-61,240
IQ:25,208,255,243,99
IQ:26,216,6,120,-126
IQ:27,224,255,-186,-80
IQ:28,232,5,-162,255
IQ:29,240,255,180,98
IQ:30,248,12,-130,-236
IQ:31,256,255,-280,74
IQ:32,264,1,54,296
IQ:33,272,255,310,-42
IQ:34,280,2,47,-296
IQ:35,288,255,-191,-69
SW:2
RR:3
SS:3
FR:2402
ME:10
MA:86
KE:11
KA:90
DF_END

Data arrived...
DF_BEGIN
IQ:0,0,11,-98,138
IQ:1,8,11,165,83
IQ:2,16,11,71,-162
IQ:3,24,11,-177,-60
IQ:4,32,11,-42,167
IQ:5,40,11,169,18
IQ:6,48,11,-3,-174
IQ:7,56,11,-189,7
IQ:8,72,12,259,72
IQ:9,80,255,62,-256
IQ:10,88,1,-268,-68
IQ:11,96,255,-83,272
IQ:12,104,2,232,117
IQ:13,112,255,88,-153
IQ:14,120,10,-117,162
IQ:15,128,255,181,211
IQ:16,136,3,308,-23
IQ:17,144,255,3,-175
IQ:18,152,9,3,229
IQ:19,160,255,279,146
IQ:20,168,4,317,-105
IQ:21,176,255,-47,-218
IQ:22,184,8,38,226
IQ:23,192,255,250,-12
IQ:24,200,7,24,-316
IQ:25,208,255,-295,-102
IQ:26,216,6,-89,160
IQ:27,224,255,224,80
IQ:28,232,5,191,-236
IQ:29,240,255,-165,-133
IQ:30,248,12,25,262
IQ:31,256,255,258,-10
IQ:32,264,1,-45,-267
IQ:33,272,255,-287,28
IQ:34,280,2,-60,256
IQ:35,288,255,164,24
SW:2
RR:3
SS:3
FR:2480
ME:10
MA:94
KE:10
KA:91
DF_END

Data arrived...
DF_BEGIN
IQ:0,0,11,177,41
IQ:1,8,11,36,-178
IQ:2,16,11,-182,-20
IQ:3,24,11,-7,181
IQ:4,32,11,181,-17
IQ:5,40,11,-25,-182
IQ:6,48,11,-185,32
IQ:7,56,11,45,178
IQ:8,72,12,-54,-571
IQ:9,80,255,-633,21
IQ:10,88,1,-98,700
IQ:11,96,255,732,155
IQ:12,104,2,378,-724
IQ:13,112,255,-493,-412
IQ:14,120,10,117,-51
IQ:15,128,255,190,-345
IQ:16,136,3,-186,-760
IQ:17,144,255,-548,-77
IQ:18,152,9,129,-41
IQ:19,160,255,124,-471
IQ:20,168,4,-454,-811
IQ:21,176,255,-692,94
IQ:22,184,8,155,-125
IQ:23,192,255,-83,-329
IQ:24,200,7,-545,-10
IQ:25,208,255,-163,571
IQ:26,216,6,311,279
IQ:27,224,255,156,-432
IQ:28,232,5,-738,-290
IQ:29,240,255,-266,522
IQ:30,248,12,506,-291
IQ:31,256,255,-215,-616
IQ:32,264,1,-682,156
IQ:33,272,255,106,745
IQ:34,280,2,814,179
IQ:35,288,255,273,-559
SW:2
RR:3
SS:3
FR:2426
ME:13
MA:97
KE:11
KA:91
DF_END

Data arrived...
DF_BEGIN
IQ:0,0,11,92,122
IQ:1,8,11,94,-110
IQ:2,16,11,-125,-93
IQ:3,24,11,-79,128
IQ:4,32,11,130,70
IQ:5,40,11,66,-132
IQ:6,48,11,-148,-54
IQ:7,56,11,-36,140
IQ:8,72,12,48,-257
IQ:9,80,255,-276,-81
IQ:10,88,1,-177,268
IQ:11,96,255,245,197
IQ:12,104,2,224,-185
IQ:13,112,255,-103,-192
IQ:14,120,10,98,56
IQ:15,128,255,173,-95
IQ:16,136,3,66,-269
IQ:17,144,255,-158,-76
IQ:18,152,9,109,37
IQ:19,160,255,162,-165
IQ:20,168,4,-16,-339
IQ:21,176,255,-234,-27
IQ:22,184,8,144,62
IQ:23,192,255,96,-177
IQ:24,200,7,-217,-148
IQ:25,208,255,-223,151
IQ:26,216,6,65,159
IQ:27,224,255,144,-146
IQ:28,232,5,-202,-233
IQ:29,240,255,-180,111
IQ:30,248,12,260,-3
IQ:31,256,255,30,-286
IQ:32,264,1,-290,-77
IQ:33,272,255,-87,297
IQ:34,280,2,250,164
IQ:35,288,255,114,-165
SW:2
RR:3
SS:3
FR:2402
ME:10
MA:89
KE:11
KA:91
DF_END

Data arrived...
DF_BEGIN
IQ:0,0,11,-79,-164
IQ:1,8,11,-154,83
IQ:2,16,11,91,145
IQ:3,24,11,121,-122
IQ:4,32,11,-138,-119
IQ:5,40,11,-113,130
IQ:6,48,11,147,90
IQ:7,56,11,82,-163
IQ:8,72,12,-182,183
IQ:9,80,255,198,171
IQ:10,88,1,173,-202
IQ:11,96,255,-213,-189
IQ:12,104,2,-208,155
IQ:13,112,255,94,148
IQ:14,120,10,-97,-180
IQ:15,128,255,-274,47
IQ:16,136,3,-121,286
IQ:17,144,255,138,94
IQ:18,152,9,-204,-89
IQ:19,160,255,-256,187
IQ:20,168,4,-81,332
IQ:21,176,255,211,73
IQ:22,184,8,-210,-81
IQ:23,192,255,-120,219
IQ:24,200,7,262,167
IQ:25,208,255,230,-204
IQ:26,216,6,-94,-169
IQ:27,224,255,-187,147
IQ:28,232,5,106,281
IQ:29,240,255,188,-92
IQ:30,248,12,-246,-114
IQ:31,256,255,-124,232
IQ:32,264,1,246,104
IQ:33,272,255,117,-252
IQ:34,280,2,-219,-149
IQ:35,288,255,-104,144
SW:2
RR:3
SS:3
FR:2480
ME:10
MA:94
KE:10
KA:91
DF_END

Data arrived...
DF_BEGIN
IQ:0,0,11,169,-75
IQ:1,8,11,-88,-168
IQ:2,16,11,-169,81
IQ:3,24,11,84,162
IQ:4,32,11,129,-118
IQ:5,40,11,-133,-108
IQ:6,48,11,-100,140
IQ:7,56,11,156,106
IQ:8,72,12,-419,-407
IQ:9,80,255,-494,397
IQ:10,88,1,366,615
IQ:11,96,255,670,-324
IQ:12,104,2,-110,-819
IQ:13,112,255,-638,-75
IQ:14,120,10,68,-99
IQ:15,128,255,-52,-393
IQ:16,136,3,-585,-546
IQ:17,144,255,-520,209
IQ:18,152,9,102,-101
IQ:19,160,255,-156,-457
IQ:20,168,4,-828,-424
IQ:21,176,255,-489,483
IQ:22,184,8,38,-203
IQ:23,192,255,-242,-241
IQ:24,200,7,-456,302
IQ:25,208,255,184,583
IQ:26,216,6,398,66
IQ:27,224,255,-140,-429
IQ:28,232,5,-740,214
IQ:29,240,255,126,574
IQ:30,248,12,243,-526
IQ:31,256,255,-540,-370
IQ:32,264,1,-467,543
IQ:33,272,255,524,546
IQ:34,280,2,731,-381
IQ:35,288,255,-144,-601
SW:2
RR:3
SS:3
FR:2426
ME:13
MA:89
KE:11
KA:91
DF_END

Data arrived...
DF_BEGIN
IQ:0,0,11,35,-150
IQ:1,8,11,-146,-16
IQ:2,16,11,0,155
IQ:3,24,11,148,-4
IQ:4,32,11,-20,-148
IQ:5,40,11,-138,36
IQ:6,48,11,37,143
IQ:7,56,11,140,-52
IQ:8,72,12,-244,98
IQ:9,80,255,88,271
IQ:10,88,1,300,-29
IQ:11,96,255,1,-317
IQ:12,104,2,-296,-74
IQ:13,112,255,-106,195
IQ:14,120,10,-19,-110
IQ:15,128,255,-185,-84
IQ:16,136,3,-268,102
IQ:17,144,255,15,183
IQ:18,152,9,-11,-121
IQ:19,160,255,-225,-58
IQ:20,168,4,-279,199
IQ:21,176,255,117,211
IQ:22,184,8,-39,-166
IQ:23,192,255,-201,14
IQ:24,200,7,3,255
IQ:25,208,255,254,43
IQ:26,216,6,97,-153
IQ:27,224,255,-203,-27
IQ:28,232,5,-91,298
IQ:29,240,255,192,93
IQ:30,248,12,-165,-207
IQ:31,256,255,-238,145
IQ:32,264,1,136,268
IQ:33,272,255,289,-121
IQ:34,280,2,10,-302
IQ:35,288,255,-196,-17
SW:2
RR:3
SS:3
FR:2402
ME:10
MA:86
KE:11
KA:90
DF_END

Data arrived...
DF_BEGIN
IQ:0,0,11,150,26
IQ:1,8,11,13,-147
IQ:2,16,11,-149,8
IQ:3,24,11,6,154
IQ:4,32,11,155,-12
IQ:5,40,11,-38,-146
IQ:6,48,11,-143,48
IQ:7,56,11,52,136
IQ:8,72,12,-78,-256
IQ:9,80,255,-272,64
IQ:10,88,1,43,305
IQ:11,96,255,312,-9
IQ:12,104,2,101,-298
IQ:13,112,255,-181,-121
IQ:14,120,10,115,-5
IQ:15,128,255,96,-170
IQ:16,136,3,-88,-256
IQ:17,144,255,-189,23
IQ:18,152,9,117,-19
IQ:19,160,255,49,-224
IQ:20,168,4,-201,-269
IQ:21,176,255,-204,119
IQ:22,184,8,158,-36
IQ:23,192,255,-43,-198
IQ:24,200,7,-258,27
IQ:25,208,255,-46,261
IQ:26,216,6,159,77
IQ:27,224,255,41,-205
IQ:28,232,5,-287,-102
IQ:29,240,255,-77,197
IQ:30,248,12,211,-161
IQ:31,256,255,-141,-256
IQ:32,264,1,-281,111
IQ:33,272,255,108,292
IQ:34,280,2,295,-43
IQ:35,288,255,17,-200
SW:2
RR:3
SS:3
FR:2402
ME:10
MA:89
KE:10
KA:90
DF_END

Data arrived...
DF_BEGIN
IQ:0,0,11,173,27
IQ:1,8,11,22,-168
IQ:2,16,11,-170,2
IQ:3,24,11,17,179
IQ:4,32,11,172,-32
IQ:5,40,11,-51,-164
IQ:6,48,11,-156,71
IQ:7,56,11,81,155
IQ:8,72,12,-49,-257
IQ:9,80,255,-253,61
IQ:10,88,1,62,270
IQ:11,96,255,274,-51
IQ:12,104,2,-28,-253
IQ:13,112,255,-176,11
IQ:14,120,10,212,11
IQ:15,128,255,128,-252
IQ:16,136,3,-146,-264
IQ:17,144,255,-148,73
IQ:18,152,9,200,-103
IQ:19,160,255,2,-316
IQ:20,168,4,-225,-245
IQ:21,176,255,-176,128
IQ:22,184,8,190,-128
IQ:23,192,255,-93,-216
IQ:24,200,7,-303,85
IQ:25,208,255,22,308
IQ:26,216,6,186,15
IQ:27,224,255,-30,-237
IQ:28,232,5,-287,-54
IQ:29,240,255,-27,229
IQ:30,248,12,225,-124
IQ:31,256,255,-116,-229
IQ:32,264,1,-232,149
IQ:33,272,255,124,263
IQ:34,280,2,250,-58
IQ:35,288,255,-34,-169
SW:2
RR:3
SS:3
FR:2480
ME:10
MA:89
KE:10
KA:90
DF_END

Data arrived...
DF_BEGIN
IQ:0,0,11,-137,117
IQ:1,8,11,130,113
IQ:2,16,11,110,-157
IQ:3,24,11,-148,-103
IQ:4,32,11,-94,155
IQ:5,40,11,172,66
IQ:6,48,11,43,-172
IQ:7,56,11,-185,-39
IQ:8,72,12,533,242
IQ:9,80,255,277,-571
IQ:10,88,1,-574,-405
IQ:11,96,255,-530,548
IQ:12,104,2,367,716
IQ:13,112,255,623,-149
IQ:14,120,10,-30,119
IQ:15,128,255,147,363
IQ:16,136,3,691,297
IQ:17,144,255,382,-404
IQ:18,152,9,-34,130
IQ:19,160,255,301,351
IQ:20,168,4,925,64
IQ:21,176,255,262,-642
IQ:22,184,8,47,180
IQ:23,192,255,325,107
IQ:24,200,7,291,-449
IQ:25,208,255,-407,-407
IQ:26,216,6,-392,122
IQ:27,224,255,302,362
IQ:28,232,5,659,-434
IQ:29,240,255,-275,-513
IQ:30,248,12,-49,575
IQ:31,256,255,641,180
IQ:32,264,1,264,-648
IQ:33,272,255,-671,-342
IQ:34,280,2,-590,575
IQ:35,288,255,327,503
SW:2
RR:3
SS:3
FR:2426
ME:13
MA:94
KE:11
KA:90
DF_END

Data arrived...
DF_BEGIN
IQ:0,0,11,-33,-154
IQ:1,8,11,-151,37
IQ:2,16,11,59,134
IQ:3,24,11,125,-79
IQ:4,32,11,-87,-127
IQ:5,40,11,-120,94
IQ:6,48,11,90,117
IQ:7,56,11,101,-108
IQ:8,72,12,-165,199
IQ:9,80,255,208,197
IQ:10,88,1,260,-163
IQ:11,96,255,-137,-286
IQ:12,104,2,-289,50
IQ:13,112,255,2,212
IQ:14,120,10,-63,-91
IQ:15,128,255,-201,-4
IQ:16,136,3,-190,196
IQ:17,144,255,105,146
IQ:18,152,9,-74,-92
IQ:19,160,255,-209,68
IQ:20,168,4,-143,317
IQ:21,176,255,187,160
IQ:22,184,8,-101,-128
IQ:23,192,255,-177,93
IQ:24,200,7,126,209
IQ:25,208,255,241,-81
IQ:26,216,6,17,-178
IQ:27,224,255,-187,58
IQ:28,232,5,71,300
IQ:29,240,255,211,-25
IQ:30,248,12,-238,-133
IQ:31,256,255,-166,230
IQ:32,264,1,233,195
IQ:33,272,255,212,-214
IQ:34,280,2,-140,-263
IQ:35,288,255,-181,78
SW:2
RR:3
SS:3
FR:2402
ME:10
MA:89
KE:10
KA:90
DF_END

Data arrived...
DF_BEGIN
IQ:0,0,11,160,-86
IQ:1,8,11,-90,-154
IQ:2,16,11,-139,102
IQ:3,24,11,124,124
IQ:4,32,11,115,-133
IQ:5,40,11,-143,-105
IQ:6,48,11,-101,148
IQ:7,56,11,158,76
IQ:8,72,12,-195,-174
IQ:9,80,255,-182,194
IQ:10,88,1,201,180
IQ:11,96,255,192,-208
IQ:12,104,2,-160,-201
IQ:13,112,255,-133,97
IQ:14,120,10,175,-95
IQ:15,128,255,-52,-271
IQ:16,136,3,-284,-136
IQ:17,144,255,-93,147
IQ:18,152,9,106,-199
IQ:19,160,255,-200,-238
IQ:20,168,4,-335,-30
IQ:21,176,255,-43,219
IQ:22,184,8,63,-214
IQ:23,192,255,-229,-109
IQ:24,200,7,-195,253
IQ:25,208,255,196,244
IQ:26,216,6,169,-84
IQ:27,224,255,-149,-178
IQ:28,232,5,-272,128
IQ:29,240,255,106,193
IQ:30,248,12,102,-234
IQ:31,256,255,-239,-106
IQ:32,264,1,-76,258
IQ:33,272,255,272,94
IQ:34,280,2,139,-225
IQ:35,288,255,-147,-88
SW:2
RR:3
SS:3
FR:2480
ME:10
MA:94
KE:10
KA:90
DF_END

Data arrived...
DF_BEGIN
IQ:0,0,11,-127,17
IQ:1,8,11,21,132
IQ:2,16,11,122,-46
IQ:3,24,11,-47,-127
IQ:4,32,11,-123,55
IQ:5,40,11,73,111
IQ:6,48,11,101,-86
IQ:7,56,11,-86,-103
IQ:8,72,12,94,171
IQ:9,80,255,169,-94
IQ:10,88,1,-106,-172
IQ:11,96,255,-189,94
IQ:12,104,2,58,186
IQ:13,112,255,135,-32
IQ:14,120,10,-148,26
IQ:15,128,255,-28,206
IQ:16,136,3,165,155
IQ:17,144,255,98,-78
IQ:18,152,9,-116,110
IQ:19,160,255,79,225
IQ:20,168,4,224,121
IQ:21,176,255,103,-138
IQ:22,184,8,-105,136
IQ:23,192,255,123,144
IQ:24,200,7,196,-129
IQ:25,208,255,-85,-226
IQ:26,216,6,-138,26
IQ:27,224,255,63,169
IQ:28,232,5,230,-27
IQ:29,240,255,-26,-166
IQ:30,248,12,-139,140
IQ:31,256,255,149,133
IQ:32,264,1,138,-159
IQ:33,272,255,-157,-142
IQ:34,280,2,-161,116
IQ:35,288,255,78,105
SW:2
RR:3
SS:3
FR:2480
ME:10
MA:97
KE:10
KA:91
DF_END

Data arrived...
DF_BEGIN
IQ:0,0,11,175,-46
IQ:1,8,11,-71,-166
IQ:2,16,11,-154,80
IQ:3,24,11,108,138
IQ:4,32,11,145,-130
IQ:5,40,11,-121,-147
IQ:6,48,11,-142,122
IQ:7,56,11,133,109
IQ:8,72,12,-371,-452
IQ:9,80,255,-539,364
IQ:10,88,1,261,638
IQ:11,96,255,673,-319
IQ:12,104,2,-144,-799
IQ:13,112,255,-640,-75
IQ:14,120,10,68,-98
IQ:15,128,255,-15,-381
IQ:16,136,3,-567,-546
IQ:17,144,255,-517,226
IQ:18,152,9,108,-107
IQ:19,160,255,-137,-459
IQ:20,168,4,-828,-398
IQ:21,176,255,-515,463
IQ:22,184,8,57,-186
IQ:23,192,255,-240,-243
IQ:24,200,7,-489,257
IQ:25,208,255,193,564
IQ:26,216,6,427,58
IQ:27,224,255,-83,-457
IQ:28,232,5,-774,92
IQ:29,240,255,10,583
IQ:30,248,12,288,-484
IQ:31,256,255,-528,-396
IQ:32,264,1,-534,455
IQ:33,272,255,481,575
IQ:34,280,2,741,-298
IQ:35,288,255,-114,-604
SW:2
RR:3
SS:3
FR:2426
ME:13
MA:97
KE:10
KA:92
DF_END

Data arrived...
DF_BEGIN
IQ:0,0,11,-85,-171
IQ:1,8,11,-157,110
IQ:2,16,11,110,145
IQ:3,24,11,151,-123
IQ:4,32,11,-134,-127
IQ:5,40,11,-110,147
IQ:6,48,11,163,110
IQ:7,56,11,87,-158
IQ:8,72,12,-157,298
IQ:9,80,255,283,216
IQ:10,88,1,236,-272
IQ:11,96,255,-304,-270
IQ:12,104,2,-355,161
IQ:13,112,255,58,276
IQ:14,120,10,-106,-102
IQ:15,128,255,-245,54
IQ:16,136,3,-169,303
IQ:17,144,255,182,144
IQ:18,152,9,-113,-87
IQ:19,160,255,-251,145
IQ:20,168,4,-79,424
IQ:21,176,255,289,95
IQ:22,184,8,-174,-105
IQ:23,192,255,-185,180
IQ:24,200,7,223,217
IQ:25,208,255,271,-187
IQ:26,216,6,-40,-230
IQ:27,224,255,-229,120
IQ:28,232,5,140,359
IQ:29,240,255,255,-89
IQ:30,248,12,-334,-48
IQ:31,256,255,-119,334
IQ:32,264,1,340,180
IQ:33,272,255,212,-337
IQ:34,280,2,-278,-259
IQ:35,288,255,-206,147
SW:2
RR:3
SS:3
FR:2402
ME:10
MA:86
KE:10
KA:91
DF_END

Data arrived...
DF_BEGIN
IQ:0,0,11,121,-88
IQ:1,8,11,-110,-108
IQ:2,16,11,-100,114
IQ:3,24,11,115,86
IQ:4,32,11,76,-135
IQ:5,40,11,-143,-63
IQ:6,48,11,-53,141
IQ:7,56,11,142,53
IQ:8,72,12,-250,-105
IQ:9,80,255,-139,240
IQ:10,88,1,253,158
IQ:11,96,255,178,-253
IQ:12,104,2,-189,-246
IQ:13,112,255,-212,72
IQ:14,120,10,63,-89
IQ:15,128,255,-81,-186
IQ:16,136,3,-261,-81
IQ:17,144,255,-86,162
IQ:18,152,9,56,-100
IQ:19,160,255,-151,-173
IQ:20,168,4,-341,-6
IQ:21,176,255,-52,232
IQ:22,184,8,76,-149
IQ:23,192,255,-155,-122
IQ:24,200,7,-156,195
IQ:25,208,255,170,205
IQ:26,216,6,154,-70
IQ:27,224,255,-124,-170
IQ:28,232,5,-265,134
IQ:29,240,255,92,193
IQ:30,248,12,15,-261
IQ:31,256,255,-273,-32
IQ:32,264,1,-96,294
IQ:33,272,255,290,100
IQ:34,280,2,166,-258
IQ:35,288,255,-143,-147
SW:2
RR:3
SS:3
FR:2402
ME:10
MA:86
KE:10
KA:91
DF_END

Data arrived...
DF_BEGIN
IQ:0,0,11,-115,-124
IQ:1,8,11,-110,136
IQ:2,16,11,134,105
IQ:3,24,11,92,-150
IQ:4,32,11,-161,-72
IQ:5,40,11,-53,163
IQ:6,48,11,176,25
IQ:7,56,11,28,-180
IQ:8,72