IQ:21,176,255,-5,121
IQ:22,184,8,20,39
IQ:23,192,255,-4,-54
IQ:24,200,7,-100,-33
IQ:25,208,255,-27,75
IQ:26,216,6,91,-20
IQ:27,224,255,-29,-67
IQ:28,232,5,-59,90
IQ:29,240,255,114,101
IQ:30,248,12,165,-38
IQ:31,256,255,-41,-126
IQ:32,264,1,-110,91
IQ:33,272,255,84,103
IQ:34,280,2,83,-113
IQ:35,288,255,-112,-31
SW:2
RR:3
SS:3
FR:2480
ME:359
MA:5
KE:17
KA:36
DF_END

Data arrived...
DF_BEGIN
IQ:0,0,11,-87,132
IQ:1,8,11,142,57
IQ:2,16,11,53,-150
IQ:3,24,11,-158,-32
IQ:4,32,11,-19,157
IQ:5,40,11,157,3
IQ:6,48,11,-3,-156
IQ:7,56,11,-153,29
IQ:8,72,12,129,-15
IQ:9,80,255,-38,-110
IQ:10,88,1,-117,45
IQ:11,96,255,51,90
IQ:12,104,2,66,-79
IQ:13,112,255,-95,-39
IQ:14,120,10,-35,166
IQ:15,128,255,164,40
IQ:16,136,3,88,-141
IQ:17,144,255,-84,-62
IQ:18,152,9,54,74
IQ:19,160,255,105,-71
IQ:20,168,4,-57,-151
IQ:21,176,255,-147,27
IQ:22,184,8,10,77
IQ:23,192,255,69,-37
IQ:24,200,7,-57,-33
IQ:25,208,255,-41,86
IQ:26,216,6,83,80
IQ:27,224,255,50,-88
IQ:28,232,5,-150,-28
IQ:29,240,255,-52,165
IQ:30,248,12,92,98
IQ:31,256,255,61,-90
IQ:32,264,1,-107,-55
IQ:33,272,255,-34,102
IQ:34,280,2,110,2
IQ:35,288,255,-19,-122
SW:2
RR:3
SS:3
FR:2426
ME:356
MA:359
KE:15
KA:24
DF_END

Data arrived...
DF_BEGIN
IQ:0,0,11,-140,75
IQ:1,8,11,77,140
IQ:2,16,11,125,-92
IQ:3,24,11,-106,-116
IQ:4,32,11,-112,118
IQ:5,40,11,130,93
IQ:6,48,11,76,-136
IQ:7,56,11,-151,-55
IQ:8,72,12,113,62
IQ:9,80,255,34,-109
IQ:10,88,1,-118,-27
IQ:11,96,255,-9,111
IQ:12,104,2,112,-21
IQ:13,112,255,-57,-92
IQ:14,120,10,-115,127
IQ:15,128,255,122,125
IQ:16,136,3,164,-63
IQ:17,144,255,-32,-108
IQ:18,152,9,5,95
IQ:19,160,255,139,1
IQ:20,168,4,48,-157
IQ:21,176,255,-141,-56
IQ:22,184,8,-20,65
IQ:23,192,255,75,10
IQ:24,200,7,-14,-48
IQ:25,208,255,-71,43
IQ:26,216,6,20,117
IQ:27,224,255,97,-48
IQ:28,232,5,-106,-117
IQ:29,240,255,-148,98
IQ:30,248,12,10,136
IQ:31,256,255,104,-38
IQ:32,264,1,-55,-108
IQ:33,272,255,-99,57
IQ:34,280,2,82,81
IQ:35,288,255,63,-105
SW:2
RR:3
SS:3
FR:2426
ME:356
MA:353
KE:12
KA:15
DF_END

Data arrived...
DF_BEGIN
IQ:0,0,11,-55,-126
IQ:1,8,11,-115,63
IQ:2,16,11,97,132
IQ:3,24,11,104,-98
IQ:4,32,11,-109,-90
IQ:5,40,11,-75,122
IQ:6,48,11,115,84
IQ:7,56,11,65,-123
IQ:8,72,12,-185,409
IQ:9,80,255,351,154
IQ:10,88,1,117,-469
IQ:11,96,255,-435,-168
IQ:12,104,2,-224,315
IQ:13,112,255,176,259
IQ:14,120,10,-51,99
IQ:15,128,255,50,136
IQ:16,136,3,322,104
IQ:17,144,255,288,-186
IQ:18,152,9,164,-194
IQ:19,160,255,-25,-156
IQ:20,168,4,208,-202
IQ:21,176,255,20,-317
IQ:22,184,8,11,-331
IQ:23,192,255,-217,22
IQ:24,200,7,108,230
IQ:25,208,255,184,-108
IQ:26,216,6,-137,-99
IQ:27,224,255,-185,84
IQ:28,232,5,-153,87
IQ:29,240,255,-125,50
IQ:30,248,12,-450,112
IQ:31,256,255,90,373
IQ:32,264,1,428,-191
IQ:33,272,255,-164,-434
IQ:34,280,2,-399,6
IQ:35,288,255,-49,269
SW:2
RR:3
SS:3
FR:2402
ME:44
MA:161
KE:15
KA:26
DF_END

Data arrived...
DF_BEGIN
IQ:0,0,11,142,132
IQ:1,8,11,125,-150
IQ:2,16,11,-150,-122
IQ:3,24,11,-103,161
IQ:4,32,11,183,79
IQ:5,40,11,48,-188
IQ:6,48,11,-191,-26
IQ:7,56,11,-8,192
IQ:8,72,12,105,-145
IQ:9,80,255,-119,-70
IQ:10,88,1,-41,135
IQ:11,96,255,126,24
IQ:12,104,2,-18,-146
IQ:13,112,255,-102,-3
IQ:14,120,10,138,6
IQ:15,128,255,70,-163
IQ:16,136,3,-94,-138
IQ:17,144,255,-117,18
IQ:18,152,9,-10,-41
IQ:19,160,255,-40,-65
IQ:20,168,4,-111,-36
IQ:21,176,255,-49,106
IQ:22,184,8,27,34
IQ:23,192,255,17,-55
IQ:24,200,7,-61,-55
IQ:25,208,255,-11,55
IQ:26,216,6,103,-7
IQ:27,224,255,-19,-87
IQ:28,232,5,-94,64
IQ:29,240,255,90,131
IQ:30,248,12,181,1
IQ:31,256,255,-12,-136
IQ:32,264,1,-136,46
IQ:33,272,255,61,123
IQ:34,280,2,114,-94
IQ:35,288,255,-94,-65
SW:2
RR:3
SS:3
FR:2480
ME:359
MA:353
KE:13
KA:15
DF_END

Data arrived...
DF_BEGIN
IQ:0,0,11,180,39
IQ:1,8,11,24,-192
IQ:2,16,11,-177,-5
IQ:3,24,11,21,185
IQ:4,32,11,173,-40
IQ:5,40,11,-60,-175
IQ:6,48,11,-162,77
IQ:7,56,11,94,159
IQ:8,72,12,-12,-173
IQ:9,80,255,-140,19
IQ:10,88,1,46,139
IQ:11,96,255,119,-55
IQ:12,104,2,-103,-99
IQ:13,112,255,-75,63
IQ:14,120,10,104,-82
IQ:15,128,255,-50,-159
IQ:16,136,3,-153,-54
IQ:17,144,255,-85,89
IQ:18,152,9,-46,-25
IQ:19,160,255,-75,-9
IQ:20,168,4,-106,58
IQ:21,176,255,34,117
IQ:22,184,8,33,14
IQ:23,192,255,-24,-51
IQ:24,200,7,-84,2
IQ:25,208,255,24,61
IQ:26,216,6,78,-60
IQ:27,224,255,-59,-50
IQ:28,232,5,-24,117
IQ:29,240,255,148,40
IQ:30,248,12,135,-109
IQ:31,256,255,-95,-97
IQ:32,264,1,-73,129
IQ:33,272,255,123,55
IQ:34,280,2,35,-142
IQ:35,288,255,-116,1
SW:2
RR:3
SS:3
FR:2480
ME:359
MA:353
KE:12
KA:9
DF_END

Data arrived...
DF_BEGIN
IQ:0,0,11,-142,59
IQ:1,8,11,78,127
IQ:2,16,11,123,-89
IQ:3,24,11,-98,-111
IQ:4,32,11,-105,104
IQ:5,40,11,117,93
IQ:6,48,11,80,-129
IQ:7,56,11,-139,-69
IQ:8,72,12,118,87
IQ:9,80,255,49,-114
IQ:10,88,1,-126,-35
IQ:11,96,255,-22,112
IQ:12,104,2,105,-24
IQ:13,112,255,-48,-87
IQ:14,120,10,-118,111
IQ:15,128,255,99,128
IQ:16,136,3,147,-64
IQ:17,144,255,-34,-110
IQ:18,152,9,-3,71
IQ:19,160,255,103,-6
IQ:20,168,4,25,-150
IQ:21,176,255,-138,-49
IQ:22,184,8,-56,53
IQ:23,192,255,65,26
IQ:24,200,7,-6,-62
IQ:25,208,255,-77,31
IQ:26,216,6,5,114
IQ:27,224,255,84,-26
IQ:28,232,5,-99,-74
IQ:29,240,255,-115,105
IQ:30,248,12,18,152
IQ:31,256,255,118,-24
IQ:32,264,1,-60,-116
IQ:33,272,255,-106,57
IQ:34,280,2,82,76
IQ:35,288,255,57,-108
SW:2
RR:3
SS:3
FR:2426
ME:356
MA:5
KE:10
KA:8
DF_END

Data arrived...
DF_BEGIN
IQ:0,0,11,141,-78
IQ:1,8,11,-82,-129
IQ:2,16,11,-128,99
IQ:3,24,11,99,118
IQ:4,32,11,113,-118
IQ:5,40,11,-124,-98
IQ:6,48,11,-93,132
IQ:7,56,11,137,78
IQ:8,72,12,-279,-194
IQ:9,80,255,-161,239
IQ:10,88,1,298,107
IQ:11,96,255,119,-298
IQ:12,104,2,-190,-178
IQ:13,112,255,-157,88
IQ:14,120,10,-2,-116
IQ:15,128,255,-139,-68
IQ:16,136,3,-171,197
IQ:17,144,255,93,230
IQ:18,152,9,98,88
IQ:19,160,255,25,-8
IQ:20,168,4,49,230
IQ:21,176,255,217,101
IQ:22,184,8,166,-7
IQ:23,192,255,-37,-135
IQ:24,200,7,-144,43
IQ:25,208,255,51,101
IQ:26,216,6,75,-108
IQ:27,224,255,-77,-109
IQ:28,232,5,-8,-29
IQ:29,240,255,48,-112
IQ:30,248,12,-13,-339
IQ:31,256,255,-290,3
IQ:32,264,1,47,311
IQ:33,272,255,327,-20
IQ:34,280,2,57,-247
IQ:35,288,255,-175,-44
SW:2
RR:3
SS:3
FR:2402
ME:47
MA:164
KE:13
KA:14
DF_END

Data arrived...
DF_BEGIN
IQ:0,0,11,-179,47
IQ:1,8,11,57,178
IQ:2,16,11,170,-76
IQ:3,24,11,-94,-159
IQ:4,32,11,-153,98
IQ:5,40,11,121,134
IQ:6,48,11,115,-138
IQ:7,56,11,-153,-106
IQ:8,72,12,71,154
IQ:9,80,255,109,-69
IQ:10,88,1,-104,-111
IQ:11,96,255,-90,99
IQ:12,104,2,131,61
IQ:13,112,255,56,-73
IQ:14,120,10,-67,111
IQ:15,128,255,105,125
IQ:16,136,3,161,-25
IQ:17,144,255,30,-119
IQ:18,152,9,56,-2
IQ:19,160,255,77,-26
IQ:20,168,4,81,-97
IQ:21,176,255,-86,-102
IQ:22,184,8,-45,-5
IQ:23,192,255,37,43
IQ:24,200,7,92,-32
IQ:25,208,255,-40,-57
IQ:26,216,6,-55,81
IQ:27,224,255,74,16
IQ:28,232,5,-40,-115
IQ:29,240,255,-154,32
IQ:30,248,12,-89,142
IQ:31,256,255,122,54
IQ:32,264,1,21,-155
IQ:33,272,255,-137,-12
IQ:34,280,2,26,141
IQ:35,288,255,105,-62
SW:2
RR:3
SS:3
FR:2480
ME:359
MA:5
KE:11
KA:11
DF_END

Data arrived...
DF_BEGIN
IQ:0,0,11,-118,-158
IQ:1,8,11,-142,128
IQ:2,16,11,145,129
IQ:3,24,11,122,-157
IQ:4,32,11,-162,-107
IQ:5,40,11,-92,163
IQ:6,48,11,174,75
IQ:7,56,11,44,-189
IQ:8,72,12,-71,167
IQ:9,80,255,143,36
IQ:10,88,1,9,-158
IQ:11,96,255,-139,13
IQ:12,104,2,39,133
IQ:13,112,255,95,-70
IQ:14,120,10,-174,-107
IQ:15,128,255,-137,169
IQ:16,136,3,121,177
IQ:17,144,255,130,-68
IQ:18,152,9,-90,32
IQ:19,160,255,37,135
IQ:20,168,4,197,-6
IQ:21,176,255,29,-192
IQ:22,184,8,-73,-36
IQ:23,192,255,-2,85
IQ:24,200,7,70,-23
IQ:25,208,255,-63,-96
IQ:26,216,6,-146,40
IQ:27,224,255,66,96
IQ:28,232,5,89,-160
IQ:29,240,255,-164,-150
IQ:30,248,12,-174,33
IQ:31,256,255,61,132
IQ:32,264,1,121,-93
IQ:33,272,255,-102,-99
IQ:34,280,2,-92,119
IQ:35,288,255,136,49
SW:2
RR:3
SS:3
FR:2426
ME:356
MA:5
KE:10
KA:10
DF_END

Data arrived...
DF_BEGIN
IQ:0,0,11,147,96
IQ:1,8,11,80,-169
IQ:2,16,11,-167,-82
IQ:3,24,11,-66,164
IQ:4,32,11,177,52
IQ:5,40,11,8,-190
IQ:6,48,11,-186,-10
IQ:7,56,11,7,191
IQ:8,72,12,-85,-476
IQ:9,80,255,-394,90
IQ:10,88,1,192,476
IQ:11,96,255,483,-102
IQ:12,104,2,38,-382
IQ:13,112,255,-275,-86
IQ:14,120,10,34,-113
IQ:15,128,255,-93,-148
IQ:16,136,3,-369,45
IQ:17,144,255,-157,334
IQ:18,152,9,-7,247
IQ:19,160,255,105,86
IQ:20,168,4,-95,292
IQ:21,176,255,125,292
IQ:22,184,8,157,247
IQ:23,192,255,177,-152
IQ:24,200,7,-194,-160
IQ:25,208,255,-129,168
IQ:26,216,6,192,10
IQ:27,224,255,82,-193
IQ:28,232,5,43,-124
IQ:29,240,255,102,-74
IQ:30,248,12,362,-323
IQ:31,256,255,-277,-306
IQ:32,264,1,-309,391
IQ:33,272,255,329,335
IQ:34,280,2,327,-190
IQ:35,288,255,-137,-253
SW:2
RR:3
SS:3
FR:2402
ME:44
MA:164
KE:13
KA:17
DF_END

Data arrived...
DF_BEGIN
IQ:0,0,11,143,-55
IQ:1,8,11,-83,-153
IQ:2,16,11,-149,70
IQ:3,24,11,105,135
IQ:4,32,11,113,-132
IQ:5,40,11,-126,-113
IQ:6,48,11,-119,131
IQ:7,56,11,144,87
IQ:8,72,12,-305,-336
IQ:9,80,255,-253,248
IQ:10,88,1,396,286
IQ:11,96,255,319,-303
IQ:12,104,2,-145,-316
IQ:13,112,255,-252,28
IQ:14,120,10,-21,-194
IQ:15,128,255,-226,-59
IQ:16,136,3,-278,278
IQ:17,144,255,107,348
IQ:18,152,9,59,182
IQ:19,160,255,66,82
IQ:20,168,4,98,363
IQ:21,176,255,300,158
IQ:22,184,8,236,85
IQ:23,192,255,29,-162
IQ:24,200,7,-198,-20
IQ:25,208,255,7,136
IQ:26,216,6,106,-103
IQ:27,224,255,-5,-147
IQ:28,232,5,78,-113
IQ:29,240,255,54,-163
IQ:30,248,12,113,-424
IQ:31,256,255,-340,-103
IQ:32,264,1,-30,457
IQ:33,272,255,431,85
IQ:34,280,2,177,-293
IQ:35,288,255,-190,-129
SW:2
RR:3
SS:3
FR:2402
ME:44
MA:159
KE:16
KA:31
DF_END

Data arrived...
DF_BEGIN
IQ:0,0,11,-80,136
IQ:1,8,11,143,69
IQ:2,16,11,61,-148
IQ:3,24,11,-151,-58
IQ:4,32,11,-35,152
IQ:5,40,11,153,1
IQ:6,48,11,-19,-161
IQ:7,56,11,-161,18
IQ:8,72,12,145,78
IQ:9,80,255,38,-126
IQ:10,88,1,-140,3
IQ:11,96,255,10,129
IQ:12,104,2,129,-46
IQ:13,112,255,-13,-98
IQ:14,120,10,39,91
IQ:15,128,255,138,-4
IQ:16,136,3,89,-121
IQ:17,144,255,-47,-113
IQ:18,152,9,20,-59
IQ:19,160,255,-5,-53
IQ:20,168,4,-22,-106
IQ:21,176,255,-112,-20
IQ:22,184,8,-65,23
IQ:23,192,255,43,22
IQ:24,200,7,28,-86
IQ:25,208,255,-82,-12
IQ:26,216,6,10,84
IQ:27,224,255,63,-21
IQ:28,232,5,-76,-43
IQ:29,240,255,-87,106
IQ:30,248,12,23,164
IQ:31,256,255,119,-39
IQ:32,264,1,-93,-118
IQ:33,272,255,-96,86
IQ:34,280,2,115,77
IQ:35,288,255,42,-93
SW:2
RR:3
SS:3
FR:2480
ME:55
MA:184
KE:20
KA:53
DF_END

Data arrived...
DF_BEGIN
IQ:0,0,11,-28,184
IQ:1,8,11,181,-3
IQ:2,16,11,-3,-192
IQ:3,24,11,-183,22
IQ:4,32,11,48,181
IQ:5,40,11,172,-74
IQ:6,48,11,-90,-172
IQ:7,56,11,-164,84
IQ:8,72,12,350,-199
IQ:9,80,255,-171,-293
IQ:10,88,1,-284,255
IQ:11,96,255,211,325
IQ:12,104,2,325,-35
IQ:13,112,255,33,-211
IQ:14,120,10,138,69
IQ:15,128,255,139,-131
IQ:16,136,3,-121,-297
IQ:17,144,255,-304,-25
IQ:18,152,9,-149,58
IQ:19,160,255,-22,45
IQ:20,168,4,-260,-48
IQ:21,176,255,-210,177
IQ:22,184,8,-93,183
IQ:23,192,255,162,46
IQ:24,200,7,82,-193
IQ:25,208,255,-140,-43
IQ:26,216,6,79,137
IQ:27,224,255,159,4
IQ:28,232,5,64,-7
IQ:29,240,255,69,87
IQ:30,248,12,366,170
IQ:31,256,255,133,-293
IQ:32,264,1,-386,-79
IQ:33,272,255,-140,375
IQ:34,280,2,212,239
IQ:35,288,255,156,-131
SW:2
RR:3
SS:3
FR:2402
ME:47
MA:164
KE:23
KA:104
DF_END

Data arrived...
DF_BEGIN
IQ:0,0,11,162,45
IQ:1,8,11,41,-168
IQ:2,16,11,-173,-24
IQ:3,24,11,-3,172
IQ:4,32,11,177,-20
IQ:5,40,11,-48,-165
IQ:6,48,11,-165,60
IQ:7,56,11,66,166
IQ:8,72,12,43,-166
IQ:9,80,255,-133,-17
IQ:10,88,1,28,149
IQ:11,96,255,121,-30
IQ:12,104,2,-86,-120
IQ:13,112,255,-92,43
IQ:14,120,10,91,-61
IQ:15,128,255,-22,-149
IQ:16,136,3,-147,-65
IQ:17,144,255,-97,82
IQ:18,152,9,-48,-10
IQ:19,160,255,-62,-7
IQ:20,168,4,-100,49
IQ:21,176,255,27,114
IQ:22,184,8,41,42
IQ:23,192,255,-4,-53
IQ:24,200,7,-93,-14
IQ:25,208,255,9,75
IQ:26,216,6,84,-49
IQ:27,224,255,-50,-57
IQ:28,232,5,-21,92
IQ:29,240,255,131,55
IQ:30,248,12,158,-74
IQ:31,256,255,-67,-116
IQ:32,264,1,-85,114
IQ:33,272,255,115,64
IQ:34,280,2,45,-135
IQ:35,288,255,-130,-8
SW:2
RR:3
SS:3
FR:2480
ME:359
MA:5
KE:21
KA:64
DF_END

Data arrived...
DF_BEGIN
IQ:0,0,11,-13,185
IQ:1,8,11,173,-7
IQ:2,16,11,-48,-178
IQ:3,24,11,-165,68
IQ:4,32,11,86,158
IQ:5,40,11,153,-100
IQ:6,48,11,-112,-140
IQ:7,56,11,-127,127
IQ:8,72,12,182,-51
IQ:9,80,255,-58,-138
IQ:10,88,1,-126,89
IQ:11,96,255,85,110
IQ:12,104,2,70,-129
IQ:13,112,255,-81,-63
IQ:14,120,10,79,75
IQ:15,128,255,134,-60
IQ:16,136,3,14,-159
IQ:17,144,255,-120,-57
IQ:18,152,9,-3,-44
IQ:19,160,255,-12,-55
IQ:20,168,4,-83,-77
IQ:21,176,255,-97,72
IQ:22,184,8,-19,62
IQ:23,192,255,49,-26
IQ:24,200,7,-43,-94
IQ:25,208,255,-72,43
IQ:26,216,6,76,66
IQ:27,224,255,50,-69
IQ:28,232,5,-101,-1
IQ:29,240,255,1,151
IQ:30,248,12,148,121
IQ:31,256,255,81,-114
IQ:32,264,1,-149,-48
IQ:33,272,255,-30,138
IQ:34,280,2,149,-18
IQ:35,288,255,-37,-127
SW:2
RR:3
SS:3
FR:2480
ME:2
MA:353
KE:19
KA:35
DF_END

Data arrived...
DF_BEGIN
IQ:0,0,11,95,118
IQ:1,8,11,102,-110
IQ:2,16,11,-129,-91
IQ:3,24,11,-71,136
IQ:4,32,11,142,66
IQ:5,40,11,57,-149
IQ:6,48,11,-152,-37
IQ:7,56,11,-27,154
IQ:8,72,12,32,-146
IQ:9,80,255,-129,-12
IQ:10,88,1,13,128
IQ:11,96,255,110,-31
IQ:12,104,2,-63,-105
IQ:13,112,255,-85,75
IQ:14,120,10,139,82
IQ:15,128,255,101,-145
IQ:16,136,3,-111,-137
IQ:17,144,255,-98,66
IQ:18,152,9,71,-9
IQ:19,160,255,-25,-110
IQ:20,168,4,-158,-7
IQ:21,176,255,-10,156
IQ:22,184,8,75,19
IQ:23,192,255,2,-81
IQ:24,200,7,-55,33
IQ:25,208,255,55,77
IQ:26,216,6,111,-45
IQ:27,224,255,-58,-76
IQ:28,232,5,-55,131
IQ:29,240,255,137,96
IQ:30,248,12,144,-50
IQ:31,256,255,-66,-107
IQ:32,264,1,-98,95
IQ:33,272,255,86,78
IQ:34,280,2,56,-110
IQ:35,288,255,-125,-37
SW:2
RR:3
SS:3
FR:2426
ME:356
MA:5
KE:17
KA:25
DF_END

Data arrived...
DF_BEGIN
IQ:0,0,11,-108,147
IQ:1,8,11,145,92
IQ:2,16,11,92,-158
IQ:3,24,11,-176,-68
IQ:4,32,11,-57,166
IQ:5,40,11,171,34
IQ:6,48,11,19,-166
IQ:7,56,11,-188,-6
IQ:8,72,12,370,59
IQ:9,80,255,84,-317
IQ:10,88,1,-355,-31
IQ:11,96,255,-71,362
IQ:12,104,2,304,167
IQ:13,112,255,177,-172
IQ:14,120,10,102,125
IQ:15,128,255,178,-41
IQ:16,136,3,102,-301
IQ:17,144,255,-192,-210
IQ:18,152,9,-139,-63
IQ:19,160,255,-54,6
IQ:20,168,4,-165,-195
IQ:21,176,255,-286,-14
IQ:22,184,8,-207,44
IQ:23,192,255,81,136
IQ:24,200,7,195,-128
IQ:25,208,255,-82,-151
IQ:26,216,6,-32,146
IQ:27,224,255,127,91
IQ:28,232,5,51,32
IQ:29,240,255,6,108
IQ:30,248,12,183,331
IQ:31,256,255,303,-119
IQ:32,264,1,-192,-291
IQ:33,272,255,-323,191
IQ:34,280,2,32,345
IQ:35,288,255,233,1
SW:2
RR:3
SS:3
FR:2402
ME:47
MA:164
KE:20
KA:52
DF_END

Data arrived...
DF_BEGIN
IQ:0,0,11,-79,153
IQ:1,8,11,157,67
IQ:2,16,11,53,-169
IQ:3,24,11,-170,-40
IQ:4,32,11,-8,170
IQ:5,40,11,169,8
IQ:6,48,11,-6,-167
IQ:7,56,11,-170,32
IQ:8,72,12,168,61
IQ:9,80,255,31,-132
IQ:10,88,1,-152,9
IQ:11,96,255,17,123
IQ:12,104,2,111,-64
IQ:13,112,255,-31,-93
IQ:14,120,10,32,108
IQ:15,128,255,152,6
IQ:16,136,3,80,-126
IQ:17,144,255,-58,-92
IQ:18,152,9,28,-48
IQ:19,160,255,15,-63
IQ:20,168,4,-30,-103
IQ:21,176,255,-113,-4
IQ:22,184,8,-46,28
IQ:23,192,255,52,5
IQ:24,200,7,19,-90
IQ:25,208,255,-73,-7
IQ:26,216,6,22,88
IQ:27,224,255,66,-35
IQ:28,232,5,-80,-58
IQ:29,240,255,-88,111
IQ:30,248,12,49,166
IQ:31,256,255,124,-58
IQ:32,264,1,-95,-112
IQ:33,272,255,-94,92
IQ:34,280,2,117,76
IQ:35,288,255,35,-104
SW:2
RR:3
SS:3
FR:2480
ME:359
MA:5
KE:18
KA:33
DF_END

Data arrived...
DF_BEGIN
IQ:0,0,11,80,-141
IQ:1,8,11,-152,-67
IQ:2,16,11,-64,154
IQ:3,24,11,158,54
IQ:4,32,11,31,-162
IQ:5,40,11,-166,-6
IQ:6,48,11,5,171
IQ:7,56,11,158,-27
IQ:8,72,12,-148,-62
IQ:9,80,255,-36,119
IQ:10,88,1,135,8
IQ:11,96,255,6,-123
IQ:12,104,2,-121,28
IQ:13,112,255,18,79
IQ:14,120,10,-39,-102
IQ:15,128,255,-140,-8
IQ:16,136,3,-102,112
IQ:17,144,255,26,103
IQ:18,152,9,-38,51
IQ:19,160,255,-16,65
IQ:20,168,4,21,101
IQ:21,176,255,105,16
IQ:22,184,8,36,-22
IQ:23,192,255,-48,-14
IQ:24,200,7,-37,73
IQ:25,208,255,58,11
IQ:26,216,6,-19,-77
IQ:27,224,255,-56,34
IQ:28,232,5,78,56
IQ:29,240,255,91,-101
IQ:30,248,12,-39,-162
IQ:31,256,255,-121,39
IQ:32,264,1,75,106
IQ:33,272,255,93,-85
IQ:34,280,2,-102,-69
IQ:35,288,255,-36,100
SW:2
RR:3
SS:3
FR:2480
ME:359
MA:5
KE:16
KA:25
DF_END

Data arrived...
DF_BEGIN
IQ:0,0,11,-108,101
IQ:1,8,11,108,99
IQ:2,16,11,105,-111
IQ:3,24,11,-129,-78
IQ:4,32,11,-60,143
IQ:5,40,11,142,59
IQ:6,48,11,36,-142
IQ:7,56,11,-150,-22
IQ:8,72,12,136,30
IQ:9,80,255,7,-118
IQ:10,88,1,-127,6
IQ:11,96,255,23,109
IQ:12,104,2,96,-53
IQ:13,112,255,-74,-79
IQ:14,120,10,-91,130
IQ:15,128,255,134,95
IQ:16,136,3,130,-108
IQ:17,144,255,-60,-99
IQ:18,152,9,15,78
IQ:19,160,255,111,-31
IQ:20,168,4,-9,-152
IQ:21,176,255,-149,-13
IQ:22,184,8,-20,74
IQ:23,192,255,76,-5
IQ:24,200,7,-32,-54
IQ:25,208,255,-69,61
IQ:26,216,6,53,97
IQ:27,224,255,66,-66
IQ:28,232,5,-122,-51
IQ:29,240,255,-101,135
IQ:30,248,12,46,123
IQ:31,256,255,100,-60
IQ:32,264,1,-75,-91
IQ:33,272,255,-72,77
IQ:34,280,2,98,55
IQ:35,288,255,27,-118
SW:2
RR:3
SS:3
FR:2426
ME:356
MA:359
KE:14
KA:18
DF_END

Data arrived...
DF_BEGIN
IQ:0,0,11,-174,-50
IQ:1,8,11,-42,176
IQ:2,16,11,177,23
IQ:3,24,11,20,-188
IQ:4,32,11,-184,22
IQ:5,40,11,24,176
IQ:6,48,11,186,-33
IQ:7,56,11,-50,-169
IQ:8,72,12,109,380
IQ:9,80,255,309,-93
IQ:10,88,1,-175,-352
IQ:11,96,255,-359,141
IQ:12,104,2,12,331
IQ:13,112,255,223,48
IQ:14,120,10,-66,114
IQ:15,128,255,81,153
IQ:16,136,3,297,-34
IQ:17,144,255,92,-300
IQ:18,152,9,-24,-173
IQ:19,160,255,-57,-28
IQ:20,168,4,101,-243
IQ:21,176,255,-116,-248
IQ:22,184,8,-152,-157
IQ:23,192,255,-89,148
IQ:24,200,7,186,105