KA:6
DF_END

Data arrived...
DF_BEGIN
IQ:0,0,11,171,8
IQ:1,8,11,-3,-184
IQ:2,16,11,-174,32
IQ:3,24,11,43,179
IQ:4,32,11,169,-48
IQ:5,40,11,-77,-149
IQ:6,48,11,-167,76
IQ:7,56,11,96,144
IQ:8,72,12,-259,-311
IQ:9,80,255,-245,248
IQ:10,88,1,328,231
IQ:11,96,255,279,-307
IQ:12,104,2,-128,-302
IQ:13,112,255,-219,49
IQ:14,120,10,21,-115
IQ:15,128,255,-127,-111
IQ:16,136,3,-240,175
IQ:17,144,255,50,304
IQ:18,152,9,137,140
IQ:19,160,255,84,-31
IQ:20,168,4,14,207
IQ:21,176,255,207,158
IQ:22,184,8,234,83
IQ:23,192,255,28,-186
IQ:24,200,7,-218,8
IQ:25,208,255,16,168
IQ:26,216,6,143,-108
IQ:27,224,255,-56,-189
IQ:28,232,5,-63,-76
IQ:29,240,255,49,-70
IQ:30,248,12,106,-419
IQ:31,256,255,-332,-94
IQ:32,264,1,11,411
IQ:33,272,255,401,41
IQ:34,280,2,142,-287
IQ:35,288,255,-209,-126
SW:2
RR:3
SS:3
FR:2402
ME:47
MA:167
KE:15
KA:12
DF_END

Data arrived...
DF_BEGIN
IQ:0,0,11,-123,-88
IQ:1,8,11,-74,121
IQ:2,16,11,137,65
IQ:3,24,11,48,-150
IQ:4,32,11,-153,-44
IQ:5,40,11,-23,148
IQ:6,48,11,164,4
IQ:7,56,11,-10,-152
IQ:8,72,12,67,333
IQ:9,80,255,278,-82
IQ:10,88,1,-157,-307
IQ:11,96,255,-329,103
IQ:12,104,2,-2,276
IQ:13,112,255,193,37
IQ:14,120,10,-80,76
IQ:15,128,255,48,126
IQ:16,136,3,237,-62
IQ:17,144,255,74,-253
IQ:18,152,9,-49,-179
IQ:19,160,255,-91,-6
IQ:20,168,4,64,-173
IQ:21,176,255,-88,-195
IQ:22,184,8,-157,-166
IQ:23,192,255,-115,120
IQ:24,200,7,162,83
IQ:25,208,255,45,-144
IQ:26,216,6,-156,14
IQ:27,224,255,-41,152
IQ:28,232,5,12,69
IQ:29,240,255,-63,13
IQ:30,248,12,-224,274
IQ:31,256,255,228,193
IQ:32,264,1,163,-294
IQ:33,272,255,-286,-175
IQ:34,280,2,-230,163
IQ:35,288,255,111,167
SW:2
RR:3
SS:3
FR:2402
ME:47
MA:167
KE:18
KA:28
DF_END

Data arrived...
DF_BEGIN
IQ:0,0,11,154,-45
IQ:1,8,11,-7,-159
IQ:2,16,11,-139,66
IQ:3,24,11,82,162
IQ:4,32,11,131,-46
IQ:5,40,11,-117,-136
IQ:6,48,11,-116,84
IQ:7,56,11,128,127
IQ:8,72,12,-86,-132
IQ:9,80,255,-131,75
IQ:10,88,1,58,94
IQ:11,96,255,52,-81
IQ:12,104,2,-125,-81
IQ:13,112,255,-43,58
IQ:14,120,10,68,-70
IQ:15,128,255,-63,-104
IQ:16,136,3,-124,3
IQ:17,144,255,-19,85
IQ:18,152,9,-6,-33
IQ:19,160,255,-69,-18
IQ:20,168,4,-62,75
IQ:21,176,255,69,84
IQ:22,184,8,84,-26
IQ:23,192,255,-14,-53
IQ:24,200,7,-55,75
IQ:25,208,255,40,68
IQ:26,216,6,62,-55
IQ:27,224,255,-55,-46
IQ:28,232,5,-15,71
IQ:29,240,255,98,-4
IQ:30,248,12,74,-159
IQ:31,256,255,-97,-64
IQ:32,264,1,-22,105
IQ:33,272,255,99,14
IQ:34,280,2,-20,-104
IQ:35,288,255,-80,62
SW:2
RR:3
SS:3
FR:2480
ME:356
MA:353
KE:16
KA:13
DF_END

Data arrived...
DF_BEGIN
IQ:0,0,11,153,-96
IQ:1,8,11,-110,-152
IQ:2,16,11,-140,110
IQ:3,24,11,121,128
IQ:4,32,11,104,-151
IQ:5,40,11,-166,-104
IQ:6,48,11,-84,160
IQ:7,56,11,171,59
IQ:8,72,12,-146,-83
IQ:9,80,255,-44,131
IQ:10,88,1,154,24
IQ:11,96,255,14,-138
IQ:12,104,2,-133,47
IQ:13,112,255,70,106
IQ:14,120,10,108,-142
IQ:15,128,255,-162,-126
IQ:16,136,3,-182,107
IQ:17,144,255,50,132
IQ:18,152,9,-24,-69
IQ:19,160,255,-130,37
IQ:20,168,4,-23,197
IQ:21,176,255,176,58
IQ:22,184,8,44,-56
IQ:23,192,255,-79,-15
IQ:24,200,7,9,66
IQ:25,208,255,89,-52
IQ:26,216,6,-35,-131
IQ:27,224,255,-94,47
IQ:28,232,5,147,96
IQ:29,240,255,137,-152
IQ:30,248,12,-8,-176
IQ:31,256,255,-129,33
IQ:32,264,1,76,127
IQ:33,272,255,108,-84
IQ:34,280,2,-113,-87
IQ:35,288,255,-71,141
SW:2
RR:3
SS:3
FR:2426
ME:356
MA:359
KE:14
KA:8
DF_END

Data arrived...
DF_BEGIN
IQ:0,0,11,186,-1
IQ:1,8,11,-33,-183
IQ:2,16,11,-175,27
IQ:3,24,11,47,177
IQ:4,32,11,168,-58
IQ:5,40,11,-62,-167
IQ:6,48,11,-155,79
IQ:7,56,11,100,147
IQ:8,72,12,-227,-325
IQ:9,80,255,-263,197
IQ:10,88,1,266,262
IQ:11,96,255,309,-211
IQ:12,104,2,-47,-326
IQ:13,112,255,-208,-43
IQ:14,120,10,38,-148
IQ:15,128,255,-133,-131
IQ:16,136,3,-294,129
IQ:17,144,255,10,312
IQ:18,152,9,78,143
IQ:19,160,255,52,1
IQ:20,168,4,-38,232
IQ:21,176,255,192,169
IQ:22,184,8,182,79
IQ:23,192,255,49,-157
IQ:24,200,7,-181,-49
IQ:25,208,255,-21,133
IQ:26,216,6,133,-83
IQ:27,224,255,-36,-159
IQ:28,232,5,-18,-66
IQ:29,240,255,78,-68
IQ:30,248,12,153,-386
IQ:31,256,255,-299,-133
IQ:32,264,1,-53,344
IQ:33,272,255,359,114
IQ:34,280,2,226,-223
IQ:35,288,255,-148,-149
SW:2
RR:3
SS:3
FR:2402
ME:47
MA:167
KE:17
KA:22
DF_END

Data arrived...
DF_BEGIN
IQ:0,0,11,-35,-153
IQ:1,8,11,-136,50
IQ:2,16,11,57,142
IQ:3,24,11,137,-73
IQ:4,32,11,-75,-144
IQ:5,40,11,-120,88
IQ:6,48,11,108,105
IQ:7,56,11,87,-107
IQ:8,72,12,-206,249
IQ:9,80,255,208,180
IQ:10,88,1,177,-265
IQ:11,96,255,-238,-200
IQ:12,104,2,-225,134
IQ:13,112,255,35,178
IQ:14,120,10,-128,-26
IQ:15,128,255,-100,150
IQ:16,136,3,175,214
IQ:17,144,255,248,-70
IQ:18,152,9,89,-91
IQ:19,160,255,1,-38
IQ:20,168,4,212,-12
IQ:21,176,255,126,-189
IQ:22,184,8,46,-158
IQ:23,192,255,-119,-2
IQ:24,200,7,6,161
IQ:25,208,255,110,-17
IQ:26,216,6,-101,-91
IQ:27,224,255,-107,51
IQ:28,232,5,-27,0
IQ:29,240,255,-87,-66
IQ:30,248,12,-333,-25
IQ:31,256,255,-32,267
IQ:32,264,1,321,-8
IQ:33,272,255,31,-307
IQ:34,280,2,-239,-109
IQ:35,288,255,-82,151
SW:2
RR:3
SS:3
FR:2402
ME:44
MA:164
KE:20
KA:68
DF_END

Data arrived...
DF_BEGIN
IQ:0,0,11,-103,112
IQ:1,8,11,121,82
IQ:2,16,11,76,-131
IQ:3,24,11,-142,-54
IQ:4,32,11,-33,159
IQ:5,40,11,139,23
IQ:6,48,11,-8,-153
IQ:7,56,11,-157,7
IQ:8,72,12,138,68
IQ:9,80,255,39,-116
IQ:10,88,1,-125,-2
IQ:11,96,255,4,115
IQ:12,104,2,114,-46
IQ:13,112,255,-26,-86
IQ:14,120,10,-10,99
IQ:15,128,255,115,42
IQ:16,136,3,86,-94
IQ:17,144,255,-41,-94
IQ:18,152,9,7,-7
IQ:19,160,255,43,-24
IQ:20,168,4,5,-87
IQ:21,176,255,-96,-16
IQ:22,184,8,-44,54
IQ:23,192,255,63,24
IQ:24,200,7,12,-89
IQ:25,208,255,-85,-2
IQ:26,216,6,22,84
IQ:27,224,255,77,-22
IQ:28,232,5,-53,-68
IQ:29,240,255,-84,79
IQ:30,248,12,20,151
IQ:31,256,255,112,-30
IQ:32,264,1,-80,-103
IQ:33,272,255,-91,69
IQ:34,280,2,100,80
IQ:35,288,255,48,-90
SW:2
RR:3
SS:3
FR:2480
ME:359
MA:353
KE:18
KA:29
DF_END

Data arrived...
DF_BEGIN
IQ:0,0,11,25,176
IQ:1,8,11,176,-38
IQ:2,16,11,-57,-172
IQ:3,24,11,-158,70
IQ:4,32,11,104,147
IQ:5,40,11,138,-120
IQ:6,48,11,-119,-127
IQ:7,56,11,-112,140
IQ:8,72,12,122,-100
IQ:9,80,255,-106,-79
IQ:10,88,1,-60,133
IQ:11,96,255,118,42
IQ:12,104,2,10,-136
IQ:13,112,255,-134,26
IQ:14,120,10,80,175
IQ:15,128,255,192,-70
IQ:16,136,3,-22,-207
IQ:17,144,255,-130,2
IQ:18,152,9,96,-2
IQ:19,160,255,17,-144
IQ:20,168,4,-188,-94
IQ:21,176,255,-116,150
IQ:22,184,8,34,59
IQ:23,192,255,35,-63
IQ:24,200,7,-70,-6
IQ:25,208,255,14,102
IQ:26,216,6,130,24
IQ:27,224,255,-26,-101
IQ:28,232,5,-141,117
IQ:29,240,255,104,189
IQ:30,248,12,152,59
IQ:31,256,255,10,-122
IQ:32,264,1,-137,18
IQ:33,272,255,37,119
IQ:34,280,2,124,-71
IQ:35,288,255,-95,-112
SW:2
RR:3
SS:3
FR:2426
ME:356
MA:353
KE:16
KA:13
DF_END

Data arrived...
DF_BEGIN
IQ:0,0,11,-167,-83
IQ:1,8,11,-67,176
IQ:2,16,11,179,36
IQ:3,24,11,36,-186
IQ:4,32,11,-175,-8
IQ:5,40,11,3,180
IQ:6,48,11,180,-26
IQ:7,56,11,-35,-179
IQ:8,72,12,83,466
IQ:9,80,255,353,-78
IQ:10,88,1,-180,-437
IQ:11,96,255,-471,84
IQ:12,104,2,-46,365
IQ:13,112,255,240,101
IQ:14,120,10,-71,145
IQ:15,128,255,115,163
IQ:16,136,3,362,-71
IQ:17,144,255,136,-339
IQ:18,152,9,18,-226
IQ:19,160,255,-68,-67
IQ:20,168,4,119,-303
IQ:21,176,255,-134,-295
IQ:22,184,8,-169,-208
IQ:23,192,255,-149,149
IQ:24,200,7,187,166
IQ:25,208,255,102,-135
IQ:26,216,6,-187,11
IQ:27,224,255,-66,172
IQ:28,232,5,-47,85
IQ:29,240,255,-102,61
IQ:30,248,12,-310,351
IQ:31,256,255,294,263
IQ:32,264,1,288,-367
IQ:33,272,255,-321,-320
IQ:34,280,2,-319,183
IQ:35,288,255,109,234
SW:2
RR:3
SS:3
FR:2402
ME:44
MA:164
KE:19
KA:42
DF_END

Data arrived...
DF_BEGIN
IQ:0,0,11,149,-34
IQ:1,8,11,-31,-151
IQ:2,16,11,-135,55
IQ:3,24,11,76,121
IQ:4,32,11,119,-88
IQ:5,40,11,-95,-118
IQ:6,48,11,-108,105
IQ:7,56,11,121,92
IQ:8,72,12,-63,-122
IQ:9,80,255,-100,55
IQ:10,88,1,71,83
IQ:11,96,255,70,-67
IQ:12,104,2,-96,-50
IQ:13,112,255,-34,66
IQ:14,120,10,70,-82
IQ:15,128,255,-71,-114
IQ:16,136,3,-124,-3
IQ:17,144,255,-28,88
IQ:18,152,9,-20,-9
IQ:19,160,255,-51,-3
IQ:20,168,4,-55,61
IQ:21,176,255,54,68
IQ:22,184,8,47,-11
IQ:23,192,255,-36,-42
IQ:24,200,7,-54,41
IQ:25,208,255,47,36
IQ:26,216,6,41,-63
IQ:27,224,255,-63,-28
IQ:28,232,5,3,81
IQ:29,240,255,110,-10
IQ:30,248,12,65,-124
IQ:31,256,255,-100,-43
IQ:32,264,1,-18,111
IQ:33,272,255,105,1
IQ:34,280,2,-20,-104
IQ:35,288,255,-80,39
SW:2
RR:3
SS:3
FR:2480
ME:359
MA:353
KE:17
KA:17
DF_END

Data arrived...
DF_BEGIN
IQ:0,0,11,-180,35
IQ:1,8,11,55,170
IQ:2,16,11,167,-83
IQ:3,24,11,-89,-165
IQ:4,32,11,-159,101
IQ:5,40,11,117,141
IQ:6,48,11,130,-131
IQ:7,56,11,-150,-120
IQ:8,72,12,108,108
IQ:9,80,255,64,-108
IQ:10,88,1,-123,-47
IQ:11,96,255,-32,110
IQ:12,104,2,118,-2
IQ:13,112,255,-42,-106
IQ:14,120,10,-152,111
IQ:15,128,255,99,180
IQ:16,136,3,197,-28
IQ:17,144,255,-7,-114
IQ:18,152,9,9,102
IQ:19,160,255,152,3
IQ:20,168,4,79,-182
IQ:21,176,255,-156,-87
IQ:22,184,8,-42,53
IQ:23,192,255,67,26
IQ:24,200,7,-12,-54
IQ:25,208,255,-95,28
IQ:26,216,6,-20,134
IQ:27,224,255,101,-23
IQ:28,232,5,-118,-133
IQ:29,240,255,-180,98
IQ:30,248,12,-32,154
IQ:31,256,255,125,-14
IQ:32,264,1,-31,-126
IQ:33,272,255,-102,33
IQ:34,280,2,76,90
IQ:35,288,255,99,-103
SW:2
RR:3
SS:3
FR:2426
ME:356
MA:359
KE:15
KA:9
DF_END

Data arrived...
DF_BEGIN
IQ:0,0,11,-153,-1
IQ:1,8,11,5,154
IQ:2,16,11,154,-12
IQ:3,24,11,-37,-151
IQ:4,32,11,-138,52
IQ:5,40,11,82,129
IQ:6,48,11,129,-84
IQ:7,56,11,-93,-122
IQ:8,72,12,80,101
IQ:9,80,255,73,-86
IQ:10,88,1,-97,-54
IQ:11,96,255,-35,94
IQ:12,104,2,95,17
IQ:13,112,255,-14,-96
IQ:14,120,10,-158,56
IQ:15,128,255,40,163
IQ:16,136,3,149,5
IQ:17,144,255,6,-92
IQ:18,152,9,-32,86
IQ:19,160,255,108,43
IQ:20,168,4,86,-128
IQ:21,176,255,-108,-93
IQ:22,184,8,-55,44
IQ:23,192,255,51,43
IQ:24,200,7,4,-55
IQ:25,208,255,-81,9
IQ:26,216,6,-27,106
IQ:27,224,255,89,3
IQ:28,232,5,-67,-130
IQ:29,240,255,-164,50
IQ:30,248,12,-35,126
IQ:31,256,255,105,15
IQ:32,264,1,-10,-108
IQ:33,272,255,-97,23
IQ:34,280,2,34,84
IQ:35,288,255,91,-74
SW:2
RR:3
SS:3
FR:2426
ME:356
MA:353
KE:13
KA:4
DF_END

Data arrived...
DF_BEGIN
IQ:0,0,11,-15,167
IQ:1,8,11,160,-4
IQ:2,16,11,-14,-171
IQ:3,24,11,-165,28
IQ:4,32,11,37,158
IQ:5,40,11,152,-56
IQ:6,48,11,-87,-134
IQ:7,56,11,-139,94
IQ:8,72,12,327,-191
IQ:9,80,255,-161,-287
IQ:10,88,1,-281,245
IQ:11,96,255,203,328
IQ:12,104,2,316,-40
IQ:13,112,255,48,-221
IQ:14,120,10,118,44
IQ:15,128,255,125,-135
IQ:16,136,3,-117,-293
IQ:17,144,255,-308,-4
IQ:18,152,9,-155,30
IQ:19,160,255,-25,34
IQ:20,168,4,-253,-72
IQ:21,176,255,-223,162
IQ:22,184,8,-122,159
IQ:23,192,255,137,79
IQ:24,200,7,83,-192
IQ:25,208,255,-142,-57
IQ:26,216,6,67,132
IQ:27,224,255,148,-4
IQ:28,232,5,59,18
IQ:29,240,255,90,98
IQ:30,248,12,346,150
IQ:31,256,255,132,-286
IQ:32,264,1,-357,-130
IQ:33,272,255,-162,330
IQ:34,280,2,200,256
IQ:35,288,255,174,-111
SW:2
RR:3
SS:3
FR:2402
ME:44
MA:161
KE:16
KA:14
DF_END

Data arrived...
DF_BEGIN
IQ:0,0,11,-176,-61
IQ:1,8,11,-46,184
IQ:2,16,11,197,18
IQ:3,24,11,5,-190
IQ:4,32,11,-185,20
IQ:5,40,11,36,190
IQ:6,48,11,186,-45
IQ:7,56,11,-75,-175
IQ:8,72,12,-17,166
IQ:9,80,255,144,7
IQ:10,88,1,-20,-139
IQ:11,96,255,-116,36
IQ:12,104,2,66,115
IQ:13,112,255,76,-44
IQ:14,120,10,-126,59
IQ:15,128,255,7,164
IQ:16,136,3,128,75
IQ:17,144,255,93,-69
IQ:18,152,9,26,31
IQ:19,160,255,69,31
IQ:20,168,4,100,-38
IQ:21,176,255,-15,-116
IQ:22,184,8,-38,-26
IQ:23,192,255,10,61
IQ:24,200,7,82,1
IQ:25,208,255,-8,-77
IQ:26,216,6,-89,43
IQ:27,224,255,56,67
IQ:28,232,5,38,-91
IQ:29,240,255,-133,-60
IQ:30,248,12,-158,73
IQ:31,256,255,76,110
IQ:32,264,1,99,-100
IQ:33,272,255,-96,-74
IQ:34,280,2,-48,122
IQ:35,288,255,123,12
SW:2
RR:3
SS:3
FR:2480
ME:359
MA:353
KE:14
KA:6
DF_END

Data arrived...
DF_BEGIN
IQ:0,0,11,160,-87
IQ:1,8,11,-105,-149
IQ:2,16,11,-144,123
IQ:3,24,11,125,127
IQ:4,32,11,106,-146
IQ:5,40,11,-164,-103
IQ:6,48,11,-85,163
IQ:7,56,11,164,82
IQ:8,72,12,-151,-83
IQ:9,80,255,-52,128
IQ:10,88,1,138,14
IQ:11,96,255,4,-126
IQ:12,104,2,-114,44
IQ:13,112,255,70,95
IQ:14,120,10,126,-145
IQ:15,128,255,-146,-147
IQ:16,136,3,-192,73
IQ:17,144,255,46,116
IQ:18,152,9,-17,-88
IQ:19,160,255,-138,18
IQ:20,168,4,-23,189
IQ:21,176,255,166,54
IQ:22,184,8,47,-63
IQ:23,192,255,-74,-11
IQ:24,200,7,26,55
IQ:25,208,255,82,-50
IQ:26,216,6,-26,-127
IQ:27,224,255,-92,50
IQ:28,232,5,136,99
IQ:29,240,255,128,-147
IQ:30,248,12,-28,-176
IQ:31,256,255,-125,40
IQ:32,264,1,59,125
IQ:33,272,255,103,-71
IQ:34,280,2,-102,-79
IQ:35,288,255,-54,131
SW:2
RR:3
SS:3
FR:2426
ME:356
MA:5
KE:11
KA:5
DF_END

Data arrived...
DF_BEGIN
IQ:0,0,11,-50,151
IQ:1,8,11,157,42
IQ:2,16,11,24,-151
IQ:3,24,11,-166,-13
IQ:4,32,11,14,152
IQ:5,40,11,151,-51
IQ:6,48,11,-45,-158
IQ:7,56,11,-155,47
IQ:8,72,12,383,-73
IQ:9,80,255,-96,-297
IQ:10,88,1,-330,181
IQ:11,96,255,132,355
IQ:12,104,2,286,-6
IQ:13,112,255,59,-196
IQ:14,120,10,122,56
IQ:15,128,255,144,-100
IQ:16,136,3,-113,-285
IQ:17,144,255,-293,-39
IQ:18,152,9,-174,32
IQ:19,160,255,-31,45
IQ:20,168,4,-240,-111
IQ:21,176,255,-250,128
IQ:22,184,8,-155,135
IQ:23,192,255,119,90
IQ:24,200,7,97,-184
IQ:25,208,255,-132,-63
IQ:26,216,6,43,145
IQ:27,224,255,139,18
IQ:28,232,5,64,33
IQ:29,240,255,52,111
IQ:30,248,12,315,253
IQ:31,256,255,184,-250
IQ:32,264,1,-335,-188
IQ:33,272,255,-230,296
IQ:34,280,2,179,223
IQ:35,288,255,167,-103
SW:2
RR:3
SS:3
FR:2402
ME:44
MA:161
KE:15
KA:15
DF_END

Data arrived...
DF_BEGIN
IQ:0,0,11,-163,-39
IQ:1,8,11,-11,160
IQ:2,16,11,169,20
IQ:3,24,11,-14,-168
IQ:4,32,11,-158,25
IQ:5,40,11,29,161
IQ:6,48,11,160,-43
IQ:7,56,11,-57,-157
IQ:8,72,12,105,371
IQ:9,80,255,300,-121
IQ:10,88,1,-207,-335
IQ:11,96,255,-341,134
IQ:12,104,2,-12,289
IQ:13,112,255,198,55
IQ:14,120,10,-49,131
IQ:15,128,255,111,137
IQ:16,136,3,305,-100
IQ:17,144,255,68,-309
IQ:18,152,9,-27,-167
IQ:19,160,255,-57,-38
IQ:20,168,4,86,-242
IQ:21,176,255,-138,-241
IQ:22,184,8,-150,-160
IQ:23,192,255,-86,136
IQ:24,200,7,183,85
IQ:25,208,255,46,-141
IQ:26,216,6,-153,41
IQ:27,224,255,-5,148
IQ:28,232,5,-20,53
IQ:29,240,255,-109,65
IQ:30,248,12,-227,340
IQ:31,256,255,244,208
IQ:32,264,1,169,-333
IQ:33,272,255,-304,-207
IQ:34,280,2,-228,175
IQ:35,288,255,113,158
SW:2
RR:3
SS:3
FR:2402
ME:47
MA:164
KE:18
KA:36
DF_END

Data arrived...
DF_BEGIN
IQ:0,0,11,-150,-18
IQ:1,8,11,6,145
IQ:2,16,11,154,-21
IQ:3,24,11,-51,-145
IQ:4,32,11,-148,62
IQ:5,40,11,70,147
IQ:6,48,11,121,-79
IQ:7,56,11,-103,-108
IQ:8,72,12,16,132
IQ:9,80,255,96,-25
IQ:10,88,1,-57,-101
IQ:11,96,255,-90,60
IQ:12,104,2,74,77
IQ:13,112,255,40,-53
IQ:14,120,10,-90,60
IQ:15,128,255,34,131
IQ:16,136,3,116,36
IQ:17,144,255,42,-78
IQ:18,152,9,14,14
IQ:19,160,255,50,18
IQ:20,168,4,77,-47
IQ:21,176,255,-43,-80
IQ:22,184,8,-58,-5
IQ:23,192,255,14,52
IQ:24,200,7,59,-19
IQ:25,208,255,-30,-52
IQ:26,216,6,-60,53
IQ:27,224,255,47,45
IQ:28,232,5,8,-77
IQ:29,240,255,-114,-28
IQ:30,248,12,-96,101
IQ:31,256,255,84,61
IQ:32,264,1,35,-97
IQ:33,272,255,-102,-29
IQ:34,280,2,-24,107
IQ:35,288,255,87,-18
SW:2
RR:3
SS:3
FR:2480
ME:359
MA:353
KE:16
KA:19
DF_END

Data arrived...
DF_BEGIN
IQ:0,0,11,40,189
IQ:1,8,11,181,-54
IQ:2,16,11,-68,-176
IQ:3,24,11,-172,86
IQ:4,32,11,112,153
IQ:5,40,11,156,-112
IQ:6,48,11,-135,-144
IQ:7,56,11,-125,144
IQ:8,72,12,125,-130
IQ:9,80,255,-121,-91
IQ:10,88,1,-69,142
IQ:11,96,255,119,47
IQ:12,104,2,2,-127
IQ:13,112,255,-125,50
IQ:14,120,10,99,172
IQ:15,128,255,190,-97
IQ:16,136,3,-36,-205
IQ:17,144,255,-133,11
IQ:18,152,9,90,8
IQ:19,160,255,9,-146
IQ:20,168,4,-183,-84
IQ:21,176,255,-105,163
IQ:22,184,8,50,57
IQ:23,192,255,37,-64
IQ:24,200,7,-74,3
IQ:25,208,255,27,108
IQ:26,216,6,133,4
IQ:27,224,255,-21,-108
IQ:28,232,5,-123,120
IQ:29,240,255,94,196
IQ:30,248,12,174,43
IQ:31,256,255,1,-143
IQ:32,264,1,-153,19
IQ:33,272,255,41,126
IQ:34,280,2,97,-84
IQ:35,288,255,-113,-98
SW:2
RR:3
SS:3
FR:2426
ME:356
MA:5
KE:14
KA:14
DF_END

Data arrived...
DF_BEGIN
IQ:0,0,11,-50,-182
IQ:1,8,11,-180,73
IQ:2,16,11,89,174
IQ:3,24,11,176,-92
IQ:4,32,11,-111,-155
IQ:5,40,11,-146,120
IQ:6,48,11,136,120
IQ:7,56,11,113,-166
IQ:8,72,12,-131,122
IQ:9,80,255,119,81
IQ:10,88,1,49,-148
IQ:11,96,255,-133,-30
IQ:12,104,2,21,129
IQ:13,112,255,114,-56
IQ:14,120,10,-119,-162
IQ:15,128,255,-189,116
IQ:16,136,3,37,207
IQ:17,144,255,133,-28
IQ:18,152,9,-101,-13
IQ:19,160,255,-23,137
IQ:20,168,4,191,66
IQ:21,176,255,106,-167
IQ:22,184,8,-55,-61
IQ:23,192,255,-35,67
IQ:24,200,7,70,-21
IQ:25,208,255,-28,-112
IQ:26,216,6,-141,5
IQ:27,224,255,28,107
IQ:28,232,5,126,-117
IQ:29,240,255,-121,-182
IQ:30,248,12,-179,-20
IQ:31,256,255,24,139
IQ:32,264,1,151,-44
IQ:33,272,255,-51,-130
IQ:34,280,2,-92,99
IQ:35,288,255,133,81
SW:2
RR:3
SS:3
FR:2426
ME:356
MA:5
KE:11
KA:11
DF_END

Data arrived...
DF_BEGIN
IQ:0,0,11,-116,112
IQ:1,8,11,136,101
IQ:2,16,11,85,-165
IQ:3,24,11,-161,-61
IQ:4,32,11,-47,167
IQ:5,40,11,168,36
IQ:6,48,11,29,-183
IQ:7,56,11,-186,-15
IQ:8,72,12,391,40
IQ:9,80,255,5,-350
IQ:10,88,1,-388,46
IQ:11,96,255,-2,392
IQ:12,104,2,286,102
IQ:13,112,255,140,-161
IQ:14,120,10,77,105
IQ:15,128,255,181,-38
IQ:16,136,3,42,-312
IQ:17,144,255,-262,-180
IQ:18,152,9,-166,-6
IQ:19,160,255,-19,41
IQ:20,168,4,-188,-193
IQ:21,176,255,-277,20
IQ:22,184,8,-198,76
IQ:23,192,255,81,126
IQ:24,200,7,145,-134
IQ:25,208,255,-99,-110
IQ:26,216,6,-14,168
IQ:27,224,255,145,70
IQ:28,232,5,29,28
IQ:29,240,255,3,120
IQ:30,248,12,227,343
IQ:31,256,255,279,-195
IQ:32,264,1,-277,-278
IQ:33,272,255,-308,231
IQ:34,280,2,66,286
IQ:35,288,255,177,-42
SW:2
RR:3
SS:3
FR:2402
ME:44
MA:164
KE:15
KA:21
DF_END

Data ar