Data arrived...
DF_BEGIN
IQ:0,0,11,-147,20
IQ:1,8,11,36,140
IQ:2,16,11,137,-69
IQ:3,24,11,-73,-145
IQ:4,32,11,-117,83
IQ:5,40,11,91,116
IQ:6,48,11,114,-104
IQ:7,56,11,-111,-98
IQ:8,72,12,248,184
IQ:9,80,255,171,-203
IQ:10,88,1,-252,-112
IQ:11,96,255,-163,239
IQ:12,104,2,120,191
IQ:13,112,255,136,-63
IQ:14,120,10,-10,77
IQ:15,128,255,109,49
IQ:16,136,3,154,-152
IQ:17,144,255,-67,-220
IQ:18,152,9,-121,-69
IQ:19,160,255,-18,40
IQ:20,168,4,6,-172
IQ:21,176,255,-166,-115
IQ:22,184,8,-172,0
IQ:23,192,255,25,132
IQ:24,200,7,164,-34
IQ:25,208,255,-44,-112
IQ:26,216,6,-91,124
IQ:27,224,255,71,121
IQ:28,232,5,28,4
IQ:29,240,255,-59,60
IQ:30,248,12,2,313
IQ:31,256,255,267,-6
IQ:32,264,1,-40,-280
IQ:33,272,255,-290,16
IQ:34,280,2,-42,221
IQ:35,288,255,160,33
SW:2
RR:3
SS:3
FR:2402
ME:49
MA:167
KE:13
KA:14
DF_END

Data arrived...
DF_BEGIN
IQ:0,0,11,143,-31
IQ:1,8,11,-44,-147
IQ:2,16,11,-140,58
IQ:3,24,11,62,128
IQ:4,32,11,133,-65
IQ:5,40,11,-95,-119
IQ:6,48,11,-106,99
IQ:7,56,11,104,92
IQ:8,72,12,-258,-172
IQ:9,80,255,-149,207
IQ:10,88,1,260,107
IQ:11,96,255,151,-268
IQ:12,104,2,-127,-182
IQ:13,112,255,-140,64
IQ:14,120,10,5,-93
IQ:15,128,255,-112,-67
IQ:16,136,3,-156,138
IQ:17,144,255,72,212
IQ:18,152,9,114,69
IQ:19,160,255,24,-37
IQ:20,168,4,2,166
IQ:21,176,255,169,106
IQ:22,184,8,156,9
IQ:23,192,255,-35,-138
IQ:24,200,7,-164,28
IQ:25,208,255,38,108
IQ:26,216,6,88,-108
IQ:27,224,255,-90,-100
IQ:28,232,5,-36,-9
IQ:29,240,255,62,-59
IQ:30,248,12,6,-313
IQ:31,256,255,-249,-10
IQ:32,264,1,53,273
IQ:33,272,255,278,-27
IQ:34,280,2,58,-218
IQ:35,288,255,-151,-44
SW:2
RR:3
SS:3
FR:2402
ME:5
MA:5
KE:12
KA:12
DF_END

Data arrived...
DF_BEGIN
IQ:0,0,11,144,127
IQ:1,8,11,127,-141
IQ:2,16,11,-139,-113
IQ:3,24,11,-81,161
IQ:4,32,11,187,63
IQ:5,40,11,44,-175
IQ:6,48,11,-176,-27
IQ:7,56,11,-6,195
IQ:8,72,12,99,-145
IQ:9,80,255,-124,-54
IQ:10,88,1,-27,146
IQ:11,96,255,136,16
IQ:12,104,2,-17,-139
IQ:13,112,255,-87,8
IQ:14,120,10,133,7
IQ:15,128,255,74,-141
IQ:16,136,3,-82,-121
IQ:17,144,255,-112,37
IQ:18,152,9,-27,-42
IQ:19,160,255,-45,-49
IQ:20,168,4,-101,-6
IQ:21,176,255,-34,114
IQ:22,184,8,29,45
IQ:23,192,255,17,-63
IQ:24,200,7,-73,-44
IQ:25,208,255,-7,87
IQ:26,216,6,106,-14
IQ:27,224,255,-22,-69
IQ:28,232,5,-80,79
IQ:29,240,255,103,122
IQ:30,248,12,187,-3
IQ:31,256,255,-21,-130
IQ:32,264,1,-126,79
IQ:33,272,255,82,116
IQ:34,280,2,107,-97
IQ:35,288,255,-101,-47
SW:2
RR:3
SS:3
FR:2480
ME:359
MA:353
KE:10
KA:9
DF_END

Data arrived...
DF_BEGIN
IQ:0,0,11,-151,131
IQ:1,8,11,145,141
IQ:2,16,11,126,-150
IQ:3,24,11,-164,-116
IQ:4,32,11,-97,165
IQ:5,40,11,185,75
IQ:6,48,11,59,-189
IQ:7,56,11,-195,-46
IQ:8,72,12,186,62
IQ:9,80,255,4,-155
IQ:10,88,1,-177,14
IQ:11,96,255,33,148
IQ:12,104,2,134,-91
IQ:13,112,255,-111,-111
IQ:14,120,10,-109,184
IQ:15,128,255,181,122
IQ:16,136,3,189,-150
IQ:17,144,255,-81,-138
IQ:18,152,9,14,99
IQ:19,160,255,143,-48
IQ:20,168,4,1,-219
IQ:21,176,255,-216,-42
IQ:22,184,8,-48,92
IQ:23,192,255,98,-8
IQ:24,200,7,-37,-75
IQ:25,208,255,-93,66
IQ:26,216,6,54,152
IQ:27,224,255,102,-75
IQ:28,232,5,-166,-88
IQ:29,240,255,-144,188
IQ:30,248,12,60,180
IQ:31,256,255,136,-86
IQ:32,264,1,-109,-135
IQ:33,272,255,-113,102
IQ:34,280,2,139,72
IQ:35,288,255,60,-169
SW:2
RR:3
SS:3
FR:2426
ME:356
MA:5
KE:9
KA:8
DF_END

Data arrived...
DF_BEGIN
IQ:0,0,11,9,-147
IQ:1,8,11,-142,4
IQ:2,16,11,2,146
IQ:3,24,11,135,-21
IQ:4,32,11,-46,-136
IQ:5,40,11,-146,48
IQ:6,48,11,58,133
IQ:7,56,11,123,-69
IQ:8,72,12,-253,170
IQ:9,80,255,137,212
IQ:10,88,1,188,-203
IQ:11,96,255,-187,-230
IQ:12,104,2,-208,81
IQ:13,112,255,26,155
IQ:14,120,10,-73,-34
IQ:15,128,255,-96,89
IQ:16,136,3,98,187
IQ:17,144,255,216,-8
IQ:18,152,9,94,-78
IQ:19,160,255,-26,-45
IQ:20,168,4,161,36
IQ:21,176,255,148,-129
IQ:22,184,8,54,-158
IQ:23,192,255,-133,-29
IQ:24,200,7,-12,150
IQ:25,208,255,131,-8
IQ:26,216,6,-77,-121
IQ:27,224,255,-125,45
IQ:28,232,5,-24,25
IQ:29,240,255,-41,-76
IQ:30,248,12,-283,-83
IQ:31,256,255,-64,246
IQ:32,264,1,285,40
IQ:33,272,255,84,-268
IQ:34,280,2,-176,-130
IQ:35,288,255,-84,129
SW:2
RR:3
SS:3
FR:2402
ME:49
MA:167
KE:12
KA:13
DF_END

Data arrived...
DF_BEGIN
IQ:0,0,11,92,-112
IQ:1,8,11,-111,-86
IQ:2,16,11,-76,124
IQ:3,24,11,141,51
IQ:4,32,11,46,-144
IQ:5,40,11,-138,-36
IQ:6,48,11,-24,151
IQ:7,56,11,146,10
IQ:8,72,12,-300,11
IQ:9,80,255,28,258
IQ:10,88,1,274,-81
IQ:11,96,255,-32,-289
IQ:12,104,2,-210,-42
IQ:13,112,255,-64,143
IQ:14,120,10,-46,-71
IQ:15,128,255,-132,15
IQ:16,136,3,-28,209
IQ:17,144,255,198,114
IQ:18,152,9,134,-16
IQ:19,160,255,-7,-44
IQ:20,168,4,93,138
IQ:21,176,255,196,-6
IQ:22,184,8,127,-99
IQ:23,192,255,-104,-83
IQ:24,200,7,-112,125
IQ:25,208,255,114,69
IQ:26,216,6,-1,-143
IQ:27,224,255,-126,-35
IQ:28,232,5,-24,8
IQ:29,240,255,9,-74
IQ:30,248,12,-198,-244
IQ:31,256,255,-197,165
IQ:32,264,1,229,185
IQ:33,272,255,213,-187
IQ:34,280,2,-73,-207
IQ:35,288,255,-133,67
SW:2
RR:3
SS:3
FR:2402
ME:5
MA:5
KE:12
KA:11
DF_END

Data arrived...
DF_BEGIN
IQ:0,0,11,-100,161
IQ:1,8,11,163,83
IQ:2,16,11,60,-177
IQ:3,24,11,-182,-49
IQ:4,32,11,-29,183
IQ:5,40,11,189,15
IQ:6,48,11,-9,-188
IQ:7,56,11,-182,17
IQ:8,72,12,166,75
IQ:9,80,255,45,-138
IQ:10,88,1,-144,0
IQ:11,96,255,12,130
IQ:12,104,2,127,-60
IQ:13,112,255,-30,-92
IQ:14,120,10,30,124
IQ:15,128,255,158,16
IQ:16,136,3,94,-121
IQ:17,144,255,-55,-110
IQ:18,152,9,41,-30
IQ:19,160,255,36,-65
IQ:20,168,4,-13,-109
IQ:21,176,255,-124,-9
IQ:22,184,8,-31,32
IQ:23,192,255,59,2
IQ:24,200,7,24,-91
IQ:25,208,255,-81,-3
IQ:26,216,6,19,91
IQ:27,224,255,71,-39
IQ:28,232,5,-92,-55
IQ:29,240,255,-90,124
IQ:30,248,12,44,181
IQ:31,256,255,121,-51
IQ:32,264,1,-98,-113
IQ:33,272,255,-80,96
IQ:34,280,2,122,66
IQ:35,288,255,28,-114
SW:2
RR:3
SS:3
FR:2480
ME:359
MA:5
KE:10
KA:9
DF_END

Data arrived...
DF_BEGIN
IQ:0,0,11,-88,122
IQ:1,8,11,128,77
IQ:2,16,11,59,-138
IQ:3,24,11,-144,-35
IQ:4,32,11,-25,146
IQ:5,40,11,150,10
IQ:6,48,11,-5,-147
IQ:7,56,11,-151,17
IQ:8,72,12,143,3
IQ:9,80,255,-25,-115
IQ:10,88,1,-127,39
IQ:11,96,255,52,97
IQ:12,104,2,86,-93
IQ:13,112,255,-90,-67
IQ:14,120,10,-47,152
IQ:15,128,255,156,53
IQ:16,136,3,80,-152
IQ:17,144,255,-103,-63
IQ:18,152,9,38,62
IQ:19,160,255,95,-63
IQ:20,168,4,-59,-156
IQ:21,176,255,-151,34
IQ:22,184,8,0,71
IQ:23,192,255,68,-27
IQ:24,200,7,-37,-41
IQ:25,208,255,-55,73
IQ:26,216,6,76,87
IQ:27,224,255,50,-79
IQ:28,232,5,-145,-20
IQ:29,240,255,-63,164
IQ:30,248,12,83,116
IQ:31,256,255,74,-86
IQ:32,264,1,-112,-68
IQ:33,272,255,-47,99
IQ:34,280,2,117,12
IQ:35,288,255,-18,-129
SW:2
RR:3
SS:3
FR:2426
ME:356
MA:5
KE:8
KA:8
DF_END

Data arrived...
DF_BEGIN
IQ:0,0,11,38,-142
IQ:1,8,11,-143,-28
IQ:2,16,11,-7,139
IQ:3,24,11,147,-6
IQ:4,32,11,-20,-148
IQ:5,40,11,-142,43
IQ:6,48,11,43,146
IQ:7,56,11,141,-44
IQ:8,72,12,-131,38
IQ:9,80,255,58,99
IQ:10,88,1,119,-68
IQ:11,96,255,-72,-87
IQ:12,104,2,-62,103
IQ:13,112,255,110,28
IQ:14,120,10,0,-158
IQ:15,128,255,-163,2
IQ:16,136,3,-27,170
IQ:17,144,255,119,22
IQ:18,152,9,-56,-50
IQ:19,160,255,-70,92
IQ:20,168,4,100,130
IQ:21,176,255,132,-79
IQ:22,184,8,-21,-73
IQ:23,192,255,-67,36
IQ:24,200,7,47,28
IQ:25,208,255,28,-83
IQ:26,216,6,-94,-61
IQ:27,224,255,-26,88
IQ:28,232,5,138,-25
IQ:29,240,255,11,-176
IQ:30,248,12,-109,-89
IQ:31,256,255,-51,106
IQ:32,264,1,118,47
IQ:33,272,255,10,-115
IQ:34,280,2,-119,26
IQ:35,288,255,39,122
SW:2
RR:3
SS:3
FR:2426
ME:356
MA:5
KE:6
KA:7
DF_END

Data arrived...
DF_BEGIN
IQ:0,0,11,-101,-106
IQ:1,8,11,-98,123
IQ:2,16,11,127,81
IQ:3,24,11,67,-131
IQ:4,32,11,-144,-66
IQ:5,40,11,-34,143
IQ:6,48,11,150,34
IQ:7,56,11,15,-149
IQ:8,72,12,-5,313
IQ:9,80,255,261,0
IQ:10,88,1,-59,-298
IQ:11,96,255,-294,25
IQ:12,104,2,-47,218
IQ:13,112,255,151,62
IQ:14,120,10,-71,32
IQ:15,128,255,4,124
IQ:16,136,3,207,30
IQ:17,144,255,106,-193
IQ:18,152,9,-26,-138
IQ:19,160,255,-57,15
IQ:20,168,4,130,-102
IQ:21,176,255,-17,-208
IQ:22,184,8,-90,-146
IQ:23,192,255,-93,116
IQ:24,200,7,123,105
IQ:25,208,255,70,-108
IQ:26,216,6,-153,1
IQ:27,224,255,-52,132
IQ:28,232,5,21,40
IQ:29,240,255,-83,-17
IQ:30,248,12,-240,214
IQ:31,256,255,160,208
IQ:32,264,1,193,-220
IQ:33,272,255,-208,-207
IQ:34,280,2,-224,72
IQ:35,288,255,43,157
SW:2
RR:3
SS:3
FR:2402
ME:5
MA:5
KE:6
KA:7
DF_END

Data arrived...
DF_BEGIN
IQ:0,0,11,107,-142
IQ:1,8,11,-166,-88
IQ:2,16,11,-91,162
IQ:3,24,11,166,72
IQ:4,32,11,42,-180
IQ:5,40,11,-179,-20
IQ:6,48,11,-8,189
IQ:7,56,11,181,-5
IQ:8,72,12,-163,-82
IQ:9,80,255,-48,129
IQ:10,88,1,146,20
IQ:11,96,255,-3,-126
IQ:12,104,2,-139,34
IQ:13,112,255,13,97
IQ:14,120,10,-11,-136
IQ:15,128,255,-152,-44
IQ:16,136,3,-115,105
IQ:17,144,255,35,109
IQ:18,152,9,-36,32
IQ:19,160,255,-41,57
IQ:20,168,4,8,104
IQ:21,176,255,110,20
IQ:22,184,8,36,-26
IQ:23,192,255,-64,-9
IQ:24,200,7,-45,80
IQ:25,208,255,75,14
IQ:26,216,6,-15,-96
IQ:27,224,255,-80,18
IQ:28,232,5,83,73
IQ:29,240,255,110,-104
IQ:30,248,12,-18,-184
IQ:31,256,255,-135,13
IQ:32,264,1,74,120
IQ:33,272,255,116,-67
IQ:34,280,2,-98,-102
IQ:35,288,255,-58,107
SW:2
RR:3
SS:3
FR:2480
ME:359
MA:5
KE:5
KA:6
DF_END

Data arrived...
DF_BEGIN
IQ:0,0,11,90,-173
IQ:1,8,11,-179,-65
IQ:2,16,11,-51,197
IQ:3,24,11,194,44
IQ:4,32,11,13,-199
IQ:5,40,11,-200,-5
IQ:6,48,11,20,189
IQ:7,56,11,192,-46
IQ:8,72,12,-184,17
IQ:9,80,255,42,159
IQ:10,88,1,163,-70
IQ:11,96,255,-85,-127
IQ:12,104,2,-93,124
IQ:13,112,255,133,59
IQ:14,120,10,31,-212
IQ:15,128,255,-223,-44
IQ:16,136,3,-105,213
IQ:17,144,255,131,83
IQ:18,152,9,-67,-77
IQ:19,160,255,-116,110
IQ:20,168,4,119,193
IQ:21,176,255,203,-66
IQ:22,184,8,-2,-105
IQ:23,192,255,-92,42
IQ:24,200,7,58,54
IQ:25,208,255,52,-106
IQ:26,216,6,-122,-103
IQ:27,224,255,-59,117
IQ:28,232,5,192,12
IQ:29,240,255,74,-219
IQ:30,248,12,-107,-153
IQ:31,256,255,-87,126
IQ:32,264,1,155,83
IQ:33,272,255,41,-144
IQ:34,280,2,-158,7
IQ:35,288,255,29,169
SW:2
RR:3
SS:3
FR:2426
ME:356
MA:5
KE:4
KA:6
DF_END

Data arrived...
DF_BEGIN
IQ:0,0,11,149,-27
IQ:1,8,11,-50,-138
IQ:2,16,11,-127,69
IQ:3,24,11,83,121
IQ:4,32,11,121,-93
IQ:5,40,11,-101,-101
IQ:6,48,11,-92,117
IQ:7,56,11,123,89
IQ:8,72,12,-99,-87
IQ:9,80,255,-56,106
IQ:10,88,1,122,55
IQ:11,96,255,23,-105
IQ:12,104,2,-117,10
IQ:13,112,255,22,108
IQ:14,120,10,133,-78
IQ:15,128,255,-94,-138
IQ:16,136,3,-168,49
IQ:17,144,255,24,117
IQ:18,152,9,10,-71
IQ:19,160,255,-114,0
IQ:20,168,4,-48,161
IQ:21,176,255,137,81
IQ:22,184,8,57,-48
IQ:23,192,255,-66,-34
IQ:24,200,7,-3,56
IQ:25,208,255,78,-25
IQ:26,216,6,-2,-122
IQ:27,224,255,-94,23
IQ:28,232,5,97,103
IQ:29,240,255,153,-85
IQ:30,248,12,18,-141
IQ:31,256,255,-119,11
IQ:32,264,1,37,131
IQ:33,272,255,102,-37
IQ:34,280,2,-71,-92
IQ:35,288,255,-83,100
SW:2
RR:3
SS:3
FR:2426
ME:356
MA:5
KE:3
KA:5
DF_END

Data arrived...
DF_BEGIN
IQ:0,0,11,-31,-144
IQ:1,8,11,-133,48
IQ:2,16,11,61,146
IQ:3,24,11,131,-79
IQ:4,32,11,-90,-126
IQ:5,40,11,-115,89
IQ:6,48,11,105,100
IQ:7,56,11,94,-117
IQ:8,72,12,-165,249
IQ:9,80,255,222,127
IQ:10,88,1,79,-273
IQ:11,96,255,-259,-141
IQ:12,104,2,-172,143
IQ:13,112,255,64,135
IQ:14,120,10,-77,-10
IQ:15,128,255,-55,114
IQ:16,136,3,154,148
IQ:17,144,255,218,-67
IQ:18,152,9,65,-109
IQ:19,160,255,-45,-24
IQ:20,168,4,166,-25
IQ:21,176,255,84,-180
IQ:22,184,8,-17,-160
IQ:23,192,255,-136,41
IQ:24,200,7,40,166
IQ:25,208,255,115,-48
IQ:26,216,6,-114,-72
IQ:27,224,255,-110,82
IQ:28,232,5,-6,31
IQ:29,240,255,-58,-63
IQ:30,248,12,-308,6
IQ:31,256,255,-4,252
IQ:32,264,1,271,-61
IQ:33,272,255,-29,-283
IQ:34,280,2,-229,-69
IQ:35,288,255,-49,140
SW:2
RR:3
SS:3
FR:2402
ME:49
MA:167
KE:7
KA:8
DF_END

Data arrived...
DF_BEGIN
IQ:0,0,11,-86,118
IQ:1,8,11,128,66
IQ:2,16,11,65,-130
IQ:3,24,11,-135,-47
IQ:4,32,11,-27,137
IQ:5,40,11,141,14
IQ:6,48,11,0,-140
IQ:7,56,11,-142,19
IQ:8,72,12,129,58
IQ:9,80,255,36,-111
IQ:10,88,1,-121,-15
IQ:11,96,255,-4,101
IQ:12,104,2,98,-38
IQ:13,112,255,-30,-78
IQ:14,120,10,18,92
IQ:15,128,255,120,33
IQ:16,136,3,80,-86
IQ:17,144,255,-48,-88
IQ:18,152,9,22,-20
IQ:19,160,255,29,-38
IQ:20,168,4,-2,-85
IQ:21,176,255,-92,-15
IQ:22,184,8,-31,28
IQ:23,192,255,49,2
IQ:24,200,7,24,-74
IQ:25,208,255,-64,-8
IQ:26,216,6,14,73
IQ:27,224,255,59,-26
IQ:28,232,5,-69,-54
IQ:29,240,255,-84,91
IQ:30,248,12,27,138
IQ:31,256,255,105,-38
IQ:32,264,1,-66,-101
IQ:33,272,255,-82,69
IQ:34,280,2,82,61
IQ:35,288,255,30,-92
SW:2
RR:3
SS:3
FR:2480
ME:359
MA:353
KE:6
KA:6
DF_END

Data arrived...
DF_BEGIN
IQ:0,0,11,121,91
IQ:1,8,11,72,-134
IQ:2,16,11,-141,-75
IQ:3,24,11,-52,137
IQ:4,32,11,154,39
IQ:5,40,11,34,-155
IQ:6,48,11,-150,-17
IQ:7,56,11,8,154
IQ:8,72,12,10,-147
IQ:9,80,255,-124,14
IQ:10,88,1,35,133
IQ:11,96,255,104,-46
IQ:12,104,2,-90,-92
IQ:13,112,255,-63,95
IQ:14,120,10,157,45
IQ:15,128,255,61,-167
IQ:16,136,3,-147,-109
IQ:17,144,255,-83,91
IQ:18,152,9,68,-43
IQ:19,160,255,-64,-103
IQ:20,168,4,-162,53
IQ:21,176,255,20,160
IQ:22,184,8,77,20
IQ:23,192,255,-16,-76
IQ:24,200,7,-43,41
IQ:25,208,255,77,50
IQ:26,216,6,95,-76
IQ:27,224,255,-83,-64
IQ:28,232,5,-41,141
IQ:29,240,255,162,75
IQ:30,248,12,127,-72
IQ:31,256,255,-86,-84
IQ:32,264,1,-83,106
IQ:33,272,255,103,64
IQ:34,280,2,42,-117
IQ:35,288,255,-130,-1
SW:2
RR:3
SS:3
FR:2426
ME:356
MA:5
KE:5
KA:6
DF_END

Data arrived...
DF_BEGIN
IQ:0,0,11,131,-76
IQ:1,8,11,-88,-119
IQ:2,16,11,-113,102
IQ:3,24,11,114,101
IQ:4,32,11,88,-122
IQ:5,40,11,-131,-68
IQ:6,48,11,-66,139
IQ:7,56,11,138,61
IQ:8,72,12,-125,-69
IQ:9,80,255,-35,118
IQ:10,88,1,132,26
IQ:11,96,255,10,-116
IQ:12,104,2,-108,42
IQ:13,112,255,58,93
IQ:14,120,10,100,-118
IQ:15,128,255,-126,-120
IQ:16,136,3,-149,87
IQ:17,144,255,53,109
IQ:18,152,9,-9,-75
IQ:19,160,255,-111,18
IQ:20,168,4,-23,171
IQ:21,176,255,152,33
IQ:22,184,8,35,-73
IQ:23,192,255,-76,-15
IQ:24,200,7,20,60
IQ:25,208,255,73,-44
IQ:26,216,6,-23,-115
IQ:27,224,255,-88,45
IQ:28,232,5,121,75
IQ:29,240,255,124,-117
IQ:30,248,12,-10,-147
IQ:31,256,255,-114,35
IQ:32,264,1,70,108
IQ:33,272,255,89,-74
IQ:34,280,2,-101,-73
IQ:35,288,255,-62,116
SW:2
RR:3
SS:3
FR:2426
ME:356
MA:5
KE:4
KA:6
DF_END

Data arrived...
DF_BEGIN
IQ:0,0,11,75,-134
IQ:1,8,11,-146,-55
IQ:2,16,11,-44,146
IQ:3,24,11,151,19
IQ:4,32,11,3,-153
IQ:5,40,11,-156,4
IQ:6,48,11,15,150
IQ:7,56,11,148,-27
IQ:8,72,12,-300,103
IQ:9,80,255,83,253
IQ:10,88,1,267,-141
IQ:11,96,255,-99,-283
IQ:12,104,2,-220,21
IQ:13,112,255,-23,162
IQ:14,120,10,-57,-58
IQ:15,128,255,-115,53
IQ:16,136,3,19,203
IQ:17,144,255,213,53
IQ:18,152,9,127,-67
IQ:19,160,255,-27,-49
IQ:20,168,4,133,98
IQ:21,176,255,194,-78
IQ:22,184,8,107,-133
IQ:23,192,255,-130,-64
IQ:24,200,7,-83,139
IQ:25,208,255,125,41
IQ:26,216,6,-56,-148
IQ:27,224,255,-144,14
IQ:28,232,5,-32,30
IQ:29,240,255,-11,-91
IQ:30,248,12,-266,-172
IQ:31,256,255,-158,207
IQ:32,264,1,252,139
IQ:33,272,255,164,-250
IQ:34,280,2,-138,-183
IQ:35,288,255,-122,110
SW:2
RR:3
SS:3
FR:2402
ME:5
MA:5
KE:4
KA:6
DF_END

Data arrived...
DF_BEGIN
IQ:0,0,11,103,97
IQ:1,8,11,98,-124
IQ:2,16,11,-117,-87
IQ:3,24,11,-75,122
IQ:4,32,11,135,70
IQ:5,40,11,52,-138
IQ:6,48,11,-140,-42
IQ:7,56,11,-17,142
IQ:8,72,12,28,-300
IQ:9,80,255,-256,-18
IQ:10,88,1,40,281
IQ:11,96,255,291,-1
IQ:12,104,2,55,-219
IQ:13,112,255,-135,-71
IQ:14,120,10,77,-44
IQ:15,128,255,3,-132
IQ:16,136,3,-213,-42
IQ:17,144,255,-126,180
IQ:18,152,9,-2,133
IQ:19,160,255,53,10
IQ:20,168,4,-127,110
IQ:21,176,255,12,201
IQ:22,184,8,86,138
IQ:23,192,255,95,-90
IQ:24,200,7,-103,-127
IQ:25,208,255,-84,92
IQ:26,216,6,153,10
IQ:27,224,255,57,-122
IQ:28,232,5,-12,-32
IQ:29,240,255,81,19
IQ:30,248,12,241,-181
IQ:31,256,255,-140,-219
IQ:32,264,1,-209,187
IQ:33,272,255,170,233
IQ:34,280,2,222,-50
IQ:35,288,255,-35,-149
SW:2
RR:3
SS:3
FR:2402
ME:49
MA:167
KE:8
KA:9
DF_END

Data arrived...
DF_BEGIN
IQ:0,0,11,171,-75
IQ:1,8,11,-85,-154
IQ:2,16,11,-144,115
IQ:3,24,11,133,126
IQ:4,32,11,112,-152
IQ:5,40,11,-163,-105
IQ:6,48,11,-82,167
IQ:7,56,11,169,85
IQ:8,72,12,-105,-144
IQ:9,80,255,-100,92
IQ:10,88,1,130,73
IQ:11,96,255,60,-117
IQ:12,104,2,-134,-24
IQ:13,112,255,-26,93
IQ:14,120,10,41,-122
IQ:15,128,255,-124,-102
IQ:16,136,3,-146,48
IQ:17,144,255,-16,112
IQ:18,152,9,-48,7
IQ:19,160,255,-61,40
IQ:20,168,4,-40,99
IQ:21,176,255,86,66
IQ:22,184,8,40,-9
IQ:23,192,255,-53,-28
IQ:24,200,7,-74,56
IQ:25,208,255,65,51
IQ:26,216,6,25,-90
IQ:27,224,255,-78,-8
IQ:28,232,5,37,100
IQ:29,240,255,137,-46
IQ:30,248,12,45,-180
IQ:31,256,255,-140,-23
IQ:32,264,1,23,137
IQ:33,272,255,128,-39
IQ:34,280,2,-64,-121
IQ:35,288,255,-97,71
SW:2
RR:3
SS:3
FR:2480
ME:359
MA:353
KE:7
KA:6
DF_END

Data arrived...
DF_BEGIN
IQ:0,0,11,57,-147
IQ:1,8,11,-144,-54
IQ:2,16,11,-42,144
IQ:3,24,11,149,18
IQ:4,32,11,-4,-153
IQ:5,40,11,-151,19
IQ:6,48,11,27,153
IQ:7,56,11,142,-45
IQ:8,72,12,-138,16
IQ:9,80,255,43,111
IQ:10,88,1,115,-65
IQ:11,96,255,-70,-96
IQ:12,104,2,-67,99
IQ:13,112,255,109,37
IQ:14,120,10,19,-167
IQ:15,128,255,-173,-31
IQ:16,136,3,-65,163
IQ:17,144,255,105,56
IQ:18,152,9,-55,-61
IQ:19,160,255,-90,84
IQ:20,168,4,86,146
IQ:21,176,255,146,-60
IQ:22,184,8,-14,-78
IQ:23,192,255,-62,38
IQ:24,200,7,54,31
IQ:25,208,255,48,-81
IQ:26,216,6,-89,-83
IQ:27,224,255,-47,95
IQ:28,232,5,147,0
IQ:29,240,255,25,-170
IQ:30,248,12,-103,-110
IQ:31,256,255,-77,96
IQ:32,264,1,113,56
IQ:33,272,255,28,-112
IQ:34,280,2,-124,12
IQ:35,288,255,26,128
SW:2
RR:3
SS:3
FR:2426
ME:356
MA:356
KE:6
KA:5
DF_END

Data arrived...
DF_BEGIN
IQ:0,0,11,96,119
IQ:1,8,11,10