IQ:1,8,11,-140,99
IQ:2,16,11,110,120
IQ:3,24,11,94,-137
IQ:4,32,11,-149,-93
IQ:5,40,11,-69,156
IQ:6,48,11,163,48
IQ:7,56,11,37,-176
IQ:8,72,12,29,133
IQ:9,80,255,90,5
IQ:10,88,1,-66,-47
IQ:11,96,255,-52,29
IQ:12,104,2,49,-3
IQ:13,112,255,-18,-67
IQ:14,120,10,-203,-36
IQ:15,128,255,-110,99
IQ:16,136,3,-52,-43
IQ:17,144,255,-81,34
IQ:18,152,9,-72,137
IQ:19,160,255,46,66
IQ:20,168,4,-102,-19
IQ:21,176,255,-25,78
IQ:22,184,8,103,149
IQ:23,192,255,88,-24
IQ:24,200,7,-107,-1
IQ:25,208,255,-34,56
IQ:26,216,6,-32,-27
IQ:27,224,255,-51,70
IQ:28,232,5,51,149
IQ:29,240,255,74,12
IQ:30,248,12,-92,111
IQ:31,256,255,47,83
IQ:32,264,1,-4,-78
IQ:33,272,255,-64,-27
IQ:34,280,2,29,22
IQ:35,288,255,85,-45
SW:2
RR:3
SS:3
FR:2480
ME:27
MA:209
KE:16
KA:242
DF_END

Data arrived...
DF_BEGIN
IQ:0,0,11,8,93
IQ:1,8,11,97,-27
IQ:2,16,11,-41,-89
IQ:3,24,11,-94,57
IQ:4,32,11,68,91
IQ:5,40,11,74,-62
IQ:6,48,11,-73,-52
IQ:7,56,11,-64,73
IQ:8,72,12,-64,-181
IQ:9,80,255,-32,97
IQ:10,88,1,303,219
IQ:11,96,255,64,-172
IQ:12,104,2,-506,86
IQ:13,112,255,-19,421
IQ:14,120,10,306,92
IQ:15,128,255,18,-31
IQ:16,136,3,-101,643
IQ:17,144,255,549,223
IQ:18,152,9,290,-331
IQ:19,160,255,-188,18
IQ:20,168,4,453,805
IQ:21,176,255,711,-149
IQ:22,184,8,-99,-542
IQ:23,192,255,-383,77
IQ:24,200,7,446,375
IQ:25,208,255,410,-271
IQ:26,216,6,-131,-107
IQ:27,224,255,34,98
IQ:28,232,5,391,-283
IQ:29,240,255,-51,-417
IQ:30,248,12,101,-162
IQ:31,256,255,-109,41
IQ:32,264,1,12,363
IQ:33,272,255,184,-90
IQ:34,280,2,-376,-389
IQ:35,288,255,-401,155
SW:2
RR:3
SS:3
FR:2426
ME:19
MA:215
KE:16
KA:236
DF_END

Data arrived...
DF_BEGIN
IQ:0,0,11,-175,-93
IQ:1,8,11,-58,186
IQ:2,16,11,188,49
IQ:3,24,11,36,-190
IQ:4,32,11,-200,-18
IQ:5,40,11,-1,193
IQ:6,48,11,197,-16
IQ:7,56,11,-46,-186
IQ:8,72,12,45,113
IQ:9,80,255,163,-35
IQ:10,88,1,32,-91
IQ:11,96,255,-141,16
IQ:12,104,2,-102,207
IQ:13,112,255,139,42
IQ:14,120,10,-98,-113
IQ:15,128,255,-145,169
IQ:16,136,3,147,342
IQ:17,144,255,305,-69
IQ:18,152,9,-30,-161
IQ:19,160,255,-92,131
IQ:20,168,4,328,198
IQ:21,176,255,224,-281
IQ:22,184,8,-156,-240
IQ:23,192,255,-140,195
IQ:24,200,7,295,189
IQ:25,208,255,157,-209
IQ:26,216,6,-201,4
IQ:27,224,255,97,171
IQ:28,232,5,308,-254
IQ:29,240,255,-171,-294
IQ:30,248,12,-54,99
IQ:31,256,255,131,109
IQ:32,264,1,86,-28
IQ:33,272,255,-96,-92
IQ:34,280,2,-224,70
IQ:35,288,255,42,119
SW:2
RR:3
SS:3
FR:2402
ME:2
MA:5
KE:14
KA:250
DF_END

Data arrived...
DF_BEGIN
IQ:0,0,11,158,-41
IQ:1,8,11,-54,-163
IQ:2,16,11,-154,60
IQ:3,24,11,87,139
IQ:4,32,11,128,-104
IQ:5,40,11,-104,-127
IQ:6,48,11,-106,127
IQ:7,56,11,135,90
IQ:8,72,12,-133,-10
IQ:9,80,255,-33,82
IQ:10,88,1,53,-50
IQ:11,96,255,-18,-55
IQ:12,104,2,-5,42
IQ:13,112,255,60,1
IQ:14,120,10,93,-176
IQ:15,128,255,-57,-132
IQ:16,136,3,59,-27
IQ:17,144,255,-15,-92
IQ:18,152,9,-124,-104
IQ:19,160,255,-78,14
IQ:20,168,4,46,-94
IQ:21,176,255,-76,-48
IQ:22,184,8,-172,56
IQ:23,192,255,4,95
IQ:24,200,7,33,-107
IQ:25,208,255,-47,-54
IQ:26,216,6,30,-18
IQ:27,224,255,-58,-64
IQ:28,232,5,-167,0
IQ:29,240,255,-40,67
IQ:30,248,12,-77,-114
IQ:31,256,255,-87,21
IQ:32,264,1,71,17
IQ:33,272,255,34,-56
IQ:34,280,2,-35,26
IQ:35,288,255,16,95
SW:2
RR:3
SS:3
FR:2480
ME:30
MA:212
KE:16
KA:241
DF_END

Data arrived...
DF_BEGIN
IQ:0,0,11,-176,4
IQ:1,8,11,16,161
IQ:2,16,11,155,-51
IQ:3,24,11,-60,-163
IQ:4,32,11,-156,64
IQ:5,40,11,77,143
IQ:6,48,11,128,-96
IQ:7,56,11,-121,-114
IQ:8,72,12,131,30
IQ:9,80,255,59,-78
IQ:10,88,1,-72,24
IQ:11,96,255,1,56
IQ:12,104,2,9,-40
IQ:13,112,255,-66,-11
IQ:14,120,10,-138,139
IQ:15,128,255,22,142
IQ:16,136,3,-70,15
IQ:17,144,255,-11,87
IQ:18,152,9,88,124
IQ:19,160,255,71,3
IQ:20,168,4,-76,71
IQ:21,176,255,54,65
IQ:22,184,8,175,-16
IQ:23,192,255,16,-96
IQ:24,200,7,-51,104
IQ:25,208,255,34,58
IQ:26,216,6,-40,5
IQ:27,224,255,41,75
IQ:28,232,5,155,26
IQ:29,240,255,52,-68
IQ:30,248,12,47,129
IQ:31,256,255,91,1
IQ:32,264,1,-67,-35
IQ:33,272,255,-44,34
IQ:34,280,2,38,-13
IQ:35,288,255,5,-91
SW:2
RR:3
SS:3
FR:2480
ME:30
MA:212
KE:17
KA:235
DF_END

Data arrived...
DF_BEGIN
IQ:0,0,11,87,12
IQ:1,8,11,-1,-99
IQ:2,16,11,-98,14
IQ:3,24,11,16,88
IQ:4,32,11,86,-26
IQ:5,40,11,-44,-82
IQ:6,48,11,-69,34
IQ:7,56,11,32,75
IQ:8,72,12,-184,0
IQ:9,80,255,79,52
IQ:10,88,1,268,-231
IQ:11,96,255,-178,-99
IQ:12,104,2,-139,506
IQ:13,112,255,391,135
IQ:14,120,10,199,-268
IQ:15,128,255,-40,-2
IQ:16,136,3,538,301
IQ:17,144,255,363,-463
IQ:18,152,9,-272,-344
IQ:19,160,255,-37,226
IQ:20,168,4,930,-142
IQ:21,176,255,109,-716
IQ:22,184,8,-546,-6
IQ:23,192,255,23,404
IQ:24,200,7,485,-324
IQ:25,208,255,-192,-459
IQ:26,216,6,-122,114
IQ:27,224,255,122,-26
IQ:28,232,5,-183,-436
IQ:29,240,255,-431,-82
IQ:30,248,12,-132,-147
IQ:31,256,255,11,76
IQ:32,264,1,341,75
IQ:33,272,255,-6,-195
IQ:34,280,2,-439,264
IQ:35,288,255,70,428
SW:2
RR:3
SS:3
FR:2426
ME:19
MA:215
KE:17
KA:231
DF_END

Data arrived...
DF_BEGIN
IQ:0,0,11,36,138
IQ:1,8,11,137,-52
IQ:2,16,11,-65,-122
IQ:3,24,11,-126,85
IQ:4,32,11,98,118
IQ:5,40,11,107,-101
IQ:6,48,11,-108,-104
IQ:7,56,11,-93,117
IQ:8,72,12,26,-78
IQ:9,80,255,-101,-79
IQ:10,88,1,-73,16
IQ:11,96,255,77,76
IQ:12,104,2,167,-45
IQ:13,112,255,-53,-104
IQ:14,120,10,-13,113
IQ:15,128,255,173,17
IQ:16,136,3,141,-247
IQ:17,144,255,-191,-133
IQ:18,152,9,-71,95
IQ:19,160,255,115,-21
IQ:20,168,4,-46,-295
IQ:21,176,255,-263,12
IQ:22,184,8,-31,215
IQ:23,192,255,183,2
IQ:24,200,7,-50,-256
IQ:25,208,255,-204,24
IQ:26,216,6,98,119
IQ:27,224,255,53,-149
IQ:28,232,5,-298,-83
IQ:29,240,255,-122,230
IQ:30,248,12,81,-20
IQ:31,256,255,6,-125
IQ:32,264,1,-60,-49
IQ:33,272,255,-7,104
IQ:34,280,2,147,97
IQ:35,288,255,47,-81
SW:2
RR:3
SS:3
FR:2402
ME:2
MA:5
KE:16
KA:242
DF_END

Data arrived...
DF_BEGIN
IQ:0,0,11,-66,-152
IQ:1,8,11,-142,81
IQ:2,16,11,94,137
IQ:3,24,11,116,-117
IQ:4,32,11,-121,-115
IQ:5,40,11,-98,132
IQ:6,48,11,140,88
IQ:7,56,11,72,-147
IQ:8,72,12,5,134
IQ:9,80,255,86,18
IQ:10,88,1,-55,-51
IQ:11,96,255,-54,29
IQ:12,104,2,38,-8
IQ:13,112,255,-12,-60
IQ:14,120,10,-186,-78
IQ:15,128,255,-129,68
IQ:16,136,3,-47,-59
IQ:17,144,255,-85,27
IQ:18,152,9,-85,132
IQ:19,160,255,30,72
IQ:20,168,4,-102,-37
IQ:21,176,255,-42,79
IQ:22,184,8,88,152
IQ:23,192,255,86,-25
IQ:24,200,7,-110,-16
IQ:25,208,255,-46,55
IQ:26,216,6,-22,-31
IQ:27,224,255,-58,67
IQ:28,232,5,17,153
IQ:29,240,255,79,29
IQ:30,248,12,-106,96
IQ:31,256,255,25,83
IQ:32,264,1,6,-72
IQ:33,272,255,-53,-29
IQ:34,280,2,27,32
IQ:35,288,255,89,-35
SW:2
RR:3
SS:3
FR:2480
ME:30
MA:212
KE:17
KA:235
DF_END

Data arrived...
DF_BEGIN
IQ:0,0,11,-119,124
IQ:1,8,11,134,103
IQ:2,16,11,89,-145
IQ:3,24,11,-156,-55
IQ:4,32,11,-49,168
IQ:5,40,11,158,46
IQ:6,48,11,4,-165
IQ:7,56,11,-165,16
IQ:8,72,12,110,-73
IQ:9,80,255,-26,-90
IQ:10,88,1,-28,72
IQ:11,96,255,45,37
IQ:12,104,2,-21,-35
IQ:13,112,255,-55,39
IQ:14,120,10,16,202
IQ:15,128,255,122,84
IQ:16,136,3,-28,58
IQ:17,144,255,57,65
IQ:18,152,9,160,22
IQ:19,160,255,47,-57
IQ:20,168,4,4,104
IQ:21,176,255,80,-2
IQ:22,184,8,110,-151
IQ:23,192,255,-58,-83
IQ:24,200,7,28,105
IQ:25,208,255,71,22
IQ:26,216,6,-21,33
IQ:27,224,255,80,18
IQ:28,232,5,126,-94
IQ:29,240,255,-14,-82
IQ:30,248,12,127,48
IQ:31,256,255,62,-66
IQ:32,264,1,-66,30
IQ:33,272,255,8,61
IQ:34,280,2,22,-36
IQ:35,288,255,-65,-74
SW:2
RR:3
SS:3
FR:2480
ME:27
MA:209
KE:18
KA:230
DF_END

Data arrived...
DF_BEGIN
IQ:0,0,11,102,28
IQ:1,8,11,8,-101
IQ:2,16,11,-104,-12
IQ:3,24,11,-5,80
IQ:4,32,11,102,-17
IQ:5,40,11,-24,-99
IQ:6,48,11,-91,24
IQ:7,56,11,40,96
IQ:8,72,12,-174,-39
IQ:9,80,255,80,67
IQ:10,88,1,309,-198
IQ:11,96,255,-148,-137
IQ:12,104,2,-145,507
IQ:13,112,255,371,182
IQ:14,120,10,215,-236
IQ:15,128,255,-17,-27
IQ:16,136,3,549,333
IQ:17,144,255,420,-400
IQ:18,152,9,-169,-394
IQ:19,160,255,-75,174
IQ:20,168,4,917,-69
IQ:21,176,255,147,-706
IQ:22,184,8,-513,-79
IQ:23,192,255,-54,411
IQ:24,200,7,513,-229
IQ:25,208,255,-93,-456
IQ:26,216,6,-119,93
IQ:27,224,255,104,-28
IQ:28,232,5,-117,-466
IQ:29,240,255,-391,-91
IQ:30,248,12,-94,-189
IQ:31,256,255,-9,88
IQ:32,264,1,344,104
IQ:33,272,255,5,-203
IQ:34,280,2,-482,215
IQ:35,288,255,1,420
SW:2
RR:3
SS:3
FR:2426
ME:19
MA:215
KE:18
KA:226
DF_END

Data arrived...
DF_BEGIN
IQ:0,0,11,120,150
IQ:1,8,11,140,-136
IQ:2,16,11,-147,-126
IQ:3,24,11,-115,151
IQ:4,32,11,160,105
IQ:5,40,11,82,-177
IQ:6,48,11,-179,-83
IQ:7,56,11,-39,180
IQ:8,72,12,-1,-110
IQ:9,80,255,-160,-61
IQ:10,88,1,-75,55
IQ:11,96,255,132,37
IQ:12,104,2,184,-146
IQ:13,112,255,-118,-104
IQ:14,120,10,25,138
IQ:15,128,255,193,-93
IQ:16,136,3,33,-379
IQ:17,144,255,-309,-82
IQ:18,152,9,-43,156
IQ:19,160,255,123,-84
IQ:20,168,4,-231,-305
IQ:21,176,255,-315,162
IQ:22,184,8,71,276
IQ:23,192,255,229,-107
IQ:24,200,7,-163,-316
IQ:25,208,255,-237,130
IQ:26,216,6,174,93
IQ:27,224,255,-12,-191
IQ:28,232,5,-387,104
IQ:29,240,255,-9,345
IQ:30,248,12,83,-63
IQ:31,256,255,-67,-157
IQ:32,264,1,-97,-29
IQ:33,272,255,38,134
IQ:34,280,2,215,58
IQ:35,288,255,18,-119
SW:2
RR:3
SS:3
FR:2402
ME:359
MA:353
KE:16
KA:237
DF_END

Data arrived...
DF_BEGIN
IQ:0,0,11,-181,-86
IQ:1,8,11,-61,182
IQ:2,16,11,183,36
IQ:3,24,11,6,-192
IQ:4,32,11,-189,8
IQ:5,40,11,43,187
IQ:6,48,11,187,-35
IQ:7,56,11,-60,-174
IQ:8,72,12,47,100
IQ:9,80,255,159,-48
IQ:10,88,1,34,-96
IQ:11,96,255,-140,34
IQ:12,104,2,-68,211
IQ:13,112,255,151,28
IQ:14,120,10,-93,-101
IQ:15,128,255,-127,173
IQ:16,136,3,183,322
IQ:17,144,255,294,-108
IQ:18,152,9,-41,-158
IQ:19,160,255,-69,139
IQ:20,168,4,345,170
IQ:21,176,255,192,-289
IQ:22,184,8,-191,-199
IQ:23,192,255,-122,202
IQ:24,200,7,310,159
IQ:25,208,255,123,-234
IQ:26,216,6,-204,13
IQ:27,224,255,108,167
IQ:28,232,5,296,-270
IQ:29,240,255,-164,-290
IQ:30,248,12,-39,99
IQ:31,256,255,141,103
IQ:32,264,1,89,-27
IQ:33,272,255,-105,-88
IQ:34,280,2,-215,74
IQ:35,288,255,41,110
SW:2
RR:3
SS:3
FR:2402
ME:2
MA:5
KE:15
KA:251
DF_END

Data arrived...
DF_BEGIN
IQ:0,0,11,-162,45
IQ:1,8,11,48,165
IQ:2,16,11,151,-55
IQ:3,24,11,-89,-144
IQ:4,32,11,-141,91
IQ:5,40,11,108,117
IQ:6,48,11,110,-125
IQ:7,56,11,-146,-93
IQ:8,72,12,126,10
IQ:9,80,255,36,-83
IQ:10,88,1,-62,44
IQ:11,96,255,8,50
IQ:12,104,2,2,-44
IQ:13,112,255,-60,-2
IQ:14,120,10,-110,165
IQ:15,128,255,43,136
IQ:16,136,3,-65,32
IQ:17,144,255,8,89
IQ:18,152,9,113,104
IQ:19,160,255,70,-24
IQ:20,168,4,-56,89
IQ:21,176,255,71,54
IQ:22,184,8,172,-42
IQ:23,192,255,-5,-102
IQ:24,200,7,-41,105
IQ:25,208,255,51,48
IQ:26,216,6,-39,10
IQ:27,224,255,44,69
IQ:28,232,5,160,9
IQ:29,240,255,37,-72
IQ:30,248,12,71,116
IQ:31,256,255,88,-13
IQ:32,264,1,-73,-15
IQ:33,272,255,-30,46
IQ:34,280,2,31,-20
IQ:35,288,255,-12,-93
SW:2
RR:3
SS:3
FR:2480
ME:30
MA:212
KE:16
KA:242
DF_END

Data arrived...
DF_BEGIN
IQ:0,0,11,98,22
IQ:1,8,11,27,-108
IQ:2,16,11,-102,17
IQ:3,24,11,25,97
IQ:4,32,11,98,-25
IQ:5,40,11,-21,-105
IQ:6,48,11,-96,36
IQ:7,56,11,37,93
IQ:8,72,12,-195,-1
IQ:9,80,255,74,69
IQ:10,88,1,275,-208
IQ:11,96,255,-161,-103
IQ:12,104,2,-57,511
IQ:13,112,255,401,131
IQ:14,120,10,212,-254
IQ:15,128,255,-22,-24
IQ:16,136,3,558,303
IQ:17,144,255,380,-444
IQ:18,152,9,-234,-354
IQ:19,160,255,-43,178
IQ:20,168,4,888,-148
IQ:21,176,255,57,-713
IQ:22,184,8,-549,-19
IQ:23,192,255,7,396
IQ:24,200,7,468,-308
IQ:25,208,255,-154,-443
IQ:26,216,6,-126,106
IQ:27,224,255,103,-33
IQ:28,232,5,-184,-436
IQ:29,240,255,-394,-72
IQ:30,248,12,-115,-161
IQ:31,256,255,-8,81
IQ:32,264,1,349,87
IQ:33,272,255,-15,-190
IQ:34,280,2,-445,259
IQ:35,288,255,56,420
SW:2
RR:3
SS:3
FR:2426
ME:21
MA:217
KE:17
KA:236
DF_END

Data arrived...
DF_BEGIN
IQ:0,0,11,3,142
IQ:1,8,11,144,-19
IQ:2,16,11,-27,-146
IQ:3,24,11,-138,51
IQ:4,32,11,50,138
IQ:5,40,11,132,-60
IQ:6,48,11,-65,-121
IQ:7,56,11,-113,90
IQ:8,72,12,56,-66
IQ:9,80,255,-78,-100
IQ:10,88,1,-80,-2
IQ:11,96,255,59,86
IQ:12,104,2,173,-16
IQ:13,112,255,-16,-110
IQ:14,120,10,-43,95
IQ:15,128,255,159,39
IQ:16,136,3,185,-215
IQ:17,144,255,-152,-199
IQ:18,152,9,-101,66
IQ:19,160,255,114,5
IQ:20,168,4,34,-306
IQ:21,176,255,-265,-77
IQ:22,184,8,-112,187
IQ:23,192,255,177,39
IQ:24,200,7,33,-268
IQ:25,208,255,-194,-44
IQ:26,216,6,73,127
IQ:27,224,255,76,-129
IQ:28,232,5,-301,-108
IQ:29,240,255,-184,198
IQ:30,248,12,73,6
IQ:31,256,255,20,-132
IQ:32,264,1,-49,-59
IQ:33,272,255,-36,98
IQ:34,280,2,105,135
IQ:35,288,255,62,-66
SW:2
RR:3
SS:3
FR:2402
ME:359
MA:353
KE:15
KA:251
DF_END

Data arrived...
DF_BEGIN
IQ:0,0,11,-59,-159
IQ:1,8,11,-153,69
IQ:2,16,11,84,136
IQ:3,24,11,129,-107
IQ:4,32,11,-123,-117
IQ:5,40,11,-110,130
IQ:6,48,11,140,93
IQ:7,56,11,81,-145
IQ:8,72,12,6,132
IQ:9,80,255,93,18
IQ:10,88,1,-53,-57
IQ:11,96,255,-55,17
IQ:12,104,2,36,-4
IQ:13,112,255,-8,-63
IQ:14,120,10,-174,-97
IQ:15,128,255,-125,67
IQ:16,136,3,-39,-53
IQ:17,144,255,-94,18
IQ:18,152,9,-95,125
IQ:19,160,255,27,67
IQ:20,168,4,-104,-43
IQ:21,176,255,-37,78
IQ:22,184,8,79,162
IQ:23,192,255,96,-17
IQ:24,200,7,-111,-23
IQ:25,208,255,-46,56
IQ:26,216,6,-14,-33
IQ:27,224,255,-61,53
IQ:28,232,5,18,154
IQ:29,240,255,76,31
IQ:30,248,12,-105,78
IQ:31,256,255,35,80
IQ:32,264,1,5,-73
IQ:33,272,255,-49,-24
IQ:34,280,2,27,28
IQ:35,288,255,88,-33
SW:2
RR:3
SS:3
FR:2480
ME:30
MA:212
KE:16
KA:242
DF_END

Data arrived...
DF_BEGIN
IQ:0,0,11,-27,-87
IQ:1,8,11,-95,27
IQ:2,16,11,48,88
IQ:3,24,11,101,-50
IQ:4,32,11,-47,-79
IQ:5,40,11,-71,82
IQ:6,48,11,70,73
IQ:7,56,11,51,-74
IQ:8,72,12,90,134
IQ:9,80,255,7,-92
IQ:10,88,1,-330,-111
IQ:11,96,255,4,181
IQ:12,104,2,468,-205
IQ:13,112,255,-121,-392
IQ:14,120,10,-331,-46
IQ:15,128,255,-16,18
IQ:16,136,3,-89,-662
IQ:17,144,255,-582,-65
IQ:18,152,9,-145,368
IQ:19,160,255,174,-103
IQ:20,168,4,-687,-669
IQ:21,176,255,-668,302
IQ:22,184,8,271,444
IQ:23,192,255,340,-221
IQ:24,200,7,-526,-270
IQ:25,208,255,-298,373
IQ:26,216,6,145,36
IQ:27,224,255,-121,-67
IQ:28,232,5,-264,407
IQ:29,240,255,206,369
IQ:30,248,12,-68,179
IQ:31,256,255,63,-51
IQ:32,264,1,-114,-314
IQ:33,272,255,-149,97
IQ:34,280,2,451,202
IQ:35,288,255,308,-281
SW:2
RR:3
SS:3
FR:2426
ME:19
MA:215
KE:17
KA:236
DF_END

Data arrived...
DF_BEGIN
IQ:0,0,11,-82,32
IQ:1,8,11,66,87
IQ:2,16,11,80,-61
IQ:3,24,11,-84,-65
IQ:4,32,11,-89,70
IQ:5,40,11,74,60
IQ:6,48,11,43,-95
IQ:7,56,11,-99,-32
IQ:8,72,12,154,-132
IQ:9,80,255,-89,12
IQ:10,88,1,-75,357
IQ:11,96,255,194,-15
IQ:12,104,2,-277,-443
IQ:13,112,255,-383,128
IQ:14,120,10,1,330
IQ:15,128,255,36,14
IQ:16,136,3,-636,169
IQ:17,144,255,-39,581
IQ:18,152,9,381,111
IQ:19,160,255,-120,-166
IQ:20,168,4,-609,676
IQ:21,176,255,379,616
IQ:22,184,8,459,-261
IQ:23,192,255,-265,-311
IQ:24,200,7,-164,527
IQ:25,208,255,399,231
IQ:26,216,6,22,-148
IQ:27,224,255,-50,90
IQ:28,232,5,398,261
IQ:29,240,255,362,-185
IQ:30,248,12,181,38
IQ:31,256,255,-56,-57
IQ:32,264,1,-309,162
IQ:33,272,255,118,155
IQ:34,280,2,202,-465
IQ:35,288,255,-296,-256
SW:2
RR:3
SS:3
FR:2426
ME:19
MA:215
KE:17
KA:232
DF_END

Data arrived...
DF_BEGIN
IQ:0,0,11,-173,-96
IQ:1,8,11,-82,173
IQ:2,16,11,180,60
IQ:3,24,11,31,-191
IQ:4,32,11,-191,-14
IQ:5,40,11,-10,192
IQ:6,48,11,195,3
IQ:7,56,11,-35,-186
IQ:8,72,12,42,94
IQ:9,80,255,161,-27
IQ:10,88,1,39,-86
IQ:11,96,255,-147,12
IQ:12,104,2,-90,213
IQ:13,112,255,148,36
IQ:14,120,10,-87,-125
IQ:15,128,255,-155,152
IQ:16,136,3,118,353
IQ:17,144,255,317,-48
IQ:18,152,9,-24,-155
IQ:19,160,255,-80,134
IQ:20,168,4,339,180
IQ:21,176,255,218,-284
IQ:22,184,8,-163,-236
IQ:23,192,255,-153,185
IQ:24,200,7,290,196
IQ:25,208,255,155,-213
IQ:26,216,6,-202,-8
IQ:27,224,255,100,175
IQ:28,232,5,334,-246
IQ:29,240,255,-111,-324
IQ:30,248,12,-58,92
IQ:31,256,255,114,129
IQ:32,264,1,98,-8
IQ:33,272,255,-96,-103
IQ:34,280,2,-215,51
IQ:35,288,255,42,122
SW:2
RR:3
SS:3
FR:2402
ME:2
MA:5
KE:15
KA:242
DF_END

Data arrived...
DF_BEGIN
IQ:0,0,11,88,-142
IQ:1,8,11,-152,-63
IQ:2,16,11,-52,163
IQ:3,24,11,159,46
IQ:4,32,11,23,-167
IQ:5,40,11,-154,10
IQ:6,48,11,43,169
IQ:7,56,11,170,-27
IQ:8,72,12,-96,93
IQ:9,80,255,38,85
IQ:10,88,1,17,-71
IQ:11,96,255,-52,-31
IQ:12,104,2,30,32
IQ:13,112,255,47,-44
IQ:14,120,10,-55,-193
IQ:15,128,255,-135,-50
IQ:16,136,3,20,-62
IQ:17,144,255,-69,-52
IQ:18,152,9,-152,20
IQ:19,160,255,-32,70
IQ:20,168,4,-25,-98
IQ:21,176,255,-80,17
IQ:22,184,8,-56,164
IQ:23,192,255,83,63
IQ:24,200,7,-48,-97
IQ:25,208,255,-70,1
IQ:26,216,6,12,-34
IQ:27,224,255,-88,-2
IQ:28,232,5,-98,122
IQ:29,240,255,33,82
IQ:30,248,12,-134,-19
IQ:31,256,255,-39,83
IQ:32,264,1,61,-42
IQ:33,272,255,-11,-59
IQ:34,280,2,-16,43
IQ:35,288,255,72,55
SW:2
RR:3
SS:3
FR:2480
ME:30
MA:209
KE:17
KA:235
DF_END

Data arrived...
DF_BEGIN
IQ:0,0,11,84,-43
IQ:1,8,11,-55,-92
IQ:2,16,11,-83,56
IQ:3,24,11,57,69
IQ:4,32,11,68,-63
IQ:5,40,11,-93,-76
IQ:6,48,11,-51,71
IQ:7,56,11,89,40
IQ:8,72,12,-162,98
IQ:9,80,255,81,15
IQ:10,88,1,133,-362
IQ:11,96,255,-183,-26
IQ:12,104,2,216,475
IQ:13,112,255,441,-92
IQ:14,120,10,60,-332
IQ:15,128,255,-49,-15
IQ:16,136,3,683,20
IQ:17,144,255,131,-551
IQ:18,152,9,-390,-182
IQ:19,160,255,48,165
IQ:20,168,4,700,-576
IQ:21,176,255,-279,-660
IQ:22,184,8,-499,222
IQ:23,192,255,189,362
IQ:24,200,7,285,-518
IQ:25,208,255,-362,-333
IQ:26,216,6,-69,133
IQ:27,224,255,71,-79
IQ:28,232,5,-389,-254
IQ:29,240,255,-358,169
IQ:30,248,12,-192,-71
IQ:31,256,255,56,81
IQ:32,264,1,355,-105
IQ:33,272,255,-95,-169
IQ:34,280,2,-234,458
IQ:35,288,255,287,332
SW:2
RR:3
SS:3
FR:2426
ME:19
MA:215
KE:17
KA:231
DF_END

Data arrived...
DF_BEGIN
IQ:0,0,11,-41,-191
IQ:1,8,11,-180,55
IQ:2,16,11,76,174
IQ:3,24,11,167,-85
IQ:4,32,11,-120