IQ:13,112,255,-109,-82
IQ:14,120,10,-3,140
IQ:15,128,255,186,-35
IQ:16,136,3,39,-299
IQ:17,144,255,-250,-67
IQ:18,152,9,-40,149
IQ:19,160,255,125,-44
IQ:20,168,4,-145,-268
IQ:21,176,255,-271,112
IQ:22,184,8,46,233
IQ:23,192,255,197,-83
IQ:24,200,7,-151,-251
IQ:25,208,255,-202,108
IQ:26,216,6,154,105
IQ:27,224,255,17,-172
IQ:28,232,5,-304,31
IQ:29,240,255,-40,263
IQ:30,248,12,90,-18
IQ:31,256,255,-37,-135
IQ:32,264,1,-99,-16
IQ:33,272,255,28,126
IQ:34,280,2,176,46
IQ:35,288,255,7,-120
SW:2
RR:3
SS:3
FR:2402
ME:359
MA:353
KE:12
KA:279
DF_END

Data arrived...
DF_BEGIN
IQ:0,0,11,-157,-48
IQ:1,8,11,-42,159
IQ:2,16,11,154,24
IQ:3,24,11,-9,-160
IQ:4,32,11,-167,8
IQ:5,40,11,15,162
IQ:6,48,11,152,-52
IQ:7,56,11,-81,-139
IQ:8,72,12,98,76
IQ:9,80,255,72,-53
IQ:10,88,1,-72,-7
IQ:11,96,255,-19,47
IQ:12,104,2,32,-30
IQ:13,112,255,-48,-40
IQ:14,120,10,-169,71
IQ:15,128,255,-29,128
IQ:16,136,3,-61,-13
IQ:17,144,255,-43,74
IQ:18,152,9,48,148
IQ:19,160,255,62,18
IQ:20,168,4,-102,50
IQ:21,176,255,23,89
IQ:22,184,8,159,49
IQ:23,192,255,50,-77
IQ:24,200,7,-77,63
IQ:25,208,255,12,60
IQ:26,216,6,-42,-8
IQ:27,224,255,-1,83
IQ:28,232,5,133,90
IQ:29,240,255,72,-37
IQ:30,248,12,-10,133
IQ:31,256,255,78,33
IQ:32,264,1,-46,-58
IQ:33,272,255,-54,15
IQ:34,280,2,42,8
IQ:35,288,255,39,-86
SW:2
RR:3
SS:3
FR:2480
ME:30
MA:209
KE:13
KA:264
DF_END

Data arrived...
DF_BEGIN
IQ:0,0,11,-62,-146
IQ:1,8,11,-136,67
IQ:2,16,11,78,132
IQ:3,24,11,129,-96
IQ:4,32,11,-92,-113
IQ:5,40,11,-105,117
IQ:6,48,11,125,90
IQ:7,56,11,67,-131
IQ:8,72,12,-55,88
IQ:9,80,255,118,75
IQ:10,88,1,87,-59
IQ:11,96,255,-114,-83
IQ:12,104,2,-150,109
IQ:13,112,255,101,92
IQ:14,120,10,17,-124
IQ:15,128,255,-175,28
IQ:16,136,3,-43,306
IQ:17,144,255,251,78
IQ:18,152,9,60,-140
IQ:19,160,255,-144,29
IQ:20,168,4,87,301
IQ:21,176,255,276,-85
IQ:22,184,8,-20,-253
IQ:23,192,255,-202,62
IQ:24,200,7,131,263
IQ:25,208,255,221,-95
IQ:26,216,6,-138,-111
IQ:27,224,255,-39,173
IQ:28,232,5,301,21
IQ:29,240,255,61,-268
IQ:30,248,12,-98,20
IQ:31,256,255,8,152
IQ:32,264,1,99,28
IQ:33,272,255,-8,-138
IQ:34,280,2,-180,-50
IQ:35,288,255,-17,104
SW:2
RR:3
SS:3
FR:2402
ME:2
MA:5
KE:12
KA:285
DF_END

Data arrived...
DF_BEGIN
IQ:0,0,11,-142,-78
IQ:1,8,11,-68,144
IQ:2,16,11,143,42
IQ:3,24,11,25,-157
IQ:4,32,11,-152,-11
IQ:5,40,11,12,154
IQ:6,48,11,158,-17
IQ:7,56,11,-23,-155
IQ:8,72,12,27,98
IQ:9,80,255,146,-17
IQ:10,88,1,24,-102
IQ:11,96,255,-135,24
IQ:12,104,2,-34,181
IQ:13,112,255,135,1
IQ:14,120,10,-76,-112
IQ:15,128,255,-123,133
IQ:16,136,3,137,267
IQ:17,144,255,238,-94
IQ:18,152,9,-46,-145
IQ:19,160,255,-80,121
IQ:20,168,4,275,147
IQ:21,176,255,171,-239
IQ:22,184,8,-174,-181
IQ:23,192,255,-111,167
IQ:24,200,7,264,127
IQ:25,208,255,98,-212
IQ:26,216,6,-179,19
IQ:27,224,255,76,157
IQ:28,232,5,240,-200
IQ:29,240,255,-122,-246
IQ:30,248,12,-70,75
IQ:31,256,255,97,105
IQ:32,264,1,94,-43
IQ:33,272,255,-100,-86
IQ:34,280,2,-164,81
IQ:35,288,255,71,93
SW:2
RR:3
SS:3
FR:2402
ME:2
MA:5
KE:11
KA:305
DF_END

Data arrived...
DF_BEGIN
IQ:0,0,11,-147,-78
IQ:1,8,11,-64,147
IQ:2,16,11,152,41
IQ:3,24,11,21,-158
IQ:4,32,11,-164,-4
IQ:5,40,11,7,167
IQ:6,48,11,152,-28
IQ:7,56,11,-59,-157
IQ:8,72,12,77,101
IQ:9,80,255,87,-30
IQ:10,88,1,-73,-19
IQ:11,96,255,-28,45
IQ:12,104,2,38,-30
IQ:13,112,255,-39,-56
IQ:14,120,10,-187,45
IQ:15,128,255,-50,128
IQ:16,136,3,-60,-31
IQ:17,144,255,-62,63
IQ:18,152,9,18,152
IQ:19,160,255,67,34
IQ:20,168,4,-111,18
IQ:21,176,255,-11,87
IQ:22,184,8,137,94
IQ:23,192,255,68,-65
IQ:24,200,7,-99,31
IQ:25,208,255,-10,65
IQ:26,216,6,-44,-7
IQ:27,224,255,-8,81
IQ:28,232,5,103,117
IQ:29,240,255,79,-17
IQ:30,248,12,-36,134
IQ:31,256,255,70,51
IQ:32,264,1,-36,-66
IQ:33,272,255,-63,10
IQ:34,280,2,44,19
IQ:35,288,255,56,-82
SW:2
RR:3
SS:3
FR:2480
ME:27
MA:209
KE:12
KA:286
DF_END

Data arrived...
DF_BEGIN
IQ:0,0,11,47,-109
IQ:1,8,11,-50,53
IQ:2,16,11,-32,102
IQ:3,24,11,40,-73
IQ:4,32,11,8,-97
IQ:5,40,11,-35,86
IQ:6,48,11,85,88
IQ:7,56,11,68,-4
IQ:8,72,12,68,265
IQ:9,80,255,38,-99
IQ:10,88,1,-318,-332
IQ:11,96,255,-124,196
IQ:12,104,2,534,42
IQ:13,112,255,140,-432
IQ:14,120,10,-294,-150
IQ:15,128,255,-46,99
IQ:16,136,3,318,-533
IQ:17,144,255,-524,-382
IQ:18,152,9,-486,161
IQ:19,160,255,243,84
IQ:20,168,4,-3,-876
IQ:21,176,255,-703,-43
IQ:22,184,8,-61,660
IQ:23,192,255,415,47
IQ:24,200,7,-388,-532
IQ:25,208,255,-531,168
IQ:26,216,6,119,245
IQ:27,224,255,3,-100
IQ:28,232,5,-473,39
IQ:29,240,255,-129,415
IQ:30,248,12,-167,207
IQ:31,256,255,150,1
IQ:32,264,1,70,-406
IQ:33,272,255,-265,18
IQ:34,280,2,293,471
IQ:35,288,255,461,-79
SW:2
RR:3
SS:3
FR:2426
ME:21
MA:220
KE:13
KA:270
DF_END

Data arrived...
DF_BEGIN
IQ:0,0,11,-19,-162
IQ:1,8,11,-151,50
IQ:2,16,11,70,159
IQ:3,24,11,160,-66
IQ:4,32,11,-82,-140
IQ:5,40,11,-127,105
IQ:6,48,11,107,128
IQ:7,56,11,107,-121
IQ:8,72,12,-72,84
IQ:9,80,255,113,106
IQ:10,88,1,104,-55
IQ:11,96,255,-105,-106
IQ:12,104,2,-157,80
IQ:13,112,255,92,105
IQ:14,120,10,45,-135
IQ:15,128,255,-195,-7
IQ:16,136,3,-118,283
IQ:17,144,255,232,129
IQ:18,152,9,78,-136
IQ:19,160,255,-151,14
IQ:20,168,4,50,303
IQ:21,176,255,294,-46
IQ:22,184,8,33,-264
IQ:23,192,255,-217,14
IQ:24,200,7,86,284
IQ:25,208,255,223,-57
IQ:26,216,6,-131,-136
IQ:27,224,255,-79,169
IQ:28,232,5,310,71
IQ:29,240,255,119,-256
IQ:30,248,12,-111,-13
IQ:31,256,255,-15,152
IQ:32,264,1,100,47
IQ:33,272,255,9,-138
IQ:34,280,2,-176,-96
IQ:35,288,255,-34,113
SW:2
RR:3
SS:3
FR:2402
ME:359
MA:353
KE:12
KA:288
DF_END

Data arrived...
DF_BEGIN
IQ:0,0,11,88,-133
IQ:1,8,11,-136,-87
IQ:2,16,11,-67,146
IQ:3,24,11,153,49
IQ:4,32,11,26,-159
IQ:5,40,11,-158,-21
IQ:6,48,11,-6,161
IQ:7,56,11,158,-12
IQ:8,72,12,-112,15
IQ:9,80,255,16,145
IQ:10,88,1,107,22
IQ:11,96,255,-17,-148
IQ:12,104,2,-189,-65
IQ:13,112,255,-24,140
IQ:14,120,10,130,-62
IQ:15,128,255,-129,-149
IQ:16,136,3,-289,118
IQ:17,144,255,71,261
IQ:18,152,9,156,-42
IQ:19,160,255,-109,-104
IQ:20,168,4,-184,250
IQ:21,176,255,223,197
IQ:22,184,8,214,-146
IQ:23,192,255,-174,-138
IQ:24,200,7,-146,263
IQ:25,208,255,205,132
IQ:26,216,6,3,-186
IQ:27,224,255,-158,76
IQ:28,232,5,183,262
IQ:29,240,255,261,-102
IQ:30,248,12,-64,-75
IQ:31,256,255,-112,96
IQ:32,264,1,42,104
IQ:33,272,255,98,-101
IQ:34,280,2,-71,-169
IQ:35,288,255,-110,60
SW:2
RR:3
SS:3
FR:2402
ME:2
MA:5
KE:11
KA:306
DF_END

Data arrived...
DF_BEGIN
IQ:0,0,11,129,96
IQ:1,8,11,73,-147
IQ:2,16,11,-148,-64
IQ:3,24,11,-37,155
IQ:4,32,11,162,21
IQ:5,40,11,-5,-162
IQ:6,48,11,-160,11
IQ:7,56,11,20,159
IQ:8,72,12,-66,-110
IQ:9,80,255,-89,23
IQ:10,88,1,71,33
IQ:11,96,255,39,-48
IQ:12,104,2,-42,26
IQ:13,112,255,41,53
IQ:14,120,10,185,-19
IQ:15,128,255,62,-120
IQ:16,136,3,49,36
IQ:17,144,255,68,-58
IQ:18,152,9,20,-155
IQ:19,160,255,-63,-34
IQ:20,168,4,113,-4
IQ:21,176,255,12,-84
IQ:22,184,8,-136,-105
IQ:23,192,255,-78,56
IQ:24,200,7,98,-26
IQ:25,208,255,19,-66
IQ:26,216,6,39,10
IQ:27,224,255,20,-77
IQ:28,232,5,-85,-121
IQ:29,240,255,-79,9
IQ:30,248,12,50,-123
IQ:31,256,255,-66,-63
IQ:32,264,1,19,69
IQ:33,272,255,60,-6
IQ:34,280,2,-43,-31
IQ:35,288,255,-73,67
SW:2
RR:3
SS:3
FR:2480
ME:27
MA:209
KE:12
KA:286
DF_END

Data arrived...
DF_BEGIN
IQ:0,0,11,52,-90
IQ:1,8,11,-85,-54
IQ:2,16,11,-38,95
IQ:3,24,11,106,30
IQ:4,32,11,21,-85
IQ:5,40,11,-91,-14
IQ:6,48,11,-17,90
IQ:7,56,11,112,-13
IQ:8,72,12,-79,209
IQ:9,80,255,138,-68
IQ:10,88,1,-116,-370
IQ:11,96,255,-213,144
IQ:12,104,2,442,295
IQ:13,112,255,310,-334
IQ:14,120,10,-163,-328
IQ:15,128,255,-66,9
IQ:16,136,3,536,-383
IQ:17,144,255,-229,-567
IQ:18,152,9,-453,28
IQ:19,160,255,161,145
IQ:20,168,4,317,-855
IQ:21,176,255,-636,-411
IQ:22,184,8,-376,462
IQ:23,192,255,385,233
IQ:24,200,7,-34,-650
IQ:25,208,255,-560,-108
IQ:26,216,6,-7,197
IQ:27,224,255,62,-92
IQ:28,232,5,-467,-117
IQ:29,240,255,-319,308
IQ:30,248,12,-215,83
IQ:31,256,255,101,45
IQ:32,264,1,234,-338
IQ:33,272,255,-231,-100
IQ:34,280,2,26,528
IQ:35,288,255,427,120
SW:2
RR:3
SS:3
FR:2426
ME:19
MA:217
KE:13
KA:269
DF_END

Data arrived...
DF_BEGIN
IQ:0,0,11,50,152
IQ:1,8,11,152,-61
IQ:2,16,11,-60,-156
IQ:3,24,11,-151,58
IQ:4,32,11,81,130
IQ:5,40,11,119,-105
IQ:6,48,11,-113,-115
IQ:7,56,11,-100,125
IQ:8,72,12,67,-88
IQ:9,80,255,-110,-96
IQ:10,88,1,-92,59
IQ:11,96,255,106,88
IQ:12,104,2,160,-91
IQ:13,112,255,-96,-99
IQ:14,120,10,-36,138
IQ:15,128,255,192,21
IQ:16,136,3,126,-272
IQ:17,144,255,-229,-127
IQ:18,152,9,-87,133
IQ:19,160,255,142,-15
IQ:20,168,4,-80,-312
IQ:21,176,255,-297,18
IQ:22,184,8,-37,255
IQ:23,192,255,209,-21
IQ:24,200,7,-90,-291
IQ:25,208,255,-240,51
IQ:26,216,6,117,136
IQ:27,224,255,71,-168
IQ:28,232,5,-295,-69
IQ:29,240,255,-100,254
IQ:30,248,12,102,8
IQ:31,256,255,3,-148
IQ:32,264,1,-98,-39
IQ:33,272,255,-7,136
IQ:34,280,2,158,83
IQ:35,288,255,40,-112
SW:2
RR:3
SS:3
FR:2402
ME:2
MA:5
KE:12
KA:289
DF_END

Data arrived...
DF_BEGIN
IQ:0,0,11,-157,49
IQ:1,8,11,69,146
IQ:2,16,11,127,-93
IQ:3,24,11,-107,-119
IQ:4,32,11,-115,119
IQ:5,40,11,126,95
IQ:6,48,11,80,-139
IQ:7,56,11,-146,-63
IQ:8,72,12,119,10
IQ:9,80,255,33,-82
IQ:10,88,1,-62,45
IQ:11,96,255,8,50
IQ:12,104,2,8,-47
IQ:13,112,255,-66,-4
IQ:14,120,10,-82,171
IQ:15,128,255,64,117
IQ:16,136,3,-58,28
IQ:17,144,255,7,93
IQ:18,152,9,119,93
IQ:19,160,255,68,-25
IQ:20,168,4,-57,92
IQ:21,176,255,62,56
IQ:22,184,8,159,-52
IQ:23,192,255,-6,-96
IQ:24,200,7,-27,102
IQ:25,208,255,42,47
IQ:26,216,6,-30,26
IQ:27,224,255,52,54
IQ:28,232,5,151,-4
IQ:29,240,255,36,-71
IQ:30,248,12,64,102
IQ:31,256,255,79,-24
IQ:32,264,1,-74,-16
IQ:33,272,255,-33,50
IQ:34,280,2,45,-29
IQ:35,288,255,-30,-90
SW:2
RR:3
SS:3
FR:2480
ME:27
MA:209
KE:13
KA:270
DF_END

Data arrived...
DF_BEGIN
IQ:0,0,11,-53,-87
IQ:1,8,11,-85,60
IQ:2,16,11,77,68
IQ:3,24,11,62,-77
IQ:4,32,11,-79,-61
IQ:5,40,11,-35,92
IQ:6,48,11,85,43
IQ:7,56,11,37,-94
IQ:8,72,12,183,105
IQ:9,80,255,-49,-113
IQ:10,88,1,-380,78
IQ:11,96,255,111,205
IQ:12,104,2,342,-390
IQ:13,112,255,-290,-323
IQ:14,120,10,-318,130
IQ:15,128,255,33,42
IQ:16,136,3,-305,-573
IQ:17,144,255,-598,133
IQ:18,152,9,-50,414
IQ:19,160,255,136,-128
IQ:20,168,4,-853,-371
IQ:21,176,255,-475,571
IQ:22,184,8,409,406
IQ:23,192,255,237,-329
IQ:24,200,7,-618,37
IQ:25,208,255,-130,533
IQ:26,216,6,196,14
IQ:27,224,255,-92,-61
IQ:28,232,5,-149,470
IQ:29,240,255,288,298
IQ:30,248,12,34,214
IQ:31,256,255,45,-96
IQ:32,264,1,-289,-288
IQ:33,272,255,-112,191
IQ:34,280,2,521,5
IQ:35,288,255,155,-387
SW:2
RR:3
SS:3
FR:2426
ME:19
MA:215
KE:14
KA:256
DF_END

Data arrived...
DF_BEGIN
IQ:0,0,11,127,101
IQ:1,8,11,98,-122
IQ:2,16,11,-135,-84
IQ:3,24,11,-53,143
IQ:4,32,11,151,48
IQ:5,40,11,23,-155
IQ:6,48,11,-156,-22
IQ:7,56,11,-4,156
IQ:8,72,12,12,-100
IQ:9,80,255,-132,-5
IQ:10,88,1,-27,95
IQ:11,96,255,138,5
IQ:12,104,2,87,-154
IQ:13,112,255,-134,-36
IQ:14,120,10,51,122
IQ:15,128,255,147,-119
IQ:16,136,3,-72,-292
IQ:17,144,255,-257,0
IQ:18,152,9,-3,150
IQ:19,160,255,89,-85
IQ:20,168,4,-256,-178
IQ:21,176,255,-210,199
IQ:22,184,8,124,218
IQ:23,192,255,153,-142
IQ:24,200,7,-216,-178
IQ:25,208,255,-146,181
IQ:26,216,6,175,34
IQ:27,224,255,-52,-166
IQ:28,232,5,-272,159
IQ:29,240,255,72,257
IQ:30,248,12,74,-64
IQ:31,256,255,-86,-126
IQ:32,264,1,-97,23
IQ:33,272,255,66,114
IQ:34,280,2,171,-33
IQ:35,288,255,-30,-101
SW:2
RR:3
SS:3
FR:2402
ME:2
MA:5
KE:13
KA:276
DF_END

Data arrived...
DF_BEGIN
IQ:0,0,11,-131,101
IQ:1,8,11,106,131
IQ:2,16,11,113,-116
IQ:3,24,11,-133,-90
IQ:4,32,11,-75,148
IQ:5,40,11,151,56
IQ:6,48,11,51,-158
IQ:7,56,11,-170,-22
IQ:8,72,12,127,-38
IQ:9,80,255,-10,-93
IQ:10,88,1,-47,65
IQ:11,96,255,33,45
IQ:12,104,2,-11,-45
IQ:13,112,255,-64,19
IQ:14,120,10,-35,190
IQ:15,128,255,93,103
IQ:16,136,3,-45,35
IQ:17,144,255,31,83
IQ:18,152,9,152,56
IQ:19,160,255,68,-56
IQ:20,168,4,-30,98
IQ:21,176,255,74,36
IQ:22,184,8,137,-104
IQ:23,192,255,-39,-94
IQ:24,200,7,-12,102
IQ:25,208,255,56,39
IQ:26,216,6,-13,31
IQ:27,224,255,64,38
IQ:28,232,5,143,-47
IQ:29,240,255,23,-75
IQ:30,248,12,112,73
IQ:31,256,255,73,-55
IQ:32,264,1,-77,4
IQ:33,272,255,-10,61
IQ:34,280,2,29,-34
IQ:35,288,255,-57,-80
SW:2
RR:3
SS:3
FR:2480
ME:27
MA:209
KE:14
KA:258
DF_END

Data arrived...
DF_BEGIN
IQ:0,0,11,141,-70
IQ:1,8,11,-93,-139
IQ:2,16,11,-126,103
IQ:3,24,11,118,109
IQ:4,32,11,89,-131
IQ:5,40,11,-145,-72
IQ:6,48,11,-58,151
IQ:7,56,11,161,49
IQ:8,72,12,-132,6
IQ:9,80,255,-23,88
IQ:10,88,1,48,-54
IQ:11,96,255,-29,-46
IQ:12,104,2,1,52
IQ:13,112,255,62,-4
IQ:14,120,10,69,-175
IQ:15,128,255,-77,-110
IQ:16,136,3,49,-32
IQ:17,144,255,-20,-83
IQ:18,152,9,-142,-77
IQ:19,160,255,-70,33
IQ:20,168,4,56,-90
IQ:21,176,255,-67,-57
IQ:22,184,8,-150,67
IQ:23,192,255,12,94
IQ:24,200,7,12,-97
IQ:25,208,255,-50,-39
IQ:26,216,6,25,-22
IQ:27,224,255,-61,-58
IQ:28,232,5,-150,17
IQ:29,240,255,-29,70
IQ:30,248,12,-85,-107
IQ:31,256,255,-81,29
IQ:32,264,1,73,11
IQ:33,272,255,24,-52
IQ:34,280,2,-44,31
IQ:35,288,255,38,90
SW:2
RR:3
SS:3
FR:2480
ME:27
MA:209
KE:15
KA:244
DF_END

Data arrived...
DF_BEGIN
IQ:0,0,11,-36,-150
IQ:1,8,11,-140,54
IQ:2,16,11,64,133
IQ:3,24,11,121,-80
IQ:4,32,11,-101,-119
IQ:5,40,11,-109,109
IQ:6,48,11,114,98
IQ:7,56,11,79,-122
IQ:8,72,12,-58,74
IQ:9,80,255,111,83
IQ:10,88,1,78,-57
IQ:11,96,255,-107,-77
IQ:12,104,2,-152,87
IQ:13,112,255,83,95
IQ:14,120,10,16,-128
IQ:15,128,255,-174,-5
IQ:16,136,3,-111,272
IQ:17,144,255,234,115
IQ:18,152,9,72,-131
IQ:19,160,255,-128,30
IQ:20,168,4,91,303
IQ:21,176,255,271,-63
IQ:22,184,8,-9,-255
IQ:23,192,255,-203,37
IQ:24,200,7,110,269
IQ:25,208,255,222,-73
IQ:26,216,6,-118,-125
IQ:27,224,255,-44,163
IQ:28,232,5,309,25
IQ:29,240,255,90,-261
IQ:30,248,12,-87,4
IQ:31,256,255,20,146
IQ:32,264,1,95,31
IQ:33,272,255,-14,-134
IQ:34,280,2,-167,-64
IQ:35,288,255,-28,108
SW:2
RR:3
SS:3
FR:2402
ME:2
MA:5
KE:14
KA:260
DF_END

Data arrived...
DF_BEGIN
IQ:0,0,11,80,-39
IQ:1,8,11,-20,-83
IQ:2,16,11,-89,44
IQ:3,24,11,33,85
IQ:4,32,11,76,-33
IQ:5,40,11,-59,-89
IQ:6,48,11,-62,81
IQ:7,56,11,80,59
IQ:8,72,12,-216,108
IQ:9,80,255,141,60
IQ:10,88,1,228,-347
IQ:11,96,255,-268,-79
IQ:12,104,2,35,546
IQ:13,112,255,470,-6
IQ:14,120,10,135,-353
IQ:15,128,255,-85,-17
IQ:16,136,3,630,203
IQ:17,144,255,350,-525
IQ:18,152,9,-309,-357
IQ:19,160,255,-48,197
IQ:20,168,4,860,-325
IQ:21,176,255,-36,-760
IQ:22,184,8,-587,-17
IQ:23,192,255,19,448
IQ:24,200,7,527,-394
IQ:25,208,255,-239,-512
IQ:26,216,6,-163,118
IQ:27,224,255,119,5
IQ:28,232,5,-171,-428
IQ:29,240,255,-435,-78
IQ:30,248,12,-225,-135
IQ:31,256,255,24,163
IQ:32,264,1,419,-50
IQ:33,272,255,-90,-232
IQ:34,280,2,-377,382
IQ:35,288,255,200,397
SW:2
RR:3
SS:3
FR:2426
ME:19
MA:220
KE:15
KA:248
DF_END

Data arrived...
DF_BEGIN
IQ:0,0,11,149,38
IQ:1,8,11,4,-144
IQ:2,16,11,-154,11
IQ:3,24,11,18,144
IQ:4,32,11,157,-31
IQ:5,40,11,-42,-143
IQ:6,48,11,-139,62
IQ:7,56,11,69,136
IQ:8,72,12,-50,-85
IQ:9,80,255,-126,61
IQ:10,88,1,11,105
IQ:11,96,255,122,-61
IQ:12,104,2,-15,-183
IQ:13,112,255,-129,36
IQ:14,120,10,101,72
IQ:15,128,255,69,-174
IQ:16,136,3,-199,-207
IQ:17,144,255,-199,173
IQ:18,152,9,85,129
IQ:19,160,255,35,-130
IQ:20,168,4,-313,-31
IQ:21,176,255,-74,284
IQ:22,184,8,218,130
IQ:23,192,255,69,-197
IQ:24,200,7,-286,-35
IQ:25,208,255,-27,224
IQ:26,216,6,168,-80
IQ:27,224,255,-112,-126
IQ:28,232,5,-169,253
IQ:29,240,255,183,198
IQ:30,248,12,43,-78
IQ:31,256,255,-123,-69
IQ:32,264,1,-72,64
IQ:33,272,255,121,56
IQ:34,280,2,138,-108
IQ:35,288,255,-92,-72
SW:2
RR:3
SS:3
FR:2402
ME:359
MA:353
KE:13
KA:264
DF_END

Data arrived...
DF_BEGIN
IQ:0,0,11,146,70
IQ:1,8,11,66,-150
IQ:2,16,11,-153,-48
IQ:3,24,11,-23,161
IQ:4,32,11,164,9
IQ:5,40,11,-5,-163
IQ:6,48,11,-164,24
IQ:7,56,11,36,160
IQ:8,72,12,-85,-92
IQ:9,80,255,-84,40
IQ:10,88,1,81,17
IQ:11,96,255,34,-48
IQ:12,104,2,-40,32
IQ:13,112,255,43,51
IQ:14,120,10,178,-51
IQ:15,128,255,48,-126
IQ:16,136,3,56,25
IQ:17,144,255,58,-61
IQ:18,152,9,-9,-156
IQ:19,160,255,-64,-38
IQ:20,168,4,110,-20
IQ:21,176,255,4,-84
IQ:22,184,8,-150,-77
IQ:23,192,255,-60,65
IQ:24,200,7,90,-42
IQ:25,208,255,7,-63
IQ:26,216,6,41,10
IQ:27,224,255,7,-88
IQ:28,232,5,-101,-118
IQ:29,240,255,-83,16
IQ:30,248,12,46,-121
IQ:31,256,255,-78,-45
IQ:32,264,1,39,64
IQ:33,272,255,57,-11
IQ:34,280,2,-40,-15
IQ:35,288,255,-61,72
SW:2
RR:3
SS:3
FR:2480
ME:30
MA:209
KE:15
KA:249
DF_END

Data arrived...
DF_BEGIN
IQ:0,0,11,106,-120
IQ:1,8,11,-134,-84
IQ:2,16,11,-66,148
IQ:3,24,11,151,58
IQ:4,32,11,36,-153
IQ:5,40,11,-152,-14
IQ:6,48,11,-8,166
IQ:7,56,11,160,-6
IQ:8,72,12,-107,69
IQ:9,80,255,8,90
IQ:10,88,1,26,-64
IQ:11,96,255,-43,-32
IQ:12,104,2,22,46
IQ:13,112,255,53,-31
IQ:14,120,10,-27,-184
IQ:15,128,255,-107,-63
IQ:16,136,3,25,-50
IQ:17,144,255,-60,-66
IQ:18,152,9,-156,-16
IQ:19,160,255,-41,66
IQ:20,168,4,-6,-106
IQ:21,176,255,-83,0
IQ:22,184,8,-92,150
IQ:23,192,255,61,75
IQ:24,200,7,-32,-103
IQ:25,208,255,-62,-16
IQ:26,216,6,16,-35
IQ:27,224,255,-81,-20
IQ:28,232,5,-127,79
IQ:29,240,255,6,82
IQ:30,248,12,-127,-49
IQ:31,256,255,-59,65
IQ:32,264,1,64,-20
IQ:33,272,255,1,-54
IQ:34,280,2,-19,36
IQ:35,288,255,68,64
SW:2
RR:3
SS:3
FR:2480
ME:30
MA:209
KE:16
KA:239
DF_END

Data arrived...
DF_BEGIN
IQ:0,0,11,-35,-92
IQ:1,8,11,-103,52
IQ:2,16,11,43,93
IQ:3,24,11,95,-60
IQ:4,32,11,-78,-84
IQ:5,40,11,-78,72
IQ:6,48,11,84,74
IQ:7,56,11,63,-90
IQ:8,72,12,138,204
IQ:9,80,255,45,-144
IQ:10,88,1,-373,-159
IQ:11,96,255,-49,228
IQ:12,104,2,496,-210
IQ:13,112,255,-82,-419
IQ:14,120,10,-366,-104
IQ:15,128,255,0,67
IQ:16,1