MA:44
KE:35
KA:38
DF_END

Data arrived...
DF_BEGIN
IQ:0,0,11,-1,-151
IQ:1,8,11,-149,13
IQ:2,16,11,33,141
IQ:3,24,11,133,-53
IQ:4,32,11,-70,-134
IQ:5,40,11,-121,84
IQ:6,48,11,93,105
IQ:7,56,11,99,-107
IQ:8,72,12,-86,17
IQ:9,80,255,3,79
IQ:10,88,1,37,17
IQ:11,96,255,27,-14
IQ:12,104,2,51,-6
IQ:13,112,255,60,-67
IQ:14,120,10,86,-164
IQ:15,128,255,-69,-95
IQ:16,136,3,56,-7
IQ:17,144,255,66,-54
IQ:18,152,9,69,-83
IQ:19,160,255,-16,-34
IQ:20,168,4,96,16
IQ:21,176,255,74,-53
IQ:22,184,8,106,17
IQ:23,192,255,34,-81
IQ:24,200,7,-21,-88
IQ:25,208,255,-79,-27
IQ:26,216,6,-45,-3
IQ:27,224,255,26,54
IQ:28,232,5,104,-7
IQ:29,240,255,5,-106
IQ:30,248,12,-78,-45
IQ:31,256,255,-52,58
IQ:32,264,1,20,33
IQ:33,272,255,23,-3
IQ:34,280,2,43,26
IQ:35,288,255,84,-31
SW:2
RR:3
SS:3
FR:2480
ME:47
MA:55
KE:36
KA:40
DF_END

Data arrived...
DF_BEGIN
IQ:0,0,11,-107,-143
IQ:1,8,11,-135,135
IQ:2,16,11,119,107
IQ:3,24,11,118,-131
IQ:4,32,11,-175,-105
IQ:5,40,11,-83,153
IQ:6,48,11,179,39
IQ:7,56,11,33,-174
IQ:8,72,12,-212,192
IQ:9,80,255,125,187
IQ:10,88,1,180,-57
IQ:11,96,255,-23,-150
IQ:12,104,2,-50,-60
IQ:13,112,255,-4,-24
IQ:14,120,10,-2,-317
IQ:15,128,255,-208,-100
IQ:16,136,3,-4,-13
IQ:17,144,255,50,-61
IQ:18,152,9,13,-173
IQ:19,160,255,-73,-36
IQ:20,168,4,135,50
IQ:21,176,255,88,-107
IQ:22,184,8,42,-139
IQ:23,192,255,-107,-42
IQ:24,200,7,-12,25
IQ:25,208,255,36,-31
IQ:26,216,6,-103,-72
IQ:27,224,255,9,99
IQ:28,232,5,168,-51
IQ:29,240,255,-27,-172
IQ:30,248,12,-271,-35
IQ:31,256,255,-45,225
IQ:32,264,1,179,51
IQ:33,272,255,97,-154
IQ:34,280,2,1,-94
IQ:35,288,255,-5,-30
SW:2
RR:3
SS:3
FR:2426
ME:41
MA:52
KE:37
KA:42
DF_END

Data arrived...
DF_BEGIN
IQ:0,0,11,149,19
IQ:1,8,11,-50,-167
IQ:2,16,11,-134,18
IQ:3,24,11,23,180
IQ:4,32,11,126,-85
IQ:5,40,11,-122,-159
IQ:6,48,11,-165,96
IQ:7,56,11,101,118
IQ:8,72,12,-62,-285
IQ:9,80,255,-265,-41
IQ:10,88,1,-18,187
IQ:11,96,255,116,41
IQ:12,104,2,100,3
IQ:13,112,255,-4,-12
IQ:14,120,10,249,211
IQ:15,128,255,211,-95
IQ:16,136,3,34,50
IQ:17,144,255,13,123
IQ:18,152,9,100,94
IQ:19,160,255,99,-84
IQ:20,168,4,-109,117
IQ:21,176,255,0,170
IQ:22,184,8,103,88
IQ:23,192,255,96,-73
IQ:24,200,7,-28,-43
IQ:25,208,255,-16,79
IQ:26,216,6,64,-18
IQ:27,224,255,-90,-45
IQ:28,232,5,-96,180
IQ:29,240,255,233,61
IQ:30,248,12,110,-202
IQ:31,256,255,-204,-182
IQ:32,264,1,-202,79
IQ:33,272,255,36,142
IQ:34,280,2,54,18
IQ:35,288,255,18,-5
SW:2
RR:3
SS:3
FR:2426
ME:44
MA:52
KE:38
KA:43
DF_END

Data arrived...
DF_BEGIN
IQ:0,0,11,166,-21
IQ:1,8,11,-26,-174
IQ:2,16,11,-165,43
IQ:3,24,11,60,169
IQ:4,32,11,154,-82
IQ:5,40,11,-97,-157
IQ:6,48,11,-136,116
IQ:7,56,11,126,124
IQ:8,72,12,-61,-278
IQ:9,80,255,-306,37
IQ:10,88,1,-127,311
IQ:11,96,255,263,128
IQ:12,104,2,132,-129
IQ:13,112,255,-34,-27
IQ:14,120,10,313,140
IQ:15,128,255,266,-163
IQ:16,136,3,161,10
IQ:17,144,255,25,46
IQ:18,152,9,189,255
IQ:19,160,255,208,-45
IQ:20,168,4,-51,110
IQ:21,176,255,34,194
IQ:22,184,8,113,275
IQ:23,192,255,221,-66
IQ:24,200,7,74,-144
IQ:25,208,255,-29,-48
IQ:26,216,6,156,-15
IQ:27,224,255,-85,-34
IQ:28,232,5,-71,350
IQ:29,240,255,306,140
IQ:30,248,12,136,-251
IQ:31,256,255,-245,-204
IQ:32,264,1,-306,145
IQ:33,272,255,94,280
IQ:34,280,2,185,4
IQ:35,288,255,36,-69
SW:2
RR:3
SS:3
FR:2402
ME:38
MA:44
KE:39
KA:44
DF_END

Data arrived...
DF_BEGIN
IQ:0,0,11,98,104
IQ:1,8,11,93,-113
IQ:2,16,11,-124,-76
IQ:3,24,11,-54,132
IQ:4,32,11,138,44
IQ:5,40,11,36,-140
IQ:6,48,11,-150,-19
IQ:7,56,11,-3,145
IQ:8,72,12,56,-72
IQ:9,80,255,-50,-52
IQ:10,88,1,-45,8
IQ:11,96,255,-15,31
IQ:12,104,2,-26,40
IQ:13,112,255,3,85
IQ:14,120,10,47,179
IQ:15,128,255,119,22
IQ:16,136,3,-35,50
IQ:17,144,255,-4,83
IQ:18,152,9,10,111
IQ:19,160,255,37,25
IQ:20,168,4,-81,59
IQ:21,176,255,-10,94
IQ:22,184,8,-99,65
IQ:23,192,255,19,89
IQ:24,200,7,73,58
IQ:25,208,255,68,-36
IQ:26,216,6,32,-23
IQ:27,224,255,-56,-21
IQ:28,232,5,-85,61
IQ:29,240,255,54,84
IQ:30,248,12,83,-12
IQ:31,256,255,0,-71
IQ:32,264,1,-39,-23
IQ:33,272,255,-25,19
IQ:34,280,2,-48,13
IQ:35,288,255,-32,83
SW:2
RR:3
SS:3
FR:2480
ME:44
MA:55
KE:40
KA:45
DF_END

Data arrived...
DF_BEGIN
IQ:0,0,11,166,-191
IQ:1,8,11,-145,-133
IQ:2,16,11,-116,120
IQ:3,24,11,154,95
IQ:4,32,11,131,-191
IQ:5,40,11,-199,-51
IQ:6,48,11,-45,175
IQ:7,56,11,189,65
IQ:8,72,12,-223,-169
IQ:9,80,255,-223,128
IQ:10,88,1,116,150
IQ:11,96,255,186,-61
IQ:12,104,2,18,-88
IQ:13,112,255,31,-6
IQ:14,120,10,309,-57
IQ:15,128,255,48,-228
IQ:16,136,3,23,-1
IQ:17,144,255,59,41
IQ:18,152,9,163,29
IQ:19,160,255,37,-94
IQ:20,168,4,-26,139
IQ:21,176,255,-7,117
IQ:22,184,8,163,23
IQ:23,192,255,31,-101
IQ:24,200,7,-34,22
IQ:25,208,255,25,59
IQ:26,216,6,30,-86
IQ:27,224,255,-87,13
IQ:28,232,5,96,226
IQ:29,240,255,192,-41
IQ:30,248,12,5,-258
IQ:31,256,255,-267,-35
IQ:32,264,1,-160,288
IQ:33,272,255,173,61
IQ:34,280,2,76,-50
IQ:35,288,255,54,49
SW:2
RR:3
SS:3
FR:2426
ME:356
MA:353
KE:36
KA:41
DF_END

Data arrived...
DF_BEGIN
IQ:0,0,11,159,51
IQ:1,8,11,35,-167
IQ:2,16,11,-175,-11
IQ:3,24,11,9,169
IQ:4,32,11,165,-22
IQ:5,40,11,-36,-176
IQ:6,48,11,-161,48
IQ:7,56,11,67,155
IQ:8,72,12,33,-224
IQ:9,80,255,-258,-74
IQ:10,88,1,-181,180
IQ:11,96,255,139,169
IQ:12,104,2,119,-46
IQ:13,112,255,-18,-9
IQ:14,120,10,201,207
IQ:15,128,255,252,-40
IQ:16,136,3,98,72
IQ:17,144,255,15,62
IQ:18,152,9,50,245
IQ:19,160,255,150,39
IQ:20,168,4,-108,79
IQ:21,176,255,-1,190
IQ:22,184,8,-10,235
IQ:23,192,255,165,37
IQ:24,200,7,106,-62
IQ:25,208,255,24,-45
IQ:26,216,6,118,12
IQ:27,224,255,-74,-69
IQ:28,232,5,-208,240
IQ:29,240,255,192,221
IQ:30,248,12,183,-135
IQ:31,256,255,-121,-226
IQ:32,264,1,-273,22
IQ:33,272,255,-14,215
IQ:34,280,2,117,50
IQ:35,288,255,48,-36
SW:2
RR:3
SS:3
FR:2402
ME:41
MA:44
KE:36
KA:41
DF_END

Data arrived...
DF_BEGIN
IQ:0,0,11,81,173
IQ:1,8,11,161,-100
IQ:2,16,11,-129,-145
IQ:3,24,11,-125,144
IQ:4,32,11,161,106
IQ:5,40,11,83,-163
IQ:6,48,11,-191,-60
IQ:7,56,11,-50,182
IQ:8,72,12,84,-51
IQ:9,80,255,-40,-78
IQ:10,88,1,-58,-16
IQ:11,96,255,-29,30
IQ:12,104,2,-57,29
IQ:13,112,255,-27,111
IQ:14,120,10,-1,235
IQ:15,128,255,136,73
IQ:16,136,3,-79,46
IQ:17,144,255,-48,101
IQ:18,152,9,-38,132
IQ:19,160,255,26,36
IQ:20,168,4,-133,42
IQ:21,176,255,-49,110
IQ:22,184,8,-150,56
IQ:23,192,255,-12,115
IQ:24,200,7,82,97
IQ:25,208,255,111,-30
IQ:26,216,6,48,-24
IQ:27,224,255,-57,-49
IQ:28,232,5,-128,60
IQ:29,240,255,39,130
IQ:30,248,12,107,21
IQ:31,256,255,17,-84
IQ:32,264,1,-34,-45
IQ:33,272,255,-42,2
IQ:34,280,2,-57,-9
IQ:35,288,255,-73,96
SW:2
RR:3
SS:3
FR:2480
ME:47
MA:55
KE:37
KA:43
DF_END

Data arrived...
DF_BEGIN
IQ:0,0,11,115,70
IQ:1,8,11,46,-136
IQ:2,16,11,-137,-28
IQ:3,24,11,-16,143
IQ:4,32,11,145,4
IQ:5,40,11,-18,-142
IQ:6,48,11,-132,40
IQ:7,56,11,51,133
IQ:8,72,12,22,-84
IQ:9,80,255,-62,-33
IQ:10,88,1,-34,21
IQ:11,96,255,-4,29
IQ:12,104,2,-11,44
IQ:13,112,255,31,82
IQ:14,120,10,99,141
IQ:15,128,255,109,-18
IQ:16,136,3,-18,60
IQ:17,144,255,14,80
IQ:18,152,9,25,104
IQ:19,160,255,37,18
IQ:20,168,4,-58,87
IQ:21,176,255,17,82
IQ:22,184,8,-81,93
IQ:23,192,255,48,78
IQ:24,200,7,89,19
IQ:25,208,255,54,-65
IQ:26,216,6,20,-35
IQ:27,224,255,-61,-4
IQ:28,232,5,-46,94
IQ:29,240,255,83,56
IQ:30,248,12,78,-34
IQ:31,256,255,-23,-69
IQ:32,264,1,-45,-10
IQ:33,272,255,-13,21
IQ:34,280,2,-46,21
IQ:35,288,255,-4,83
SW:2
RR:3
SS:3
FR:2480
ME:44
MA:55
KE:38
KA:44
DF_END

Data arrived...
DF_BEGIN
IQ:0,0,11,141,-11
IQ:1,8,11,-39,-178
IQ:2,16,11,-56,129
IQ:3,24,11,75,161
IQ:4,32,11,134,-79
IQ:5,40,11,-126,-136
IQ:6,48,11,-86,59
IQ:7,56,11,143,93
IQ:8,72,12,-17,-187
IQ:9,80,255,-132,-26
IQ:10,88,1,-28,127
IQ:11,96,255,104,40
IQ:12,104,2,40,-5
IQ:13,112,255,43,102
IQ:14,120,10,188,104
IQ:15,128,255,125,-117
IQ:16,136,3,11,43
IQ:17,144,255,71,69
IQ:18,152,9,106,90
IQ:19,160,255,74,-65
IQ:20,168,4,-82,92
IQ:21,176,255,48,121
IQ:22,184,8,36,68
IQ:23,192,255,35,-29
IQ:24,200,7,-7,12
IQ:25,208,255,47,40
IQ:26,216,6,45,-40
IQ:27,224,255,-60,-26
IQ:28,232,5,-44,151
IQ:29,240,255,159,91
IQ:30,248,12,134,-141
IQ:31,256,255,-114,-115
IQ:32,264,1,-98,57
IQ:33,272,255,30,85
IQ:34,280,2,11,20
IQ:35,288,255,55,43
SW:2
RR:3
SS:3
FR:2426
ME:44
MA:44
KE:39
KA:44
DF_END

Data arrived...
DF_BEGIN
IQ:0,0,11,116,112
IQ:1,8,11,102,-141
IQ:2,16,11,-158,-83
IQ:3,24,11,-58,164
IQ:4,32,11,155,38
IQ:5,40,11,19,-162
IQ:6,48,11,-174,5
IQ:7,56,11,7,173
IQ:8,72,12,177,-276
IQ:9,80,255,-320,-196
IQ:10,88,1,-359,233
IQ:11,96,255,168,347
IQ:12,104,2,271,-49
IQ:13,112,255,-29,-118
IQ:14,120,10,129,366
IQ:15,128,255,404,74
IQ:16,136,3,206,86
IQ:17,144,255,-48,26
IQ:18,152,9,-67,428
IQ:19,160,255,264,140
IQ:20,168,4,-96,53
IQ:21,176,255,-122,191
IQ:22,184,8,-103,396
IQ:23,192,255,310,104
IQ:24,200,7,176,-175
IQ:25,208,255,-50,-80
IQ:26,216,6,186,111
IQ:27,224,255,-14,-111
IQ:28,232,5,-321,265
IQ:29,240,255,200,367
IQ:30,248,12,320,-95
IQ:31,256,255,-96,-379
IQ:32,264,1,-411,-86
IQ:33,272,255,-88,360
IQ:34,280,2,224,125
IQ:35,288,255,107,-108
SW:2
RR:3
SS:3
FR:2402
ME:38
MA:44
KE:39
KA:44
DF_END

Data arrived...
DF_BEGIN
IQ:0,0,11,179,61
IQ:1,8,11,47,-180
IQ:2,16,11,-188,-30
IQ:3,24,11,-3,184
IQ:4,32,11,188,-18
IQ:5,40,11,-37,-190
IQ:6,48,11,-175,56
IQ:7,56,11,81,166
IQ:8,72,12,32,-103
IQ:9,80,255,-88,-41
IQ:10,88,1,-48,34
IQ:11,96,255,6,47
IQ:12,104,2,-15,59
IQ:13,112,255,58,99
IQ:14,120,10,144,189
IQ:15,128,255,147,-19
IQ:16,136,3,-17,80
IQ:17,144,255,40,102
IQ:18,152,9,57,120
IQ:19,160,255,51,13
IQ:20,168,4,-62,119
IQ:21,176,255,37,111
IQ:22,184,8,-69,128
IQ:23,192,255,76,91
IQ:24,200,7,124,18
IQ:25,208,255,64,-92
IQ:26,216,6,10,-48
IQ:27,224,255,-76,7
IQ:28,232,5,-52,131
IQ:29,240,255,117,66
IQ:30,248,12,93,-59
IQ:31,256,255,-31,-90
IQ:32,264,1,-57,-14
IQ:33,272,255,-24,30
IQ:34,280,2,-61,35
IQ:35,288,255,15,118
SW:2
RR:3
SS:3
FR:2480
ME:44
MA:55
KE:39
KA:46
DF_END

Data arrived...
DF_BEGIN
IQ:0,0,11,-145,126
IQ:1,8,11,137,124
IQ:2,16,11,98,-151
IQ:3,24,11,-164,-82
IQ:4,32,11,-56,182
IQ:5,40,11,180,56
IQ:6,48,11,32,-180
IQ:7,56,11,-188,-1
IQ:8,72,12,79,70
IQ:9,80,255,70,-63
IQ:10,88,1,0,-68
IQ:11,96,255,-46,-20
IQ:12,104,2,-46,-32
IQ:13,112,255,-109,1
IQ:14,120,10,-233,42
IQ:15,128,255,-34,148
IQ:16,136,3,-63,-51
IQ:17,144,255,-100,-12
IQ:18,152,9,-138,-21
IQ:19,160,255,-43,41
IQ:20,168,4,-69,-106
IQ:21,176,255,-110,-20
IQ:22,184,8,-78,-139
IQ:23,192,255,-118,29
IQ:24,200,7,-61,107
IQ:25,208,255,58,94
IQ:26,216,6,27,37
IQ:27,224,255,32,-62
IQ:28,232,5,-83,-92
IQ:29,240,255,-112,79
IQ:30,248,12,1,110
IQ:31,256,255,97,3
IQ:32,264,1,39,-50
IQ:33,272,255,-26,-49
IQ:34,280,2,-15,-56
IQ:35,288,255,-105,-37
SW:2
RR:3
SS:3
FR:2480
ME:44
MA:55
KE:40
KA:47
DF_END

Data arrived...
DF_BEGIN
IQ:0,0,11,47,153
IQ:1,8,11,139,-72
IQ:2,16,11,-93,-135
IQ:3,24,11,-129,97
IQ:4,32,11,108,112
IQ:5,40,11,102,-130
IQ:6,48,11,-130,-93
IQ:7,56,11,-80,134
IQ:8,72,12,185,-74
IQ:9,80,255,-43,-177
IQ:10,88,1,-127,-2
IQ:11,96,255,-11,108
IQ:12,104,2,17,30
IQ:13,112,255,-42,32
IQ:14,120,10,-66,221
IQ:15,128,255,128,112
IQ:16,136,3,-41,-5
IQ:17,144,255,-78,38
IQ:18,152,9,-68,104
IQ:19,160,255,48,29
IQ:20,168,4,-97,-61
IQ:21,176,255,-111,62
IQ:22,184,8,-52,71
IQ:23,192,255,44,25
IQ:24,200,7,-14,-14
IQ:25,208,255,-13,44
IQ:26,216,6,55,49
IQ:27,224,255,11,-77
IQ:28,232,5,-158,-28
IQ:29,240,255,-24,170
IQ:30,248,12,183,81
IQ:31,256,255,86,-153
IQ:32,264,1,-99,-84
IQ:33,272,255,-80,72
IQ:34,280,2,-11,27
IQ:35,288,255,-28,29
SW:2
RR:3
SS:3
FR:2426
ME:49
MA:44
KE:41
KA:46
DF_END

Data arrived...
DF_BEGIN
IQ:0,0,11,-130,-90
IQ:1,8,11,-39,136
IQ:2,16,11,150,58
IQ:3,24,11,46,-133
IQ:4,32,11,-163,-8
IQ:5,40,11,3,158
IQ:6,48,11,166,-10
IQ:7,56,11,-48,-148
IQ:8,72,12,-97,173
IQ:9,80,255,148,97
IQ:10,88,1,93,-82
IQ:11,96,255,-59,-86
IQ:12,104,2,-44,-4
IQ:13,112,255,11,-42
IQ:14,120,10,-75,-208
IQ:15,128,255,-195,-2
IQ:16,136,3,11,-12
IQ:17,144,255,22,-88
IQ:18,152,9,-31,-125
IQ:19,160,255,-66,5
IQ:20,168,4,102,-14
IQ:21,176,255,42,-120
IQ:22,184,8,-12,-97
IQ:23,192,255,-64,5
IQ:24,200,7,14,3
IQ:25,208,255,-14,-44
IQ:26,216,6,-80,-6
IQ:27,224,255,33,57
IQ:28,232,5,119,-96
IQ:29,240,255,-97,-139
IQ:30,248,12,-195,44
IQ:31,256,255,26,174
IQ:32,264,1,126,8
IQ:33,272,255,15,-134
IQ:34,280,2,1,-16
IQ:35,288,255,-23,-18
SW:2
RR:3
SS:3
FR:2426
ME:49
MA:47
KE:41
KA:46
DF_END

Data arrived...
DF_BEGIN
IQ:0,0,11,29,-166
IQ:1,8,11,-169,1
IQ:2,16,11,15,161
IQ:3,24,11,174,-21
IQ:4,32,11,-49,-163
IQ:5,40,11,-159,64
IQ:6,48,11,71,153
IQ:7,56,11,137,-100
IQ:8,72,12,-317,39
IQ:9,80,255,6,352
IQ:10,88,1,354,135
IQ:11,96,255,140,-301
IQ:12,104,2,-166,-117
IQ:13,112,255,-15,72
IQ:14,120,10,201,-292
IQ:15,128,255,-172,-300
IQ:16,136,3,-37,-166
IQ:17,144,255,77,-2
IQ:18,152,9,312,-211
IQ:19,160,255,-60,-260
IQ:20,168,4,92,70
IQ:21,176,255,225,-20
IQ:22,184,8,305,-139
IQ:23,192,255,-94,-243
IQ:24,200,7,-179,-26
IQ:25,208,255,9,54
IQ:26,216,6,-19,-190
IQ:27,224,255,-78,86
IQ:28,232,5,353,101
IQ:29,240,255,182,-329
IQ:30,248,12,-252,-194
IQ:31,256,255,-251,255
IQ:32,264,1,159,339
IQ:33,272,255,304,-139
IQ:34,280,2,-31,-207
IQ:35,288,255,-112,-22
SW:2
RR:3
SS:3
FR:2402
ME:38
MA:44
KE:41
KA:46
DF_END

Data arrived...
DF_BEGIN
IQ:0,0,11,-130,138
IQ:1,8,11,148,105
IQ:2,16,11,88,-161
IQ:3,24,11,-161,-99
IQ:4,32,11,-63,173
IQ:5,40,11,173,33
IQ:6,48,11,13,-191
IQ:7,56,11,-193,-4
IQ:8,72,12,75,71
IQ:9,80,255,70,-64
IQ:10,88,1,-12,-70
IQ:11,96,255,-49,-22
IQ:12,104,2,-50,-38
IQ:13,112,255,-108,4
IQ:14,120,10,-228,51
IQ:15,128,255,-26,140
IQ:16,136,3,-63,-49
IQ:17,144,255,-111,-19
IQ:18,152,9,-143,-11
IQ:19,160,255,-39,47
IQ:20,168,4,-68,-111
IQ:21,176,255,-114,-30
IQ:22,184,8,-91,-125
IQ:23,192,255,-115,27
IQ:24,200,7,-70,104
IQ:25,208,255,53,92
IQ:26,216,6,25,36
IQ:27,224,255,26,-69
IQ:28,232,5,-99,-102
IQ:29,240,255,-111,78
IQ:30,248,12,6,113
IQ:31,256,255,90,6
IQ:32,264,1,26,-63
IQ:33,272,255,-32,-48
IQ:34,280,2,-8,-54
IQ:35,288,255,-107,-45
SW:2
RR:3
SS:3
FR:2480
ME:44
MA:55
KE:41
KA:47
DF_END

Data arrived...
DF_BEGIN
IQ:0,0,11,29,154
IQ:1,8,11,150,-40
IQ:2,16,11,-62,-144
IQ:3,24,11,-140,71
IQ:4,32,11,91,132
IQ:5,40,11,119,-100
IQ:6,48,11,-110,-111
IQ:7,56,11,-85,118
IQ:8,72,12,206,-33
IQ:9,80,255,-4,-181
IQ:10,88,1,-132,-24
IQ:11,96,255,-24,112
IQ:12,104,2,24,34
IQ:13,112,255,-40,15
IQ:14,120,10,-105,201
IQ:15,128,255,118,130
IQ:16,136,3,-22,0
IQ:17,144,255,-76,24
IQ:18,152,9,-72,107
IQ:19,160,255,60,52
IQ:20,168,4,-68,-86
IQ:21,176,255,-128,38
IQ:22,184,8,-65,71
IQ:23,192,255,49,38
IQ:24,200,7,-4,-20
IQ:25,208,255,-28,29
IQ:26,216,6,53,64
IQ:27,224,255,26,-71
IQ:28,232,5,-161,-32
IQ:29,240,255,-41,167
IQ:30,248,12,168,114
IQ:31,256,255,120,-141
IQ:32,264,1,-86,-112
IQ:33,272,255,-97,60
IQ:34,280,2,-9,39
IQ:35,288,255,-25,26
SW:2
RR:3
SS:3
FR:2426
ME:356
MA:353
KE:37
KA:42
DF_END

Data arrived...
DF_BEGIN
IQ:0,0,11,-30,126
IQ:1,8,11,115,28
IQ:2,16,11,-7,-113
IQ:3,24,11,-129,-9
IQ:4,32,11,-41,146
IQ:5,40,11,106,-26
IQ:6,48,11,-57,-105
IQ:7,56,11,-114,55
IQ:8,72,12,143,41
IQ:9,80,255,42,-124
IQ:10,88,1,-72,-52
IQ:11,96,255,-128,94
IQ:12,104,2,-44,21
IQ:13,112,255,-64,-11
IQ:14,120,10,-163,102
IQ:15,128,255,98,65
IQ:16,136,3,-23,-2
IQ:17,144,255,-56,-32
IQ:18,152,9,-86,46
IQ:19,160,255,-21,-3
IQ:20,168,4,-5,-87
IQ:21,176,255,-97,-18
IQ:22,184,8,-71,27
IQ:23,192,255,98,99
IQ:24,200,7,-19,-15
IQ:25,208,255,-31,16
IQ:26,216,6,20,65
IQ:27,224,255,-2,-42
IQ:28,232,5,-91,-74
IQ:29,240,255,-91,88
IQ:30,248,12,60,124
IQ:31,256,255,111,-60
IQ:32,264,1,-19,-105
IQ:33,272,255,-78,-4
IQ:34,280,2,-12,22
IQ:35,288,255,26,48
SW:2
RR:3
SS:3
FR:2426
ME:47
MA:44
KE:38
KA:42
DF_END

Data arrived...
DF_BEGIN
IQ:0,0,11,165,-7
IQ:1,8,11,-18,-168
IQ:2,16,11,-161,27
IQ:3,24,11,60,156
IQ:4,32,11,157,-60
IQ:5,40,11,-95,-142
IQ:6,48,11,-129,103
IQ:7,56,11,108,121
IQ:8,72,12,-41,-249
IQ:9,80,255,-269,2
IQ:10,88,1,-127,247
IQ:11,96,255,216,121
IQ:12,104,2,113,-98
IQ:13,112,255,-30,-16
IQ:14,120,10,270,141
IQ:15,128,255,238,-123
IQ:16,136,3,132,32
IQ:17,144,255,27,60
IQ:18,152,9,151,234
IQ:19,160,255,175,-35
IQ:20,168,4,-62,101
IQ:21,176,255,37,185
IQ:22,184,8,78,235
IQ:23,192,255,178,-45
IQ:24,200,7,60,-112
IQ:25,208,255,-7,-37
IQ:26,216,6,136,-23
IQ:27,224,255,-70,-51
IQ:28,232,5,-107,290
IQ:29,240,255,244,144
IQ:30,248,12,124,-210
IQ:31,256,255,-206,-194
IQ:32,264,1,-262,94
IQ:33,272,255,60,224
IQ:34,280,2,145,10
IQ:35,288,255,37,-58
SW:2
RR:3
SS:3
FR:2402
ME:41
MA:44
KE:38
KA:42
DF_END

Data arrived...
DF_BEGIN
IQ:0,0,11,142,-140
IQ:1,8,11,-149,-130
IQ:2,16,11,-111,166
IQ:3,24,11,187,89
IQ:4,32,11,65,-181
IQ:5,40,11,-187,-50
IQ:6,48,11,-24,194
IQ:7,56,11,196,-12
IQ:8,72,12,-85,-47
IQ:9,80,255,-58,70
IQ:10,88,1,5,55
IQ:11,96,255,37,22
IQ:12,104,2,44,41
IQ:13,112,255,112,-9
IQ:14,120,10,231,-63
IQ:15,128,255,30,-141
IQ:16,136,3,68,51
IQ:17,144,255,110,8
IQ:18,152,9,143,3
IQ:19,160,255,35,-38
IQ:20,168,4,83,101
IQ:21,176,255,112,2
IQ:22,184,8,80,125
IQ:23,192,255,115,-20
IQ:24,200,7,82,-105
IQ:25,208,255,-54,-108
IQ:26,216,6,-37,-36
IQ:27,224,255,-37,74
IQ:28,232,5,76,122
IQ:29,240,255,111,-64
IQ:30,248,12,-14,-104
IQ:31,256,255,-86,0
IQ:32,264,1,-27,48
IQ:33,272,255,14,37
IQ:34,280,2,9,55
IQ:35,288,255,113,49
SW:2
RR:3
SS:3
FR:2480
ME:47
MA:55
KE:39
KA:43
DF