IQ:19,160,255,-106,-166
IQ:20,168,4,-124,-90
IQ:21,176,255,-71,11
IQ:22,184,8,7,-215
IQ:23,192,255,-127,-69
IQ:24,200,7,99,9
IQ:25,208,255,69,-62
IQ:26,216,6,38,-40
IQ:27,224,255,-85,-57
IQ:28,232,5,-168,36
IQ:29,240,255,-39,115
IQ:30,248,12,-96,10
IQ:31,256,255,-51,36
IQ:32,264,1,-60,-37
IQ:33,272,255,-10,18
IQ:34,280,2,92,-45
IQ:35,288,255,27,-30
SW:2
RR:3
SS:3
FR:2480
ME:35
MA:268
KE:24
KA:295
DF_END

Data arrived...
DF_BEGIN
IQ:0,0,11,-150,-109
IQ:1,8,11,-121,128
IQ:2,16,11,118,69
IQ:3,24,11,82,-150
IQ:4,32,11,-125,-40
IQ:5,40,11,45,252
IQ:6,48,11,194,23
IQ:7,56,11,12,-168
IQ:8,72,12,43,-6
IQ:9,80,255,73,-29
IQ:10,88,1,76,52
IQ:11,96,255,-32,-11
IQ:12,104,2,-229,144
IQ:13,112,255,-1,127
IQ:14,120,10,-108,-166
IQ:15,128,255,-225,58
IQ:16,136,3,-118,240
IQ:17,144,255,82,93
IQ:18,152,9,-171,-40
IQ:19,160,255,-126,194
IQ:20,168,4,23,239
IQ:21,176,255,153,-6
IQ:22,184,8,-202,-7
IQ:23,192,255,-105,147
IQ:24,200,7,48,-19
IQ:25,208,255,-7,-49
IQ:26,216,6,-114,-70
IQ:27,224,255,-92,139
IQ:28,232,5,145,161
IQ:29,240,255,140,-62
IQ:30,248,12,29,46
IQ:31,256,255,25,42
IQ:32,264,1,1,96
IQ:33,272,255,14,-68
IQ:34,280,2,-154,-185
IQ:35,288,255,-92,64
SW:2
RR:3
SS:3
FR:2426
ME:38
MA:271
KE:25
KA:291
DF_END

Data arrived...
DF_BEGIN
IQ:0,0,11,-133,-122
IQ:1,8,11,-98,143
IQ:2,16,11,151,92
IQ:3,24,11,79,-156
IQ:4,32,11,-154,-73
IQ:5,40,11,-49,173
IQ:6,48,11,174,33
IQ:7,56,11,26,-181
IQ:8,72,12,64,7
IQ:9,80,255,72,-5
IQ:10,88,1,75,50
IQ:11,96,255,-39,-40
IQ:12,104,2,-245,36
IQ:13,112,255,-22,113
IQ:14,120,10,-97,-179
IQ:15,128,255,-230,29
IQ:16,136,3,-150,176
IQ:17,144,255,54,77
IQ:18,152,9,-169,-60
IQ:19,160,255,-154,155
IQ:20,168,4,-20,207
IQ:21,176,255,103,25
IQ:22,184,8,-179,-22
IQ:23,192,255,-88,151
IQ:24,200,7,-30,13
IQ:25,208,255,-17,-49
IQ:26,216,6,-99,-69
IQ:27,224,255,-101,137
IQ:28,232,5,78,200
IQ:29,240,255,146,-9
IQ:30,248,12,9,70
IQ:31,256,255,28,71
IQ:32,264,1,-20,81
IQ:33,272,255,23,-44
IQ:34,280,2,-123,-197
IQ:35,288,255,-115,25
SW:2
RR:3
SS:3
FR:2426
ME:41
MA:257
KE:27
KA:286
DF_END

Data arrived...
DF_BEGIN
IQ:0,0,11,165,-76
IQ:1,8,11,-84,-159
IQ:2,16,11,-148,97
IQ:3,24,11,116,134
IQ:4,32,11,128,-124
IQ:5,40,11,-140,-121
IQ:6,48,11,-117,133
IQ:7,56,11,149,91
IQ:8,72,12,-119,-77
IQ:9,80,255,-28,182
IQ:10,88,1,258,127
IQ:11,96,255,71,-222
IQ:12,104,2,-313,-21
IQ:13,112,255,-30,261
IQ:14,120,10,183,-76
IQ:15,128,255,-120,-183
IQ:16,136,3,-309,149
IQ:17,144,255,111,261
IQ:18,152,9,130,-128
IQ:19,160,255,-208,-103
IQ:20,168,4,-225,323
IQ:21,176,255,216,241
IQ:22,184,8,60,-179
IQ:23,192,255,-216,-85
IQ:24,200,7,-118,132
IQ:25,208,255,144,77
IQ:26,216,6,61,-197
IQ:27,224,255,-228,19
IQ:28,232,5,20,373
IQ:29,240,255,327,45
IQ:30,248,12,34,-132
IQ:31,256,255,-180,35
IQ:32,264,1,-15,274
IQ:33,272,255,230,-30
IQ:34,280,2,-123,-285
IQ:35,288,255,-266,93
SW:2
RR:3
SS:3
FR:2402
ME:356
MA:5
KE:24
KA:294
DF_END

Data arrived...
DF_BEGIN
IQ:0,0,11,134,-77
IQ:1,8,11,-104,-113
IQ:2,16,11,-99,109
IQ:3,24,11,128,89
IQ:4,32,11,101,-122
IQ:5,40,11,-128,-80
IQ:6,48,11,-60,134
IQ:7,56,11,143,35
IQ:8,72,12,-65,66
IQ:9,80,255,-10,71
IQ:10,88,1,-66,10
IQ:11,96,255,4,14
IQ:12,104,2,11,-92
IQ:13,112,255,-20,-28
IQ:14,120,10,155,-18
IQ:15,128,255,53,-137
IQ:16,136,3,-26,-90
IQ:17,144,255,-7,5
IQ:18,152,9,143,-105
IQ:19,160,255,-25,-180
IQ:20,168,4,-94,-119
IQ:21,176,255,-66,1
IQ:22,184,8,82,-183
IQ:23,192,255,-93,-105
IQ:24,200,7,89,31
IQ:25,208,255,81,-54
IQ:26,216,6,41,-31
IQ:27,224,255,-62,-81
IQ:28,232,5,-170,-14
IQ:29,240,255,-66,95
IQ:30,248,12,-92,-32
IQ:31,256,255,-73,19
IQ:32,264,1,-36,-50
IQ:33,272,255,-9,16
IQ:34,280,2,91,-19
IQ:35,288,255,27,-18
SW:2
RR:3
SS:3
FR:2480
ME:38
MA:265
KE:25
KA:290
DF_END

Data arrived...
DF_BEGIN
IQ:0,0,11,-133,-32
IQ:1,8,11,-1,184
IQ:2,16,11,193,-50
IQ:3,24,11,-39,-152
IQ:4,32,11,-135,84
IQ:5,40,11,20,157
IQ:6,48,11,169,-66
IQ:7,56,11,-98,-83
IQ:8,72,12,64,24
IQ:9,80,255,3,7
IQ:10,88,1,31,-69
IQ:11,96,255,-1,18
IQ:12,104,2,-112,182
IQ:13,112,255,-2,48
IQ:14,120,10,-199,-57
IQ:15,128,255,-147,173
IQ:16,136,3,52,180
IQ:17,144,255,26,-52
IQ:18,152,9,-111,47
IQ:19,160,255,-11,172
IQ:20,168,4,124,121
IQ:21,176,255,61,-60
IQ:22,184,8,-150,91
IQ:23,192,255,56,135
IQ:24,200,7,-90,8
IQ:25,208,255,-25,-48
IQ:26,216,6,-100,-2
IQ:27,224,255,34,132
IQ:28,232,5,185,-18
IQ:29,240,255,94,-48
IQ:30,248,12,51,50
IQ:31,256,255,78,14
IQ:32,264,1,38,12
IQ:33,272,255,-34,-11
IQ:34,280,2,-183,61
IQ:35,288,255,107,77
SW:2
RR:3
SS:3
FR:2426
ME:44
MA:262
KE:27
KA:286
DF_END

Data arrived...
DF_BEGIN
IQ:0,0,11,58,-140
IQ:1,8,11,-140,-40
IQ:2,16,11,-33,146
IQ:3,24,11,144,15
IQ:4,32,11,2,-151
IQ:5,40,11,-148,8
IQ:6,48,11,16,144
IQ:7,56,11,146,-40
IQ:8,72,12,5,51
IQ:9,80,255,33,56
IQ:10,88,1,-6,56
IQ:11,96,255,10,-46
IQ:12,104,2,-120,-136
IQ:13,112,255,-64,38
IQ:14,120,10,105,-122
IQ:15,128,255,-110,-144
IQ:16,136,3,-190,2
IQ:17,144,255,-2,86
IQ:18,152,9,-8,-148
IQ:19,160,255,-173,-68
IQ:20,168,4,-161,76
IQ:21,176,255,32,88
IQ:22,184,8,-47,-150
IQ:23,192,255,-135,-15
IQ:24,200,7,0,-13
IQ:25,208,255,32,-49
IQ:26,216,6,3,-102
IQ:27,224,255,-143,-13
IQ:28,232,5,-103,135
IQ:29,240,255,71,97
IQ:30,248,12,-49,24
IQ:31,256,255,-43,54
IQ:32,264,1,-58,22
IQ:33,272,255,37,-20
IQ:34,280,2,48,-177
IQ:35,288,255,-70,-47
SW:2
RR:3
SS:3
FR:2426
ME:44
MA:262
KE:29
KA:282
DF_END

Data arrived...
DF_BEGIN
IQ:0,0,11,155,-94
IQ:1,8,11,-116,-148
IQ:2,16,11,-136,139
IQ:3,24,11,138,128
IQ:4,32,11,99,-155
IQ:5,40,11,-179,-101
IQ:6,48,11,-100,172
IQ:7,56,11,169,83
IQ:8,72,12,-139,-60
IQ:9,80,255,-3,195
IQ:10,88,1,258,86
IQ:11,96,255,22,-252
IQ:12,104,2,-332,22
IQ:13,112,255,28,272
IQ:14,120,10,170,-100
IQ:15,128,255,-160,-163
IQ:16,136,3,-281,217
IQ:17,144,255,169,222
IQ:18,152,9,107,-173
IQ:19,160,255,-225,-93
IQ:20,168,4,-162,364
IQ:21,176,255,261,191
IQ:22,184,8,14,-186
IQ:23,192,255,-242,-48
IQ:24,200,7,-109,168
IQ:25,208,255,150,67
IQ:26,216,6,29,-224
IQ:27,224,255,-236,54
IQ:28,232,5,78,355
IQ:29,240,255,331,-7
IQ:30,248,12,-1,-149
IQ:31,256,255,-186,73
IQ:32,264,1,26,288
IQ:33,272,255,222,-71
IQ:34,280,2,-177,-268
IQ:35,288,255,-251,149
SW:2
RR:3
SS:3
FR:2402
ME:356
MA:359
KE:26
KA:289
DF_END

Data arrived...
DF_BEGIN
IQ:0,0,11,-77,-135
IQ:1,8,11,-130,82
IQ:2,16,11,90,127
IQ:3,24,11,115,-99
IQ:4,32,11,-120,-107
IQ:5,40,11,-98,120
IQ:6,48,11,134,78
IQ:7,56,11,53,-144
IQ:8,72,12,68,97
IQ:9,80,255,75,15
IQ:10,88,1,-24,63
IQ:11,96,255,11,12
IQ:12,104,2,-68,-55
IQ:13,112,255,-32,-7
IQ:14,120,10,2,-157
IQ:15,128,255,-135,-78
IQ:16,136,3,-84,-11
IQ:17,144,255,-13,-17
IQ:18,152,9,-71,-172
IQ:19,160,255,-181,-9
IQ:20,168,4,-140,25
IQ:21,176,255,-36,39
IQ:22,184,8,-180,-129
IQ:23,192,255,-136,47
IQ:24,200,7,78,-75
IQ:25,208,255,-22,-104
IQ:26,216,6,-23,-39
IQ:27,224,255,-88,51
IQ:28,232,5,-81,147
IQ:29,240,255,47,104
IQ:30,248,12,-69,99
IQ:31,256,255,11,73
IQ:32,264,1,-64,15
IQ:33,272,255,-5,19
IQ:34,280,2,15,-90
IQ:35,288,255,-4,-45
SW:2
RR:3
SS:3
FR:2480
ME:35
MA:268
KE:27
KA:286
DF_END

Data arrived...
DF_BEGIN
IQ:0,0,11,40,174
IQ:1,8,11,204,-59
IQ:2,16,11,-78,-157
IQ:3,24,11,-163,82
IQ:4,32,11,124,164
IQ:5,40,11,137,-172
IQ:6,48,11,-157,-110
IQ:7,56,11,-105,134
IQ:8,72,12,-32,-59
IQ:9,80,255,-84,-44
IQ:10,88,1,-38,-65
IQ:11,96,255,50,33
IQ:12,104,2,267,5
IQ:13,112,255,3,-114
IQ:14,120,10,30,219
IQ:15,128,255,216,63
IQ:16,136,3,172,-172
IQ:17,144,255,-60,-106
IQ:18,152,9,122,123
IQ:19,160,255,205,-97
IQ:20,168,4,105,-196
IQ:21,176,255,-106,-49
IQ:22,184,8,170,113
IQ:23,192,255,139,-75
IQ:24,200,7,28,-24
IQ:25,208,255,-25,92
IQ:26,216,6,112,83
IQ:27,224,255,111,-108
IQ:28,232,5,-32,-224
IQ:29,240,255,-108,-30
IQ:30,248,12,2,-63
IQ:31,256,255,-8,-91
IQ:32,264,1,3,-63
IQ:33,272,255,-10,68
IQ:34,280,2,103,238
IQ:35,288,255,100,5
SW:2
RR:3
SS:3
FR:2426
ME:41
MA:262
KE:29
KA:283
DF_END

Data arrived...
DF_BEGIN
IQ:0,0,11,-5,-165
IQ:1,8,11,-158,12
IQ:2,16,11,24,151
IQ:3,24,11,152,-48
IQ:4,32,11,-57,-147
IQ:5,40,11,-144,72
IQ:6,48,11,80,137
IQ:7,56,11,124,-96
IQ:8,72,12,-108,83
IQ:9,80,255,144,83
IQ:10,88,1,163,-180
IQ:11,96,255,-179,-119
IQ:12,104,2,-103,246
IQ:13,112,255,209,86
IQ:14,120,10,-9,-154
IQ:15,128,255,-179,55
IQ:16,136,3,49,281
IQ:17,144,255,241,-13
IQ:18,152,9,-66,-154
IQ:19,160,255,-158,116
IQ:20,168,4,185,261
IQ:21,176,255,250,-97
IQ:22,184,8,-116,-92
IQ:23,192,255,-123,145
IQ:24,200,7,67,144
IQ:25,208,255,110,-94
IQ:26,216,6,-142,-101
IQ:27,224,255,-68,181
IQ:28,232,5,279,109
IQ:29,240,255,129,-230
IQ:30,248,12,-117,-59
IQ:31,256,255,-19,170
IQ:32,264,1,224,101
IQ:33,272,255,46,-196
IQ:34,280,2,-259,29
IQ:35,288,255,8,240
SW:2
RR:3
SS:3
FR:2402
ME:359
MA:353
KE:26
KA:290
DF_END

Data arrived...
DF_BEGIN
IQ:0,0,11,169,25
IQ:1,8,11,18,-176
IQ:2,16,11,-162,-10
IQ:3,24,11,17,167
IQ:4,32,11,164,-55
IQ:5,40,11,-63,-160
IQ:6,48,11,-148,81
IQ:7,56,11,91,148
IQ:8,72,12,-118,-7
IQ:9,80,255,-68,60
IQ:10,88,1,-36,-46
IQ:11,96,255,-5,5
IQ:12,104,2,83,-38
IQ:13,112,255,12,-17
IQ:14,120,10,140,93
IQ:15,128,255,128,-84
IQ:16,136,3,50,-71
IQ:17,144,255,13,4
IQ:18,152,9,203,22
IQ:19,160,255,107,-169
IQ:20,168,4,41,-135
IQ:21,176,255,-12,-45
IQ:22,184,8,211,-78
IQ:23,192,255,16,-155
IQ:24,200,7,23,106
IQ:25,208,255,101,51
IQ:26,216,6,57,3
IQ:27,224,255,20,-100
IQ:28,232,5,-72,-139
IQ:29,240,255,-98,-12
IQ:30,248,12,-37,-126
IQ:31,256,255,-78,-45
IQ:32,264,1,23,-53
IQ:33,272,255,-4,-6
IQ:34,280,2,71,45
IQ:35,288,255,21,18
SW:2
RR:3
SS:3
FR:2480
ME:35
MA:268
KE:27
KA:287
DF_END

Data arrived...
DF_BEGIN
IQ:0,0,11,-3,145
IQ:1,8,11,140,-3
IQ:2,16,11,-22,-141
IQ:3,24,11,-128,41
IQ:4,32,11,58,137
IQ:5,40,11,131,-61
IQ:6,48,11,-74,-124
IQ:7,56,11,-115,86
IQ:8,72,12,-31,-41
IQ:9,80,255,-48,-38
IQ:10,88,1,-5,-60
IQ:11,96,255,12,36
IQ:12,104,2,158,79
IQ:13,112,255,56,-52
IQ:14,120,10,-45,146
IQ:15,128,255,149,100
IQ:16,136,3,169,-41
IQ:17,144,255,-15,-69
IQ:18,152,9,68,133
IQ:19,160,255,183,-5
IQ:20,168,4,140,-122
IQ:21,176,255,-50,-68
IQ:22,184,8,92,125
IQ:23,192,255,141,-28
IQ:24,200,7,0,24
IQ:25,208,255,-8,53
IQ:26,216,6,39,93
IQ:27,224,255,134,-37
IQ:28,232,5,51,-162
IQ:29,240,255,-92,-73
IQ:30,248,12,26,-49
IQ:31,256,255,12,-59
IQ:32,264,1,48,-32
IQ:33,272,255,-22,20
IQ:34,280,2,-4,185
IQ:35,288,255,70,34
SW:2
RR:3
SS:3
FR:2426
ME:41
MA:265
KE:28
KA:284
DF_END

Data arrived...
DF_BEGIN
IQ:0,0,11,137,-136
IQ:1,8,11,-139,-123
IQ:2,16,11,-106,152
IQ:3,24,11,159,97
IQ:4,32,11,91,-160
IQ:5,40,11,-167,-89
IQ:6,48,11,-63,172
IQ:7,56,11,188,22
IQ:8,72,12,-8,67
IQ:9,80,255,16,76
IQ:10,88,1,-41,59
IQ:11,96,255,22,-43
IQ:12,104,2,-61,-222
IQ:13,112,255,-105,1
IQ:14,120,10,189,-82
IQ:15,128,255,-42,-231
IQ:16,136,3,-203,-116
IQ:17,144,255,-57,76
IQ:18,152,9,61,-183
IQ:19,160,255,-173,-160
IQ:20,168,4,-233,-14
IQ:21,176,255,-24,110
IQ:22,184,8,27,-207
IQ:23,192,255,-165,-95
IQ:24,200,7,23,-21
IQ:25,208,255,66,-43
IQ:26,216,6,60,-119
IQ:27,224,255,-171,-75
IQ:28,232,5,-200,107
IQ:29,240,255,16,149
IQ:30,248,12,-75,23
IQ:31,256,255,-66,39
IQ:32,264,1,-79,-12
IQ:33,272,255,48,6
IQ:34,280,2,181,-148
IQ:35,288,255,-45,-98
SW:2
RR:3
SS:3
FR:2426
ME:44
MA:262
KE:30
KA:281
DF_END

Data arrived...
DF_BEGIN
IQ:0,0,11,-31,-149
IQ:1,8,11,-149,37
IQ:2,16,11,55,140
IQ:3,24,11,134,-58
IQ:4,32,11,-84,-124
IQ:5,40,11,-123,92
IQ:6,48,11,94,120
IQ:7,56,11,101,-100
IQ:8,72,12,-91,98
IQ:9,80,255,146,57
IQ:10,88,1,135,-196
IQ:11,96,255,-183,-79
IQ:12,104,2,-31,258
IQ:13,112,255,217,52
IQ:14,120,10,-40,-148
IQ:15,128,255,-160,75
IQ:16,136,3,98,266
IQ:17,144,255,221,-52
IQ:18,152,9,-85,-114
IQ:19,160,255,-114,147
IQ:20,168,4,208,235
IQ:21,176,255,221,-127
IQ:22,184,8,-128,-64
IQ:23,192,255,-93,156
IQ:24,200,7,90,125
IQ:25,208,255,95,-84
IQ:26,216,6,-149,-69
IQ:27,224,255,-25,183
IQ:28,232,5,280,35
IQ:29,240,255,71,-248
IQ:30,248,12,-121,-52
IQ:31,256,255,8,164
IQ:32,264,1,236,36
IQ:33,272,255,-9,-199
IQ:34,280,2,-257,57
IQ:35,288,255,28,229
SW:2
RR:3
SS:3
FR:2402
ME:359
MA:353
KE:27
KA:288
DF_END

Data arrived...
DF_BEGIN
IQ:0,0,11,153,44
IQ:1,8,11,30,-162
IQ:2,16,11,-165,-36
IQ:3,24,11,-8,162
IQ:4,32,11,162,-18
IQ:5,40,11,-32,-152
IQ:6,48,11,-152,48
IQ:7,56,11,60,149
IQ:8,72,12,-112,-11
IQ:9,80,255,-67,35
IQ:10,88,1,-42,-56
IQ:11,96,255,-6,11
IQ:12,104,2,94,-34
IQ:13,112,255,14,-37
IQ:14,120,10,137,105
IQ:15,128,255,154,-51
IQ:16,136,3,66,-70
IQ:17,144,255,1,3
IQ:18,152,9,168,78
IQ:19,160,255,152,-127
IQ:20,168,4,62,-127
IQ:21,176,255,-23,-53
IQ:22,184,8,223,-36
IQ:23,192,255,36,-147
IQ:24,200,7,-4,109
IQ:25,208,255,88,65
IQ:26,216,6,55,22
IQ:27,224,255,33,-97
IQ:28,232,5,-72,-154
IQ:29,240,255,-112,-25
IQ:30,248,12,-23,-114
IQ:31,256,255,-58,-48
IQ:32,264,1,29,-58
IQ:33,272,255,-10,-3
IQ:34,280,2,70,71
IQ:35,288,255,39,15
SW:2
RR:3
SS:3
FR:2480
ME:35
MA:268
KE:28
KA:286
DF_END

Data arrived...
DF_BEGIN
IQ:0,0,11,28,168
IQ:1,8,11,168,-48
IQ:2,16,11,-61,-174
IQ:3,24,11,-155,69
IQ:4,32,11,92,150
IQ:5,40,11,144,-109
IQ:6,48,11,-107,-144
IQ:7,56,11,-116,122
IQ:8,72,12,-33,-124
IQ:9,80,255,-80,-40
IQ:10,88,1,37,-48
IQ:11,96,255,1,-8
IQ:12,104,2,60,56
IQ:13,112,255,25,9
IQ:14,120,10,-28,173
IQ:15,128,255,128,111
IQ:16,136,3,79,18
IQ:17,144,255,-8,13
IQ:18,152,9,41,198
IQ:19,160,255,190,49
IQ:20,168,4,141,-19
IQ:21,176,255,32,-32
IQ:22,184,8,133,165
IQ:23,192,255,144,-42
IQ:24,200,7,-86,60
IQ:25,208,255,-3,106
IQ:26,216,6,15,43
IQ:27,224,255,107,-34
IQ:28,232,5,89,-126
IQ:29,240,255,-27,-104
IQ:30,248,12,103,-76
IQ:31,256,255,5,-88
IQ:32,264,1,58,-2
IQ:33,272,255,2,-12
IQ:34,280,2,-25,71
IQ:35,288,255,-14,26
SW:2
RR:3
SS:3
FR:2480
ME:38
MA:265
KE:29
KA:283
DF_END

Data arrived...
DF_BEGIN
IQ:0,0,11,-150,85
IQ:1,8,11,113,143
IQ:2,16,11,132,-120
IQ:3,24,11,-137,-123
IQ:4,32,11,-106,148
IQ:5,40,11,153,104
IQ:6,48,11,93,-152
IQ:7,56,11,-169,-70
IQ:8,72,12,25,-106
IQ:9,80,255,-31,-64
IQ:10,88,1,89,-2
IQ:11,96,255,-11,3
IQ:12,104,2,-63,206
IQ:13,112,255,54,66
IQ:14,120,10,-205,60
IQ:15,128,255,-36,223
IQ:16,136,3,75,177
IQ:17,144,255,54,-19
IQ:18,152,9,-125,164
IQ:19,160,255,94,207
IQ:20,168,4,144,112
IQ:21,176,255,50,-48
IQ:22,184,8,-99,188
IQ:23,192,255,108,140
IQ:24,200,7,-53,10
IQ:25,208,255,-76,32
IQ:26,216,6,-70,70
IQ:27,224,255,93,108
IQ:28,232,5,192,-4
IQ:29,240,255,60,-118
IQ:30,248,12,110,-13
IQ:31,256,255,51,-39
IQ:32,264,1,41,76
IQ:33,272,255,-11,6
IQ:34,280,2,-215,19
IQ:35,288,255,-49,93
SW:2
RR:3
SS:3
FR:2426
ME:38
MA:262
KE:30
KA:280
DF_END

Data arrived...
DF_BEGIN
IQ:0,0,11,43,143
IQ:1,8,11,142,-53
IQ:2,16,11,-73,-123
IQ:3,24,11,-126,88
IQ:4,32,11,95,121
IQ:5,40,11,112,-103
IQ:6,48,11,-104,-110
IQ:7,56,11,-94,119
IQ:8,72,12,95,-96
IQ:9,80,255,-142,-33
IQ:10,88,1,-84,236
IQ:11,96,255,197,46
IQ:12,104,2,-20,-266
IQ:13,112,255,-228,5
IQ:14,120,10,60,135
IQ:15,128,255,143,-102
IQ:16,136,3,-145,-252
IQ:17,144,255,-218,96
IQ:18,152,9,103,90
IQ:19,160,255,77,-160
IQ:20,168,4,-263,-188
IQ:21,176,255,-200,164
IQ:22,184,8,137,34
IQ:23,192,255,49,-179
IQ:24,200,7,-106,-116
IQ:25,208,255,-71,118
IQ:26,216,6,161,56
IQ:27,224,255,0,-194
IQ:28,232,5,-291,-2
IQ:29,240,255,-41,265
IQ:30,248,12,123,38
IQ:31,256,255,-26,-145
IQ:32,264,1,-254,-1
IQ:33,272,255,12,190
IQ:34,280,2,235,-139
IQ:35,288,255,-88,-224
SW:2
RR:3
SS:3
FR:2402
ME:359
MA:5
KE:27
KA:288
DF_END

Data arrived...
DF_BEGIN
IQ:0,0,11,-137,-134
IQ:1,8,11,-124,150
IQ:2,16,11,153,108
IQ:3,24,11,88,-160
IQ:4,32,11,-173,-77
IQ:5,40,11,-61,167
IQ:6,48,11,170,57
IQ:7,56,11,24,-184
IQ:8,72,12,-63,156
IQ:9,80,255,180,-29
IQ:10,88,1,-11,-311
IQ:11,96,255,-257,49
IQ:12,104,2,138,305
IQ:13,112,255,262,-107
IQ:14,120,10,-139,-130
IQ:15,128,255,-106,184
IQ:16,136,3,298,209
IQ:17,144,255,201,-214
IQ:18,152,9,-165,-54
IQ:19,160,255,-32,234
IQ:20,168,4,367,100
IQ:21,176,255,120,-298
IQ:22,184,8,-176,41
IQ:23,192,255,35,232
IQ:24,200,7,172,74
IQ:25,208,255,9,-159
IQ:26,216,6,-217,22
IQ:27,224,255,103,206
IQ:28,232,5,316,-182
IQ:29,240,255,-110,-308
IQ:30,248,12,-173,-2
IQ:31,256,255,106,160
IQ:32,264,1,282,-122
IQ:33,272,255,-133,-209
IQ:34,280,2,-220,265
IQ:35,288,255,207,217
SW:2
RR:3
SS:3
FR:2402
ME:356
MA:5
KE:23
KA:296
DF_END

Data arrived...
DF_BEGIN
IQ:0,0,11,25,-186
IQ:1,8,11,-186,-13
IQ:2,16,11,23,177
IQ:3,24,11,172,-50
IQ:4,32,11,-58,-183
IQ:5,40,11,-166,64
IQ:6,48,11,83,167
IQ:7,56,11,162,-105
IQ:8,72,12,-16,129
IQ:9,80,255,76,66
IQ:10,88,1,-34,19
IQ:11,96,255,-10,1
IQ:12,104,2,-41,-68
IQ:13,112,255,6,-18
IQ:14,120,10,100,-168
IQ:15,128,255,-98,-130
IQ:16,136,3,-68,-30
IQ:17,144,255,28,-24
IQ:18,152,9,21,-214
IQ:19,160,255,-160,-112
IQ:20,168,4,-115,-20
IQ:21,176,255,-25,4
IQ:22,184,8,-101,-223
IQ:23,192,255,-151,-1
IQ:24,200,7,133,-24
IQ:25,208,255,57,-119
IQ:26,216,6,-9,-66
IQ:27,224,255,-105,13
IQ:28,232,5,-103,106
IQ:29,240,255,17,78
IQ:30,248,12,-129,53
IQ:31,256,255,-32,95
IQ:32,264,1,-36,-23
IQ:33,272,255,-7,-11
IQ:34,280,2,42,-64
IQ:35,288,255,28,-15
SW:2
RR:3
SS:3
FR:2480
ME:38
MA:265
KE:24
KA:293
DF_END

Data arrived...
DF_BEGIN
IQ:0,0,11,-141,-111
IQ:1,8,11,-94,137
IQ:2,16,11,145,91
IQ:3,24,11,68,-159
IQ:4,32,11,-161,-52
IQ:5,40,11,-45,166
IQ:6,48,11,166,20
IQ:7,56,11,-4,-174
IQ:8,72,12,86,-6
IQ:9,80,255,61,-33
IQ:10,88,1,35,71
IQ:11,96,255,-17,-14
IQ:12,104,2,-210,35
IQ:13,112,255,-24,93
IQ:14,120,10,-106,-165
IQ:15,128,255,-209,48
IQ:16,136,3,-125,166
IQ:17,144,255,43,55
IQ:18,152,9,-192,-39
IQ:19,160,255,-148,156
IQ:20,168,4,-31,192
IQ:21,176,255,79,14
I