KE:19
KA:295
DF_END

Data arrived...
DF_BEGIN
IQ:0,0,11,131,-79
IQ:1,8,11,-92,-126
IQ:2,16,11,-118,105
IQ:3,24,11,111,104
IQ:4,32,11,94,-127
IQ:5,40,11,-128,-88
IQ:6,48,11,-76,132
IQ:7,56,11,142,63
IQ:8,72,12,-88,-98
IQ:9,80,255,-12,118
IQ:10,88,1,230,30
IQ:11,96,255,7,-195
IQ:12,104,2,-251,99
IQ:13,112,255,37,227
IQ:14,120,10,114,-63
IQ:15,128,255,-94,-107
IQ:16,136,3,-162,179
IQ:17,144,255,141,172
IQ:18,152,9,78,-100
IQ:19,160,255,-142,-41
IQ:20,168,4,-61,255
IQ:21,176,255,213,104
IQ:22,184,8,18,-103
IQ:23,192,255,-156,-14
IQ:24,200,7,-123,153
IQ:25,208,255,129,79
IQ:26,216,6,23,-160
IQ:27,224,255,-133,33
IQ:28,232,5,132,199
IQ:29,240,255,230,-84
IQ:30,248,12,33,-125
IQ:31,256,255,-124,30
IQ:32,264,1,51,224
IQ:33,272,255,172,-73
IQ:34,280,2,-191,-178
IQ:35,288,255,-176,154
SW:2
RR:3
SS:3
FR:2402
ME:356
MA:5
KE:17
KA:305
DF_END

Data arrived...
DF_BEGIN
IQ:0,0,11,-154,-108
IQ:1,8,11,-115,165
IQ:2,16,11,165,96
IQ:3,24,11,78,-174
IQ:4,32,11,-178,-60
IQ:5,40,11,-48,190
IQ:6,48,11,191,36
IQ:7,56,11,8,-189
IQ:8,72,12,-62,156
IQ:9,80,255,168,-18
IQ:10,88,1,-21,-292
IQ:11,96,255,-232,50
IQ:12,104,2,176,273
IQ:13,112,255,252,-140
IQ:14,120,10,-114,-114
IQ:15,128,255,-83,154
IQ:16,136,3,285,132
IQ:17,144,255,135,-235
IQ:18,152,9,-144,-37
IQ:19,160,255,9,173
IQ:20,168,4,329,-33
IQ:21,176,255,64,-292
IQ:22,184,8,-113,9
IQ:23,192,255,44,183
IQ:24,200,7,243,79
IQ:25,208,255,39,-191
IQ:26,216,6,-194,33
IQ:27,224,255,90,149
IQ:28,232,5,182,-216
IQ:29,240,255,-188,-238
IQ:30,248,12,-164,6
IQ:31,256,255,104,127
IQ:32,264,1,233,-166
IQ:33,272,255,-172,-167
IQ:34,280,2,-142,296
IQ:35,288,255,244,174
SW:2
RR:3
SS:3
FR:2402
ME:356
MA:5
KE:15
KA:316
DF_END

Data arrived...
DF_BEGIN
IQ:0,0,11,-164,-57
IQ:1,8,11,-32,163
IQ:2,16,11,167,17
IQ:3,24,11,-15,-174
IQ:4,32,11,-172,26
IQ:5,40,11,40,160
IQ:6,48,11,156,-69
IQ:7,56,11,-83,-153
IQ:8,72,12,130,11
IQ:9,80,255,51,-70
IQ:10,88,1,-4,49
IQ:11,96,255,22,20
IQ:12,104,2,-53,-3
IQ:13,112,255,-39,-1
IQ:14,120,10,-125,-64
IQ:15,128,255,-90,70
IQ:16,136,3,-40,28
IQ:17,144,255,-53,-22
IQ:18,152,9,-195,9
IQ:19,160,255,-63,153
IQ:20,168,4,-36,77
IQ:21,176,255,-16,27
IQ:22,184,8,-182,81
IQ:23,192,255,17,124
IQ:24,200,7,-11,-106
IQ:25,208,255,-99,-28
IQ:26,216,6,-36,19
IQ:27,224,255,11,60
IQ:28,232,5,66,78
IQ:29,240,255,62,16
IQ:30,248,12,48,127
IQ:31,256,255,81,19
IQ:32,264,1,-48,18
IQ:33,272,255,-12,29
IQ:34,280,2,-33,-41
IQ:35,288,255,-12,-46
SW:2
RR:3
SS:3
FR:2480
ME:33
MA:265
KE:16
KA:309
DF_END

Data arrived...
DF_BEGIN
IQ:0,0,11,103,106
IQ:1,8,11,97,-117
IQ:2,16,11,-117,-94
IQ:3,24,11,-78,126
IQ:4,32,11,139,67
IQ:5,40,11,51,-136
IQ:6,48,11,-149,-39
IQ:7,56,11,-15,148
IQ:8,72,12,-86,-99
IQ:9,80,255,-108,44
IQ:10,88,1,69,35
IQ:11,96,255,63,-49
IQ:12,104,2,20,10
IQ:13,112,255,-10,54
IQ:14,120,10,70,143
IQ:15,128,255,137,-17
IQ:16,136,3,36,-47
IQ:17,144,255,-7,29
IQ:18,152,9,133,86
IQ:19,160,255,100,-98
IQ:20,168,4,-10,-55
IQ:21,176,255,1,48
IQ:22,184,8,171,63
IQ:23,192,255,54,-120
IQ:24,200,7,-76,76
IQ:25,208,255,44,118
IQ:26,216,6,84,-1
IQ:27,224,255,15,-86
IQ:28,232,5,-26,-41
IQ:29,240,255,20,-4
IQ:30,248,12,60,-125
IQ:31,256,255,-95,-64
IQ:32,264,1,3,80
IQ:33,272,255,72,41
IQ:34,280,2,-5,24
IQ:35,288,255,-47,33
SW:2
RR:3
SS:3
FR:2426
ME:13
MA:86
KE:16
KA:320
DF_END

Data arrived...
DF_BEGIN
IQ:0,0,11,159,-88
IQ:1,8,11,-111,-145
IQ:2,16,11,-148,123
IQ:3,24,11,129,137
IQ:4,32,11,124,-142
IQ:5,40,11,-146,-97
IQ:6,48,11,-76,169
IQ:7,56,11,180,54
IQ:8,72,12,-93,80
IQ:9,80,255,14,121
IQ:10,88,1,5,-18
IQ:11,96,255,12,-75
IQ:12,104,2,42,-161
IQ:13,112,255,-16,-28
IQ:14,120,10,233,-48
IQ:15,128,255,38,-260
IQ:16,136,3,-104,-196
IQ:17,144,255,-52,18
IQ:18,152,9,166,-162
IQ:19,160,255,-98,-233
IQ:20,168,4,-142,-113
IQ:21,176,255,-9,51
IQ:22,184,8,170,-222
IQ:23,192,255,-121,-164
IQ:24,200,7,72,89
IQ:25,208,255,161,-37
IQ:26,216,6,66,-126
IQ:27,224,255,-132,-116
IQ:28,232,5,-156,-11
IQ:29,240,255,-43,67
IQ:30,248,12,-129,-43
IQ:31,256,255,-104,65
IQ:32,264,1,11,-6
IQ:33,272,255,71,-27
IQ:34,280,2,166,-23
IQ:35,288,255,32,-38
SW:2
RR:3
SS:3
FR:2426
ME:38
MA:262
KE:18
KA:311
DF_END

Data arrived...
DF_BEGIN
IQ:0,0,11,-87,-140
IQ:1,8,11,-128,103
IQ:2,16,11,105,127
IQ:3,24,11,103,-119
IQ:4,32,11,-138,-101
IQ:5,40,11,-73,148
IQ:6,48,11,150,68
IQ:7,56,11,51,-153
IQ:8,72,12,-83,106
IQ:9,80,255,129,30
IQ:10,88,1,48,-219
IQ:11,96,255,-188,-7
IQ:12,104,2,75,251
IQ:13,112,255,225,-22
IQ:14,120,10,-56,-112
IQ:15,128,255,-98,107
IQ:16,136,3,188,177
IQ:17,144,255,182,-126
IQ:18,152,9,-83,-62
IQ:19,160,255,-24,134
IQ:20,168,4,276,63
IQ:21,176,255,126,-209
IQ:22,184,8,-89,6
IQ:23,192,255,2,152
IQ:24,200,7,108,134
IQ:25,208,255,77,-83
IQ:26,216,6,-148,-21
IQ:27,224,255,51,127
IQ:28,232,5,247,-139
IQ:29,240,255,-56,-267
IQ:30,248,12,-128,-30
IQ:31,256,255,59,113
IQ:32,264,1,204,-104
IQ:33,272,255,-102,-166
IQ:34,280,2,-179,200
IQ:35,288,255,146,188
SW:2
RR:3
SS:3
FR:2402
ME:359
MA:5
KE:16
KA:323
DF_END

Data arrived...
DF_BEGIN
IQ:0,0,11,-41,-155
IQ:1,8,11,-154,59
IQ:2,16,11,72,152
IQ:3,24,11,138,-89
IQ:4,32,11,-92,-134
IQ:5,40,11,-114,98
IQ:6,48,11,105,122
IQ:7,56,11,111,-124
IQ:8,72,12,-108,75
IQ:9,80,255,128,53
IQ:10,88,1,104,-199
IQ:11,96,255,-180,-64
IQ:12,104,2,-7,263
IQ:13,112,255,224,47
IQ:14,120,10,-19,-116
IQ:15,128,255,-121,68
IQ:16,136,3,134,224
IQ:17,144,255,206,-78
IQ:18,152,9,-58,-86
IQ:19,160,255,-70,107
IQ:20,168,4,239,155
IQ:21,176,255,179,-165
IQ:22,184,8,-79,-36
IQ:23,192,255,-63,135
IQ:24,200,7,54,168
IQ:25,208,255,102,-54
IQ:26,216,6,-136,-73
IQ:27,224,255,2,142
IQ:28,232,5,271,-30
IQ:29,240,255,24,-262
IQ:30,248,12,-123,-55
IQ:31,256,255,-1,142
IQ:32,264,1,222,12
IQ:33,272,255,-23,-182
IQ:34,280,2,-241,98
IQ:35,288,255,72,229
SW:2
RR:3
SS:3
FR:2402
ME:359
MA:5
KE:14
KA:333
DF_END

Data arrived...
DF_BEGIN
IQ:0,0,11,-143,99
IQ:1,8,11,133,131
IQ:2,16,11,129,-126
IQ:3,24,11,-145,-113
IQ:4,32,11,-97,144
IQ:5,40,11,157,68
IQ:6,48,11,65,-175
IQ:7,56,11,-173,-35
IQ:8,72,12,80,-156
IQ:9,80,255,-31,-63
IQ:10,88,1,130,81
IQ:11,96,255,52,-66
IQ:12,104,2,-123,71
IQ:13,112,255,-40,116
IQ:14,120,10,-137,112
IQ:15,128,255,-32,134
IQ:16,136,3,-104,100
IQ:17,144,255,-53,101
IQ:18,152,9,-153,179
IQ:19,160,255,29,190
IQ:20,168,4,-41,166
IQ:21,176,255,45,107
IQ:22,184,8,-117,216
IQ:23,192,255,86,106
IQ:24,200,7,-135,-71
IQ:25,208,255,-100,66
IQ:26,216,6,-25,-5
IQ:27,224,255,-5,54
IQ:28,232,5,93,97
IQ:29,240,255,136,-7
IQ:30,248,12,181,5
IQ:31,256,255,30,-53
IQ:32,264,1,1,157
IQ:33,272,255,87,22
IQ:34,280,2,-109,-85
IQ:35,288,255,-119,-4
SW:2
RR:3
SS:3
FR:2480
ME:27
MA:265
KE:15
KA:322
DF_END

Data arrived...
DF_BEGIN
IQ:0,0,11,173,-80
IQ:1,8,11,-95,-145
IQ:2,16,11,-145,129
IQ:3,24,11,132,127
IQ:4,32,11,119,-147
IQ:5,40,11,-154,-118
IQ:6,48,11,-90,160
IQ:7,56,11,177,69
IQ:8,72,12,-75,41
IQ:9,80,255,-8,109
IQ:10,88,1,3,26
IQ:11,96,255,33,-91
IQ:12,104,2,-7,-209
IQ:13,112,255,-62,-14
IQ:14,120,10,209,-66
IQ:15,128,255,-8,-266
IQ:16,136,3,-175,-164
IQ:17,144,255,-62,64
IQ:18,152,9,137,-173
IQ:19,160,255,-125,-237
IQ:20,168,4,-206,-64
IQ:21,176,255,-8,92
IQ:22,184,8,117,-253
IQ:23,192,255,-179,-145
IQ:24,200,7,47,65
IQ:25,208,255,145,-23
IQ:26,216,6,86,-128
IQ:27,224,255,-140,-132
IQ:28,232,5,-209,21
IQ:29,240,255,-11,113
IQ:30,248,12,-79,-48
IQ:31,256,255,-99,45
IQ:32,264,1,-12,17
IQ:33,272,255,84,-17
IQ:34,280,2,176,-106
IQ:35,288,255,-16,-75
SW:2
RR:3
SS:3
FR:2426
ME:13
MA:97
KE:14
KA:336
DF_END

Data arrived...
DF_BEGIN
IQ:0,0,11,-135,-117
IQ:1,8,11,-99,154
IQ:2,16,11,161,97
IQ:3,24,11,71,-172
IQ:4,32,11,-173,-62
IQ:5,40,11,-51,174
IQ:6,48,11,181,34
IQ:7,56,11,24,-184
IQ:8,72,12,64,46
IQ:9,80,255,101,-29
IQ:10,88,1,35,-4
IQ:11,96,255,-87,-5
IQ:12,104,2,-201,78
IQ:13,112,255,19,67
IQ:14,120,10,-120,-190
IQ:15,128,255,-248,74
IQ:16,136,3,-113,226
IQ:17,144,255,87,42
IQ:18,152,9,-212,-42
IQ:19,160,255,-165,195
IQ:20,168,4,2,216
IQ:21,176,255,95,-17
IQ:22,184,8,-276,-30
IQ:23,192,255,-86,206
IQ:24,200,7,35,-58
IQ:25,208,255,-75,-107
IQ:26,216,6,-145,-20
IQ:27,224,255,-42,194
IQ:28,232,5,123,182
IQ:29,240,255,127,-45
IQ:30,248,12,-18,81
IQ:31,256,255,70,87
IQ:32,264,1,22,24
IQ:33,272,255,-34,-77
IQ:34,280,2,-162,-119
IQ:35,288,255,-59,49
SW:2
RR:3
SS:3
FR:2426
ME:13
MA:108
KE:14
KA:356
DF_END

Data arrived...
DF_BEGIN
IQ:0,0,11,131,-83
IQ:1,8,11,-117,-113
IQ:2,16,11,-115,115
IQ:3,24,11,118,100
IQ:4,32,11,98,-117
IQ:5,40,11,-135,-81
IQ:6,48,11,-75,138
IQ:7,56,11,146,69
IQ:8,72,12,-90,-74
IQ:9,80,255,-11,127
IQ:10,88,1,209,54
IQ:11,96,255,23,-183
IQ:12,104,2,-253,39
IQ:13,112,255,12,218
IQ:14,120,10,109,-68
IQ:15,128,255,-105,-112
IQ:16,136,3,-189,171
IQ:17,144,255,122,180
IQ:18,152,9,64,-92
IQ:19,160,255,-146,-21
IQ:20,168,4,-57,286
IQ:21,176,255,214,126
IQ:22,184,8,9,-99
IQ:23,192,255,-160,-16
IQ:24,200,7,-129,113
IQ:25,208,255,94,75
IQ:26,216,6,20,-159
IQ:27,224,255,-146,40
IQ:28,232,5,109,261
IQ:29,240,255,262,-58
IQ:30,248,12,10,-106
IQ:31,256,255,-122,48
IQ:32,264,1,42,209
IQ:33,272,255,167,-67
IQ:34,280,2,-163,-195
IQ:35,288,255,-195,123
SW:2
RR:3
SS:3
FR:2402
ME:356
MA:5
KE:12
KA:1
DF_END

Data arrived...
DF_BEGIN
IQ:0,0,11,-48,-186
IQ:1,8,11,-171,45
IQ:2,16,11,77,162
IQ:3,24,11,156,-98
IQ:4,32,11,-126,-150
IQ:5,40,11,-128,118
IQ:6,48,11,139,104
IQ:7,56,11,115,-142
IQ:8,72,12,102,158
IQ:9,80,255,81,-24
IQ:10,88,1,-135,64
IQ:11,96,255,28,79
IQ:12,104,2,7,-139
IQ:13,112,255,-70,-110
IQ:14,120,10,-27,-192
IQ:15,128,255,-111,-68
IQ:16,136,3,-36,-128
IQ:17,144,255,-48,-107
IQ:18,152,9,-85,-238
IQ:19,160,255,-186,-51
IQ:20,168,4,-108,-124
IQ:21,176,255,-115,-27
IQ:22,184,8,-171,-195
IQ:23,192,255,-134,36
IQ:24,200,7,142,-109
IQ:25,208,255,-11,-146
IQ:26,216,6,2,-22
IQ:27,224,255,-45,-16
IQ:28,232,5,-109,39
IQ:29,240,255,-38,110
IQ:30,248,12,-91,160
IQ:31,256,255,56,60
IQ:32,264,1,-126,-75
IQ:33,272,255,-66,66
IQ:34,280,2,126,-47
IQ:35,288,255,75,-107
SW:2
RR:3
SS:3
FR:2480
ME:27
MA:268
KE:14
KA:345
DF_END

Data arrived...
DF_BEGIN
IQ:0,0,11,-96,109
IQ:1,8,11,118,88
IQ:2,16,11,70,-123
IQ:3,24,11,-130,-62
IQ:4,32,11,-47,140
IQ:5,40,11,148,34
IQ:6,48,11,17,-146
IQ:7,56,11,-142,-10
IQ:8,72,12,47,-74
IQ:9,80,255,-39,-81
IQ:10,88,1,5,2
IQ:11,96,255,2,57
IQ:12,104,2,32,130
IQ:13,112,255,31,-3
IQ:14,120,10,-164,83
IQ:15,128,255,34,192
IQ:16,136,3,142,87
IQ:17,144,255,24,-54
IQ:18,152,9,-75,151
IQ:19,160,255,126,140
IQ:20,168,4,150,25
IQ:21,176,255,-9,-52
IQ:22,184,8,-45,201
IQ:23,192,255,137,85
IQ:24,200,7,-53,-43
IQ:25,208,255,-108,42
IQ:26,216,6,-35,97
IQ:27,224,255,127,50
IQ:28,232,5,129,-62
IQ:29,240,255,-5,-76
IQ:30,248,12,96,0
IQ:31,256,255,66,-60
IQ:32,264,1,0,1
IQ:33,272,255,-51,36
IQ:34,280,2,-107,83
IQ:35,288,255,8,43
SW:2
RR:3
SS:3
FR:2426
ME:41
MA:265
KE:16
KA:327
DF_END

Data arrived...
DF_BEGIN
IQ:0,0,11,18,149
IQ:1,8,11,151,-26
IQ:2,16,11,-33,-152
IQ:3,24,11,-130,59
IQ:4,32,11,82,128
IQ:5,40,11,128,-89
IQ:6,48,11,-86,-127
IQ:7,56,11,-114,101
IQ:8,72,12,118,-60
IQ:9,80,255,-111,-76
IQ:10,88,1,-115,188
IQ:11,96,255,175,77
IQ:12,104,2,34,-257
IQ:13,112,255,-222,-68
IQ:14,120,10,4,111
IQ:15,128,255,119,-61
IQ:16,136,3,-128,-223
IQ:17,144,255,-200,55
IQ:18,152,9,57,84
IQ:19,160,255,71,-117
IQ:20,168,4,-229,-144
IQ:21,176,255,-179,165
IQ:22,184,8,82,38
IQ:23,192,255,65,-140
IQ:24,200,7,-60,-156
IQ:25,208,255,-93,70
IQ:26,216,6,141,60
IQ:27,224,255,2,-150
IQ:28,232,5,-275,23
IQ:29,240,255,-49,252
IQ:30,248,12,107,87
IQ:31,256,255,12,-133
IQ:32,264,1,-232,-13
IQ:33,272,255,-9,182
IQ:34,280,2,226,-101
IQ:35,288,255,-68,-225
SW:2
RR:3
SS:3
FR:2402
ME:359
MA:5
KE:14
KA:338
DF_END

Data arrived...
DF_BEGIN
IQ:0,0,11,-71,150
IQ:1,8,11,155,51
IQ:2,16,11,48,-158
IQ:3,24,11,-167,-33
IQ:4,32,11,-10,167
IQ:5,40,11,168,-15
IQ:6,48,11,-30,-164
IQ:7,56,11,-159,37
IQ:8,72,12,23,-134
IQ:9,80,255,-53,-58
IQ:10,88,1,85,18
IQ:11,96,255,20,-38
IQ:12,104,2,-32,70
IQ:13,112,255,2,65
IQ:14,120,10,-91,130
IQ:15,128,255,31,124
IQ:16,136,3,-3,77
IQ:17,144,255,-23,61
IQ:18,152,9,-52,191
IQ:19,160,255,116,117
IQ:20,168,4,69,64
IQ:21,176,255,42,21
IQ:22,184,8,25,179
IQ:23,192,255,110,36
IQ:24,200,7,-103,-3
IQ:25,208,255,-48,82
IQ:26,216,6,-8,39
IQ:27,224,255,54,18
IQ:28,232,5,84,-31
IQ:29,240,255,30,-59
IQ:30,248,12,135,-43
IQ:31,256,255,28,-71
IQ:32,264,1,35,82
IQ:33,272,255,45,3
IQ:34,280,2,-79,7
IQ:35,288,255,-68,16
SW:2
RR:3
SS:3
FR:2480
ME:30
MA:265
KE:16
KA:324
DF_END

Data arrived...
DF_BEGIN
IQ:0,0,11,154,-38
IQ:1,8,11,-58,-159
IQ:2,16,11,-149,60
IQ:3,24,11,83,141
IQ:4,32,11,121,-98
IQ:5,40,11,-112,-117
IQ:6,48,11,-105,121
IQ:7,56,11,127,88
IQ:8,72,12,-136,75
IQ:9,80,255,6,85
IQ:10,88,1,-24,-96
IQ:11,96,255,-66,-8
IQ:12,104,2,75,7
IQ:13,112,255,69,-38
IQ:14,120,10,157,-7
IQ:15,128,255,70,-105
IQ:16,136,3,69,-29
IQ:17,144,255,78,-37
IQ:18,152,9,174,-92
IQ:19,160,255,21,-160
IQ:20,168,4,38,-82
IQ:21,176,255,7,-70
IQ:22,184,8,120,-142
IQ:23,192,255,-52,-89
IQ:24,200,7,95,104
IQ:25,208,255,112,-24
IQ:26,216,6,5,-21
IQ:27,224,255,-29,-32
IQ:28,232,5,-63,-41
IQ:29,240,255,-67,-13
IQ:30,248,12,-134,-98
IQ:31,256,255,-75,44
IQ:32,264,1,72,-79
IQ:33,272,255,-26,-58
IQ:34,280,2,33,65
IQ:35,288,255,68,54
SW:2
RR:3
SS:3
FR:2480
ME:27
MA:268
KE:17
KA:311
DF_END

Data arrived...
DF_BEGIN
IQ:0,0,11,-139,-54
IQ:1,8,11,-34,136
IQ:2,16,11,144,17
IQ:3,24,11,14,-147
IQ:4,32,11,-149,1
IQ:5,40,11,26,150
IQ:6,48,11,147,-25
IQ:7,56,11,-30,-149
IQ:8,72,12,117,22
IQ:9,80,255,60,-83
IQ:10,88,1,-40,29
IQ:11,96,255,-21,49
IQ:12,104,2,-77,12
IQ:13,112,255,-29,-4
IQ:14,120,10,-124,-120
IQ:15,128,255,-150,72
IQ:16,136,3,-42,95
IQ:17,144,255,1,-7
IQ:18,152,9,-172,1
IQ:19,160,255,-75,148
IQ:20,168,4,26,89
IQ:21,176,255,9,-33
IQ:22,184,8,-201,18
IQ:23,192,255,-24,147
IQ:24,200,7,30,-82
IQ:25,208,255,-90,-62
IQ:26,216,6,-71,31
IQ:27,224,255,14,106
IQ:28,232,5,54,72
IQ:29,240,255,41,9
IQ:30,248,12,33,113
IQ:31,256,255,82,8
IQ:32,264,1,-53,-23
IQ:33,272,255,-53,2
IQ:34,280,2,-44,-66
IQ:35,288,255,-15,-25
SW:2
RR:3
SS:3
FR:2426
ME:38
MA:262
KE:19
KA:299
DF_END

Data arrived...
DF_BEGIN
IQ:0,0,11,25,-154
IQ:1,8,11,-157,-19
IQ:2,16,11,-7,151
IQ:3,24,11,143,-5
IQ:4,32,11,-40,-145
IQ:5,40,11,-144,53
IQ:6,48,11,49,147
IQ:7,56,11,137,-65
IQ:8,72,12,-136,20
IQ:9,80,255,83,115
IQ:10,88,1,195,-137
IQ:11,96,255,-138,-149
IQ:12,104,2,-130,227
IQ:13,112,255,196,121
IQ:14,120,10,35,-137
IQ:15,128,255,-164,2
IQ:16,136,3,6,280
IQ:17,144,255,224,41
IQ:18,152,9,-30,-115
IQ:19,160,255,-129,81
IQ:20,168,4,168,245
IQ:21,176,255,247,-80
IQ:22,184,8,-69,-71
IQ:23,192,255,-113,111
IQ:24,200,7,13,163
IQ:25,208,255,133,-30
IQ:26,216,6,-104,-142
IQ:27,224,255,-90,138
IQ:28,232,5,245,97
IQ:29,240,255,139,-228
IQ:30,248,12,-68,-116
IQ:31,256,255,-58,124
IQ:32,264,1,210,109
IQ:33,272,255,74,-178
IQ:34,280,2,-269,-6
IQ:35,288,255,-22,241
SW:2
RR:3
SS:3
FR:2402
ME:359
MA:5
KE:17
KA:309
DF_END

Data arrived...
DF_BEGIN
IQ:0,0,11,-142,-64
IQ:1,8,11,-53,144
IQ:2,16,11,149,42
IQ:3,24,11,24,-152
IQ:4,32,11,-153,-9
IQ:5,40,11,13,153
IQ:6,48,11,152,-23
IQ:7,56,11,-28,-149
IQ:8,72,12,-13,148
IQ:9,80,255,126,-60
IQ:10,88,1,-101,-228
IQ:11,96,255,-187,94
IQ:12,104,2,196,161
IQ:13,112,255,165,-162
IQ:14,120,10,-119,-70
IQ:15,128,255,-45,156
IQ:16,136,3,257,85
IQ:17,144,255,82,-212
IQ:18,152,9,-119,-13
IQ:19,160,255,49,144
IQ:20,168,4,271,-95
IQ:21,176,255,-14,-261
IQ:22,184,8,-91,33
IQ:23,192,255,74,145
IQ:24,200,7,181,24
IQ:25,208,255,-10,-141
IQ:26,216,6,-163,62
IQ:27,224,255,114,105
IQ:28,232,5,141,-225
IQ:29,240,255,-178,-191
IQ:30,248,12,-131,58
IQ:31,256,255,111,81
IQ:32,264,1,141,-189
IQ:33,272,255,-175,-111
IQ:34,280,2,-66,250
IQ:35,288,255,220,84
SW:2
RR:3
SS:3
FR:2402
ME:359
MA:5
KE:16
KA:318
DF_END

Data arrived...
DF_BEGIN
IQ:0,0,11,-8,175
IQ:1,8,11,179,-14
IQ:2,16,11,-31,-168
IQ:3,24,11,-165,69
IQ:4,32,11,72,157
IQ:5,40,11,151,-88
IQ:6,48,11,-100,-150
IQ:7,56,11,-122,110
IQ:8,72,12,-34,-160
IQ:9,80,255,-93,-27
IQ:10,88,1,85,1
IQ:11,96,255,22,-53
IQ:12,104,2,-6,61
IQ:13,112,255,11,57
IQ:14,120,10,-32,170
IQ:15,128,255,99,84
IQ:16,136,3,13,48
IQ:17,144,255,-8,76
IQ:18,152,9,54,187
IQ:19,160,255,163,44
IQ:20,168,4,79,22
IQ:21,176,255,43,9
IQ:22,184,8,125,145
IQ:23,192,255,108,-51
IQ:24,200,7,-102,67
IQ:25,208,255,19,113
IQ:26,216,6,28,17
IQ:27,224,255,50,-27
IQ:28,232,5,49,-77
IQ:29,240,255,9,-53
IQ:30,248,12,124,-105
IQ:31,256,255,-22,-94
IQ:32,264,1,48,66
IQ:33,272,255,57,-8
IQ:34,280,2,-57,26
IQ:35,288,255,-62,34
SW:2
RR:3
SS:3
FR:2480
ME:30
MA:262
KE:17
KA:307
DF_END

Data arrived...
DF_BEGIN
IQ:0,0,11,-155,-42
IQ:1,8,11,-8,153
IQ:2,16,11,158,2
IQ:3,24,11,-12,-160
IQ:4,32,11,-162,19
IQ:5,40,11,32,157
IQ:6,48,11,150,-40
IQ:7,56,11,-52,-151
IQ:8,72,12,128,23
IQ:9,80,255,58,-100
IQ:10,88,1,-46,27
IQ:11,96,255,-20,66
IQ:12,104,2,-64,29
IQ:13,112,255,-21,-16
IQ:14,120,10,-154,-106
IQ:15,128,255,-135,102
IQ:16,136,3,-14,95
IQ:17,144,255,3,-16
IQ:18,152,9,-172,25
IQ:19,160,255,-24,166
IQ:20,168,4,39,73
IQ:21,176,255,-9,-42
IQ:22,184,8,-196,40
IQ:23,192,255,-2,142
IQ:24,200,7,33,-80
IQ:25,208,255,-99,-63
IQ:26,216,6,-77,46
IQ:27,224,255,30,107
IQ:28,232,5,68,49
IQ:29,240,255,19,-1
IQ:30,248,12,47,126
IQ:31,256,255,108,1
IQ:32,264,1,-49,-31
IQ:33,272,255,-69,13
IQ:34,280,2,-56,-41
IQ:35,288,255,2,-24
SW:2
RR:3
SS:3
FR:2426
ME:41
MA:259
KE:20
KA:298
DF_END