KE:4
KA:332
DF_END

Data arrived...
DF_BEGIN
IQ:0,0,11,-111,114
IQ:1,8,11,117,99
IQ:2,16,11,89,-138
IQ:3,24,11,-145,-76
IQ:4,32,11,-52,151
IQ:5,40,11,155,21
IQ:6,48,11,8,-162
IQ:7,56,11,-164,-4
IQ:8,72,12,130,-37
IQ:9,80,255,-49,-105
IQ:10,88,1,-121,103
IQ:11,96,255,67,104
IQ:12,104,2,9,-97
IQ:13,112,255,-127,-56
IQ:14,120,10,-130,69
IQ:15,128,255,35,77
IQ:16,136,3,-32,-120
IQ:17,144,255,-146,-17
IQ:18,152,9,-100,70
IQ:19,160,255,42,39
IQ:20,168,4,-55,-151
IQ:21,176,255,-153,1
IQ:22,184,8,-27,80
IQ:23,192,255,91,-10
IQ:24,200,7,16,-154
IQ:25,208,255,-129,-25
IQ:26,216,6,27,89
IQ:27,224,255,63,-57
IQ:28,232,5,-115,-89
IQ:29,240,255,-93,109
IQ:30,248,12,86,100
IQ:31,256,255,71,-92
IQ:32,264,1,-152,-49
IQ:33,272,255,-63,116
IQ:34,280,2,86,-36
IQ:35,288,255,-25,-134
SW:2
RR:3
SS:3
FR:2426
ME:7
MA:299
KE:4
KA:328
DF_END

Data arrived...
DF_BEGIN
IQ:0,0,11,145,115
IQ:1,8,11,105,-160
IQ:2,16,11,-160,-75
IQ:3,24,11,-61,172
IQ:4,32,11,177,40
IQ:5,40,11,22,-181
IQ:6,48,11,-186,-13
IQ:7,56,11,7,187
IQ:8,72,12,-86,-174
IQ:9,80,255,-157,94
IQ:10,88,1,137,153
IQ:11,96,255,141,-117
IQ:12,104,2,-142,-56
IQ:13,112,255,-67,171
IQ:14,120,10,123,120
IQ:15,128,255,88,-100
IQ:16,136,3,-131,10
IQ:17,144,255,-11,163
IQ:18,152,9,136,63
IQ:19,160,255,10,-119
IQ:20,168,4,-169,46
IQ:21,176,255,23,184
IQ:22,184,8,141,11
IQ:23,192,255,-38,-134
IQ:24,200,7,-176,17
IQ:25,208,255,42,148
IQ:26,216,6,135,-82
IQ:27,224,255,-113,-119
IQ:28,232,5,-149,160
IQ:29,240,255,151,126
IQ:30,248,12,123,-162
IQ:31,256,255,-148,-101
IQ:32,264,1,-66,195
IQ:33,272,255,178,59
IQ:34,280,2,-23,-160
IQ:35,288,255,-193,4
SW:2
RR:3
SS:3
FR:2402
ME:2
MA:353
KE:4
KA:330
DF_END

Data arrived...
DF_BEGIN
IQ:0,0,11,-145,-55
IQ:1,8,11,-35,150
IQ:2,16,11,162,10
IQ:3,24,11,4,-157
IQ:4,32,11,-144,15
IQ:5,40,11,25,156
IQ:6,48,11,144,-50
IQ:7,56,11,-58,-152
IQ:8,72,12,163,136
IQ:9,80,255,116,-138
IQ:10,88,1,-153,-81
IQ:11,96,255,-58,144
IQ:12,104,2,189,-13
IQ:13,112,255,22,-207
IQ:14,120,10,-142,-115
IQ:15,128,255,-48,101
IQ:16,136,3,183,-69
IQ:17,144,255,-11,-178
IQ:18,152,9,-64,-6
IQ:19,160,255,77,72
IQ:20,168,4,203,-104
IQ:21,176,255,-58,-190
IQ:22,184,8,-58,-2
IQ:23,192,255,65,68
IQ:24,200,7,156,-44
IQ:25,208,255,-42,-101
IQ:26,216,6,-65,124
IQ:27,224,255,161,57
IQ:28,232,5,107,-190
IQ:29,240,255,-171,-79
IQ:30,248,12,-49,189
IQ:31,256,255,178,25
IQ:32,264,1,-5,-177
IQ:33,272,255,-156,23
IQ:34,280,2,90,171
IQ:35,288,255,200,-57
SW:2
RR:3
SS:3
FR:2480
ME:2
MA:353
KE:4
KA:332
DF_END

Data arrived...
DF_BEGIN
IQ:0,0,11,-15,153
IQ:1,8,11,151,-17
IQ:2,16,11,-28,-149
IQ:3,24,11,-147,54
IQ:4,32,11,66,135
IQ:5,40,11,132,-77
IQ:6,48,11,-84,-137
IQ:7,56,11,-136,77
IQ:8,72,12,97,-172
IQ:9,80,255,-159,-75
IQ:10,88,1,-51,172
IQ:11,96,255,148,19
IQ:12,104,2,-54,-180
IQ:13,112,255,-198,26
IQ:14,120,10,-70,166
IQ:15,128,255,110,11
IQ:16,136,3,-114,-163
IQ:17,144,255,-174,50
IQ:18,152,9,8,58
IQ:19,160,255,46,-97
IQ:20,168,4,-141,-163
IQ:21,176,255,-163,108
IQ:22,184,8,11,69
IQ:23,192,255,50,-76
IQ:24,200,7,-78,-143
IQ:25,208,255,-86,64
IQ:26,216,6,137,26
IQ:27,224,255,12,-170
IQ:28,232,5,-208,-56
IQ:29,240,255,-39,187
IQ:30,248,12,190,20
IQ:31,256,255,-7,-171
IQ:32,264,1,-172,46
IQ:33,272,255,58,147
IQ:34,280,2,130,-118
IQ:35,288,255,-125,-158
SW:2
RR:3
SS:3
FR:2480
ME:2
MA:353
KE:4
KA:334
DF_END

Data arrived...
DF_BEGIN
IQ:0,0,11,37,-158
IQ:1,8,11,-163,-20
IQ:2,16,11,-21,158
IQ:3,24,11,153,3
IQ:4,32,11,-15,-161
IQ:5,40,11,-161,33
IQ:6,48,11,44,155
IQ:7,56,11,142,-74
IQ:8,72,12,-107,91
IQ:9,80,255,86,79
IQ:10,88,1,73,-142
IQ:11,96,255,-118,-68
IQ:12,104,2,19,89
IQ:13,112,255,138,3
IQ:14,120,10,96,-109
IQ:15,128,255,-68,-58
IQ:16,136,3,80,92
IQ:17,144,255,138,-61
IQ:18,152,9,50,-108
IQ:19,160,255,-61,-13
IQ:20,168,4,109,114
IQ:21,176,255,135,-80
IQ:22,184,8,-15,-91
IQ:23,192,255,-87,49
IQ:24,200,7,42,150
IQ:25,208,255,125,-33
IQ:26,216,6,-59,-73
IQ:27,224,255,-43,84
IQ:28,232,5,137,52
IQ:29,240,255,51,-134
IQ:30,248,12,-124,-52
IQ:31,256,255,-18,110
IQ:32,264,1,161,-21
IQ:33,272,255,6,-132
IQ:34,280,2,-63,66
IQ:35,288,255,86,113
SW:2
RR:3
SS:3
FR:2426
ME:7
MA:293
KE:4
KA:330
DF_END

Data arrived...
DF_BEGIN
IQ:0,0,11,-56,-181
IQ:1,8,11,-170,75
IQ:2,16,11,97,160
IQ:3,24,11,153,-107
IQ:4,32,11,-119,-141
IQ:5,40,11,-133,131
IQ:6,48,11,129,132
IQ:7,56,11,115,-145
IQ:8,72,12,-40,191
IQ:9,80,255,175,9
IQ:10,88,1,-37,-195
IQ:11,96,255,-182,27
IQ:12,104,2,87,129
IQ:13,112,255,167,-88
IQ:14,120,10,-23,-168
IQ:15,128,255,-130,17
IQ:16,136,3,102,71
IQ:17,144,255,110,-130
IQ:18,152,9,-72,-124
IQ:19,160,255,-94,86
IQ:20,168,4,159,73
IQ:21,176,255,99,-162
IQ:22,184,8,-95,-104
IQ:23,192,255,-74,121
IQ:24,200,7,143,95
IQ:25,208,255,55,-139
IQ:26,216,6,-160,-14
IQ:27,224,255,11,160
IQ:28,232,5,202,-53
IQ:29,240,255,-52,-204
IQ:30,248,12,-183,69
IQ:31,256,255,81,168
IQ:32,264,1,169,-112
IQ:33,272,255,-101,-153
IQ:34,280,2,-67,140
IQ:35,288,255,166,101
SW:2
RR:3
SS:3
FR:2402
ME:2
MA:353
KE:4
KA:332
DF_END

Data arrived...
DF_BEGIN
IQ:0,0,11,-4,159
IQ:1,8,11,150,-11
IQ:2,16,11,-41,-144
IQ:3,24,11,-149,57
IQ:4,32,11,61,142
IQ:5,40,11,134,-71
IQ:6,48,11,-87,-131
IQ:7,56,11,-132,86
IQ:8,72,12,95,-165
IQ:9,80,255,-152,-77
IQ:10,88,1,-51,178
IQ:11,96,255,156,32
IQ:12,104,2,-41,-177
IQ:13,112,255,-205,20
IQ:14,120,10,-66,164
IQ:15,128,255,109,9
IQ:16,136,3,-113,-156
IQ:17,144,255,-178,65
IQ:18,152,9,14,63
IQ:19,160,255,50,-91
IQ:20,168,4,-145,-158
IQ:21,176,255,-151,121
IQ:22,184,8,9,74
IQ:23,192,255,54,-77
IQ:24,200,7,-81,-141
IQ:25,208,255,-90,72
IQ:26,216,6,138,38
IQ:27,224,255,18,-166
IQ:28,232,5,-213,-58
IQ:29,240,255,-42,180
IQ:30,248,12,195,13
IQ:31,256,255,-3,-167
IQ:32,264,1,-169,51
IQ:33,272,255,49,152
IQ:34,280,2,126,-123
IQ:35,288,255,-131,-154
SW:2
RR:3
SS:3
FR:2480
ME:2
MA:353
KE:3
KA:334
DF_END

Data arrived...
DF_BEGIN
IQ:0,0,11,147,-21
IQ:1,8,11,-39,-147
IQ:2,16,11,-144,62
IQ:3,24,11,74,127
IQ:4,32,11,126,-92
IQ:5,40,11,-101,-114
IQ:6,48,11,-112,115
IQ:7,56,11,117,95
IQ:8,72,12,-195,-44
IQ:9,80,255,-37,179
IQ:10,88,1,176,6
IQ:11,96,255,-20,-152
IQ:12,104,2,-166,86
IQ:13,112,255,63,196
IQ:14,120,10,171,37
IQ:15,128,255,-18,-108
IQ:16,136,3,-143,144
IQ:17,144,255,98,152
IQ:18,152,9,55,-22
IQ:19,160,255,-95,-19
IQ:20,168,4,-125,183
IQ:21,176,255,150,133
IQ:22,184,8,65,-21
IQ:23,192,255,-84,-29
IQ:24,200,7,-106,126
IQ:25,208,255,92,70
IQ:26,216,6,-3,-132
IQ:27,224,255,-169,22
IQ:28,232,5,-26,221
IQ:29,240,255,185,2
IQ:30,248,12,-44,-184
IQ:31,256,255,-168,50
IQ:32,264,1,76,160
IQ:33,272,255,125,-80
IQ:34,280,2,-151,-105
IQ:35,288,255,-136,152
SW:2
RR:3
SS:3
FR:2480
ME:5
MA:353
KE:4
KA:336
DF_END

Data arrived...
DF_BEGIN
IQ:0,0,11,-153,55
IQ:1,8,11,74,144
IQ:2,16,11,132,-79
IQ:3,24,11,-104,-122
IQ:4,32,11,-119,106
IQ:5,40,11,115,111
IQ:6,48,11,103,-119
IQ:7,56,11,-128,-90
IQ:8,72,12,131,26
IQ:9,80,255,7,-120
IQ:10,88,1,-156,40
IQ:11,96,255,12,127
IQ:12,104,2,51,-77
IQ:13,112,255,-86,-102
IQ:14,120,10,-159,-3
IQ:15,128,255,-18,85
IQ:16,136,3,10,-123
IQ:17,144,255,-118,-86
IQ:18,152,9,-118,17
IQ:19,160,255,26,52
IQ:20,168,4,9,-152
IQ:21,176,255,-145,-68
IQ:22,184,8,-66,57
IQ:23,192,255,87,38
IQ:24,200,7,95,-128
IQ:25,208,255,-95,-80
IQ:26,216,6,-13,94
IQ:27,224,255,90,-16
IQ:28,232,5,-47,-140
IQ:29,240,255,-145,22
IQ:30,248,12,33,136
IQ:31,256,255,97,-49
IQ:32,264,1,-119,-111
IQ:33,272,255,-116,70
IQ:34,280,2,91,18
IQ:35,288,255,50,-133
SW:2
RR:3
SS:3
FR:2426
ME:10
MA:282
KE:4
KA:331
DF_END

Data arrived...
DF_BEGIN
IQ:0,0,11,98,160
IQ:1,8,11,145,-117
IQ:2,16,11,-130,-136
IQ:3,24,11,-122,144
IQ:4,32,11,152,111
IQ:5,40,11,90,-166
IQ:6,48,11,-164,-96
IQ:7,56,11,-82,163
IQ:8,72,12,-24,-200
IQ:9,80,255,-180,41
IQ:10,88,1,83,185
IQ:11,96,255,174,-69
IQ:12,104,2,-109,-106
IQ:13,112,255,-127,144
IQ:14,120,10,75,153
IQ:15,128,255,114,-64
IQ:16,136,3,-129,-36
IQ:17,144,255,-62,153
IQ:18,152,9,98,108
IQ:19,160,255,69,-105
IQ:20,168,4,-171,-49
IQ:21,176,255,-49,184
IQ:22,184,8,119,66
IQ:23,192,255,31,-134
IQ:24,200,7,-170,-51
IQ:25,208,255,-28,149
IQ:26,216,6,152,-32
IQ:27,224,255,-63,-156
IQ:28,232,5,-195,95
IQ:29,240,255,96,172
IQ:30,248,12,170,-114
IQ:31,256,255,-100,-145
IQ:32,264,1,-126,159
IQ:33,272,255,134,125
IQ:34,280,2,46,-154
IQ:35,288,255,-183,-75
SW:2
RR:3
SS:3
FR:2402
ME:2
MA:353
KE:4
KA:334
DF_END

Data arrived...
DF_BEGIN
IQ:0,0,11,-160,23
IQ:1,8,11,39,146
IQ:2,16,11,142,-51
IQ:3,24,11,-73,-142
IQ:4,32,11,-137,80
IQ:5,40,11,87,132
IQ:6,48,11,124,-101
IQ:7,56,11,-110,-112
IQ:8,72,12,185,59
IQ:9,80,255,62,-166
IQ:10,88,1,-177,-26
IQ:11,96,255,-5,155
IQ:12,104,2,163,-72
IQ:13,112,255,-67,-193
IQ:14,120,10,-183,-16
IQ:15,128,255,3,114
IQ:16,136,3,136,-142
IQ:17,144,255,-84,-162
IQ:18,152,9,-63,22
IQ:19,160,255,97,31
IQ:20,168,4,138,-173
IQ:21,176,255,-126,-148
IQ:22,184,8,-63,25
IQ:23,192,255,89,41
IQ:24,200,7,125,-108
IQ:25,208,255,-85,-74
IQ:26,216,6,-7,138
IQ:27,224,255,166,-14
IQ:28,232,5,3,-206
IQ:29,240,255,-187,6
IQ:30,248,12,44,195
IQ:31,256,255,173,-35
IQ:32,264,1,-72,-159
IQ:33,272,255,-131,91
IQ:34,280,2,148,100
IQ:35,288,255,135,-153
SW:2
RR:3
SS:3
FR:2480
ME:2
MA:353
KE:4
KA:336
DF_END

Data arrived...
DF_BEGIN
IQ:0,0,11,-91,122
IQ:1,8,11,131,79
IQ:2,16,11,73,-136
IQ:3,24,11,-140,-49
IQ:4,32,11,-35,147
IQ:5,40,11,150,20
IQ:6,48,11,20,-153
IQ:7,56,11,-150,5
IQ:8,72,12,122,-38
IQ:9,80,255,-50,-103
IQ:10,88,1,-120,106
IQ:11,96,255,70,103
IQ:12,104,2,6,-97
IQ:13,112,255,-127,-52
IQ:14,120,10,-126,67
IQ:15,128,255,31,71
IQ:16,136,3,-51,-117
IQ:17,144,255,-150,-13
IQ:18,152,9,-92,64
IQ:19,160,255,50,26
IQ:20,168,4,-63,-148
IQ:21,176,255,-157,12
IQ:22,184,8,-20,72
IQ:23,192,255,87,-10
IQ:24,200,7,21,-153
IQ:25,208,255,-112,-19
IQ:26,216,6,36,78
IQ:27,224,255,61,-60
IQ:28,232,5,-119,-80
IQ:29,240,255,-95,112
IQ:30,248,12,90,86
IQ:31,256,255,65,-93
IQ:32,264,1,-147,-58
IQ:33,272,255,-62,109
IQ:34,280,2,87,-30
IQ:35,288,255,-43,-133
SW:2
RR:3
SS:3
FR:2426
ME:7
MA:285
KE:4
KA:331
DF_END

Data arrived...
DF_BEGIN
IQ:0,0,11,-4,-152
IQ:1,8,11,-149,12
IQ:2,16,11,30,148
IQ:3,24,11,134,-57
IQ:4,32,11,-67,-140
IQ:5,40,11,-140,72
IQ:6,48,11,71,133
IQ:7,56,11,118,-98
IQ:8,72,12,-65,106
IQ:9,80,255,109,41
IQ:10,88,1,21,-158
IQ:11,96,255,-120,-31
IQ:12,104,2,58,78
IQ:13,112,255,129,-43
IQ:14,120,10,54,-137
IQ:15,128,255,-72,-38
IQ:16,136,3,113,54
IQ:17,144,255,107,-103
IQ:18,152,9,24,-114
IQ:19,160,255,-51,7
IQ:20,168,4,145,65
IQ:21,176,255,109,-111
IQ:22,184,8,-31,-76
IQ:23,192,255,-61,70
IQ:24,200,7,84,128
IQ:25,208,255,97,-66
IQ:26,216,6,-80,-37
IQ:27,224,255,-8,84
IQ:28,232,5,147,-13
IQ:29,240,255,3,-148
IQ:30,248,12,-123,-9
IQ:31,256,255,22,105
IQ:32,264,1,141,-67
IQ:33,272,255,-44,-121
IQ:34,280,2,-41,83
IQ:35,288,255,108,81
SW:2
RR:3
SS:3
FR:2426
ME:10
MA:285
KE:4
KA:327
DF_END

Data arrived...
DF_BEGIN
IQ:0,0,11,62,169
IQ:1,8,11,162,-94
IQ:2,16,11,-107,-155
IQ:3,24,11,-149,116
IQ:4,32,11,120,137
IQ:5,40,11,118,-142
IQ:6,48,11,-145,-124
IQ:7,56,11,-102,154
IQ:8,72,12,21,-200
IQ:9,80,255,-177,-2
IQ:10,88,1,52,201
IQ:11,96,255,182,-39
IQ:12,104,2,-100,-121
IQ:13,112,255,-156,105
IQ:14,120,10,32,173
IQ:15,128,255,128,-33
IQ:16,136,3,-111,-62
IQ:17,144,255,-105,130
IQ:18,152,9,75,119
IQ:19,160,255,74,-99
IQ:20,168,4,-174,-55
IQ:21,176,255,-89,168
IQ:22,184,8,101,89
IQ:23,192,255,48,-129
IQ:24,200,7,-165,-73
IQ:25,208,255,-54,147
IQ:26,216,6,154,7
IQ:27,224,255,-30,-165
IQ:28,232,5,-206,47
IQ:29,240,255,49,195
IQ:30,248,12,175,-76
IQ:31,256,255,-96,-155
IQ:32,264,1,-153,145
IQ:33,272,255,105,153
IQ:34,280,2,73,-139
IQ:35,288,255,-178,-80
SW:2
RR:3
SS:3
FR:2402
ME:2
MA:353
KE:4
KA:329
DF_END

Data arrived...
DF_BEGIN
IQ:0,0,11,147,-66
IQ:1,8,11,-86,-138
IQ:2,16,11,-131,87
IQ:3,24,11,112,111
IQ:4,32,11,98,-131
IQ:5,40,11,-135,-95
IQ:6,48,11,-77,143
IQ:7,56,11,137,76
IQ:8,72,12,-205,-4
IQ:9,80,255,2,169
IQ:10,88,1,174,-50
IQ:11,96,255,-59,-144
IQ:12,104,2,-127,138
IQ:13,112,255,125,167
IQ:14,120,10,182,-23
IQ:15,128,255,-35,-110
IQ:16,136,3,-78,175
IQ:17,144,255,142,119
IQ:18,152,9,53,-40
IQ:19,160,255,-100,-2
IQ:20,168,4,-66,208
IQ:21,176,255,179,85
IQ:22,184,8,61,-48
IQ:23,192,255,-100,-17
IQ:24,200,7,-99,144
IQ:25,208,255,100,48
IQ:26,216,6,-41,-136
IQ:27,224,255,-157,65
IQ:28,232,5,43,216
IQ:29,240,255,187,-42
IQ:30,248,12,-98,-175
IQ:31,256,255,-145,94
IQ:32,264,1,137,110
IQ:33,272,255,94,-132
IQ:34,280,2,-177,-56
IQ:35,288,255,-93,184
SW:2
RR:3
SS:3
FR:2480
ME:5
MA:353
KE:4
KA:332
DF_END

Data arrived...
DF_BEGIN
IQ:0,0,11,53,133
IQ:1,8,11,139,-72
IQ:2,16,11,-83,-121
IQ:3,24,11,-108,102
IQ:4,32,11,108,106
IQ:5,40,11,91,-121
IQ:6,48,11,-125,-85
IQ:7,56,11,-73,132
IQ:8,72,12,18,-132
IQ:9,80,255,-115,3
IQ:10,88,1,38,154
IQ:11,96,255,121,-17
IQ:12,104,2,-75,-55
IQ:13,112,255,-106,82
IQ:14,120,10,-6,145
IQ:15,128,255,73,9
IQ:16,136,3,-130,-6
IQ:17,144,255,-68,136
IQ:18,152,9,19,105
IQ:19,160,255,42,-26
IQ:20,168,4,-154,-9
IQ:21,176,255,-68,135
IQ:22,184,8,52,58
IQ:23,192,255,37,-78
IQ:24,200,7,-121,-89
IQ:25,208,255,-69,95
IQ:26,216,6,91,7
IQ:27,224,255,-22,-87
IQ:28,232,5,-135,44
IQ:29,240,255,45,136
IQ:30,248,12,124,-39
IQ:31,256,255,-59,-100
IQ:32,264,1,-115,117
IQ:33,272,255,79,103
IQ:34,280,2,8,-96
IQ:35,288,255,-129,-43
SW:2
RR:3
SS:3
FR:2426
ME:7
MA:293
KE:4
KA:328
DF_END

Data arrived...
DF_BEGIN
IQ:0,0,11,-182,-50
IQ:1,8,11,-44,177
IQ:2,16,11,178,26
IQ:3,24,11,3,-187
IQ:4,32,11,-176,19
IQ:5,40,11,45,177
IQ:6,48,11,174,-45
IQ:7,56,11,-68,-173
IQ:8,72,12,152,120
IQ:9,80,255,103,-147
IQ:10,88,1,-180,-77
IQ:11,96,255,-63,171
IQ:12,104,2,158,-2
IQ:13,112,255,22,-184
IQ:14,120,10,-150,-73
IQ:15,128,255,-38,119
IQ:16,136,3,112,-66
IQ:17,144,255,-52,-156
IQ:18,152,9,-141,-7
IQ:19,160,255,26,111
IQ:20,168,4,143,-92
IQ:21,176,255,-87,-162
IQ:22,184,8,-131,31
IQ:23,192,255,75,108
IQ:24,200,7,146,-93
IQ:25,208,255,-94,-124
IQ:26,216,6,-99,118
IQ:27,224,255,148,71
IQ:28,232,5,81,-193
IQ:29,240,255,-185,-73
IQ:30,248,12,-44,186
IQ:31,256,255,179,24
IQ:32,264,1,-24,-198
IQ:33,272,255,-181,6
IQ:34,280,2,79,131
IQ:35,288,255,167,-89
SW:2
RR:3
SS:3
FR:2402
ME:2
MA:353
KE:4
KA:330
DF_END

Data arrived...
DF_BEGIN
IQ:0,0,11,-165,74
IQ:1,8,11,90,155
IQ:2,16,11,142,-114
IQ:3,24,11,-119,-135
IQ:4,32,11,-112,128
IQ:5,40,11,144,102
IQ:6,48,11,85,-154
IQ:7,56,11,-162,-79
IQ:8,72,12,198,-2
IQ:9,80,255,-12,-176
IQ:10,88,1,-181,69
IQ:11,96,255,71,169
IQ:12,104,2,107,-111
IQ:13,112,255,-124,-137
IQ:14,120,10,-162,54
IQ:15,128,255,52,108
IQ:16,136,3,33,-120
IQ:17,144,255,-144,-76
IQ:18,152,9,-111,76
IQ:19,160,255,90,61
IQ:20,168,4,30,-171
IQ:21,176,255,-175,-54
IQ:22,184,8,-76,110
IQ:23,192,255,124,40
IQ:24,200,7,55,-167
IQ:25,208,255,-149,-38
IQ:26,216,6,17,151
IQ:27,224,255,146,-50
IQ:28,232,5,-83,-188
IQ:29,240,255,-178,92
IQ:30,248,12,90,155
IQ:31,256,255,137,-113
IQ:32,264,1,-147,-143
IQ:33,272,255,-126,120
IQ:34,280,2,147,37
IQ:35,288,255,63,-180
SW:2
RR:3
SS:3
FR:2402
ME:2
MA:353
KE:4
KA:333
DF_END

Data arrived...
DF_BEGIN
IQ:0,0,11,-38,-153
IQ:1,8,11,-151,63
IQ:2,16,11,64,145
IQ:3,24,11,150,-77
IQ:4,32,11,-87,-132
IQ:5,40,11,-127,103
IQ:6,48,11,117,108
IQ:7,56,11,101,-131
IQ:8,72,12,-46,184
IQ:9,80,255,178,27
IQ:10,88,1,16,-183
IQ:11,96,255,-161,12
IQ:12,104,2,81,168
IQ:13,112,255,189,-81
IQ:14,120,10,14,-189
IQ:15,128,255,-118,18
IQ:16,136,3,158,121
IQ:17,144,255,153,-100
IQ:18,152,9,-31,-64
IQ:19,160,255,-32,91
IQ:20,168,4,184,111
IQ:21,176,255,124,-154
IQ:22,184,8,-37,-72
IQ:23,192,255,-33,89
IQ:24,200,7,118,123
IQ:25,208,255,75,-95
IQ:26,216,6,-141,-6
IQ:27,224,255,17,167
IQ:28,232,5,218,10
IQ:29,240,255,-13,-188
IQ:30,248,12,-192,55
IQ:31,256,255,50,172
IQ:32,264,1,153,-96
IQ:33,272,255,-96,-132
IQ:34,280,2,-106,158
IQ:35,288,255,147,147
SW:2
RR:3
SS:3
FR:2480
ME:2
MA:353
KE:4
KA:335
DF_END

Data arrived...
DF_BEGIN
IQ:0,0,11,-88,135
IQ:1,8,11,138,77
IQ:2,16,11,58,-151
IQ:3,24,11,-151,-44
IQ:4,32,11,-27,156
IQ:5,40,11,156,17
IQ:6,48,11,7,-159
IQ:7,56,11,-158,8
IQ:8,72,12,114,-60
IQ:9,80,255,-74,-96
IQ:10,88,1,-111,118
IQ:11,96,255,82,100
IQ:12,104,2,1,-103
IQ:13,112,255,-138,-44
IQ:14,120,10,-118,85
IQ:15,128,255,50,64
IQ:16,136,3,-48,-128
IQ:17,144,255,-156,-11
IQ:18,152,9,-78,76
IQ:19,160,255,56,19
IQ:20,168,4,-60,-148
IQ:21,176,255,-153,33
IQ:22,184,8,-12,87
IQ:23,192,255,92,-21
IQ:24,200,7,10,-149
IQ:25,208,255,-110,-12
IQ:26,216,6,44,80
IQ:27,224,255,60,-71
IQ:28,232,5,-130,-89
IQ:29,240,255,-89,112
IQ:30,248,12,97,83
IQ:31,256,255,51,-102
IQ:32,264,1,-157,-38
IQ:33,272,255,-43,123
IQ:34,280,2,100,-43
IQ:35,288,255,-36,-145
SW:2
RR:3
SS:3
FR:2426
ME:7
MA:285
KE:4
KA:330
DF_END

Data arrived...
DF_BEGIN
IQ:0,0,11,167,7
IQ:1,8,11,-19,-169
IQ:2,16,11,-170,27
IQ:3,24,11,44,163
IQ:4,32,11,165,-59
IQ:5,40,11,-82,-151
IQ:6,48,11,-157,79
IQ:7,56,11,86,139
IQ:8,72,12,-155,-100
IQ:9,80,255,-66,156
IQ:10,88,1,190,54
IQ:11,96,255,48,-170
IQ:12,104,2,-152,44
IQ:13,112,255,44,173
IQ:14,120,10,151,9
IQ:15,128,255,0,-125
IQ:16,136,3,-106,78
IQ:17,144,255,77,136
IQ:18,152,9,118,-30
IQ:19,160,255,-66,-99
IQ:20,168,4,-120,119
IQ:21,176,255,115,137
IQ:22,184,8,100,-67
IQ:23,192,255,-102,-91
IQ:24,200,7,-128,98
IQ:25,208,255,104,91
IQ:26,216,6,58,-136
IQ:27,224,255,-155,-22
IQ:28,232,5,-31,209
IQ:29,240,255,193,29
IQ:30,248,12,-1,-189
IQ:31,256,255,-174,18
IQ:32,264,1,46,188
IQ:33,272,255,167,-33
IQ:34,280,2,-96,-121
IQ:35,288,255,-139,117
SW:2
RR:3
SS:3
FR:2402
ME:2
MA:353
KE:4
KA:332
DF_END