DF_END

Data arrived...
DF_BEGIN
IQ:0,0,11,-30,-139
IQ:1,8,11,-141,48
IQ:2,16,11,56,135
IQ:3,24,11,123,-76
IQ:4,32,11,-85,-125
IQ:5,40,11,-110,89
IQ:6,48,11,108,96
IQ:7,56,11,81,-126
IQ:8,72,12,-45,185
IQ:9,80,255,149,19
IQ:10,88,1,-10,-174
IQ:11,96,255,-139,30
IQ:12,104,2,120,138
IQ:13,112,255,183,-86
IQ:14,120,10,13,-169
IQ:15,128,255,-91,17
IQ:16,136,3,175,85
IQ:17,144,255,128,-104
IQ:18,152,9,-2,-24
IQ:19,160,255,24,74
IQ:20,168,4,191,60
IQ:21,176,255,93,-153
IQ:22,184,8,-52,-70
IQ:23,192,255,-23,82
IQ:24,200,7,130,74
IQ:25,208,255,43,-92
IQ:26,216,6,-117,29
IQ:27,224,255,56,135
IQ:28,232,5,194,-45
IQ:29,240,255,-57,-168
IQ:30,248,12,-170,71
IQ:31,256,255,84,138
IQ:32,264,1,127,-111
IQ:33,272,255,-109,-90
IQ:34,280,2,-46,167
IQ:35,288,255,171,75
SW:2
RR:3
SS:3
FR:2480
ME:2
MA:353
KE:4
KA:327
DF_END

Data arrived...
DF_BEGIN
IQ:0,0,11,-156,-10
IQ:1,8,11,14,153
IQ:2,16,11,157,-37
IQ:3,24,11,-44,-150
IQ:4,32,11,-146,57
IQ:5,40,11,72,143
IQ:6,48,11,131,-77
IQ:7,56,11,-100,-116
IQ:8,72,12,106,65
IQ:9,80,255,40,-115
IQ:10,88,1,-153,-13
IQ:11,96,255,-18,133
IQ:12,104,2,92,-47
IQ:13,112,255,-28,-133
IQ:14,120,10,-130,-61
IQ:15,128,255,-34,76
IQ:16,136,3,63,-101
IQ:17,144,255,-95,-115
IQ:18,152,9,-113,-18
IQ:19,160,255,12,56
IQ:20,168,4,69,-154
IQ:21,176,255,-116,-114
IQ:22,184,8,-81,37
IQ:23,192,255,72,60
IQ:24,200,7,131,-100
IQ:25,208,255,-72,-110
IQ:26,216,6,-43,85
IQ:27,224,255,97,4
IQ:28,232,5,-16,-157
IQ:29,240,255,-146,19
IQ:30,248,12,12,129
IQ:31,256,255,116,-28
IQ:32,264,1,-74,-147
IQ:33,272,255,-121,43
IQ:34,280,2,92,35
IQ:35,288,255,59,-128
SW:2
RR:3
SS:3
FR:2426
ME:7
MA:285
KE:5
KA:322
DF_END

Data arrived...
DF_BEGIN
IQ:0,0,11,123,132
IQ:1,8,11,119,-138
IQ:2,16,11,-146,-110
IQ:3,24,11,-91,152
IQ:4,32,11,163,72
IQ:5,40,11,55,-174
IQ:6,48,11,-179,-33
IQ:7,56,11,-6,180
IQ:8,72,12,-37,-143
IQ:9,80,255,-114,53
IQ:10,88,1,131,136
IQ:11,96,255,127,-85
IQ:12,104,2,-116,-14
IQ:13,112,255,-60,141
IQ:14,120,10,63,168
IQ:15,128,255,86,-30
IQ:16,136,3,-137,70
IQ:17,144,255,-3,184
IQ:18,152,9,77,105
IQ:19,160,255,17,-44
IQ:20,168,4,-185,95
IQ:21,176,255,8,198
IQ:22,184,8,83,37
IQ:23,192,255,-8,-101
IQ:24,200,7,-201,-51
IQ:25,208,255,-43,137
IQ:26,216,6,86,-45
IQ:27,224,255,-77,-76
IQ:28,232,5,-109,164
IQ:29,240,255,141,119
IQ:30,248,12,100,-106
IQ:31,256,255,-110,-65
IQ:32,264,1,-21,183
IQ:33,272,255,143,52
IQ:34,280,2,-53,-113
IQ:35,288,255,-165,36
SW:2
RR:3
SS:3
FR:2426
ME:10
MA:293
KE:5
KA:319
DF_END

Data arrived...
DF_BEGIN
IQ:0,0,11,-28,-163
IQ:1,8,11,-160,52
IQ:2,16,11,48,155
IQ:3,24,11,155,-73
IQ:4,32,11,-84,-139
IQ:5,40,11,-131,100
IQ:6,48,11,119,118
IQ:7,56,11,121,-116
IQ:8,72,12,-54,178
IQ:9,80,255,169,12
IQ:10,88,1,-16,-204
IQ:11,96,255,-181,5
IQ:12,104,2,76,131
IQ:13,112,255,165,-81
IQ:14,120,10,-12,-149
IQ:15,128,255,-108,23
IQ:16,136,3,123,56
IQ:17,144,255,106,-123
IQ:18,152,9,-55,-107
IQ:19,160,255,-57,87
IQ:20,168,4,171,62
IQ:21,176,255,81,-162
IQ:22,184,8,-88,-78
IQ:23,192,255,-41,112
IQ:24,200,7,147,79
IQ:25,208,255,56,-127
IQ:26,216,6,-150,-21
IQ:27,224,255,14,145
IQ:28,232,5,198,-53
IQ:29,240,255,-52,-198
IQ:30,248,12,-178,52
IQ:31,256,255,64,153
IQ:32,264,1,158,-126
IQ:33,272,255,-106,-148
IQ:34,280,2,-55,140
IQ:35,288,255,174,79
SW:2
RR:3
SS:3
FR:2402
ME:2
MA:353
KE:5
KA:322
DF_END

Data arrived...
DF_BEGIN
IQ:0,0,11,168,29
IQ:1,8,11,-2,-178
IQ:2,16,11,-169,-2
IQ:3,24,11,28,169
IQ:4,32,11,161,-44
IQ:5,40,11,-56,-160
IQ:6,48,11,-143,89
IQ:7,56,11,102,140
IQ:8,72,12,-186,-128
IQ:9,80,255,-84,165
IQ:10,88,1,188,52
IQ:11,96,255,17,-154
IQ:12,104,2,-198,77
IQ:13,112,255,47,233
IQ:14,120,10,190,100
IQ:15,128,255,26,-106
IQ:16,136,3,-162,173
IQ:17,144,255,71,198
IQ:18,152,9,30,6
IQ:19,160,255,-99,-13
IQ:20,168,4,-178,173
IQ:21,176,255,122,190
IQ:22,184,8,74,-12
IQ:23,192,255,-75,-57
IQ:24,200,7,-153,76
IQ:25,208,255,60,80
IQ:26,216,6,10,-145
IQ:27,224,255,-193,-2
IQ:28,232,5,-71,241
IQ:29,240,255,204,41
IQ:30,248,12,-17,-214
IQ:31,256,255,-185,17
IQ:32,264,1,87,173
IQ:33,272,255,148,-90
IQ:34,280,2,-161,-121
IQ:35,288,255,-144,174
SW:2
RR:3
SS:3
FR:2480
ME:5
MA:353
KE:5
KA:325
DF_END

Data arrived...
DF_BEGIN
IQ:0,0,11,85,-113
IQ:1,8,11,-118,-75
IQ:2,16,11,-61,120
IQ:3,24,11,125,34
IQ:4,32,11,26,-132
IQ:5,40,11,-136,-20
IQ:6,48,11,-3,140
IQ:7,56,11,137,-5
IQ:8,72,12,-147,87
IQ:9,80,255,75,127
IQ:10,88,1,96,-112
IQ:11,96,255,-114,-81
IQ:12,104,2,-34,156
IQ:13,112,255,176,54
IQ:14,120,10,130,-107
IQ:15,128,255,-69,-60
IQ:16,136,3,67,165
IQ:17,144,255,156,16
IQ:18,152,9,22,-22
IQ:19,160,255,-48,53
IQ:20,168,4,57,182
IQ:21,176,255,172,-27
IQ:22,184,8,22,-61
IQ:23,192,255,-73,30
IQ:24,200,7,-2,137
IQ:25,208,255,82,-20
IQ:26,216,6,-90,-73
IQ:27,224,255,-73,121
IQ:28,232,5,128,128
IQ:29,240,255,99,-122
IQ:30,248,12,-151,-76
IQ:31,256,255,-49,140
IQ:32,264,1,148,15
IQ:33,272,255,-14,-128
IQ:34,280,2,-141,90
IQ:35,288,255,56,167
SW:2
RR:3
SS:3
FR:2480
ME:7
MA:299
KE:5
KA:322
DF_END

Data arrived...
DF_BEGIN
IQ:0,0,11,67,-134
IQ:1,8,11,-142,-48
IQ:2,16,11,-51,142
IQ:3,24,11,142,27
IQ:4,32,11,4,-148
IQ:5,40,11,-156,6
IQ:6,48,11,10,144
IQ:7,56,11,139,-32
IQ:8,72,12,-98,59
IQ:9,80,255,62,79
IQ:10,88,1,83,-126
IQ:11,96,255,-89,-83
IQ:12,104,2,5,84
IQ:13,112,255,121,12
IQ:14,120,10,109,-101
IQ:15,128,255,-51,-69
IQ:16,136,3,67,87
IQ:17,144,255,130,-23
IQ:18,152,9,63,-84
IQ:19,160,255,-49,-13
IQ:20,168,4,89,120
IQ:21,176,255,150,-46
IQ:22,184,8,4,-79
IQ:23,192,255,-87,27
IQ:24,200,7,1,146
IQ:25,208,255,105,-1
IQ:26,216,6,-46,-65
IQ:27,224,255,-44,76
IQ:28,232,5,137,48
IQ:29,240,255,65,-124
IQ:30,248,12,-100,-55
IQ:31,256,255,-30,99
IQ:32,264,1,147,-4
IQ:33,272,255,13,-119
IQ:34,280,2,-66,56
IQ:35,288,255,70,104
SW:2
RR:3
SS:3
FR:2426
ME:7
MA:293
KE:5
KA:319
DF_END

Data arrived...
DF_BEGIN
IQ:0,0,11,7,163
IQ:1,8,11,158,-26
IQ:2,16,11,-49,-158
IQ:3,24,11,-151,60
IQ:4,32,11,67,148
IQ:5,40,11,142,-81
IQ:6,48,11,-96,-132
IQ:7,56,11,-117,107
IQ:8,72,12,84,-171
IQ:9,80,255,-161,-40
IQ:10,88,1,-10,216
IQ:11,96,255,177,28
IQ:12,104,2,-74,-144
IQ:13,112,255,-175,62
IQ:14,120,10,4,156
IQ:15,128,255,115,-20
IQ:16,136,3,-115,-78
IQ:17,144,255,-129,113
IQ:18,152,9,49,119
IQ:19,160,255,86,-85
IQ:20,168,4,-166,-101
IQ:21,176,255,-119,150
IQ:22,184,8,83,73
IQ:23,192,255,55,-122
IQ:24,200,7,-130,-103
IQ:25,208,255,-70,122
IQ:26,216,6,151,28
IQ:27,224,255,-10,-159
IQ:28,232,5,-204,30
IQ:29,240,255,30,197
IQ:30,248,12,183,-37
IQ:31,256,255,-45,-166
IQ:32,264,1,-171,105
IQ:33,272,255,100,145
IQ:34,280,2,66,-144
IQ:35,288,255,-161,-109
SW:2
RR:3
SS:3
FR:2402
ME:2
MA:353
KE:5
KA:323
DF_END

Data arrived...
DF_BEGIN
IQ:0,0,11,-15,-196
IQ:1,8,11,-193,48
IQ:2,16,11,65,191
IQ:3,24,11,189,-74
IQ:4,32,11,-93,-175
IQ:5,40,11,-174,109
IQ:6,48,11,114,161
IQ:7,56,11,154,-133
IQ:8,72,12,-102,197
IQ:9,80,255,206,57
IQ:10,88,1,24,-254
IQ:11,96,255,-222,-24
IQ:12,104,2,65,192
IQ:13,112,255,225,-55
IQ:14,120,10,18,-191
IQ:15,128,255,-144,14
IQ:16,136,3,131,102
IQ:17,144,255,147,-140
IQ:18,152,9,-54,-151
IQ:19,160,255,-108,91
IQ:20,168,4,190,132
IQ:21,176,255,146,-172
IQ:22,184,8,-100,-105
IQ:23,192,255,-80,144
IQ:24,200,7,149,137
IQ:25,208,255,96,-141
IQ:26,216,6,-180,-35
IQ:27,224,255,26,190
IQ:28,232,5,265,-54
IQ:29,240,255,-23,-246
IQ:30,248,12,-228,25
IQ:31,256,255,61,195
IQ:32,264,1,225,-123
IQ:33,272,255,-111,-188
IQ:34,280,2,-92,175
IQ:35,288,255,186,143
SW:2
RR:3
SS:3
FR:2402
ME:2
MA:353
KE:4
KA:326
DF_END

Data arrived...
DF_BEGIN
IQ:0,0,11,181,-28
IQ:1,8,11,-44,-168
IQ:2,16,11,-152,68
IQ:3,24,11,99,143
IQ:4,32,11,137,-108
IQ:5,40,11,-115,-129
IQ:6,48,11,-113,135
IQ:7,56,11,154,100
IQ:8,72,12,-234,-43
IQ:9,80,255,-21,204
IQ:10,88,1,217,-17
IQ:11,96,255,-42,-172
IQ:12,104,2,-166,158
IQ:13,112,255,140,225
IQ:14,120,10,215,40
IQ:15,128,255,-13,-104
IQ:16,136,3,-86,233
IQ:17,144,255,160,149
IQ:18,152,9,13,-18
IQ:19,160,255,-119,31
IQ:20,168,4,-94,241
IQ:21,176,255,205,100
IQ:22,184,8,74,-48
IQ:23,192,255,-97,-7
IQ:24,200,7,-95,163
IQ:25,208,255,119,52
IQ:26,216,6,-33,-151
IQ:27,224,255,-164,92
IQ:28,232,5,76,244
IQ:29,240,255,213,-72
IQ:30,248,12,-111,-199
IQ:31,256,255,-162,113
IQ:32,264,1,159,144
IQ:33,272,255,115,-147
IQ:34,280,2,-225,-41
IQ:35,288,255,-80,235
SW:2
RR:3
SS:3
FR:2480
ME:2
MA:353
KE:4
KA:329
DF_END

Data arrived...
DF_BEGIN
IQ:0,0,11,-125,96
IQ:1,8,11,93,116
IQ:2,16,11,96,-114
IQ:3,24,11,-126,-86
IQ:4,32,11,-78,128
IQ:5,40,11,135,64
IQ:6,48,11,47,-140
IQ:7,56,11,-151,-36
IQ:8,72,12,114,-13
IQ:9,80,255,-30,-104
IQ:10,88,1,-122,77
IQ:11,96,255,46,110
IQ:12,104,2,29,-76
IQ:13,112,255,-97,-67
IQ:14,120,10,-132,36
IQ:15,128,255,18,75
IQ:16,136,3,-34,-101
IQ:17,144,255,-129,-42
IQ:18,152,9,-99,38
IQ:19,160,255,39,25
IQ:20,168,4,-52,-147
IQ:21,176,255,-158,2
IQ:22,184,8,-42,72
IQ:23,192,255,81,7
IQ:24,200,7,38,-144
IQ:25,208,255,-110,-45
IQ:26,216,6,20,77
IQ:27,224,255,61,-52
IQ:28,232,5,-109,-103
IQ:29,240,255,-115,93
IQ:30,248,12,75,91
IQ:31,256,255,58,-83
IQ:32,264,1,-130,-56
IQ:33,272,255,-58,99
IQ:34,280,2,76,-20
IQ:35,288,255,-22,-128
SW:2
RR:3
SS:3
FR:2426
ME:10
MA:285
KE:5
KA:325
DF_END

Data arrived...
DF_BEGIN
IQ:0,0,11,-180,86
IQ:1,8,11,107,170
IQ:2,16,11,155,-123
IQ:3,24,11,-139,-142
IQ:4,32,11,-127,158
IQ:5,40,11,166,112
IQ:6,48,11,102,-172
IQ:7,56,11,-182,-83
IQ:8,72,12,214,-1
IQ:9,80,255,-30,-213
IQ:10,88,1,-241,67
IQ:11,96,255,60,213
IQ:12,104,2,146,-139
IQ:13,112,255,-156,-177
IQ:14,120,10,-179,72
IQ:15,128,255,82,120
IQ:16,136,3,64,-179
IQ:17,144,255,-186,-91
IQ:18,152,9,-105,109
IQ:19,160,255,132,57
IQ:20,168,4,49,-239
IQ:21,176,255,-216,-72
IQ:22,184,8,-47,134
IQ:23,192,255,162,8
IQ:24,200,7,58,-182
IQ:25,208,255,-164,-13
IQ:26,216,6,19,188
IQ:27,224,255,186,-68
IQ:28,232,5,-117,-228
IQ:29,240,255,-205,137
IQ:30,248,12,136,179
IQ:31,256,255,158,-141
IQ:32,264,1,-195,-161
IQ:33,272,255,-148,167
IQ:34,280,2,197,47
IQ:35,288,255,69,-224
SW:2
RR:3
SS:3
FR:2402
ME:2
MA:353
KE:4
KA:328
DF_END

Data arrived...
DF_BEGIN
IQ:0,0,11,-76,176
IQ:1,8,11,180,62
IQ:2,16,11,48,-183
IQ:3,24,11,-193,-26
IQ:4,32,11,-9,187
IQ:5,40,11,192,-16
IQ:6,48,11,-21,-189
IQ:7,56,11,-186,54
IQ:8,72,12,166,-139
IQ:9,80,255,-145,-137
IQ:10,88,1,-126,211
IQ:11,96,255,181,123
IQ:12,104,2,17,-195
IQ:13,112,255,-218,-35
IQ:14,120,10,-87,158
IQ:15,128,255,132,35
IQ:16,136,3,-83,-148
IQ:17,144,255,-194,59
IQ:18,152,9,-17,144
IQ:19,160,255,123,-36
IQ:20,168,4,-117,-199
IQ:21,176,255,-213,76
IQ:22,184,8,31,129
IQ:23,192,255,128,-83
IQ:24,200,7,-73,-173
IQ:25,208,255,-137,86
IQ:26,216,6,144,116
IQ:27,224,255,72,-167
IQ:28,232,5,-241,-69
IQ:29,240,255,-70,229
IQ:30,248,12,209,58
IQ:31,256,255,28,-200
IQ:32,264,1,-243,24
IQ:33,272,255,13,203
IQ:34,280,2,167,-110
IQ:35,288,255,-101,-203
SW:2
RR:3
SS:3
FR:2402
ME:2
MA:353
KE:4
KA:331
DF_END

Data arrived...
DF_BEGIN
IQ:0,0,11,-81,133
IQ:1,8,11,147,61
IQ:2,16,11,52,-154
IQ:3,24,11,-146,-32
IQ:4,32,11,-10,151
IQ:5,40,11,154,-18
IQ:6,48,11,-32,-162
IQ:7,56,11,-155,29
IQ:8,72,12,154,-128
IQ:9,80,255,-107,-136
IQ:10,88,1,-97,126
IQ:11,96,255,129,61
IQ:12,104,2,13,-176
IQ:13,112,255,-195,-40
IQ:14,120,10,-134,125
IQ:15,128,255,83,58
IQ:16,136,3,-72,-176
IQ:17,144,255,-176,-4
IQ:18,152,9,-21,30
IQ:19,160,255,51,-63
IQ:20,168,4,-82,-178
IQ:21,176,255,-164,58
IQ:22,184,8,-8,77
IQ:23,192,255,67,-55
IQ:24,200,7,-51,-155
IQ:25,208,255,-99,41
IQ:26,216,6,115,59
IQ:27,224,255,56,-149
IQ:28,232,5,-165,-114
IQ:29,240,255,-79,145
IQ:30,248,12,189,44
IQ:31,256,255,33,-168
IQ:32,264,1,-157,16
IQ:33,272,255,34,133
IQ:34,280,2,152,-93
IQ:35,288,255,-74,-182
SW:2
RR:3
SS:3
FR:2480
ME:5
MA:353
KE:4
KA:334
DF_END

Data arrived...
DF_BEGIN
IQ:0,0,11,181,-36
IQ:1,8,11,-52,-181
IQ:2,16,11,-174,71
IQ:3,24,11,95,163
IQ:4,32,11,159,-105
IQ:5,40,11,-103,-151
IQ:6,48,11,-136,130
IQ:7,56,11,142,127
IQ:8,72,12,-235,-45
IQ:9,80,255,-44,202
IQ:10,88,1,193,-18
IQ:11,96,255,-50,-174
IQ:12,104,2,-163,140
IQ:13,112,255,133,210
IQ:14,120,10,233,51
IQ:15,128,255,-2,-117
IQ:16,136,3,-130,207
IQ:17,144,255,123,167
IQ:18,152,9,39,-8
IQ:19,160,255,-103,14
IQ:20,168,4,-106,215
IQ:21,176,255,174,132
IQ:22,184,8,83,-34
IQ:23,192,255,-94,-11
IQ:24,200,7,-102,147
IQ:25,208,255,115,54
IQ:26,216,6,-29,-147
IQ:27,224,255,-172,73
IQ:28,232,5,36,237
IQ:29,240,255,194,-60
IQ:30,248,12,-114,-210
IQ:31,256,255,-185,93
IQ:32,264,1,142,133
IQ:33,272,255,114,-134
IQ:34,280,2,-202,-57
IQ:35,288,255,-98,219
SW:2
RR:3
SS:3
FR:2480
ME:7
MA:285
KE:4
KA:329
DF_END

Data arrived...
DF_BEGIN
IQ:0,0,11,-42,-167
IQ:1,8,11,-155,47
IQ:2,16,11,58,156
IQ:3,24,11,145,-80
IQ:4,32,11,-100,-137
IQ:5,40,11,-137,108
IQ:6,48,11,112,119
IQ:7,56,11,110,-124
IQ:8,72,12,-37,122
IQ:9,80,255,112,20
IQ:10,88,1,-15,-177
IQ:11,96,255,-135,-15
IQ:12,104,2,90,65
IQ:13,112,255,124,-77
IQ:14,120,10,20,-153
IQ:15,128,255,-79,-19
IQ:16,136,3,132,16
IQ:17,144,255,83,-139
IQ:18,152,9,1,-113
IQ:19,160,255,-34,22
IQ:20,168,4,196,31
IQ:21,176,255,86,-151
IQ:22,184,8,-54,-54
IQ:23,192,255,-53,80
IQ:24,200,7,88,124
IQ:25,208,255,94,-71
IQ:26,216,6,-86,-9
IQ:27,224,255,33,80
IQ:28,232,5,168,-68
IQ:29,240,255,-48,-163
IQ:30,248,12,-129,29
IQ:31,256,255,53,93
IQ:32,264,1,126,-120
IQ:33,272,255,-74,-113
IQ:34,280,2,-5,106
IQ:35,288,255,145,29
SW:2
RR:3
SS:3
FR:2426
ME:10
MA:285
KE:5
KA:325
DF_END

Data arrived...
DF_BEGIN
IQ:0,0,11,133,66
IQ:1,8,11,69,-125
IQ:2,16,11,-139,-45
IQ:3,24,11,-22,137
IQ:4,32,11,144,10
IQ:5,40,11,5,-147
IQ:6,48,11,-144,8
IQ:7,56,11,23,135
IQ:8,72,12,-51,-96
IQ:9,80,255,-80,60
IQ:10,88,1,111,86
IQ:11,96,255,82,-85
IQ:12,104,2,-87,3
IQ:13,112,255,-30,121
IQ:14,120,10,87,103
IQ:15,128,255,64,-45
IQ:16,136,3,-96,58
IQ:17,144,255,9,133
IQ:18,152,9,75,66
IQ:19,160,255,20,-45
IQ:20,168,4,-127,78
IQ:21,176,255,45,139
IQ:22,184,8,73,-5
IQ:23,192,255,-36,-84
IQ:24,200,7,-140,10
IQ:25,208,255,-3,114
IQ:26,216,6,61,-51
IQ:27,224,255,-72,-44
IQ:28,232,5,-60,135
IQ:29,240,255,123,65
IQ:30,248,12,43,-102
IQ:31,256,255,-98,-23
IQ:32,264,1,-6,146
IQ:33,272,255,105,24
IQ:34,280,2,-59,-71
IQ:35,288,255,-113,60
SW:2
RR:3
SS:3
FR:2426
ME:7
MA:285
KE:5
KA:320
DF_END

Data arrived...
DF_BEGIN
IQ:0,0,11,94,-137
IQ:1,8,11,-148,-71
IQ:2,16,11,-54,160
IQ:3,24,11,163,43
IQ:4,32,11,34,-163
IQ:5,40,11,-164,-13
IQ:6,48,11,2,164
IQ:7,56,11,162,-22
IQ:8,72,12,-162,96
IQ:9,80,255,109,126
IQ:10,88,1,129,-168
IQ:11,96,255,-138,-114
IQ:12,104,2,-22,157
IQ:13,112,255,181,52
IQ:14,120,10,93,-123
IQ:15,128,255,-104,-53
IQ:16,136,3,48,131
IQ:17,144,255,163,-14
IQ:18,152,9,37,-123
IQ:19,160,255,-108,15
IQ:20,168,4,81,170
IQ:21,176,255,181,-56
IQ:22,184,8,-21,-116
IQ:23,192,255,-117,55
IQ:24,200,7,56,159
IQ:25,208,255,133,-60
IQ:26,216,6,-107,-113
IQ:27,224,255,-94,126
IQ:28,232,5,179,99
IQ:29,240,255,86,-176
IQ:30,248,12,-168,-69
IQ:31,256,255,-40,170
IQ:32,264,1,209,0
IQ:33,272,255,12,-185
IQ:34,280,2,-144,63
IQ:35,288,255,56,177
SW:2
RR:3
SS:3
FR:2402
ME:2
MA:353
KE:5
KA:324
DF_END

Data arrived...
DF_BEGIN
IQ:0,0,11,186,32
IQ:1,8,11,-5,-189
IQ:2,16,11,-195,11
IQ:3,24,11,35,183
IQ:4,32,11,183,-56
IQ:5,40,11,-61,-186
IQ:6,48,11,-174,87
IQ:7,56,11,104,165
IQ:8,72,12,-222,-106
IQ:9,80,255,-99,183
IQ:10,88,1,200,57
IQ:11,96,255,36,-177
IQ:12,104,2,-208,49
IQ:13,112,255,29,244
IQ:14,120,10,209,109
IQ:15,128,255,46,-117
IQ:16,136,3,-186,161
IQ:17,144,255,71,205
IQ:18,152,9,47,11
IQ:19,160,255,-94,-29
IQ:20,168,4,-171,182
IQ:21,176,255,132,187
IQ:22,184,8,107,-22
IQ:23,192,255,-77,-80
IQ:24,200,7,-158,109
IQ:25,208,255,91,93
IQ:26,216,6,24,-152
IQ:27,224,255,-189,6
IQ:28,232,5,-81,243
IQ:29,240,255,201,33
IQ:30,248,12,-18,-245
IQ:31,256,255,-198,27
IQ:32,264,1,93,174
IQ:33,272,255,154,-97
IQ:34,280,2,-182,-132
IQ:35,288,255,-165,178
SW:2
RR:3
SS:3
FR:2480
ME:5
MA:353
KE:5
KA:327
DF_END

Data arrived...
DF_BEGIN
IQ:0,0,11,26,-165
IQ:1,8,11,-173,-10
IQ:2,16,11,-10,179
IQ:3,24,11,173,-23
IQ:4,32,11,-43,-173
IQ:5,40,11,-175,46
IQ:6,48,11,52,162
IQ:7,56,11,155,-85
IQ:8,72,12,-78,94
IQ:9,80,255,103,52
IQ:10,88,1,49,-171
IQ:11,96,255,-127,-62
IQ:12,104,2,55,97
IQ:13,112,255,152,-32
IQ:14,120,10,97,-144
IQ:15,128,255,-73,-59
IQ:16,136,3,128,86
IQ:17,144,255,156,-70
IQ:18,152,9,62,-107
IQ:19,160,255,-38,3
IQ:20,168,4,167,123
IQ:21,176,255,157,-102
IQ:22,184,8,-28,-82
IQ:23,192,255,-76,60
IQ:24,200,7,44,153
IQ:25,208,255,104,-29
IQ:26,216,6,-78,-45
IQ:27,224,255,-9,106
IQ:28,232,5,202,24
IQ:29,240,255,38,-177
IQ:30,248,12,-126,-8
IQ:31,256,255,24,115
IQ:32,264,1,165,-65
IQ:33,272,255,-22,-136
IQ:34,280,2,-62,104
IQ:35,288,255,117,99
SW:2
RR:3
SS:3
FR:2426
ME:10
MA:285
KE:5
KA:322
DF_END

Data arrived...
DF_BEGIN
IQ:0,0,11,-190,-40
IQ:1,8,11,-21,198
IQ:2,16,11,199,1
IQ:3,24,11,-24,-196
IQ:4,32,11,-198,46
IQ:5,40,11,67,188
IQ:6,48,11,188,-77
IQ:7,56,11,-91,-186
IQ:8,72,12,122,93
IQ:9,80,255,59,-127
IQ:10,88,1,-201,-58
IQ:11,96,255,-71,151
IQ:12,104,2,133,-39
IQ:13,112,255,-23,-186
IQ:14,120,10,-167,-93
IQ:15,128,255,-51,83
IQ:16,136,3,127,-137
IQ:17,144,255,-73,-190
IQ:18,152,9,-111,-41
IQ:19,160,255,30,56
IQ:20,168,4,147,-184
IQ:21,176,255,-116,-181
IQ:22,184,8,-99,43
IQ:23,192,255,80,91
IQ:24,200,7,160,-57
IQ:25,208,255,-56,-116
IQ:26,216,6,-56,108
IQ:27,224,255,131,9
IQ:28,232,5,34,-224
IQ:29,240,255,-190,-58
IQ:30,248,12,-17,152
IQ:31,256,255,153,-8
IQ:32,264,1,-59,-196
IQ:33,272,255,-155,39
IQ:34,280,2,116,87
IQ:35,288,255,133,-134
SW:2
RR:3
SS:3
FR:2426
ME:7
MA:285
KE:5
KA:318
DF_END

Data arrived...