KE:4
KA:331
DF_END

Data arrived...
DF_BEGIN
IQ:0,0,11,127,171
IQ:1,8,11,158,-137
IQ:2,16,11,-150,-154
IQ:3,24,11,-136,155
IQ:4,32,11,175,113
IQ:5,40,11,74,-187
IQ:6,48,11,-204,-67
IQ:7,56,11,-76,199
IQ:8,72,12,-15,-220
IQ:9,80,255,-206,36
IQ:10,88,1,86,215
IQ:11,96,255,189,-87
IQ:12,104,2,-139,-132
IQ:13,112,255,-164,150
IQ:14,120,10,95,171
IQ:15,128,255,128,-106
IQ:16,136,3,-163,-69
IQ:17,144,255,-95,182
IQ:18,152,9,120,118
IQ:19,160,255,66,-136
IQ:20,168,4,-214,-34
IQ:21,176,255,-46,215
IQ:22,184,8,143,41
IQ:23,192,255,5,-166
IQ:24,200,7,-213,-29
IQ:25,208,255,-5,186
IQ:26,216,6,173,-56
IQ:27,224,255,-103,-158
IQ:28,232,5,-198,145
IQ:29,240,255,133,186
IQ:30,248,12,183,-137
IQ:31,256,255,-143,-155
IQ:32,264,1,-131,186
IQ:33,272,255,171,116
IQ:34,280,2,48,-198
IQ:35,288,255,-217,-62
SW:2
RR:3
SS:3
FR:2402
ME:2
MA:353
KE:4
KA:333
DF_END

Data arrived...
DF_BEGIN
IQ:0,0,11,151,-74
IQ:1,8,11,-76,-144
IQ:2,16,11,-130,94
IQ:3,24,11,122,113
IQ:4,32,11,113,-120
IQ:5,40,11,-133,-95
IQ:6,48,11,-84,146
IQ:7,56,11,148,75
IQ:8,72,12,-207,20
IQ:9,80,255,22,173
IQ:10,88,1,167,-61
IQ:11,96,255,-86,-125
IQ:12,104,2,-99,151
IQ:13,112,255,147,141
IQ:14,120,10,180,-47
IQ:15,128,255,-51,-107
IQ:16,136,3,-29,190
IQ:17,144,255,165,88
IQ:18,152,9,47,-47
IQ:19,160,255,-95,10
IQ:20,168,4,-33,211
IQ:21,176,255,187,54
IQ:22,184,8,62,-70
IQ:23,192,255,-97,-2
IQ:24,200,7,-63,167
IQ:25,208,255,118,30
IQ:26,216,6,-63,-118
IQ:27,224,255,-129,100
IQ:28,232,5,92,195
IQ:29,240,255,154,-99
IQ:30,248,12,-147,-138
IQ:31,256,255,-110,130
IQ:32,264,1,162,77
IQ:33,272,255,71,-140
IQ:34,280,2,-167,4
IQ:35,288,255,-26,200
SW:2
RR:3
SS:3
FR:2480
ME:2
MA:353
KE:4
KA:336
DF_END

Data arrived...
DF_BEGIN
IQ:0,0,11,123,-73
IQ:1,8,11,-94,-111
IQ:2,16,11,-106,104
IQ:3,24,11,115,96
IQ:4,32,11,80,-123
IQ:5,40,11,-138,-62
IQ:6,48,11,-55,140
IQ:7,56,11,138,41
IQ:8,72,12,-166,43
IQ:9,80,255,37,150
IQ:10,88,1,129,-68
IQ:11,96,255,-76,-107
IQ:12,104,2,-74,128
IQ:13,112,255,133,103
IQ:14,120,10,153,-68
IQ:15,128,255,-50,-88
IQ:16,136,3,-17,152
IQ:17,144,255,139,63
IQ:18,152,9,45,-52
IQ:19,160,255,-86,12
IQ:20,168,4,5,180
IQ:21,176,255,169,16
IQ:22,184,8,48,-75
IQ:23,192,255,-95,2
IQ:24,200,7,-36,150
IQ:25,208,255,110,12
IQ:26,216,6,-69,-97
IQ:27,224,255,-90,103
IQ:28,232,5,117,146
IQ:29,240,255,129,-112
IQ:30,248,12,-131,-114
IQ:31,256,255,-84,126
IQ:32,264,1,138,52
IQ:33,272,255,51,-124
IQ:34,280,2,-142,7
IQ:35,288,255,-2,164
SW:2
RR:3
SS:3
FR:2480
ME:2
MA:353
KE:3
KA:337
DF_END

Data arrived...
DF_BEGIN
IQ:0,0,11,-99,117
IQ:1,8,11,127,93
IQ:2,16,11,74,-133
IQ:3,24,11,-144,-55
IQ:4,32,11,-39,146
IQ:5,40,11,157,16
IQ:6,48,11,7,-158
IQ:7,56,11,-156,-4
IQ:8,72,12,111,-24
IQ:9,80,255,-48,-89
IQ:10,88,1,-112,123
IQ:11,96,255,70,109
IQ:12,104,2,-7,-100
IQ:13,112,255,-130,-37
IQ:14,120,10,-125,64
IQ:15,128,255,14,59
IQ:16,136,3,-99,-111
IQ:17,144,255,-156,19
IQ:18,152,9,-75,58
IQ:19,160,255,28,4
IQ:20,168,4,-94,-156
IQ:21,176,255,-163,27
IQ:22,184,8,-18,63
IQ:23,192,255,84,-8
IQ:24,200,7,36,-141
IQ:25,208,255,-86,-27
IQ:26,216,6,37,63
IQ:27,224,255,45,-77
IQ:28,232,5,-168,-82
IQ:29,240,255,-103,126
IQ:30,248,12,91,74
IQ:31,256,255,42,-90
IQ:32,264,1,-169,-14
IQ:33,272,255,-47,118
IQ:34,280,2,74,-69
IQ:35,288,255,-60,-142
SW:2
RR:3
SS:3
FR:2426
ME:10
MA:293
KE:4
KA:333
DF_END

Data arrived...
DF_BEGIN
IQ:0,0,11,-159,-32
IQ:1,8,11,-10,160
IQ:2,16,11,161,-3
IQ:3,24,11,-21,-160
IQ:4,32,11,-157,35
IQ:5,40,11,66,151
IQ:6,48,11,149,-75
IQ:7,56,11,-89,-144
IQ:8,72,12,102,80
IQ:9,80,255,56,-94
IQ:10,88,1,-156,-38
IQ:11,96,255,-61,120
IQ:12,104,2,92,-21
IQ:13,112,255,-18,-129
IQ:14,120,10,-132,-69
IQ:15,128,255,-43,70
IQ:16,136,3,76,-93
IQ:17,144,255,-61,-133
IQ:18,152,9,-109,-28
IQ:19,160,255,19,62
IQ:20,168,4,93,-133
IQ:21,176,255,-102,-124
IQ:22,184,8,-79,33
IQ:23,192,255,67,78
IQ:24,200,7,136,-46
IQ:25,208,255,-47,-102
IQ:26,216,6,-56,78
IQ:27,224,255,85,18
IQ:28,232,5,-9,-162
IQ:29,240,255,-154,-13
IQ:30,248,12,-7,128
IQ:31,256,255,115,-2
IQ:32,264,1,-62,-143
IQ:33,272,255,-130,31
IQ:34,280,2,76,57
IQ:35,288,255,95,-102
SW:2
RR:3
SS:3
FR:2426
ME:5
MA:353
KE:4
KA:335
DF_END

Data arrived...
DF_BEGIN
IQ:0,0,11,35,185
IQ:1,8,11,164,-68
IQ:2,16,11,-93,-166
IQ:3,24,11,-165,93
IQ:4,32,11,102,154
IQ:5,40,11,144,-121
IQ:6,48,11,-123,-137
IQ:7,56,11,-117,143
IQ:8,72,12,69,-200
IQ:9,80,255,-192,-38
IQ:10,88,1,1,223
IQ:11,96,255,201,-13
IQ:12,104,2,-95,-166
IQ:13,112,255,-195,89
IQ:14,120,10,13,176
IQ:15,128,255,131,-35
IQ:16,136,3,-139,-105
IQ:17,144,255,-140,138
IQ:18,152,9,70,118
IQ:19,160,255,85,-108
IQ:20,168,4,-190,-89
IQ:21,176,255,-110,175
IQ:22,184,8,105,96
IQ:23,192,255,61,-130
IQ:24,200,7,-165,-83
IQ:25,208,255,-52,156
IQ:26,216,6,177,11
IQ:27,224,255,-29,-175
IQ:28,232,5,-222,60
IQ:29,240,255,61,213
IQ:30,248,12,199,-63
IQ:31,256,255,-76,-184
IQ:32,264,1,-194,122
IQ:33,272,255,121,161
IQ:34,280,2,89,-165
IQ:35,288,255,-189,-107
SW:2
RR:3
SS:3
FR:2402
ME:2
MA:353
KE:4
KA:337
DF_END

Data arrived...
DF_BEGIN
IQ:0,0,11,158,-52
IQ:1,8,11,-79,-148
IQ:2,16,11,-142,98
IQ:3,24,11,105,130
IQ:4,32,11,123,-123
IQ:5,40,11,-130,-101
IQ:6,48,11,-92,145
IQ:7,56,11,147,89
IQ:8,72,12,-136,-32
IQ:9,80,255,-15,120
IQ:10,88,1,145,-46
IQ:11,96,255,-25,-132
IQ:12,104,2,-60,69
IQ:13,112,255,84,108
IQ:14,120,10,151,2
IQ:15,128,255,5,-99
IQ:16,136,3,-25,108
IQ:17,144,255,120,79
IQ:18,152,9,111,-28
IQ:19,160,255,-36,-59
IQ:20,168,4,-17,161
IQ:21,176,255,145,66
IQ:22,184,8,54,-55
IQ:23,192,255,-97,-35
IQ:24,200,7,-98,135
IQ:25,208,255,103,75
IQ:26,216,6,10,-96
IQ:27,224,255,-89,26
IQ:28,232,5,84,124
IQ:29,240,255,134,-78
IQ:30,248,12,-55,-138
IQ:31,256,255,-98,61
IQ:32,264,1,131,97
IQ:33,272,255,99,-96
IQ:34,280,2,-94,-8
IQ:35,288,255,-24,133
SW:2
RR:3
SS:3
FR:2426
ME:7
MA:285
KE:4
KA:332
DF_END

Data arrived...
DF_BEGIN
IQ:0,0,11,-48,-167
IQ:1,8,11,-160,64
IQ:2,16,11,75,158
IQ:3,24,11,151,-84
IQ:4,32,11,-109,-128
IQ:5,40,11,-117,127
IQ:6,48,11,142,99
IQ:7,56,11,90,-145
IQ:8,72,12,-30,128
IQ:9,80,255,124,13
IQ:10,88,1,-19,-156
IQ:11,96,255,-140,-2
IQ:12,104,2,62,70
IQ:13,112,255,105,-80
IQ:14,120,10,0,-162
IQ:15,128,255,-92,-7
IQ:16,136,3,122,29
IQ:17,144,255,101,-120
IQ:18,152,9,-25,-121
IQ:19,160,255,-65,40
IQ:20,168,4,161,41
IQ:21,176,255,76,-150
IQ:22,184,8,-65,-70
IQ:23,192,255,-48,89
IQ:24,200,7,136,103
IQ:25,208,255,74,-104
IQ:26,216,6,-98,-12
IQ:27,224,255,8,100
IQ:28,232,5,141,-49
IQ:29,240,255,-45,-144
IQ:30,248,12,-128,50
IQ:31,256,255,54,109
IQ:32,264,1,97,-122
IQ:33,272,255,-86,-104
IQ:34,280,2,-21,93
IQ:35,288,255,133,38
SW:2
RR:3
SS:3
FR:2426
ME:5
MA:353
KE:4
KA:334
DF_END

Data arrived...
DF_BEGIN
IQ:0,0,11,106,-126
IQ:1,8,11,-140,-89
IQ:2,16,11,-80,148
IQ:3,24,11,154,58
IQ:4,32,11,45,-163
IQ:5,40,11,-171,-35
IQ:6,48,11,-24,166
IQ:7,56,11,167,17
IQ:8,72,12,-179,62
IQ:9,80,255,93,145
IQ:10,88,1,172,-125
IQ:11,96,255,-114,-141
IQ:12,104,2,-63,168
IQ:13,112,255,180,88
IQ:14,120,10,108,-125
IQ:15,128,255,-111,-71
IQ:16,136,3,-3,160
IQ:17,144,255,177,20
IQ:18,152,9,50,-131
IQ:19,160,255,-124,-2
IQ:20,168,4,39,187
IQ:21,176,255,197,-21
IQ:22,184,8,5,-125
IQ:23,192,255,-132,40
IQ:24,200,7,31,172
IQ:25,208,255,135,-46
IQ:26,216,6,-98,-125
IQ:27,224,255,-104,130
IQ:28,232,5,170,132
IQ:29,240,255,123,-161
IQ:30,248,12,-158,-98
IQ:31,256,255,-73,155
IQ:32,264,1,208,66
IQ:33,272,255,53,-175
IQ:34,280,2,-173,51
IQ:35,288,255,37,204
SW:2
RR:3
SS:3
FR:2402
ME:2
MA:353
KE:4
KA:336
DF_END

Data arrived...
DF_BEGIN
IQ:0,0,11,124,-144
IQ:1,8,11,-158,-112
IQ:2,16,11,-100,165
IQ:3,24,11,175,73
IQ:4,32,11,61,-184
IQ:5,40,11,-178,-48
IQ:6,48,11,-16,188
IQ:7,56,11,193,5
IQ:8,72,12,-198,104
IQ:9,80,255,92,172
IQ:10,88,1,150,-123
IQ:11,96,255,-120,-124
IQ:12,104,2,-87,184
IQ:13,112,255,202,117
IQ:14,120,10,185,-118
IQ:15,128,255,-93,-97
IQ:16,136,3,-2,218
IQ:17,144,255,199,58
IQ:18,152,9,46,-81
IQ:19,160,255,-104,36
IQ:20,168,4,37,226
IQ:21,176,255,222,-12
IQ:22,184,8,51,-87
IQ:23,192,255,-90,38
IQ:24,200,7,16,196
IQ:25,208,255,141,-13
IQ:26,216,6,-112,-108
IQ:27,224,255,-93,161
IQ:28,232,5,173,159
IQ:29,240,255,116,-172
IQ:30,248,12,-195,-102
IQ:31,256,255,-89,179
IQ:32,264,1,190,45
IQ:33,272,255,34,-173
IQ:34,280,2,-198,43
IQ:35,288,255,44,221
SW:2
RR:3
SS:3
FR:2480
ME:2
MA:353
KE:4
KA:339
DF_END

Data arrived...
DF_BEGIN
IQ:0,0,11,-148,50
IQ:1,8,11,57,139
IQ:2,16,11,137,-76
IQ:3,24,11,-92,-123
IQ:4,32,11,-117,100
IQ:5,40,11,119,96
IQ:6,48,11,98,-120
IQ:7,56,11,-127,-83
IQ:8,72,12,124,25
IQ:9,80,255,6,-109
IQ:10,88,1,-151,39
IQ:11,96,255,12,124
IQ:12,104,2,55,-75
IQ:13,112,255,-81,-88
IQ:14,120,10,-135,2
IQ:15,128,255,-9,70
IQ:16,136,3,17,-124
IQ:17,144,255,-119,-83
IQ:18,152,9,-90,28
IQ:19,160,255,49,32
IQ:20,168,4,13,-168
IQ:21,176,255,-146,-56
IQ:22,184,8,-51,66
IQ:23,192,255,84,29
IQ:24,200,7,84,-108
IQ:25,208,255,-81,-68
IQ:26,216,6,0,83
IQ:27,224,255,95,-29
IQ:28,232,5,-62,-139
IQ:29,240,255,-129,61
IQ:30,248,12,48,126
IQ:31,256,255,91,-52
IQ:32,264,1,-121,-103
IQ:33,272,255,-86,90
IQ:34,280,2,90,0
IQ:35,288,255,18,-136
SW:2
RR:3
SS:3
FR:2426
ME:7
MA:285
KE:4
KA:334
DF_END

Data arrived...
DF_BEGIN
IQ:0,0,11,-63,161
IQ:1,8,11,170,37
IQ:2,16,11,19,-179
IQ:3,24,11,-176,-9
IQ:4,32,11,10,177
IQ:5,40,11,173,-32
IQ:6,48,11,-50,-180
IQ:7,56,11,-168,58
IQ:8,72,12,157,-122
IQ:9,80,255,-125,-128
IQ:10,88,1,-103,178
IQ:11,96,255,168,75
IQ:12,104,2,-9,-179
IQ:13,112,255,-200,-30
IQ:14,120,10,-75,147
IQ:15,128,255,123,39
IQ:16,136,3,-74,-130
IQ:17,144,255,-174,46
IQ:18,152,9,-19,142
IQ:19,160,255,115,-27
IQ:20,168,4,-90,-172
IQ:21,176,255,-170,88
IQ:22,184,8,36,119
IQ:23,192,255,110,-82
IQ:24,200,7,-91,-163
IQ:25,208,255,-132,81
IQ:26,216,6,126,97
IQ:27,224,255,72,-155
IQ:28,232,5,-205,-71
IQ:29,240,255,-56,205
IQ:30,248,12,190,47
IQ:31,256,255,22,-176
IQ:32,264,1,-206,17
IQ:33,272,255,17,180
IQ:34,280,2,134,-101
IQ:35,288,255,-100,-179
SW:2
RR:3
SS:3
FR:2402
ME:2
MA:353
KE:4
KA:336
DF_END

Data arrived...
DF_BEGIN
IQ:0,0,11,-166,78
IQ:1,8,11,95,153
IQ:2,16,11,139,-111
IQ:3,24,11,-126,-128
IQ:4,32,11,-109,136
IQ:5,40,11,152,90
IQ:6,48,11,93,-164
IQ:7,56,11,-162,-62
IQ:8,72,12,200,-18
IQ:9,80,255,-36,-191
IQ:10,88,1,-223,53
IQ:11,96,255,59,192
IQ:12,104,2,132,-130
IQ:13,112,255,-137,-159
IQ:14,120,10,-152,73
IQ:15,128,255,76,107
IQ:16,136,3,56,-165
IQ:17,144,255,-174,-94
IQ:18,152,9,-100,97
IQ:19,160,255,123,41
IQ:20,168,4,12,-203
IQ:21,176,255,-195,-59
IQ:22,184,8,-38,127
IQ:23,192,255,154,0
IQ:24,200,7,39,-179
IQ:25,208,255,-157,-15
IQ:26,216,6,38,164
IQ:27,224,255,154,-83
IQ:28,232,5,-108,-200
IQ:29,240,255,-192,108
IQ:30,248,12,108,169
IQ:31,256,255,142,-132
IQ:32,264,1,-178,-141
IQ:33,272,255,-109,165
IQ:34,280,2,188,17
IQ:35,288,255,39,-211
SW:2
RR:3
SS:3
FR:2402
ME:2
MA:353
KE:3
KA:338
DF_END

Data arrived...
DF_BEGIN
IQ:0,0,11,82,-148
IQ:1,8,11,-153,-65
IQ:2,16,11,-42,156
IQ:3,24,11,161,22
IQ:4,32,11,7,-168
IQ:5,40,11,-159,11
IQ:6,48,11,33,161
IQ:7,56,11,164,-39
IQ:8,72,12,-166,134
IQ:9,80,255,123,138
IQ:10,88,1,125,-152
IQ:11,96,255,-148,-86
IQ:12,104,2,-12,202
IQ:13,112,255,220,51
IQ:14,120,10,114,-149
IQ:15,128,255,-110,-50
IQ:16,136,3,76,197
IQ:17,144,255,202,-19
IQ:18,152,9,0,-80
IQ:19,160,255,-90,73
IQ:20,168,4,82,215
IQ:21,176,255,198,-60
IQ:22,184,8,8,-106
IQ:23,192,255,-102,48
IQ:24,200,7,37,173
IQ:25,208,255,115,-61
IQ:26,216,6,-128,-78
IQ:27,224,255,-58,165
IQ:28,232,5,205,107
IQ:29,240,255,82,-185
IQ:30,248,12,-208,-78
IQ:31,256,255,-62,172
IQ:32,264,1,187,-10
IQ:33,272,255,-22,-170
IQ:34,280,2,-182,84
IQ:35,288,255,76,194
SW:2
RR:3
SS:3
FR:2480
ME:2
MA:353
KE:3
KA:339
DF_END

Data arrived...
DF_BEGIN
IQ:0,0,11,-69,-182
IQ:1,8,11,-172,90
IQ:2,16,11,108,159
IQ:3,24,11,146,-126
IQ:4,32,11,-141,-145
IQ:5,40,11,-126,145
IQ:6,48,11,164,93
IQ:7,56,11,88,-179
IQ:8,72,12,-19,143
IQ:9,80,255,129,7
IQ:10,88,1,-47,-171
IQ:11,96,255,-140,22
IQ:12,104,2,87,63
IQ:13,112,255,120,-109
IQ:14,120,10,-2,-181
IQ:15,128,255,-110,-5
IQ:16,136,3,143,13
IQ:17,144,255,87,-146
IQ:18,152,9,-36,-132
IQ:19,160,255,-49,37
IQ:20,168,4,208,2
IQ:21,176,255,73,-189
IQ:22,184,8,-63,-71
IQ:23,192,255,-40,92
IQ:24,200,7,147,117
IQ:25,208,255,102,-102
IQ:26,216,6,-106,1
IQ:27,224,255,40,90
IQ:28,232,5,152,-102
IQ:29,240,255,-93,-153
IQ:30,248,12,-134,56
IQ:31,256,255,66,107
IQ:32,264,1,113,-135
IQ:33,272,255,-97,-106
IQ:34,280,2,-6,113
IQ:35,288,255,162,23
SW:2
RR:3
SS:3
FR:2426
ME:7
MA:293
KE:4
KA:335
DF_END

Data arrived...
DF_BEGIN
IQ:0,0,11,167,1
IQ:1,8,11,-8,-162
IQ:2,16,11,-161,40
IQ:3,24,11,59,149
IQ:4,32,11,141,-79
IQ:5,40,11,-94,-151
IQ:6,48,11,-134,90
IQ:7,56,11,114,114
IQ:8,72,12,-111,-55
IQ:9,80,255,-33,107
IQ:10,88,1,176,-3
IQ:11,96,255,25,-124
IQ:12,104,2,-70,83
IQ:13,112,255,73,126
IQ:14,120,10,139,34
IQ:15,128,255,15,-62
IQ:16,136,3,-28,157
IQ:17,144,255,130,105
IQ:18,152,9,102,-6
IQ:19,160,255,-42,-42
IQ:20,168,4,-69,178
IQ:21,176,255,138,109
IQ:22,184,8,68,-39
IQ:23,192,255,-75,-53
IQ:24,200,7,-105,104
IQ:25,208,255,68,91
IQ:26,216,6,18,-80
IQ:27,224,255,-87,17
IQ:28,232,5,34,157
IQ:29,240,255,153,-34
IQ:30,248,12,-23,-128
IQ:31,256,255,-100,41
IQ:32,264,1,92,146
IQ:33,272,255,125,-60
IQ:34,280,2,-106,-9
IQ:35,288,255,-43,152
SW:2
RR:3
SS:3
FR:2426
ME:7
MA:296
KE:4
KA:330
DF_END

Data arrived...
DF_BEGIN
IQ:0,0,11,111,161
IQ:1,8,11,148,-130
IQ:2,16,11,-145,-131
IQ:3,24,11,-106,164
IQ:4,32,11,170,100
IQ:5,40,11,91,-178
IQ:6,48,11,-182,-74
IQ:7,56,11,-54,191
IQ:8,72,12,-48,-239
IQ:9,80,255,-201,60
IQ:10,88,1,131,213
IQ:11,96,255,188,-116
IQ:12,104,2,-167,-101
IQ:13,112,255,-130,185
IQ:14,120,10,94,161
IQ:15,128,255,103,-89
IQ:16,136,3,-174,-16
IQ:17,144,255,-65,195
IQ:18,152,9,108,90
IQ:19,160,255,16,-131
IQ:20,168,4,-229,18
IQ:21,176,255,-20,222
IQ:22,184,8,123,29
IQ:23,192,255,-27,-147
IQ:24,200,7,-208,-11
IQ:25,208,255,14,170
IQ:26,216,6,166,-82
IQ:27,224,255,-117,-151
IQ:28,232,5,-187,176
IQ:29,240,255,169,182
IQ:30,248,12,160,-175
IQ:31,256,255,-179,-112
IQ:32,264,1,-92,234
IQ:33,272,255,202,89
IQ:34,280,2,-13,-198
IQ:35,288,255,-239,2
SW:2
RR:3
SS:3
FR:2402
ME:2
MA:353
KE:4
KA:332
DF_END

Data arrived...
DF_BEGIN
IQ:0,0,11,161,-37
IQ:1,8,11,-62,-155
IQ:2,16,11,-155,65
IQ:3,24,11,78,143
IQ:4,32,11,138,-100
IQ:5,40,11,-106,-127
IQ:6,48,11,-105,117
IQ:7,56,11,130,104
IQ:8,72,12,-190,-33
IQ:9,80,255,-27,169
IQ:10,88,1,178,-27
IQ:11,96,255,-52,-150
IQ:12,104,2,-141,126
IQ:13,112,255,107,179
IQ:14,120,10,194,-15
IQ:15,128,255,-17,-122
IQ:16,136,3,-90,173
IQ:17,144,255,123,142
IQ:18,152,9,61,-29
IQ:19,160,255,-93,-15
IQ:20,168,4,-89,192
IQ:21,176,255,163,111
IQ:22,184,8,81,-39
IQ:23,192,255,-84,-33
IQ:24,200,7,-113,143
IQ:25,208,255,108,53
IQ:26,216,6,-27,-131
IQ:27,224,255,-156,63
IQ:28,232,5,49,209
IQ:29,240,255,189,-62
IQ:30,248,12,-97,-164
IQ:31,256,255,-145,104
IQ:32,264,1,124,119
IQ:33,272,255,94,-124
IQ:34,280,2,-176,-57
IQ:35,288,255,-76,185
SW:2
RR:3
SS:3
FR:2480
ME:5
MA:353
KE:4
KA:334
DF_END

Data arrived...
DF_BEGIN
IQ:0,0,11,-132,-131
IQ:1,8,11,-118,145
IQ:2,16,11,154,105
IQ:3,24,11,97,-148
IQ:4,32,11,-163,-75
IQ:5,40,11,-64,170
IQ:6,48,11,177,42
IQ:7,56,11,37,-178
IQ:8,72,12,17,148
IQ:9,80,255,129,-43
IQ:10,88,1,-101,-144
IQ:11,96,255,-128,73
IQ:12,104,2,110,28
IQ:13,112,255,73,-132
IQ:14,120,10,-61,-151
IQ:15,128,255,-87,21
IQ:16,136,3,157,-49
IQ:17,144,255,37,-176
IQ:18,152,9,-70,-108
IQ:19,160,255,-27,48
IQ:20,168,4,193,-56
IQ:21,176,255,1,-198
IQ:22,184,8,-87,-30
IQ:23,192,255,1,105
IQ:24,200,7,160,47
IQ:25,208,255,36,-125
IQ:26,216,6,-95,38
IQ:27,224,255,69,72
IQ:28,232,5,123,-143
IQ:29,240,255,-130,-132
IQ:30,248,12,-114,101
IQ:31,256,255,107,69
IQ:32,264,1,57,-177
IQ:33,272,255,-132,-69
IQ:34,280,2,42,106
IQ:35,288,255,154,-46
SW:2
RR:3
SS:3
FR:2426
ME:7
MA:285
KE:4
KA:329
DF_END

Data arrived...
DF_BEGIN
IQ:0,0,11,128,108
IQ:1,8,11,88,-134
IQ:2,16,11,-154,-60
IQ:3,24,11,-52,157
IQ:4,32,11,161,38
IQ:5,40,11,15,-165
IQ:6,48,11,-173,-13
IQ:7,56,11,2,164
IQ:8,72,12,-73,-173
IQ:9,80,255,-137,88
IQ:10,88,1,138,130
IQ:11,96,255,118,-127
IQ:12,104,2,-150,-40
IQ:13,112,255,-66,173
IQ:14,120,10,108,99
IQ:15,128,255,63,-87
IQ:16,136,3,-125,31
IQ:17,144,255,8,157
IQ:18,152,9,104,47
IQ:19,160,255,-13,-97
IQ:20,168,4,-169,68
IQ:21,176,255,28,179
IQ:22,184,8,110,0
IQ:23,192,255,-46,-119
IQ:24,200,7,-158,23
IQ:25,208,255,37,128
IQ:26,216,6,121,-89
IQ:27,224,255,-118,-102
IQ:28,232,5,-125,162
IQ:29,240,255,164,100
IQ:30,248,12,88,-163
IQ:31,256,255,-151,-61
IQ:32,264,1,-27,196
IQ:33,272,255,181,20
IQ:34,280,2,-42,-154
IQ:35,288,255,-177,44
SW:2
RR:3
SS:3
FR:2402
ME:2
MA:353
KE:4
KA:332
DF_END

Data arrived...
DF_BEGIN
IQ:0,0,11,23,-145
IQ:1,8,11,-152,-12
IQ:2,16,11,9,157
IQ:3,24,11,149,-21
IQ:4,32,11,-32,-145
IQ:5,40,11,-150,41
IQ:6,48,11,55,140
IQ:7,56,11,129,-67
IQ:8,72,12,-117,148
IQ:9,80,255,131,96
IQ:10,88,1,58,-155
IQ:11,96,255,-146,-31
IQ:12,104,2,35,167
IQ:13,112,255,195,-13
IQ:14,120,10,77,-156
IQ:15,128,255,-104,-30
IQ:16,136,3,104,154
IQ:17,144,255,170,-40
IQ:18,152,9,2,-56
IQ:19,160,255,-47,71
IQ:20,168,4,135,149
IQ:21,176,255,151,-105
IQ:22,184,8,0,-83
IQ:23,192,255,-61,58
IQ:24,200,7,80,144
IQ:25,208,255,88,-56
IQ:26,216,6,-118,-24
IQ:27,224,255,-29,159
IQ:28,232,5,185,64
IQ:29,240,255,32,-173
IQ:30,248,12,-189,-9
IQ:31,256,255,6,166
IQ:32,264,1,157,-53
IQ:33,272,255,-67,-133
IQ:34,280,2,-118,128
IQ:35,288,255,122,141
SW:2
RR:3
SS:3
FR:2480
ME:2
MA:353
KE:4
KA:334
DF_END