KE:0
KA:357
DF_END

Data arrived...
DF_BEGIN
IQ:0,0,11,-145,60
IQ:1,8,11,59,139
IQ:2,16,11,120,-80
IQ:3,24,11,-102,-110
IQ:4,32,11,-108,112
IQ:5,40,11,107,106
IQ:6,48,11,82,-125
IQ:7,56,11,-143,-68
IQ:8,72,12,101,55
IQ:9,80,255,36,-117
IQ:10,88,1,-116,-30
IQ:11,96,255,-18,113
IQ:12,104,2,131,-18
IQ:13,112,255,-26,-142
IQ:14,120,10,-185,21
IQ:15,128,255,6,154
IQ:16,136,3,86,-44
IQ:17,144,255,-64,-74
IQ:18,152,9,-66,128
IQ:19,160,255,111,96
IQ:20,168,4,73,-54
IQ:21,176,255,-77,-62
IQ:22,184,8,-40,102
IQ:23,192,255,112,35
IQ:24,200,7,39,-150
IQ:25,208,255,-150,-44
IQ:26,216,6,-22,107
IQ:27,224,255,123,21
IQ:28,232,5,30,-103
IQ:29,240,255,-105,-10
IQ:30,248,12,1,124
IQ:31,256,255,109,-20
IQ:32,264,1,-48,-106
IQ:33,272,255,-104,60
IQ:34,280,2,82,103
IQ:35,288,255,95,-106
SW:2
RR:3
SS:3
FR:2480
ME:359
MA:353
KE:0
KA:357
DF_END

Data arrived...
DF_BEGIN
IQ:0,0,11,-35,168
IQ:1,8,11,168,-8
IQ:2,16,11,-4,-176
IQ:3,24,11,-167,25
IQ:4,32,11,47,158
IQ:5,40,11,160,-62
IQ:6,48,11,-81,-151
IQ:7,56,11,-148,87
IQ:8,72,12,180,-93
IQ:9,80,255,-80,-167
IQ:10,88,1,-106,80
IQ:11,96,255,83,82
IQ:12,104,2,-4,-123
IQ:13,112,255,-161,9
IQ:14,120,10,2,182
IQ:15,128,255,187,41
IQ:16,136,3,25,-65
IQ:17,144,255,-87,19
IQ:18,152,9,38,132
IQ:19,160,255,149,-31
IQ:20,168,4,9,-88
IQ:21,176,255,-93,47
IQ:22,184,8,55,99
IQ:23,192,255,82,-93
IQ:24,200,7,-172,-94
IQ:25,208,255,-122,177
IQ:26,216,6,124,128
IQ:27,224,255,136,-150
IQ:28,232,5,-93,-149
IQ:29,240,255,-96,108
IQ:30,248,12,180,85
IQ:31,256,255,76,-170
IQ:32,264,1,-122,-44
IQ:33,272,255,-17,114
IQ:34,280,2,95,-78
IQ:35,288,255,-105,-131
SW:2
RR:3
SS:3
FR:2426
ME:2
MA:5
KE:0
KA:357
DF_END

Data arrived...
DF_BEGIN
IQ:0,0,11,152,25
IQ:1,8,11,13,-158
IQ:2,16,11,-160,-4
IQ:3,24,11,1,154
IQ:4,32,11,149,-40
IQ:5,40,11,-47,-153
IQ:6,48,11,-150,53
IQ:7,56,11,71,141
IQ:8,72,12,-50,-132
IQ:9,80,255,-117,62
IQ:10,88,1,71,97
IQ:11,96,255,93,-72
IQ:12,104,2,-66,-64
IQ:13,112,255,-29,95
IQ:14,120,10,151,22
IQ:15,128,255,41,-165
IQ:16,136,3,-124,-70
IQ:17,144,255,-31,113
IQ:18,152,9,105,-18
IQ:19,160,255,-33,-131
IQ:20,168,4,-152,-9
IQ:21,176,255,2,123
IQ:22,184,8,107,-49
IQ:23,192,255,-66,-101
IQ:24,200,7,-93,89
IQ:25,208,255,96,97
IQ:26,216,6,94,-95
IQ:27,224,255,-114,-101
IQ:28,232,5,-99,122
IQ:29,240,255,128,84
IQ:30,248,12,86,-114
IQ:31,256,255,-111,-76
IQ:32,264,1,-52,103
IQ:33,272,255,107,24
IQ:34,280,2,9,-98
IQ:35,288,255,-103,27
SW:2
RR:3
SS:3
FR:2402
ME:359
MA:353
KE:0
KA:357
DF_END

Data arrived...
DF_BEGIN
IQ:0,0,11,150,16
IQ:1,8,11,7,-154
IQ:2,16,11,-150,9
IQ:3,24,11,27,146
IQ:4,32,11,147,-43
IQ:5,40,11,-63,-134
IQ:6,48,11,-127,71
IQ:7,56,11,94,126
IQ:8,72,12,-69,-100
IQ:9,80,255,-90,80
IQ:10,88,1,87,69
IQ:11,96,255,62,-97
IQ:12,104,2,-127,-40
IQ:13,112,255,-26,141
IQ:14,120,10,177,71
IQ:15,128,255,75,-142
IQ:16,136,3,-100,-13
IQ:17,144,255,13,87
IQ:18,152,9,112,-77
IQ:19,160,255,-68,-139
IQ:20,168,4,-100,10
IQ:21,176,255,30,88
IQ:22,184,8,72,-78
IQ:23,192,255,-96,-71
IQ:24,200,7,-100,120
IQ:25,208,255,109,110
IQ:26,216,6,71,-88
IQ:27,224,255,-93,-82
IQ:28,232,5,-66,79
IQ:29,240,255,91,41
IQ:30,248,12,51,-110
IQ:31,256,255,-115,-34
IQ:32,264,1,1,117
IQ:33,272,255,118,-16
IQ:34,280,2,-30,-134
IQ:35,288,255,-133,47
SW:2
RR:3
SS:3
FR:2480
ME:359
MA:353
KE:359
KA:356
DF_END

Data arrived...
DF_BEGIN
IQ:0,0,11,167,-30
IQ:1,8,11,-45,-169
IQ:2,16,11,-164,66
IQ:3,24,11,83,154
IQ:4,32,11,150,-97
IQ:5,40,11,-104,-143
IQ:6,48,11,-123,118
IQ:7,56,11,140,108
IQ:8,72,12,-159,-121
IQ:9,80,255,-120,145
IQ:10,88,1,115,71
IQ:11,96,255,46,-117
IQ:12,104,2,-120,50
IQ:13,112,255,62,152
IQ:14,120,10,184,-42
IQ:15,128,255,-27,-186
IQ:16,136,3,-81,0
IQ:17,144,255,45,78
IQ:18,152,9,120,-75
IQ:19,160,255,-72,-137
IQ:20,168,4,-84,21
IQ:21,176,255,73,82
IQ:22,184,8,83,-87
IQ:23,192,255,-115,-62
IQ:24,200,7,-35,191
IQ:25,208,255,208,49
IQ:26,216,6,72,-164
IQ:27,224,255,-189,-81
IQ:28,232,5,-132,128
IQ:29,240,255,131,66
IQ:30,248,12,17,-201
IQ:31,256,255,-186,-13
IQ:32,264,1,11,134
IQ:33,272,255,124,-30
IQ:34,280,2,-104,-70
IQ:35,288,255,-101,130
SW:2
RR:3
SS:3
FR:2426
ME:2
MA:5
KE:0
KA:357
DF_END

Data arrived...
DF_BEGIN
IQ:0,0,11,-152,-32
IQ:1,8,11,-3,156
IQ:2,16,11,149,-18
IQ:3,24,11,-31,-154
IQ:4,32,11,-151,46
IQ:5,40,11,47,153
IQ:6,48,11,143,-50
IQ:7,56,11,-79,-133
IQ:8,72,12,64,131
IQ:9,80,255,108,-73
IQ:10,88,1,-77,-80
IQ:11,96,255,-82,85
IQ:12,104,2,76,59
IQ:13,112,255,31,-90
IQ:14,120,10,-153,-15
IQ:15,128,255,-33,168
IQ:16,136,3,123,65
IQ:17,144,255,22,-114
IQ:18,152,9,-106,29
IQ:19,160,255,46,125
IQ:20,168,4,152,-13
IQ:21,176,255,-23,-125
IQ:22,184,8,-110,51
IQ:23,192,255,62,104
IQ:24,200,7,86,-91
IQ:25,208,255,-114,-89
IQ:26,216,6,-93,100
IQ:27,224,255,113,87
IQ:28,232,5,95,-122
IQ:29,240,255,-134,-69
IQ:30,248,12,-75,123
IQ:31,256,255,119,67
IQ:32,264,1,42,-115
IQ:33,272,255,-109,-17
IQ:34,280,2,6,93
IQ:35,288,255,99,-42
SW:2
RR:3
SS:3
FR:2402
ME:359
MA:353
KE:0
KA:357
DF_END

Data arrived...
DF_BEGIN
IQ:0,0,11,-84,-131
IQ:1,8,11,-124,99
IQ:2,16,11,112,107
IQ:3,24,11,97,-126
IQ:4,32,11,-130,-90
IQ:5,40,11,-72,142
IQ:6,48,11,142,63
IQ:7,56,11,44,-150
IQ:8,72,12,-73,119
IQ:9,80,255,126,39
IQ:10,88,1,14,-119
IQ:11,96,255,-123,-2
IQ:12,104,2,9,95
IQ:13,112,255,95,-34
IQ:14,120,10,-91,-125
IQ:15,128,255,-142,84
IQ:16,136,3,47,129
IQ:17,144,255,95,-64
IQ:18,152,9,-86,-68
IQ:19,160,255,-75,110
IQ:20,168,4,104,102
IQ:21,176,255,78,-100
IQ:22,184,8,-110,-41
IQ:23,192,255,-34,118
IQ:24,200,7,128,2
IQ:25,208,255,-9,-138
IQ:26,216,6,-138,0
IQ:27,224,255,14,143
IQ:28,232,5,157,-14
IQ:29,240,255,-31,-154
IQ:30,248,12,-139,29
IQ:31,256,255,34,131
IQ:32,264,1,107,-45
IQ:33,272,255,-59,-101
IQ:34,280,2,-74,61
IQ:35,288,255,94,47
SW:2
RR:3
SS:3
FR:2402
ME:359
MA:353
KE:359
KA:356
DF_END

Data arrived...
DF_BEGIN
IQ:0,0,11,141,-44
IQ:1,8,11,-61,-142
IQ:2,16,11,-138,68
IQ:3,24,11,74,127
IQ:4,32,11,113,-95
IQ:5,40,11,-103,-113
IQ:6,48,11,-106,118
IQ:7,56,11,121,87
IQ:8,72,12,-100,-67
IQ:9,80,255,-51,107
IQ:10,88,1,106,37
IQ:11,96,255,17,-111
IQ:12,104,2,-139,1
IQ:13,112,255,18,143
IQ:14,120,10,183,1
IQ:15,128,255,4,-149
IQ:16,136,3,-97,31
IQ:17,144,255,47,75
IQ:18,152,9,74,-117
IQ:19,160,255,-111,-111
IQ:20,168,4,-94,41
IQ:21,176,255,53,66
IQ:22,184,8,36,-98
IQ:23,192,255,-120,-41
IQ:24,200,7,-72,147
IQ:25,208,255,136,65
IQ:26,216,6,45,-104
IQ:27,224,255,-123,-38
IQ:28,232,5,-44,99
IQ:29,240,255,95,16
IQ:30,248,12,-2,-121
IQ:31,256,255,-116,11
IQ:32,264,1,36,108
IQ:33,272,255,110,-48
IQ:34,280,2,-71,-117
IQ:35,288,255,-107,89
SW:2
RR:3
SS:3
FR:2480
ME:359
MA:353
KE:359
KA:356
DF_END

Data arrived...
DF_BEGIN
IQ:0,0,11,7,180
IQ:1,8,11,170,-24
IQ:2,16,11,-49,-165
IQ:3,24,11,-164,64
IQ:4,32,11,76,157
IQ:5,40,11,157,-90
IQ:6,48,11,-105,-143
IQ:7,56,11,-114,132
IQ:8,72,12,145,-130
IQ:9,80,255,-130,-140
IQ:10,88,1,-83,104
IQ:11,96,255,108,47
IQ:12,104,2,-40,-128
IQ:13,112,255,-166,28
IQ:14,120,10,17,175
IQ:15,128,255,187,-9
IQ:16,136,3,5,-78
IQ:17,144,255,-92,38
IQ:18,152,9,59,126
IQ:19,160,255,142,-67
IQ:20,168,4,-13,-86
IQ:21,176,255,-82,68
IQ:22,184,8,82,99
IQ:23,192,255,67,-105
IQ:24,200,7,-194,-58
IQ:25,208,255,-81,199
IQ:26,216,6,157,105
IQ:27,224,255,96,-176
IQ:28,232,5,-127,-131
IQ:29,240,255,-83,129
IQ:30,248,12,192,49
IQ:31,256,255,42,-182
IQ:32,264,1,-138,-1
IQ:33,272,255,26,124
IQ:34,280,2,79,-97
IQ:35,288,255,-118,-114
SW:2
RR:3
SS:3
FR:2426
ME:2
MA:5
KE:359
KA:356
DF_END

Data arrived...
DF_BEGIN
IQ:0,0,11,-77,-138
IQ:1,8,11,-137,81
IQ:2,16,11,86,126
IQ:3,24,11,118,-107
IQ:4,32,11,-107,-107
IQ:5,40,11,-97,129
IQ:6,48,11,122,92
IQ:7,56,11,70,-139
IQ:8,72,12,-78,113
IQ:9,80,255,120,56
IQ:10,88,1,32,-114
IQ:11,96,255,-114,-22
IQ:12,104,2,-7,95
IQ:13,112,255,90,-38
IQ:14,120,10,-83,-137
IQ:15,128,255,-159,63
IQ:16,136,3,15,140
IQ:17,144,255,109,-39
IQ:18,152,9,-78,-81
IQ:19,160,255,-93,96
IQ:20,168,4,85,121
IQ:21,176,255,92,-86
IQ:22,184,8,-106,-51
IQ:23,192,255,-43,116
IQ:24,200,7,131,14
IQ:25,208,255,10,-137
IQ:26,216,6,-137,-22
IQ:27,224,255,-7,147
IQ:28,232,5,159,15
IQ:29,240,255,-7,-152
IQ:30,248,12,-146,6
IQ:31,256,255,14,131
IQ:32,264,1,115,-32
IQ:33,272,255,-42,-111
IQ:34,280,2,-78,46
IQ:35,288,255,84,51
SW:2
RR:3
SS:3
FR:2402
ME:359
MA:353
KE:359
KA:356
DF_END

Data arrived...
DF_BEGIN
IQ:0,0,11,146,-137
IQ:1,8,11,-156,-138
IQ:2,16,11,-114,165
IQ:3,24,11,181,94
IQ:4,32,11,84,-189
IQ:5,40,11,-185,-57
IQ:6,48,11,-35,199
IQ:7,56,11,201,16
IQ:8,72,12,-163,-12
IQ:9,80,255,12,159
IQ:10,88,1,144,-27
IQ:11,96,255,-57,-149
IQ:12,104,2,-155,94
IQ:13,112,255,127,156
IQ:14,120,10,221,-125
IQ:15,128,255,-91,-189
IQ:16,136,3,-96,104
IQ:17,144,255,112,52
IQ:18,152,9,-2,-192
IQ:19,160,255,-208,-49
IQ:20,168,4,-69,108
IQ:21,176,255,121,35
IQ:22,184,8,-23,-137
IQ:23,192,255,-162,33
IQ:24,200,7,34,211
IQ:25,208,255,206,-28
IQ:26,216,6,-21,-158
IQ:27,224,255,-163,41
IQ:28,232,5,19,135
IQ:29,240,255,125,-54
IQ:30,248,12,-89,-150
IQ:31,256,255,-129,88
IQ:32,264,1,114,95
IQ:33,272,255,85,-133
IQ:34,280,2,-170,-77
IQ:35,288,255,-67,171
SW:2
RR:3
SS:3
FR:2480
ME:359
MA:353
KE:359
KA:356
DF_END

Data arrived...
DF_BEGIN
IQ:0,0,11,-60,-165
IQ:1,8,11,-153,74
IQ:2,16,11,96,150
IQ:3,24,11,138,-100
IQ:4,32,11,-120,-122
IQ:5,40,11,-116,126
IQ:6,48,11,137,94
IQ:7,56,11,73,-155
IQ:8,72,12,-92,182
IQ:9,80,255,165,79
IQ:10,88,1,45,-121
IQ:11,96,255,-111,-21
IQ:12,104,2,73,101
IQ:13,112,255,134,-84
IQ:14,120,10,-78,-168
IQ:15,128,255,-185,47
IQ:16,136,3,12,66
IQ:17,144,255,72,-67
IQ:18,152,9,-97,-88
IQ:19,160,255,-103,112
IQ:20,168,4,39,84
IQ:21,176,255,52,-92
IQ:22,184,8,-105,-61
IQ:23,192,255,-37,119
IQ:24,200,7,190,-18
IQ:25,208,255,4,-209
IQ:26,216,6,-186,-37
IQ:27,224,255,-48,202
IQ:28,232,5,155,90
IQ:29,240,255,28,-145
IQ:30,248,12,-199,18
IQ:31,256,255,31,178
IQ:32,264,1,129,-28
IQ:33,272,255,-56,-112
IQ:34,280,2,-46,118
IQ:35,288,255,155,60
SW:2
RR:3
SS:3
FR:2426
ME:2
MA:5
KE:359
KA:356
DF_END

Data arrived...
DF_BEGIN
IQ:0,0,11,-154,43
IQ:1,8,11,62,144
IQ:2,16,11,134,-77
IQ:3,24,11,-100,-120
IQ:4,32,11,-121,108
IQ:5,40,11,113,119
IQ:6,48,11,110,-115
IQ:7,56,11,-120,-102
IQ:8,72,12,112,83
IQ:9,80,255,68,-116
IQ:10,88,1,-108,-52
IQ:11,96,255,-39,110
IQ:12,104,2,91,19
IQ:13,112,255,-19,-95
IQ:14,120,10,-147,61
IQ:15,128,255,48,160
IQ:16,136,3,135,-1
IQ:17,144,255,-21,-110
IQ:18,152,9,-91,63
IQ:19,160,255,81,105
IQ:20,168,4,138,-51
IQ:21,176,255,-61,-104
IQ:22,184,8,-70,92
IQ:23,192,255,105,59
IQ:24,200,7,48,-125
IQ:25,208,255,-133,-39
IQ:26,216,6,-49,123
IQ:27,224,255,138,25
IQ:28,232,5,29,-161
IQ:29,240,255,-154,-20
IQ:30,248,12,-7,136
IQ:31,256,255,131,-5
IQ:32,264,1,-11,-121
IQ:33,272,255,-111,27
IQ:34,280,2,35,87
IQ:35,288,255,75,-71
SW:2
RR:3
SS:3
FR:2402
ME:359
MA:353
KE:359
KA:356
DF_END

Data arrived...
DF_BEGIN
IQ:0,0,11,-29,152
IQ:1,8,11,156,1
IQ:2,16,11,-14,-159
IQ:3,24,11,-159,23
IQ:4,32,11,35,153
IQ:5,40,11,152,-54
IQ:6,48,11,-51,-146
IQ:7,56,11,-138,65
IQ:8,72,12,127,-57
IQ:9,80,255,-72,-118
IQ:10,88,1,-101,61
IQ:11,96,255,68,92
IQ:12,104,2,51,-72
IQ:13,112,255,-103,-26
IQ:14,120,10,-30,161
IQ:15,128,255,158,47
IQ:16,136,3,58,-126
IQ:17,144,255,-114,-34
IQ:18,152,9,13,106
IQ:19,160,255,128,-33
IQ:20,168,4,8,-148
IQ:21,176,255,-126,9
IQ:22,184,8,44,110
IQ:23,192,255,96,-61
IQ:24,200,7,-95,-93
IQ:25,208,255,-98,106
IQ:26,216,6,87,101
IQ:27,224,255,89,-109
IQ:28,232,5,-125,-101
IQ:29,240,255,-80,131
IQ:30,248,12,122,70
IQ:31,256,255,62,-119
IQ:32,264,1,-111,-44
IQ:33,272,255,-29,113
IQ:34,280,2,93,6
IQ:35,288,255,-32,-102
SW:2
RR:3
SS:3
FR:2402
ME:359
MA:353
KE:359
KA:356
DF_END

Data arrived...
DF_BEGIN
IQ:0,0,11,-17,-153
IQ:1,8,11,-151,23
IQ:2,16,11,46,141
IQ:3,24,11,139,-63
IQ:4,32,11,-71,-138
IQ:5,40,11,-127,73
IQ:6,48,11,99,108
IQ:7,56,11,101,-116
IQ:8,72,12,-82,89
IQ:9,80,255,91,76
IQ:10,88,1,58,-99
IQ:11,96,255,-108,-36
IQ:12,104,2,-13,139
IQ:13,112,255,142,20
IQ:14,120,10,32,-181
IQ:15,128,255,-156,-39
IQ:16,136,3,10,100
IQ:17,144,255,82,-46
IQ:18,152,9,-108,-97
IQ:19,160,255,-131,80
IQ:20,168,4,26,94
IQ:21,176,255,78,-48
IQ:22,184,8,-89,-59
IQ:23,192,255,-55,105
IQ:24,200,7,143,79
IQ:25,208,255,87,-134
IQ:26,216,6,-105,-57
IQ:27,224,255,-64,107
IQ:28,232,5,93,54
IQ:29,240,255,23,-98
IQ:30,248,12,-120,-20
IQ:31,256,255,-3,115
IQ:32,264,1,114,-32
IQ:33,272,255,-45,-114
IQ:34,280,2,-127,50
IQ:35,288,255,70,113
SW:2
RR:3
SS:3
FR:2480
ME:359
MA:353
KE:359
KA:355
DF_END

Data arrived...
DF_BEGIN
IQ:0,0,11,-172,25
IQ:1,8,11,54,157
IQ:2,16,11,155,-84
IQ:3,24,11,-84,-160
IQ:4,32,11,-146,101
IQ:5,40,11,114,130
IQ:6,48,11,121,-127
IQ:7,56,11,-137,-106
IQ:8,72,12,160,115
IQ:9,80,255,111,-150
IQ:10,88,1,-131,-55
IQ:11,96,255,-39,116
IQ:12,104,2,110,-57
IQ:13,112,255,-74,-154
IQ:14,120,10,-176,59
IQ:15,128,255,29,194
IQ:16,136,3,76,11
IQ:17,144,255,-59,-77
IQ:18,152,9,-102,88
IQ:19,160,255,90,129
IQ:20,168,4,81,-23
IQ:21,176,255,-77,-77
IQ:22,184,8,-68,107
IQ:23,192,255,119,39
IQ:24,200,7,12,-199
IQ:25,208,255,-215,-40
IQ:26,216,6,-71,170
IQ:27,224,255,189,66
IQ:28,232,5,112,-141
IQ:29,240,255,-145,-46
IQ:30,248,12,-10,201
IQ:31,256,255,184,7
IQ:32,264,1,-18,-130
IQ:33,272,255,-118,42
IQ:34,280,2,112,59
IQ:35,288,255,83,-142
SW:2
RR:3
SS:3
FR:2426
ME:2
MA:5
KE:359
KA:356
DF_END

Data arrived...
DF_BEGIN
IQ:0,0,11,173,-13
IQ:1,8,11,-35,-174
IQ:2,16,11,-165,39
IQ:3,24,11,46,162
IQ:4,32,11,159,-73
IQ:5,40,11,-83,-155
IQ:6,48,11,-138,96
IQ:7,56,11,117,124
IQ:8,72,12,-133,-148
IQ:9,80,255,-132,112
IQ:10,88,1,110,82
IQ:11,96,255,43,-111
IQ:12,104,2,-115,41
IQ:13,112,255,37,162
IQ:14,120,10,183,-15
IQ:15,128,255,1,-188
IQ:16,136,3,-72,-16
IQ:17,144,255,40,78
IQ:18,152,9,118,-67
IQ:19,160,255,-59,-143
IQ:20,168,4,-93,9
IQ:21,176,255,71,81
IQ:22,184,8,79,-81
IQ:23,192,255,-111,-66
IQ:24,200,7,-47,185
IQ:25,208,255,206,56
IQ:26,216,6,89,-156
IQ:27,224,255,-171,-89
IQ:28,232,5,-141,119
IQ:29,240,255,115,82
IQ:30,248,12,43,-193
IQ:31,256,255,-177,-46
IQ:32,264,1,-8,130
IQ:33,272,255,116,-11
IQ:34,280,2,-101,-76
IQ:35,288,255,-110,126
SW:2
RR:3
SS:3
FR:2426
ME:2
MA:5
KE:0
KA:357
DF_END

Data arrived...
DF_BEGIN
IQ:0,0,11,78,-142
IQ:1,8,11,-143,-58
IQ:2,16,11,-36,152
IQ:3,24,11,155,25
IQ:4,32,11,16,-160
IQ:5,40,11,-160,3
IQ:6,48,11,-2,156
IQ:7,56,11,151,-23
IQ:8,72,12,-144,18
IQ:9,80,255,21,132
IQ:10,88,1,116,-35
IQ:11,96,255,-43,-106
IQ:12,104,2,-75,56
IQ:13,112,255,84,51
IQ:14,120,10,51,-155
IQ:15,128,255,-153,-78
IQ:16,136,3,-92,103
IQ:17,144,255,107,57
IQ:18,152,9,11,-106
IQ:19,160,255,-136,-12
IQ:20,168,4,-52,141
IQ:21,176,255,122,25
IQ:22,184,8,-5,-123
IQ:23,192,255,-119,18
IQ:24,200,7,51,114
IQ:25,208,255,117,-76
IQ:26,216,6,-64,-128
IQ:27,224,255,-113,87
IQ:28,232,5,94,130
IQ:29,240,255,123,-92
IQ:30,248,12,-90,-113
IQ:31,256,255,-91,90
IQ:32,264,1,100,65
IQ:33,272,255,56,-102
IQ:34,280,2,-91,-32
IQ:35,288,255,-5,107
SW:2
RR:3
SS:3
FR:2402
ME:359
MA:353
KE:0
KA:357
DF_END

Data arrived...
DF_BEGIN
IQ:0,0,11,-157,-20
IQ:1,8,11,-5,158
IQ:2,16,11,153,-12
IQ:3,24,11,-35,-147
IQ:4,32,11,-145,50
IQ:5,40,11,68,137
IQ:6,48,11,124,-87
IQ:7,56,11,-97,-123
IQ:8,72,12,72,93
IQ:9,80,255,82,-82
IQ:10,88,1,-92,-77
IQ:11,96,255,-58,100
IQ:12,104,2,134,45
IQ:13,112,255,35,-144
IQ:14,120,10,-180,-73
IQ:15,128,255,-76,133
IQ:16,136,3,96,3
IQ:17,144,255,-24,-96
IQ:18,152,9,-114,82
IQ:19,160,255,79,141
IQ:20,168,4,103,-11
IQ:21,176,255,-41,-87
IQ:22,184,8,-68,82
IQ:23,192,255,105,70
IQ:24,200,7,106,-122
IQ:25,208,255,-106,-105
IQ:26,216,6,-72,90
IQ:27,224,255,95,87
IQ:28,232,5,72,-87
IQ:29,240,255,-98,-47
IQ:30,248,12,-39,116
IQ:31,256,255,115,30
IQ:32,264,1,9,-119
IQ:33,272,255,-113,18
IQ:34,280,2,36,134
IQ:35,288,255,129,-52
SW:2
RR:3
SS:3
FR:2480
ME:2
MA:5
KE:0
KA:358
DF_END

Data arrived...
DF_BEGIN
IQ:0,0,11,-148,-50
IQ:1,8,11,-34,145
IQ:2,16,11,148,23
IQ:3,24,11,-7,-161
IQ:4,32,11,-151,17
IQ:5,40,11,36,148
IQ:6,48,11,146,-57
IQ:7,56,11,-58,-147
IQ:8,72,12,55,108
IQ:9,80,255,100,-68
IQ:10,88,1,-75,-88
IQ:11,96,255,-76,84
IQ:12,104,2,115,79
IQ:13,112,255,72,-127
IQ:14,120,10,-160,-105
IQ:15,128,255,-98,121
IQ:16,136,3,96,20
IQ:17,144,255,-7,-93
IQ:18,152,9,-135,57
IQ:19,160,255,32,154
IQ:20,168,4,105,1
IQ:21,176,255,-17,-99
IQ:22,184,8,-86,60
IQ:23,192,255,81,90
IQ:24,200,7,125,-97
IQ:25,208,255,-85,-122
IQ:26,216,6,-83,76
IQ:27,224,255,88,95
IQ:28,232,5,88,-63
IQ:29,240,255,-87,-57
IQ:30,248,12,-66,104
IQ:31,256,255,102,58
IQ:32,264,1,26,-112
IQ:33,272,255,-116,-7
IQ:34,280,2,2,139
IQ:35,288,255,134,-17
SW:2
RR:3
SS:3
FR:2480
ME:359
MA:353
KE:0
KA:357
DF_END

Data arrived...
DF_BEGIN
IQ:0,0,11,147,-57
IQ:1,8,11,-66,-145
IQ:2,16,11,-141,75
IQ:3,24,11,82,135
IQ:4,32,11,130,-94
IQ:5,40,11,-107,-111
IQ:6,48,11,-106,122
IQ:7,56,11,124,93
IQ:8,72,12,-112,-88
IQ:9,80,255,-73,110
IQ:10,88,1,100,56
IQ:11,96,255,43,-106
IQ:12,104,2,-93,-21
IQ:13,112,255,15,92
IQ:14,120,10,140,-67
IQ:15,128,255,-45,-160
IQ:16,136,3,-142,-4
IQ:17,144,255,22,111
IQ:18,152,9,86,-59
IQ:19,160,255,-84,-107
IQ:20,168,4,-138,59
IQ:21,176,255,65,107
IQ:22,184,8,73,-89
IQ:23,192,255,-101,-60
IQ:24,200,7,-39,127
IQ:25,208,255,129,50
IQ:26,216,6,52,-124
IQ:27,224,255,-140,-30
IQ:28,232,5,-28,154
IQ:29,240,255,154,26
IQ:30,248,12,25,-138
IQ:31,256,255,-130,-5
IQ:32,264,1,11,118
IQ:33,272,255,112,-25
IQ:34,280,2,-36,-86
IQ:35,288,255,-80,72
SW:2
RR:3
SS:3
FR:2402
ME:359
MA:353
KE:0
KA:357
DF_END