DF_END

Data arrived...
DF_BEGIN
IQ:0,0,11,31,144
IQ:1,8,11,136,-51
IQ:2,16,11,-53,-142
IQ:3,24,11,-126,71
IQ:4,32,11,83,113
IQ:5,40,11,111,-101
IQ:6,48,11,-108,-104
IQ:7,56,11,-84,120
IQ:8,72,12,64,-86
IQ:9,80,255,-95,-61
IQ:10,88,1,-55,95
IQ:11,96,255,101,25
IQ:12,104,2,4,-137
IQ:13,112,255,-147,-12
IQ:14,120,10,-26,171
IQ:15,128,255,147,24
IQ:16,136,3,-12,-98
IQ:17,144,255,-81,37
IQ:18,152,9,109,80
IQ:19,160,255,116,-96
IQ:20,168,4,-33,-87
IQ:21,176,255,-83,50
IQ:22,184,8,74,54
IQ:23,192,255,45,-101
IQ:24,200,7,-135,-72
IQ:25,208,255,-80,124
IQ:26,216,6,93,54
IQ:27,224,255,57,-102
IQ:28,232,5,-92,-54
IQ:29,240,255,-21,91
IQ:30,248,12,109,14
IQ:31,256,255,5,-112
IQ:32,264,1,-109,13
IQ:33,272,255,27,100
IQ:34,280,2,122,-58
IQ:35,288,255,-68,-114
SW:2
RR:3
SS:3
FR:2480
ME:359
MA:353
KE:359
KA:355
DF_END

Data arrived...
DF_BEGIN
IQ:0,0,11,69,-164
IQ:1,8,11,-158,-35
IQ:2,16,11,6,170
IQ:3,24,11,188,-11
IQ:4,32,11,-5,-175
IQ:5,40,11,-197,16
IQ:6,48,11,36,169
IQ:7,56,11,176,-68
IQ:8,72,12,-191,74
IQ:9,80,255,62,166
IQ:10,88,1,110,-61
IQ:11,96,255,-96,-92
IQ:12,104,2,3,125
IQ:13,112,255,149,21
IQ:14,120,10,57,-186
IQ:15,128,255,-186,-71
IQ:16,136,3,-21,76
IQ:17,144,255,118,0
IQ:18,152,9,-13,-135
IQ:19,160,255,-148,22
IQ:20,168,4,-13,97
IQ:21,176,255,120,-11
IQ:22,184,8,-40,-130
IQ:23,192,255,-118,59
IQ:24,200,7,166,104
IQ:25,208,255,140,-170
IQ:26,216,6,-100,-141
IQ:27,224,255,-168,114
IQ:28,232,5,40,182
IQ:29,240,255,108,-95
IQ:30,248,12,-160,-93
IQ:31,256,255,-114,139
IQ:32,264,1,99,56
IQ:33,272,255,34,-118
IQ:34,280,2,-108,57
IQ:35,288,255,50,141
SW:2
RR:3
SS:3
FR:2426
ME:359
MA:5
KE:359
KA:356
DF_END

Data arrived...
DF_BEGIN
IQ:0,0,11,-162,-47
IQ:1,8,11,-29,172
IQ:2,16,11,175,19
IQ:3,24,11,7,-173
IQ:4,32,11,-174,21
IQ:5,40,11,41,170
IQ:6,48,11,159,-60
IQ:7,56,11,-68,-175
IQ:8,72,12,87,173
IQ:9,80,255,168,-80
IQ:10,88,1,-68,-104
IQ:11,96,255,-78,81
IQ:12,104,2,130,7
IQ:13,112,255,18,-166
IQ:14,120,10,-180,-54
IQ:15,128,255,-75,172
IQ:16,136,3,67,28
IQ:17,144,255,-5,-96
IQ:18,152,9,-134,26
IQ:19,160,255,21,158
IQ:20,168,4,90,22
IQ:21,176,255,-27,-105
IQ:22,184,8,-112,39
IQ:23,192,255,71,102
IQ:24,200,7,125,-153
IQ:25,208,255,-157,-150
IQ:26,216,6,-146,108
IQ:27,224,255,119,165
IQ:28,232,5,167,-57
IQ:29,240,255,-83,-119
IQ:30,248,12,-114,156
IQ:31,256,255,146,102
IQ:32,264,1,49,-114
IQ:33,272,255,-111,-29
IQ:34,280,2,52,109
IQ:35,288,255,152,-68
SW:2
RR:3
SS:3
FR:2426
ME:2
MA:5
KE:359
KA:357
DF_END

Data arrived...
DF_BEGIN
IQ:0,0,11,-123,171
IQ:1,8,11,182,102
IQ:2,16,11,106,-193
IQ:3,24,11,-194,-78
IQ:4,32,11,-59,208
IQ:5,40,11,213,42
IQ:6,48,11,34,-209
IQ:7,56,11,-210,-9
IQ:8,72,12,199,24
IQ:9,80,255,4,-179
IQ:10,88,1,-168,19
IQ:11,96,255,33,161
IQ:12,104,2,109,-49
IQ:13,112,255,-103,-89
IQ:14,120,10,-111,181
IQ:15,128,255,171,139
IQ:16,136,3,146,-111
IQ:17,144,255,-113,-113
IQ:18,152,9,-64,129
IQ:19,160,255,174,53
IQ:20,168,4,105,-168
IQ:21,176,255,-149,-75
IQ:22,184,8,-24,157
IQ:23,192,255,155,-15
IQ:24,200,7,-66,-157
IQ:25,208,255,-176,72
IQ:26,216,6,47,187
IQ:27,224,255,176,-64
IQ:28,232,5,-95,-194
IQ:29,240,255,-202,89
IQ:30,248,12,63,183
IQ:31,256,255,150,-93
IQ:32,264,1,-108,-126
IQ:33,272,255,-112,114
IQ:34,280,2,96,71
IQ:35,288,255,30,-136
SW:2
RR:3
SS:3
FR:2402
ME:359
MA:353
KE:359
KA:356
DF_END

Data arrived...
DF_BEGIN
IQ:0,0,11,-155,-130
IQ:1,8,11,-117,156
IQ:2,16,11,181,89
IQ:3,24,11,81,-177
IQ:4,32,11,-188,-57
IQ:5,40,11,-45,187
IQ:6,48,11,195,21
IQ:7,56,11,17,-200
IQ:8,72,12,-9,147
IQ:9,80,255,144,-11
IQ:10,88,1,-33,-142
IQ:11,96,255,-140,41
IQ:12,104,2,84,152
IQ:13,112,255,151,-113
IQ:14,120,10,-111,-218
IQ:15,128,255,-182,87
IQ:16,136,3,89,85
IQ:17,144,255,46,-107
IQ:18,152,9,-190,6
IQ:19,160,255,-37,199
IQ:20,168,4,106,81
IQ:21,176,255,43,-116
IQ:22,184,8,-132,13
IQ:23,192,255,27,155
IQ:24,200,7,203,-28
IQ:25,208,255,-10,-190
IQ:26,216,6,-141,21
IQ:27,224,255,38,154
IQ:28,232,5,132,-19
IQ:29,240,255,-58,-116
IQ:30,248,12,-128,79
IQ:31,256,255,87,117
IQ:32,264,1,93,-106
IQ:33,272,255,-120,-87
IQ:34,280,2,-107,156
IQ:35,288,255,160,69
SW:2
RR:3
SS:3
FR:2480
ME:359
MA:353
KE:359
KA:356
DF_END

Data arrived...
DF_BEGIN
IQ:0,0,11,130,-118
IQ:1,8,11,-134,-123
IQ:2,16,11,-108,140
IQ:3,24,11,147,84
IQ:4,32,11,76,-167
IQ:5,40,11,-168,-70
IQ:6,48,11,-37,165
IQ:7,56,11,176,26
IQ:8,72,12,-193,-26
IQ:9,80,255,-24,174
IQ:10,88,1,120,-4
IQ:11,96,255,-11,-110
IQ:12,104,2,-80,95
IQ:13,112,255,124,113
IQ:14,120,10,142,-117
IQ:15,128,255,-96,-172
IQ:16,136,3,-63,34
IQ:17,144,255,78,48
IQ:18,152,9,63,-127
IQ:19,160,255,-134,-79
IQ:20,168,4,-63,63
IQ:21,176,255,98,28
IQ:22,184,8,22,-121
IQ:23,192,255,-125,10
IQ:24,200,7,78,181
IQ:25,208,255,216,-55
IQ:26,216,6,4,-185
IQ:27,224,255,-201,6
IQ:28,232,5,-45,171
IQ:29,240,255,137,-3
IQ:30,248,12,-66,-183
IQ:31,256,255,-173,62
IQ:32,264,1,57,107
IQ:33,272,255,86,-73
IQ:34,280,2,-120,-27
IQ:35,288,255,-33,158
SW:2
RR:3
SS:3
FR:2426
ME:2
MA:5
KE:359
KA:357
DF_END

Data arrived...
DF_BEGIN
IQ:0,0,11,143,155
IQ:1,8,11,142,-164
IQ:2,16,11,-170,-132
IQ:3,24,11,-112,174
IQ:4,32,11,183,108
IQ:5,40,11,86,-194
IQ:6,48,11,-205,-54
IQ:7,56,11,-38,213
IQ:8,72,12,53,-185
IQ:9,80,255,-182,-36
IQ:10,88,1,-9,166
IQ:11,96,255,161,8
IQ:12,104,2,-25,-119
IQ:13,112,255,-110,78
IQ:14,120,10,145,146
IQ:15,128,255,159,-152
IQ:16,136,3,-76,-170
IQ:17,144,255,-135,84
IQ:18,152,9,119,80
IQ:19,160,255,99,-150
IQ:20,168,4,-144,-140
IQ:21,176,255,-110,125
IQ:22,184,8,148,53
IQ:23,192,255,24,-160
IQ:24,200,7,-171,8
IQ:25,208,255,7,191
IQ:26,216,6,185,4
IQ:27,224,255,-39,-183
IQ:28,232,5,-218,29
IQ:29,240,255,43,206
IQ:30,248,12,192,-47
IQ:31,256,255,-53,-175
IQ:32,264,1,-153,62
IQ:33,272,255,76,142
IQ:34,280,2,86,-81
IQ:35,288,255,-126,-63
SW:2
RR:3
SS:3
FR:2402
ME:359
MA:353
KE:359
KA:357
DF_END

Data arrived...
DF_BEGIN
IQ:0,0,11,159,-81
IQ:1,8,11,-93,-152
IQ:2,16,11,-143,111
IQ:3,24,11,118,140
IQ:4,32,11,123,-127
IQ:5,40,11,-151,-104
IQ:6,48,11,-105,150
IQ:7,56,11,160,78
IQ:8,72,12,-172,-99
IQ:9,80,255,-88,165
IQ:10,88,1,121,28
IQ:11,96,255,8,-120
IQ:12,104,2,-108,70
IQ:13,112,255,87,137
IQ:14,120,10,169,-87
IQ:15,128,255,-66,-186
IQ:16,136,3,-78,17
IQ:17,144,255,71,68
IQ:18,152,9,93,-117
IQ:19,160,255,-108,-119
IQ:20,168,4,-90,39
IQ:21,176,255,89,68
IQ:22,184,8,67,-103
IQ:23,192,255,-126,-34
IQ:24,200,7,1,198
IQ:25,208,255,222,20
IQ:26,216,6,49,-178
IQ:27,224,255,-197,-45
IQ:28,232,5,-91,155
IQ:29,240,255,131,30
IQ:30,248,12,-28,-199
IQ:31,256,255,-185,14
IQ:32,264,1,28,126
IQ:33,272,255,112,-43
IQ:34,280,2,-111,-66
IQ:35,288,255,-80,142
SW:2
RR:3
SS:3
FR:2426
ME:2
MA:5
KE:0
KA:358
DF_END

Data arrived...
DF_BEGIN
IQ:0,0,11,81,-168
IQ:1,8,11,-173,-65
IQ:2,16,11,-41,181
IQ:3,24,11,171,28
IQ:4,32,11,12,-182
IQ:5,40,11,-180,17
IQ:6,48,11,24,176
IQ:7,56,11,170,-34
IQ:8,72,12,-185,62
IQ:9,80,255,48,185
IQ:10,88,1,119,-47
IQ:11,96,255,-61,-102
IQ:12,104,2,-52,121
IQ:13,112,255,155,44
IQ:14,120,10,84,-184
IQ:15,128,255,-174,-99
IQ:16,136,3,-42,70
IQ:17,144,255,107,15
IQ:18,152,9,-7,-145
IQ:19,160,255,-166,-25
IQ:20,168,4,-44,85
IQ:21,176,255,112,-5
IQ:22,184,8,-26,-122
IQ:23,192,255,-123,48
IQ:24,200,7,135,151
IQ:25,208,255,173,-141
IQ:26,216,6,-79,-170
IQ:27,224,255,-193,87
IQ:28,232,5,24,178
IQ:29,240,255,128,-56
IQ:30,248,12,-150,-141
IQ:31,256,255,-127,128
IQ:32,264,1,98,81
IQ:33,272,255,48,-114
IQ:34,280,2,-130,16
IQ:35,288,255,30,163
SW:2
RR:3
SS:3
FR:2426
ME:2
MA:5
KE:0
KA:358
DF_END

Data arrived...
DF_BEGIN
IQ:0,0,11,128,149
IQ:1,8,11,154,-130
IQ:2,16,11,-139,-144
IQ:3,24,11,-118,162
IQ:4,32,11,181,104
IQ:5,40,11,81,-176
IQ:6,48,11,-186,-58
IQ:7,56,11,-31,187
IQ:8,72,12,38,-142
IQ:9,80,255,-146,-16
IQ:10,88,1,-17,146
IQ:11,96,255,140,-15
IQ:12,104,2,-63,-182
IQ:13,112,255,-185,66
IQ:14,120,10,61,225
IQ:15,128,255,204,-42
IQ:16,136,3,-75,-113
IQ:17,144,255,-75,92
IQ:18,152,9,183,27
IQ:19,160,255,77,-186
IQ:20,168,4,-92,-95
IQ:21,176,255,-61,110
IQ:22,184,8,133,21
IQ:23,192,255,7,-158
IQ:24,200,7,-202,-35
IQ:25,208,255,-38,184
IQ:26,216,6,146,18
IQ:27,224,255,-2,-156
IQ:28,232,5,-133,-15
IQ:29,240,255,9,132
IQ:30,248,12,147,-39
IQ:31,256,255,-52,-138
IQ:32,264,1,-116,81
IQ:33,272,255,102,116
IQ:34,280,2,126,-142
IQ:35,288,255,-141,-117
SW:2
RR:3
SS:3
FR:2480
ME:2
MA:5
KE:0
KA:359
DF_END

Data arrived...
DF_BEGIN
IQ:0,0,11,140,-124
IQ:1,8,11,-133,-117
IQ:2,16,11,-118,146
IQ:3,24,11,153,98
IQ:4,32,11,72,-161
IQ:5,40,11,-176,-55
IQ:6,48,11,-34,178
IQ:7,56,11,172,13
IQ:8,72,12,-204,-22
IQ:9,80,255,-21,184
IQ:10,88,1,130,-5
IQ:11,96,255,-34,-120
IQ:12,104,2,-87,101
IQ:13,112,255,126,104
IQ:14,120,10,144,-136
IQ:15,128,255,-109,-166
IQ:16,136,3,-70,44
IQ:17,144,255,92,43
IQ:18,152,9,54,-140
IQ:19,160,255,-137,-81
IQ:20,168,4,-69,75
IQ:21,176,255,104,38
IQ:22,184,8,30,-117
IQ:23,192,255,-128,7
IQ:24,200,7,75,195
IQ:25,208,255,214,-60
IQ:26,216,6,-14,-186
IQ:27,224,255,-212,0
IQ:28,232,5,-44,175
IQ:29,240,255,135,-15
IQ:30,248,12,-88,-176
IQ:31,256,255,-173,68
IQ:32,264,1,64,109
IQ:33,272,255,90,-88
IQ:34,280,2,-132,-21
IQ:35,288,255,-18,162
SW:2
RR:3
SS:3
FR:2426
ME:2
MA:5
KE:0
KA:0
DF_END

Data arrived...
DF_BEGIN
IQ:0,0,11,-152,111
IQ:1,8,11,107,135
IQ:2,16,11,120,-135
IQ:3,24,11,-139,-116
IQ:4,32,11,-87,153
IQ:5,40,11,165,75
IQ:6,48,11,60,-176
IQ:7,56,11,-177,-49
IQ:8,72,12,193,42
IQ:9,80,255,47,-178
IQ:10,88,1,-120,-13
IQ:11,96,255,11,123
IQ:12,104,2,87,-88
IQ:13,112,255,-116,-113
IQ:14,120,10,-140,129
IQ:15,128,255,104,164
IQ:16,136,3,74,-31
IQ:17,144,255,-85,-60
IQ:18,152,9,-66,128
IQ:19,160,255,134,92
IQ:20,168,4,74,-66
IQ:21,176,255,-107,-41
IQ:22,184,8,-38,121
IQ:23,192,255,132,14
IQ:24,200,7,-40,-190
IQ:25,208,255,-217,51
IQ:26,216,6,-2,192
IQ:27,224,255,207,1
IQ:28,232,5,59,-177
IQ:29,240,255,-148,-2
IQ:30,248,12,73,194
IQ:31,256,255,186,-55
IQ:32,264,1,-58,-112
IQ:33,272,255,-98,68
IQ:34,280,2,125,28
IQ:35,288,255,49,-166
SW:2
RR:3
SS:3
FR:2426
ME:2
MA:5
KE:0
KA:0
DF_END

Data arrived...
DF_BEGIN
IQ:0,0,11,-110,179
IQ:1,8,11,194,95
IQ:2,16,11,94,-186
IQ:3,24,11,-201,-68
IQ:4,32,11,-41,201
IQ:5,40,11,216,25
IQ:6,48,11,12,-212
IQ:7,56,11,-205,23
IQ:8,72,12,196,-1
IQ:9,80,255,-20,-177
IQ:10,88,1,-166,30
IQ:11,96,255,28,163
IQ:12,104,2,99,-54
IQ:13,112,255,-102,-84
IQ:14,120,10,-112,171
IQ:15,128,255,179,128
IQ:16,136,3,140,-119
IQ:17,144,255,-117,-102
IQ:18,152,9,-46,128
IQ:19,160,255,170,41
IQ:20,168,4,91,-172
IQ:21,176,255,-162,-57
IQ:22,184,8,-13,154
IQ:23,192,255,152,-17
IQ:24,200,7,-49,-168
IQ:25,208,255,-175,64
IQ:26,216,6,45,179
IQ:27,224,255,176,-73
IQ:28,232,5,-80,-203
IQ:29,240,255,-186,91
IQ:30,248,12,99,171
IQ:31,256,255,150,-103
IQ:32,264,1,-116,-127
IQ:33,272,255,-117,111
IQ:34,280,2,98,61
IQ:35,288,255,20,-144
SW:2
RR:3
SS:3
FR:2402
ME:359
MA:353
KE:0
KA:0
DF_END

Data arrived...
DF_BEGIN
IQ:0,0,11,47,-197
IQ:1,8,11,-195,-45
IQ:2,16,11,-15,194
IQ:3,24,11,189,-8
IQ:4,32,11,-36,-197
IQ:5,40,11,-193,42
IQ:6,48,11,53,185
IQ:7,56,11,180,-86
IQ:8,72,12,-132,56
IQ:9,80,255,74,124
IQ:10,88,1,110,-94
IQ:11,96,255,-112,-99
IQ:12,104,2,-117,149
IQ:13,112,255,161,104
IQ:14,120,10,126,-206
IQ:15,128,255,-166,-123
IQ:16,136,3,-44,123
IQ:17,144,255,116,-4
IQ:18,152,9,-99,-161
IQ:19,160,255,-198,56
IQ:20,168,4,-11,135
IQ:21,176,255,129,-24
IQ:22,184,8,-77,-115
IQ:23,192,255,-131,93
IQ:24,200,7,103,173
IQ:25,208,255,168,-104
IQ:26,216,6,-90,-124
IQ:27,224,255,-133,96
IQ:28,232,5,75,113
IQ:29,240,255,89,-98
IQ:30,248,12,-119,-81
IQ:31,256,255,-74,126
IQ:32,264,1,140,50
IQ:33,272,255,35,-146
IQ:34,280,2,-186,-18
IQ:35,288,255,4,183
SW:2
RR:3
SS:3
FR:2480
ME:359
MA:353
KE:0
KA:359
DF_END

Data arrived...
DF_BEGIN
IQ:0,0,11,45,-166
IQ:1,8,11,-178,-28
IQ:2,16,11,-23,173
IQ:3,24,11,168,-1
IQ:4,32,11,-9,-179
IQ:5,40,11,-176,31
IQ:6,48,11,44,168
IQ:7,56,11,167,-63
IQ:8,72,12,-177,66
IQ:9,80,255,67,164
IQ:10,88,1,103,-57
IQ:11,96,255,-71,-88
IQ:12,104,2,-18,122
IQ:13,112,255,156,29
IQ:14,120,10,54,-179
IQ:15,128,255,-173,-82
IQ:16,136,3,-40,63
IQ:17,144,255,87,2
IQ:18,152,9,-3,-140
IQ:19,160,255,-156,1
IQ:20,168,4,-26,91
IQ:21,176,255,111,-11
IQ:22,184,8,-34,-113
IQ:23,192,255,-110,60
IQ:24,200,7,133,138
IQ:25,208,255,157,-137
IQ:26,216,6,-86,-149
IQ:27,224,255,-171,116
IQ:28,232,5,57,169
IQ:29,240,255,118,-88
IQ:30,248,12,-158,-118
IQ:31,256,255,-116,140
IQ:32,264,1,96,73
IQ:33,272,255,37,-99
IQ:34,280,2,-116,44
IQ:35,288,255,53,150
SW:2
RR:3
SS:3
FR:2426
ME:2
MA:5
KE:0
KA:0
DF_END

Data arrived...
DF_BEGIN
IQ:0,0,11,-78,158
IQ:1,8,11,164,64
IQ:2,16,11,28,-170
IQ:3,24,11,-174,-1
IQ:4,32,11,-13,183
IQ:5,40,11,180,6
IQ:6,48,11,-21,-176
IQ:7,56,11,-166,40
IQ:8,72,12,182,-43
IQ:9,80,255,-48,-176
IQ:10,88,1,-112,44
IQ:11,96,255,67,84
IQ:12,104,2,29,-123
IQ:13,112,255,-159,-29
IQ:14,120,10,-74,176
IQ:15,128,255,167,117
IQ:16,136,3,49,-56
IQ:17,144,255,-92,-10
IQ:18,152,9,-4,140
IQ:19,160,255,162,23
IQ:20,168,4,36,-90
IQ:21,176,255,-109,3
IQ:22,184,8,15,116
IQ:23,192,255,107,-55
IQ:24,200,7,-130,-135
IQ:25,208,255,-172,140
IQ:26,216,6,83,159
IQ:27,224,255,176,-100
IQ:28,232,5,-35,-176
IQ:29,240,255,-130,68
IQ:30,248,12,141,140
IQ:31,256,255,124,-123
IQ:32,264,1,-97,-75
IQ:33,272,255,-49,99
IQ:34,280,2,125,-42
IQ:35,288,255,-39,-161
SW:2
RR:3
SS:3
FR:2426
ME:359
MA:353
KE:0
KA:359
DF_END

Data arrived...
DF_BEGIN
IQ:0,0,11,136,-161
IQ:1,8,11,-181,-120
IQ:2,16,11,-101,184
IQ:3,24,11,201,68
IQ:4,32,11,52,-205
IQ:5,40,11,-212,-30
IQ:6,48,11,-27,212
IQ:7,56,11,211,15
IQ:8,72,12,-203,-25
IQ:9,80,255,-9,175
IQ:10,88,1,161,-25
IQ:11,96,255,-34,-159
IQ:12,104,2,-116,40
IQ:13,112,255,94,90
IQ:14,120,10,118,-177
IQ:15,128,255,-165,-152
IQ:16,136,3,-150,110
IQ:17,144,255,104,112
IQ:18,152,9,60,-136
IQ:19,160,255,-173,-55
IQ:20,168,4,-120,161
IQ:21,176,255,137,77
IQ:22,184,8,13,-162
IQ:23,192,255,-156,8
IQ:24,200,7,48,168
IQ:25,208,255,180,-56
IQ:26,216,6,-33,-184
IQ:27,224,255,-189,56
IQ:28,232,5,59,205
IQ:29,240,255,197,-73
IQ:30,248,12,-67,-188
IQ:31,256,255,-163,76
IQ:32,264,1,92,132
IQ:33,272,255,126,-102
IQ:34,280,2,-97,-72
IQ:35,288,255,-43,132
SW:2
RR:3
SS:3
FR:2402
ME:359
MA:353
KE:0
KA:359
DF_END

Data arrived...
DF_BEGIN
IQ:0,0,11,-98,109
IQ:1,8,11,126,78
IQ:2,16,11,66,-135
IQ:3,24,11,-143,-45
IQ:4,32,11,-39,143
IQ:5,40,11,145,26
IQ:6,48,11,5,-154
IQ:7,56,11,-149,-2
IQ:8,72,12,112,-6
IQ:9,80,255,-17,-108
IQ:10,88,1,-109,27
IQ:11,96,255,41,97
IQ:12,104,2,120,-69
IQ:13,112,255,-78,-119
IQ:14,120,10,-143,106
IQ:15,128,255,80,130
IQ:16,136,3,58,-81
IQ:17,144,255,-77,-36
IQ:18,152,9,12,136
IQ:19,160,255,150,16
IQ:20,168,4,46,-92
IQ:21,176,255,-87,-21
IQ:22,184,8,17,99
IQ:23,192,255,112,-25
IQ:24,200,7,-20,-153
IQ:25,208,255,-144,13
IQ:26,216,6,10,110
IQ:27,224,255,119,-23
IQ:28,232,5,-18,-102
IQ:29,240,255,-96,39
IQ:30,248,12,55,99
IQ:31,256,255,88,-63
IQ:32,264,1,-84,-80
IQ:33,272,255,-74,86
IQ:34,280,2,116,71
IQ:35,288,255,47,-126
SW:2
RR:3
SS:3
FR:2480
ME:359
MA:353
KE:0
KA:358
DF_END

Data arrived...
DF_BEGIN
IQ:0,0,11,-13,-203
IQ:1,8,11,-194,45
IQ:2,16,11,55,190
IQ:3,24,11,175,-85
IQ:4,32,11,-93,-192
IQ:5,40,11,-178,88
IQ:6,48,11,120,154
IQ:7,56,11,143,-141
IQ:8,72,12,-109,98
IQ:9,80,255,118,79
IQ:10,88,1,78,-130
IQ:11,96,255,-139,-63
IQ:12,104,2,-42,180
IQ:13,112,255,186,18
IQ:14,120,10,35,-245
IQ:15,128,255,-198,-66
IQ:16,136,3,9,122
IQ:17,144,255,110,-54
IQ:18,152,9,-148,-123
IQ:19,160,255,-166,126
IQ:20,168,4,31,123
IQ:21,176,255,115,-63
IQ:22,184,8,-103,-101
IQ:23,192,255,-83,127
IQ:24,200,7,168,119
IQ:25,208,255,124,-156
IQ:26,216,6,-124,-98
IQ:27,224,255,-93,134
IQ:28,232,5,112,82
IQ:29,240,255,50,-133
IQ:30,248,12,-145,-42
IQ:31,256,255,-22,135
IQ:32,264,1,144,-11
IQ:33,272,255,-25,-159
IQ:34,280,2,-182,43
IQ:35,288,255,78,165
SW:2
RR:3
SS:3
FR:2480
ME:359
MA:353
KE:0
KA:357
DF_END

Data arrived...
DF_BEGIN
IQ:0,0,11,78,163
IQ:1,8,11,161,-85
IQ:2,16,11,-95,-151
IQ:3,24,11,-134,116
IQ:4,32,11,126,120
IQ:5,40,11,86,-158
IQ:6,48,11,-155,-83
IQ:7,56,11,-78,176
IQ:8,72,12,70,-185
IQ:9,80,255,-175,-67
IQ:10,88,1,-41,124
IQ:11,96,255,117,11
IQ:12,104,2,-76,-98
IQ:13,112,255,-138,104
IQ:14,120,10,94,170
IQ:15,128,255,190,-71
IQ:16,136,3,-22,-76
IQ:17,144,255,-68,73
IQ:18,152,9,108,80
IQ:19,160,255,121,-112
IQ:20,168,4,-42,-88
IQ:21,176,255,-65,91
IQ:22,184,8,104,61
IQ:23,192,255,28,-127
IQ:24,200,7,-201,11
IQ:25,208,255,-4,213
IQ:26,216,6,184,29
IQ:27,224,255,37,-204
IQ:28,232,5,-169,-81
IQ:29,240,255,-37,150
IQ:30,248,12,199,-21
IQ:31,256,255,-19,-190
IQ:32,264,1,-126,26
IQ:33,272,255,53,102
IQ:34,280,2,49,-119
IQ:35,288,255,-151,-69
SW:2
RR:3
SS:3
FR:2426
ME:2
MA:5
KE:0
KA:358
DF_END

Data arrived...
DF_BEGIN
IQ:0,0,11,130,170
IQ:1,8,11,159,-138
IQ:2,16,11,-150,-156
IQ:3,24,11,-136,162
IQ:4,32,11,171,127
IQ:5,40,11,118,-180
IQ:6,48,11,-182,-104
IQ:7,56,11,-76,199
IQ:8,72,12,78,-180
IQ:9,80,255,-168,-53
IQ:10,88,1,-29,161
IQ:11,96,255,166,21
IQ:12,104,2,-9,-119
IQ:13,112,255,-116,58
IQ:14,120,10,121,168
IQ:15,128,255,198,-111
IQ:16,136,3,-39,-181
IQ:17,144,255,-143,54
IQ:18,152,9,103,91
IQ:19,160,255,112,-143
IQ:20,168,4,-119,-167
IQ:21,176,255,-122,115
IQ:22,184,8,144,66
IQ:23,192,255,45,-154
IQ:24,200,7,-168,-10
IQ:25,208,255,-4,187
IQ:26,216,6,185,27
IQ:27,224,255,-4,-194
IQ:28,232,5,-213,3
IQ:29,240,255,24,211
IQ:30,248,12,194,-27
IQ:31,256,255,-20,-186
IQ:32,264,1,-155,39
IQ:33,272,255,63,151
IQ:34,280,2,98,-72
IQ:35,288,255,-114,-80
SW:2
RR:3
SS:3
FR:2402
ME:359
MA:353
KE:0
KA:357
DF_END

Data arrived...