KE:359
KA:355
DF_END

Data arrived...
DF_BEGIN
IQ:0,0,11,77,-140
IQ:1,8,11,-152,-60
IQ:2,16,11,-56,163
IQ:3,24,11,159,44
IQ:4,32,11,26,-154
IQ:5,40,11,-168,-11
IQ:6,48,11,1,156
IQ:7,56,11,162,-15
IQ:8,72,12,-169,25
IQ:9,80,255,33,156
IQ:10,88,1,119,-50
IQ:11,96,255,-58,-101
IQ:12,104,2,-25,122
IQ:13,112,255,151,51
IQ:14,120,10,71,-158
IQ:15,128,255,-152,-98
IQ:16,136,3,-54,67
IQ:17,144,255,94,22
IQ:18,152,9,8,-127
IQ:19,160,255,-139,-18
IQ:20,168,4,-34,89
IQ:21,176,255,102,-5
IQ:22,184,8,-6,-108
IQ:23,192,255,-102,44
IQ:24,200,7,128,128
IQ:25,208,255,156,-134
IQ:26,216,6,-80,-152
IQ:27,224,255,-174,79
IQ:28,232,5,18,178
IQ:29,240,255,131,-51
IQ:30,248,12,-112,-137
IQ:31,256,255,-118,115
IQ:32,264,1,104,75
IQ:33,272,255,56,-96
IQ:34,280,2,-121,35
IQ:35,288,255,46,149
SW:2
RR:3
SS:3
FR:2426
ME:359
MA:5
KE:359
KA:356
DF_END

Data arrived...
DF_BEGIN
IQ:0,0,11,-18,-207
IQ:1,8,11,-216,39
IQ:2,16,11,39,205
IQ:3,24,11,190,-64
IQ:4,32,11,-84,-187
IQ:5,40,11,-172,116
IQ:6,48,11,115,184
IQ:7,56,11,162,-119
IQ:8,72,12,-151,111
IQ:9,80,255,120,129
IQ:10,88,1,102,-110
IQ:11,96,255,-124,-76
IQ:12,104,2,-48,107
IQ:13,112,255,133,1
IQ:14,120,10,-19,-208
IQ:15,128,255,-216,-2
IQ:16,136,3,-32,179
IQ:17,144,255,140,8
IQ:18,152,9,-58,-131
IQ:19,160,255,-160,73
IQ:20,168,4,21,183
IQ:21,176,255,148,-51
IQ:22,184,8,-96,-119
IQ:23,192,255,-110,111
IQ:24,200,7,156,80
IQ:25,208,255,88,-164
IQ:26,216,6,-154,-92
IQ:27,224,255,-79,178
IQ:28,232,5,182,98
IQ:29,240,255,68,-181
IQ:30,248,12,-188,-59
IQ:31,256,255,-59,167
IQ:32,264,1,147,33
IQ:33,272,255,-5,-149
IQ:34,280,2,-118,26
IQ:35,288,255,75,121
SW:2
RR:3
SS:3
FR:2402
ME:359
MA:353
KE:359
KA:356
DF_END

Data arrived...
DF_BEGIN
IQ:0,0,11,-93,-167
IQ:1,8,11,-162,88
IQ:2,16,11,122,137
IQ:3,24,11,126,-130
IQ:4,32,11,-143,-112
IQ:5,40,11,-100,158
IQ:6,48,11,169,71
IQ:7,56,11,61,-183
IQ:8,72,12,-54,125
IQ:9,80,255,135,33
IQ:10,88,1,30,-138
IQ:11,96,255,-141,-7
IQ:12,104,2,37,171
IQ:13,112,255,177,-52
IQ:14,120,10,-39,-227
IQ:15,128,255,-188,27
IQ:16,136,3,62,98
IQ:17,144,255,71,-77
IQ:18,152,9,-170,-43
IQ:19,160,255,-89,166
IQ:20,168,4,80,93
IQ:21,176,255,67,-91
IQ:22,184,8,-120,2
IQ:23,192,255,6,147
IQ:24,200,7,194,51
IQ:25,208,255,62,-175
IQ:26,216,6,-132,-18
IQ:27,224,255,-10,145
IQ:28,232,5,125,4
IQ:29,240,255,-20,-130
IQ:30,248,12,-142,28
IQ:31,256,255,39,133
IQ:32,264,1,124,-57
IQ:33,272,255,-89,-109
IQ:34,280,2,-134,119
IQ:35,288,255,138,108
SW:2
RR:3
SS:3
FR:2480
ME:359
MA:353
KE:359
KA:356
DF_END

Data arrived...
DF_BEGIN
IQ:0,0,11,28,183
IQ:1,8,11,186,-26
IQ:2,16,11,-42,-180
IQ:3,24,11,-168,67
IQ:4,32,11,73,173
IQ:5,40,11,158,-92
IQ:6,48,11,-125,-138
IQ:7,56,11,-129,139
IQ:8,72,12,100,-95
IQ:9,80,255,-94,-87
IQ:10,88,1,-71,117
IQ:11,96,255,125,54
IQ:12,104,2,28,-173
IQ:13,112,255,-173,-13
IQ:14,120,10,-52,220
IQ:15,128,255,180,55
IQ:16,136,3,-15,-115
IQ:17,144,255,-99,38
IQ:18,152,9,137,95
IQ:19,160,255,146,-120
IQ:20,168,4,-42,-118
IQ:21,176,255,-97,64
IQ:22,184,8,109,49
IQ:23,192,255,54,-134
IQ:24,200,7,-149,-121
IQ:25,208,255,-119,130
IQ:26,216,6,104,84
IQ:27,224,255,76,-128
IQ:28,232,5,-110,-60
IQ:29,240,255,-37,124
IQ:30,248,12,136,31
IQ:31,256,255,11,-141
IQ:32,264,1,-134,4
IQ:33,272,255,34,126
IQ:34,280,2,160,-59
IQ:35,288,255,-76,-156
SW:2
RR:3
SS:3
FR:2480
ME:359
MA:353
KE:359
KA:355
DF_END

Data arrived...
DF_BEGIN
IQ:0,0,11,-155,47
IQ:1,8,11,58,146
IQ:2,16,11,128,-79
IQ:3,24,11,-99,-123
IQ:4,32,11,-115,116
IQ:5,40,11,121,101
IQ:6,48,11,103,-129
IQ:7,56,11,-132,-83
IQ:8,72,12,146,90
IQ:9,80,255,80,-137
IQ:10,88,1,-116,-50
IQ:11,96,255,-24,101
IQ:12,104,2,102,-72
IQ:13,112,255,-91,-134
IQ:14,120,10,-155,65
IQ:15,128,255,54,166
IQ:16,136,3,72,-28
IQ:17,144,255,-58,-80
IQ:18,152,9,-76,81
IQ:19,160,255,95,108
IQ:20,168,4,83,-32
IQ:21,176,255,-81,-65
IQ:22,184,8,-52,94
IQ:23,192,255,115,15
IQ:24,200,7,-10,-184
IQ:25,208,255,-203,-18
IQ:26,216,6,-43,158
IQ:27,224,255,180,37
IQ:28,232,5,75,-146
IQ:29,240,255,-132,-41
IQ:30,248,12,2,173
IQ:31,256,255,161,-19
IQ:32,264,1,-34,-113
IQ:33,272,255,-92,54
IQ:34,280,2,118,49
IQ:35,288,255,72,-141
SW:2
RR:3
SS:3
FR:2426
ME:2
MA:5
KE:359
KA:356
DF_END

Data arrived...
DF_BEGIN
IQ:0,0,11,162,-125
IQ:1,8,11,-151,-129
IQ:2,16,11,-135,166
IQ:3,24,11,171,115
IQ:4,32,11,101,-187
IQ:5,40,11,-183,-78
IQ:6,48,11,-54,203
IQ:7,56,11,200,37
IQ:8,72,12,-183,-40
IQ:9,80,255,-27,174
IQ:10,88,1,154,13
IQ:11,96,255,4,-153
IQ:12,104,2,-112,37
IQ:13,112,255,83,102
IQ:14,120,10,141,-147
IQ:15,128,255,-125,-179
IQ:16,136,3,-154,79
IQ:17,144,255,89,117
IQ:18,152,9,68,-113
IQ:19,160,255,-162,-67
IQ:20,168,4,-121,143
IQ:21,176,255,133,90
IQ:22,184,8,46,-142
IQ:23,192,255,-144,-6
IQ:24,200,7,46,173
IQ:25,208,255,187,-33
IQ:26,216,6,-18,-183
IQ:27,224,255,-184,40
IQ:28,232,5,56,198
IQ:29,240,255,194,-67
IQ:30,248,12,-64,-182
IQ:31,256,255,-157,74
IQ:32,264,1,82,128
IQ:33,272,255,114,-93
IQ:34,280,2,-93,-74
IQ:35,288,255,-41,131
SW:2
RR:3
SS:3
FR:2402
ME:359
MA:353
KE:359
KA:356
DF_END

Data arrived...
DF_BEGIN
IQ:0,0,11,186,16
IQ:1,8,11,-9,-189
IQ:2,16,11,-186,17
IQ:3,24,11,54,174
IQ:4,32,11,170,-84
IQ:5,40,11,-92,-161
IQ:6,48,11,-155,110
IQ:7,56,11,123,148
IQ:8,72,12,-71,-116
IQ:9,80,255,-89,98
IQ:10,88,1,108,83
IQ:11,96,255,52,-123
IQ:12,104,2,-168,-48
IQ:13,112,255,-34,175
IQ:14,120,10,220,64
IQ:15,128,255,72,-183
IQ:16,136,3,-120,-1
IQ:17,144,255,30,89
IQ:18,152,9,99,-150
IQ:19,160,255,-126,-157
IQ:20,168,4,-125,35
IQ:21,176,255,58,99
IQ:22,184,8,62,-102
IQ:23,192,255,-131,-81
IQ:24,200,7,-133,123
IQ:25,208,255,120,118
IQ:26,216,6,75,-112
IQ:27,224,255,-124,-76
IQ:28,232,5,-68,113
IQ:29,240,255,124,54
IQ:30,248,12,52,-131
IQ:31,256,255,-130,-29
IQ:32,264,1,6,131
IQ:33,272,255,134,-41
IQ:34,280,2,-57,-166
IQ:35,288,255,-151,80
SW:2
RR:3
SS:3
FR:2480
ME:359
MA:353
KE:359
KA:355
DF_END

Data arrived...
DF_BEGIN
IQ:0,0,11,53,-182
IQ:1,8,11,-188,-36
IQ:2,16,11,-12,188
IQ:3,24,11,187,-11
IQ:4,32,11,-36,-182
IQ:5,40,11,-184,63
IQ:6,48,11,60,178
IQ:7,56,11,167,-75
IQ:8,72,12,-124,53
IQ:9,80,255,59,116
IQ:10,88,1,106,-83
IQ:11,96,255,-98,-92
IQ:12,104,2,-96,147
IQ:13,112,255,155,77
IQ:14,120,10,94,-190
IQ:15,128,255,-164,-98
IQ:16,136,3,-23,124
IQ:17,144,255,106,-9
IQ:18,152,9,-98,-137
IQ:19,160,255,-179,77
IQ:20,168,4,5,126
IQ:21,176,255,112,-20
IQ:22,184,8,-80,-79
IQ:23,192,255,-101,113
IQ:24,200,7,105,166
IQ:25,208,255,162,-90
IQ:26,216,6,-77,-108
IQ:27,224,255,-115,100
IQ:28,232,5,77,102
IQ:29,240,255,70,-97
IQ:30,248,12,-116,-74
IQ:31,256,255,-57,122
IQ:32,264,1,127,43
IQ:33,272,255,15,-138
IQ:34,280,2,-175,7
IQ:35,288,255,38,169
SW:2
RR:3
SS:3
FR:2480
ME:359
MA:353
KE:359
KA:355
DF_END

Data arrived...
DF_BEGIN
IQ:0,0,11,-76,144
IQ:1,8,11,159,49
IQ:2,16,11,34,-165
IQ:3,24,11,-167,-13
IQ:4,32,11,-12,172
IQ:5,40,11,164,1
IQ:6,48,11,-11,-163
IQ:7,56,11,-162,40
IQ:8,72,12,161,-63
IQ:9,80,255,-59,-160
IQ:10,88,1,-113,61
IQ:11,96,255,71,84
IQ:12,104,2,19,-122
IQ:13,112,255,-157,-28
IQ:14,120,10,-56,168
IQ:15,128,255,169,77
IQ:16,136,3,41,-67
IQ:17,144,255,-101,1
IQ:18,152,9,7,128
IQ:19,160,255,146,-4
IQ:20,168,4,37,-90
IQ:21,176,255,-93,8
IQ:22,184,8,43,100
IQ:23,192,255,99,-74
IQ:24,200,7,-138,-120
IQ:25,208,255,-143,126
IQ:26,216,6,87,138
IQ:27,224,255,160,-117
IQ:28,232,5,-47,-169
IQ:29,240,255,-112,67
IQ:30,248,12,139,108
IQ:31,256,255,103,-135
IQ:32,264,1,-101,-70
IQ:33,272,255,-34,108
IQ:34,280,2,116,-51
IQ:35,288,255,-65,-148
SW:2
RR:3
SS:3
FR:2426
ME:359
MA:353
KE:359
KA:355
DF_END

Data arrived...
DF_BEGIN
IQ:0,0,11,-76,192
IQ:1,8,11,208,47
IQ:2,16,11,25,-205
IQ:3,24,11,-211,6
IQ:4,32,11,10,212
IQ:5,40,11,214,-34
IQ:6,48,11,-41,-209
IQ:7,56,11,-194,72
IQ:8,72,12,188,-41
IQ:9,80,255,-60,-163
IQ:10,88,1,-127,70
IQ:11,96,255,82,124
IQ:12,104,2,82,-82
IQ:13,112,255,-117,-42
IQ:14,120,10,-52,200
IQ:15,128,255,202,78
IQ:16,136,3,101,-143
IQ:17,144,255,-129,-75
IQ:18,152,9,1,135
IQ:19,160,255,175,-14
IQ:20,168,4,42,-187
IQ:21,176,255,-161,-3
IQ:22,184,8,38,142
IQ:23,192,255,138,-66
IQ:24,200,7,-109,-141
IQ:25,208,255,-149,115
IQ:26,216,6,103,147
IQ:27,224,255,127,-131
IQ:28,232,5,-151,-151
IQ:29,240,255,-137,142
IQ:30,248,12,153,117
IQ:31,256,255,119,-144
IQ:32,264,1,-125,-81
IQ:33,272,255,-53,136
IQ:34,280,2,114,21
IQ:35,288,255,-26,-135
SW:2
RR:3
SS:3
FR:2402
ME:359
MA:353
KE:359
KA:355
DF_END

Data arrived...
DF_BEGIN
IQ:0,0,11,-168,131
IQ:1,8,11,137,160
IQ:2,16,11,153,-153
IQ:3,24,11,-157,-141
IQ:4,32,11,-114,171
IQ:5,40,11,189,84
IQ:6,48,11,84,-194
IQ:7,56,11,-199,-69
IQ:8,72,12,166,81
IQ:9,80,255,47,-166
IQ:10,88,1,-144,-15
IQ:11,96,255,-5,150
IQ:12,104,2,117,-8
IQ:13,112,255,-60,-108
IQ:14,120,10,-161,135
IQ:15,128,255,125,174
IQ:16,136,3,170,-60
IQ:17,144,255,-70,-123
IQ:18,152,9,-80,114
IQ:19,160,255,144,87
IQ:20,168,4,125,-138
IQ:21,176,255,-130,-101
IQ:22,184,8,-51,139
IQ:23,192,255,148,24
IQ:24,200,7,3,-175
IQ:25,208,255,-192,-3
IQ:26,216,6,-14,183
IQ:27,224,255,179,-32
IQ:28,232,5,-41,-208
IQ:29,240,255,-203,34
IQ:30,248,12,29,190
IQ:31,256,255,168,-42
IQ:32,264,1,-59,-135
IQ:33,272,255,-117,81
IQ:34,280,2,74,93
IQ:35,288,255,64,-117
SW:2
RR:3
SS:3
FR:2402
ME:359
MA:353
KE:359
KA:354
DF_END

Data arrived...
DF_BEGIN
IQ:0,0,11,20,151
IQ:1,8,11,143,-25
IQ:2,16,11,-46,-138
IQ:3,24,11,-135,53
IQ:4,32,11,66,127
IQ:5,40,11,124,-77
IQ:6,48,11,-87,-116
IQ:7,56,11,-108,96
IQ:8,72,12,80,-77
IQ:9,80,255,-78,-62
IQ:10,88,1,-43,99
IQ:11,96,255,99,44
IQ:12,104,2,32,-131
IQ:13,112,255,-140,-20
IQ:14,120,10,-39,163
IQ:15,128,255,141,55
IQ:16,136,3,-8,-91
IQ:17,144,255,-74,34
IQ:18,152,9,104,93
IQ:19,160,255,115,-90
IQ:20,168,4,-22,-94
IQ:21,176,255,-73,44
IQ:22,184,8,86,45
IQ:23,192,255,55,-102
IQ:24,200,7,-122,-97
IQ:25,208,255,-92,109
IQ:26,216,6,86,58
IQ:27,224,255,56,-103
IQ:28,232,5,-86,-52
IQ:29,240,255,-25,97
IQ:30,248,12,103,28
IQ:31,256,255,12,-103
IQ:32,264,1,-105,9
IQ:33,272,255,31,106
IQ:34,280,2,125,-47
IQ:35,288,255,-62,-114
SW:2
RR:3
SS:3
FR:2480
ME:359
MA:353
KE:359
KA:354
DF_END

Data arrived...
DF_BEGIN
IQ:0,0,11,-160,-10
IQ:1,8,11,5,165
IQ:2,16,11,158,-8
IQ:3,24,11,-35,-153
IQ:4,32,11,-157,48
IQ:5,40,11,63,148
IQ:6,48,11,142,-69
IQ:7,56,11,-94,-124
IQ:8,72,12,92,137
IQ:9,80,255,129,-99
IQ:10,88,1,-86,-85
IQ:11,96,255,-56,87
IQ:12,104,2,121,-17
IQ:13,112,255,-8,-149
IQ:14,120,10,-173,3
IQ:15,128,255,-30,171
IQ:16,136,3,82,9
IQ:17,144,255,-28,-91
IQ:18,152,9,-110,50
IQ:19,160,255,42,133
IQ:20,168,4,89,-1
IQ:21,176,255,-50,-92
IQ:22,184,8,-92,63
IQ:23,192,255,91,74
IQ:24,200,7,52,-164
IQ:25,208,255,-180,-70
IQ:26,216,6,-97,134
IQ:27,224,255,151,106
IQ:28,232,5,140,-108
IQ:29,240,255,-114,-91
IQ:30,248,12,-70,156
IQ:31,256,255,149,59
IQ:32,264,1,17,-123
IQ:33,272,255,-106,6
IQ:34,280,2,81,86
IQ:35,288,255,111,-101
SW:2
RR:3
SS:3
FR:2426
ME:2
MA:5
KE:359
KA:355
DF_END

Data arrived...
DF_BEGIN
IQ:0,0,11,-59,-205
IQ:1,8,11,-209,66
IQ:2,16,11,72,204
IQ:3,24,11,175,-116
IQ:4,32,11,-128,-182
IQ:5,40,11,-163,139
IQ:6,48,11,147,152
IQ:7,56,11,130,-167
IQ:8,72,12,-145,133
IQ:9,80,255,137,110
IQ:10,88,1,71,-142
IQ:11,96,255,-146,-62
IQ:12,104,2,-21,121
IQ:13,112,255,129,-30
IQ:14,120,10,-68,-205
IQ:15,128,255,-214,39
IQ:16,136,3,1,174
IQ:17,144,255,150,-23
IQ:18,152,9,-60,-126
IQ:19,160,255,-145,100
IQ:20,168,4,81,172
IQ:21,176,255,149,-82
IQ:22,184,8,-109,-111
IQ:23,192,255,-94,124
IQ:24,200,7,165,66
IQ:25,208,255,72,-180
IQ:26,216,6,-164,-68
IQ:27,224,255,-46,189
IQ:28,232,5,204,43
IQ:29,240,255,36,-211
IQ:30,248,12,-196,-48
IQ:31,256,255,-25,178
IQ:32,264,1,153,-1
IQ:33,272,255,-30,-154
IQ:34,280,2,-119,41
IQ:35,288,255,89,107
SW:2
RR:3
SS:3
FR:2402
ME:359
MA:353
KE:359
KA:355
DF_END

Data arrived...
DF_BEGIN
IQ:0,0,11,90,199
IQ:1,8,11,187,-92
IQ:2,16,11,-121,-179
IQ:3,24,11,-168,129
IQ:4,32,11,156,141
IQ:5,40,11,133,-163
IQ:6,48,11,-164,-139
IQ:7,56,11,-115,179
IQ:8,72,12,109,-163
IQ:9,80,255,-154,-97
IQ:10,88,1,-62,135
IQ:11,96,255,143,43
IQ:12,104,2,25,-121
IQ:13,112,255,-123,25
IQ:14,120,10,84,186
IQ:15,128,255,202,-78
IQ:16,136,3,-8,-186
IQ:17,144,255,-148,33
IQ:18,152,9,84,105
IQ:19,160,255,117,-123
IQ:20,168,4,-95,-177
IQ:21,176,255,-139,97
IQ:22,184,8,120,82
IQ:23,192,255,59,-140
IQ:24,200,7,-175,-49
IQ:25,208,255,-46,178
IQ:26,216,6,174,46
IQ:27,224,255,22,-189
IQ:28,232,5,-206,-26
IQ:29,240,255,-6,208
IQ:30,248,12,200,7
IQ:31,256,255,-3,-174
IQ:32,264,1,-149,32
IQ:33,272,255,37,144
IQ:34,280,2,117,-57
IQ:35,288,255,-89,-102
SW:2
RR:3
SS:3
FR:2402
ME:359
MA:353
KE:359
KA:355
DF_END

Data arrived...
DF_BEGIN
IQ:0,0,11,-196,-28
IQ:1,8,11,-22,195
IQ:2,16,11,188,-28
IQ:3,24,11,-50,-189
IQ:4,32,11,-184,64
IQ:5,40,11,76,182
IQ:6,48,11,180,-84
IQ:7,56,11,-110,-167
IQ:8,72,12,75,125
IQ:9,80,255,115,-83
IQ:10,88,1,-110,-90
IQ:11,96,255,-65,132
IQ:12,104,2,173,63
IQ:13,112,255,61,-195
IQ:14,120,10,-214,-107
IQ:15,128,255,-98,172
IQ:16,136,3,126,10
IQ:17,144,255,-26,-110
IQ:18,152,9,-143,121
IQ:19,160,255,95,177
IQ:20,168,4,131,-16
IQ:21,176,255,-46,-114
IQ:22,184,8,-86,102
IQ:23,192,255,127,96
IQ:24,200,7,151,-144
IQ:25,208,255,-129,-143
IQ:26,216,6,-95,107
IQ:27,224,255,124,98
IQ:28,232,5,94,-111
IQ:29,240,255,-129,-63
IQ:30,248,12,-74,132
IQ:31,256,255,131,39
IQ:32,264,1,6,-146
IQ:33,272,255,-150,21
IQ:34,280,2,33,187
IQ:35,288,255,172,-37
SW:2
RR:3
SS:3
FR:2480
ME:359
MA:353
KE:359
KA:354
DF_END

Data arrived...
DF_BEGIN
IQ:0,0,11,-59,160
IQ:1,8,11,166,44
IQ:2,16,11,24,-166
IQ:3,24,11,-171,-3
IQ:4,32,11,4,168
IQ:5,40,11,167,-29
IQ:6,48,11,-55,-158
IQ:7,56,11,-163,68
IQ:8,72,12,168,-66
IQ:9,80,255,-66,-157
IQ:10,88,1,-112,68
IQ:11,96,255,82,75
IQ:12,104,2,-5,-131
IQ:13,112,255,-164,-25
IQ:14,120,10,-30,173
IQ:15,128,255,173,70
IQ:16,136,3,34,-77
IQ:17,144,255,-106,4
IQ:18,152,9,16,133
IQ:19,160,255,152,-11
IQ:20,168,4,25,-95
IQ:21,176,255,-101,30
IQ:22,184,8,54,113
IQ:23,192,255,107,-77
IQ:24,200,7,-158,-98
IQ:25,208,255,-136,153
IQ:26,216,6,105,140
IQ:27,224,255,149,-117
IQ:28,232,5,-74,-157
IQ:29,240,255,-114,94
IQ:30,248,12,153,101
IQ:31,256,255,90,-147
IQ:32,264,1,-121,-47
IQ:33,272,255,-20,113
IQ:34,280,2,105,-74
IQ:35,288,255,-79,-140
SW:2
RR:3
SS:3
FR:2426
ME:2
MA:5
KE:359
KA:355
DF_END

Data arrived...
DF_BEGIN
IQ:0,0,11,45,-168
IQ:1,8,11,-163,-28
IQ:2,16,11,-19,164
IQ:3,24,11,169,-4
IQ:4,32,11,-24,-164
IQ:5,40,11,-166,30
IQ:6,48,11,45,152
IQ:7,56,11,147,-81
IQ:8,72,12,-153,85
IQ:9,80,255,72,150
IQ:10,88,1,106,-66
IQ:11,96,255,-79,-74
IQ:12,104,2,9,128
IQ:13,112,255,154,6
IQ:14,120,10,15,-173
IQ:15,128,255,-181,-39
IQ:16,136,3,-30,76
IQ:17,144,255,92,-11
IQ:18,152,9,-25,-122
IQ:19,160,255,-141,23
IQ:20,168,4,-13,100
IQ:21,176,255,103,-20
IQ:22,184,8,-48,-100
IQ:23,192,255,-89,77
IQ:24,200,7,156,86
IQ:25,208,255,121,-162
IQ:26,216,6,-111,-130
IQ:27,224,255,-142,128
IQ:28,232,5,82,148
IQ:29,240,255,109,-96
IQ:30,248,12,-150,-100
IQ:31,256,255,-82,144
IQ:32,264,1,115,44
IQ:33,272,255,18,-119
IQ:34,280,2,-101,65
IQ:35,288,255,89,133
SW:2
RR:3
SS:3
FR:2426
ME:2
MA:5
KE:359
KA:356
DF_END

Data arrived...
DF_BEGIN
IQ:0,0,11,139,-125
IQ:1,8,11,-142,-134
IQ:2,16,11,-111,148
IQ:3,24,11,170,86
IQ:4,32,11,83,-183
IQ:5,40,11,-175,-74
IQ:6,48,11,-60,184
IQ:7,56,11,184,34
IQ:8,72,12,-146,-36
IQ:9,80,255,-15,138
IQ:10,88,1,142,-6
IQ:11,96,255,-46,-136
IQ:12,104,2,-165,89
IQ:13,112,255,97,164
IQ:14,120,10,205,-104
IQ:15,128,255,-66,-184
IQ:16,136,3,-89,88
IQ:17,144,255,95,58
IQ:18,152,9,-4,-178
IQ:19,160,255,-193,-37
IQ:20,168,4,-67,115
IQ:21,176,255,118,38
IQ:22,184,8,-22,-130
IQ:23,192,255,-156,34
IQ:24,200,7,4,202
IQ:25,208,255,196,0
IQ:26,216,6,-8,-145
IQ:27,224,255,-151,21
IQ:28,232,5,22,136
IQ:29,240,255,128,-45
IQ:30,248,12,-52,-137
IQ:31,256,255,-118,72
IQ:32,264,1,109,95
IQ:33,272,255,90,-123
IQ:34,280,2,-164,-72
IQ:35,288,255,-63,174
SW:2
RR:3
SS:3
FR:2480
ME:359
MA:353
KE:359
KA:356
DF_END

Data arrived...
DF_BEGIN
IQ:0,0,11,-11,-160
IQ:1,8,11,-165,17
IQ:2,16,11,34,159
IQ:3,24,11,149,-60
IQ:4,32,11,-71,-150
IQ:5,40,11,-143,82
IQ:6,48,11,85,137
IQ:7,56,11,106,-115
IQ:8,72,12,-126,129
IQ:9,80,255,120,107
IQ:10,88,1,61,-99
IQ:11,96,255,-106,-51
IQ:12,104,2,42,113
IQ:13,112,255,148,-49
IQ:14,120,10,-35,-183
IQ:15,128,255,-178,2
IQ:16,136,3,-5,74
IQ:17,144,255,87,-39
IQ:18,152,9,-84,-98
IQ:19,160,255,-134,69
IQ:20,168,4,12,90
IQ:21,176,255,77,-62
IQ:22,184,8,-85,-79
IQ:23,192,255,-59,109
IQ:24,200,7,172,50
IQ:25,208,255,71,-181
IQ:26,216,6,-136,-89
IQ:27,224,255,-92,166
IQ:28,232,5,121,131
IQ:29,240,255,77,-114
IQ:30,248,12,-168,-45
IQ:31,256,255,-34,154
IQ:32,264,1,120,-11
IQ:33,272,255,-19,-112
IQ:34,280,2,-64,100
IQ:35,288,255,123,101
SW:2
RR:3
SS:3
FR:2426
ME:2
MA:5
KE:0
KA:357
DF_END

Data arrived...
DF_BEGIN
IQ:0,0,11,-89,141
IQ:1,8,11,147,61
IQ:2,16,11,49,-158
IQ:3,24,11,-161,-22
IQ:4,32,11,8,167
IQ:5,40,11,163,-20
IQ:6,48,11,-13,-171
IQ:7,56,11,-158,35
IQ:8,72,12,166,-61
IQ:9,80,255,-62,-159
IQ:10,88,1,-107,53
IQ:11,96,255,65,87
IQ:12,104,2,19,-121
IQ:13,112,255,-150,-36
IQ:14,120,10,-68,169
IQ:15,128,255,156,90
IQ:16,136,3,40,-71
IQ:17,144,255,-97,-2
IQ:18,152,9,7,127
IQ:19,160,255,149,17
IQ:20,168,4,30,-88
IQ:21,176,255,-99,17
IQ:22,184,8,43,107
IQ:23,192,255,100,-66
IQ:24,200,7,-135,-116
IQ:25,208,255,-145,143
IQ:26,216,6,87,142
IQ:27,224,255,147,-111
IQ:28,232,5,-59,-169
IQ:29,240,255,-124,67
IQ:30,248,12,134,114
IQ:31,256,255,100,-129
IQ:32,264,1,-109,-54
IQ:33,272,255,-37,99
IQ:34,280,2,109,-50
IQ:35,288,255,-58,-150
SW:2
RR:3
SS:3
FR:2426
ME:2
MA:5
KE:0
KA:358
DF_END