DF_END

Data arrived...
DF_BEGIN
IQ:0,0,11,-104,-122
IQ:1,8,11,-101,115
IQ:2,16,11,125,92
IQ:3,24,11,69,-139
IQ:4,32,11,-145,-67
IQ:5,40,11,-56,142
IQ:6,48,11,154,35
IQ:7,56,11,13,-151
IQ:8,72,12,-22,180
IQ:9,80,255,168,26
IQ:10,88,1,3,-116
IQ:11,96,255,-104,21
IQ:12,104,2,103,65
IQ:13,112,255,92,-123
IQ:14,120,10,-122,-124
IQ:15,128,255,-144,106
IQ:16,136,3,35,58
IQ:17,144,255,40,-82
IQ:18,152,9,-112,-51
IQ:19,160,255,-71,118
IQ:20,168,4,55,63
IQ:21,176,255,29,-93
IQ:22,184,8,-103,-21
IQ:23,192,255,17,116
IQ:24,200,7,179,-56
IQ:25,208,255,-62,-194
IQ:26,216,6,-172,13
IQ:27,224,255,15,182
IQ:28,232,5,169,26
IQ:29,240,255,-5,-137
IQ:30,248,12,-171,78
IQ:31,256,255,56,166
IQ:32,264,1,100,-56
IQ:33,272,255,-71,-87
IQ:34,280,2,-16,113
IQ:35,288,255,149,15
SW:2
RR:3
SS:3
FR:2426
ME:2
MA:5
KE:0
KA:358
DF_END

Data arrived...
DF_BEGIN
IQ:0,0,11,-28,154
IQ:1,8,11,155,12
IQ:2,16,11,0,-154
IQ:3,24,11,-151,27
IQ:4,32,11,32,155
IQ:5,40,11,148,-52
IQ:6,48,11,-51,-150
IQ:7,56,11,-139,60
IQ:8,72,12,134,-48
IQ:9,80,255,-58,-122
IQ:10,88,1,-105,57
IQ:11,96,255,73,89
IQ:12,104,2,59,-73
IQ:13,112,255,-95,-37
IQ:14,120,10,-37,148
IQ:15,128,255,153,45
IQ:16,136,3,51,-125
IQ:17,144,255,-113,-35
IQ:18,152,9,11,106
IQ:19,160,255,135,-9
IQ:20,168,4,28,-139
IQ:21,176,255,-125,4
IQ:22,184,8,40,105
IQ:23,192,255,110,-56
IQ:24,200,7,-71,-110
IQ:25,208,255,-108,81
IQ:26,216,6,78,102
IQ:27,224,255,96,-108
IQ:28,232,5,-106,-121
IQ:29,240,255,-111,107
IQ:30,248,12,104,91
IQ:31,256,255,75,-104
IQ:32,264,1,-111,-55
IQ:33,272,255,-47,105
IQ:34,280,2,90,21
IQ:35,288,255,-12,-105
SW:2
RR:3
SS:3
FR:2402
ME:359
MA:353
KE:0
KA:358
DF_END

Data arrived...
DF_BEGIN
IQ:0,0,11,158,95
IQ:1,8,11,77,-171
IQ:2,16,11,-180,-61
IQ:3,24,11,-40,183
IQ:4,32,11,193,27
IQ:5,40,11,22,-189
IQ:6,48,11,-186,15
IQ:7,56,11,30,185
IQ:8,72,12,-16,-142
IQ:9,80,255,-137,37
IQ:10,88,1,55,126
IQ:11,96,255,123,-70
IQ:12,104,2,-117,-126
IQ:13,112,255,-128,135
IQ:14,120,10,152,183
IQ:15,128,255,164,-118
IQ:16,136,3,-93,-72
IQ:17,144,255,-21,105
IQ:18,152,9,177,-41
IQ:19,160,255,-1,-201
IQ:20,168,4,-124,-48
IQ:21,176,255,-24,111
IQ:22,184,8,114,-36
IQ:23,192,255,-52,-134
IQ:24,200,7,-182,50
IQ:25,208,255,32,183
IQ:26,216,6,145,-33
IQ:27,224,255,-47,-141
IQ:28,232,5,-127,40
IQ:29,240,255,65,113
IQ:30,248,12,122,-81
IQ:31,256,255,-90,-109
IQ:32,264,1,-90,108
IQ:33,272,255,125,72
IQ:34,280,2,59,-162
IQ:35,288,255,-169,-44
SW:2
RR:3
SS:3
FR:2480
ME:359
MA:353
KE:0
KA:357
DF_END

Data arrived...
DF_BEGIN
IQ:0,0,11,-161,-22
IQ:1,8,11,-5,152
IQ:2,16,11,155,-12
IQ:3,24,11,-26,-153
IQ:4,32,11,-151,35
IQ:5,40,11,47,145
IQ:6,48,11,134,-73
IQ:7,56,11,-84,-131
IQ:8,72,12,82,157
IQ:9,80,255,142,-86
IQ:10,88,1,-74,-93
IQ:11,96,255,-75,78
IQ:12,104,2,117,-1
IQ:13,112,255,-3,-147
IQ:14,120,10,-168,-23
IQ:15,128,255,-46,169
IQ:16,136,3,56,30
IQ:17,144,255,-12,-87
IQ:18,152,9,-111,24
IQ:19,160,255,10,133
IQ:20,168,4,79,11
IQ:21,176,255,-29,-97
IQ:22,184,8,-86,39
IQ:23,192,255,68,81
IQ:24,200,7,111,-149
IQ:25,208,255,-156,-130
IQ:26,216,6,-131,104
IQ:27,224,255,126,139
IQ:28,232,5,146,-65
IQ:29,240,255,-95,-102
IQ:30,248,12,-105,152
IQ:31,256,255,140,88
IQ:32,264,1,44,-112
IQ:33,272,255,-105,-47
IQ:34,280,2,47,102
IQ:35,288,255,128,-71
SW:2
RR:3
SS:3
FR:2426
ME:2
MA:5
KE:0
KA:358
DF_END

Data arrived...
DF_BEGIN
IQ:0,0,11,143,-56
IQ:1,8,11,-71,-142
IQ:2,16,11,-134,82
IQ:3,24,11,97,119
IQ:4,32,11,105,-117
IQ:5,40,11,-122,-102
IQ:6,48,11,-95,123
IQ:7,56,11,128,82
IQ:8,72,12,-117,-89
IQ:9,80,255,-74,111
IQ:10,88,1,110,54
IQ:11,96,255,46,-108
IQ:12,104,2,-93,-15
IQ:13,112,255,12,96
IQ:14,120,10,143,-58
IQ:15,128,255,-41,-160
IQ:16,136,3,-138,2
IQ:17,144,255,25,112
IQ:18,152,9,88,-61
IQ:19,160,255,-84,-108
IQ:20,168,4,-131,57
IQ:21,176,255,63,102
IQ:22,184,8,71,-88
IQ:23,192,255,-104,-61
IQ:24,200,7,-42,122
IQ:25,208,255,127,43
IQ:26,216,6,51,-124
IQ:27,224,255,-138,-32
IQ:28,232,5,-30,153
IQ:29,240,255,149,25
IQ:30,248,12,20,-135
IQ:31,256,255,-135,-6
IQ:32,264,1,6,123
IQ:33,272,255,116,-18
IQ:34,280,2,-34,-88
IQ:35,288,255,-75,75
SW:2
RR:3
SS:3
FR:2402
ME:359
MA:353
KE:0
KA:358
DF_END

Data arrived...
DF_BEGIN
IQ:0,0,11,-66,-143
IQ:1,8,11,-139,78
IQ:2,16,11,83,133
IQ:3,24,11,123,-94
IQ:4,32,11,-111,-113
IQ:5,40,11,-110,111
IQ:6,48,11,117,101
IQ:7,56,11,82,-134
IQ:8,72,12,-82,116
IQ:9,80,255,115,63
IQ:10,88,1,46,-115
IQ:11,96,255,-115,-36
IQ:12,104,2,-12,95
IQ:13,112,255,95,-25
IQ:14,120,10,-68,-141
IQ:15,128,255,-162,47
IQ:16,136,3,9,136
IQ:17,144,255,114,-25
IQ:18,152,9,-63,-91
IQ:19,160,255,-102,85
IQ:20,168,4,70,129
IQ:21,176,255,105,-69
IQ:22,184,8,-94,-73
IQ:23,192,255,-65,98
IQ:24,200,7,117,42
IQ:25,208,255,43,-140
IQ:26,216,6,-127,-53
IQ:27,224,255,-30,138
IQ:28,232,5,154,26
IQ:29,240,255,20,-156
IQ:30,248,12,-141,-29
IQ:31,256,255,-21,133
IQ:32,264,1,122,-6
IQ:33,272,255,-21,-117
IQ:34,280,2,-90,34
IQ:35,288,255,71,76
SW:2
RR:3
SS:3
FR:2402
ME:359
MA:353
KE:0
KA:357
DF_END

Data arrived...
DF_BEGIN
IQ:0,0,11,156,-92
IQ:1,8,11,-124,-143
IQ:2,16,11,-136,137
IQ:3,24,11,145,120
IQ:4,32,11,121,-152
IQ:5,40,11,-161,-97
IQ:6,48,11,-77,181
IQ:7,56,11,177,74
IQ:8,72,12,-132,-46
IQ:9,80,255,-30,140
IQ:10,88,1,142,22
IQ:11,96,255,-3,-144
IQ:12,104,2,-176,39
IQ:13,112,255,47,184
IQ:14,120,10,232,-45
IQ:15,128,255,-23,-196
IQ:16,136,3,-117,56
IQ:17,144,255,81,74
IQ:18,152,9,51,-181
IQ:19,160,255,-169,-99
IQ:20,168,4,-102,80
IQ:21,176,255,91,74
IQ:22,184,8,14,-123
IQ:23,192,255,-148,-9
IQ:24,200,7,-42,189
IQ:25,208,255,183,38
IQ:26,216,6,36,-147
IQ:27,224,255,-147,-27
IQ:28,232,5,-26,135
IQ:29,240,255,132,-3
IQ:30,248,12,-15,-140
IQ:31,256,255,-135,41
IQ:32,264,1,61,133
IQ:33,272,255,118,-75
IQ:34,280,2,-118,-129
IQ:35,288,255,-108,140
SW:2
RR:3
SS:3
FR:2480
ME:359
MA:353
KE:0
KA:357
DF_END

Data arrived...
DF_BEGIN
IQ:0,0,11,71,-139
IQ:1,8,11,-139,-63
IQ:2,16,11,-36,149
IQ:3,24,11,153,25
IQ:4,32,11,6,-156
IQ:5,40,11,-160,-5
IQ:6,48,11,13,151
IQ:7,56,11,155,-29
IQ:8,72,12,-174,53
IQ:9,80,255,43,165
IQ:10,88,1,113,-43
IQ:11,96,255,-50,-93
IQ:12,104,2,-34,107
IQ:13,112,255,145,39
IQ:14,120,10,68,-156
IQ:15,128,255,-145,-95
IQ:16,136,3,-45,55
IQ:17,144,255,88,15
IQ:18,152,9,24,-111
IQ:19,160,255,-136,-17
IQ:20,168,4,-42,72
IQ:21,176,255,94,13
IQ:22,184,8,0,-100
IQ:23,192,255,-100,44
IQ:24,200,7,132,137
IQ:25,208,255,182,-107
IQ:26,216,6,-59,-154
IQ:27,224,255,-175,73
IQ:28,232,5,5,165
IQ:29,240,255,125,-50
IQ:30,248,12,-112,-150
IQ:31,256,255,-127,103
IQ:32,264,1,90,77
IQ:33,272,255,54,-86
IQ:34,280,2,-109,29
IQ:35,288,255,28,143
SW:2
RR:3
SS:3
FR:2426
ME:2
MA:5
KE:0
KA:357
DF_END

Data arrived...
DF_BEGIN
IQ:0,0,11,-135,-86
IQ:1,8,11,-70,140
IQ:2,16,11,142,54
IQ:3,24,11,39,-149
IQ:4,32,11,-158,-33
IQ:5,40,11,-24,151
IQ:6,48,11,159,2
IQ:7,56,11,-8,-158
IQ:8,72,12,12,183
IQ:9,80,255,168,-12
IQ:10,88,1,-11,-123
IQ:11,96,255,-105,29
IQ:12,104,2,107,49
IQ:13,112,255,67,-138
IQ:14,120,10,-147,-87
IQ:15,128,255,-102,139
IQ:16,136,3,49,49
IQ:17,144,255,31,-84
IQ:18,152,9,-114,-28
IQ:19,160,255,-49,128
IQ:20,168,4,75,53
IQ:21,176,255,21,-96
IQ:22,184,8,-100,-14
IQ:23,192,255,26,109
IQ:24,200,7,172,-86
IQ:25,208,255,-79,-189
IQ:26,216,6,-157,52
IQ:27,224,255,67,179
IQ:28,232,5,173,0
IQ:29,240,255,-40,-137
IQ:30,248,12,-149,102
IQ:31,256,255,96,141
IQ:32,264,1,94,-75
IQ:33,272,255,-88,-79
IQ:34,280,2,9,114
IQ:35,288,255,152,-9
SW:2
RR:3
SS:3
FR:2426
ME:2
MA:5
KE:0
KA:358
DF_END

Data arrived...
DF_BEGIN
IQ:0,0,11,56,145
IQ:1,8,11,128,-82
IQ:2,16,11,-93,-131
IQ:3,24,11,-128,87
IQ:4,32,11,100,121
IQ:5,40,11,110,-113
IQ:6,48,11,-115,-106
IQ:7,56,11,-79,127
IQ:8,72,12,86,-113
IQ:9,80,255,-114,-71
IQ:10,88,1,-54,108
IQ:11,96,255,107,37
IQ:12,104,2,10,-92
IQ:13,112,255,-99,22
IQ:14,120,10,53,142
IQ:15,128,255,156,-44
IQ:16,136,3,-14,-132
IQ:17,144,255,-111,37
IQ:18,152,9,59,92
IQ:19,160,255,103,-83
IQ:20,168,4,-66,-135
IQ:21,176,255,-106,56
IQ:22,184,8,91,65
IQ:23,192,255,52,-106
IQ:24,200,7,-116,-47
IQ:25,208,255,-47,128
IQ:26,216,6,125,43
IQ:27,224,255,31,-140
IQ:28,232,5,-155,-39
IQ:29,240,255,-27,150
IQ:30,248,12,139,20
IQ:31,256,255,14,-132
IQ:32,264,1,-118,4
IQ:33,272,255,20,112
IQ:34,280,2,88,-38
IQ:35,288,255,-69,-79
SW:2
RR:3
SS:3
FR:2402
ME:359
MA:353
KE:0
KA:358
DF_END

Data arrived...
DF_BEGIN
IQ:0,0,11,11,-134
IQ:1,8,11,-144,4
IQ:2,16,11,12,136
IQ:3,24,11,137,-28
IQ:4,32,11,-49,-129
IQ:5,40,11,-129,60
IQ:6,48,11,68,124
IQ:7,56,11,113,-87
IQ:8,72,12,-88,56
IQ:9,80,255,68,81
IQ:10,88,1,76,-75
IQ:11,96,255,-87,-60
IQ:12,104,2,-56,118
IQ:13,112,255,125,43
IQ:14,120,10,81,-162
IQ:15,128,255,-126,-83
IQ:16,136,3,-12,91
IQ:17,144,255,82,-14
IQ:18,152,9,-78,-111
IQ:19,160,255,-135,59
IQ:20,168,4,1,95
IQ:21,176,255,88,-23
IQ:22,184,8,-61,-73
IQ:23,192,255,-68,84
IQ:24,200,7,87,115
IQ:25,208,255,107,-79
IQ:26,216,6,-69,-83
IQ:27,224,255,-75,78
IQ:28,232,5,73,61
IQ:29,240,255,51,-85
IQ:30,248,12,-97,-46
IQ:31,256,255,-43,94
IQ:32,264,1,99,13
IQ:33,272,255,3,-113
IQ:34,280,2,-129,0
IQ:35,288,255,12,130
SW:2
RR:3
SS:3
FR:2480
ME:359
MA:353
KE:0
KA:357
DF_END

Data arrived...
DF_BEGIN
IQ:0,0,11,147,35
IQ:1,8,11,26,-151
IQ:2,16,11,-149,-2
IQ:3,24,11,10,149
IQ:4,32,11,150,-20
IQ:5,40,11,-28,-151
IQ:6,48,11,-139,54
IQ:7,56,11,60,145
IQ:8,72,12,-68,-172
IQ:9,80,255,-151,59
IQ:10,88,1,68,96
IQ:11,96,255,84,-65
IQ:12,104,2,-107,2
IQ:13,112,255,-3,151
IQ:14,120,10,167,40
IQ:15,128,255,63,-163
IQ:16,136,3,-54,-27
IQ:17,144,255,3,84
IQ:18,152,9,109,-19
IQ:19,160,255,-8,-134
IQ:20,168,4,-77,-27
IQ:21,176,255,25,93
IQ:22,184,8,96,-29
IQ:23,192,255,-65,-92
IQ:24,200,7,-127,144
IQ:25,208,255,136,153
IQ:26,216,6,141,-89
IQ:27,224,255,-111,-165
IQ:28,232,5,-165,43
IQ:29,240,255,71,113
IQ:30,248,12,112,-142
IQ:31,256,255,-133,-98
IQ:32,264,1,-55,104
IQ:33,272,255,96,37
IQ:34,280,2,-42,-104
IQ:35,288,255,-136,54
SW:2
RR:3
SS:3
FR:2426
ME:2
MA:5
KE:0
KA:358
DF_END

Data arrived...
DF_BEGIN
IQ:0,0,11,-79,-134
IQ:1,8,11,-125,96
IQ:2,16,11,94,127
IQ:3,24,11,119,-100
IQ:4,32,11,-108,-107
IQ:5,40,11,-87,125
IQ:6,48,11,132,77
IQ:7,56,11,70,-137
IQ:8,72,12,-83,116
IQ:9,80,255,115,57
IQ:10,88,1,39,-115
IQ:11,96,255,-115,-29
IQ:12,104,2,-1,94
IQ:13,112,255,101,-32
IQ:14,120,10,-60,-139
IQ:15,128,255,-146,58
IQ:16,136,3,26,136
IQ:17,144,255,108,-34
IQ:18,152,9,-72,-82
IQ:19,160,255,-91,97
IQ:20,168,4,73,131
IQ:21,176,255,101,-66
IQ:22,184,8,-94,-65
IQ:23,192,255,-59,107
IQ:24,200,7,119,43
IQ:25,208,255,38,-131
IQ:26,216,6,-131,-33
IQ:27,224,255,-20,144
IQ:28,232,5,159,30
IQ:29,240,255,31,-152
IQ:30,248,12,-136,-31
IQ:31,256,255,-6,126
IQ:32,264,1,120,-11
IQ:33,272,255,-28,-109
IQ:34,280,2,-88,38
IQ:35,288,255,73,72
SW:2
RR:3
SS:3
FR:2402
ME:359
MA:353
KE:0
KA:357
DF_END

Data arrived...
DF_BEGIN
IQ:0,0,11,80,128
IQ:1,8,11,117,-105
IQ:2,16,11,-104,-115
IQ:3,24,11,-109,112
IQ:4,32,11,121,101
IQ:5,40,11,82,-123
IQ:6,48,11,-144,-67
IQ:7,56,11,-60,142
IQ:8,72,12,56,-126
IQ:9,80,255,-123,-46
IQ:10,88,1,-35,115
IQ:11,96,255,115,17
IQ:12,104,2,-12,-95
IQ:13,112,255,-91,41
IQ:14,120,10,85,129
IQ:15,128,255,150,-68
IQ:16,136,3,-27,-134
IQ:17,144,255,-101,52
IQ:18,152,9,72,77
IQ:19,160,255,76,-105
IQ:20,168,4,-95,-114
IQ:21,176,255,-86,87
IQ:22,184,8,102,54
IQ:23,192,255,42,-114
IQ:24,200,7,-127,-13
IQ:25,208,255,-19,137
IQ:26,216,6,131,30
IQ:27,224,255,7,-142
IQ:28,232,5,-156,-8
IQ:29,240,255,11,154
IQ:30,248,12,139,-10
IQ:31,256,255,-17,-132
IQ:32,264,1,-121,25
IQ:33,272,255,38,107
IQ:34,280,2,77,-52
IQ:35,288,255,-83,-66
SW:2
RR:3
SS:3
FR:2402
ME:359
MA:353
KE:0
KA:357
DF_END

Data arrived...
DF_BEGIN
IQ:0,0,11,-151,-110
IQ:1,8,11,-103,158
IQ:2,16,11,172,70
IQ:3,24,11,67,-186
IQ:4,32,11,-180,-61
IQ:5,40,11,-31,187
IQ:6,48,11,194,16
IQ:7,56,11,-2,-185
IQ:8,72,12,-1,143
IQ:9,80,255,140,-10
IQ:10,88,1,-20,-135
IQ:11,96,255,-125,61
IQ:12,104,2,95,143
IQ:13,112,255,122,-134
IQ:14,120,10,-139,-194
IQ:15,128,255,-172,98
IQ:16,136,3,94,83
IQ:17,144,255,41,-97
IQ:18,152,9,-181,16
IQ:19,160,255,-30,197
IQ:20,168,4,111,59
IQ:21,176,255,33,-116
IQ:22,184,8,-121,35
IQ:23,192,255,41,150
IQ:24,200,7,194,-18
IQ:25,208,255,-27,-184
IQ:26,216,6,-134,16
IQ:27,224,255,27,144
IQ:28,232,5,132,-27
IQ:29,240,255,-52,-118
IQ:30,248,12,-133,76
IQ:31,256,255,87,115
IQ:32,264,1,87,-109
IQ:33,272,255,-119,-76
IQ:34,280,2,-81,155
IQ:35,288,255,160,75
SW:2
RR:3
SS:3
FR:2480
ME:359
MA:353
KE:359
KA:356
DF_END

Data arrived...
DF_BEGIN
IQ:0,0,11,-110,116
IQ:1,8,11,133,91
IQ:2,16,11,87,-133
IQ:3,24,11,-142,-65
IQ:4,32,11,-50,149
IQ:5,40,11,157,33
IQ:6,48,11,16,-166
IQ:7,56,11,-160,-14
IQ:8,72,12,189,13
IQ:9,80,255,15,-178
IQ:10,88,1,-127,4
IQ:11,96,255,26,111
IQ:12,104,2,70,-95
IQ:13,112,255,-130,-72
IQ:14,120,10,-104,143
IQ:15,128,255,126,138
IQ:16,136,3,69,-39
IQ:17,144,255,-80,-48
IQ:18,152,9,-45,107
IQ:19,160,255,135,49
IQ:20,168,4,61,-71
IQ:21,176,255,-104,-23
IQ:22,184,8,-18,100
IQ:23,192,255,114,-12
IQ:24,200,7,-82,-167
IQ:25,208,255,-198,63
IQ:26,216,6,18,175
IQ:27,224,255,194,-21
IQ:28,232,5,33,-172
IQ:29,240,255,-142,15
IQ:30,248,12,81,163
IQ:31,256,255,165,-72
IQ:32,264,1,-61,-112
IQ:33,272,255,-78,80
IQ:34,280,2,120,1
IQ:35,288,255,18,-153
SW:2
RR:3
SS:3
FR:2426
ME:2
MA:5
KE:0
KA:357
DF_END

Data arrived...
DF_BEGIN
IQ:0,0,11,-107,110
IQ:1,8,11,120,86
IQ:2,16,11,71,-135
IQ:3,24,11,-136,-71
IQ:4,32,11,-51,144
IQ:5,40,11,149,38
IQ:6,48,11,25,-153
IQ:7,56,11,-158,-23
IQ:8,72,12,135,23
IQ:9,80,255,14,-135
IQ:10,88,1,-123,-1
IQ:11,96,255,9,112
IQ:12,104,2,89,-31
IQ:13,112,255,-63,-79
IQ:14,120,10,-99,113
IQ:15,128,255,103,125
IQ:16,136,3,117,-71
IQ:17,144,255,-78,-91
IQ:18,152,9,-52,90
IQ:19,160,255,118,51
IQ:20,168,4,85,-117
IQ:21,176,255,-109,-63
IQ:22,184,8,-25,113
IQ:23,192,255,116,4
IQ:24,200,7,-6,-128
IQ:25,208,255,-136,10
IQ:26,216,6,17,134
IQ:27,224,255,137,-34
IQ:28,232,5,-36,-153
IQ:29,240,255,-145,44
IQ:30,248,12,34,134
IQ:31,256,255,118,-54
IQ:32,264,1,-68,-101
IQ:33,272,255,-96,68
IQ:34,280,2,64,64
IQ:35,288,255,38,-96
SW:2
RR:3
SS:3
FR:2402
ME:359
MA:353
KE:359
KA:356
DF_END

Data arrived...
DF_BEGIN
IQ:0,0,11,-129,-149
IQ:1,8,11,-142,140
IQ:2,16,11,132,136
IQ:3,24,11,86,-161
IQ:4,32,11,-182,-75
IQ:5,40,11,-65,176
IQ:6,48,11,187,43
IQ:7,56,11,22,-192
IQ:8,72,12,-27,138
IQ:9,80,255,147,0
IQ:10,88,1,-1,-150
IQ:11,96,255,-132,22
IQ:12,104,2,74,164
IQ:13,112,255,157,-85
IQ:14,120,10,-103,-216
IQ:15,128,255,-189,69
IQ:16,136,3,77,94
IQ:17,144,255,60,-92
IQ:18,152,9,-184,-21
IQ:19,160,255,-71,188
IQ:20,168,4,98,87
IQ:21,176,255,51,-110
IQ:22,184,8,-130,5
IQ:23,192,255,13,153
IQ:24,200,7,192,11
IQ:25,208,255,5,-187
IQ:26,216,6,-151,10
IQ:27,224,255,6,153
IQ:28,232,5,132,-4
IQ:29,240,255,-32,-126
IQ:30,248,12,-130,69
IQ:31,256,255,77,128
IQ:32,264,1,122,-81
IQ:33,272,255,-101,-107
IQ:34,280,2,-114,138
IQ:35,288,255,153,61
SW:2
RR:3
SS:3
FR:2480
ME:359
MA:353
KE:359
KA:356
DF_END

Data arrived...
DF_BEGIN
IQ:0,0,11,161,-93
IQ:1,8,11,-105,-162
IQ:2,16,11,-149,117
IQ:3,24,11,143,124
IQ:4,32,11,116,-150
IQ:5,40,11,-157,-107
IQ:6,48,11,-92,168
IQ:7,56,11,172,83
IQ:8,72,12,-134,-48
IQ:9,80,255,-40,143
IQ:10,88,1,134,19
IQ:11,96,255,-14,-145
IQ:12,104,2,-177,36
IQ:13,112,255,60,171
IQ:14,120,10,235,-41
IQ:15,128,255,-14,-201
IQ:16,136,3,-118,47
IQ:17,144,255,67,73
IQ:18,152,9,63,-176
IQ:19,160,255,-168,-103
IQ:20,168,4,-103,76
IQ:21,176,255,85,76
IQ:22,184,8,15,-121
IQ:23,192,255,-156,-26
IQ:24,200,7,-42,179
IQ:25,208,255,174,46
IQ:26,216,6,36,-135
IQ:27,224,255,-149,-30
IQ:28,232,5,-34,130
IQ:29,240,255,132,4
IQ:30,248,12,-20,-146
IQ:31,256,255,-136,32
IQ:32,264,1,55,131
IQ:33,272,255,128,-75
IQ:34,280,2,-112,-142
IQ:35,288,255,-127,121
SW:2
RR:3
SS:3
FR:2480
ME:359
MA:353
KE:359
KA:356
DF_END

Data arrived...
DF_BEGIN
IQ:0,0,11,12,166
IQ:1,8,11,152,-25
IQ:2,16,11,-48,-160
IQ:3,24,11,-159,42
IQ:4,32,11,61,146
IQ:5,40,11,144,-74
IQ:6,48,11,-94,-136
IQ:7,56,11,-125,100
IQ:8,72,12,140,-120
IQ:9,80,255,-114,-132
IQ:10,88,1,-84,89
IQ:11,96,255,94,61
IQ:12,104,2,-23,-120
IQ:13,112,255,-160,30
IQ:14,120,10,22,175
IQ:15,128,255,184,10
IQ:16,136,3,14,-68
IQ:17,144,255,-90,29
IQ:18,152,9,36,117
IQ:19,160,255,134,-42
IQ:20,168,4,-3,-91
IQ:21,176,255,-88,51
IQ:22,184,8,58,90
IQ:23,192,255,63,-88
IQ:24,200,7,-185,-61
IQ:25,208,255,-98,182
IQ:26,216,6,138,103
IQ:27,224,255,125,-155
IQ:28,232,5,-87,-149
IQ:29,240,255,-88,115
IQ:30,248,12,169,74
IQ:31,256,255,61,-162
IQ:32,264,1,-129,-23
IQ:33,272,255,-2,112
IQ:34,280,2,87,-76
IQ:35,288,255,-99,-124
SW:2
RR:3
SS:3
FR:2426
ME:2
MA:5
KE:359
KA:356
DF_END

Data arrived...
DF_BEGIN
IQ:0,0,11,68,140
IQ:1,8,11,131,-80
IQ:2,16,11,-92,-130
IQ:3,24,11,-120,101
IQ:4,32,11,109,108
IQ:5,40,11,86,-126
IQ:6,48,11,-132,-82
IQ:7,56,11,-65,139
IQ:8,72,12,79,-112
IQ:9,80,255,-121,-52
IQ:10,88,1,-41,116
IQ:11,96,255,114,28
IQ:12,104,2,-3,-95
IQ:13,112,255,-97,34
IQ:14,120,10,69,136
IQ:15,128,255,150,-60
IQ:16,136,3,-20,-135
IQ:17,144,255,-110,43
IQ:18,152,9,65,80
IQ:19,160,255,87,-94
IQ:20,168,4,-81,-124
IQ:21,176,255,-97,78
IQ:22,184,8,95,69
IQ:23,192,255,55,-105
IQ:24,200,7,-128,-30
IQ:25,208,255,-26,139
IQ:26,216,6,128,39
IQ:27,224,255,12,-136
IQ:28,232,5,-158,-22
IQ:29,240,255,-12,152
IQ:30,248,12,138,8
IQ:31,256,255,-9,-127
IQ:32,264,1,-123,24
IQ:33,272,255,33,116
IQ:34,280,2,81,-39
IQ:35,288,255,-77,-76
SW:2
RR:3
SS:3
FR:2402
ME:359
MA:353
KE:359
KA:356
DF_END

Data arrived...