KE:359
KA:355
DF_END

Data arrived...
DF_BEGIN
IQ:0,0,11,76,135
IQ:1,8,11,160,-142
IQ:2,16,11,-111,-137
IQ:3,24,11,-57,120
IQ:4,32,11,88,118
IQ:5,40,11,99,-174
IQ:6,48,11,-175,-96
IQ:7,56,11,-73,126
IQ:8,72,12,74,-176
IQ:9,80,255,-157,-107
IQ:10,88,1,-3,97
IQ:11,96,255,162,-29
IQ:12,104,2,-106,-149
IQ:13,112,255,-134,81
IQ:14,120,10,83,176
IQ:15,128,255,201,-92
IQ:16,136,3,-21,-65
IQ:17,144,255,-23,63
IQ:18,152,9,115,111
IQ:19,160,255,166,-93
IQ:20,168,4,-52,-83
IQ:21,176,255,-36,124
IQ:22,184,8,75,43
IQ:23,192,255,47,-94
IQ:24,200,7,-188,31
IQ:25,208,255,-5,232
IQ:26,216,6,159,81
IQ:27,224,255,5,-186
IQ:28,232,5,-162,-60
IQ:29,240,255,-21,121
IQ:30,248,12,219,-46
IQ:31,256,255,-2,-188
IQ:32,264,1,-165,19
IQ:33,272,255,17,122
IQ:34,280,2,32,-139
IQ:35,288,255,-197,-84
SW:2
RR:3
SS:3
FR:2426
ME:359
MA:5
KE:359
KA:356
DF_END

Data arrived...
DF_BEGIN
IQ:0,0,11,145,-51
IQ:1,8,11,-65,-136
IQ:2,16,11,-129,84
IQ:3,24,11,93,121
IQ:4,32,11,118,-99
IQ:5,40,11,-108,-99
IQ:6,48,11,-101,117
IQ:7,56,11,127,76
IQ:8,72,12,-120,-78
IQ:9,80,255,-61,113
IQ:10,88,1,108,42
IQ:11,96,255,27,-112
IQ:12,104,2,-89,-17
IQ:13,112,255,19,84
IQ:14,120,10,137,-70
IQ:15,128,255,-53,-153
IQ:16,136,3,-132,3
IQ:17,144,255,27,105
IQ:18,152,9,75,-71
IQ:19,160,255,-89,-101
IQ:20,168,4,-135,56
IQ:21,176,255,65,100
IQ:22,184,8,64,-91
IQ:23,192,255,-105,-55
IQ:24,200,7,-31,112
IQ:25,208,255,130,18
IQ:26,216,6,35,-129
IQ:27,224,255,-136,-20
IQ:28,232,5,-26,148
IQ:29,240,255,153,13
IQ:30,248,12,10,-141
IQ:31,256,255,-133,-2
IQ:32,264,1,13,111
IQ:33,272,255,108,-32
IQ:34,280,2,-35,-81
IQ:35,288,255,-69,70
SW:2
RR:3
SS:3
FR:2402
ME:359
MA:353
KE:359
KA:356
DF_END

Data arrived...
DF_BEGIN
IQ:0,0,11,189,15
IQ:1,8,11,-12,-185
IQ:2,16,11,-191,37
IQ:3,24,11,46,182
IQ:4,32,11,183,-65
IQ:5,40,11,-85,-166
IQ:6,48,11,-166,111
IQ:7,56,11,117,149
IQ:8,72,12,-89,-116
IQ:9,80,255,-104,95
IQ:10,88,1,97,106
IQ:11,96,255,77,-116
IQ:12,104,2,-168,-75
IQ:13,112,255,-64,172
IQ:14,120,10,207,75
IQ:15,128,255,82,-183
IQ:16,136,3,-127,-24
IQ:17,144,255,24,110
IQ:18,152,9,131,-116
IQ:19,160,255,-93,-171
IQ:20,168,4,-134,19
IQ:21,176,255,40,118
IQ:22,184,8,73,-91
IQ:23,192,255,-122,-87
IQ:24,200,7,-146,133
IQ:25,208,255,121,140
IQ:26,216,6,95,-109
IQ:27,224,255,-110,-108
IQ:28,232,5,-94,93
IQ:29,240,255,113,56
IQ:30,248,12,43,-133
IQ:31,256,255,-140,-37
IQ:32,264,1,-27,134
IQ:33,272,255,133,-7
IQ:34,280,2,-29,-185
IQ:35,288,255,-166,37
SW:2
RR:3
SS:3
FR:2480
ME:359
MA:353
KE:359
KA:355
DF_END

Data arrived...
DF_BEGIN
IQ:0,0,11,187,-40
IQ:1,8,11,-48,-197
IQ:2,16,11,-177,59
IQ:3,24,11,97,160
IQ:4,32,11,153,-113
IQ:5,40,11,-135,-139
IQ:6,48,11,-129,144
IQ:7,56,11,155,110
IQ:8,72,12,-105,-94
IQ:9,80,255,-79,114
IQ:10,88,1,121,66
IQ:11,96,255,43,-143
IQ:12,104,2,-181,-39
IQ:13,112,255,-14,184
IQ:14,120,10,223,37
IQ:15,128,255,30,-195
IQ:16,136,3,-135,13
IQ:17,144,255,41,103
IQ:18,152,9,96,-151
IQ:19,160,255,-134,-145
IQ:20,168,4,-113,53
IQ:21,176,255,78,95
IQ:22,184,8,65,-110
IQ:23,192,255,-133,-77
IQ:24,200,7,-109,155
IQ:25,208,255,161,90
IQ:26,216,6,81,-127
IQ:27,224,255,-139,-59
IQ:28,232,5,-57,110
IQ:29,240,255,124,20
IQ:30,248,12,30,-146
IQ:31,256,255,-144,-18
IQ:32,264,1,11,135
IQ:33,272,255,138,-39
IQ:34,280,2,-66,-171
IQ:35,288,255,-161,74
SW:2
RR:3
SS:3
FR:2480
ME:359
MA:353
KE:359
KA:355
DF_END

Data arrived...
DF_BEGIN
IQ:0,0,11,-160,-83
IQ:1,8,11,-69,156
IQ:2,16,11,168,43
IQ:3,24,11,33,-164
IQ:4,32,11,-166,-13
IQ:5,40,11,0,173
IQ:6,48,11,168,-19
IQ:7,56,11,-28,-169
IQ:8,72,12,30,191
IQ:9,80,255,175,-40
IQ:10,88,1,-42,-125
IQ:11,96,255,-97,57
IQ:12,104,2,120,30
IQ:13,112,255,47,-156
IQ:14,120,10,-176,-72
IQ:15,128,255,-106,164
IQ:16,136,3,54,45
IQ:17,144,255,13,-98
IQ:18,152,9,-141,-10
IQ:19,160,255,-24,152
IQ:20,168,4,86,36
IQ:21,176,255,-8,-111
IQ:22,184,8,-119,22
IQ:23,192,255,61,108
IQ:24,200,7,144,-136
IQ:25,208,255,-122,-177
IQ:26,216,6,-162,76
IQ:27,224,255,91,181
IQ:28,232,5,179,-25
IQ:29,240,255,-75,-127
IQ:30,248,12,-150,135
IQ:31,256,255,116,139
IQ:32,264,1,71,-100
IQ:33,272,255,-115,-39
IQ:34,280,2,42,126
IQ:35,288,255,155,-45
SW:2
RR:3
SS:3
FR:2426
ME:2
MA:5
KE:359
KA:356
DF_END

Data arrived...
DF_BEGIN
IQ:0,0,11,145,-161
IQ:1,8,11,-177,-130
IQ:2,16,11,-114,183
IQ:3,24,11,189,89
IQ:4,32,11,60,-210
IQ:5,40,11,-207,-59
IQ:6,48,11,-42,217
IQ:7,56,11,209,29
IQ:8,72,12,-197,-45
IQ:9,80,255,-28,180
IQ:10,88,1,159,-10
IQ:11,96,255,-20,-161
IQ:12,104,2,-118,28
IQ:13,112,255,75,112
IQ:14,120,10,143,-148
IQ:15,128,255,-154,-166
IQ:16,136,3,-154,104
IQ:17,144,255,105,121
IQ:18,152,9,67,-135
IQ:19,160,255,-170,-74
IQ:20,168,4,-147,151
IQ:21,176,255,141,94
IQ:22,184,8,29,-162
IQ:23,192,255,-165,-15
IQ:24,200,7,26,173
IQ:25,208,255,186,-28
IQ:26,216,6,-35,-176
IQ:27,224,255,-179,81
IQ:28,232,5,69,210
IQ:29,240,255,201,-78
IQ:30,248,12,-81,-184
IQ:31,256,255,-161,94
IQ:32,264,1,92,130
IQ:33,272,255,122,-103
IQ:34,280,2,-97,-86
IQ:35,288,255,-47,125
SW:2
RR:3
SS:3
FR:2402
ME:359
MA:353
KE:359
KA:356
DF_END

Data arrived...
DF_BEGIN
IQ:0,0,11,150,19
IQ:1,8,11,0,-150
IQ:2,16,11,-148,19
IQ:3,24,11,28,150
IQ:4,32,11,145,-32
IQ:5,40,11,-57,-139
IQ:6,48,11,-132,76
IQ:7,56,11,82,129
IQ:8,72,12,-64,-124
IQ:9,80,255,-107,69
IQ:10,88,1,81,80
IQ:11,96,255,72,-88
IQ:12,104,2,-74,-51
IQ:13,112,255,-24,90
IQ:14,120,10,148,8
IQ:15,128,255,28,-158
IQ:16,136,3,-124,-44
IQ:17,144,255,-21,104
IQ:18,152,9,104,-14
IQ:19,160,255,-37,-121
IQ:20,168,4,-143,12
IQ:21,176,255,27,119
IQ:22,184,8,96,-55
IQ:23,192,255,-64,-101
IQ:24,200,7,-81,89
IQ:25,208,255,102,82
IQ:26,216,6,87,-100
IQ:27,224,255,-117,-77
IQ:28,232,5,-93,124
IQ:29,240,255,125,80
IQ:30,248,12,76,-121
IQ:31,256,255,-112,-56
IQ:32,264,1,-29,106
IQ:33,272,255,112,23
IQ:34,280,2,4,-87
IQ:35,288,255,-98,35
SW:2
RR:3
SS:3
FR:2402
ME:359
MA:353
KE:359
KA:355
DF_END

Data arrived...
DF_BEGIN
IQ:0,0,11,181,-55
IQ:1,8,11,-72,-180
IQ:2,16,11,-177,78
IQ:3,24,11,102,155
IQ:4,32,11,144,-121
IQ:5,40,11,-124,-139
IQ:6,48,11,-130,139
IQ:7,56,11,153,102
IQ:8,72,12,-119,-81
IQ:9,80,255,-62,132
IQ:10,88,1,130,56
IQ:11,96,255,34,-134
IQ:12,104,2,-183,4
IQ:13,112,255,-1,191
IQ:14,120,10,225,12
IQ:15,128,255,22,-189
IQ:16,136,3,-136,34
IQ:17,144,255,39,101
IQ:18,152,9,84,-150
IQ:19,160,255,-151,-117
IQ:20,168,4,-109,65
IQ:21,176,255,76,94
IQ:22,184,8,46,-111
IQ:23,192,255,-146,-54
IQ:24,200,7,-108,162
IQ:25,208,255,158,94
IQ:26,216,6,64,-133
IQ:27,224,255,-147,-59
IQ:28,232,5,-43,117
IQ:29,240,255,127,29
IQ:30,248,12,25,-139
IQ:31,256,255,-139,1
IQ:32,264,1,20,145
IQ:33,272,255,132,-42
IQ:34,280,2,-83,-159
IQ:35,288,255,-147,96
SW:2
RR:3
SS:3
FR:2480
ME:359
MA:353
KE:359
KA:355
DF_END

Data arrived...
DF_BEGIN
IQ:0,0,11,-96,140
IQ:1,8,11,145,84
IQ:2,16,11,62,-162
IQ:3,24,11,-168,-51
IQ:4,32,11,-46,168
IQ:5,40,11,170,35
IQ:6,48,11,16,-174
IQ:7,56,11,-172,3
IQ:8,72,12,197,-21
IQ:9,80,255,8,-179
IQ:10,88,1,-129,15
IQ:11,96,255,44,103
IQ:12,104,2,47,-118
IQ:13,112,255,-155,-74
IQ:14,120,10,-110,149
IQ:15,128,255,141,116
IQ:16,136,3,53,-56
IQ:17,144,255,-90,-22
IQ:18,152,9,-31,125
IQ:19,160,255,145,53
IQ:20,168,4,53,-80
IQ:21,176,255,-105,-16
IQ:22,184,8,4,114
IQ:23,192,255,121,-36
IQ:24,200,7,-100,-165
IQ:25,208,255,-193,100
IQ:26,216,6,51,170
IQ:27,224,255,188,-69
IQ:28,232,5,7,-175
IQ:29,240,255,-134,62
IQ:30,248,12,118,161
IQ:31,256,255,142,-113
IQ:32,264,1,-92,-94
IQ:33,272,255,-65,97
IQ:34,280,2,128,-8
IQ:35,288,255,-8,-169
SW:2
RR:3
SS:3
FR:2426
ME:359
MA:353
KE:359
KA:355
DF_END

Data arrived...
DF_BEGIN
IQ:0,0,11,156,66
IQ:1,8,11,38,-163
IQ:2,16,11,-162,-30
IQ:3,24,11,-19,164
IQ:4,32,11,167,-1
IQ:5,40,11,-14,-170
IQ:6,48,11,-164,25
IQ:7,56,11,32,162
IQ:8,72,12,-56,-183
IQ:9,80,255,-172,56
IQ:10,88,1,58,109
IQ:11,96,255,87,-78
IQ:12,104,2,-125,-18
IQ:13,112,255,-29,163
IQ:14,120,10,176,65
IQ:15,128,255,90,-161
IQ:16,136,3,-61,-34
IQ:17,144,255,12,94
IQ:18,152,9,137,-14
IQ:19,160,255,14,-159
IQ:20,168,4,-88,-26
IQ:21,176,255,16,106
IQ:22,184,8,115,-37
IQ:23,192,255,-66,-104
IQ:24,200,7,-128,137
IQ:25,208,255,153,152
IQ:26,216,6,152,-101
IQ:27,224,255,-118,-163
IQ:28,232,5,-167,54
IQ:29,240,255,96,120
IQ:30,248,12,121,-153
IQ:31,256,255,-135,-123
IQ:32,264,1,-71,109
IQ:33,272,255,112,44
IQ:34,280,2,-55,-115
IQ:35,288,255,-160,57
SW:2
RR:3
SS:3
FR:2426
ME:359
MA:353
KE:359
KA:354
DF_END

Data arrived...
DF_BEGIN
IQ:0,0,11,-35,153
IQ:1,8,11,150,19
IQ:2,16,11,2,-149
IQ:3,24,11,-151,24
IQ:4,32,11,29,143
IQ:5,40,11,144,-50
IQ:6,48,11,-59,-142
IQ:7,56,11,-134,70
IQ:8,72,12,129,-66
IQ:9,80,255,-66,-113
IQ:10,88,1,-87,68
IQ:11,96,255,76,82
IQ:12,104,2,53,-73
IQ:13,112,255,-90,-23
IQ:14,120,10,-14,150
IQ:15,128,255,159,31
IQ:16,136,3,55,-120
IQ:17,144,255,-105,-28
IQ:18,152,9,12,100
IQ:19,160,255,128,-29
IQ:20,168,4,12,-140
IQ:21,176,255,-118,5
IQ:22,184,8,47,100
IQ:23,192,255,99,-63
IQ:24,200,7,-85,-87
IQ:25,208,255,-91,101
IQ:26,216,6,91,99
IQ:27,224,255,92,-100
IQ:28,232,5,-112,-99
IQ:29,240,255,-88,117
IQ:30,248,12,112,77
IQ:31,256,255,68,-112
IQ:32,264,1,-102,-45
IQ:33,272,255,-25,111
IQ:34,280,2,87,2
IQ:35,288,255,-27,-100
SW:2
RR:3
SS:3
FR:2402
ME:359
MA:353
KE:359
KA:354
DF_END

Data arrived...
DF_BEGIN
IQ:0,0,11,-124,149
IQ:1,8,11,153,97
IQ:2,16,11,78,-173
IQ:3,24,11,-184,-62
IQ:4,32,11,-25,187
IQ:5,40,11,193,15
IQ:6,48,11,-9,-191
IQ:7,56,11,-196,21
IQ:8,72,12,140,11
IQ:9,80,255,-17,-137
IQ:10,88,1,-144,32
IQ:11,96,255,57,128
IQ:12,104,2,141,-118
IQ:13,112,255,-120,-149
IQ:14,120,10,-194,129
IQ:15,128,255,93,169
IQ:16,136,3,81,-105
IQ:17,144,255,-109,-41
IQ:18,152,9,10,176
IQ:19,160,255,193,13
IQ:20,168,4,54,-116
IQ:21,176,255,-122,-33
IQ:22,184,8,18,129
IQ:23,192,255,142,-39
IQ:24,200,7,-45,-203
IQ:25,208,255,-187,33
IQ:26,216,6,43,136
IQ:27,224,255,146,-50
IQ:28,232,5,-45,-129
IQ:29,240,255,-122,52
IQ:30,248,12,73,118
IQ:31,256,255,102,-94
IQ:32,264,1,-109,-88
IQ:33,272,255,-72,129
IQ:34,280,2,164,71
IQ:35,288,255,28,-174
SW:2
RR:3
SS:3
FR:2480
ME:2
MA:5
KE:359
KA:355
DF_END

Data arrived...
DF_BEGIN
IQ:0,0,11,13,154
IQ:1,8,11,286,9
IQ:2,16,11,-98,-169
IQ:3,24,11,-189,146
IQ:4,32,11,152,123
IQ:5,40,11,89,-158
IQ:6,48,11,-132,-71
IQ:7,56,11,-102,106
IQ:8,72,12,158,-97
IQ:9,80,255,-185,-82
IQ:10,88,1,-51,122
IQ:11,96,255,100,31
IQ:12,104,2,-83,-93
IQ:13,112,255,-156,36
IQ:14,120,10,65,182
IQ:15,128,255,186,-11
IQ:16,136,3,-7,-58
IQ:17,144,255,-105,19
IQ:18,152,9,66,83
IQ:19,160,255,147,-90
IQ:20,168,4,-37,-137
IQ:21,176,255,-151,-23
IQ:22,184,8,89,88
IQ:23,192,255,87,-121
IQ:24,200,7,-265,-68
IQ:25,208,255,-110,221
IQ:26,216,6,184,91
IQ:27,224,255,115,-192
IQ:28,232,5,-206,-97
IQ:29,240,255,-63,137
IQ:30,248,12,241,-19
IQ:31,256,255,-9,-192
IQ:32,264,1,-92,59
IQ:33,272,255,-15,115
IQ:34,280,2,136,-128
IQ:35,288,255,-107,-118
SW:2
RR:3
SS:3
FR:2426
ME:5
MA:5
KE:0
KA:356
DF_END

Data arrived...
DF_BEGIN
IQ:0,0,11,-69,-137
IQ:1,8,11,-125,86
IQ:2,16,11,93,123
IQ:3,24,11,122,-89
IQ:4,32,11,-106,-112
IQ:5,40,11,-101,113
IQ:6,48,11,122,86
IQ:7,56,11,64,-136
IQ:8,72,12,-61,124
IQ:9,80,255,120,57
IQ:10,88,1,35,-109
IQ:11,96,255,-109,-25
IQ:12,104,2,1,85
IQ:13,112,255,84,-38
IQ:14,120,10,-77,-134
IQ:15,128,255,-144,55
IQ:16,136,3,19,124
IQ:17,144,255,104,-32
IQ:18,152,9,-65,-80
IQ:19,160,255,-91,91
IQ:20,168,4,77,119
IQ:21,176,255,92,-77
IQ:22,184,8,-101,-52
IQ:23,192,255,-52,100
IQ:24,200,7,113,17
IQ:25,208,255,18,-130
IQ:26,216,6,-127,-42
IQ:27,224,255,-21,134
IQ:28,232,5,149,7
IQ:29,240,255,-9,-150
IQ:30,248,12,-142,-1
IQ:31,256,255,2,125
IQ:32,264,1,111,-22
IQ:33,272,255,-39,-103
IQ:34,280,2,-73,45
IQ:35,288,255,76,62
SW:2
RR:3
SS:3
FR:2402
ME:359
MA:353
KE:0
KA:356
DF_END

Data arrived...
DF_BEGIN
IQ:0,0,11,89,-176
IQ:1,8,11,-185,-74
IQ:2,16,11,-45,181
IQ:3,24,11,194,26
IQ:4,32,11,0,-191
IQ:5,40,11,-192,21
IQ:6,48,11,36,189
IQ:7,56,11,189,-51
IQ:8,72,12,-141,29
IQ:9,80,255,46,135
IQ:10,88,1,136,-65
IQ:11,96,255,-90,-120
IQ:12,104,2,-114,137
IQ:13,112,255,159,122
IQ:14,120,10,167,-173
IQ:15,128,255,-144,-143
IQ:16,136,3,-69,115
IQ:17,144,255,111,31
IQ:18,152,9,-21,-173
IQ:19,160,255,-194,-2
IQ:20,168,4,-34,123
IQ:21,176,255,123,1
IQ:22,184,8,-52,-123
IQ:23,192,255,-139,69
IQ:24,200,7,85,190
IQ:25,208,255,191,-63
IQ:26,216,6,-52,-140
IQ:27,224,255,-142,70
IQ:28,232,5,54,127
IQ:29,240,255,108,-78
IQ:30,248,12,-95,-109
IQ:31,256,255,-87,116
IQ:32,264,1,131,76
IQ:33,272,255,46,-136
IQ:34,280,2,-184,-39
IQ:35,288,255,-22,175
SW:2
RR:3
SS:3
FR:2480
ME:2
MA:5
KE:0
KA:357
DF_END

Data arrived...
DF_BEGIN
IQ:0,0,11,-70,-94
IQ:1,8,11,-117,114
IQ:2,16,11,79,100
IQ:3,24,11,119,-92
IQ:4,32,11,-109,-82
IQ:5,40,11,-68,81
IQ:6,48,11,143,88
IQ:7,56,11,16,-117
IQ:8,72,12,-49,185
IQ:9,80,255,115,77
IQ:10,88,1,-8,-126
IQ:11,96,255,-101,-24
IQ:12,104,2,104,150
IQ:13,112,255,146,-21
IQ:14,120,10,-23,-174
IQ:15,128,255,-103,91
IQ:16,136,3,16,24
IQ:17,144,255,55,-86
IQ:18,152,9,-85,-64
IQ:19,160,255,-51,64
IQ:20,168,4,55,80
IQ:21,176,255,14,-23
IQ:22,184,8,-98,-25
IQ:23,192,255,21,103
IQ:24,200,7,192,-22
IQ:25,208,255,29,-148
IQ:26,216,6,-141,-14
IQ:27,224,255,-23,140
IQ:28,232,5,170,-1
IQ:29,240,255,81,-116
IQ:30,248,12,-155,6
IQ:31,256,255,-13,154
IQ:32,264,1,135,-76
IQ:33,272,255,-52,-84
IQ:34,280,2,-8,90
IQ:35,288,255,147,4
SW:2
RR:3
SS:3
FR:2426
ME:2
MA:353
KE:0
KA:356
DF_END

Data arrived...
DF_BEGIN
IQ:0,0,11,-142,45
IQ:1,8,11,64,133
IQ:2,16,11,140,-78
IQ:3,24,11,-84,-135
IQ:4,32,11,-116,101
IQ:5,40,11,109,112
IQ:6,48,11,112,-104
IQ:7,56,11,-116,-88
IQ:8,72,12,99,94
IQ:9,80,255,84,-98
IQ:10,88,1,-98,-61
IQ:11,96,255,-47,101
IQ:12,104,2,84,13
IQ:13,112,255,-18,-95
IQ:14,120,10,-144,50
IQ:15,128,255,34,153
IQ:16,136,3,135,10
IQ:17,144,255,-10,-109
IQ:18,152,9,-87,57
IQ:19,160,255,79,104
IQ:20,168,4,136,-49
IQ:21,176,255,-56,-107
IQ:22,184,8,-82,80
IQ:23,192,255,98,64
IQ:24,200,7,46,-115
IQ:25,208,255,-125,-45
IQ:26,216,6,-52,122
IQ:27,224,255,130,29
IQ:28,232,5,25,-154
IQ:29,240,255,-150,-24
IQ:30,248,12,-37,138
IQ:31,256,255,127,25
IQ:32,264,1,-1,-117
IQ:33,272,255,-109,12
IQ:34,280,2,27,79
IQ:35,288,255,71,-66
SW:2
RR:3
SS:3
FR:2402
ME:359
MA:353
KE:0
KA:356
DF_END

Data arrived...
DF_BEGIN
IQ:0,0,11,99,-163
IQ:1,8,11,-177,-88
IQ:2,16,11,-75,172
IQ:3,24,11,187,57
IQ:4,32,11,36,-187
IQ:5,40,11,-198,-8
IQ:6,48,11,2,187
IQ:7,56,11,189,-38
IQ:8,72,12,-140,3
IQ:9,80,255,27,145
IQ:10,88,1,144,-28
IQ:11,96,255,-62,-137
IQ:12,104,2,-142,110
IQ:13,112,255,135,136
IQ:14,120,10,192,-139
IQ:15,128,255,-100,-164
IQ:16,136,3,-83,101
IQ:17,144,255,111,36
IQ:18,152,9,-34,-181
IQ:19,160,255,-195,-5
IQ:20,168,4,-41,121
IQ:21,176,255,127,24
IQ:22,184,8,-36,-124
IQ:23,192,255,-140,57
IQ:24,200,7,50,205
IQ:25,208,255,200,-33
IQ:26,216,6,-21,-146
IQ:27,224,255,-145,58
IQ:28,232,5,49,125
IQ:29,240,255,110,-78
IQ:30,248,12,-79,-125
IQ:31,256,255,-111,83
IQ:32,264,1,115,87
IQ:33,272,255,68,-141
IQ:34,280,2,-177,-62
IQ:35,288,255,-37,173
SW:2
RR:3
SS:3
FR:2480
ME:359
MA:353
KE:0
KA:356
DF_END

Data arrived...
DF_BEGIN
IQ:0,0,11,148,-121
IQ:1,8,11,-151,-124
IQ:2,16,11,-103,158
IQ:3,24,11,177,83
IQ:4,32,11,61,-174
IQ:5,40,11,-190,-41
IQ:6,48,11,-42,183
IQ:7,56,11,189,-2
IQ:8,72,12,-144,-17
IQ:9,80,255,4,141
IQ:10,88,1,142,-2
IQ:11,96,255,-29,-137
IQ:12,104,2,-165,75
IQ:13,112,255,95,165
IQ:14,120,10,210,-104
IQ:15,128,255,-73,-178
IQ:16,136,3,-92,86
IQ:17,144,255,102,55
IQ:18,152,9,3,-173
IQ:19,160,255,-185,-42
IQ:20,168,4,-69,106
IQ:21,176,255,120,52
IQ:22,184,8,0,-129
IQ:23,192,255,-151,30
IQ:24,200,7,0,204
IQ:25,208,255,194,7
IQ:26,216,6,1,-142
IQ:27,224,255,-152,17
IQ:28,232,5,15,135
IQ:29,240,255,125,-36
IQ:30,248,12,-67,-131
IQ:31,256,255,-121,73
IQ:32,264,1,95,106
IQ:33,272,255,96,-115
IQ:34,280,2,-146,-101
IQ:35,288,255,-79,158
SW:2
RR:3
SS:3
FR:2480
ME:2
MA:5
KE:0
KA:357
DF_END

Data arrived...
DF_BEGIN
IQ:0,0,11,-131,-114
IQ:1,8,11,-95,143
IQ:2,16,11,157,79
IQ:3,24,11,71,-159
IQ:4,32,11,-168,-60
IQ:5,40,11,-31,176
IQ:6,48,11,171,31
IQ:7,56,11,8,-176
IQ:8,72,12,-16,201
IQ:9,80,255,182,9
IQ:10,88,1,-20,-125
IQ:11,96,255,-112,37
IQ:12,104,2,120,62
IQ:13,112,255,77,-143
IQ:14,120,10,-154,-115
IQ:15,128,255,-137,133
IQ:16,136,3,54,56
IQ:17,144,255,27,-102
IQ:18,152,9,-130,-26
IQ:19,160,255,-41,150
IQ:20,168,4,82,51
IQ:21,176,255,10,-114
IQ:22,184,8,-123,-2
IQ:23,192,255,23,127
IQ:24,200,7,185,-84
IQ:25,208,255,-62,-209
IQ:26,216,6,-172,36
IQ:27,224,255,60,189
IQ:28,232,5,178,-4
IQ:29,240,255,-36,-150
IQ:30,248,12,-178,93
IQ:31,256,255,89,157
IQ:32,264,1,105,-76
IQ:33,272,255,-84,-78
IQ:34,280,2,5,135
IQ:35,288,255,167,-5
SW:2
RR:3
SS:3
FR:2426
ME:359
MA:353
KE:0
KA:356
DF_END

Data arrived...
DF_BEGIN
IQ:0,0,11,-22,148
IQ:1,8,11,150,9
IQ:2,16,11,-12,-157
IQ:3,24,11,-156,15
IQ:4,32,11,33,148
IQ:5,40,11,147,-42
IQ:6,48,11,-51,-141
IQ:7,56,11,-135,66
IQ:8,72,12,128,-52
IQ:9,80,255,-62,-113
IQ:10,88,1,-98,66
IQ:11,96,255,78,81
IQ:12,104,2,48,-69
IQ:13,112,255,-90,-24
IQ:14,120,10,-4,148
IQ:15,128,255,159,26
IQ:16,136,3,50,-121
IQ:17,144,255,-109,-32
IQ:18,152,9,12,99
IQ:19,160,255,122,-34
IQ:20,168,4,4,-145
IQ:21,176,255,-123,6
IQ:22,184,8,37,105
IQ:23,192,255,96,-57
IQ:24,200,7,-83,-86
IQ:25,208,255,-92,96
IQ:26,216,6,91,98
IQ:27,224,255,81,-102
IQ:28,232,5,-124,-97
IQ:29,240,255,-95,117
IQ:30,248,12,110,81
IQ:31,256,255,61,-115
IQ:32,264,1,-109,-45
IQ:33,272,255,-30,110
IQ:34,280,2,82,4
IQ:35,288,255,-31,-100
SW:2
RR:3
SS:3
FR:2402
ME:359
MA:353
KE:0
KA:356
DF_END