ME:359
MA:353
KE:359
KA:356
DF_END

Data arrived...
DF_BEGIN
IQ:0,0,11,59,-141
IQ:1,8,11,-154,-45
IQ:2,16,11,-26,161
IQ:3,24,11,158,-6
IQ:4,32,11,-32,-156
IQ:5,40,11,-158,35
IQ:6,48,11,53,153
IQ:7,56,11,149,-63
IQ:8,72,12,-87,85
IQ:9,80,255,109,45
IQ:10,88,1,82,-177
IQ:11,96,255,-143,-40
IQ:12,104,2,29,203
IQ:13,112,255,185,20
IQ:14,120,10,48,-75
IQ:15,128,255,-52,34
IQ:16,136,3,115,203
IQ:17,144,255,166,-36
IQ:18,152,9,-15,-8
IQ:19,160,255,-38,100
IQ:20,168,4,77,196
IQ:21,176,255,128,-29
IQ:22,184,8,-90,-2
IQ:23,192,255,-11,98
IQ:24,200,7,42,-36
IQ:25,208,255,-44,-89
IQ:26,216,6,-117,-9
IQ:27,224,255,-10,137
IQ:28,232,5,85,74
IQ:29,240,255,28,-68
IQ:30,248,12,-128,-13
IQ:31,256,255,28,119
IQ:32,264,1,174,-51
IQ:33,272,255,-63,-129
IQ:34,280,2,-139,155
IQ:35,288,255,129,169
SW:2
RR:3
SS:3
FR:2426
ME:356
MA:353
KE:359
KA:355
DF_END

Data arrived...
DF_BEGIN
IQ:0,0,11,-121,106
IQ:1,8,11,120,103
IQ:2,16,11,81,-131
IQ:3,24,11,-138,-72
IQ:4,32,11,-57,145
IQ:5,40,11,154,39
IQ:6,48,11,30,-152
IQ:7,56,11,-149,-13
IQ:8,72,12,183,41
IQ:9,80,255,-11,-155
IQ:10,88,1,-242,47
IQ:11,96,255,81,172
IQ:12,104,2,198,-220
IQ:13,112,255,-159,-193
IQ:14,120,10,-93,79
IQ:15,128,255,127,35
IQ:16,136,3,100,-282
IQ:17,144,255,-212,-138
IQ:18,152,9,-33,152
IQ:19,160,255,186,27
IQ:20,168,4,111,-178
IQ:21,176,255,-122,-68
IQ:22,184,8,63,117
IQ:23,192,255,131,-57
IQ:24,200,7,-56,-69
IQ:25,208,255,-87,90
IQ:26,216,6,82,127
IQ:27,224,255,139,-87
IQ:28,232,5,-38,-138
IQ:29,240,255,-114,77
IQ:30,248,12,78,177
IQ:31,256,255,118,-104
IQ:32,264,1,-203,-135
IQ:33,272,255,-87,175
IQ:34,280,2,282,8
IQ:35,288,255,32,-265
SW:2
RR:3
SS:3
FR:2402
ME:359
MA:353
KE:359
KA:355
DF_END

Data arrived...
DF_BEGIN
IQ:0,0,11,40,165
IQ:1,8,11,150,-55
IQ:2,16,11,-80,-138
IQ:3,24,11,-126,102
IQ:4,32,11,105,123
IQ:5,40,11,118,-116
IQ:6,48,11,-127,-108
IQ:7,56,11,-96,137
IQ:8,72,12,137,-152
IQ:9,80,255,-154,-55
IQ:10,88,1,-43,256
IQ:11,96,255,197,32
IQ:12,104,2,-111,-265
IQ:13,112,255,-255,66
IQ:14,120,10,16,135
IQ:15,128,255,111,-79
IQ:16,136,3,-186,-226
IQ:17,144,255,-199,141
IQ:18,152,9,113,91
IQ:19,160,255,104,-155
IQ:20,168,4,-126,-182
IQ:21,176,255,-127,82
IQ:22,184,8,118,7
IQ:23,192,255,10,-135
IQ:24,200,7,-80,-8
IQ:25,208,255,35,104
IQ:26,216,6,148,-9
IQ:27,224,255,-22,-166
IQ:28,232,5,-150,-11
IQ:29,240,255,29,147
IQ:30,248,12,204,-16
IQ:31,256,255,-64,-162
IQ:32,264,1,-220,115
IQ:33,272,255,109,160
IQ:34,280,2,126,-258
IQ:35,288,255,-226,-147
SW:2
RR:3
SS:3
FR:2402
ME:359
MA:5
KE:359
KA:356
DF_END

Data arrived...
DF_BEGIN
IQ:0,0,11,-163,102
IQ:1,8,11,119,157
IQ:2,16,11,122,-128
IQ:3,24,11,-162,-91
IQ:4,32,11,-79,170
IQ:5,40,11,178,79
IQ:6,48,11,49,-174
IQ:7,56,11,-184,-18
IQ:8,72,12,229,-101
IQ:9,80,255,-180,-209
IQ:10,88,1,-292,165
IQ:11,96,255,215,216
IQ:12,104,2,300,-393
IQ:13,112,255,-306,-322
IQ:14,120,10,-115,33
IQ:15,128,255,206,-2
IQ:16,136,3,236,-447
IQ:17,144,255,-231,-173
IQ:18,152,9,225,196
IQ:19,160,255,364,-182
IQ:20,168,4,187,-273
IQ:21,176,255,-169,-62
IQ:22,184,8,219,168
IQ:23,192,255,216,-196
IQ:24,200,7,-115,-80
IQ:25,208,255,-101,199
IQ:26,216,6,205,184
IQ:27,224,255,235,-182
IQ:28,232,5,-12,-131
IQ:29,240,255,-58,93
IQ:30,248,12,229,132
IQ:31,256,255,82,-249
IQ:32,264,1,-316,-73
IQ:33,272,255,-5,326
IQ:34,280,2,485,-19
IQ:35,288,255,54,-439
SW:2
RR:3
SS:3
FR:2480
ME:359
MA:353
KE:358
KA:356
DF_END

Data arrived...
DF_BEGIN
IQ:0,0,11,95,-137
IQ:1,8,11,-147,-80
IQ:2,16,11,-73,166
IQ:3,24,11,163,54
IQ:4,32,11,18,-166
IQ:5,40,11,-174,-5
IQ:6,48,11,18,180
IQ:7,56,11,158,-31
IQ:8,72,12,-176,194
IQ:9,80,255,234,138
IQ:10,88,1,169,-262
IQ:11,96,255,-305,-84
IQ:12,104,2,-108,462
IQ:13,112,255,389,169
IQ:14,120,10,97,-73
IQ:15,128,255,-160,88
IQ:16,136,3,19,481
IQ:17,144,255,292,58
IQ:18,152,9,-245,-9
IQ:19,160,255,-188,294
IQ:20,168,4,-82,329
IQ:21,176,255,146,35
IQ:22,184,8,-239,6
IQ:23,192,255,-64,269
IQ:24,200,7,98,53
IQ:25,208,255,-15,-160
IQ:26,216,6,-271,-53
IQ:27,224,255,-136,245
IQ:28,232,5,2,120
IQ:29,240,255,-19,-75
IQ:30,248,12,-269,20
IQ:31,256,255,35,260
IQ:32,264,1,313,-45
IQ:33,272,255,-138,-258
IQ:34,280,2,-391,264
IQ:35,288,255,131,389
SW:2
RR:3
SS:3
FR:2480
ME:359
MA:353
KE:358
KA:355
DF_END

Data arrived...
DF_BEGIN
IQ:0,0,11,58,138
IQ:1,8,11,119,-78
IQ:2,16,11,-93,-116
IQ:3,24,11,-107,107
IQ:4,32,11,118,96
IQ:5,40,11,79,-120
IQ:6,48,11,-142,-57
IQ:7,56,11,-64,139
IQ:8,72,12,21,-123
IQ:9,80,255,-113,24
IQ:10,88,1,41,192
IQ:11,96,255,140,-39
IQ:12,104,2,-166,-119
IQ:13,112,255,-141,132
IQ:14,120,10,17,75
IQ:15,128,255,17,-64
IQ:16,136,3,-209,-75
IQ:17,144,255,-108,143
IQ:18,152,9,20,4
IQ:19,160,255,-41,-102
IQ:20,168,4,-206,-74
IQ:21,176,255,-75,121
IQ:22,184,8,61,-62
IQ:23,192,255,-56,-79
IQ:24,200,7,-7,53
IQ:25,208,255,92,34
IQ:26,216,6,96,-66
IQ:27,224,255,-72,-109
IQ:28,232,5,-121,10
IQ:29,240,255,38,92
IQ:30,248,12,101,-70
IQ:31,256,255,-97,-58
IQ:32,264,1,-116,169
IQ:33,272,255,122,76
IQ:34,280,2,0,-203
IQ:35,288,255,-212,-13
SW:2
RR:3
SS:3
FR:2426
ME:356
MA:359
KE:358
KA:356
DF_END

Data arrived...
DF_BEGIN
IQ:0,0,11,62,226
IQ:1,8,11,228,-87
IQ:2,16,11,-116,-201
IQ:3,24,11,-205,149
IQ:4,32,11,157,183
IQ:5,40,11,178,-165
IQ:6,48,11,-182,-173
IQ:7,56,11,-142,194
IQ:8,72,12,285,-133
IQ:9,80,255,-180,-111
IQ:10,88,1,-104,429
IQ:11,96,255,310,7
IQ:12,104,2,-240,-510
IQ:13,112,255,-447,118
IQ:14,120,10,27,139
IQ:15,128,255,88,-197
IQ:16,136,3,-410,-413
IQ:17,144,255,-378,236
IQ:18,152,9,189,93
IQ:19,160,255,137,-274
IQ:20,168,4,-188,-335
IQ:21,176,255,-197,87
IQ:22,184,8,242,-54
IQ:23,192,255,-49,-215
IQ:24,200,7,-49,101
IQ:25,208,255,165,136
IQ:26,216,6,208,-61
IQ:27,224,255,-66,-248
IQ:28,232,5,-241,-41
IQ:29,240,255,15,236
IQ:30,248,12,316,76
IQ:31,256,255,-48,-186
IQ:32,264,1,-378,223
IQ:33,272,255,191,261
IQ:34,280,2,232,-505
IQ:35,288,255,-430,-274
SW:2
RR:3
SS:3
FR:2402
ME:356
MA:2
KE:358
KA:356
DF_END

Data arrived...
DF_BEGIN
IQ:0,0,11,43,-167
IQ:1,8,11,-173,-34
IQ:2,16,11,-20,156
IQ:3,24,11,161,-12
IQ:4,32,11,-39,-175
IQ:5,40,11,-165,30
IQ:6,48,11,59,149
IQ:7,56,11,147,-96
IQ:8,72,12,-98,239
IQ:9,80,255,264,34
IQ:10,88,1,47,-299
IQ:11,96,255,-302,39
IQ:12,104,2,37,435
IQ:13,112,255,397,54
IQ:14,120,10,59,-37
IQ:15,128,255,-89,130
IQ:16,136,3,116,431
IQ:17,144,255,241,-24
IQ:18,152,9,-254,29
IQ:19,160,255,-116,319
IQ:20,168,4,34,282
IQ:21,176,255,111,-37
IQ:22,184,8,-243,100
IQ:23,192,255,26,271
IQ:24,200,7,91,-18
IQ:25,208,255,-90,-173
IQ:26,216,6,-263,19
IQ:27,224,255,-68,236
IQ:28,232,5,33,50
IQ:29,240,255,-92,-69
IQ:30,248,12,-251,112
IQ:31,256,255,120,225
IQ:32,264,1,249,-154
IQ:33,272,255,-218,-208
IQ:34,280,2,-298,312
IQ:35,288,255,243,297
SW:2
RR:3
SS:3
FR:2480
ME:359
MA:353
KE:358
KA:356
DF_END

Data arrived...
DF_BEGIN
IQ:0,0,11,-146,15
IQ:1,8,11,40,141
IQ:2,16,11,143,-48
IQ:3,24,11,-62,-134
IQ:4,32,11,-127,89
IQ:5,40,11,84,124
IQ:6,48,11,119,-97
IQ:7,56,11,-116,-97
IQ:8,72,12,115,64
IQ:9,80,255,9,-138
IQ:10,88,1,-211,-15
IQ:11,96,255,2,160
IQ:12,104,2,182,-117
IQ:13,112,255,-65,-200
IQ:14,120,10,-87,11
IQ:15,128,255,86,37
IQ:16,136,3,150,-204
IQ:17,144,255,-122,-149
IQ:18,152,9,-10,50
IQ:19,160,255,129,14
IQ:20,168,4,169,-158
IQ:21,176,255,-95,-108
IQ:22,184,8,37,107
IQ:23,192,255,117,-25
IQ:24,200,7,-54,-56
IQ:25,208,255,-93,86
IQ:26,216,6,40,115
IQ:27,224,255,141,-39
IQ:28,232,5,26,-106
IQ:29,240,255,-92,5
IQ:30,248,12,35,124
IQ:31,256,255,87,-82
IQ:32,264,1,-145,-161
IQ:33,272,255,-127,99
IQ:34,280,2,222,70
IQ:35,288,255,95,-204
SW:2
RR:3
SS:3
FR:2426
ME:356
MA:353
KE:357
KA:356
DF_END

Data arrived...
DF_BEGIN
IQ:0,0,11,78,-161
IQ:1,8,11,-162,-68
IQ:2,16,11,-58,170
IQ:3,24,11,171,44
IQ:4,32,11,16,-176
IQ:5,40,11,-177,5
IQ:6,48,11,30,175
IQ:7,56,11,170,-54
IQ:8,72,12,-129,98
IQ:9,80,255,135,86
IQ:10,88,1,200,-187
IQ:11,96,255,-152,-125
IQ:12,104,2,-4,287
IQ:13,112,255,257,62
IQ:14,120,10,47,-93
IQ:15,128,255,-99,55
IQ:16,136,3,99,305
IQ:17,144,255,230,-35
IQ:18,152,9,-57,-35
IQ:19,160,255,-109,139
IQ:20,168,4,32,285
IQ:21,176,255,177,-9
IQ:22,184,8,-145,-40
IQ:23,192,255,-53,139
IQ:24,200,7,92,-56
IQ:25,208,255,-49,-155
IQ:26,216,6,-163,-36
IQ:27,224,255,-68,169
IQ:28,232,5,87,111
IQ:29,240,255,52,-103
IQ:30,248,12,-152,-67
IQ:31,256,255,6,141
IQ:32,264,1,265,-13
IQ:33,272,255,-48,-206
IQ:34,280,2,-214,200
IQ:35,288,255,167,227
SW:2
RR:3
SS:3
FR:2426
ME:356
MA:353
KE:357
KA:355
DF_END

Data arrived...
DF_BEGIN
IQ:0,0,11,122,-115
IQ:1,8,11,-124,-114
IQ:2,16,11,-95,133
IQ:3,24,11,147,83
IQ:4,32,11,71,-152
IQ:5,40,11,-158,-55
IQ:6,48,11,-41,159
IQ:7,56,11,165,18
IQ:8,72,12,-233,-96
IQ:9,80,255,-1,168
IQ:10,88,1,273,-119
IQ:11,96,255,-101,-204
IQ:12,104,2,-164,302
IQ:13,112,255,214,220
IQ:14,120,10,91,-77
IQ:15,128,255,-139,3
IQ:16,136,3,-63,372
IQ:17,144,255,269,108
IQ:18,152,9,6,-140
IQ:19,160,255,-207,26
IQ:20,168,4,-103,250
IQ:21,176,255,155,82
IQ:22,184,8,-104,-130
IQ:23,192,255,-142,75
IQ:24,200,7,60,41
IQ:25,208,255,43,-124
IQ:26,216,6,-101,-128
IQ:27,224,255,-145,118
IQ:28,232,5,61,169
IQ:29,240,255,143,-98
IQ:30,248,12,-108,-220
IQ:31,256,255,-116,116
IQ:32,264,1,280,126
IQ:33,272,255,64,-212
IQ:34,280,2,-332,80
IQ:35,288,255,7,334
SW:2
RR:3
SS:3
FR:2402
ME:359
MA:5
KE:357
KA:356
DF_END

Data arrived...
DF_BEGIN
IQ:0,0,11,-157,34
IQ:1,8,11,18,156
IQ:2,16,11,127,-45
IQ:3,24,11,-79,-108
IQ:4,32,11,-117,96
IQ:5,40,11,83,116
IQ:6,48,11,93,-106
IQ:7,56,11,-119,-75
IQ:8,72,12,263,-10
IQ:9,80,255,-65,-262
IQ:10,88,1,-292,63
IQ:11,96,255,124,263
IQ:12,104,2,384,-178
IQ:13,112,255,-79,-359
IQ:14,120,10,-23,-22
IQ:15,128,255,195,21
IQ:16,136,3,329,-266
IQ:17,144,255,-122,-189
IQ:18,152,9,149,257
IQ:19,160,255,357,-44
IQ:20,168,4,177,-112
IQ:21,176,255,-86,-44
IQ:22,184,8,238,210
IQ:23,192,255,248,-164
IQ:24,200,7,-106,-84
IQ:25,208,255,-134,175
IQ:26,216,6,113,231
IQ:27,224,255,221,-66
IQ:28,232,5,-30,-20
IQ:29,240,255,-23,140
IQ:30,248,12,198,171
IQ:31,256,255,138,-232
IQ:32,264,1,-233,-143
IQ:33,272,255,-108,287
IQ:34,280,2,387,159
IQ:35,288,255,180,-342
SW:2
RR:3
SS:3
FR:2480
ME:356
MA:353
KE:357
KA:356
DF_END

Data arrived...
DF_BEGIN
IQ:0,0,11,118,-34
IQ:1,8,11,-74,-127
IQ:2,16,11,-102,71
IQ:3,24,11,90,97
IQ:4,32,11,87,-103
IQ:5,40,11,-92,-67
IQ:6,48,11,-72,105
IQ:7,56,11,139,56
IQ:8,72,12,-224,105
IQ:9,80,255,106,227
IQ:10,88,1,219,-88
IQ:11,96,255,-166,-200
IQ:12,104,2,-322,228
IQ:13,112,255,144,312
IQ:14,120,10,52,27
IQ:15,128,255,-161,4
IQ:16,136,3,-275,291
IQ:17,144,255,146,168
IQ:18,152,9,-189,-180
IQ:19,160,255,-299,122
IQ:20,168,4,-167,140
IQ:21,176,255,53,40
IQ:22,184,8,-221,-113
IQ:23,192,255,-185,181
IQ:24,200,7,95,55
IQ:25,208,255,79,-176
IQ:26,216,6,-151,-187
IQ:27,224,255,-173,80
IQ:28,232,5,-15,-2
IQ:29,240,255,-38,-105
IQ:30,248,12,-223,-90
IQ:31,256,255,-81,214
IQ:32,264,1,212,98
IQ:33,272,255,8,-239
IQ:34,280,2,-404,-60
IQ:35,288,255,-129,320
SW:2
RR:3
SS:3
FR:2480
ME:356
MA:353
KE:357
KA:355
DF_END

Data arrived...
DF_BEGIN
IQ:0,0,11,32,-143
IQ:1,8,11,-154,-30
IQ:2,16,11,42,125
IQ:3,24,11,101,-29
IQ:4,32,11,-7,-153
IQ:5,40,11,-142,50
IQ:6,48,11,33,140
IQ:7,56,11,115,-109
IQ:8,72,12,-79,100
IQ:9,80,255,82,58
IQ:10,88,1,53,-157
IQ:11,96,255,-170,-43
IQ:12,104,2,50,205
IQ:13,112,255,201,-26
IQ:14,120,10,55,-91
IQ:15,128,255,-12,85
IQ:16,136,3,121,170
IQ:17,144,255,212,-34
IQ:18,152,9,4,-15
IQ:19,160,255,-48,111
IQ:20,168,4,119,193
IQ:21,176,255,153,-64
IQ:22,184,8,-108,20
IQ:23,192,255,-3,108
IQ:24,200,7,46,-49
IQ:25,208,255,-67,-90
IQ:26,216,6,-126,-6
IQ:27,224,255,-15,143
IQ:28,232,5,108,66
IQ:29,240,255,18,-90
IQ:30,248,12,-126,2
IQ:31,256,255,46,113
IQ:32,264,1,182,-83
IQ:33,272,255,-73,-138
IQ:34,280,2,-134,164
IQ:35,288,255,156,150
SW:2
RR:3
SS:3
FR:2426
ME:356
MA:5
KE:357
KA:356
DF_END

Data arrived...
DF_BEGIN
IQ:0,0,11,-230,114
IQ:1,8,11,120,232
IQ:2,16,11,204,-135
IQ:3,24,11,-164,-197
IQ:4,32,11,-159,198
IQ:5,40,11,185,155
IQ:6,48,11,140,-217
IQ:7,56,11,-226,-102
IQ:8,72,12,291,237
IQ:9,80,255,92,-245
IQ:10,88,1,-456,-7
IQ:11,96,255,33,341
IQ:12,104,2,440,-335
IQ:13,112,255,-210,-473
IQ:14,120,10,-213,27
IQ:15,128,255,156,106
IQ:16,136,3,317,-448
IQ:17,144,255,-317,-321
IQ:18,152,9,-102,202
IQ:19,160,255,278,119
IQ:20,168,4,298,-253
IQ:21,176,255,-127,-225
IQ:22,184,8,61,164
IQ:23,192,255,213,-47
IQ:24,200,7,-33,-64
IQ:25,208,255,-93,94
IQ:26,216,6,73,223
IQ:27,224,255,246,-66
IQ:28,232,5,23,-228
IQ:29,240,255,-233,52
IQ:30,248,12,20,368
IQ:31,256,255,239,-86
IQ:32,264,1,-291,-358
IQ:33,272,255,-240,236
IQ:34,280,2,558,111
IQ:35,288,255,184,-483
SW:2
RR:3
SS:3
FR:2402
ME:359
MA:359
KE:357
KA:357
DF_END

Data arrived...
DF_BEGIN
IQ:0,0,11,-34,-172
IQ:1,8,11,-147,6
IQ:2,16,11,51,159
IQ:3,24,11,155,-83
IQ:4,32,11,-96,-136
IQ:5,40,11,-126,90
IQ:6,48,11,121,121
IQ:7,56,11,126,-134
IQ:8,72,12,-13,259
IQ:9,80,255,278,-60
IQ:10,88,1,-34,-326
IQ:11,96,255,-275,113
IQ:12,104,2,221,439
IQ:13,112,255,422,-73
IQ:14,120,10,21,-109
IQ:15,128,255,-68,159
IQ:16,136,3,305,358
IQ:17,144,255,255,-129
IQ:18,152,9,-209,95
IQ:19,160,255,21,359
IQ:20,168,4,166,254
IQ:21,176,255,137,-117
IQ:22,184,8,-193,103
IQ:23,192,255,97,237
IQ:24,200,7,153,-38
IQ:25,208,255,-100,-159
IQ:26,216,6,-233,102
IQ:27,224,255,60,263
IQ:28,232,5,79,46
IQ:29,240,255,-60,-41
IQ:30,248,12,-207,143
IQ:31,256,255,201,175
IQ:32,264,1,216,-262
IQ:33,272,255,-273,-128
IQ:34,280,2,-140,430
IQ:35,288,255,386,208
SW:2
RR:3
SS:3
FR:2480
ME:359
MA:353
KE:357
KA:356
DF_END

Data arrived...
DF_BEGIN
IQ:0,0,11,4,-192
IQ:1,8,11,-201,4
IQ:2,16,11,16,189
IQ:3,24,11,193,-54
IQ:4,32,11,-68,-178
IQ:5,40,11,-172,96
IQ:6,48,11,104,157
IQ:7,56,11,147,-132
IQ:8,72,12,-59,282
IQ:9,80,255,311,-10
IQ:10,88,1,39,-362
IQ:11,96,255,-332,46
IQ:12,104,2,119,472
IQ:13,112,255,420,-58
IQ:14,120,10,27,-110
IQ:15,128,255,-83,183
IQ:16,136,3,275,427
IQ:17,144,255,291,-107
IQ:18,152,9,-266,84
IQ:19,160,255,-33,393
IQ:20,168,4,125,319
IQ:21,176,255,143,-96
IQ:22,184,8,-261,102
IQ:23,192,255,69,297
IQ:24,200,7,130,-38
IQ:25,208,255,-109,-193
IQ:26,216,6,-288,67
IQ:27,224,255,29,286
IQ:28,232,5,80,56
IQ:29,240,255,-84,-84
IQ:30,248,12,-279,145
IQ:31,256,255,178,205
IQ:32,264,1,235,-263
IQ:33,272,255,-273,-186
IQ:34,280,2,-240,427
IQ:35,288,255,351,306
SW:2
RR:3
SS:3
FR:2480
ME:359
MA:353
KE:357
KA:356
DF_END

Data arrived...
DF_BEGIN
IQ:0,0,11,-95,131
IQ:1,8,11,144,86
IQ:2,16,11,70,-147
IQ:3,24,11,-160,-49
IQ:4,32,11,-27,164
IQ:5,40,11,167,4
IQ:6,48,11,0,-169
IQ:7,56,11,-163,18
IQ:8,72,12,128,-58
IQ:9,80,255,-101,-91
IQ:10,88,1,-148,152
IQ:11,96,255,120,97
IQ:12,104,2,40,-220
IQ:13,112,255,-192,-75
IQ:14,120,10,-62,72
IQ:15,128,255,86,-18
IQ:16,136,3,-46,-239
IQ:17,144,255,-186,-32
IQ:18,152,9,12,35
IQ:19,160,255,83,-82
IQ:20,168,4,-24,-215
IQ:21,176,255,-142,8
IQ:22,184,8,90,38
IQ:23,192,255,49,-94
IQ:24,200,7,-66,1
IQ:25,208,255,12,112
IQ:26,216,6,119,59
IQ:27,224,255,58,-135
IQ:28,232,5,-76,-83
IQ:29,240,255,-40,87
IQ:30,248,12,132,42
IQ:31,256,255,2,-135
IQ:32,264,1,-214,5
IQ:33,272,255,24,162
IQ:34,280,2,200,-116
IQ:35,288,255,-86,-210
SW:2
RR:3
SS:3
FR:2426
ME:359
MA:353
KE:357
KA:356
DF_END

Data arrived...
DF_BEGIN
IQ:0,0,11,-141,84
IQ:1,8,11,97,118
IQ:2,16,11,92,-117
IQ:3,24,11,-126,-84
IQ:4,32,11,-82,139
IQ:5,40,11,145,66
IQ:6,48,11,57,-145
IQ:7,56,11,-155,-36
IQ:8,72,12,183,69
IQ:9,80,255,7,-162
IQ:10,88,1,-238,30
IQ:11,96,255,48,184
IQ:12,104,2,201,-191
IQ:13,112,255,-138,-226
IQ:14,120,10,-110,47
IQ:15,128,255,109,46
IQ:16,136,3,136,-260
IQ:17,144,255,-190,-146
IQ:18,152,9,-46,129
IQ:19,160,255,172,38
IQ:20,168,4,119,-162
IQ:21,176,255,-117,-81
IQ:22,184,8,43,113
IQ:23,192,255,127,-35
IQ:24,200,7,-37,-75
IQ:25,208,255,-96,72
IQ:26,216,6,65,125
IQ:27,224,255,135,-75
IQ:28,232,5,-55,-132
IQ:29,240,255,-114,73
IQ:30,248,12,68,191
IQ:31,256,255,127,-93
IQ:32,264,1,-173,-165
IQ:33,272,255,-91,152
IQ:34,280,2,286,22
IQ:35,288,255,66,-262
SW:2
RR:3
SS:3
FR:2402
ME:359
MA:5
KE:357
KA:356
DF_END

Data arrived...
DF_BEGIN
IQ:0,0,11,-17,191
IQ:1,8,11,187,-4
IQ:2,16,11,-10,-200
IQ:3,24,11,-193,40
IQ:4,32,11,62,170
IQ:5,40,11,177,-87
IQ:6,48,11,-111,-163
IQ:7,56,11,-162,121
IQ:8,72,12,70,-258
IQ:9,80,255,-291,-59
IQ:10,88,1,-98,281
IQ:11,96,255,288,-12
IQ:12,104,2,-31,-464
IQ:13,112,255,-416,-78
IQ:14,120,10,-66,93
IQ:15,128,255,149,-130
IQ:16,136,3,-99,-437
IQ:17,144,255,-254,45
IQ:18,152,9,249,-28
IQ:19,160,255,132,-337
IQ:20,168,4,-19,-317
IQ:21,176,255,-141,29
IQ:22,184,8,222,-39
IQ:23,192,255,-4,-262
IQ:24,200,7,-156,2
IQ:25,208,255,51,215
IQ:26,216,6,271,-7
IQ:27,224,255,45,-273
IQ:28,232,5,-47,-64
IQ:29,240,255,69,53
IQ:30,248,12,243,-128
IQ:31,256,255,-149,-243
IQ:32,264,1,-246,156
IQ:33,272,255,231,219
IQ:34,280,2,357,-293
IQ:35,288,255,-264,-307
SW:2
RR:3
SS:3
FR:2480
ME:359
MA:353
KE:357
KA:356
DF_END

Data arrived...
DF_BEGIN
IQ:0,0,11,-24,-156
IQ:1,8,11,-143,49
IQ:2,16,11,66,143
IQ:3,24,11,131,-81
IQ:4,32,11,-96,-122
IQ:5,40,11,-122,101
IQ:6,48,11,121,97
IQ:7,56,11,90,-126
IQ:8,72,12,-22,124
IQ:9,80,255,128,-21
IQ:10,88,1,-10,-202
IQ:11,96,255,-152,20
IQ:12,104,2,105,173
IQ:13,112,255,183,-63
IQ:14,120,10,6,-92
IQ:15,128,255,-34,56
IQ:16,136,3,181,120
IQ:17,144,255,141,-112
IQ:18,152,9,-26,-6
IQ:19,160,255,9,104
IQ:20,168,4,165,131
IQ:21,176,255,95,-78
IQ:22,184,8,-78,38
IQ:23,192,255,50,78
IQ:24,200,7,32,-60
IQ:25,208,255,-92,-71
IQ:26,216,6,-104,57
IQ:27,224,255,47,119
IQ:28,232,5,95,4
IQ:29,240,255,-27,-68
IQ:30,248,12,-117,54
IQ:31,256,255,92,79
IQ:32,264,1,130,-140
IQ:33,272,255,-127,-85
IQ:34,280,2,-34,200
IQ:35,288,255,204,55
SW:2
RR:3
SS:3
FR:2426
ME:356
MA:353
KE:357
KA