IQ:25,208,255,204,-70
IQ:26,216,6,32,-181
IQ:27,224,255,-196,-62
IQ:28,232,5,-112,63
IQ:29,240,255,93,29
IQ:30,248,12,87,-175
IQ:31,256,255,-173,18
IQ:32,264,1,-1,362
IQ:33,272,255,246,-31
IQ:34,280,2,-261,-285
IQ:35,288,255,-328,192
SW:2
RR:3
SS:3
FR:2426
ME:356
MA:356
KE:357
KA:356
DF_END

Data arrived...
DF_BEGIN
IQ:0,0,11,-165,-14
IQ:1,8,11,2,174
IQ:2,16,11,167,-13
IQ:3,24,11,-33,-161
IQ:4,32,11,-162,45
IQ:5,40,11,64,152
IQ:6,48,11,150,-75
IQ:7,56,11,-93,-137
IQ:8,72,12,78,215
IQ:9,80,255,123,-114
IQ:10,88,1,-231,-154
IQ:11,96,255,-105,192
IQ:12,104,2,310,-2
IQ:13,112,255,38,-275
IQ:14,120,10,-130,-30
IQ:15,128,255,52,134
IQ:16,136,3,300,-112
IQ:17,144,255,-53,-260
IQ:18,152,9,-147,81
IQ:19,160,255,110,187
IQ:20,168,4,233,-34
IQ:21,176,255,-34,-166
IQ:22,184,8,-58,131
IQ:23,192,255,138,69
IQ:24,200,7,24,-92
IQ:25,208,255,-137,3
IQ:26,216,6,-58,157
IQ:27,224,255,173,56
IQ:28,232,5,93,-135
IQ:29,240,255,-155,-40
IQ:30,248,12,-97,219
IQ:31,256,255,172,37
IQ:32,264,1,-25,-269
IQ:33,272,255,-213,51
IQ:34,280,2,195,224
IQ:35,288,255,225,-174
SW:2
RR:3
SS:3
FR:2402
ME:359
MA:5
KE:357
KA:357
DF_END

Data arrived...
DF_BEGIN
IQ:0,0,11,76,166
IQ:1,8,11,154,-79
IQ:2,16,11,-80,-144
IQ:3,24,11,-133,109
IQ:4,32,11,123,118
IQ:5,40,11,106,-133
IQ:6,48,11,-140,-93
IQ:7,56,11,-65,158
IQ:8,72,12,-57,-243
IQ:9,80,255,-237,69
IQ:10,88,1,100,237
IQ:11,96,255,214,-151
IQ:12,104,2,-199,-280
IQ:13,112,255,-275,136
IQ:14,120,10,25,73
IQ:15,128,255,39,-161
IQ:16,136,3,-268,-233
IQ:17,144,255,-161,166
IQ:18,152,9,203,-106
IQ:19,160,255,-41,-303
IQ:20,168,4,-181,-160
IQ:21,176,255,-57,129
IQ:22,184,8,162,-150
IQ:23,192,255,-116,-200
IQ:24,200,7,-106,100
IQ:25,208,255,140,136
IQ:26,216,6,191,-122
IQ:27,224,255,-99,-210
IQ:28,232,5,-91,14
IQ:29,240,255,105,44
IQ:30,248,12,138,-210
IQ:31,256,255,-201,-129
IQ:32,264,1,-102,227
IQ:33,272,255,249,44
IQ:34,280,2,66,-333
IQ:35,288,255,-303,-85
SW:2
RR:3
SS:3
FR:2480
ME:359
MA:353
KE:357
KA:356
DF_END

Data arrived...
DF_BEGIN
IQ:0,0,11,180,-80
IQ:1,8,11,-89,-182
IQ:2,16,11,-157,118
IQ:3,24,11,135,135
IQ:4,32,11,127,-153
IQ:5,40,11,-178,-104
IQ:6,48,11,-90,175
IQ:7,56,11,176,66
IQ:8,72,12,-266,82
IQ:9,80,255,124,250
IQ:10,88,1,276,-112
IQ:11,96,255,-192,-226
IQ:12,104,2,-354,302
IQ:13,112,255,172,357
IQ:14,120,10,90,-15
IQ:15,128,255,-198,-23
IQ:16,136,3,-323,330
IQ:17,144,255,162,199
IQ:18,152,9,-209,-195
IQ:19,160,255,-373,139
IQ:20,168,4,-238,211
IQ:21,176,255,110,93
IQ:22,184,8,-213,-155
IQ:23,192,255,-201,178
IQ:24,200,7,106,73
IQ:25,208,255,82,-199
IQ:26,216,6,-181,-220
IQ:27,224,255,-257,106
IQ:28,232,5,-42,101
IQ:29,240,255,19,-77
IQ:30,248,12,-240,-139
IQ:31,256,255,-127,241
IQ:32,264,1,275,120
IQ:33,272,255,50,-309
IQ:34,280,2,-448,-73
IQ:35,288,255,-139,397
SW:2
RR:3
SS:3
FR:2480
ME:359
MA:353
KE:358
KA:356
DF_END

Data arrived...
DF_BEGIN
IQ:0,0,11,158,-9
IQ:1,8,11,-35,-154
IQ:2,16,11,-146,51
IQ:3,24,11,67,144
IQ:4,32,11,135,-84
IQ:5,40,11,-96,-127
IQ:6,48,11,-120,99
IQ:7,56,11,112,115
IQ:8,72,12,-97,-60
IQ:9,80,255,3,119
IQ:10,88,1,223,22
IQ:11,96,255,3,-154
IQ:12,104,2,-206,155
IQ:13,112,255,84,218
IQ:14,120,10,87,17
IQ:15,128,255,-62,-34
IQ:16,136,3,-153,224
IQ:17,144,255,96,172
IQ:18,152,9,2,-12
IQ:19,160,255,-106,23
IQ:20,168,4,-169,155
IQ:21,176,255,70,114
IQ:22,184,8,-42,-89
IQ:23,192,255,-90,36
IQ:24,200,7,82,33
IQ:25,208,255,73,-111
IQ:26,216,6,-34,-126
IQ:27,224,255,-134,24
IQ:28,232,5,-52,93
IQ:29,240,255,76,7
IQ:30,248,12,-19,-121
IQ:31,256,255,-80,74
IQ:32,264,1,156,174
IQ:33,272,255,120,-114
IQ:34,280,2,-253,-72
IQ:35,288,255,-110,228
SW:2
RR:3
SS:3
FR:2426
ME:356
MA:359
KE:357
KA:356
DF_END

Data arrived...
DF_BEGIN
IQ:0,0,11,-134,128
IQ:1,8,11,139,111
IQ:2,16,11,103,-153
IQ:3,24,11,-168,-82
IQ:4,32,11,-59,180
IQ:5,40,11,167,58
IQ:6,48,11,56,-173
IQ:7,56,11,-179,-25
IQ:8,72,12,248,104
IQ:9,80,255,8,-187
IQ:10,88,1,-287,93
IQ:11,96,255,90,220
IQ:12,104,2,211,-288
IQ:13,112,255,-234,-228
IQ:14,120,10,-110,87
IQ:15,128,255,150,25
IQ:16,136,3,120,-369
IQ:17,144,255,-259,-187
IQ:18,152,9,-35,162
IQ:19,160,255,224,17
IQ:20,168,4,126,-254
IQ:21,176,255,-176,-102
IQ:22,184,8,86,139
IQ:23,192,255,154,-80
IQ:24,200,7,-61,-53
IQ:25,208,255,-87,121
IQ:26,216,6,106,149
IQ:27,224,255,170,-117
IQ:28,232,5,-45,-196
IQ:29,240,255,-180,90
IQ:30,248,12,74,266
IQ:31,256,255,132,-118
IQ:32,264,1,-288,-140
IQ:33,272,255,-84,228
IQ:34,280,2,380,-7
IQ:35,288,255,42,-333
SW:2
RR:3
SS:3
FR:2402
ME:356
MA:5
KE:357
KA:357
DF_END

Data arrived...
DF_BEGIN
IQ:0,0,11,201,-85
IQ:1,8,11,-101,-197
IQ:2,16,11,-162,121
IQ:3,24,11,150,156
IQ:4,32,11,131,-178
IQ:5,40,11,-162,-137
IQ:6,48,11,-114,184
IQ:7,56,11,189,84
IQ:8,72,12,-301,72
IQ:9,80,255,99,297
IQ:10,88,1,306,-91
IQ:11,96,255,-137,-289
IQ:12,104,2,-397,217
IQ:13,112,255,155,377
IQ:14,120,10,120,-30
IQ:15,128,255,-204,-64
IQ:16,136,3,-336,314
IQ:17,144,255,164,204
IQ:18,152,9,-154,-273
IQ:19,160,255,-401,24
IQ:20,168,4,-241,154
IQ:21,176,255,114,83
IQ:22,184,8,-189,-167
IQ:23,192,255,-230,168
IQ:24,200,7,123,146
IQ:25,208,255,177,-190
IQ:26,216,6,-174,-235
IQ:27,224,255,-252,109
IQ:28,232,5,-52,75
IQ:29,240,255,10,-114
IQ:30,248,12,-257,-167
IQ:31,256,255,-137,268
IQ:32,264,1,285,142
IQ:33,272,255,73,-322
IQ:34,280,2,-427,-129
IQ:35,288,255,-140,397
SW:2
RR:3
SS:3
FR:2480
ME:359
MA:353
KE:357
KA:357
DF_END

Data arrived...
DF_BEGIN
IQ:0,0,11,-189,60
IQ:1,8,11,108,185
IQ:2,16,11,172,-117
IQ:3,24,11,-111,-157
IQ:4,32,11,-143,150
IQ:5,40,11,160,127
IQ:6,48,11,114,-172
IQ:7,56,11,-161,-90
IQ:8,72,12,278,-74
IQ:9,80,255,-101,-262
IQ:10,88,1,-281,108
IQ:11,96,255,167,264
IQ:12,104,2,420,-228
IQ:13,112,255,-114,-371
IQ:14,120,10,-88,39
IQ:15,128,255,203,74
IQ:16,136,3,363,-285
IQ:17,144,255,-131,-215
IQ:18,152,9,170,278
IQ:19,160,255,404,-33
IQ:20,168,4,240,-144
IQ:21,176,255,-88,-88
IQ:22,184,8,181,189
IQ:23,192,255,241,-135
IQ:24,200,7,-119,-100
IQ:25,208,255,-137,193
IQ:26,216,6,171,249
IQ:27,224,255,263,-65
IQ:28,232,5,57,-53
IQ:29,240,255,7,97
IQ:30,248,12,246,147
IQ:31,256,255,131,-242
IQ:32,264,1,-253,-114
IQ:33,272,255,-52,302
IQ:34,280,2,431,151
IQ:35,288,255,171,-358
SW:2
RR:3
SS:3
FR:2480
ME:359
MA:353
KE:357
KA:356
DF_END

Data arrived...
DF_BEGIN
IQ:0,0,11,-161,-88
IQ:1,8,11,-73,176
IQ:2,16,11,178,59
IQ:3,24,11,29,-187
IQ:4,32,11,-182,-18
IQ:5,40,11,13,185
IQ:6,48,11,192,-11
IQ:7,56,11,-33,-183
IQ:8,72,12,65,124
IQ:9,80,255,69,-113
IQ:10,88,1,-228,-181
IQ:11,96,255,-95,162
IQ:12,104,2,323,-30
IQ:13,112,255,53,-279
IQ:14,120,10,-70,-86
IQ:15,128,255,49,41
IQ:16,136,3,291,-140
IQ:17,144,255,-6,-246
IQ:18,152,9,25,-3
IQ:19,160,255,113,39
IQ:20,168,4,267,-54
IQ:21,176,255,-15,-157
IQ:22,184,8,22,118
IQ:23,192,255,126,-4
IQ:24,200,7,-88,-85
IQ:25,208,255,-148,75
IQ:26,216,6,-14,148
IQ:27,224,255,153,50
IQ:28,232,5,100,-62
IQ:29,240,255,-66,-51
IQ:30,248,12,-52,131
IQ:31,256,255,126,-26
IQ:32,264,1,-45,-273
IQ:33,272,255,-184,60
IQ:34,280,2,246,220
IQ:35,288,255,260,-179
SW:2
RR:3
SS:3
FR:2426
ME:356
MA:356
KE:357
KA:356
DF_END

Data arrived...
DF_BEGIN
IQ:0,0,11,-98,-149
IQ:1,8,11,-145,114
IQ:2,16,11,129,119
IQ:3,24,11,102,-159
IQ:4,32,11,-141,-89
IQ:5,40,11,-76,161
IQ:6,48,11,160,68
IQ:7,56,11,46,-168
IQ:8,72,12,-126,214
IQ:9,80,255,169,33
IQ:10,88,1,-39,-270
IQ:11,96,255,-216,73
IQ:12,104,2,217,274
IQ:13,112,255,271,-160
IQ:14,120,10,-54,-116
IQ:15,128,255,-49,136
IQ:16,136,3,317,186
IQ:17,144,255,185,-225
IQ:18,152,9,-164,-35
IQ:19,160,255,-37,215
IQ:20,168,4,202,173
IQ:21,176,255,94,-129
IQ:22,184,8,-166,68
IQ:23,192,255,45,158
IQ:24,200,7,57,-57
IQ:25,208,255,-115,-89
IQ:26,216,6,-172,67
IQ:27,224,255,72,191
IQ:28,232,5,191,-12
IQ:29,240,255,-76,-171
IQ:30,248,12,-245,50
IQ:31,256,255,84,142
IQ:32,264,1,183,-204
IQ:33,272,255,-192,-122
IQ:34,280,2,-50,353
IQ:35,288,255,289,119
SW:2
RR:3
SS:3
FR:2402
ME:359
MA:353
KE:357
KA:356
DF_END

Data arrived...
DF_BEGIN
IQ:0,0,11,1,-150
IQ:1,8,11,-144,9
IQ:2,16,11,35,134
IQ:3,24,11,136,-57
IQ:4,32,11,-65,-137
IQ:5,40,11,-100,79
IQ:6,48,11,107,108
IQ:7,56,11,103,-120
IQ:8,72,12,-45,191
IQ:9,80,255,215,13
IQ:10,88,1,31,-223
IQ:11,96,255,-209,27
IQ:12,104,2,83,299
IQ:13,112,255,287,-26
IQ:14,120,10,3,-80
IQ:15,128,255,-87,128
IQ:16,136,3,117,314
IQ:17,144,255,197,-51
IQ:18,152,9,-204,-1
IQ:19,160,255,-79,245
IQ:20,168,4,65,192
IQ:21,176,255,81,-55
IQ:22,184,8,-159,56
IQ:23,192,255,35,188
IQ:24,200,7,137,-40
IQ:25,208,255,-53,-171
IQ:26,216,6,-187,25
IQ:27,224,255,-2,180
IQ:28,232,5,54,34
IQ:29,240,255,-64,-69
IQ:30,248,12,-167,111
IQ:31,256,255,133,133
IQ:32,264,1,181,-140
IQ:33,272,255,-162,-139
IQ:34,280,2,-191,238
IQ:35,288,255,196,201
SW:2
RR:3
SS:3
FR:2480
ME:359
MA:353
KE:357
KA:355
DF_END

Data arrived...
DF_BEGIN
IQ:0,0,11,-78,-145
IQ:1,8,11,-159,86
IQ:2,16,11,89,132
IQ:3,24,11,106,-132
IQ:4,32,11,-136,-122
IQ:5,40,11,-98,140
IQ:6,48,11,143,73
IQ:7,56,11,34,-161
IQ:8,72,12,41,224
IQ:9,80,255,222,-87
IQ:10,88,1,-94,-256
IQ:11,96,255,-212,129
IQ:12,104,2,211,313
IQ:13,112,255,280,-146
IQ:14,120,10,-37,-80
IQ:15,128,255,-33,171
IQ:16,136,3,267,273
IQ:17,144,255,174,-158
IQ:18,152,9,-236,84
IQ:19,160,255,15,309
IQ:20,168,4,138,172
IQ:21,176,255,71,-111
IQ:22,184,8,-148,130
IQ:23,192,255,132,173
IQ:24,200,7,109,-95
IQ:25,208,255,-154,-130
IQ:26,216,6,-195,121
IQ:27,224,255,53,198
IQ:28,232,5,54,-2
IQ:29,240,255,-104,-20
IQ:30,248,12,-124,198
IQ:31,256,255,207,89
IQ:32,264,1,83,-237
IQ:33,272,255,-263,-54
IQ:34,280,2,-103,360
IQ:35,288,255,299,105
SW:2
RR:3
SS:3
FR:2480
ME:359
MA:353
KE:358
KA:355
DF_END

Data arrived...
DF_BEGIN
IQ:0,0,11,63,200
IQ:1,8,11,179,-90
IQ:2,16,11,-101,-181
IQ:3,24,11,-158,110
IQ:4,32,11,142,150
IQ:5,40,11,144,-147
IQ:6,48,11,-163,-135
IQ:7,56,11,-99,191
IQ:8,72,12,73,-158
IQ:9,80,255,-140,46
IQ:10,88,1,61,347
IQ:11,96,255,217,-71
IQ:12,104,2,-319,-183
IQ:13,112,255,-259,215
IQ:14,120,10,-30,92
IQ:15,128,255,-30,-72
IQ:16,136,3,-382,-101
IQ:17,144,255,-160,237
IQ:18,152,9,-9,-44
IQ:19,160,255,-93,-139
IQ:20,168,4,-316,-177
IQ:21,176,255,-135,144
IQ:22,184,8,79,-113
IQ:23,192,255,-106,-101
IQ:24,200,7,59,151
IQ:25,208,255,208,11
IQ:26,216,6,101,-120
IQ:27,224,255,-114,-157
IQ:28,232,5,-156,-60
IQ:29,240,255,-2,93
IQ:30,248,12,182,-45
IQ:31,256,255,-108,-83
IQ:32,264,1,-191,285
IQ:33,272,255,202,103
IQ:34,280,2,-98,-369
IQ:35,288,255,-380,-17
SW:2
RR:3
SS:3
FR:2426
ME:353
MA:356
KE:357
KA:355
DF_END

Data arrived...
DF_BEGIN
IQ:0,0,11,-87,175
IQ:1,8,11,182,65
IQ:2,16,11,43,-196
IQ:3,24,11,-197,-15
IQ:4,32,11,-8,200
IQ:5,40,11,195,-15
IQ:6,48,11,-40,-194
IQ:7,56,11,-195,59
IQ:8,72,12,163,-64
IQ:9,80,255,-124,-70
IQ:10,88,1,-161,287
IQ:11,96,255,191,88
IQ:12,104,2,-101,-313
IQ:13,112,255,-305,8
IQ:14,120,10,-73,72
IQ:15,128,255,45,-65
IQ:16,136,3,-216,-285
IQ:17,144,255,-261,65
IQ:18,152,9,13,-3
IQ:19,160,255,36,-150
IQ:20,168,4,-103,-306
IQ:21,176,255,-197,29
IQ:22,184,8,139,13
IQ:23,192,255,22,-133
IQ:24,200,7,-70,96
IQ:25,208,255,97,142
IQ:26,216,6,161,10
IQ:27,224,255,37,-185
IQ:28,232,5,-80,-122
IQ:29,240,255,-60,77
IQ:30,248,12,174,80
IQ:31,256,255,-31,-127
IQ:32,264,1,-305,92
IQ:33,272,255,64,205
IQ:34,280,2,171,-280
IQ:35,288,255,-251,-220
SW:2
RR:3
SS:3
FR:2426
ME:356
MA:2
KE:357
KA:356
DF_END

Data arrived...
DF_BEGIN
IQ:0,0,11,-87,-139
IQ:1,8,11,-130,106
IQ:2,16,11,115,126
IQ:3,24,11,115,-124
IQ:4,32,11,-138,-108
IQ:5,40,11,-85,155
IQ:6,48,11,155,82
IQ:7,56,11,51,-154
IQ:8,72,12,-85,227
IQ:9,80,255,181,33
IQ:10,88,1,-81,-248
IQ:11,96,255,-196,85
IQ:12,104,2,235,190
IQ:13,112,255,231,-159
IQ:14,120,10,-56,-114
IQ:15,128,255,-43,103
IQ:16,136,3,284,113
IQ:17,144,255,140,-216
IQ:18,152,9,-122,-58
IQ:19,160,255,-33,188
IQ:20,168,4,217,136
IQ:21,176,255,97,-143
IQ:22,184,8,-134,46
IQ:23,192,255,31,139
IQ:24,200,7,63,-18
IQ:25,208,255,-66,-95
IQ:26,216,6,-159,51
IQ:27,224,255,74,154
IQ:28,232,5,185,-26
IQ:29,240,255,-84,-157
IQ:30,248,12,-243,77
IQ:31,256,255,88,149
IQ:32,264,1,144,-223
IQ:33,272,255,-178,-101
IQ:34,280,2,18,279
IQ:35,288,255,291,33
SW:2
RR:3
SS:3
FR:2402
ME:359
MA:5
KE:357
KA:357
DF_END

Data arrived...
DF_BEGIN
IQ:0,0,11,-99,-194
IQ:1,8,11,-186,108
IQ:2,16,11,134,163
IQ:3,24,11,145,-150
IQ:4,32,11,-173,-131
IQ:5,40,11,-128,174
IQ:6,48,11,186,89
IQ:7,56,11,82,-202
IQ:8,72,12,115,265
IQ:9,80,255,244,-131
IQ:10,88,1,-138,-277
IQ:11,96,255,-224,208
IQ:12,104,2,310,344
IQ:13,112,255,340,-214
IQ:14,120,10,-3,-139
IQ:15,128,255,-33,169
IQ:16,136,3,371,260
IQ:17,144,255,189,-208
IQ:18,152,9,-191,161
IQ:19,160,255,138,332
IQ:20,168,4,232,217
IQ:21,176,255,95,-111
IQ:22,184,8,-84,203
IQ:23,192,255,183,192
IQ:24,200,7,89,-59
IQ:25,208,255,-145,-102
IQ:26,216,6,-202,175
IQ:27,224,255,142,223
IQ:28,232,5,104,17
IQ:29,240,255,-107,-23
IQ:30,248,12,-88,276
IQ:31,256,255,276,96
IQ:32,264,1,104,-284
IQ:33,272,255,-302,-41
IQ:34,280,2,-66,442
IQ:35,288,255,403,85
SW:2
RR:3
SS:3
FR:2480
ME:359
MA:353
KE:357
KA:356
DF_END

Data arrived...
DF_BEGIN
IQ:0,0,11,-147,50
IQ:1,8,11,62,144
IQ:2,16,11,135,-88
IQ:3,24,11,-110,-124
IQ:4,32,11,-103,115
IQ:5,40,11,125,118
IQ:6,48,11,105,-132
IQ:7,56,11,-134,-69
IQ:8,72,12,214,-71
IQ:9,80,255,-90,-237
IQ:10,88,1,-245,71
IQ:11,96,255,147,216
IQ:12,104,2,320,-209
IQ:13,112,255,-121,-315
IQ:14,120,10,-77,-13
IQ:15,128,255,146,33
IQ:16,136,3,254,-243
IQ:17,144,255,-138,-184
IQ:18,152,9,84,193
IQ:19,160,255,292,-30
IQ:20,168,4,175,-144
IQ:21,176,255,-81,-104
IQ:22,184,8,183,102
IQ:23,192,255,200,-146
IQ:24,200,7,-12,-91
IQ:25,208,255,-93,126
IQ:26,216,6,142,185
IQ:27,224,255,218,-38
IQ:28,232,5,34,-62
IQ:29,240,255,-7,112
IQ:30,248,12,216,147
IQ:31,256,255,132,-171
IQ:32,264,1,-225,-115
IQ:33,272,255,-65,263
IQ:34,280,2,316,78
IQ:35,288,255,104,-293
SW:2
RR:3
SS:3
FR:2480
ME:359
MA:353
KE:357
KA:356
DF_END

Data arrived...
DF_BEGIN
IQ:0,0,11,-130,96
IQ:1,8,11,106,106
IQ:2,16,11,102,-128
IQ:3,24,11,-138,-82
IQ:4,32,11,-82,143
IQ:5,40,11,138,72
IQ:6,48,11,51,-147
IQ:7,56,11,-155,-46
IQ:8,72,12,129,1
IQ:9,80,255,-63,-108
IQ:10,88,1,-234,85
IQ:11,96,255,86,147
IQ:12,104,2,105,-241
IQ:13,112,255,-193,-143
IQ:14,120,10,-82,30
IQ:15,128,255,83,-15
IQ:16,136,3,33,-272
IQ:17,144,255,-193,-88
IQ:18,152,9,17,24
IQ:19,160,255,106,-73
IQ:20,168,4,84,-224
IQ:21,176,255,-133,-55
IQ:22,184,8,87,68
IQ:23,192,255,67,-81
IQ:24,200,7,-101,11
IQ:25,208,255,-12,133
IQ:26,216,6,105,79
IQ:27,224,255,111,-99
IQ:28,232,5,-9,-104
IQ:29,240,255,-50,41
IQ:30,248,12,87,105
IQ:31,256,255,27,-110
IQ:32,264,1,-233,-89
IQ:33,272,255,-41,178
IQ:34,280,2,248,-77
IQ:35,288,255,-28,-260
SW:2
RR:3
SS:3
FR:2426
ME:356
MA:5
KE:357
KA:357
DF_END

Data arrived...
DF_BEGIN
IQ:0,0,11,145,-83
IQ:1,8,11,-84,-133
IQ:2,16,11,-116,106
IQ:3,24,11,131,110
IQ:4,32,11,91,-130
IQ:5,40,11,-144,-82
IQ:6,48,11,-74,143
IQ:7,56,11,153,50
IQ:8,72,12,-225,-78
IQ:9,80,255,-28,181
IQ:10,88,1,254,-50
IQ:11,96,255,-68,-197
IQ:12,104,2,-196,219
IQ:13,112,255,149,226
IQ:14,120,10,118,-51
IQ:15,128,255,-118,-59
IQ:16,136,3,-159,274
IQ:17,144,255,207,156
IQ:18,152,9,50,-133
IQ:19,160,255,-197,-42
IQ:20,168,4,-143,205
IQ:21,176,255,140,110
IQ:22,184,8,-34,-137
IQ:23,192,255,-142,31
IQ:24,200,7,41,68
IQ:25,208,255,86,-75
IQ:26,216,6,-56,-156
IQ:27,224,255,-167,60
IQ:28,232,5,26,169
IQ:29,240,255,147,-71
IQ:30,248,12,-84,-222
IQ:31,256,255,-147,100
IQ:32,264,1,204,166
IQ:33,272,255,104,-172
IQ:34,280,2,-286,-2
IQ:35,288,255,-42,282
SW:2
RR:3
SS:3
FR:2402
ME:359
MA:5
KE:357
KA:357
DF_END

Data arrived...
DF_BEGIN
IQ:0,0,11,-101,-107
IQ:1,8,11,-81,119
IQ:2,16,11,138,85
IQ:3,24,11,61,-134
IQ:4,32,11,-140,-48
IQ:5,40,11,-23,147
IQ:6,48,11,161,-10
IQ:7,56,11,2,-159
IQ:8,72,12,135,162
IQ:9,80,255,147,-147
IQ:10,88,1,-152,-147
IQ:11,96,255,-104,183
IQ:12,104,2,269,148
IQ:13,112,255,177,-217
IQ:14,120,10,-57,-88
IQ:15,128,255,12,135
IQ:16,136,3,292,94
IQ:17,144,255,77,-181
IQ:18,152,9,-91,147
IQ:19,160,255,129,210
IQ:20,168,4,203,90
IQ:21,176,255,24,-108
IQ:22,184,8,-47,145
IQ:23,192,255,174,76
IQ:24,200,7,70,-68
IQ:25,208,255,-129,-63
IQ:26,216,6,-119,145
IQ:27,224,255,136,134
IQ:28,232,5,73,-27
IQ:29,240,255,-68,-3
IQ:30,248,12,-23,194
IQ:31,256,255,197,2
IQ:32,264,1,6,-214
IQ:33,272,255,-203,35
IQ:34,280,2,41,290
IQ:35,288,255,290,-19
SW:2
RR:3
SS:3
FR:2480
ME:359
MA:353
KE:357
KA:357
DF_END

Data arrived...
DF_BEGIN
IQ:0,0,11,-122,-97
IQ:1,8,11,-79,120
IQ:2,16,11,138,52
IQ:3,24,11,53,-141
IQ:4,32,11,-145,-45
IQ:5,40,11,-29,142
IQ:6,48,11,155,19
IQ:7,56,11,0,-151
IQ:8,72,12,18,110
IQ:9,80,255,90,-81
IQ:10,88,1,-112,-202
IQ:11,96,255,-136,95
IQ:12,104,2,250,71
IQ:13,112,255,124,-202
IQ:14,120,10,-41,-76
IQ:15,128,255,24,82
IQ:16,136,3,274,-12
IQ:17,144,255,39,-188
IQ:18,152,9,-22,19
IQ:19,160,255,89,89
IQ:20,168,4,223,46
IQ:21,176,255,48,-126
IQ:22,184,8,-43,89
IQ:23,192,255,91,50
IQ:24,200,7,-17,-109
IQ:25,208,255,-141,7
IQ:26,216,6,-52,123
IQ:27,224,255,114,83
IQ:28,232,5,87,-13
IQ:29,240,255,-46,-42
IQ:30,248,12,-81,75
IQ:31,256,255,107,5
IQ:32,264,1,59,-237
IQ:33,272,255,-163,-30
IQ:34,280,2,112,237
IQ:35,288,255,253,-65
SW:2
RR:3
SS:3
FR:2426
ME:356
MA:2
KE:357
KA:358
DF_END

Data arrived...
DF_BEGIN
IQ:0,0,11,-92,211
IQ:1,8,11,196,54
IQ:2,16,11,18,-220
IQ:3,24,11,-221,0
IQ:4,32,11,20,227
IQ:5,40,11,224,-21
IQ:6,48,11,-49,-217
IQ:7,56,11,-212,78
IQ:8,72,12,133,-66
IQ:9,80,255,-157,-78
IQ:10,88,1,-237,276
IQ:11,96,255,203,114
IQ:12,104,2,-47,-401
IQ:13,112,255,-356,-60
IQ:14,120,10,-77,91
IQ:15,128,255,76,-81
IQ:16,136,3,-161,-384
IQ:17,144,255,-332,26
IQ:18,152,9,39,2
IQ:19,160,255,71,-176
IQ:20,168,4,-64,-340
IQ:21,176,255,-196,7
IQ:22,184,8,158,10
IQ:23,192,255,19,-169
IQ:24,200,7,-154,109
IQ:25,208,255,88,210
IQ:26,216,6,187,19
IQ:27,224,255,63,-208
IQ:28,232,5,-51,-104