IQ:13,112,255,166,182
IQ:14,120,10,101,-89
IQ:15,128,255,-135,-45
IQ:16,136,3,-81,257
IQ:17,144,255,216,94
IQ:18,152,9,44,-160
IQ:19,160,255,-180,-40
IQ:20,168,4,-101,186
IQ:21,176,255,133,65
IQ:22,184,8,-33,-120
IQ:23,192,255,-115,40
IQ:24,200,7,65,104
IQ:25,208,255,106,-94
IQ:26,216,6,-92,-121
IQ:27,224,255,-129,104
IQ:28,232,5,65,141
IQ:29,240,255,113,-98
IQ:30,248,12,-126,-178
IQ:31,256,255,-119,120
IQ:32,264,1,197,112
IQ:33,272,255,54,-185
IQ:34,280,2,-252,24
IQ:35,288,255,-8,248
SW:2
RR:3
SS:3
FR:2402
ME:2
MA:5
KE:357
KA:358
DF_END

Data arrived...
DF_BEGIN
IQ:0,0,11,100,152
IQ:1,8,11,137,-119
IQ:2,16,11,-130,-122
IQ:3,24,11,-112,139
IQ:4,32,11,155,86
IQ:5,40,11,63,-159
IQ:6,48,11,-169,-43
IQ:7,56,11,-33,171
IQ:8,72,12,81,-190
IQ:9,80,255,-172,-14
IQ:10,88,1,34,231
IQ:11,96,255,194,-70
IQ:12,104,2,-160,-247
IQ:13,112,255,-227,124
IQ:14,120,10,70,118
IQ:15,128,255,82,-140
IQ:16,136,3,-264,-188
IQ:17,144,255,-162,200
IQ:18,152,9,151,63
IQ:19,160,255,63,-204
IQ:20,168,4,-176,-155
IQ:21,176,255,-92,118
IQ:22,184,8,145,-35
IQ:23,192,255,-37,-149
IQ:24,200,7,-81,74
IQ:25,208,255,108,108
IQ:26,216,6,160,-69
IQ:27,224,255,-66,-178
IQ:28,232,5,-161,11
IQ:29,240,255,61,145
IQ:30,248,12,187,-66
IQ:31,256,255,-104,-134
IQ:32,264,1,-158,175
IQ:33,272,255,166,105
IQ:34,280,2,79,-289
IQ:35,288,255,-261,-92
SW:2
RR:3
SS:3
FR:2402
ME:359
MA:353
KE:357
KA:357
DF_END

Data arrived...
DF_BEGIN
IQ:0,0,11,-169,6
IQ:1,8,11,3,173
IQ:2,16,11,165,-15
IQ:3,24,11,-26,-151
IQ:4,32,11,-160,62
IQ:5,40,11,88,146
IQ:6,48,11,137,-98
IQ:7,56,11,-121,-136
IQ:8,72,12,219,131
IQ:9,80,255,118,-240
IQ:10,88,1,-246,-148
IQ:11,96,255,-94,283
IQ:12,104,2,355,158
IQ:13,112,255,147,-271
IQ:14,120,10,-113,39
IQ:15,128,255,119,226
IQ:16,136,3,374,83
IQ:17,144,255,-17,-203
IQ:18,152,9,-180,314
IQ:19,160,255,251,290
IQ:20,168,4,207,14
IQ:21,176,255,-66,-101
IQ:22,184,8,-89,265
IQ:23,192,255,267,108
IQ:24,200,7,46,-211
IQ:25,208,255,-271,-14
IQ:26,216,6,-65,264
IQ:27,224,255,212,94
IQ:28,232,5,6,-64
IQ:29,240,255,-136,80
IQ:30,248,12,12,273
IQ:31,256,255,267,-70
IQ:32,264,1,-74,-275
IQ:33,272,255,-290,118
IQ:34,280,2,104,380
IQ:35,288,255,309,-88
SW:2
RR:3
SS:3
FR:2480
ME:359
MA:353
KE:357
KA:357
DF_END

Data arrived...
DF_BEGIN
IQ:0,0,11,192,-119
IQ:1,8,11,-136,-160
IQ:2,16,11,-165,151
IQ:3,24,11,165,135
IQ:4,32,11,109,-188
IQ:5,40,11,-186,-125
IQ:6,48,11,-93,182
IQ:7,56,11,222,57
IQ:8,72,12,-167,6
IQ:9,80,255,98,143
IQ:10,88,1,271,-144
IQ:11,96,255,-101,-172
IQ:12,104,2,-108,295
IQ:13,112,255,228,208
IQ:14,120,10,139,-2
IQ:15,128,255,-58,-6
IQ:16,136,3,-30,339
IQ:17,144,255,208,136
IQ:18,152,9,27,18
IQ:19,160,255,-85,62
IQ:20,168,4,-67,274
IQ:21,176,255,166,86
IQ:22,184,8,-85,-31
IQ:23,192,255,-77,86
IQ:24,200,7,67,-14
IQ:25,208,255,5,-121
IQ:26,216,6,-109,-91
IQ:27,224,255,-117,98
IQ:28,232,5,24,109
IQ:29,240,255,73,-80
IQ:30,248,12,-129,-142
IQ:31,256,255,-58,139
IQ:32,264,1,270,122
IQ:33,272,255,59,-206
IQ:34,280,2,-297,65
IQ:35,288,255,31,297
SW:2
RR:3
SS:3
FR:2426
ME:356
MA:5
KE:357
KA:357
DF_END

Data arrived...
DF_BEGIN
IQ:0,0,11,113,-144
IQ:1,8,11,-158,-97
IQ:2,16,11,-68,171
IQ:3,24,11,173,61
IQ:4,32,11,50,-183
IQ:5,40,11,-182,-39
IQ:6,48,11,-11,185
IQ:7,56,11,183,3
IQ:8,72,12,-260,2
IQ:9,80,255,60,189
IQ:10,88,1,230,-166
IQ:11,96,255,-163,-168
IQ:12,104,2,-135,298
IQ:13,112,255,261,151
IQ:14,120,10,86,-115
IQ:15,128,255,-153,-13
IQ:16,136,3,-17,350
IQ:17,144,255,277,64
IQ:18,152,9,-7,-179
IQ:19,160,255,-215,40
IQ:20,168,4,-47,235
IQ:21,176,255,161,23
IQ:22,184,8,-85,-117
IQ:23,192,255,-134,91
IQ:24,200,7,78,91
IQ:25,208,255,83,-118
IQ:26,216,6,-129,-135
IQ:27,224,255,-134,144
IQ:28,232,5,100,150
IQ:29,240,255,106,-155
IQ:30,248,12,-190,-182
IQ:31,256,255,-111,180
IQ:32,264,1,278,87
IQ:33,272,255,40,-226
IQ:34,280,2,-313,95
IQ:35,288,255,42,306
SW:2
RR:3
SS:3
FR:2402
ME:359
MA:5
KE:357
KA:358
DF_END

Data arrived...
DF_BEGIN
IQ:0,0,11,221,41
IQ:1,8,11,13,-217
IQ:2,16,11,-221,12
IQ:3,24,11,24,226
IQ:4,32,11,206,-46
IQ:5,40,11,-67,-211
IQ:6,48,11,-201,86
IQ:7,56,11,97,201
IQ:8,72,12,-44,-303
IQ:9,80,255,-205,98
IQ:10,88,1,258,210
IQ:11,96,255,136,-248
IQ:12,104,2,-436,-98
IQ:13,112,255,-162,362
IQ:14,120,10,163,76
IQ:15,128,255,-57,-181
IQ:16,136,3,-457,84
IQ:17,144,255,19,364
IQ:18,152,9,185,-80
IQ:19,160,255,-124,-250
IQ:20,168,4,-331,-10
IQ:21,176,255,-3,200
IQ:22,184,8,72,-184
IQ:23,192,255,-187,-97
IQ:24,200,7,3,112
IQ:25,208,255,180,-13
IQ:26,216,6,82,-207
IQ:27,224,255,-227,-108
IQ:28,232,5,-165,138
IQ:29,240,255,183,89
IQ:30,248,12,183,-235
IQ:31,256,255,-200,-80
IQ:32,264,1,-10,342
IQ:33,272,255,263,-30
IQ:34,280,2,-225,-382
IQ:35,288,255,-383,120
SW:2
RR:3
SS:3
FR:2402
ME:356
MA:359
KE:357
KA:358
DF_END

Data arrived...
DF_BEGIN
IQ:0,0,11,168,34
IQ:1,8,11,29,-188
IQ:2,16,11,-166,-9
IQ:3,24,11,19,153
IQ:4,32,11,184,-48
IQ:5,40,11,-56,-174
IQ:6,48,11,-148,67
IQ:7,56,11,104,131
IQ:8,72,12,-198,-246
IQ:9,80,255,-187,233
IQ:10,88,1,227,163
IQ:11,96,255,151,-314
IQ:12,104,2,-356,-270
IQ:13,112,255,-233,242
IQ:14,120,10,78,-49
IQ:15,128,255,-98,-264
IQ:16,136,3,-379,-214
IQ:17,144,255,-59,189
IQ:18,152,9,268,-333
IQ:19,160,255,-202,-403
IQ:20,168,4,-155,-124
IQ:21,176,255,46,40
IQ:22,184,8,150,-389
IQ:23,192,255,-301,-199
IQ:24,200,7,14,230
IQ:25,208,255,352,43
IQ:26,216,6,167,-256
IQ:27,224,255,-169,-186
IQ:28,232,5,28,-21
IQ:29,240,255,126,-135
IQ:30,248,12,37,-333
IQ:31,256,255,-299,-20
IQ:32,264,1,41,267
IQ:33,272,255,312,-115
IQ:34,280,2,-63,-454
IQ:35,288,255,-362,-16
SW:2
RR:3
SS:3
FR:2480
ME:7
MA:89
KE:358
KA:5
DF_END

Data arrived...
DF_BEGIN
IQ:0,0,11,8,152
IQ:1,8,11,144,-31
IQ:2,16,11,-54,-154
IQ:3,24,11,-148,54
IQ:4,32,11,69,132
IQ:5,40,11,124,-91
IQ:6,48,11,-102,-109
IQ:7,56,11,-105,111
IQ:8,72,12,65,-113
IQ:9,80,255,-106,-13
IQ:10,88,1,1,192
IQ:11,96,255,144,-7
IQ:12,104,2,-101,-162
IQ:13,112,255,-176,53
IQ:14,120,10,-39,100
IQ:15,128,255,44,-20
IQ:16,136,3,-174,-107
IQ:17,144,255,-131,105
IQ:18,152,9,-19,37
IQ:19,160,255,-4,-64
IQ:20,168,4,-153,-121
IQ:21,176,255,-112,75
IQ:22,184,8,46,-24
IQ:23,192,255,-13,-69
IQ:24,200,7,-6,10
IQ:25,208,255,48,30
IQ:26,216,6,94,-25
IQ:27,224,255,-32,-120
IQ:28,232,5,-130,-27
IQ:29,240,255,-2,96
IQ:30,248,12,120,-28
IQ:31,256,255,-68,-79
IQ:32,264,1,-136,137
IQ:33,272,255,111,108
IQ:34,280,2,46,-183
IQ:35,288,255,-183,-80
SW:2
RR:3
SS:3
FR:2426
ME:359
MA:5
KE:358
KA:5
DF_END

Data arrived...
DF_BEGIN
IQ:0,0,11,153,-22
IQ:1,8,11,-46,-161
IQ:2,16,11,-155,47
IQ:3,24,11,67,146
IQ:4,32,11,140,-75
IQ:5,40,11,-92,-136
IQ:6,48,11,-128,93
IQ:7,56,11,119,99
IQ:8,72,12,-102,-173
IQ:9,80,255,-94,130
IQ:10,88,1,228,130
IQ:11,96,255,41,-196
IQ:12,104,2,-330,47
IQ:13,112,255,0,281
IQ:14,120,10,120,-22
IQ:15,128,255,-98,-127
IQ:16,136,3,-304,148
IQ:17,144,255,79,243
IQ:18,152,9,107,-122
IQ:19,160,255,-154,-152
IQ:20,168,4,-207,39
IQ:21,176,255,56,118
IQ:22,184,8,48,-162
IQ:23,192,255,-165,-46
IQ:24,200,7,17,134
IQ:25,208,255,170,-20
IQ:26,216,6,24,-171
IQ:27,224,255,-164,-6
IQ:28,232,5,-30,128
IQ:29,240,255,157,-18
IQ:30,248,12,60,-191
IQ:31,256,255,-156,17
IQ:32,264,1,62,257
IQ:33,272,255,180,-97
IQ:34,280,2,-259,-207
IQ:35,288,255,-235,197
SW:2
RR:3
SS:3
FR:2402
ME:356
MA:353
KE:358
KA:4
DF_END

Data arrived...
DF_BEGIN
IQ:0,0,11,113,-148
IQ:1,8,11,-156,-100
IQ:2,16,11,-81,182
IQ:3,24,11,180,62
IQ:4,32,11,42,-195
IQ:5,40,11,-188,-20
IQ:6,48,11,-14,179
IQ:7,56,11,187,-24
IQ:8,72,12,-279,129
IQ:9,80,255,168,263
IQ:10,88,1,270,-169
IQ:11,96,255,-251,-235
IQ:12,104,2,-361,330
IQ:13,112,255,224,339
IQ:14,120,10,58,-56
IQ:15,128,255,-239,38
IQ:16,136,3,-230,424
IQ:17,144,255,231,152
IQ:18,152,9,-191,-291
IQ:19,160,255,-402,129
IQ:20,168,4,-165,192
IQ:21,176,255,120,6
IQ:22,184,8,-264,-198
IQ:23,192,255,-211,243
IQ:24,200,7,190,70
IQ:25,208,255,103,-253
IQ:26,216,6,-232,-200
IQ:27,224,255,-214,179
IQ:28,232,5,34,60
IQ:29,240,255,-6,-161
IQ:30,248,12,-295,-118
IQ:31,256,255,-96,295
IQ:32,264,1,310,91
IQ:33,272,255,-21,-335
IQ:34,280,2,-501,-26
IQ:35,288,255,-83,408
SW:2
RR:3
SS:3
FR:2480
ME:359
MA:353
KE:358
KA:3
DF_END

Data arrived...
DF_BEGIN
IQ:0,0,11,151,115
IQ:1,8,11,101,-167
IQ:2,16,11,-170,-102
IQ:3,24,11,-80,175
IQ:4,32,11,183,50
IQ:5,40,11,28,-198
IQ:6,48,11,-190,-11
IQ:7,56,11,7,193
IQ:8,72,12,-39,-188
IQ:9,80,255,-148,72
IQ:10,88,1,169,191
IQ:11,96,255,148,-132
IQ:12,104,2,-208,-49
IQ:13,112,255,-103,209
IQ:14,120,10,84,125
IQ:15,128,255,37,-87
IQ:16,136,3,-236,62
IQ:17,144,255,-38,224
IQ:18,152,9,70,49
IQ:19,160,255,-41,-109
IQ:20,168,4,-275,25
IQ:21,176,255,-21,212
IQ:22,184,8,83,-69
IQ:23,192,255,-76,-102
IQ:24,200,7,-50,44
IQ:25,208,255,88,51
IQ:26,216,6,113,-105
IQ:27,224,255,-117,-119
IQ:28,232,5,-151,89
IQ:29,240,255,107,108
IQ:30,248,12,110,-158
IQ:31,256,255,-161,-64
IQ:32,264,1,-46,249
IQ:33,272,255,198,30
IQ:34,280,2,-105,-190
IQ:35,288,255,-229,83
SW:2
RR:3
SS:3
FR:2426
ME:2
MA:353
KE:358
KA:2
DF_END

Data arrived...
DF_BEGIN
IQ:0,0,11,17,151
IQ:1,8,11,146,-28
IQ:2,16,11,-52,-155
IQ:3,24,11,-142,45
IQ:4,32,11,82,123
IQ:5,40,11,128,-89
IQ:6,48,11,-95,-120
IQ:7,56,11,-111,109
IQ:8,72,12,163,-109
IQ:9,80,255,-115,-83
IQ:10,88,1,-90,234
IQ:11,96,255,187,43
IQ:12,104,2,-59,-308
IQ:13,112,255,-269,-21
IQ:14,120,10,27,118
IQ:15,128,255,115,-101
IQ:16,136,3,-172,-278
IQ:17,144,255,-229,110
IQ:18,152,9,119,112
IQ:19,160,255,132,-171
IQ:20,168,4,-80,-206
IQ:21,176,255,-124,55
IQ:22,184,8,156,23
IQ:23,192,255,31,-145
IQ:24,200,7,-107,21
IQ:25,208,255,14,151
IQ:26,216,6,154,8
IQ:27,224,255,1,-163
IQ:28,232,5,-154,-39
IQ:29,240,255,-2,159
IQ:30,248,12,175,48
IQ:31,256,255,-17,-148
IQ:32,264,1,-244,79
IQ:33,272,255,95,168
IQ:34,280,2,208,-245
IQ:35,288,255,-186,-212
SW:2
RR:3
SS:3
FR:2402
ME:359
MA:353
KE:359
KA:1
DF_END

Data arrived...
DF_BEGIN
IQ:0,0,11,162,63
IQ:1,8,11,54,-176
IQ:2,16,11,-173,-36
IQ:3,24,11,-17,182
IQ:4,32,11,186,11
IQ:5,40,11,-15,-177
IQ:6,48,11,-179,19
IQ:7,56,11,32,167
IQ:8,72,12,50,-207
IQ:9,80,255,-142,50
IQ:10,88,1,144,274
IQ:11,96,255,172,-166
IQ:12,104,2,-339,-196
IQ:13,112,255,-194,266
IQ:14,120,10,132,37
IQ:15,128,255,-31,-195
IQ:16,136,3,-424,-39
IQ:17,144,255,-76,303
IQ:18,152,9,192,-71
IQ:19,160,255,-63,-258
IQ:20,168,4,-273,-85
IQ:21,176,255,-52,166
IQ:22,184,8,139,-138
IQ:23,192,255,-111,-133
IQ:24,200,7,-33,114
IQ:25,208,255,161,33
IQ:26,216,6,107,-143
IQ:27,224,255,-165,-125
IQ:28,232,5,-148,96
IQ:29,240,255,124,113
IQ:30,248,12,193,-107
IQ:31,256,255,-132,-77
IQ:32,264,1,-123,284
IQ:33,272,255,238,52
IQ:34,280,2,-62,-389
IQ:35,288,255,-337,34
SW:2
RR:3
SS:3
FR:2402
ME:356
MA:353
KE:358
KA:0
DF_END

Data arrived...
DF_BEGIN
IQ:0,0,11,191,52
IQ:1,8,11,34,-187
IQ:2,16,11,-170,-24
IQ:3,24,11,23,180
IQ:4,32,11,195,-26
IQ:5,40,11,-48,-181
IQ:6,48,11,-156,73
IQ:7,56,11,109,153
IQ:8,72,12,-217,-157
IQ:9,80,255,-122,243
IQ:10,88,1,261,105
IQ:11,96,255,97,-282
IQ:12,104,2,-362,-91
IQ:13,112,255,-101,305
IQ:14,120,10,96,8
IQ:15,128,255,-99,-197
IQ:16,136,3,-364,-40
IQ:17,144,255,-22,222
IQ:18,152,9,126,-267
IQ:19,160,255,-250,-236
IQ:20,168,4,-207,2
IQ:21,176,255,70,109
IQ:22,184,8,64,-261
IQ:23,192,255,-248,-58
IQ:24,200,7,-24,230
IQ:25,208,255,261,15
IQ:26,216,6,65,-269
IQ:27,224,255,-217,-106
IQ:28,232,5,-4,81
IQ:29,240,255,155,-69
IQ:30,248,12,-34,-292
IQ:31,256,255,-267,79
IQ:32,264,1,71,264
IQ:33,272,255,240,-152
IQ:34,280,2,-181,-361
IQ:35,288,255,-339,107
SW:2
RR:3
SS:3
FR:2480
ME:359
MA:353
KE:358
KA:0
DF_END

Data arrived...
DF_BEGIN
IQ:0,0,11,-187,-1
IQ:1,8,11,-12,181
IQ:2,16,11,170,-25
IQ:3,24,11,-53,-168
IQ:4,32,11,-157,78
IQ:5,40,11,87,155
IQ:6,48,11,155,-92
IQ:7,56,11,-108,-147
IQ:8,72,12,125,70
IQ:9,80,255,23,-144
IQ:10,88,1,-213,-77
IQ:11,96,255,-45,174
IQ:12,104,2,217,-60
IQ:13,112,255,-30,-215
IQ:14,120,10,-122,-38
IQ:15,128,255,51,94
IQ:16,136,3,212,-128
IQ:17,144,255,-57,-182
IQ:18,152,9,-40,44
IQ:19,160,255,125,48
IQ:20,168,4,192,-115
IQ:21,176,255,-68,-127
IQ:22,184,8,-6,129
IQ:23,192,255,128,20
IQ:24,200,7,-65,-99
IQ:25,208,255,-144,63
IQ:26,216,6,9,146
IQ:27,224,255,158,5
IQ:28,232,5,55,-89
IQ:29,240,255,-91,-1
IQ:30,248,12,29,139
IQ:31,256,255,122,-91
IQ:32,264,1,-99,-195
IQ:33,272,255,-162,94
IQ:34,280,2,183,159
IQ:35,288,255,177,-150
SW:2
RR:3
SS:3
FR:2426
ME:359
MA:353
KE:358
KA:359
DF_END

Data arrived...
DF_BEGIN
IQ:0,0,11,15,158
IQ:1,8,11,157,-28
IQ:2,16,11,-48,-154
IQ:3,24,11,-152,65
IQ:4,32,11,64,146
IQ:5,40,11,132,-87
IQ:6,48,11,-101,-131
IQ:7,56,11,-118,119
IQ:8,72,12,50,-113
IQ:9,80,255,-123,-9
IQ:10,88,1,-37,207
IQ:11,96,255,159,16
IQ:12,104,2,-84,-197
IQ:13,112,255,-202,54
IQ:14,120,10,-25,108
IQ:15,128,255,56,-59
IQ:16,136,3,-158,-174
IQ:17,144,255,-148,82
IQ:18,152,9,35,13
IQ:19,160,255,16,-112
IQ:20,168,4,-125,-167
IQ:21,176,255,-109,63
IQ:22,184,8,110,-8
IQ:23,192,255,-3,-116
IQ:24,200,7,-74,60
IQ:25,208,255,72,108
IQ:26,216,6,126,-20
IQ:27,224,255,-14,-139
IQ:28,232,5,-87,-35
IQ:29,240,255,13,74
IQ:30,248,12,122,-36
IQ:31,256,255,-75,-94
IQ:32,264,1,-180,113
IQ:33,272,255,92,129
IQ:34,280,2,103,-201
IQ:35,288,255,-179,-132
SW:2
RR:3
SS:3
FR:2426
ME:359
MA:359
KE:358
KA:359
DF_END

Data arrived...
DF_BEGIN
IQ:0,0,11,151,55
IQ:1,8,11,43,-157
IQ:2,16,11,-158,-20
IQ:3,24,11,-3,170
IQ:4,32,11,168,-5
IQ:5,40,11,-30,-167
IQ:6,48,11,-158,48
IQ:7,56,11,55,163
IQ:8,72,12,-14,-190
IQ:9,80,255,-138,73
IQ:10,88,1,132,197
IQ:11,96,255,142,-130
IQ:12,104,2,-263,-156
IQ:13,112,255,-176,197
IQ:14,120,10,124,56
IQ:15,128,255,-12,-158
IQ:16,136,3,-331,-46
IQ:17,144,255,-57,249
IQ:18,152,9,158,-30
IQ:19,160,255,-44,-206
IQ:20,168,4,-217,-6
IQ:21,176,255,5,143
IQ:22,184,8,83,-122
IQ:23,192,255,-114,-97
IQ:24,200,7,-28,79
IQ:25,208,255,123,43
IQ:26,216,6,95,-131
IQ:27,224,255,-160,-112
IQ:28,232,5,-157,108
IQ:29,240,255,112,126
IQ:30,248,12,147,-115
IQ:31,256,255,-137,-71
IQ:32,264,1,-65,221
IQ:33,272,255,198,-8
IQ:34,280,2,-68,-311
IQ:35,288,255,-275,13
SW:2
RR:3
SS:3
FR:2402
ME:356
MA:353
KE:358
KA:358
DF_END

Data arrived...
DF_BEGIN
IQ:0,0,11,-137,108
IQ:1,8,11,128,117
IQ:2,16,11,94,-145
IQ:3,24,11,-163,-80
IQ:4,32,11,-59,163
IQ:5,40,11,167,60
IQ:6,48,11,40,-183
IQ:7,56,11,-178,-1
IQ:8,72,12,290,-125
IQ:9,80,255,-158,-288
IQ:10,88,1,-268,107
IQ:11,96,255,213,228
IQ:12,104,2,389,-290
IQ:13,112,255,-179,-356
IQ:14,120,10,-28,12
IQ:15,128,255,218,21
IQ:16,136,3,335,-304
IQ:17,144,255,-157,-166
IQ:18,152,9,211,293
IQ:19,160,255,408,-72
IQ:20,168,4,159,-116
IQ:21,176,255,-98,-3
IQ:22,184,8,194,216
IQ:23,192,255,222,-184
IQ:24,200,7,-174,-123
IQ:25,208,255,-142,234
IQ:26,216,6,200,226
IQ:27,224,255,232,-114
IQ:28,232,5,-40,-6
IQ:29,240,255,21,171
IQ:30,248,12,281,122
IQ:31,256,255,102,-295
IQ:32,264,1,-273,-100
IQ:33,272,255,-24,330
IQ:34,280,2,457,91
IQ:35,288,255,132,-374
SW:2
RR:3
SS:3
FR:2480
ME:356
MA:353
KE:358
KA:357
DF_END

Data arrived...
DF_BEGIN
IQ:0,0,11,-207,-4
IQ:1,8,11,29,185
IQ:2,16,11,210,-47
IQ:3,24,11,-62,-194
IQ:4,32,11,-179,91
IQ:5,40,11,99,171
IQ:6,48,11,168,-128
IQ:7,56,11,-125,-155
IQ:8,72,12,283,115
IQ:9,80,255,88,-311
IQ:10,88,1,-317,-124
IQ:11,96,255,-2,324
IQ:12,104,2,492,5
IQ:13,112,255,87,-427
IQ:14,120,10,-77,2
IQ:15,128,255,197,156
IQ:16,136,3,483,-89
IQ:17,144,255,-25,-255
IQ:18,152,9,18,354
IQ:19,160,255,387,190
IQ:20,168,4,286,3
IQ:21,176,255,-71,-118
IQ:22,184,8,86,317
IQ:23,192,255,336,-1
IQ:24,200,7,-27,-204
IQ:25,208,255,-267,55
IQ:26,216,6,1,300
IQ:27,224,255,306,61
IQ:28,232,5,68,-51
IQ:29,240,255,-84,87
IQ:30,248,12,105,309
IQ:31,256,255,278,-155
IQ:32,264,1,-149,-313
IQ:33,272,255,-261,217
IQ:34,280,2,331,373
IQ:35,288,255,372,-230
SW:2
RR:3
SS:3
FR:2480
ME:359
MA:353
KE:358
KA:357
DF_END

Data arrived...
DF_BEGIN
IQ:0,0,11,-171,-55
IQ:1,8,11,-44,179
IQ:2,16,11,182,36
IQ:3,24,11,19,-184
IQ:4,32,11,-177,18
IQ:5,40,11,37,186
IQ:6,48,11,175,-38
IQ:7,56,11,-66,-175
IQ:8,72,12,92,107
IQ:9,80,255,68,-130
IQ:10,88,1,-190,-119
IQ:11,96,255,-95,155
IQ:12,104,2,212,30
IQ:13,112,255,48,-208
IQ:14,120,10,-109,-73
IQ:15,128,255,8,103
IQ:16,136,3,220,-53
IQ:17,144,255,-9,-184
IQ:18,152,9,-55,28
IQ:19,160,255,97,86
IQ:20,168,4,215,-56
IQ:21,176,255,-29,-154
IQ:22,184,8,-46,102
IQ:23,192,255,107,37
IQ:24,200,7,-34,-101
IQ:25,208,255,-140,20
IQ:26,216,6,-50,146
IQ:27,224,255,140,61
IQ:28,232,5,96,-80
IQ:29,240,255,-84,-47
IQ:30,248,12,-19,132
IQ:31,256,255,137,-30
IQ:32,264,1,-22,-222
IQ:33,272,255,-178,34
IQ:34,280,2,104,192
IQ:35,288,255,208,-90
SW:2
RR:3
SS:3
FR:2426
ME:359
MA:353
KE:358
KA:356
DF_END

Data arrived...
DF_BEGIN
IQ:0,0,11,-114,116
IQ:1,8,11,138,87
IQ:2,16,11,87,-146
IQ:3,24,11,-152,-72
IQ:4,32,11,-53,159
IQ:5,40,11,159,51
IQ:6,48,11,32,-166
IQ:7,56,11,-171,-14
IQ:8,72,12,213,39
IQ:9,80,255,-13,-169
IQ:10,88,1,-239,79
IQ:11,96,255,92,176
IQ:12,104,2,181,-244
IQ:13,112,255,-192,-204
IQ:14,120,10,-109,97
IQ:15,128,255,152,42
IQ:16,136,3,91,-318
IQ:17,144,255,-249,-101
IQ:18,152,9,-13,166
IQ:19,160,255,214,18
IQ:20,168,4,122,-216
IQ:21,176,255,-147,-68
IQ:22,184,8,74,121
IQ:23,192,255,131,-60
IQ:24,200,7,-58,-68
IQ:25,208,255,-70,101
IQ:26,216,6,101,126
IQ:27,224,255,146,-99
IQ:28,232,5,-60,-168
IQ:29,240,255,-133,94
IQ:30,248,12,95,194
IQ:31,256,255,118,-120
IQ:32,264,1,-214,-132
IQ:33,272,255,-74,189
IQ:34,280,2,302,-23
IQ:35,288,255,26,-284
SW:2
RR:3
SS:3
FR:2402
ME:359
MA:5
KE:358
KA:357
DF_END

Data arrived...
DF_BEGIN
IQ:0,0,11,183,-17
IQ:1,8,11,-56,-181
IQ:2,16,11,-190,64
IQ:3,24,11,91,176
IQ:4,32,11,166,-116
IQ:5,40,11,-129,-145
IQ:6,48,11,-142,144
IQ:7,56,11,144,128
IQ:8,72,12,-301,-101
IQ:9,80,255,-68,333
IQ:10,88,1,318,78
IQ:11,96,255,-7,-333
IQ:12,104,2,-484,-8
IQ:13,112,255,-102,401
IQ:14,120,10,57,-25
IQ:15,128,255,-202,-181
IQ