IQ:25,208,255,-32,-156
IQ:26,216,6,-149,40
IQ:27,224,255,96,133
IQ:28,232,5,184,-145
IQ:29,240,255,-128,-188
IQ:30,248,12,-152,108
IQ:31,256,255,100,120
IQ:32,264,1,69,-146
IQ:33,272,255,-140,-60
IQ:34,280,2,-6,149
IQ:35,288,255,176,2
SW:2
RR:3
SS:3
FR:2426
ME:2
MA:353
KE:0
KA:357
DF_END

Data arrived...
DF_BEGIN
IQ:0,0,11,144,-82
IQ:1,8,11,-89,-133
IQ:2,16,11,-130,104
IQ:3,24,11,123,110
IQ:4,32,11,99,-126
IQ:5,40,11,-138,-89
IQ:6,48,11,-75,144
IQ:7,56,11,149,55
IQ:8,72,12,-132,-36
IQ:9,80,255,1,140
IQ:10,88,1,195,7
IQ:11,96,255,-22,-162
IQ:12,104,2,-164,101
IQ:13,112,255,95,161
IQ:14,120,10,88,-86
IQ:15,128,255,-116,-81
IQ:16,136,3,-104,167
IQ:17,144,255,140,107
IQ:18,152,9,39,-129
IQ:19,160,255,-163,-48
IQ:20,168,4,-99,186
IQ:21,176,255,158,87
IQ:22,184,8,41,-161
IQ:23,192,255,-160,-24
IQ:24,200,7,37,130
IQ:25,208,255,153,-38
IQ:26,216,6,-13,-150
IQ:27,224,255,-145,38
IQ:28,232,5,53,158
IQ:29,240,255,156,-54
IQ:30,248,12,-58,-120
IQ:31,256,255,-109,92
IQ:32,264,1,124,149
IQ:33,272,255,112,-124
IQ:34,280,2,-188,-74
IQ:35,288,255,-72,192
SW:2
RR:3
SS:3
FR:2402
ME:359
MA:5
KE:0
KA:358
DF_END

Data arrived...
DF_BEGIN
IQ:0,0,11,-174,-76
IQ:1,8,11,-55,180
IQ:2,16,11,185,36
IQ:3,24,11,26,-191
IQ:4,32,11,-185,-13
IQ:5,40,11,18,183
IQ:6,48,11,183,-44
IQ:7,56,11,-60,-184
IQ:8,72,12,66,134
IQ:9,80,255,129,-108
IQ:10,88,1,-127,-160
IQ:11,96,255,-121,131
IQ:12,104,2,197,82
IQ:13,112,255,90,-185
IQ:14,120,10,-144,-38
IQ:15,128,255,-7,164
IQ:16,136,3,204,-8
IQ:17,144,255,-9,-194
IQ:18,152,9,-158,40
IQ:19,160,255,59,188
IQ:20,168,4,224,-13
IQ:21,176,255,-6,-193
IQ:22,184,8,-185,67
IQ:23,192,255,79,163
IQ:24,200,7,92,-128
IQ:25,208,255,-149,-111
IQ:26,216,6,-123,105
IQ:27,224,255,137,99
IQ:28,232,5,114,-150
IQ:29,240,255,-144,-106
IQ:30,248,12,-73,128
IQ:31,256,255,157,38
IQ:32,264,1,50,-201
IQ:33,272,255,-186,-14
IQ:34,280,2,40,214
IQ:35,288,255,220,-27
SW:2
RR:3
SS:3
FR:2402
ME:359
MA:353
KE:0
KA:358
DF_END

Data arrived...
DF_BEGIN
IQ:0,0,11,160,-102
IQ:1,8,11,-128,-151
IQ:2,16,11,-144,128
IQ:3,24,11,145,119
IQ:4,32,11,118,-165
IQ:5,40,11,-160,-110
IQ:6,48,11,-69,181
IQ:7,56,11,192,54
IQ:8,72,12,-231,79
IQ:9,80,255,71,178
IQ:10,88,1,151,-171
IQ:11,96,255,-138,-144
IQ:12,104,2,-66,151
IQ:13,112,255,178,88
IQ:14,120,10,120,-96
IQ:15,128,255,-92,-55
IQ:16,136,3,11,218
IQ:17,144,255,186,40
IQ:18,152,9,3,-50
IQ:19,160,255,-113,76
IQ:20,168,4,29,279
IQ:21,176,255,238,-3
IQ:22,184,8,-72,-104
IQ:23,192,255,-133,83
IQ:24,200,7,9,97
IQ:25,208,255,75,-64
IQ:26,216,6,-115,-125
IQ:27,224,255,-105,176
IQ:28,232,5,256,205
IQ:29,240,255,196,-208
IQ:30,248,12,-198,-135
IQ:31,256,255,-95,168
IQ:32,264,1,212,-2
IQ:33,272,255,12,-202
IQ:34,280,2,-158,48
IQ:35,288,255,28,211
SW:2
RR:3
SS:3
FR:2480
ME:359
MA:5
KE:0
KA:358
DF_END

Data arrived...
DF_BEGIN
IQ:0,0,11,-158,119
IQ:1,8,11,126,136
IQ:2,16,11,115,-152
IQ:3,24,11,-153,-122
IQ:4,32,11,-98,156
IQ:5,40,11,174,73
IQ:6,48,11,65,-175
IQ:7,56,11,-180,-42
IQ:8,72,12,197,3
IQ:9,80,255,-13,-161
IQ:10,88,1,-138,85
IQ:11,96,255,83,141
IQ:12,104,2,102,-116
IQ:13,112,255,-121,-138
IQ:14,120,10,-129,83
IQ:15,128,255,108,94
IQ:16,136,3,49,-156
IQ:17,144,255,-166,-68
IQ:18,152,9,-70,133
IQ:19,160,255,153,22
IQ:20,168,4,7,-210
IQ:21,176,255,-208,-7
IQ:22,184,8,-8,169
IQ:23,192,255,173,10
IQ:24,200,7,-18,-163
IQ:25,208,255,-163,34
IQ:26,216,6,45,150
IQ:27,224,255,147,-95
IQ:28,232,5,-118,-215
IQ:29,240,255,-198,115
IQ:30,248,12,100,157
IQ:31,256,255,116,-105
IQ:32,264,1,-155,-67
IQ:33,272,255,-72,144
IQ:34,280,2,161,14
IQ:35,288,255,21,-187
SW:2
RR:3
SS:3
FR:2426
ME:2
MA:353
KE:0
KA:358
DF_END

Data arrived...
DF_BEGIN
IQ:0,0,11,185,-19
IQ:1,8,11,-35,-188
IQ:2,16,11,-181,44
IQ:3,24,11,57,170
IQ:4,32,11,164,-92
IQ:5,40,11,-102,-155
IQ:6,48,11,-150,116
IQ:7,56,11,138,123
IQ:8,72,12,-122,-78
IQ:9,80,255,-43,156
IQ:10,88,1,193,72
IQ:11,96,255,40,-179
IQ:12,104,2,-207,17
IQ:13,112,255,3,205
IQ:14,120,10,145,-41
IQ:15,128,255,-70,-147
IQ:16,136,3,-184,104
IQ:17,144,255,102,161
IQ:18,152,9,115,-112
IQ:19,160,255,-133,-144
IQ:20,168,4,-188,108
IQ:21,176,255,110,151
IQ:22,184,8,128,-154
IQ:23,192,255,-138,-104
IQ:24,200,7,-8,149
IQ:25,208,255,184,21
IQ:26,216,6,57,-162
IQ:27,224,255,-165,-31
IQ:28,232,5,-14,186
IQ:29,240,255,172,-3
IQ:30,248,12,-18,-153
IQ:31,256,255,-151,34
IQ:32,264,1,55,199
IQ:33,272,255,175,-60
IQ:34,280,2,-143,-169
IQ:35,288,255,-167,142
SW:2
RR:3
SS:3
FR:2402
ME:359
MA:353
KE:0
KA:357
DF_END

Data arrived...
DF_BEGIN
IQ:0,0,11,20,185
IQ:1,8,11,179,-33
IQ:2,16,11,-46,-180
IQ:3,24,11,-176,51
IQ:4,32,11,67,173
IQ:5,40,11,160,-80
IQ:6,48,11,-104,-156
IQ:7,56,11,-142,116
IQ:8,72,12,75,-127
IQ:9,80,255,-156,-54
IQ:10,88,1,-82,190
IQ:11,96,255,172,47
IQ:12,104,2,-25,-218
IQ:13,112,255,-208,4
IQ:14,120,10,42,133
IQ:15,128,255,150,-69
IQ:16,136,3,-87,-194
IQ:17,144,255,-173,80
IQ:18,152,9,99,124
IQ:19,160,255,136,-140
IQ:20,168,4,-108,-183
IQ:21,176,255,-153,105
IQ:22,184,8,144,130
IQ:23,192,255,115,-131
IQ:24,200,7,-151,-24
IQ:25,208,255,-52,180
IQ:26,216,6,151,62
IQ:27,224,255,29,-169
IQ:28,232,5,-181,-34
IQ:29,240,255,-21,174
IQ:30,248,12,147,2
IQ:31,256,255,-53,-160
IQ:32,264,1,-199,37
IQ:33,272,255,49,168
IQ:34,280,2,170,-133
IQ:35,288,255,-130,-178
SW:2
RR:3
SS:3
FR:2402
ME:359
MA:5
KE:0
KA:358
DF_END

Data arrived...
DF_BEGIN
IQ:0,0,11,-135,-147
IQ:1,8,11,-131,141
IQ:2,16,11,159,112
IQ:3,24,11,80,-177
IQ:4,32,11,-186,-54
IQ:5,40,11,-56,195
IQ:6,48,11,189,37
IQ:7,56,11,20,-190
IQ:8,72,12,129,183
IQ:9,80,255,145,-124
IQ:10,88,1,-191,-104
IQ:11,96,255,-95,171
IQ:12,104,2,161,32
IQ:13,112,255,60,-193
IQ:14,120,10,-110,-103
IQ:15,128,255,-27,99
IQ:16,136,3,200,-69
IQ:17,144,255,-2,-195
IQ:18,152,9,-53,3
IQ:19,160,255,105,87
IQ:20,168,4,263,-110
IQ:21,176,255,-64,-221
IQ:22,184,8,-56,114
IQ:23,192,255,126,95
IQ:24,200,7,85,-46
IQ:25,208,255,-89,-50
IQ:26,216,6,-97,140
IQ:27,224,255,207,53
IQ:28,232,5,160,-295
IQ:29,240,255,-250,-141
IQ:30,248,12,-74,220
IQ:31,256,255,191,39
IQ:32,264,1,-48,-218
IQ:33,272,255,-204,26
IQ:34,280,2,61,158
IQ:35,288,255,201,-68
SW:2
RR:3
SS:3
FR:2480
ME:359
MA:5
KE:359
KA:358
DF_END

Data arrived...
DF_BEGIN
IQ:0,0,11,147,112
IQ:1,8,11,95,-155
IQ:2,16,11,-166,-85
IQ:3,24,11,-73,165
IQ:4,32,11,177,61
IQ:5,40,11,47,-179
IQ:6,48,11,-184,-23
IQ:7,56,11,14,184
IQ:8,72,12,-21,-192
IQ:9,80,255,-159,38
IQ:10,88,1,99,127
IQ:11,96,255,109,-118
IQ:12,104,2,-140,-68
IQ:13,112,255,-84,152
IQ:14,120,10,121,79
IQ:15,128,255,61,-132
IQ:16,136,3,-156,-17
IQ:17,144,255,-16,170
IQ:18,152,9,142,19
IQ:19,160,255,-15,-159
IQ:20,168,4,-212,22
IQ:21,176,255,21,202
IQ:22,184,8,162,-22
IQ:23,192,255,-41,-166
IQ:24,200,7,-149,67
IQ:25,208,255,73,143
IQ:26,216,6,139,-79
IQ:27,224,255,-106,-130
IQ:28,232,5,-168,164
IQ:29,240,255,156,157
IQ:30,248,12,131,-134
IQ:31,256,255,-127,-97
IQ:32,264,1,-33,158
IQ:33,272,255,162,24
IQ:34,280,2,-12,-159
IQ:35,288,255,-178,20
SW:2
RR:3
SS:3
FR:2426
ME:359
MA:5
KE:359
KA:359
DF_END

Data arrived...
DF_BEGIN
IQ:0,0,11,77,158
IQ:1,8,11,155,-96
IQ:2,16,11,-84,-155
IQ:3,24,11,-127,107
IQ:4,32,11,124,119
IQ:5,40,11,108,-145
IQ:6,48,11,-146,-101
IQ:7,56,11,-77,160
IQ:8,72,12,40,-140
IQ:9,80,255,-161,-3
IQ:10,88,1,-11,206
IQ:11,96,255,172,-4
IQ:12,104,2,-86,-194
IQ:13,112,255,-196,61
IQ:14,120,10,79,116
IQ:15,128,255,101,-106
IQ:16,136,3,-159,-130
IQ:17,144,255,-127,139
IQ:18,152,9,135,72
IQ:19,160,255,77,-173
IQ:20,168,4,-172,-134
IQ:21,176,255,-112,155
IQ:22,184,8,169,78
IQ:23,192,255,65,-158
IQ:24,200,7,-147,34
IQ:25,208,255,31,170
IQ:26,216,6,164,14
IQ:27,224,255,-17,-168
IQ:28,232,5,-173,34
IQ:29,240,255,46,165
IQ:30,248,12,141,-45
IQ:31,256,255,-80,-129
IQ:32,264,1,-174,105
IQ:33,272,255,120,128
IQ:34,280,2,105,-186
IQ:35,288,255,-184,-121
SW:2
RR:3
SS:3
FR:2402
ME:359
MA:5
KE:359
KA:0
DF_END

Data arrived...
DF_BEGIN
IQ:0,0,11,152,-101
IQ:1,8,11,-112,-144
IQ:2,16,11,-126,130
IQ:3,24,11,133,114
IQ:4,32,11,90,-156
IQ:5,40,11,-159,-89
IQ:6,48,11,-71,162
IQ:7,56,11,168,53
IQ:8,72,12,-143,-24
IQ:9,80,255,23,157
IQ:10,88,1,199,-34
IQ:11,96,255,-43,-179
IQ:12,104,2,-183,115
IQ:13,112,255,93,174
IQ:14,120,10,91,-101
IQ:15,128,255,-131,-89
IQ:16,136,3,-107,178
IQ:17,144,255,163,91
IQ:18,152,9,43,-146
IQ:19,160,255,-187,-42
IQ:20,168,4,-116,184
IQ:21,176,255,164,77
IQ:22,184,8,42,-184
IQ:23,192,255,-168,-18
IQ:24,200,7,64,140
IQ:25,208,255,164,-69
IQ:26,216,6,-44,-163
IQ:27,224,255,-163,54
IQ:28,232,5,74,162
IQ:29,240,255,154,-69
IQ:30,248,12,-80,-130
IQ:31,256,255,-119,106
IQ:32,264,1,138,157
IQ:33,272,255,112,-137
IQ:34,280,2,-198,-55
IQ:35,288,255,-62,202
SW:2
RR:3
SS:3
FR:2402
ME:359
MA:359
KE:359
KA:0
DF_END

Data arrived...
DF_BEGIN
IQ:0,0,11,188,22
IQ:1,8,11,-5,-186
IQ:2,16,11,-181,13
IQ:3,24,11,46,177
IQ:4,32,11,174,-57
IQ:5,40,11,-69,-180
IQ:6,48,11,-164,94
IQ:7,56,11,110,144
IQ:8,72,12,-203,-73
IQ:9,80,255,-40,173
IQ:10,88,1,207,-26
IQ:11,96,255,-26,-185
IQ:12,104,2,-136,87
IQ:13,112,255,89,169
IQ:14,120,10,148,9
IQ:15,128,255,-43,-87
IQ:16,136,3,-122,184
IQ:17,144,255,131,131
IQ:18,152,9,23,-39
IQ:19,160,255,-130,-2
IQ:20,168,4,-152,238
IQ:21,176,255,164,140
IQ:22,184,8,-14,-123
IQ:23,192,255,-159,-15
IQ:24,200,7,-26,74
IQ:25,208,255,87,-19
IQ:26,216,6,-18,-154
IQ:27,224,255,-182,96
IQ:28,232,5,58,329
IQ:29,240,255,278,-48
IQ:30,248,12,-74,-206
IQ:31,256,255,-161,72
IQ:32,264,1,169,127
IQ:33,272,255,112,-153
IQ:34,280,2,-161,-66
IQ:35,288,255,-92,184
SW:2
RR:3
SS:3
FR:2480
ME:359
MA:5
KE:359
KA:0
DF_END

Data arrived...
DF_BEGIN
IQ:0,0,11,57,-162
IQ:1,8,11,-175,-24
IQ:2,16,11,-15,179
IQ:3,24,11,182,-15
IQ:4,32,11,-17,-186
IQ:5,40,11,-178,31
IQ:6,48,11,54,163
IQ:7,56,11,158,-84
IQ:8,72,12,-149,106
IQ:9,80,255,101,115
IQ:10,88,1,56,-147
IQ:11,96,255,-134,-66
IQ:12,104,2,-14,144
IQ:13,112,255,165,14
IQ:14,120,10,17,-138
IQ:15,128,255,-137,-6
IQ:16,136,3,49,138
IQ:17,144,255,151,-58
IQ:18,152,9,-43,-132
IQ:19,160,255,-126,77
IQ:20,168,4,111,180
IQ:21,176,255,172,-90
IQ:22,184,8,-85,-136
IQ:23,192,255,-126,91
IQ:24,200,7,101,126
IQ:25,208,255,106,-115
IQ:26,216,6,-123,-90
IQ:27,224,255,-47,155
IQ:28,232,5,223,77
IQ:29,240,255,84,-201
IQ:30,248,12,-173,-70
IQ:31,256,255,-54,156
IQ:32,264,1,152,-31
IQ:33,272,255,-36,-148
IQ:34,280,2,-126,93
IQ:35,288,255,94,161
SW:2
RR:3
SS:3
FR:2426
ME:2
MA:353
KE:359
KA:0
DF_END

Data arrived...
DF_BEGIN
IQ:0,0,11,-173,-31
IQ:1,8,11,1,187
IQ:2,16,11,187,-31
IQ:3,24,11,-37,-169
IQ:4,32,11,-175,72
IQ:5,40,11,64,163
IQ:6,48,11,175,-32
IQ:7,56,11,-99,-158
IQ:8,72,12,130,135
IQ:9,80,255,113,-124
IQ:10,88,1,-128,-26
IQ:11,96,255,-13,147
IQ:12,104,2,164,-9
IQ:13,112,255,-5,-172
IQ:14,120,10,-134,7
IQ:15,128,255,29,138
IQ:16,136,3,141,-82
IQ:17,144,255,-91,-146
IQ:18,152,9,-127,62
IQ:19,160,255,105,126
IQ:20,168,4,139,-142
IQ:21,176,255,-136,-143
IQ:22,184,8,-103,102
IQ:23,192,255,118,115
IQ:24,200,7,70,-157
IQ:25,208,255,-115,-46
IQ:26,216,6,-61,142
IQ:27,224,255,145,15
IQ:28,232,5,35,-229
IQ:29,240,255,-210,-59
IQ:30,248,12,-40,179
IQ:31,256,255,155,23
IQ:32,264,1,-75,-151
IQ:33,272,255,-131,87
IQ:34,280,2,105,105
IQ:35,288,255,134,-114
SW:2
RR:3
SS:3
FR:2426
ME:359
MA:5
KE:359
KA:0
DF_END

Data arrived...
DF_BEGIN
IQ:0,0,11,126,123
IQ:1,8,11,106,-147
IQ:2,16,11,-147,-104
IQ:3,24,11,-85,157
IQ:4,32,11,160,60
IQ:5,40,11,40,-173
IQ:6,48,11,-174,-36
IQ:7,56,11,-1,175
IQ:8,72,12,-20,-140
IQ:9,80,255,-137,72
IQ:10,88,1,82,196
IQ:11,96,255,163,-77
IQ:12,104,2,-151,-150
IQ:13,112,255,-144,126
IQ:14,120,10,115,80
IQ:15,128,255,60,-139
IQ:16,136,3,-194,-60
IQ:17,144,255,-51,183
IQ:18,152,9,154,4
IQ:19,160,255,11,-184
IQ:20,168,4,-216,-56
IQ:21,176,255,-47,188
IQ:22,184,8,184,-5
IQ:23,192,255,-19,-167
IQ:24,200,7,-115,95
IQ:25,208,255,112,143
IQ:26,216,6,158,-57
IQ:27,224,255,-72,-145
IQ:28,232,5,-162,89
IQ:29,240,255,99,143
IQ:30,248,12,116,-95
IQ:31,256,255,-127,-90
IQ:32,264,1,-113,176
IQ:33,272,255,157,77
IQ:34,280,2,11,-215
IQ:35,288,255,-213,-39
SW:2
RR:3
SS:3
FR:2402
ME:359
MA:353
KE:359
KA:359
DF_END

Data arrived...
DF_BEGIN
IQ:0,0,11,149,98
IQ:1,8,11,66,-159
IQ:2,16,11,-175,-63
IQ:3,24,11,-44,177
IQ:4,32,11,185,11
IQ:5,40,11,-4,-179
IQ:6,48,11,-181,18
IQ:7,56,11,31,177
IQ:8,72,12,-30,-142
IQ:9,80,255,-129,69
IQ:10,88,1,108,172
IQ:11,96,255,131,-106
IQ:12,104,2,-202,-91
IQ:13,112,255,-127,162
IQ:14,120,10,130,45
IQ:15,128,255,22,-154
IQ:16,136,3,-206,-5
IQ:17,144,255,-24,192
IQ:18,152,9,156,6
IQ:19,160,255,-21,-182
IQ:20,168,4,-214,-26
IQ:21,176,255,0,178
IQ:22,184,8,182,-61
IQ:23,192,255,-59,-164
IQ:24,200,7,-114,107
IQ:25,208,255,112,140
IQ:26,216,6,128,-88
IQ:27,224,255,-125,-109
IQ:28,232,5,-121,139
IQ:29,240,255,133,121
IQ:30,248,12,85,-111
IQ:31,256,255,-149,-54
IQ:32,264,1,-86,185
IQ:33,272,255,169,33
IQ:34,280,2,-37,-211
IQ:35,288,255,-220,21
SW:2
RR:3
SS:3
FR:2402
ME:359
MA:353
KE:359
KA:359
DF_END

Data arrived...
DF_BEGIN
IQ:0,0,11,169,-91
IQ:1,8,11,-108,-154
IQ:2,16,11,-136,119
IQ:3,24,11,126,129
IQ:4,32,11,108,-155
IQ:5,40,11,-167,-87
IQ:6,48,11,-86,165
IQ:7,56,11,174,80
IQ:8,72,12,-219,93
IQ:9,80,255,85,161
IQ:10,88,1,130,-167
IQ:11,96,255,-152,-131
IQ:12,104,2,-61,153
IQ:13,112,255,174,85
IQ:14,120,10,133,-77
IQ:15,128,255,-75,-48
IQ:16,136,3,11,216
IQ:17,144,255,183,44
IQ:18,152,9,1,-46
IQ:19,160,255,-100,81
IQ:20,168,4,43,278
IQ:21,176,255,227,22
IQ:22,184,8,-64,-109
IQ:23,192,255,-130,69
IQ:24,200,7,21,82
IQ:25,208,255,72,-66
IQ:26,216,6,-100,-122
IQ:27,224,255,-118,170
IQ:28,232,5,233,230
IQ:29,240,255,198,-193
IQ:30,248,12,-198,-128
IQ:31,256,255,-87,157
IQ:32,264,1,213,15
IQ:33,272,255,14,-197
IQ:34,280,2,-159,29
IQ:35,288,255,23,205
SW:2
RR:3
SS:3
FR:2480
ME:2
MA:353
KE:359
KA:358
DF_END

Data arrived...
DF_BEGIN
IQ:0,0,11,35,190
IQ:1,8,11,178,-51
IQ:2,16,11,-71,-180
IQ:3,24,11,-187,78
IQ:4,32,11,105,152
IQ:5,40,11,145,-118
IQ:6,48,11,-130,-135
IQ:7,56,11,-124,147
IQ:8,72,12,-12,-229
IQ:9,80,255,-184,20
IQ:10,88,1,102,194
IQ:11,96,255,187,-84
IQ:12,104,2,-126,-115
IQ:13,112,255,-147,131
IQ:14,120,10,29,155
IQ:15,128,255,77,-60
IQ:16,136,3,-210,-68
IQ:17,144,255,-117,155
IQ:18,152,9,45,20
IQ:19,160,255,-51,-124
IQ:20,168,4,-284,-41
IQ:21,176,255,-56,216
IQ:22,184,8,113,-39
IQ:23,192,255,-31,-145
IQ:24,200,7,-92,-12
IQ:25,208,255,38,95
IQ:26,216,6,145,-65
IQ:27,224,255,-151,-142
IQ:28,232,5,-305,154
IQ:29,240,255,111,264
IQ:30,248,12,181,-136
IQ:31,256,255,-134,-135
IQ:32,264,1,-76,208
IQ:33,272,255,185,73
IQ:34,280,2,8,-165
IQ:35,288,255,-212,-30
SW:2
RR:3
SS:3
FR:2480
ME:359
MA:5
KE:359
KA:359
DF_END

Data arrived...
DF_BEGIN
IQ:0,0,11,181,-17
IQ:1,8,11,-34,-175
IQ:2,16,11,-175,48
IQ:3,24,11,71,167
IQ:4,32,11,149,-102
IQ:5,40,11,-112,-142
IQ:6,48,11,-134,119
IQ:7,56,11,135,119
IQ:8,72,12,-163,-100
IQ:9,80,255,-76,138
IQ:10,88,1,156,-2
IQ:11,96,255,-9,-156
IQ:12,104,2,-135,63
IQ:13,112,255,59,162
IQ:14,120,10,144,-30
IQ:15,128,255,-47,-132
IQ:16,136,3,-123,94
IQ:17,144,255,117,130
IQ:18,152,9,104,-97
IQ:19,160,255,-121,-98
IQ:20,168,4,-118,176
IQ:21,176,255,159,125
IQ:22,184,8,85,-139
IQ:23,192,255,-142,-76
IQ:24,200,7,-65,150
IQ:25,208,255,144,60
IQ:26,216,6,31,-153
IQ:27,224,255,-172,12
IQ:28,232,5,2,235
IQ:29,240,255,224,-14
IQ:30,248,12,-3,-185
IQ:31,256,255,-155,33
IQ:32,264,1,97,124
IQ:33,272,255,116,-102
IQ:34,280,2,-134,-86
IQ:35,288,255,-89,151
SW:2
RR:3
SS:3
FR:2426
ME:2
MA:353
KE:359
KA:358
DF_END

Data arrived...
DF_BEGIN
IQ:0,0,11,24,-194
IQ:1,8,11,-183,-25
IQ:2,16,11,-2,178
IQ:3,24,11,182,-17
IQ:4,32,11,-54,-173
IQ:5,40,11,-175,64
IQ:6,48,11,73,165
IQ:7,56,11,150,-106
IQ:8,72,12,-108,106
IQ:9,80,255,134,83
IQ:10,88,1,118,-171
IQ:11,96,255,-167,-88
IQ:12,104,2,-44,211
IQ:13,112,255,195,35
IQ:14,120,10,-13,-139
IQ:15,128,255,-148,43
IQ:16,136,3,69,199
IQ:17,144,255,182,-55
IQ:18,152,9,-83,-138
IQ:19,160,255,-159,106
IQ:20,168,4,79,205
IQ:21,176,255,175,-80
IQ:22,184,8,-124,-153
IQ:23,192,255,-135,110
IQ:24,200,7,147,50
IQ:25,208,255,68,-171
IQ:26,216,6,-133,-100
IQ:27,224,255,-56,154
IQ:28,232,5,177,65
IQ:29,240,255,52,-175
IQ:30,248,12,-146,-37
IQ:31,256,255,-1,159
IQ:32,264,1,208,-4
IQ:33,272,255,-24,-177
IQ:34,280,2,-188,106
IQ:35,288,255,108,187
SW:2
RR:3
SS:3
FR:2402
ME:359
MA:353
KE:359
KA:358
DF_END

Data arrived...
DF_BEGIN
IQ:0,0,11,-148,-110
IQ:1,8,11,-103,157
IQ:2,16,11,161,85
IQ:3,24,11,44,-176
IQ:4,32,11,-189,-41
IQ:5,40,11,-52,193
IQ:6,48,11,180,18
IQ:7,56,11,-16,-184
IQ:8,72,12,138,179
IQ:9,80,255,120,-127
IQ:10,88,1,-206,-78
IQ:11,96,255,-75,188
IQ:12,104,2,158,7
IQ:13,112,255,30,-184
IQ:14,120,10,-122,-85
IQ:15,128,255,-16,100
IQ:16,136,3,188,-89
IQ:17,144,255,-15,-192
IQ:18,152,9,-44,22
IQ:19,160,255,100,75
IQ:20,168,4,235,-135
IQ:21,176,255,-86,-204
IQ:22,184,8,-74,102
IQ:23,192,255,112,99
IQ:24,200,7,53,-43
IQ:25,208,255,-98,-33
IQ:26,216,6,-81,149
IQ:27,224,255,200,19
IQ:28,232,5,124,-308
IQ:29,240,255,-267,-119
IQ:30,248,12,-64,220
IQ:31,256,255,179,20
IQ:32,264,1,-91,-199
IQ:33,272,255,-193,55
IQ:34,280,2,96,134
IQ:35,288,255,173,-91
SW:2
RR:3
SS:3
FR:2480
ME:359
MA:5
KE:359
KA:358
DF_END

Data arrived...
DF_BEGIN
IQ:0,0,11,183,-1
IQ:1,8,11,-24,-185
IQ:2,16,11,-178,36
IQ:3,24,11,54,176
IQ:4,32,11,170,-62
IQ:5,40,11,-90,-160
IQ:6,48,11,-151,102
IQ:7,56,11,120,134
IQ:8,72,12,-151,-115
IQ:9,80,255,-87,132
IQ:10,88,1,164,21
IQ:11,96,255,20,-159
IQ:12,104,2,-151,32
IQ:13,112,255,27,160
IQ:14,120,10,144,-23
IQ:15,128,255,-19,-143
IQ:16,136,3,-135,79
IQ:17,144,255,89,142
IQ:18,152,9,126,-76
IQ:19,160,255,-106,-105
IQ:20,168,4,-131,162
IQ:21,176,255,139,148
IQ:22,184,8,113,-118
IQ:23,192,255,-134,-99
IQ:24,200,7,-68,139
IQ:25,208,255,145,60
IQ:26,216,6,51,-151
IQ:27,224,255,-168,-13
IQ:28,232,5,-26,235