
Data arrived...
DF_BEGIN
IQ:0,0,11,130,-166
IQ:1,8,11,-180,-129
IQ:2,16,11,-112,178
IQ:3,24,11,185,71
IQ:4,32,11,39,-210
IQ:5,40,11,-210,-41
IQ:6,48,11,-15,205
IQ:7,56,11,201,-24
IQ:8,72,12,-205,169
IQ:9,80,255,135,136
IQ:10,88,1,71,-230
IQ:11,96,255,-208,-80
IQ:12,104,2,14,191
IQ:13,112,255,223,34
IQ:14,120,10,124,-115
IQ:15,128,255,-87,-33
IQ:16,136,3,120,210
IQ:17,144,255,213,-51
IQ:18,152,9,13,-39
IQ:19,160,255,-47,109
IQ:20,168,4,187,259
IQ:21,176,255,238,-105
IQ:22,184,8,-106,-59
IQ:23,192,255,-102,132
IQ:24,200,7,17,92
IQ:25,208,255,50,-81
IQ:26,216,6,-151,-86
IQ:27,224,255,-23,221
IQ:28,232,5,356,99
IQ:29,240,255,89,-328
IQ:30,248,12,-257,-47
IQ:31,256,255,-18,210
IQ:32,264,1,234,-81
IQ:33,272,255,-73,-218
IQ:34,280,2,-160,100
IQ:35,288,255,113,209
SW:2
RR:3
SS:3
FR:2480
ME:2
MA:353
KE:1
KA:354
DF_END

Data arrived...
DF_BEGIN
IQ:0,0,11,-162,75
IQ:1,8,11,97,145
IQ:2,16,11,129,-118
IQ:3,24,11,-135,-118
IQ:4,32,11,-91,149
IQ:5,40,11,168,76
IQ:6,48,11,74,-162
IQ:7,56,11,-171,-51
IQ:8,72,12,181,34
IQ:9,80,255,6,-153
IQ:10,88,1,-150,65
IQ:11,96,255,59,146
IQ:12,104,2,112,-104
IQ:13,112,255,-108,-130
IQ:14,120,10,-117,82
IQ:15,128,255,99,103
IQ:16,136,3,64,-149
IQ:17,144,255,-154,-77
IQ:18,152,9,-61,134
IQ:19,160,255,153,42
IQ:20,168,4,45,-207
IQ:21,176,255,-192,-56
IQ:22,184,8,-41,154
IQ:23,192,255,162,21
IQ:24,200,7,1,-153
IQ:25,208,255,-158,8
IQ:26,216,6,17,157
IQ:27,224,255,147,-69
IQ:28,232,5,-101,-219
IQ:29,240,255,-211,90
IQ:30,248,12,75,170
IQ:31,256,255,136,-77
IQ:32,264,1,-132,-85
IQ:33,272,255,-79,130
IQ:34,280,2,152,21
IQ:35,288,255,31,-180
SW:2
RR:3
SS:3
FR:2426
ME:2
MA:353
KE:1
KA:353
DF_END

Data arrived...
DF_BEGIN
IQ:0,0,11,113,138
IQ:1,8,11,124,-127
IQ:2,16,11,-139,-111
IQ:3,24,11,-101,157
IQ:4,32,11,157,78
IQ:5,40,11,66,-166
IQ:6,48,11,-168,-65
IQ:7,56,11,-32,172
IQ:8,72,12,13,-152
IQ:9,80,255,-162,24
IQ:10,88,1,31,210
IQ:11,96,255,169,-58
IQ:12,104,2,-141,-151
IQ:13,112,255,-142,134
IQ:14,120,10,109,79
IQ:15,128,255,71,-130
IQ:16,136,3,-173,-72
IQ:17,144,255,-75,168
IQ:18,152,9,141,40
IQ:19,160,255,35,-163
IQ:20,168,4,-201,-76
IQ:21,176,255,-60,178
IQ:22,184,8,183,20
IQ:23,192,255,11,-163
IQ:24,200,7,-139,73
IQ:25,208,255,82,161
IQ:26,216,6,167,-37
IQ:27,224,255,-61,-151
IQ:28,232,5,-158,77
IQ:29,240,255,93,143
IQ:30,248,12,122,-104
IQ:31,256,255,-125,-99
IQ:32,264,1,-128,170
IQ:33,272,255,147,106
IQ:34,280,2,38,-197
IQ:35,288,255,-213,-51
SW:2
RR:3
SS:3
FR:2402
ME:359
MA:5
KE:0
KA:355
DF_END

Data arrived...
DF_BEGIN
IQ:0,0,11,-154,-34
IQ:1,8,11,-8,155
IQ:2,16,11,152,-13
IQ:3,24,11,-38,-155
IQ:4,32,11,-153,45
IQ:5,40,11,51,141
IQ:6,48,11,150,-68
IQ:7,56,11,-75,-126
IQ:8,72,12,204,59
IQ:9,80,255,41,-164
IQ:10,88,1,-183,36
IQ:11,96,255,44,162
IQ:12,104,2,123,-96
IQ:13,112,255,-67,-162
IQ:14,120,10,-116,-37
IQ:15,128,255,17,49
IQ:16,136,3,88,-179
IQ:17,144,255,-111,-127
IQ:18,152,9,-16,-2
IQ:19,160,255,103,-27
IQ:20,168,4,92,-226
IQ:21,176,255,-161,-111
IQ:22,184,8,24,82
IQ:23,192,255,126,-14
IQ:24,200,7,72,-53
IQ:25,208,255,-61,-7
IQ:26,216,6,36,136
IQ:27,224,255,148,-87
IQ:28,232,5,-88,-308
IQ:29,240,255,-260,29
IQ:30,248,12,59,191
IQ:31,256,255,156,-56
IQ:32,264,1,-148,-111
IQ:33,272,255,-109,126
IQ:34,280,2,144,46
IQ:35,288,255,90,-161
SW:2
RR:3
SS:3
FR:2480
ME:2
MA:353
KE:0
KA:354
DF_END

Data arrived...
DF_BEGIN
IQ:0,0,11,-139,-90
IQ:1,8,11,-76,133
IQ:2,16,11,148,51
IQ:3,24,11,42,-148
IQ:4,32,11,-157,-28
IQ:5,40,11,-10,161
IQ:6,48,11,157,-1
IQ:7,56,11,-16,-157
IQ:8,72,12,138,153
IQ:9,80,255,106,-128
IQ:10,88,1,-192,-52
IQ:11,96,255,-51,164
IQ:12,104,2,138,-33
IQ:13,112,255,5,-182
IQ:14,120,10,-92,-96
IQ:15,128,255,-5,56
IQ:16,136,3,145,-134
IQ:17,144,255,-40,-176
IQ:18,152,9,-18,-11
IQ:19,160,255,94,20
IQ:20,168,4,197,-165
IQ:21,176,255,-93,-176
IQ:22,184,8,-14,82
IQ:23,192,255,126,55
IQ:24,200,7,79,-24
IQ:25,208,255,-57,-35
IQ:26,216,6,-64,119
IQ:27,224,255,175,-11
IQ:28,232,5,51,-306
IQ:29,240,255,-265,-79
IQ:30,248,12,-15,211
IQ:31,256,255,166,-4
IQ:32,264,1,-80,-176
IQ:33,272,255,-161,77
IQ:34,280,2,102,110
IQ:35,288,255,145,-116
SW:2
RR:3
SS:3
FR:2480
ME:2
MA:353
KE:1
KA:354
DF_END

Data arrived...
DF_BEGIN
IQ:0,0,11,-158,82
IQ:1,8,11,100,142
IQ:2,16,11,132,-117
IQ:3,24,11,-123,-120
IQ:4,32,11,-108,134
IQ:5,40,11,150,84
IQ:6,48,11,77,-157
IQ:7,56,11,-160,-57
IQ:8,72,12,180,29
IQ:9,80,255,14,-152
IQ:10,88,1,-147,60
IQ:11,96,255,55,144
IQ:12,104,2,111,-101
IQ:13,112,255,-103,-132
IQ:14,120,10,-111,85
IQ:15,128,255,97,96
IQ:16,136,3,76,-134
IQ:17,144,255,-141,-80
IQ:18,152,9,-72,121
IQ:19,160,255,140,48
IQ:20,168,4,41,-201
IQ:21,176,255,-196,-57
IQ:22,184,8,-44,144
IQ:23,192,255,160,21
IQ:24,200,7,2,-149
IQ:25,208,255,-153,9
IQ:26,216,6,14,151
IQ:27,224,255,133,-64
IQ:28,232,5,-113,-204
IQ:29,240,255,-200,88
IQ:30,248,12,72,180
IQ:31,256,255,140,-72
IQ:32,264,1,-131,-84
IQ:33,272,255,-74,124
IQ:34,280,2,146,27
IQ:35,288,255,39,-173
SW:2
RR:3
SS:3
FR:2426
ME:2
MA:353
KE:1
KA:354
DF_END

Data arrived...
DF_BEGIN
IQ:0,0,11,-167,-62
IQ:1,8,11,-45,177
IQ:2,16,11,179,29
IQ:3,24,11,9,-177
IQ:4,32,11,-179,10
IQ:5,40,11,24,174
IQ:6,48,11,177,-42
IQ:7,56,11,-54,-165
IQ:8,72,12,72,134
IQ:9,80,255,116,-101
IQ:10,88,1,-145,-135
IQ:11,96,255,-105,150
IQ:12,104,2,189,64
IQ:13,112,255,73,-184
IQ:14,120,10,-133,-26
IQ:15,128,255,7,144
IQ:16,136,3,182,-50
IQ:17,144,255,-27,-189
IQ:18,152,9,-140,35
IQ:19,160,255,65,163
IQ:20,168,4,208,-32
IQ:21,176,255,-38,-189
IQ:22,184,8,-167,71
IQ:23,192,255,85,145
IQ:24,200,7,72,-136
IQ:25,208,255,-144,-96
IQ:26,216,6,-120,116
IQ:27,224,255,130,103
IQ:28,232,5,92,-145
IQ:29,240,255,-151,-74
IQ:30,248,12,-55,142
IQ:31,256,255,153,30
IQ:32,264,1,44,-205
IQ:33,272,255,-178,-16
IQ:34,280,2,67,194
IQ:35,288,255,200,-66
SW:2
RR:3
SS:3
FR:2402
ME:359
MA:5
KE:0
KA:355
DF_END

Data arrived...
DF_BEGIN
IQ:0,0,11,-87,128
IQ:1,8,11,124,93
IQ:2,16,11,87,-124
IQ:3,24,11,-126,-70
IQ:4,32,11,-47,153
IQ:5,40,11,151,38
IQ:6,48,11,27,-152
IQ:7,56,11,-151,0
IQ:8,72,12,172,-123
IQ:9,80,255,-93,-116
IQ:10,88,1,-60,180
IQ:11,96,255,161,77
IQ:12,104,2,3,-140
IQ:13,112,255,-163,-33
IQ:14,120,10,-89,74
IQ:15,128,255,48,22
IQ:16,136,3,-98,-156
IQ:17,144,255,-167,24
IQ:18,152,9,-4,12
IQ:19,160,255,31,-94
IQ:20,168,4,-135,-199
IQ:21,176,255,-183,79
IQ:22,184,8,80,25
IQ:23,192,255,83,-111
IQ:24,200,7,9,-73
IQ:25,208,255,-27,51
IQ:26,216,6,117,73
IQ:27,224,255,15,-176
IQ:28,232,5,-291,-82
IQ:29,240,255,-95,251
IQ:30,248,12,201,50
IQ:31,256,255,44,-148
IQ:32,264,1,-171,68
IQ:33,272,255,43,172
IQ:34,280,2,118,-88
IQ:35,288,255,-77,-158
SW:2
RR:3
SS:3
FR:2480
ME:2
MA:353
KE:1
KA:355
DF_END

Data arrived...
DF_BEGIN
IQ:0,0,11,40,142
IQ:1,8,11,132,-59
IQ:2,16,11,-77,-132
IQ:3,24,11,-119,85
IQ:4,32,11,97,109
IQ:5,40,11,94,-104
IQ:6,48,11,-135,-92
IQ:7,56,11,-79,127
IQ:8,72,12,-26,-215
IQ:9,80,255,-159,28
IQ:10,88,1,118,148
IQ:11,96,255,123,-101
IQ:12,104,2,-143,-57
IQ:13,112,255,-117,132
IQ:14,120,10,9,123
IQ:15,128,255,29,-30
IQ:16,136,3,-200,29
IQ:17,144,255,-70,159
IQ:18,152,9,-7,22
IQ:19,160,255,-80,-64
IQ:20,168,4,-253,34
IQ:21,176,255,-32,198
IQ:22,184,8,48,-54
IQ:23,192,255,-76,-103
IQ:24,200,7,-82,-39
IQ:25,208,255,6,50
IQ:26,216,6,99,-70
IQ:27,224,255,-142,-82
IQ:28,232,5,-207,229
IQ:29,240,255,173,207
IQ:30,248,12,140,-137
IQ:31,256,255,-121,-107
IQ:32,264,1,-51,183
IQ:33,272,255,157,52
IQ:34,280,2,-23,-138
IQ:35,288,255,-185,1
SW:2
RR:3
SS:3
FR:2480
ME:7
MA:279
KE:1
KA:349
DF_END

Data arrived...
DF_BEGIN
IQ:0,0,11,61,165
IQ:1,8,11,151,-95
IQ:2,16,11,-104,-146
IQ:3,24,11,-130,112
IQ:4,32,11,130,118
IQ:5,40,11,114,-140
IQ:6,48,11,-147,-99
IQ:7,56,11,-81,162
IQ:8,72,12,60,-180
IQ:9,80,255,-151,-40
IQ:10,88,1,38,155
IQ:11,96,255,143,-43
IQ:12,104,2,-88,-117
IQ:13,112,255,-143,92
IQ:14,120,10,75,120
IQ:15,128,255,104,-85
IQ:16,136,3,-136,-78
IQ:17,144,255,-90,144
IQ:18,152,9,106,79
IQ:19,160,255,55,-135
IQ:20,168,4,-199,-57
IQ:21,176,255,-76,191
IQ:22,184,8,144,54
IQ:23,192,255,29,-151
IQ:24,200,7,-151,-26
IQ:25,208,255,-15,151
IQ:26,216,6,148,-12
IQ:27,224,255,-59,-154
IQ:28,232,5,-227,74
IQ:29,240,255,61,217
IQ:30,248,12,176,-53
IQ:31,256,255,-70,-132
IQ:32,264,1,-81,137
IQ:33,272,255,134,81
IQ:34,280,2,35,-146
IQ:35,288,255,-172,-57
SW:2
RR:3
SS:3
FR:2426
ME:2
MA:353
KE:1
KA:349
DF_END

Data arrived...
DF_BEGIN
IQ:0,0,11,-123,-120
IQ:1,8,11,-118,141
IQ:2,16,11,141,113
IQ:3,24,11,80,-151
IQ:4,32,11,-162,-65
IQ:5,40,11,-57,177
IQ:6,48,11,171,46
IQ:7,56,11,23,-172
IQ:8,72,12,10,187
IQ:9,80,255,152,-35
IQ:10,88,1,-98,-123
IQ:11,96,255,-130,85
IQ:12,104,2,115,79
IQ:13,112,255,99,-133
IQ:14,120,10,-102,-97
IQ:15,128,255,-83,100
IQ:16,136,3,145,26
IQ:17,144,255,25,-156
IQ:18,152,9,-131,-27
IQ:19,160,255,-15,152
IQ:20,168,4,205,-13
IQ:21,176,255,-2,-202
IQ:22,184,8,-151,-2
IQ:23,192,255,35,156
IQ:24,200,7,149,-29
IQ:25,208,255,-42,-138
IQ:26,216,6,-142,59
IQ:27,224,255,97,119
IQ:28,232,5,169,-153
IQ:29,240,255,-141,-173
IQ:30,248,12,-146,113
IQ:31,256,255,109,105
IQ:32,264,1,39,-152
IQ:33,272,255,-153,-37
IQ:34,280,2,18,142
IQ:35,288,255,178,-12
SW:2
RR:3
SS:3
FR:2426
ME:2
MA:353
KE:1
KA:349
DF_END

Data arrived...
DF_BEGIN
IQ:0,0,11,168,-78
IQ:1,8,11,-112,-152
IQ:2,16,11,-127,108
IQ:3,24,11,133,112
IQ:4,32,11,117,-157
IQ:5,40,11,-153,-107
IQ:6,48,11,-92,141
IQ:7,56,11,164,58
IQ:8,72,12,-147,-47
IQ:9,80,255,-38,169
IQ:10,88,1,213,-10
IQ:11,96,255,-44,-181
IQ:12,104,2,-169,105
IQ:13,112,255,69,183
IQ:14,120,10,115,-84
IQ:15,128,255,-110,-123
IQ:16,136,3,-102,166
IQ:17,144,255,127,131
IQ:18,152,9,72,-150
IQ:19,160,255,-187,-57
IQ:20,168,4,-108,185
IQ:21,176,255,214,76
IQ:22,184,8,80,-159
IQ:23,192,255,-200,-18
IQ:24,200,7,46,128
IQ:25,208,255,195,-16
IQ:26,216,6,-9,-175
IQ:27,224,255,-149,43
IQ:28,232,5,30,171
IQ:29,240,255,185,-42
IQ:30,248,12,-64,-150
IQ:31,256,255,-153,101
IQ:32,264,1,146,160
IQ:33,272,255,106,-152
IQ:34,280,2,-192,-61
IQ:35,288,255,-57,186
SW:2
RR:3
SS:3
FR:2402
ME:359
MA:5
KE:1
KA:351
DF_END

Data arrived...
DF_BEGIN
IQ:0,0,11,145,-46
IQ:1,8,11,-47,-162
IQ:2,16,11,-134,57
IQ:3,24,11,76,115
IQ:4,32,11,107,-102
IQ:5,40,11,-110,-112
IQ:6,48,11,-94,112
IQ:7,56,11,121,78
IQ:8,72,12,-207,10
IQ:9,80,255,17,140
IQ:10,88,1,144,-118
IQ:11,96,255,-95,-140
IQ:12,104,2,-72,121
IQ:13,112,255,131,107
IQ:14,120,10,115,-9
IQ:15,128,255,-22,-39
IQ:16,136,3,8,181
IQ:17,144,255,150,60
IQ:18,152,9,20,-7
IQ:19,160,255,-66,64
IQ:20,168,4,7,242
IQ:21,176,255,184,19
IQ:22,184,8,-59,-53
IQ:23,192,255,-110,53
IQ:24,200,7,-54,64
IQ:25,208,255,41,-12
IQ:26,216,6,-77,-110
IQ:27,224,255,-83,128
IQ:28,232,5,216,205
IQ:29,240,255,207,-177
IQ:30,248,12,-133,-155
IQ:31,256,255,-106,108
IQ:32,264,1,176,24
IQ:33,272,255,30,-172
IQ:34,280,2,-140,17
IQ:35,288,255,-6,173
SW:2
RR:3
SS:3
FR:2480
ME:2
MA:353
KE:1
KA:351
DF_END

Data arrived...
DF_BEGIN
IQ:0,0,11,142,68
IQ:1,8,11,62,-143
IQ:2,16,11,-141,-41
IQ:3,24,11,-14,157
IQ:4,32,11,151,-5
IQ:5,40,11,-5,-149
IQ:6,48,11,-138,37
IQ:7,56,11,48,155
IQ:8,72,12,-164,-103
IQ:9,80,255,-74,129
IQ:10,88,1,182,4
IQ:11,96,255,-5,-158
IQ:12,104,2,-122,68
IQ:13,112,255,47,168
IQ:14,120,10,99,81
IQ:15,128,255,7,-24
IQ:16,136,3,-89,167
IQ:17,144,255,84,155
IQ:18,152,9,13,26
IQ:19,160,255,-90,18
IQ:20,168,4,-153,200
IQ:21,176,255,135,147
IQ:22,184,8,-21,-62
IQ:23,192,255,-115,-16
IQ:24,200,7,-86,18
IQ:25,208,255,35,32
IQ:26,216,6,15,-116
IQ:27,224,255,-148,44
IQ:28,232,5,12,299
IQ:29,240,255,263,-17
IQ:30,248,12,-3,-192
IQ:31,256,255,-145,32
IQ:32,264,1,110,158
IQ:33,272,255,134,-85
IQ:34,280,2,-118,-60
IQ:35,288,255,-123,128
SW:2
RR:3
SS:3
FR:2480
ME:7
MA:290
KE:2
KA:345
DF_END

Data arrived...
DF_BEGIN
IQ:0,0,11,-152,117
IQ:1,8,11,130,131
IQ:2,16,11,120,-154
IQ:3,24,11,-151,-118
IQ:4,32,11,-97,170
IQ:5,40,11,167,84
IQ:6,48,11,45,-186
IQ:7,56,11,-191,-45
IQ:8,72,12,200,2
IQ:9,80,255,-18,-170
IQ:10,88,1,-145,85
IQ:11,96,255,75,152
IQ:12,104,2,95,-108
IQ:13,112,255,-132,-114
IQ:14,120,10,-116,91
IQ:15,128,255,107,90
IQ:16,136,3,44,-144
IQ:17,144,255,-161,-55
IQ:18,152,9,-75,129
IQ:19,160,255,137,33
IQ:20,168,4,11,-217
IQ:21,176,255,-211,-27
IQ:22,184,8,-35,164
IQ:23,192,255,164,11
IQ:24,200,7,-6,-171
IQ:25,208,255,-171,26
IQ:26,216,6,40,159
IQ:27,224,255,146,-83
IQ:28,232,5,-125,-202
IQ:29,240,255,-186,135
IQ:30,248,12,122,167
IQ:31,256,255,131,-111
IQ:32,264,1,-149,-76
IQ:33,272,255,-63,145
IQ:34,280,2,145,3
IQ:35,288,255,23,-185
SW:2
RR:3
SS:3
FR:2426
ME:2
MA:353
KE:2
KA:345
DF_END

Data arrived...
DF_BEGIN
IQ:0,0,11,-26,156
IQ:1,8,11,156,17
IQ:2,16,11,-2,-157
IQ:3,24,11,-157,17
IQ:4,32,11,31,152
IQ:5,40,11,148,-45
IQ:6,48,11,-61,-146
IQ:7,56,11,-134,67
IQ:8,72,12,100,-100
IQ:9,80,255,-111,-81
IQ:10,88,1,-84,144
IQ:11,96,255,137,64
IQ:12,104,2,20,-167
IQ:13,112,255,-167,-28
IQ:14,120,10,-2,118
IQ:15,128,255,120,-14
IQ:16,136,3,-47,-153
IQ:17,144,255,-146,45
IQ:18,152,9,55,120
IQ:19,160,255,133,-71
IQ:20,168,4,-58,-166
IQ:21,176,255,-149,61
IQ:22,184,8,82,134
IQ:23,192,255,107,-90
IQ:24,200,7,-124,-62
IQ:25,208,255,-75,134
IQ:26,216,6,118,78
IQ:27,224,255,63,-127
IQ:28,232,5,-135,-55
IQ:29,240,255,-36,132
IQ:30,248,12,137,21
IQ:31,256,255,1,-138
IQ:32,264,1,-168,7
IQ:33,272,255,21,152
IQ:34,280,2,151,-71
IQ:35,288,255,-87,-153
SW:2
RR:3
SS:3
FR:2402
ME:359
MA:5
KE:1
KA:347
DF_END

Data arrived...
DF_BEGIN
IQ:0,0,11,59,-177
IQ:1,8,11,-185,-38
IQ:2,16,11,-7,186
IQ:3,24,11,190,-18
IQ:4,32,11,-39,-180
IQ:5,40,11,-175,50
IQ:6,48,11,67,170
IQ:7,56,11,166,-89
IQ:8,72,12,-115,232
IQ:9,80,255,177,78
IQ:10,88,1,-17,-230
IQ:11,96,255,-208,6
IQ:12,104,2,75,144
IQ:13,112,255,194,-67
IQ:14,120,10,60,-153
IQ:15,128,255,-80,5
IQ:16,136,3,195,86
IQ:17,144,255,165,-132
IQ:18,152,9,8,-56
IQ:19,160,255,-3,91
IQ:20,168,4,241,104
IQ:21,176,255,140,-185
IQ:22,184,8,-74,-4
IQ:23,192,255,-11,145
IQ:24,200,7,95,107
IQ:25,208,255,57,-93
IQ:26,216,6,-164,-9
IQ:27,224,255,62,184
IQ:28,232,5,322,-61
IQ:29,240,255,-48,-292
IQ:30,248,12,-244,49
IQ:31,256,255,48,197
IQ:32,264,1,165,-156
IQ:33,272,255,-139,-156
IQ:34,280,2,-72,138
IQ:35,288,255,174,114
SW:2
RR:3
SS:3
FR:2480
ME:2
MA:353
KE:1
KA:347
DF_END

Data arrived...
DF_BEGIN
IQ:0,0,11,-204,-25
IQ:1,8,11,-31,185
IQ:2,16,11,178,-18
IQ:3,24,11,-56,-194
IQ:4,32,11,-199,49
IQ:5,40,11,61,168
IQ:6,48,11,160,-95
IQ:7,56,11,-115,-157
IQ:8,72,12,236,95
IQ:9,80,255,46,-195
IQ:10,88,1,-234,54
IQ:11,96,255,38,196
IQ:12,104,2,133,-99
IQ:13,112,255,-94,-190
IQ:14,120,10,-177,-41
IQ:15,128,255,-2,87
IQ:16,136,3,82,-193
IQ:17,144,255,-145,-152
IQ:18,152,9,-73,-1
IQ:19,160,255,95,-19
IQ:20,168,4,78,-260
IQ:21,176,255,-208,-124
IQ:22,184,8,-14,78
IQ:23,192,255,145,-5
IQ:24,200,7,86,-120
IQ:25,208,255,-106,-40
IQ:26,216,6,6,161
IQ:27,224,255,163,-94
IQ:28,232,5,-120,-309
IQ:29,240,255,-288,104
IQ:30,248,12,77,232
IQ:31,256,255,178,-89
IQ:32,264,1,-196,-145
IQ:33,272,255,-144,151
IQ:34,280,2,156,40
IQ:35,288,255,84,-205
SW:2
RR:3
SS:3
FR:2480
ME:2
MA:353
KE:1
KA:348
DF_END

Data arrived...
DF_BEGIN
IQ:0,0,11,58,-150
IQ:1,8,11,-152,-34
IQ:2,16,11,-19,161
IQ:3,24,11,164,1
IQ:4,32,11,-7,-166
IQ:5,40,11,-161,24
IQ:6,48,11,35,156
IQ:7,56,11,157,-45
IQ:8,72,12,-137,87
IQ:9,80,255,83,107
IQ:10,88,1,65,-124
IQ:11,96,255,-125,-63
IQ:12,104,2,-33,122
IQ:13,112,255,142,22
IQ:14,120,10,28,-137
IQ:15,128,255,-124,-18
IQ:16,136,3,20,134
IQ:17,144,255,142,-24
IQ:18,152,9,-31,-129
IQ:19,160,255,-132,61
IQ:20,168,4,68,159
IQ:21,176,255,165,-54
IQ:22,184,8,-67,-122
IQ:23,192,255,-122,75
IQ:24,200,7,89,100
IQ:25,208,255,89,-108
IQ:26,216,6,-100,-96
IQ:27,224,255,-80,122
IQ:28,232,5,174,105
IQ:29,240,255,98,-155
IQ:30,248,12,-147,-62
IQ:31,256,255,-33,127
IQ:32,264,1,141,-24
IQ:33,272,255,-24,-136
IQ:34,280,2,-119,43
IQ:35,288,255,66,136
SW:2
RR:3
SS:3
FR:2426
ME:359
MA:5
KE:1
KA:349
DF_END

Data arrived...
DF_BEGIN
IQ:0,0,11,161,80
IQ:1,8,11,61,-175
IQ:2,16,11,-180,-37
IQ:3,24,11,-40,188
IQ:4,32,11,180,25
IQ:5,40,11,-3,-183
IQ:6,48,11,-186,13
IQ:7,56,11,38,177
IQ:8,72,12,-70,-131
IQ:9,80,255,-145,82
IQ:10,88,1,100,164
IQ:11,96,255,132,-114
IQ:12,104,2,-184,-102
IQ:13,112,255,-96,168
IQ:14,120,10,142,36
IQ:15,128,255,31,-155
IQ:16,136,3,-200,-22
IQ:17,144,255,-12,186
IQ:18,152,9,152,-27
IQ:19,160,255,-47,-183
IQ:20,168,4,-213,-5
IQ:21,176,255,4,180
IQ:22,184,8,184,-54
IQ:23,192,255,-52,-160
IQ:24,200,7,-100,122
IQ:25,208,255,138,112
IQ:26,216,6,135,-103
IQ:27,224,255,-119,-117
IQ:28,232,5,-113,134
IQ:29,240,255,135,94
IQ:30,248,12,76,-129
IQ:31,256,255,-154,-54
IQ:32,264,1,-61,181
IQ:33,272,255,171,33
IQ:34,280,2,-27,-214
IQ:35,288,255,-212,29
SW:2
RR:3
SS:3
FR:2402
ME:359
MA:5
KE:1
KA:351
DF_END

Data arrived...
DF_BEGIN
IQ:0,0,11,-178,-18
IQ:1,8,11,-1,186
IQ:2,16,11,180,-27
IQ:3,24,11,-42,-182
IQ:4,32,11,-180,59
IQ:5,40,11,88,164
IQ:6,48,11,162,-93
IQ:7,56,11,-114,-143
IQ:8,72,12,235,66
IQ:9,80,255,32,-192
IQ:10,88,1,-220,44
IQ:11,96,255,48,193
IQ:12,104,2,136,-105
IQ:13,112,255,-100,-179
IQ:14,120,10,-162,-42
IQ:15,128,255,15,75
IQ:16,136,3,72,-207
IQ:17,144,255,-152,-139
IQ:18,152,9,-52,8
IQ:19,160,255,103,-8
IQ:20,168,4,99,-256
IQ:21,176,255,-191,-119
IQ:22,184,8,19,87
IQ:23,192,255,145,-10
IQ:24,200,7,68,-98
IQ:25,208,255,-101,-10
IQ:26,216,6,14,153
IQ:27,224,255,171,-97
IQ:28,232,5,-108,-306
IQ:29,240,255,-279,80
IQ:30,248,12,72,232
IQ:31,256,255,157,-64
IQ:32,264,1,-192,-119
IQ:33,272,255,-138,151
IQ:34,280,2,159,53
IQ:35,288,255,92,-193
SW:2
RR:3
SS:3
FR:2480
ME:2
MA:353
KE:1
KA:351
DF_END

Data arrived...
DF_BEGIN
IQ: