KE:0
KA:357
DF_END

Data arrived...
DF_BEGIN
IQ:0,0,11,-161,-41
IQ:1,8,11,-32,151
IQ:2,16,11,154,-8
IQ:3,24,11,-27,-158
IQ:4,32,11,-165,47
IQ:5,40,11,39,146
IQ:6,48,11,136,-72
IQ:7,56,11,-80,-143
IQ:8,72,12,175,77
IQ:9,80,255,55,-146
IQ:10,88,1,-180,0
IQ:11,96,255,-4,155
IQ:12,104,2,98,-54
IQ:13,112,255,-63,-156
IQ:14,120,10,-130,-49
IQ:15,128,255,8,82
IQ:16,136,3,81,-133
IQ:17,144,255,-101,-124
IQ:18,152,9,-59,6
IQ:19,160,255,82,13
IQ:20,168,4,121,-180
IQ:21,176,255,-139,-114
IQ:22,184,8,-27,78
IQ:23,192,255,113,30
IQ:24,200,7,67,-76
IQ:25,208,255,-93,-28
IQ:26,216,6,0,131
IQ:27,224,255,141,-54
IQ:28,232,5,-60,-245
IQ:29,240,255,-227,36
IQ:30,248,12,41,183
IQ:31,256,255,151,-55
IQ:32,264,1,-124,-123
IQ:33,272,255,-127,106
IQ:34,280,2,102,50
IQ:35,288,255,76,-148
SW:2
RR:3
SS:3
FR:2480
ME:2
MA:353
KE:0
KA:357
DF_END

Data arrived...
DF_BEGIN
IQ:0,0,11,69,145
IQ:1,8,11,143,-79
IQ:2,16,11,-86,-142
IQ:3,24,11,-125,103
IQ:4,32,11,121,105
IQ:5,40,11,92,-123
IQ:6,48,11,-136,-89
IQ:7,56,11,-71,141
IQ:8,72,12,-51,-197
IQ:9,80,255,-147,48
IQ:10,88,1,114,133
IQ:11,96,255,124,-102
IQ:12,104,2,-113,-54
IQ:13,112,255,-87,134
IQ:14,120,10,42,134
IQ:15,128,255,66,-49
IQ:16,136,3,-165,1
IQ:17,144,255,-58,142
IQ:18,152,9,41,39
IQ:19,160,255,-33,-72
IQ:20,168,4,-219,14
IQ:21,176,255,-23,187
IQ:22,184,8,74,-26
IQ:23,192,255,-38,-110
IQ:24,200,7,-105,-23
IQ:25,208,255,24,81
IQ:26,216,6,116,-73
IQ:27,224,255,-122,-89
IQ:28,232,5,-160,195
IQ:29,240,255,176,159
IQ:30,248,12,142,-135
IQ:31,256,255,-121,-92
IQ:32,264,1,-12,169
IQ:33,272,255,160,27
IQ:34,280,2,-17,-126
IQ:35,288,255,-166,8
SW:2
RR:3
SS:3
FR:2480
ME:2
MA:353
KE:0
KA:357
DF_END

Data arrived...
DF_BEGIN
IQ:0,0,11,-5,158
IQ:1,8,11,154,-7
IQ:2,16,11,-25,-151
IQ:3,24,11,-157,32
IQ:4,32,11,44,148
IQ:5,40,11,147,-55
IQ:6,48,11,-76,-128
IQ:7,56,11,-108,107
IQ:8,72,12,113,-121
IQ:9,80,255,-108,-82
IQ:10,88,1,-26,134
IQ:11,96,255,136,23
IQ:12,104,2,-33,-127
IQ:13,112,255,-145,29
IQ:14,120,10,14,127
IQ:15,128,255,119,-25
IQ:16,136,3,-68,-108
IQ:17,144,255,-118,74
IQ:18,152,9,59,112
IQ:19,160,255,99,-81
IQ:20,168,4,-124,-115
IQ:21,176,255,-125,118
IQ:22,184,8,92,95
IQ:23,192,255,84,-112
IQ:24,200,7,-113,-77
IQ:25,208,255,-67,119
IQ:26,216,6,126,47
IQ:27,224,255,23,-144
IQ:28,232,5,-191,-21
IQ:29,240,255,-24,187
IQ:30,248,12,161,9
IQ:31,256,255,-9,-139
IQ:32,264,1,-129,62
IQ:33,272,255,53,127
IQ:34,280,2,84,-92
IQ:35,288,255,-124,-96
SW:2
RR:3
SS:3
FR:2426
ME:2
MA:353
KE:1
KA:356
DF_END

Data arrived...
DF_BEGIN
IQ:0,0,11,-108,174
IQ:1,8,11,172,83
IQ:2,16,11,45,-198
IQ:3,24,11,-198,-38
IQ:4,32,11,-24,195
IQ:5,40,11,189,6
IQ:6,48,11,-8,-185
IQ:7,56,11,-195,38
IQ:8,72,12,161,-59
IQ:9,80,255,-96,-136
IQ:10,88,1,-167,134
IQ:11,96,255,130,140
IQ:12,104,2,101,-193
IQ:13,112,255,-185,-104
IQ:14,120,10,-50,144
IQ:15,128,255,157,26
IQ:16,136,3,5,-207
IQ:17,144,255,-200,-14
IQ:18,152,9,22,166
IQ:19,160,255,186,-30
IQ:20,168,4,-7,-216
IQ:21,176,255,-197,23
IQ:22,184,8,56,197
IQ:23,192,255,171,-55
IQ:24,200,7,-136,-104
IQ:25,208,255,-133,143
IQ:26,216,6,107,147
IQ:27,224,255,128,-126
IQ:28,232,5,-138,-118
IQ:29,240,255,-95,144
IQ:30,248,12,143,95
IQ:31,256,255,61,-160
IQ:32,264,1,-211,-72
IQ:33,272,255,-39,187
IQ:34,280,2,210,-25
IQ:35,288,255,-30,-216
SW:2
RR:3
SS:3
FR:2402
ME:359
MA:5
KE:0
KA:357
DF_END

Data arrived...
DF_BEGIN
IQ:0,0,11,-145,6
IQ:1,8,11,31,145
IQ:2,16,11,146,-68
IQ:3,24,11,-80,-127
IQ:4,32,11,-135,67
IQ:5,40,11,117,93
IQ:6,48,11,95,-101
IQ:7,56,11,-118,-93
IQ:8,72,12,117,54
IQ:9,80,255,50,-118
IQ:10,88,1,-152,-40
IQ:11,96,255,-27,139
IQ:12,104,2,155,-40
IQ:13,112,255,-40,-151
IQ:14,120,10,-98,68
IQ:15,128,255,60,75
IQ:16,136,3,131,-97
IQ:17,144,255,-94,-128
IQ:18,152,9,-91,82
IQ:19,160,255,129,79
IQ:20,168,4,111,-108
IQ:21,176,255,-91,-100
IQ:22,184,8,-92,108
IQ:23,192,255,132,73
IQ:24,200,7,31,-135
IQ:25,208,255,-130,-21
IQ:26,216,6,-5,127
IQ:27,224,255,141,25
IQ:28,232,5,15,-134
IQ:29,240,255,-144,-23
IQ:30,248,12,13,130
IQ:31,256,255,121,-18
IQ:32,264,1,-68,-129
IQ:33,272,255,-117,73
IQ:34,280,2,124,104
IQ:35,288,255,135,-103
SW:2
RR:3
SS:3
FR:2402
ME:2
MA:5
KE:1
KA:358
DF_END

Data arrived...
DF_BEGIN
IQ:0,0,11,-137,-54
IQ:1,8,11,-29,151
IQ:2,16,11,161,26
IQ:3,24,11,2,-150
IQ:4,32,11,-158,22
IQ:5,40,11,38,153
IQ:6,48,11,150,-49
IQ:7,56,11,-63,-137
IQ:8,72,12,179,85
IQ:9,80,255,68,-137
IQ:10,88,1,-171,-3
IQ:11,96,255,4,164
IQ:12,104,2,129,-38
IQ:13,112,255,-36,-157
IQ:14,120,10,-120,-45
IQ:15,128,255,2,81
IQ:16,136,3,106,-116
IQ:17,144,255,-66,-133
IQ:18,152,9,-43,3
IQ:19,160,255,86,29
IQ:20,168,4,158,-149
IQ:21,176,255,-114,-139
IQ:22,184,8,-21,78
IQ:23,192,255,123,39
IQ:24,200,7,74,-65
IQ:25,208,255,-71,-35
IQ:26,216,6,-5,126
IQ:27,224,255,158,-31
IQ:28,232,5,6,-253
IQ:29,240,255,-219,10
IQ:30,248,12,28,185
IQ:31,256,255,158,-26
IQ:32,264,1,-107,-127
IQ:33,272,255,-132,97
IQ:34,280,2,95,90
IQ:35,288,255,106,-123
SW:2
RR:3
SS:3
FR:2480
ME:2
MA:353
KE:1
KA:357
DF_END

Data arrived...
DF_BEGIN
IQ:0,0,11,-136,84
IQ:1,8,11,61,136
IQ:2,16,11,137,-111
IQ:3,24,11,-69,-156
IQ:4,32,11,-109,105
IQ:5,40,11,123,111
IQ:6,48,11,79,-142
IQ:7,56,11,-139,-77
IQ:8,72,12,146,58
IQ:9,80,255,21,-149
IQ:10,88,1,-127,11
IQ:11,96,255,12,156
IQ:12,104,2,106,-67
IQ:13,112,255,-57,-132
IQ:14,120,10,-121,62
IQ:15,128,255,59,101
IQ:16,136,3,60,-95
IQ:17,144,255,-125,-60
IQ:18,152,9,-58,92
IQ:19,160,255,114,69
IQ:20,168,4,72,-171
IQ:21,176,255,-157,-80
IQ:22,184,8,-42,144
IQ:23,192,255,119,72
IQ:24,200,7,31,-147
IQ:25,208,255,-104,-4
IQ:26,216,6,10,147
IQ:27,224,255,127,-35
IQ:28,232,5,-63,-195
IQ:29,240,255,-172,38
IQ:30,248,12,65,172
IQ:31,256,255,132,-68
IQ:32,264,1,-123,-86
IQ:33,272,255,-69,105
IQ:34,280,2,131,46
IQ:35,288,255,44,-146
SW:2
RR:3
SS:3
FR:2426
ME:2
MA:353
KE:1
KA:357
DF_END

Data arrived...
DF_BEGIN
IQ:0,0,11,1,-196
IQ:1,8,11,-200,12
IQ:2,16,11,14,198
IQ:3,24,11,188,-41
IQ:4,32,11,-60,-198
IQ:5,40,11,-179,71
IQ:6,48,11,105,162
IQ:7,56,11,164,-112
IQ:8,72,12,-119,124
IQ:9,80,255,145,84
IQ:10,88,1,88,-203
IQ:11,96,255,-183,-66
IQ:12,104,2,-1,226
IQ:13,112,255,203,17
IQ:14,120,10,-27,-151
IQ:15,128,255,-159,41
IQ:16,136,3,70,185
IQ:17,144,255,179,-75
IQ:18,152,9,-88,-140
IQ:19,160,255,-154,116
IQ:20,168,4,101,205
IQ:21,176,255,172,-98
IQ:22,184,8,-128,-152
IQ:23,192,255,-115,131
IQ:24,200,7,161,41
IQ:25,208,255,48,-196
IQ:26,216,6,-164,-81
IQ:27,224,255,-50,171
IQ:28,232,5,174,35
IQ:29,240,255,29,-183
IQ:30,248,12,-168,-19
IQ:31,256,255,2,171
IQ:32,264,1,216,-28
IQ:33,272,255,-47,-187
IQ:34,280,2,-183,117
IQ:35,288,255,134,187
SW:2
RR:3
SS:3
FR:2402
ME:359
MA:5
KE:1
KA:357
DF_END

Data arrived...
DF_BEGIN
IQ:0,0,11,-181,54
IQ:1,8,11,81,172
IQ:2,16,11,170,-107
IQ:3,24,11,-111,-162
IQ:4,32,11,-135,133
IQ:5,40,11,151,116
IQ:6,48,11,118,-158
IQ:7,56,11,-166,-107
IQ:8,72,12,157,56
IQ:9,80,255,30,-175
IQ:10,88,1,-212,-3
IQ:11,96,255,11,194
IQ:12,104,2,196,-79
IQ:13,112,255,-60,-201
IQ:14,120,10,-134,64
IQ:15,128,255,95,132
IQ:16,136,3,136,-140
IQ:17,144,255,-148,-131
IQ:18,152,9,-98,132
IQ:19,160,255,178,84
IQ:20,168,4,143,-171
IQ:21,176,255,-160,-102
IQ:22,184,8,-71,188
IQ:23,192,255,176,66
IQ:24,200,7,-2,-171
IQ:25,208,255,-195,15
IQ:26,216,6,-11,178
IQ:27,224,255,178,-7
IQ:28,232,5,-16,-189
IQ:29,240,255,-178,38
IQ:30,248,12,40,162
IQ:31,256,255,143,-86
IQ:32,264,1,-129,-172
IQ:33,272,255,-140,130
IQ:34,280,2,183,114
IQ:35,288,255,130,-191
SW:2
RR:3
SS:3
FR:2402
ME:359
MA:5
KE:0
KA:358
DF_END

Data arrived...
DF_BEGIN
IQ:0,0,11,167,17
IQ:1,8,11,21,-150
IQ:2,16,11,-153,-12
IQ:3,24,11,15,169
IQ:4,32,11,160,-31
IQ:5,40,11,-41,-151
IQ:6,48,11,-144,49
IQ:7,56,11,79,146
IQ:8,72,12,-162,-67
IQ:9,80,255,-50,144
IQ:10,88,1,190,-39
IQ:11,96,255,-43,-162
IQ:12,104,2,-99,67
IQ:13,112,255,70,141
IQ:14,120,10,128,7
IQ:15,128,255,-31,-73
IQ:16,136,3,-74,165
IQ:17,144,255,101,112
IQ:18,152,9,40,2
IQ:19,160,255,-57,-26
IQ:20,168,4,-123,178
IQ:21,176,255,153,112
IQ:22,184,8,30,-73
IQ:23,192,255,-121,-31
IQ:24,200,7,-51,71
IQ:25,208,255,64,25
IQ:26,216,6,21,-127
IQ:27,224,255,-149,64
IQ:28,232,5,98,239
IQ:29,240,255,207,-81
IQ:30,248,12,-54,-152
IQ:31,256,255,-134,62
IQ:32,264,1,157,94
IQ:33,272,255,76,-146
IQ:34,280,2,-124,-35
IQ:35,288,255,-47,162
SW:2
RR:3
SS:3
FR:2480
ME:2
MA:353
KE:0
KA:358
DF_END

Data arrived...
DF_BEGIN
IQ:0,0,11,-105,-130
IQ:1,8,11,-136,113
IQ:2,16,11,96,108
IQ:3,24,11,90,-107
IQ:4,32,11,-150,-103
IQ:5,40,11,-31,153
IQ:6,48,11,112,59
IQ:7,56,11,-10,-140
IQ:8,72,12,-28,113
IQ:9,80,255,138,6
IQ:10,88,1,-61,-128
IQ:11,96,255,-112,57
IQ:12,104,2,96,99
IQ:13,112,255,137,-117
IQ:14,120,10,-85,-89
IQ:15,128,255,-71,95
IQ:16,136,3,124,57
IQ:17,144,255,47,-132
IQ:18,152,9,-108,-31
IQ:19,160,255,-3,136
IQ:20,168,4,184,58
IQ:21,176,255,75,-160
IQ:22,184,8,-137,1
IQ:23,192,255,-7,118
IQ:24,200,7,116,-20
IQ:25,208,255,-13,-135
IQ:26,216,6,-133,35
IQ:27,224,255,61,132
IQ:28,232,5,177,-83
IQ:29,240,255,-66,-140
IQ:30,248,12,-160,62
IQ:31,256,255,80,124
IQ:32,264,1,83,-135
IQ:33,272,255,-133,-65
IQ:34,280,2,1,127
IQ:35,288,255,156,16
SW:2
RR:3
SS:3
FR:2426
ME:2
MA:5
KE:1
KA:358
DF_END

Data arrived...
DF_BEGIN
IQ:0,0,11,2,149
IQ:1,8,11,148,-25
IQ:2,16,11,-31,-147
IQ:3,24,11,-145,39
IQ:4,32,11,45,141
IQ:5,40,11,129,-80
IQ:6,48,11,-87,-120
IQ:7,56,11,-119,97
IQ:8,72,12,84,-105
IQ:9,80,255,-120,-53
IQ:10,88,1,-65,154
IQ:11,96,255,133,41
IQ:12,104,2,-12,-163
IQ:13,112,255,-159,1
IQ:14,120,10,27,110
IQ:15,128,255,108,-37
IQ:16,136,3,-79,-132
IQ:17,144,255,-133,66
IQ:18,152,9,68,101
IQ:19,160,255,109,-93
IQ:20,168,4,-84,-144
IQ:21,176,255,-130,79
IQ:22,184,8,98,109
IQ:23,192,255,84,-107
IQ:24,200,7,-128,-20
IQ:25,208,255,-39,144
IQ:26,216,6,120,57
IQ:27,224,255,36,-133
IQ:28,232,5,-134,-41
IQ:29,240,255,-28,132
IQ:30,248,12,131,10
IQ:31,256,255,-19,-128
IQ:32,264,1,-161,38
IQ:33,272,255,46,140
IQ:34,280,2,129,-99
IQ:35,288,255,-93,-142
SW:2
RR:3
SS:3
FR:2402
ME:359
MA:5
KE:0
KA:359
DF_END

Data arrived...
DF_BEGIN
IQ:0,0,11,140,68
IQ:1,8,11,62,-147
IQ:2,16,11,-149,-42
IQ:3,24,11,-25,146
IQ:4,32,11,159,3
IQ:5,40,11,-6,-152
IQ:6,48,11,-150,17
IQ:7,56,11,37,147
IQ:8,72,12,-145,-125
IQ:9,80,255,-86,119
IQ:10,88,1,177,33
IQ:11,96,255,34,-151
IQ:12,104,2,-116,22
IQ:13,112,255,9,156
IQ:14,120,10,112,62
IQ:15,128,255,9,-78
IQ:16,136,3,-125,98
IQ:17,144,255,49,146
IQ:18,152,9,50,4
IQ:19,160,255,-75,-42
IQ:20,168,4,-152,132
IQ:21,176,255,93,150
IQ:22,184,8,41,-75
IQ:23,192,255,-108,-52
IQ:24,200,7,-76,48
IQ:25,208,255,72,31
IQ:26,216,6,40,-125
IQ:27,224,255,-147,7
IQ:28,232,5,-23,248
IQ:29,240,255,225,29
IQ:30,248,12,18,-185
IQ:31,256,255,-153,0
IQ:32,264,1,87,151
IQ:33,272,255,140,-75
IQ:34,280,2,-88,-96
IQ:35,288,255,-125,109
SW:2
RR:3
SS:3
FR:2480
ME:2
MA:353
KE:0
KA:358
DF_END

Data arrived...
DF_BEGIN
IQ:0,0,11,61,-147
IQ:1,8,11,-141,-57
IQ:2,16,11,-38,145
IQ:3,24,11,140,32
IQ:4,32,11,12,-152
IQ:5,40,11,-158,-10
IQ:6,48,11,3,151
IQ:7,56,11,150,-38
IQ:8,72,12,-154,56
IQ:9,80,255,50,125
IQ:10,88,1,88,-92
IQ:11,96,255,-102,-84
IQ:12,104,2,-42,120
IQ:13,112,255,133,46
IQ:14,120,10,53,-115
IQ:15,128,255,-113,-35
IQ:16,136,3,-2,128
IQ:17,144,255,133,-14
IQ:18,152,9,-9,-125
IQ:19,160,255,-122,33
IQ:20,168,4,54,166
IQ:21,176,255,160,-33
IQ:22,184,8,-40,-128
IQ:23,192,255,-121,57
IQ:24,200,7,67,109
IQ:25,208,255,111,-71
IQ:26,216,6,-86,-104
IQ:27,224,255,-88,114
IQ:28,232,5,161,107
IQ:29,240,255,107,-155
IQ:30,248,12,-130,-98
IQ:31,256,255,-64,114
IQ:32,264,1,127,-2
IQ:33,272,255,-7,-132
IQ:34,280,2,-120,47
IQ:35,288,255,55,142
SW:2
RR:3
SS:3
FR:2426
ME:359
MA:5
KE:0
KA:359
DF_END

Data arrived...
DF_BEGIN
IQ:0,0,11,51,-85
IQ:1,8,11,-78,-73
IQ:2,16,11,-46,125
IQ:3,24,11,117,65
IQ:4,32,11,70,-74
IQ:5,40,11,-126,-36
IQ:6,48,11,-34,100
IQ:7,56,11,111,-10
IQ:8,72,12,-79,33
IQ:9,80,255,37,96
IQ:10,88,1,112,-67
IQ:11,96,255,-51,-87
IQ:12,104,2,-89,80
IQ:13,112,255,102,65
IQ:14,120,10,47,-91
IQ:15,128,255,-78,-52
IQ:16,136,3,-37,113
IQ:17,144,255,104,72
IQ:18,152,9,20,-99
IQ:19,160,255,-148,-58
IQ:20,168,4,-20,127
IQ:21,176,255,74,13
IQ:22,184,8,29,-130
IQ:23,192,255,-101,-7
IQ:24,200,7,53,80
IQ:25,208,255,112,-23
IQ:26,216,6,13,-61
IQ:27,224,255,-70,64
IQ:28,232,5,62,80
IQ:29,240,255,104,-72
IQ:30,248,12,-51,-140
IQ:31,256,255,-78,57
IQ:32,264,1,114,86
IQ:33,272,255,125,-63
IQ:34,280,2,-83,26
IQ:35,288,255,-2,162
SW:2
RR:3
SS:3
FR:2402
ME:359
MA:5
KE:0
KA:0
DF_END

Data arrived...
DF_BEGIN
IQ:0,0,11,153,11
IQ:1,8,11,-2,-154
IQ:2,16,11,-158,14
IQ:3,24,11,39,147
IQ:4,32,11,143,-67
IQ:5,40,11,-55,-150
IQ:6,48,11,-133,69
IQ:7,56,11,86,123
IQ:8,72,12,-191,-55
IQ:9,80,255,-39,148
IQ:10,88,1,158,-41
IQ:11,96,255,-43,-153
IQ:12,104,2,-105,72
IQ:13,112,255,73,141
IQ:14,120,10,126,23
IQ:15,128,255,-10,-76
IQ:16,136,3,-82,134
IQ:17,144,255,101,110
IQ:18,152,9,44,-21
IQ:19,160,255,-91,1
IQ:20,168,4,-78,196
IQ:21,176,255,145,94
IQ:22,184,8,2,-82
IQ:23,192,255,-114,-11
IQ:24,200,7,-63,70
IQ:25,208,255,70,17
IQ:26,216,6,-11,-127
IQ:27,224,255,-150,73
IQ:28,232,5,50,255
IQ:29,240,255,215,-39
IQ:30,248,12,-68,-180
IQ:31,256,255,-140,73
IQ:32,264,1,141,101
IQ:33,272,255,103,-121
IQ:34,280,2,-116,-51
IQ:35,288,255,-85,141
SW:2
RR:3
SS:3
FR:2480
ME:2
MA:353
KE:0
KA:359
DF_END

Data arrived...
DF_BEGIN
IQ:0,0,11,109,155
IQ:1,8,11,144,-127
IQ:2,16,11,-145,-130
IQ:3,24,11,-119,145
IQ:4,32,11,171,95
IQ:5,40,11,94,-178
IQ:6,48,11,-171,-84
IQ:7,56,11,-49,185
IQ:8,72,12,15,-198
IQ:9,80,255,-168,-3
IQ:10,88,1,68,148
IQ:11,96,255,144,-82
IQ:12,104,2,-118,-109
IQ:13,112,255,-122,123
IQ:14,120,10,105,103
IQ:15,128,255,98,-119
IQ:16,136,3,-156,-58
IQ:17,144,255,-71,160
IQ:18,152,9,139,64
IQ:19,160,255,60,-159
IQ:20,168,4,-208,-37
IQ:21,176,255,-29,205
IQ:22,184,8,172,11
IQ:23,192,255,6,-171
IQ:24,200,7,-162,24
IQ:25,208,255,35,167
IQ:26,216,6,155,-56
IQ:27,224,255,-95,-154
IQ:28,232,5,-216,105
IQ:29,240,255,119,193
IQ:30,248,12,177,-102
IQ:31,256,255,-101,-141
IQ:32,264,1,-75,153
IQ:33,272,255,151,71
IQ:34,280,2,14,-161
IQ:35,288,255,-191,-10
SW:2
RR:3
SS:3
FR:2426
ME:359
MA:5
KE:0
KA:0
DF_END

Data arrived...
DF_BEGIN
IQ:0,0,11,53,-192
IQ:1,8,11,-168,-15
IQ:2,16,11,-5,202
IQ:3,24,11,170,-3
IQ:4,32,11,-16,-183
IQ:5,40,11,-187,60
IQ:6,48,11,50,189
IQ:7,56,11,143,-82
IQ:8,72,12,-112,100
IQ:9,80,255,105,106
IQ:10,88,1,112,-167
IQ:11,96,255,-138,-85
IQ:12,104,2,-58,201
IQ:13,112,255,181,53
IQ:14,120,10,-7,-142
IQ:15,128,255,-154,5
IQ:16,136,3,45,194
IQ:17,144,255,177,-38
IQ:18,152,9,-56,-156
IQ:19,160,255,-177,47
IQ:20,168,4,56,180
IQ:21,176,255,200,-68
IQ:22,184,8,-94,-154
IQ:23,192,255,-147,102
IQ:24,200,7,121,59
IQ:25,208,255,89,-169
IQ:26,216,6,-123,-92
IQ:27,224,255,-89,143
IQ:28,232,5,151,83
IQ:29,240,255,54,-177
IQ:30,248,12,-138,-41
IQ:31,256,255,-2,161
IQ:32,264,1,192,7
IQ:33,272,255,-2,-196
IQ:34,280,2,-176,98
IQ:35,288,255,68,219
SW:2
RR:3
SS:3
FR:2402
ME:359
MA:5
KE:0
KA:0
DF_END

Data arrived...
DF_BEGIN
IQ:0,0,11,97,-118
IQ:1,8,11,-131,-85
IQ:2,16,11,-81,137
IQ:3,24,11,129,54
IQ:4,32,11,35,-159
IQ:5,40,11,-161,-33
IQ:6,48,11,-6,154
IQ:7,56,11,158,-16
IQ:8,72,12,-144,131
IQ:9,80,255,98,110
IQ:10,88,1,62,-157
IQ:11,96,255,-147,-65
IQ:12,104,2,-6,121
IQ:13,112,255,153,12
IQ:14,120,10,79,-107
IQ:15,128,255,-73,-37
IQ:16,136,3,58,141
IQ:17,144,255,156,-18
IQ:18,152,9,14,-49
IQ:19,160,255,-56,74
IQ:20,168,4,107,177
IQ:21,176,255,161,-74
IQ:22,184,8,-57,-60
IQ:23,192,255,-76,94
IQ:24,200,7,37,73
IQ:25,208,255,50,-62
IQ:26,216,6,-113,-65
IQ:27,224,255,-18,155
IQ:28,232,5,240,65
IQ:29,240,255,69,-213
IQ:30,248,12,-178,-34
IQ:31,256,255,-14,148
IQ:32,264,1,155,-64
IQ:33,272,255,-41,-153
IQ:34,280,2,-104,66
IQ:35,288,255,71,148
SW:2
RR:3
SS:3
FR:2480
ME:2
MA:353
KE:0
KA:0
DF_END

Data arrived...
DF_BEGIN
IQ:0,0,11,49,-149
IQ:1,8,11,-130,-20
IQ:2,16,11,13,158
IQ:3,24,11,157,25
IQ:4,32,11,-46,-159
IQ:5,40,11,-107,19
IQ:6,48,11,26,155
IQ:7,56,11,132,-50
IQ:8,72,12,-127,85
IQ:9,80,255,71,104
IQ:10,88,1,95,-152
IQ:11,96,255,-131,-68
IQ:12,104,2,-10,118
IQ:13,112,255,117,20
IQ:14,120,10,31,-111
IQ:15,128,255,-106,1
IQ:16,136,3,28,140
IQ:17,144,255,144,-31
IQ:18,152,9,-28,-114
IQ:19,160,255,-143,91
IQ:20,168,4,79,138
IQ:21,176,255,160,-71
IQ:22,184,8,-16,-126
IQ:23,192,255,-128,74
IQ:24,200,7,77,86
IQ:25,208,255,86,-109
IQ:26,216,6,-82,-102
IQ:27,224,255,-39,171
IQ:28,232,5,162,47
IQ:29,240,255,105,-173
IQ:30,248,12,-154,-68
IQ:31,256,255,-46,102
IQ:32,264,1,98,-68
IQ:33,272,255,4,-153
IQ:34,280,2,-66,50
IQ:35,288,255,49,104
SW:2
RR:3
SS:3
FR:2426
ME:2
MA:353
KE:0
KA:359
DF_END

Data arrived...
DF_BEGIN
IQ:0,0,11,74,-169
IQ:1,8,11,-174,-58
IQ:2,16,11,-48,169
IQ:3,24,11,179,31
IQ:4,32,11,15,-178
IQ:5,40,11,-175,9
IQ:6,48,11,29,180
IQ:7,56,11,176,-29
IQ:8,72,12,-144,66
IQ:9,80,255,83,120
IQ:10,88,1,155,-140
IQ:11,96,255,-116,-135
IQ:12,104,2,-87,176
IQ:13,112,255,171,84
IQ:14,120,10,36,-135
IQ:15,128,255,-147,-12
IQ:16,136,3,13,188
IQ:17,144,255,185,5
IQ:18,152,9,-20,-147
IQ:19,160,255,-169,44
IQ:20,168,4,17,205
IQ:21,176,255,183,-23
IQ:22,184,8,-64,-179
IQ:23,192,255,-150,56
IQ:24,200,7,121,93
IQ:25,208,255,105,-136
IQ:26,216,6,-113,-117
IQ:27,224,255,-106,125
IQ:28,232,5,134,107
IQ:29,240,255,79,-141
IQ:30,248,12,-135,-86
IQ:31,256,255,-51,142
IQ:32,264,1,193,55
IQ:33,272,255,32,-176
IQ:34,280,2,-196,38
IQ:35,288,255,16,200
SW:2
RR:3
SS:3
FR:2402
ME:359
MA:5
KE:0
KA:0
DF_END