IQ:29,240,255,-171,-186
IQ:30,248,12,-130,163
IQ:31,256,255,125,88
IQ:32,264,1,11,-188
IQ:33,272,255,-176,-20
IQ:34,280,2,27,124
IQ:35,288,255,176,-32
SW:2
RR:3
SS:3
FR:2480
ME:5
MA:353
KE:1
KA:352
DF_END

Data arrived...
DF_BEGIN
IQ:0,0,11,-47,-150
IQ:1,8,11,-140,64
IQ:2,16,11,79,140
IQ:3,24,11,127,-91
IQ:4,32,11,-111,-117
IQ:5,40,11,-108,113
IQ:6,48,11,121,91
IQ:7,56,11,72,-140
IQ:8,72,12,-49,150
IQ:9,80,255,133,29
IQ:10,88,1,-12,-130
IQ:11,96,255,-133,10
IQ:12,104,2,53,103
IQ:13,112,255,123,-69
IQ:14,120,10,-46,-119
IQ:15,128,255,-106,58
IQ:16,136,3,96,69
IQ:17,144,255,76,-114
IQ:18,152,9,-97,-91
IQ:19,160,255,-72,106
IQ:20,168,4,151,66
IQ:21,176,255,70,-149
IQ:22,184,8,-128,-70
IQ:23,192,255,-43,127
IQ:24,200,7,133,22
IQ:25,208,255,20,-134
IQ:26,216,6,-134,-7
IQ:27,224,255,25,136
IQ:28,232,5,176,-56
IQ:29,240,255,-48,-182
IQ:30,248,12,-156,43
IQ:31,256,255,47,127
IQ:32,264,1,90,-93
IQ:33,272,255,-93,-85
IQ:34,280,2,-52,108
IQ:35,288,255,137,51
SW:2
RR:3
SS:3
FR:2426
ME:2
MA:353
KE:1
KA:352
DF_END

Data arrived...
DF_BEGIN
IQ:0,0,11,156,31
IQ:1,8,11,25,-163
IQ:2,16,11,-164,-4
IQ:3,24,11,14,158
IQ:4,32,11,155,-30
IQ:5,40,11,-36,-158
IQ:6,48,11,-163,39
IQ:7,56,11,51,150
IQ:8,72,12,-84,-107
IQ:9,80,255,-85,107
IQ:10,88,1,135,105
IQ:11,96,255,86,-131
IQ:12,104,2,-156,-39
IQ:13,112,255,-47,152
IQ:14,120,10,124,7
IQ:15,128,255,-7,-127
IQ:16,136,3,-164,23
IQ:17,144,255,16,148
IQ:18,152,9,119,-52
IQ:19,160,255,-72,-136
IQ:20,168,4,-176,74
IQ:21,176,255,61,162
IQ:22,184,8,131,-91
IQ:23,192,255,-89,-120
IQ:24,200,7,-52,100
IQ:25,208,255,130,61
IQ:26,216,6,90,-109
IQ:27,224,255,-124,-80
IQ:28,232,5,-61,131
IQ:29,240,255,139,42
IQ:30,248,12,39,-129
IQ:31,256,255,-139,-9
IQ:32,264,1,0,167
IQ:33,272,255,154,-5
IQ:34,280,2,-66,-148
IQ:35,288,255,-165,64
SW:2
RR:3
SS:3
FR:2402
ME:359
MA:5
KE:1
KA:353
DF_END

Data arrived...
DF_BEGIN
IQ:0,0,11,49,169
IQ:1,8,11,167,-59
IQ:2,16,11,-80,-162
IQ:3,24,11,-150,91
IQ:4,32,11,105,132
IQ:5,40,11,125,-127
IQ:6,48,11,-144,-93
IQ:7,56,11,-100,145
IQ:8,72,12,16,-235
IQ:9,80,255,-167,25
IQ:10,88,1,120,188
IQ:11,96,255,182,-86
IQ:12,104,2,-132,-101
IQ:13,112,255,-146,157
IQ:14,120,10,5,129
IQ:15,128,255,32,-39
IQ:16,136,3,-231,6
IQ:17,144,255,-66,188
IQ:18,152,9,-4,11
IQ:19,160,255,-91,-95
IQ:20,168,4,-307,-10
IQ:21,176,255,-49,225
IQ:22,184,8,68,-72
IQ:23,192,255,-86,-123
IQ:24,200,7,-65,-48
IQ:25,208,255,30,53
IQ:26,216,6,151,-76
IQ:27,224,255,-162,-130
IQ:28,232,5,-288,222
IQ:29,240,255,172,276
IQ:30,248,12,198,-126
IQ:31,256,255,-111,-131
IQ:32,264,1,-44,227
IQ:33,272,255,201,64
IQ:34,280,2,-17,-164
IQ:35,288,255,-211,-12
SW:2
RR:3
SS:3
FR:2480
ME:7
MA:287
KE:2
KA:347
DF_END

Data arrived...
DF_BEGIN
IQ:0,0,11,-69,216
IQ:1,8,11,206,57
IQ:2,16,11,25,-218
IQ:3,24,11,-228,0
IQ:4,32,11,12,221
IQ:5,40,11,212,-55
IQ:6,48,11,-71,-204
IQ:7,56,11,-185,110
IQ:8,72,12,177,-235
IQ:9,80,255,-202,-106
IQ:10,88,1,-38,271
IQ:11,96,255,232,35
IQ:12,104,2,-63,-209
IQ:13,112,255,-256,35
IQ:14,120,10,-63,167
IQ:15,128,255,110,-9
IQ:16,136,3,-179,-191
IQ:17,144,255,-211,116
IQ:18,152,9,17,48
IQ:19,160,255,42,-141
IQ:20,168,4,-247,-218
IQ:21,176,255,-185,206
IQ:22,184,8,126,31
IQ:23,192,255,54,-183
IQ:24,200,7,-85,-89
IQ:25,208,255,-35,116
IQ:26,216,6,193,35
IQ:27,224,255,-56,-236
IQ:28,232,5,-398,-30
IQ:29,240,255,-35,346
IQ:30,248,12,274,-5
IQ:31,256,255,-40,-221
IQ:32,264,1,-217,170
IQ:33,272,255,163,206
IQ:34,280,2,133,-169
IQ:35,288,255,-194,-175
SW:2
RR:3
SS:3
FR:2480
ME:2
MA:353
KE:2
KA:347
DF_END

Data arrived...
DF_BEGIN
IQ:0,0,11,-41,155
IQ:1,8,11,157,28
IQ:2,16,11,8,-153
IQ:3,24,11,-153,15
IQ:4,32,11,39,148
IQ:5,40,11,140,-57
IQ:6,48,11,-68,-148
IQ:7,56,11,-138,76
IQ:8,72,12,123,-96
IQ:9,80,255,-93,-87
IQ:10,88,1,-46,122
IQ:11,96,255,121,48
IQ:12,104,2,1,-117
IQ:13,112,255,-139,-7
IQ:14,120,10,-17,131
IQ:15,128,255,125,8
IQ:16,136,3,-43,-113
IQ:17,144,255,-127,42
IQ:18,152,9,34,123
IQ:19,160,255,114,-56
IQ:20,168,4,-100,-121
IQ:21,176,255,-135,93
IQ:22,184,8,76,121
IQ:23,192,255,107,-82
IQ:24,200,7,-103,-86
IQ:25,208,255,-82,109
IQ:26,216,6,108,72
IQ:27,224,255,40,-131
IQ:28,232,5,-179,-47
IQ:29,240,255,-50,169
IQ:30,248,12,150,32
IQ:31,256,255,9,-133
IQ:32,264,1,-123,41
IQ:33,272,255,28,125
IQ:34,280,2,95,-70
IQ:35,288,255,-96,-113
SW:2
RR:3
SS:3
FR:2426
ME:2
MA:353
KE:2
KA:348
DF_END

Data arrived...
DF_BEGIN
IQ:0,0,11,141,104
IQ:1,8,11,91,-154
IQ:2,16,11,-159,-78
IQ:3,24,11,-70,159
IQ:4,32,11,166,48
IQ:5,40,11,33,-175
IQ:6,48,11,-172,-26
IQ:7,56,11,0,172
IQ:8,72,12,-32,-141
IQ:9,80,255,-143,57
IQ:10,88,1,70,153
IQ:11,96,255,130,-92
IQ:12,104,2,-129,-123
IQ:13,112,255,-126,133
IQ:14,120,10,114,79
IQ:15,128,255,69,-131
IQ:16,136,3,-165,-71
IQ:17,144,255,-60,153
IQ:18,152,9,140,17
IQ:19,160,255,5,-170
IQ:20,168,4,-196,-54
IQ:21,176,255,-40,171
IQ:22,184,8,178,-8
IQ:23,192,255,-19,-160
IQ:24,200,7,-101,90
IQ:25,208,255,105,131
IQ:26,216,6,140,-68
IQ:27,224,255,-85,-138
IQ:28,232,5,-142,82
IQ:29,240,255,96,113
IQ:30,248,12,91,-112
IQ:31,256,255,-129,-75
IQ:32,264,1,-88,151
IQ:33,272,255,136,52
IQ:34,280,2,4,-183
IQ:35,288,255,-183,-23
SW:2
RR:3
SS:3
FR:2402
ME:359
MA:5
KE:1
KA:349
DF_END

Data arrived...
DF_BEGIN
IQ:0,0,11,-76,-126
IQ:1,8,11,-125,75
IQ:2,16,11,87,115
IQ:3,24,11,90,-113
IQ:4,32,11,-111,-91
IQ:5,40,11,-74,121
IQ:6,48,11,146,53
IQ:7,56,11,40,-143
IQ:8,72,12,58,178
IQ:9,80,255,136,-59
IQ:10,88,1,-138,-125
IQ:11,96,255,-119,125
IQ:12,104,2,128,53
IQ:13,112,255,83,-156
IQ:14,120,10,-39,-118
IQ:15,128,255,-33,40
IQ:16,136,3,185,-34
IQ:17,144,255,36,-166
IQ:18,152,9,-2,-22
IQ:19,160,255,77,47
IQ:20,168,4,258,-46
IQ:21,176,255,17,-195
IQ:22,184,8,-50,70
IQ:23,192,255,73,97
IQ:24,200,7,57,10
IQ:25,208,255,-40,-44
IQ:26,216,6,-101,92
IQ:27,224,255,166,73
IQ:28,232,5,196,-235
IQ:29,240,255,-182,-183
IQ:30,248,12,-112,145
IQ:31,256,255,133,62
IQ:32,264,1,-7,-181
IQ:33,272,255,-174,-4
IQ:34,280,2,37,134
IQ:35,288,255,174,-40
SW:2
RR:3
SS:3
FR:2480
ME:2
MA:353
KE:1
KA:349
DF_END

Data arrived...
DF_BEGIN
IQ:0,0,11,169,14
IQ:1,8,11,-11,-165
IQ:2,16,11,-163,32
IQ:3,24,11,54,155
IQ:4,32,11,145,-76
IQ:5,40,11,-84,-145
IQ:6,48,11,-146,98
IQ:7,56,11,103,134
IQ:8,72,12,-142,-125
IQ:9,80,255,-93,122
IQ:10,88,1,148,15
IQ:11,96,255,33,-145
IQ:12,104,2,-119,32
IQ:13,112,255,24,149
IQ:14,120,10,137,2
IQ:15,128,255,-12,-123
IQ:16,136,3,-93,83
IQ:17,144,255,92,118
IQ:18,152,9,116,-61
IQ:19,160,255,-88,-97
IQ:20,168,4,-113,146
IQ:21,176,255,134,128
IQ:22,184,8,99,-101
IQ:23,192,255,-115,-87
IQ:24,200,7,-85,127
IQ:25,208,255,129,78
IQ:26,216,6,55,-137
IQ:27,224,255,-145,-12
IQ:28,232,5,-10,217
IQ:29,240,255,204,1
IQ:30,248,12,4,-186
IQ:31,256,255,-159,11
IQ:32,264,1,74,135
IQ:33,272,255,130,-67
IQ:34,280,2,-98,-74
IQ:35,288,255,-93,128
SW:2
RR:3
SS:3
FR:2426
ME:2
MA:353
KE:1
KA:350
DF_END

Data arrived...
DF_BEGIN
IQ:0,0,11,-106,-140
IQ:1,8,11,-122,112
IQ:2,16,11,138,93
IQ:3,24,11,81,-141
IQ:4,32,11,-147,-70
IQ:5,40,11,-66,153
IQ:6,48,11,157,55
IQ:7,56,11,29,-160
IQ:8,72,12,4,185
IQ:9,80,255,156,-4
IQ:10,88,1,-77,-136
IQ:11,96,255,-127,74
IQ:12,104,2,111,67
IQ:13,112,255,88,-130
IQ:14,120,10,-96,-84
IQ:15,128,255,-81,103
IQ:16,136,3,126,36
IQ:17,144,255,41,-137
IQ:18,152,9,-120,-39
IQ:19,160,255,-16,127
IQ:20,168,4,190,-23
IQ:21,176,255,5,-187
IQ:22,184,8,-141,-12
IQ:23,192,255,4,151
IQ:24,200,7,144,-21
IQ:25,208,255,-40,-137
IQ:26,216,6,-131,53
IQ:27,224,255,101,122
IQ:28,232,5,176,-137
IQ:29,240,255,-140,-166
IQ:30,248,12,-154,102
IQ:31,256,255,92,109
IQ:32,264,1,52,-145
IQ:33,272,255,-130,-54
IQ:34,280,2,14,132
IQ:35,288,255,160,-10
SW:2
RR:3
SS:3
FR:2426
ME:2
MA:353
KE:1
KA:350
DF_END

Data arrived...
DF_BEGIN
IQ:0,0,11,-78,-124
IQ:1,8,11,-120,87
IQ:2,16,11,92,111
IQ:3,24,11,100,-108
IQ:4,32,11,-115,-95
IQ:5,40,11,-82,123
IQ:6,48,11,126,61
IQ:7,56,11,49,-134
IQ:8,72,12,-23,127
IQ:9,80,255,128,-2
IQ:10,88,1,-14,-162
IQ:11,96,255,-143,29
IQ:12,104,2,89,126
IQ:13,112,255,129,-79
IQ:14,120,10,-72,-90
IQ:15,128,255,-89,84
IQ:16,136,3,122,73
IQ:17,144,255,74,-124
IQ:18,152,9,-116,-51
IQ:19,160,255,-39,139
IQ:20,168,4,151,78
IQ:21,176,255,72,-145
IQ:22,184,8,-148,-46
IQ:23,192,255,-30,136
IQ:24,200,7,114,-31
IQ:25,208,255,-40,-137
IQ:26,216,6,-134,13
IQ:27,224,255,33,126
IQ:28,232,5,139,-34
IQ:29,240,255,-46,-124
IQ:30,248,12,-110,63
IQ:31,256,255,79,101
IQ:32,264,1,120,-106
IQ:33,272,255,-100,-109
IQ:34,280,2,-56,139
IQ:35,288,255,154,53
SW:2
RR:3
SS:3
FR:2402
ME:359
MA:5
KE:1
KA:351
DF_END

Data arrived...
DF_BEGIN
IQ:0,0,11,-193,5
IQ:1,8,11,27,182
IQ:2,16,11,177,-46
IQ:3,24,11,-70,-175
IQ:4,32,11,-161,86
IQ:5,40,11,89,159
IQ:6,48,11,150,-120
IQ:7,56,11,-126,-133
IQ:8,72,12,222,49
IQ:9,80,255,6,-182
IQ:10,88,1,-200,62
IQ:11,96,255,58,178
IQ:12,104,2,130,-108
IQ:13,112,255,-94,-170
IQ:14,120,10,-151,-10
IQ:15,128,255,32,79
IQ:16,136,3,81,-196
IQ:17,144,255,-133,-136
IQ:18,152,9,-26,20
IQ:19,160,255,112,-30
IQ:20,168,4,77,-268
IQ:21,176,255,-202,-97
IQ:22,184,8,34,107
IQ:23,192,255,153,-25
IQ:24,200,7,51,-74
IQ:25,208,255,-87,2
IQ:26,216,6,33,153
IQ:27,224,255,168,-111
IQ:28,232,5,-128,-311
IQ:29,240,255,-277,82
IQ:30,248,12,90,187
IQ:31,256,255,149,-100
IQ:32,264,1,-189,-102
IQ:33,272,255,-99,169
IQ:34,280,2,157,37
IQ:35,288,255,78,-193
SW:2
RR:3
SS:3
FR:2480
ME:2
MA:353
KE:1
KA:352
DF_END

Data arrived...
DF_BEGIN
IQ:0,0,11,153,-72
IQ:1,8,11,-100,-135
IQ:2,16,11,-129,131
IQ:3,24,11,137,111
IQ:4,32,11,97,-141
IQ:5,40,11,-137,-107
IQ:6,48,11,-67,155
IQ:7,56,11,173,38
IQ:8,72,12,-170,-28
IQ:9,80,255,4,163
IQ:10,88,1,141,-66
IQ:11,96,255,-64,-131
IQ:12,104,2,-75,97
IQ:13,112,255,101,123
IQ:14,120,10,102,-89
IQ:15,128,255,-87,-100
IQ:16,136,3,-38,119
IQ:17,144,255,140,53
IQ:18,152,9,64,-130
IQ:19,160,255,-154,-49
IQ:20,168,4,-31,181
IQ:21,176,255,191,38
IQ:22,184,8,34,-156
IQ:23,192,255,-137,-10
IQ:24,200,7,17,137
IQ:25,208,255,159,-20
IQ:26,216,6,-20,-147
IQ:27,224,255,-129,96
IQ:28,232,5,92,202
IQ:29,240,255,186,-108
IQ:30,248,12,-84,-144
IQ:31,256,255,-130,58
IQ:32,264,1,124,49
IQ:33,272,255,50,-142
IQ:34,280,2,-148,-56
IQ:35,288,255,-27,166
SW:2
RR:3
SS:3
FR:2426
ME:2
MA:353
KE:1
KA:352
DF_END

Data arrived...
DF_BEGIN
IQ:0,0,11,-145,-91
IQ:1,8,11,-83,145
IQ:2,16,11,138,68
IQ:3,24,11,56,-146
IQ:4,32,11,-156,-47
IQ:5,40,11,-61,159
IQ:6,48,11,153,31
IQ:7,56,11,-23,-176
IQ:8,72,12,22,171
IQ:9,80,255,132,-29
IQ:10,88,1,-85,-74
IQ:11,96,255,-114,102
IQ:12,104,2,128,49
IQ:13,112,255,93,-110
IQ:14,120,10,-127,-63
IQ:15,128,255,-56,106
IQ:16,136,3,147,-4
IQ:17,144,255,5,-159
IQ:18,152,9,-150,-31
IQ:19,160,255,7,122
IQ:20,168,4,184,-50
IQ:21,176,255,-23,-170
IQ:22,184,8,-138,24
IQ:23,192,255,48,131
IQ:24,200,7,124,-57
IQ:25,208,255,-58,-110
IQ:26,216,6,-122,61
IQ:27,224,255,125,93
IQ:28,232,5,135,-167
IQ:29,240,255,-169,-136
IQ:30,248,12,-118,118
IQ:31,256,255,118,73
IQ:32,264,1,4,-155
IQ:33,272,255,-139,-35
IQ:34,280,2,24,132
IQ:35,288,255,182,-45
SW:2
RR:3
SS:3
FR:2426
ME:359
MA:5
KE:1
KA:353
DF_END

Data arrived...
DF_BEGIN
IQ:0,0,11,-105,-131
IQ:1,8,11,-118,116
IQ:2,16,11,122,107
IQ:3,24,11,88,-135
IQ:4,32,11,-148,-76
IQ:5,40,11,-74,154
IQ:6,48,11,145,66
IQ:7,56,11,44,-153
IQ:8,72,12,-3,143
IQ:9,80,255,146,-20
IQ:10,88,1,-51,-176
IQ:11,96,255,-148,53
IQ:12,104,2,134,114
IQ:13,112,255,127,-124
IQ:14,120,10,-92,-64
IQ:15,128,255,-49,118
IQ:16,136,3,163,57
IQ:17,144,255,64,-157
IQ:18,152,9,-126,-43
IQ:19,160,255,-27,147
IQ:20,168,4,181,67
IQ:21,176,255,51,-167
IQ:22,184,8,-181,-20
IQ:23,192,255,-10,152
IQ:24,200,7,107,-73
IQ:25,208,255,-67,-144
IQ:26,216,6,-142,20
IQ:27,224,255,49,129
IQ:28,232,5,135,-73
IQ:29,240,255,-91,-132
IQ:30,248,12,-130,68
IQ:31,256,255,99,96
IQ:32,264,1,116,-150
IQ:33,272,255,-127,-89
IQ:34,280,2,-21,176
IQ:35,288,255,192,34
SW:2
RR:3
SS:3
FR:2402
ME:359
MA:5
KE:1
KA:355
DF_END

Data arrived...
DF_BEGIN
IQ:0,0,11,-50,-169
IQ:1,8,11,-159,65
IQ:2,16,11,93,131
IQ:3,24,11,133,-114
IQ:4,32,11,-111,-133
IQ:5,40,11,-112,119
IQ:6,48,11,142,95
IQ:7,56,11,90,-164
IQ:8,72,12,29,189
IQ:9,80,255,155,-42
IQ:10,88,1,-113,-153
IQ:11,96,255,-134,102
IQ:12,104,2,126,67
IQ:13,112,255,106,-135
IQ:14,120,10,-34,-141
IQ:15,128,255,-53,52
IQ:16,136,3,198,4
IQ:17,144,255,67,-163
IQ:18,152,9,-13,-16
IQ:19,160,255,73,83
IQ:20,168,4,269,-22
IQ:21,176,255,53,-202
IQ:22,184,8,-72,54
IQ:23,192,255,68,119
IQ:24,200,7,62,38
IQ:25,208,255,-23,-56
IQ:26,216,6,-111,63
IQ:27,224,255,149,98
IQ:28,232,5,260,-207
IQ:29,240,255,-142,-224
IQ:30,248,12,-126,140
IQ:31,256,255,133,85
IQ:32,264,1,25,-194
IQ:33,272,255,-163,-46
IQ:34,280,2,18,137
IQ:35,288,255,182,-21
SW:2
RR:3
SS:3
FR:2480
ME:2
MA:353
KE:1
KA:355
DF_END

Data arrived...
DF_BEGIN
IQ:0,0,11,-121,110
IQ:1,8,11,124,108
IQ:2,16,11,95,-135
IQ:3,24,11,-146,-86
IQ:4,32,11,-70,153
IQ:5,40,11,158,42
IQ:6,48,11,44,-162
IQ:7,56,11,-164,-25
IQ:8,72,12,180,3
IQ:9,80,255,-17,-158
IQ:10,88,1,-144,77
IQ:11,96,255,85,129
IQ:12,104,2,96,-117
IQ:13,112,255,-125,-100
IQ:14,120,10,-94,109
IQ:15,128,255,106,78
IQ:16,136,3,30,-144
IQ:17,144,255,-164,-26
IQ:18,152,9,-36,136
IQ:19,160,255,141,2
IQ:20,168,4,-23,-208
IQ:21,176,255,-205,-5
IQ:22,184,8,9,152
IQ:23,192,255,152,-20
IQ:24,200,7,-28,-147
IQ:25,208,255,-141,42
IQ:26,216,6,56,135
IQ:27,224,255,122,-107
IQ:28,232,5,-149,-187
IQ:29,240,255,-183,129
IQ:30,248,12,112,137
IQ:31,256,255,99,-116
IQ:32,264,1,-159,-48
IQ:33,272,255,-52,148
IQ:34,280,2,150,-17
IQ:35,288,255,-16,-180
SW:2
RR:3
SS:3
FR:2426
ME:359
MA:5
KE:0
KA:356
DF_END

Data arrived...
DF_BEGIN
IQ:0,0,11,45,-163
IQ:1,8,11,-160,-37
IQ:2,16,11,-7,171
IQ:3,24,11,167,7
IQ:4,32,11,-8,-166
IQ:5,40,11,-164,30
IQ:6,48,11,53,157
IQ:7,56,11,159,-73
IQ:8,72,12,-111,77
IQ:9,80,255,105,93
IQ:10,88,1,119,-139
IQ:11,96,255,-135,-95
IQ:12,104,2,-44,186
IQ:13,112,255,185,48
IQ:14,120,10,13,-121
IQ:15,128,255,-135,7
IQ:16,136,3,45,168
IQ:17,144,255,164,-41
IQ:18,152,9,-39,-124
IQ:19,160,255,-150,71
IQ:20,168,4,55,189
IQ:21,176,255,167,-45
IQ:22,184,8,-99,-156
IQ:23,192,255,-141,82
IQ:24,200,7,124,43
IQ:25,208,255,64,-148
IQ:26,216,6,-116,-94
IQ:27,224,255,-74,128
IQ:28,232,5,132,95
IQ:29,240,255,75,-135
IQ:30,248,12,-125,-49
IQ:31,256,255,-37,141
IQ:32,264,1,181,22
IQ:33,272,255,-1,-150
IQ:34,280,2,-172,86
IQ:35,288,255,62,188
SW:2
RR:3
SS:3
FR:2402
ME:359
MA:5
KE:0
KA:357
DF_END

Data arrived...
DF_BEGIN
IQ:0,0,11,-96,155
IQ:1,8,11,172,74
IQ:2,16,11,57,-182
IQ:3,24,11,-185,-40
IQ:4,32,11,-13,184
IQ:5,40,11,183,-12
IQ:6,48,11,-34,-175
IQ:7,56,11,-184,47
IQ:8,72,12,157,-158
IQ:9,80,255,-149,-102
IQ:10,88,1,-46,197
IQ:11,96,255,185,53
IQ:12,104,2,-12,-171
IQ:13,112,255,-184,-12
IQ:14,120,10,-60,134
IQ:15,128,255,97,-6
IQ:16,136,3,-126,-188
IQ:17,144,255,-177,50
IQ:18,152,9,27,36
IQ:19,160,255,61,-130
IQ:20,168,4,-160,-236
IQ:21,176,255,-195,90
IQ:22,184,8,119,34
IQ:23,192,255,76,-144
IQ:24,200,7,-50,-74
IQ:25,208,255,-18,88
IQ:26,216,6,158,36
IQ:27,224,255,7,-212
IQ:28,232,5,-312,-109
IQ:29,240,255,-87,265
IQ:30,248,12,220,31
IQ:31,256,255,11,-183
IQ:32,264,1,-186,70
IQ:33,272,255,68,177
IQ:34,280,2,136,-112
IQ:35,288,255,-132,-172
SW:2
RR:3
SS:3
FR:2480
ME:2
MA:353
KE:0
KA:357
DF_END

Data arrived...
DF_BEGIN
IQ:0,0,11,-71,-184
IQ:1,8,11,-176,83
IQ:2,16,11,95,170
IQ:3,24,11,153,-124
IQ:4,32,11,-134,-148
IQ:5,40,11,-117,137
IQ:6,48,11,167,103
IQ:7,56,11,99,-180
IQ:8,72,12,-3,222
IQ:9,80,255,182,-36
IQ:10,88,1,-120,-185
IQ:11,96,255,-163,103
IQ:12,104,2,136,99
IQ:13,112,255,129,-165
IQ:14,120,10,-54,-163
IQ:15,128,255,-75,63
IQ:16,136,3,220,29
IQ:17,144,255,90,-187
IQ:18,152,9,-54,-23
IQ:19,160,255,49,130
IQ:20,168,4,286,48
IQ:21,176,255,66,-216
IQ:22,184,8,-100,56
IQ:23,192,255,57,155
IQ:24,200,7,90,14
IQ:25,208,255,-41,-91
IQ:26,216,6,-155,59
IQ:27,224,255,155,139
IQ:28,232,5,297,-196
IQ:29,240,255,-126,-258
IQ:30,248,12,-159,145
IQ:31,256,255,145,120
IQ:32,264,1,47,-215
IQ:33,272,255,-187,-66
IQ:34,280,2,-2,166
IQ:35,288,255,218,11
SW:2
RR:3
SS:3
FR:2480
ME:2
MA:353
KE:0
KA:357
DF_END

Data arrived...
DF_BEGIN
IQ:0,0,11,-44,175
IQ:1,8,11,180,25
IQ:2,16,11,8,-180
IQ:3,24,11,-181,14
IQ:4,32,11,30,178
IQ:5,40,11,176,-51
IQ:6,48,11,-52,-172
IQ:7,56,11,-157,87
IQ:8,72,12,149,-117
IQ:9,80,255,-114,-115
IQ:10,88,1,-60,152
IQ:11,96,255,151,43
IQ:12,104,2,-2,-160
IQ:13,112,255,-171,-2
IQ:14,120,10,-23,147
IQ:15,128,255,137,-4
IQ:16,136,3,-54,-152
IQ:17,144,255,-159,48
IQ:18,152,9,53,141
IQ:19,160,255,139,-80
IQ:20,168,4,-120,-178
IQ:21,176,255,-175,108
IQ:22,184,8,85,138
IQ:23,192,255,129,-103
IQ:24,200,7,-114,-109
IQ:25,208,255,-97,133
IQ:26,216,6,133,82
IQ:27,224,255,44,-167
IQ:28,232,5,-227,-76
IQ:29,240,255,-52,210
IQ:30,248,12,190,38
IQ:31,256,255,19,-157
IQ:32,264,1,-159,59
IQ:33,272,255,45,156
IQ:34,280,2,121,-90
IQ:35,288,255,-108,-148
SW:2
RR:3
SS:3
FR:2426
ME:2
MA:353
KE:0
KA:356
DF_END

Data arrived...
DF_BEGIN
IQ:0,0,11,27,-182
IQ:1,8,11,-187,-16
IQ:2,16,11,4,183
IQ:3,24,11,177,-22
IQ:4,32,11,-45,-176
IQ:5,40,11,-170,59
IQ:6,48,11,74,165
IQ:7,56,11,147,-100
IQ:8,72,12,-112,105
IQ:9,80,255,124,96
IQ:10,88,1,107,-152
IQ:11,96,255,-155,-78
IQ:12,104,2,-28,206
IQ:13,112,255,193,38
IQ:14,120,10,0,-137
IQ:15,128,255,-152,29
IQ:16,136,3,57,186
IQ:17,144,255,171,-57
IQ:18,152,9,-76,-130
IQ:19,160,255,-159,92
IQ:20,168,4,68,209
IQ:21,176,255,174,-83
IQ:22,184,8,-113,-163
IQ:23,192,255,-133,108
IQ:24,200,7,147,37
IQ:25,208,255,57,-160
IQ:26,216,6,-136,-90
IQ:27,224,255,-65,146
IQ:28,232,5,165,61
IQ:29,240,255,58,-159
IQ:30,248,12,-142,-23
IQ:31,256,255,8,158
IQ:32,2