KE:23
KA:42
DF_END

Data arrived...
DF_BEGIN
IQ:0,0,11,-2,-212
IQ:1,8,11,-219,10
IQ:2,16,11,9,203
IQ:3,24,11,199,-46
IQ:4,32,11,-51,-204
IQ:5,40,11,-197,80
IQ:6,48,11,92,193
IQ:7,56,11,175,-112
IQ:8,72,12,156,141
IQ:9,80,255,182,-224
IQ:10,88,1,-296,-361
IQ:11,96,255,-420,290
IQ:12,104,2,151,512
IQ:13,112,255,490,-85
IQ:14,120,10,48,-187
IQ:15,128,255,-97,136
IQ:16,136,3,457,331
IQ:17,144,255,380,-281
IQ:18,152,9,-74,-78
IQ:19,160,255,-16,299
IQ:20,168,4,576,388
IQ:21,176,255,398,-314
IQ:22,184,8,-39,141
IQ:23,192,255,188,158
IQ:24,200,7,327,-259
IQ:25,208,255,-169,-414
IQ:26,216,6,-311,-23
IQ:27,224,255,78,439
IQ:28,232,5,653,154
IQ:29,240,255,208,-411
IQ:30,248,12,-32,210
IQ:31,256,255,275,77
IQ:32,264,1,160,-415
IQ:33,272,255,-449,-204
IQ:34,280,2,-369,411
IQ:35,288,255,316,396
SW:2
RR:3
SS:3
FR:2402
ME:359
MA:353
KE:20
KA:36
DF_END

Data arrived...
DF_BEGIN
IQ:0,0,11,114,170
IQ:1,8,11,158,-122
IQ:2,16,11,-135,-142
IQ:3,24,11,-116,153
IQ:4,32,11,170,113
IQ:5,40,11,94,-171
IQ:6,48,11,-182,-75
IQ:7,56,11,-75,189
IQ:8,72,12,156,-57
IQ:9,80,255,-17,-139
IQ:10,88,1,-59,-21
IQ:11,96,255,-26,40
IQ:12,104,2,-34,4
IQ:13,112,255,-41,87
IQ:14,120,10,69,286
IQ:15,128,255,211,77
IQ:16,136,3,-9,10
IQ:17,144,255,-42,80
IQ:18,152,9,58,189
IQ:19,160,255,117,5
IQ:20,168,4,-82,27
IQ:21,176,255,-27,136
IQ:22,184,8,54,232
IQ:23,192,255,200,-40
IQ:24,200,7,67,-207
IQ:25,208,255,-123,-70
IQ:26,216,6,48,31
IQ:27,224,255,-19,-17
IQ:28,232,5,-109,109
IQ:29,240,255,59,171
IQ:30,248,12,132,107
IQ:31,256,255,110,-80
IQ:32,264,1,-24,-49
IQ:33,272,255,-38,3
IQ:34,280,2,-15,-25
IQ:35,288,255,-94,16
SW:2
RR:3
SS:3
FR:2480
ME:41
MA:75
KE:22
KA:40
DF_END

Data arrived...
DF_BEGIN
IQ:0,0,11,46,-156
IQ:1,8,11,-164,-32
IQ:2,16,11,-4,158
IQ:3,24,11,170,-12
IQ:4,32,11,-13,-165
IQ:5,40,11,-163,21
IQ:6,48,11,37,153
IQ:7,56,11,155,-56
IQ:8,72,12,-27,-13
IQ:9,80,255,-32,-16
IQ:10,88,1,-129,-23
IQ:11,96,255,-46,158
IQ:12,104,2,132,234
IQ:13,112,255,260,-51
IQ:14,120,10,109,-157
IQ:15,128,255,-35,-45
IQ:16,136,3,275,100
IQ:17,144,255,218,-161
IQ:18,152,9,66,-123
IQ:19,160,255,-17,30
IQ:20,168,4,277,174
IQ:21,176,255,220,-128
IQ:22,184,8,83,-14
IQ:23,192,255,31,-58
IQ:24,200,7,-28,-140
IQ:25,208,255,-130,-46
IQ:26,216,6,-76,-9
IQ:27,224,255,70,134
IQ:28,232,5,307,17
IQ:29,240,255,100,-236
IQ:30,248,12,5,-39
IQ:31,256,255,3,-37
IQ:32,264,1,-34,-126
IQ:33,272,255,-167,28
IQ:34,280,2,-102,237
IQ:35,288,255,198,171
SW:2
RR:3
SS:3
FR:2426
ME:41
MA:75
KE:24
KA:45
DF_END

Data arrived...
DF_BEGIN
IQ:0,0,11,131,95
IQ:1,8,11,82,-144
IQ:2,16,11,-161,-80
IQ:3,24,11,-40,160
IQ:4,32,11,156,26
IQ:5,40,11,8,-170
IQ:6,48,11,-165,-19
IQ:7,56,11,8,173
IQ:8,72,12,-170,31
IQ:9,80,255,70,230
IQ:10,88,1,379,-51
IQ:11,96,255,-48,-402
IQ:12,104,2,-442,-56
IQ:13,112,255,-148,396
IQ:14,120,10,115,110
IQ:15,128,255,-57,-121
IQ:16,136,3,-455,165
IQ:17,144,255,4,390
IQ:18,152,9,78,-14
IQ:19,160,255,-218,-128
IQ:20,168,4,-538,235
IQ:21,176,255,49,434
IQ:22,184,8,-65,-92
IQ:23,192,255,-183,72
IQ:24,200,7,51,336
IQ:25,208,255,365,27
IQ:26,216,6,154,-216
IQ:27,224,255,-357,-133
IQ:28,232,5,-401,402
IQ:29,240,255,195,332
IQ:30,248,12,-134,-108
IQ:31,256,255,-170,171
IQ:32,264,1,231,284
IQ:33,272,255,301,-262
IQ:34,280,2,-144,-435
IQ:35,288,255,-423,42
SW:2
RR:3
SS:3
FR:2402
ME:2
MA:5
KE:22
KA:40
DF_END

Data arrived...
DF_BEGIN
IQ:0,0,11,-17,173
IQ:1,8,11,160,-4
IQ:2,16,11,-18,-159
IQ:3,24,11,-166,29
IQ:4,32,11,61,155
IQ:5,40,11,148,-67
IQ:6,48,11,-67,-160
IQ:7,56,11,-151,76
IQ:8,72,12,-117,-124
IQ:9,80,255,-158,168
IQ:10,88,1,225,278
IQ:11,96,255,319,-256
IQ:12,104,2,-164,-420
IQ:13,112,255,-404,57
IQ:14,120,10,-44,147
IQ:15,128,255,71,-117
IQ:16,136,3,-351,-282
IQ:17,144,255,-321,213
IQ:18,152,9,54,63
IQ:19,160,255,0,-255
IQ:20,168,4,-478,-329
IQ:21,176,255,-349,254
IQ:22,184,8,31,-103
IQ:23,192,255,-159,-137
IQ:24,200,7,-269,213
IQ:25,208,255,164,337
IQ:26,216,6,266,16
IQ:27,224,255,-73,-366
IQ:28,232,5,-555,-141
IQ:29,240,255,-204,333
IQ:30,248,12,47,-153
IQ:31,256,255,-228,-60
IQ:32,264,1,-123,347
IQ:33,272,255,368,173
IQ:34,280,2,304,-329
IQ:35,288,255,-242,-343
SW:2
RR:3
SS:3
FR:2402
ME:359
MA:353
KE:20
KA:35
DF_END

Data arrived...
DF_BEGIN
IQ:0,0,11,-189,22
IQ:1,8,11,28,190
IQ:2,16,11,188,-45
IQ:3,24,11,-72,-182
IQ:4,32,11,-157,95
IQ:5,40,11,123,140
IQ:6,48,11,141,-131
IQ:7,56,11,-145,-133
IQ:8,72,12,-19,167
IQ:9,80,255,136,45
IQ:10,88,1,43,-52
IQ:11,96,255,-31,-35
IQ:12,104,2,14,-28
IQ:13,112,255,-65,-70
IQ:14,120,10,-279,-69
IQ:15,128,255,-151,149
IQ:16,136,3,-14,-14
IQ:17,144,255,-56,-71
IQ:18,152,9,-194,-37
IQ:19,160,255,-68,98
IQ:20,168,4,7,-84
IQ:21,176,255,-102,-82
IQ:22,184,8,-234,-31
IQ:23,192,255,-45,211
IQ:24,200,7,145,159
IQ:25,208,255,123,-74
IQ:26,216,6,-48,21
IQ:27,224,255,17,-8
IQ:28,232,5,-31,-142
IQ:29,240,255,-166,-19
IQ:30,248,12,-170,70
IQ:31,256,255,17,140
IQ:32,264,1,66,13
IQ:33,272,255,18,-47
IQ:34,280,2,27,-9
IQ:35,288,255,17,-94
SW:2
RR:3
SS:3
FR:2480
ME:41
MA:75
KE:22
KA:39
DF_END

Data arrived...
DF_BEGIN
IQ:0,0,11,129,104
IQ:1,8,11,95,-137
IQ:2,16,11,-140,-92
IQ:3,24,11,-76,133
IQ:4,32,11,154,61
IQ:5,40,11,53,-161
IQ:6,48,11,-157,-31
IQ:7,56,11,0,158
IQ:8,72,12,25,-5
IQ:9,80,255,19,-10
IQ:10,88,1,74,-131
IQ:11,96,255,-134,-137
IQ:12,104,2,-271,41
IQ:13,112,255,-51,243
IQ:14,120,10,106,173
IQ:15,128,255,51,-16
IQ:16,136,3,-218,171
IQ:17,144,255,63,255
IQ:18,152,9,92,114
IQ:19,160,255,-21,-33
IQ:20,168,4,-296,160
IQ:21,176,255,29,244
IQ:22,184,8,-39,66
IQ:23,192,255,37,48
IQ:24,200,7,153,25
IQ:25,208,255,98,-116
IQ:26,216,6,48,-91
IQ:27,224,255,-160,-25
IQ:28,232,5,-195,256
IQ:29,240,255,156,205
IQ:30,248,12,25,25
IQ:31,256,255,30,11
IQ:32,264,1,150,21
IQ:33,272,255,66,-169
IQ:34,280,2,-136,-226
IQ:35,288,255,-228,101
SW:2
RR:3
SS:3
FR:2426
ME:44
MA:75
KE:24
KA:43
DF_END

Data arrived...
DF_BEGIN
IQ:0,0,11,-132,-91
IQ:1,8,11,-68,147
IQ:2,16,11,158,63
IQ:3,24,11,54,-152
IQ:4,32,11,-165,-23
IQ:5,40,11,-21,164
IQ:6,48,11,160,9
IQ:7,56,11,-10,-166
IQ:8,72,12,166,-47
IQ:9,80,255,-80,-221
IQ:10,88,1,-358,78
IQ:11,96,255,64,425
IQ:12,104,2,432,104
IQ:13,112,255,138,-376
IQ:14,120,10,-104,-95
IQ:15,128,255,69,120
IQ:16,136,3,444,-173
IQ:17,144,255,-29,-381
IQ:18,152,9,-65,26
IQ:19,160,255,237,109
IQ:20,168,4,522,-280
IQ:21,176,255,-54,-431
IQ:22,184,8,69,86
IQ:23,192,255,194,-70
IQ:24,200,7,-69,-328
IQ:25,208,255,-377,-24
IQ:26,216,6,-150,214
IQ:27,224,255,338,141
IQ:28,232,5,383,-394
IQ:29,240,255,-206,-333
IQ:30,248,12,127,118
IQ:31,256,255,181,-153
IQ:32,264,1,-234,-287
IQ:33,272,255,-321,244
IQ:34,280,2,153,424
IQ:35,288,255,408,-33
SW:2
RR:3
SS:3
FR:2402
ME:359
MA:353
KE:21
KA:37
DF_END

Data arrived...
DF_BEGIN
IQ:0,0,11,-161,107
IQ:1,8,11,115,146
IQ:2,16,11,141,-138
IQ:3,24,11,-140,-123
IQ:4,32,11,-104,156
IQ:5,40,11,161,93
IQ:6,48,11,81,-165
IQ:7,56,11,-187,-64
IQ:8,72,12,24,-205
IQ:9,80,255,-291,-16
IQ:10,88,1,-107,430
IQ:11,96,255,480,121
IQ:12,104,2,264,-465
IQ:13,112,255,-357,-325
IQ:14,120,10,-152,93
IQ:15,128,255,165,-20
IQ:16,136,3,6,-559
IQ:17,144,255,-427,-122
IQ:18,152,9,-4,97
IQ:19,160,255,242,-204
IQ:20,168,4,-82,-709
IQ:21,176,255,-487,-155
IQ:22,184,8,140,-52
IQ:23,192,255,0,-257
IQ:24,200,7,-391,-86
IQ:25,208,255,-168,419
IQ:26,216,6,194,256
IQ:27,224,255,315,-345
IQ:28,232,5,-223,-620
IQ:29,240,255,-447,66
IQ:30,248,12,184,-105
IQ:31,256,255,-137,-257
IQ:32,264,1,-423,176
IQ:33,272,255,124,491
IQ:34,280,2,530,17
IQ:35,288,255,129,-494
SW:2
RR:3
SS:3
FR:2402
ME:359
MA:353
KE:19
KA:32
DF_END

Data arrived...
DF_BEGIN
IQ:0,0,11,110,155
IQ:1,8,11,147,-127
IQ:2,16,11,-141,-122
IQ:3,24,11,-119,160
IQ:4,32,11,157,102
IQ:5,40,11,83,-179
IQ:6,48,11,-181,-78
IQ:7,56,11,-44,184
IQ:8,72,12,156,-63
IQ:9,80,255,-24,-140
IQ:10,88,1,-76,-23
IQ:11,96,255,-21,44
IQ:12,104,2,-29,3
IQ:13,112,255,-36,97
IQ:14,120,10,68,285
IQ:15,128,255,205,47
IQ:16,136,3,-7,13
IQ:17,144,255,-26,80
IQ:18,152,9,66,180
IQ:19,160,255,127,1
IQ:20,168,4,-69,44
IQ:21,176,255,-23,126
IQ:22,184,8,85,224
IQ:23,192,255,212,-55
IQ:24,200,7,76,-221
IQ:25,208,255,-131,-83
IQ:26,216,6,46,24
IQ:27,224,255,-8,-17
IQ:28,232,5,-100,104
IQ:29,240,255,64,156
IQ:30,248,12,137,119
IQ:31,256,255,115,-84
IQ:32,264,1,-26,-64
IQ:33,272,255,-53,10
IQ:34,280,2,-11,-14
IQ:35,288,255,-83,27
SW:2
RR:3
SS:3
FR:2480
ME:41
MA:75
KE:21
KA:36
DF_END

Data arrived...
DF_BEGIN
IQ:0,0,11,140,-58
IQ:1,8,11,-70,-132
IQ:2,16,11,-121,86
IQ:3,24,11,106,104
IQ:4,32,11,104,-108
IQ:5,40,11,-103,-91
IQ:6,48,11,-74,131
IQ:7,56,11,127,62
IQ:8,72,12,-28,-127
IQ:9,80,255,-109,6
IQ:10,88,1,-11,51
IQ:11,96,255,32,16
IQ:12,104,2,-2,21
IQ:13,112,255,64,40
IQ:14,120,10,217,-10
IQ:15,128,255,68,-148
IQ:16,136,3,14,6
IQ:17,144,255,60,35
IQ:18,152,9,146,-25
IQ:19,160,255,20,-95
IQ:20,168,4,19,54
IQ:21,176,255,96,42
IQ:22,184,8,191,-23
IQ:23,192,255,-3,-165
IQ:24,200,7,-150,-80
IQ:25,208,255,-71,84
IQ:26,216,6,28,-31
IQ:27,224,255,-8,3
IQ:28,232,5,60,86
IQ:29,240,255,133,-23
IQ:30,248,12,96,-91
IQ:31,256,255,-50,-88
IQ:32,264,1,-50,12
IQ:33,272,255,3,42
IQ:34,280,2,-16,12
IQ:35,288,255,14,67
SW:2
RR:3
SS:3
FR:2480
ME:41
MA:75
KE:23
KA:40
DF_END

Data arrived...
DF_BEGIN
IQ:0,0,11,140,-70
IQ:1,8,11,-99,-142
IQ:2,16,11,-137,117
IQ:3,24,11,115,131
IQ:4,32,11,93,-122
IQ:5,40,11,-143,-78
IQ:6,48,11,-75,160
IQ:7,56,11,153,48
IQ:8,72,12,20,-62
IQ:9,80,255,-16,-98
IQ:10,88,1,-130,-126
IQ:11,96,255,-182,106
IQ:12,104,2,-5,337
IQ:13,112,255,302,88
IQ:14,120,10,225,-46
IQ:15,128,255,43,-42
IQ:16,136,3,193,344
IQ:17,144,255,332,13
IQ:18,152,9,136,-6
IQ:19,160,255,-2,45
IQ:20,168,4,135,394
IQ:21,176,255,294,66
IQ:22,184,8,104,97
IQ:23,192,255,104,-33
IQ:24,200,7,103,-185
IQ:25,208,255,-111,-145
IQ:26,216,6,-88,-29
IQ:27,224,255,-38,195
IQ:28,232,5,266,273
IQ:29,240,255,282,-130
IQ:30,248,12,69,-19
IQ:31,256,255,57,-39
IQ:32,264,1,49,-162
IQ:33,272,255,-190,-104
IQ:34,280,2,-311,140
IQ:35,288,255,63,295
SW:2
RR:3
SS:3
FR:2426
ME:41
MA:75
KE:24
KA:44
DF_END

Data arrived...
DF_BEGIN
IQ:0,0,11,-91,156
IQ:1,8,11,165,70
IQ:2,16,11,66,-178
IQ:3,24,11,-171,-54
IQ:4,32,11,-29,172
IQ:5,40,11,182,-2
IQ:6,48,11,3,-187
IQ:7,56,11,-184,22
IQ:8,72,12,-66,-148
IQ:9,80,255,-210,111
IQ:10,88,1,108,345
IQ:11,96,255,405,-121
IQ:12,104,2,22,-457
IQ:13,112,255,-397,-101
IQ:14,120,10,-107,109
IQ:15,128,255,96,-58
IQ:16,136,3,-228,-391
IQ:17,144,255,-378,62
IQ:18,152,9,3,81
IQ:19,160,255,111,-204
IQ:20,168,4,-302,-458
IQ:21,176,255,-397,101
IQ:22,184,8,53,-82
IQ:23,192,255,-102,-158
IQ:24,200,7,-323,105
IQ:25,208,255,5,369
IQ:26,216,6,226,121
IQ:27,224,255,70,-367
IQ:28,232,5,-446,-328
IQ:29,240,255,-291,244
IQ:30,248,12,94,-136
IQ:31,256,255,-182,-147
IQ:32,264,1,-228,280
IQ:33,272,255,297,281
IQ:34,280,2,413,-200
IQ:35,288,255,-104,-411
SW:2
RR:3
SS:3
FR:2402
ME:2
MA:5
KE:22
KA:40
DF_END

Data arrived...
DF_BEGIN
IQ:0,0,11,148,-80
IQ:1,8,11,-104,-139
IQ:2,16,11,-130,120
IQ:3,24,11,132,108
IQ:4,32,11,99,-135
IQ:5,40,11,-145,-96
IQ:6,48,11,-86,145
IQ:7,56,11,151,48
IQ:8,72,12,-38,124
IQ:9,80,255,184,4
IQ:10,88,1,25,-311
IQ:11,96,255,-351,-80
IQ:12,104,2,-200,319
IQ:13,112,255,268,223
IQ:14,120,10,137,-64
IQ:15,128,255,-105,-7
IQ:16,136,3,24,366
IQ:17,144,255,317,90
IQ:18,152,9,58,-87
IQ:19,160,255,-155,97
IQ:20,168,4,69,450
IQ:21,176,255,334,51
IQ:22,184,8,-57,23
IQ:23,192,255,-10,130
IQ:24,200,7,291,49
IQ:25,208,255,116,-302
IQ:26,216,6,-134,-178
IQ:27,224,255,-187,255
IQ:28,232,5,227,418
IQ:29,240,255,315,-103
IQ:30,248,12,-125,50
IQ:31,256,255,68,169
IQ:32,264,1,300,-113
IQ:33,272,255,-107,-327
IQ:34,280,2,-375,3
IQ:35,288,255,-90,358
SW:2
RR:3
SS:3
FR:2402
ME:359
MA:5
KE:20
KA:36
DF_END

Data arrived...
DF_BEGIN
IQ:0,0,11,-66,-132
IQ:1,8,11,-134,82
IQ:2,16,11,94,130
IQ:3,24,11,118,-106
IQ:4,32,11,-106,-100
IQ:5,40,11,-76,130
IQ:6,48,11,136,72
IQ:7,56,11,46,-141
IQ:8,72,12,-126,56
IQ:9,80,255,22,119
IQ:10,88,1,55,5
IQ:11,96,255,4,-33
IQ:12,104,2,18,16
IQ:13,112,255,45,-66
IQ:14,120,10,-10,-228
IQ:15,128,255,-159,-53
IQ:16,136,3,2,0
IQ:17,144,255,44,-60
IQ:18,152,9,-37,-154
IQ:19,160,255,-108,-1
IQ:20,168,4,63,-11
IQ:21,176,255,30,-101
IQ:22,184,8,-53,-186
IQ:23,192,255,-176,37
IQ:24,200,7,-48,164
IQ:25,208,255,100,46
IQ:26,216,6,-47,-24
IQ:27,224,255,1,28
IQ:28,232,5,92,-56
IQ:29,240,255,-34,-132
IQ:30,248,12,-117,-81
IQ:31,256,255,-82,77
IQ:32,264,1,31,49
IQ:33,272,255,29,-17
IQ:34,280,2,4,24
IQ:35,288,255,70,3
SW:2
RR:3
SS:3
FR:2480
ME:10
MA:279
KE:19
KA:28
DF_END

Data arrived...
DF_BEGIN
IQ:0,0,11,134,76
IQ:1,8,11,48,-148
IQ:2,16,11,-157,-39
IQ:3,24,11,-35,156
IQ:4,32,11,157,24
IQ:5,40,11,9,-152
IQ:6,48,11,-151,15
IQ:7,56,11,25,155
IQ:8,72,12,15,4
IQ:9,80,255,48,-14
IQ:10,88,1,64,-120
IQ:11,96,255,-147,-114
IQ:12,104,2,-265,66
IQ:13,112,255,-12,254
IQ:14,120,10,120,122
IQ:15,128,255,26,-32
IQ:16,136,3,-228,208
IQ:17,144,255,99,245
IQ:18,152,9,73,75
IQ:19,160,255,-57,-29
IQ:20,168,4,-274,204
IQ:21,176,255,51,251
IQ:22,184,8,-44,63
IQ:23,192,255,33,61
IQ:24,200,7,157,12
IQ:25,208,255,94,-118
IQ:26,216,6,11,-90
IQ:27,224,255,-166,47
IQ:28,232,5,-145,299
IQ:29,240,255,186,181
IQ:30,248,12,7,21
IQ:31,256,255,17,32
IQ:32,264,1,147,-6
IQ:33,272,255,27,-188
IQ:34,280,2,-190,-196
IQ:35,288,255,-218,134
SW:2
RR:3
SS:3
FR:2426
ME:41
MA:75
KE:21
KA:34
DF_END

Data arrived...
DF_BEGIN
IQ:0,0,11,185,-33
IQ:1,8,11,-44,-165
IQ:2,16,11,-160,66
IQ:3,24,11,89,161
IQ:4,32,11,167,-103
IQ:5,40,11,-128,-143
IQ:6,48,11,-126,133
IQ:7,56,11,137,96
IQ:8,72,12,-91,202
IQ:9,80,255,256,85
IQ:10,88,1,219,-388
IQ:11,96,255,-403,-285
IQ:12,104,2,-436,310
IQ:13,112,255,212,424
IQ:14,120,10,155,-15
IQ:15,128,255,-165,-23
IQ:16,136,3,-212,535
IQ:17,144,255,333,293
IQ:18,152,9,25,-79
IQ:19,160,255,-272,96
IQ:20,168,4,-182,653
IQ:21,176,255,435,232
IQ:22,184,8,-160,31
IQ:23,192,255,-62,240
IQ:24,200,7,357,201
IQ:25,208,255,312,-308
IQ:26,216,6,-70,-293
IQ:27,224,255,-366,210
IQ:28,232,5,75,650
IQ:29,240,255,441,48
IQ:30,248,12,-208,64
IQ:31,256,255,32,296
IQ:32,264,1,431,-5
IQ:33,272,255,43,-502
IQ:34,280,2,-483,-222
IQ:35,288,255,-276,395
SW:2
RR:3
SS:3
FR:2402
ME:2
MA:5
KE:19
KA:29
DF_END

Data arrived...
DF_BEGIN
IQ:0,0,11,-91,131
IQ:1,8,11,133,77
IQ:2,16,11,60,-141
IQ:3,24,11,-154,-46
IQ:4,32,11,-35,155
IQ:5,40,11,155,6
IQ:6,48,11,-5,-161
IQ:7,56,11,-162,-3
IQ:8,72,12,84,86
IQ:9,80,255,85,-60
IQ:10,88,1,-11,-52
IQ:11,96,255,-35,-6
IQ:12,104,2,1,-27
IQ:13,112,255,-77,-4
IQ:14,120,10,-191,130
IQ:15,128,255,24,174
IQ:16,136,3,0,-2
IQ:17,144,255,-72,-7
IQ:18,152,9,-113,105
IQ:19,160,255,40,88
IQ:20,168,4,-41,-54
IQ:21,176,255,-109,15
IQ:22,184,8,-154,109
IQ:23,192,255,89,142
IQ:24,200,7,160,-19
IQ:25,208,255,8,-107
IQ:26,216,6,-5,46
IQ:27,224,255,16,-7
IQ:28,232,5,-95,-52
IQ:29,240,255,-103,84
IQ:30,248,12,-30,123
IQ:31,256,255,91,47
IQ:32,264,1,40,-35
IQ:33,272,255,-20,-25
IQ:34,280,2,16,-10
IQ:35,288,255,-41,-65
SW:2
RR:3
SS:3
FR:2480
ME:47
MA:75
KE:22
KA:35
DF_END

Data arrived...
DF_BEGIN
IQ:0,0,11,141,-100
IQ:1,8,11,-112,-127
IQ:2,16,11,-124,116
IQ:3,24,11,133,108
IQ:4,32,11,86,-150
IQ:5,40,11,-158,-81
IQ:6,48,11,-60,158
IQ:7,56,11,163,41
IQ:8,72,12,79,-90
IQ:9,80,255,-44,-143
IQ:10,88,1,-201,-116
IQ:11,96,255,-199,207
IQ:12,104,2,14,374
IQ:13,112,255,340,79
IQ:14,120,10,236,-45
IQ:15,128,255,51,-7
IQ:16,136,3,307,373
IQ:17,144,255,375,-48
IQ:18,152,9,139,4
IQ:19,160,255,15,85
IQ:20,168,4,190,454
IQ:21,176,255,338,27
IQ:22,184,8,125,194
IQ:23,192,255,180,-29
IQ:24,200,7,58,-258
IQ:25,208,255,-194,-127
IQ:26,216,6,-97,-13
IQ:27,224,255,41,218
IQ:28,232,5,375,244
IQ:29,240,255,289,-194
IQ:30,248,12,121,14
IQ:31,256,255,111,-98
IQ:32,264,1,-4,-233
IQ:33,272,255,-282,-78
IQ:34,280,2,-329,203
IQ:35,288,255,88,343
SW:2
RR:3
SS:3
FR:2426
ME:38
MA:75
KE:23
KA:41
DF_END

Data arrived...
DF_BEGIN
IQ:0,0,11,-83,130
IQ:1,8,11,138,58
IQ:2,16,11,59,-134
IQ:3,24,11,-145,-45
IQ:4,32,11,-35,156
IQ:5,40,11,152,26
IQ:6,48,11,5,-139
IQ:7,56,11,-155,16
IQ:8,72,12,-3,96
IQ:9,80,255,94,74
IQ:10,88,1,191,11
IQ:11,96,255,85,-211
IQ:12,104,2,-128,-285
IQ:13,112,255,-282,30
IQ:14,120,10,-168,117
IQ:15,128,255,-30,41
IQ:16,136,3,-351,-165
IQ:17,144,255,-272,164
IQ:18,152,9,-121,56
IQ:19,160,255,-43,-42
IQ:20,168,4,-319,-240
IQ:21,176,255,-271,112
IQ:22,184,8,-165,-83
IQ:23,192,255,-114,103
IQ:24,200,7,72,177
IQ:25,208,255,172,25
IQ:26,216,6,70,-23
IQ:27,224,255,-91,-147
IQ:28,232,5,-358,-41
IQ:29,240,255,-148,239
IQ:30,248,12,-85,44
IQ:31,256,255,-27,112
IQ:32,264,1,86,162
IQ:33,272,255,216,-58
IQ:34,280,2,165,-270
IQ:35,288,255,-184,-223
SW:2
RR:3
SS:3
FR:2426
ME:35
MA:75
KE:25
KA:45
DF_END

Data arrived...
DF_BEGIN
IQ:0,0,11,149,69
IQ:1,8,11,59,-153
IQ:2,16,11,-163,-30
IQ:3,24,11,-31,160
IQ:4,32,11,170,12
IQ:5,40,11,0,-157
IQ:6,48,11,-172,10
IQ:7,56,11,10,156
IQ:8,72,12,-131,51
IQ:9,80,255,79,171
IQ:10,88,1,289,-119
IQ:11,96,255,-77,-341
IQ:12,104,2,-367,-18
IQ:13,112,255,-65,336
IQ:14,120,10,112,88
IQ:15,128,255,-45,-96
IQ:16,136,3,-323,200
IQ:17,144,255,89,313
IQ:18,152,9,74,-8
IQ:19,160,255,-181,-79
IQ:20,168,4,-385,279
IQ:21,176,255,127,330
IQ:22,184,8,-53,-41
IQ:23,192,255,-131,87
IQ:24,200,7,96,275
IQ:25,208,255,314,-13
IQ:26,216,6,99,-191
IQ:27,224,255,-309,-60
IQ:28,232,5,-263,374
IQ:29,240,255,211,242
IQ:30,248,12,-110,-76
IQ:31,256,255,-114,162
IQ:32,264,1,234,213
IQ:33,272,255,225,-250
IQ:34,280,2,-173,-336
IQ:35,288,255,-344,95
SW:2
RR:3
SS:3
FR:2402
ME:359
MA:5
KE:22
KA:40
DF_END