DF_END

Data arrived...
DF_BEGIN
IQ:0,0,11,178,-87
IQ:1,8,11,-106,-159
IQ:2,16,11,-147,116
IQ:3,24,11,147,132
IQ:4,32,11,133,-151
IQ:5,40,11,-159,-108
IQ:6,48,11,-76,176
IQ:7,56,11,185,78
IQ:8,72,12,-53,-178
IQ:9,80,255,-144,21
IQ:10,88,1,1,67
IQ:11,96,255,51,6
IQ:12,104,2,-10,33
IQ:13,112,255,89,64
IQ:14,120,10,300,-7
IQ:15,128,255,85,-210
IQ:16,136,3,6,2
IQ:17,144,255,82,42
IQ:18,152,9,202,-65
IQ:19,160,255,22,-138
IQ:20,168,4,-3,59
IQ:21,176,255,116,46
IQ:22,184,8,241,-70
IQ:23,192,255,-31,-227
IQ:24,200,7,-182,-103
IQ:25,208,255,-93,94
IQ:26,216,6,52,-57
IQ:27,224,255,-40,2
IQ:28,232,5,44,149
IQ:29,240,255,192,4
IQ:30,248,12,133,-123
IQ:31,256,255,-90,-113
IQ:32,264,1,-63,36
IQ:33,272,255,20,44
IQ:34,280,2,-35,7
IQ:35,288,255,11,98
SW:2
RR:3
SS:3
FR:2480
ME:44
MA:72
KE:29
KA:52
DF_END

Data arrived...
DF_BEGIN
IQ:0,0,11,131,-89
IQ:1,8,11,-99,-109
IQ:2,16,11,-102,124
IQ:3,24,11,130,88
IQ:4,32,11,70,-140
IQ:5,40,11,-137,-58
IQ:6,48,11,-53,138
IQ:7,56,11,151,33
IQ:8,72,12,10,-48
IQ:9,80,255,-21,-48
IQ:10,88,1,-101,-70
IQ:11,96,255,-132,100
IQ:12,104,2,-24,234
IQ:13,112,255,223,85
IQ:14,120,10,181,-62
IQ:15,128,255,0,-48
IQ:16,136,3,157,256
IQ:17,144,255,265,-12
IQ:18,152,9,114,-37
IQ:19,160,255,-19,24
IQ:20,168,4,110,314
IQ:21,176,255,248,54
IQ:22,184,8,94,68
IQ:23,192,255,78,-44
IQ:24,200,7,42,-124
IQ:25,208,255,-76,-97
IQ:26,216,6,-63,-40
IQ:27,224,255,-16,148
IQ:28,232,5,217,211
IQ:29,240,255,221,-101
IQ:30,248,12,47,-8
IQ:31,256,255,25,-37
IQ:32,264,1,-3,-126
IQ:33,272,255,-159,-37
IQ:34,280,2,-219,100
IQ:35,288,255,48,231
SW:2
RR:3
SS:3
FR:2426
ME:41
MA:75
KE:30
KA:55
DF_END

Data arrived...
DF_BEGIN
IQ:0,0,11,-133,125
IQ:1,8,11,134,106
IQ:2,16,11,100,-153
IQ:3,24,11,-156,-78
IQ:4,32,11,-66,166
IQ:5,40,11,169,58
IQ:6,48,11,46,-179
IQ:7,56,11,-171,-38
IQ:8,72,12,8,-142
IQ:9,80,255,-183,11
IQ:10,88,1,-8,292
IQ:11,96,255,328,30
IQ:12,104,2,158,-381
IQ:13,112,255,-288,-241
IQ:14,120,10,-139,89
IQ:15,128,255,107,15
IQ:16,136,3,-76,-373
IQ:17,144,255,-338,-26
IQ:18,152,9,-45,89
IQ:19,160,255,115,-138
IQ:20,168,4,-198,-455
IQ:21,176,255,-392,35
IQ:22,184,8,35,-22
IQ:23,192,255,-19,-136
IQ:24,200,7,-277,-21
IQ:25,208,255,-103,298
IQ:26,216,6,161,184
IQ:27,224,255,171,-269
IQ:28,232,5,-298,-370
IQ:29,240,255,-316,147
IQ:30,248,12,113,-59
IQ:31,256,255,-79,-180
IQ:32,264,1,-249,135
IQ:33,272,255,117,309
IQ:34,280,2,403,-15
IQ:35,288,255,45,-372
SW:2
RR:3
SS:3
FR:2402
ME:359
MA:5
KE:27
KA:50
DF_END

Data arrived...
DF_BEGIN
IQ:0,0,11,162,83
IQ:1,8,11,73,-172
IQ:2,16,11,-167,-58
IQ:3,24,11,-52,173
IQ:4,32,11,183,28
IQ:5,40,11,17,-185
IQ:6,48,11,-178,-5
IQ:7,56,11,9,176
IQ:8,72,12,-141,11
IQ:9,80,255,32,174
IQ:10,88,1,273,-59
IQ:11,96,255,-57,-335
IQ:12,104,2,-404,-78
IQ:13,112,255,-115,363
IQ:14,120,10,122,119
IQ:15,128,255,-34,-116
IQ:16,136,3,-359,176
IQ:17,144,255,30,348
IQ:18,152,9,107,12
IQ:19,160,255,-154,-122
IQ:20,168,4,-425,255
IQ:21,176,255,124,353
IQ:22,184,8,-26,-19
IQ:23,192,255,-137,42
IQ:24,200,7,43,278
IQ:25,208,255,330,12
IQ:26,216,6,118,-210
IQ:27,224,255,-326,-71
IQ:28,232,5,-289,402
IQ:29,240,255,222,274
IQ:30,248,12,-88,-101
IQ:31,256,255,-148,122
IQ:32,264,1,189,221
IQ:33,272,255,257,-205
IQ:34,280,2,-134,-395
IQ:35,288,255,-380,52
SW:2
RR:3
SS:3
FR:2402
ME:359
MA:5
KE:24
KA:45
DF_END

Data arrived...
DF_BEGIN
IQ:0,0,11,-119,93
IQ:1,8,11,103,102
IQ:2,16,11,102,-119
IQ:3,24,11,-120,-95
IQ:4,32,11,-86,126
IQ:5,40,11,138,63
IQ:6,48,11,47,-145
IQ:7,56,11,-147,-49
IQ:8,72,12,33,-113
IQ:9,80,255,-145,-29
IQ:10,88,1,-56,225
IQ:11,96,255,254,73
IQ:12,104,2,178,-277
IQ:13,112,255,-223,-197
IQ:14,120,10,-119,67
IQ:15,128,255,98,19
IQ:16,136,3,7,-316
IQ:17,144,255,-269,-95
IQ:18,152,9,-48,76
IQ:19,160,255,134,-83
IQ:20,168,4,-68,-389
IQ:21,176,255,-321,-39
IQ:22,184,8,29,-7
IQ:23,192,255,17,-110
IQ:24,200,7,-214,-68
IQ:25,208,255,-132,222
IQ:26,216,6,104,163
IQ:27,224,255,160,-206
IQ:28,232,5,-198,-338
IQ:29,240,255,-271,75
IQ:30,248,12,97,-19
IQ:31,256,255,-40,-150
IQ:32,264,1,-216,61
IQ:33,272,255,50,269
IQ:34,280,2,322,19
IQ:35,288,255,65,-298
SW:2
RR:3
SS:3
FR:2402
ME:359
MA:5
KE:21
KA:40
DF_END

Data arrived...
DF_BEGIN
IQ:0,0,11,161,-94
IQ:1,8,11,-111,-141
IQ:2,16,11,-129,124
IQ:3,24,11,141,104
IQ:4,32,11,105,-150
IQ:5,40,11,-157,-90
IQ:6,48,11,-77,165
IQ:7,56,11,169,64
IQ:8,72,12,-48,-164
IQ:9,80,255,-139,20
IQ:10,88,1,-13,68
IQ:11,96,255,46,20
IQ:12,104,2,3,39
IQ:13,112,255,101,26
IQ:14,120,10,276,-72
IQ:15,128,255,68,-201
IQ:16,136,3,14,-2
IQ:17,144,255,77,22
IQ:18,152,9,175,-75
IQ:19,160,255,-15,-123
IQ:20,168,4,29,70
IQ:21,176,255,118,26
IQ:22,184,8,221,-73
IQ:23,192,255,-45,-214
IQ:24,200,7,-187,-113
IQ:25,208,255,-97,102
IQ:26,216,6,31,-43
IQ:27,224,255,-28,11
IQ:28,232,5,78,116
IQ:29,240,255,160,-39
IQ:30,248,12,128,-129
IQ:31,256,255,-86,-114
IQ:32,264,1,-55,28
IQ:33,272,255,7,47
IQ:34,280,2,-38,24
IQ:35,288,255,34,91
SW:2
RR:3
SS:3
FR:2480
ME:41
MA:75
KE:23
KA:43
DF_END

Data arrived...
DF_BEGIN
IQ:0,0,11,88,168
IQ:1,8,11,145,-91
IQ:2,16,11,-119,-131
IQ:3,24,11,-132,138
IQ:4,32,11,152,123
IQ:5,40,11,92,-162
IQ:6,48,11,-167,-98
IQ:7,56,11,-78,158
IQ:8,72,12,81,35
IQ:9,80,255,70,-42
IQ:10,88,1,64,-127
IQ:11,96,255,-134,-144
IQ:12,104,2,-290,-2
IQ:13,112,255,-108,281
IQ:14,120,10,29,254
IQ:15,128,255,74,59
IQ:16,136,3,-286,166
IQ:17,144,255,7,304
IQ:18,152,9,32,175
IQ:19,160,255,-23,-9
IQ:20,168,4,-369,160
IQ:21,176,255,-72,307
IQ:22,184,8,-105,132
IQ:23,192,255,69,113
IQ:24,200,7,167,39
IQ:25,208,255,110,-134
IQ:26,216,6,41,-70
IQ:27,224,255,-159,-10
IQ:28,232,5,-218,265
IQ:29,240,255,134,250
IQ:30,248,12,26,81
IQ:31,256,255,80,33
IQ:32,264,1,153,3
IQ:33,272,255,44,-172
IQ:34,280,2,-150,-231
IQ:35,288,255,-288,63
SW:2
RR:3
SS:3
FR:2426
ME:38
MA:75
KE:25
KA:47
DF_END

Data arrived...
DF_BEGIN
IQ:0,0,11,-127,-85
IQ:1,8,11,-77,129
IQ:2,16,11,142,63
IQ:3,24,11,55,-144
IQ:4,32,11,-148,-41
IQ:5,40,11,-21,153
IQ:6,48,11,148,22
IQ:7,56,11,3,-151
IQ:8,72,12,121,2
IQ:9,80,255,-14,-164
IQ:10,88,1,-229,15
IQ:11,96,255,-10,275
IQ:12,104,2,299,121
IQ:13,112,255,141,-253
IQ:14,120,10,-94,-88
IQ:15,128,255,9,106
IQ:16,136,3,315,-61
IQ:17,144,255,30,-272
IQ:18,152,9,-84,-16
IQ:19,160,255,108,113
IQ:20,168,4,365,-155
IQ:21,176,255,-35,-307
IQ:22,184,8,14,39
IQ:23,192,255,113,-15
IQ:24,200,7,2,-230
IQ:25,208,255,-240,-87
IQ:26,216,6,-148,127
IQ:27,224,255,224,119
IQ:28,232,5,253,-278
IQ:29,240,255,-170,-224
IQ:30,248,12,64,96
IQ:31,256,255,144,-74
IQ:32,264,1,-119,-189
IQ:33,272,255,-226,146
IQ:34,280,2,57,319
IQ:35,288,255,307,11
SW:2
RR:3
SS:3
FR:2402
ME:359
MA:353
KE:22
KA:41
DF_END

Data arrived...
DF_BEGIN
IQ:0,0,11,-85,-158
IQ:1,8,11,-169,86
IQ:2,16,11,99,148
IQ:3,24,11,124,-128
IQ:4,32,11,-140,-120
IQ:5,40,11,-105,154
IQ:6,48,11,155,94
IQ:7,56,11,69,-172
IQ:8,72,12,-176,32
IQ:9,80,255,-1,157
IQ:10,88,1,77,9
IQ:11,96,255,21,-51
IQ:12,104,2,30,-2
IQ:13,112,255,49,-87
IQ:14,120,10,-40,-279
IQ:15,128,255,-202,-80
IQ:16,136,3,-4,-15
IQ:17,144,255,35,-70
IQ:18,152,9,-42,-194
IQ:19,160,255,-128,-25
IQ:20,168,4,57,-20
IQ:21,176,255,40,-111
IQ:22,184,8,-47,-237
IQ:23,192,255,-226,19
IQ:24,200,7,-117,191
IQ:25,208,255,115,106
IQ:26,216,6,-37,-42
IQ:27,224,255,-3,27
IQ:28,232,5,117,-52
IQ:29,240,255,-17,-165
IQ:30,248,12,-126,-134
IQ:31,256,255,-134,71
IQ:32,264,1,27,63
IQ:33,272,255,58,-19
IQ:34,280,2,6,27
IQ:35,288,255,84,-7
SW:2
RR:3
SS:3
FR:2480
ME:41
MA:72
KE:23
KA:44
DF_END

Data arrived...
DF_BEGIN
IQ:0,0,11,-27,-215
IQ:1,8,11,-206,50
IQ:2,16,11,65,212
IQ:3,24,11,207,-86
IQ:4,32,11,-101,-183
IQ:5,40,11,-186,123
IQ:6,48,11,119,179
IQ:7,56,11,171,-132
IQ:8,72,12,-57,-73
IQ:9,80,255,-119,8
IQ:10,88,1,-150,127
IQ:11,96,255,112,226
IQ:12,104,2,327,148
IQ:13,112,255,255,-240
IQ:14,120,10,107,-281
IQ:15,128,255,-40,-85
IQ:16,136,3,435,-83
IQ:17,144,255,131,-353
IQ:18,152,9,44,-205
IQ:19,160,255,33,11
IQ:20,168,4,478,43
IQ:21,176,255,249,-284
IQ:22,184,8,199,-103
IQ:23,192,255,-14,-175
IQ:24,200,7,-184,-150
IQ:25,208,255,-185,76
IQ:26,216,6,-75,38
IQ:27,224,255,179,100
IQ:28,232,5,416,-161
IQ:29,240,255,11,-365
IQ:30,248,12,49,-112
IQ:31,256,255,-57,-98
IQ:32,264,1,-191,-76
IQ:33,272,255,-173,180
IQ:34,280,2,35,348
IQ:35,288,255,346,67
SW:2
RR:3
SS:3
FR:2426
ME:38
MA:75
KE:24
KA:47
DF_END

Data arrived...
DF_BEGIN
IQ:0,0,11,-14,177
IQ:1,8,11,179,5
IQ:2,16,11,-11,-179
IQ:3,24,11,-167,30
IQ:4,32,11,44,178
IQ:5,40,11,154,-69
IQ:6,48,11,-91,-148
IQ:7,56,11,-142,112
IQ:8,72,12,49,78
IQ:9,80,255,93,5
IQ:10,88,1,136,-82
IQ:11,96,255,-48,-197
IQ:12,104,2,-238,-160
IQ:13,112,255,-237,153
IQ:14,120,10,-105,212
IQ:15,128,255,20,73
IQ:16,136,3,-348,-6
IQ:17,144,255,-152,259
IQ:18,152,9,-82,152
IQ:19,160,255,-15,-7
IQ:20,168,4,-370,-113
IQ:21,176,255,-217,196
IQ:22,184,8,-182,47
IQ:23,192,255,-15,140
IQ:24,200,7,139,114
IQ:25,208,255,141,-63
IQ:26,216,6,49,-34
IQ:27,224,255,-137,-86
IQ:28,232,5,-347,93
IQ:29,240,255,-67,273
IQ:30,248,12,-52,91
IQ:31,256,255,46,84
IQ:32,264,1,142,68
IQ:33,272,255,130,-142
IQ:34,280,2,24,-295
IQ:35,288,255,-262,-118
SW:2
RR:3
SS:3
FR:2426
ME:41
MA:75
KE:26
KA:50
DF_END

Data arrived...
DF_BEGIN
IQ:0,0,11,-27,-155
IQ:1,8,11,-145,48
IQ:2,16,11,62,136
IQ:3,24,11,131,-78
IQ:4,32,11,-80,-133
IQ:5,40,11,-125,90
IQ:6,48,11,96,122
IQ:7,56,11,96,-112
IQ:8,72,12,90,75
IQ:9,80,255,90,-115
IQ:10,88,1,-184,-142
IQ:11,96,255,-194,192
IQ:12,104,2,162,277
IQ:13,112,255,277,-108
IQ:14,120,10,-1,-134
IQ:15,128,255,-57,85
IQ:16,136,3,270,155
IQ:17,144,255,196,-198
IQ:18,152,9,-40,-75
IQ:19,160,255,28,152
IQ:20,168,4,380,80
IQ:21,176,255,159,-275
IQ:22,184,8,-9,26
IQ:23,192,255,96,51
IQ:24,200,7,138,-177
IQ:25,208,255,-165,-201
IQ:26,216,6,-197,24
IQ:27,224,255,99,249
IQ:28,232,5,376,-25
IQ:29,240,255,43,-279
IQ:30,248,12,-24,108
IQ:31,256,255,155,25
IQ:32,264,1,32,-227
IQ:33,272,255,-262,-59
IQ:34,280,2,-165,280
IQ:35,288,255,235,194
SW:2
RR:3
SS:3
FR:2402
ME:359
MA:5
KE:23
KA:45
DF_END

Data arrived...
DF_BEGIN
IQ:0,0,11,-123,128
IQ:1,8,11,126,129
IQ:2,16,11,112,-138
IQ:3,24,11,-149,-90
IQ:4,32,11,-72,161
IQ:5,40,11,172,49
IQ:6,48,11,24,-182
IQ:7,56,11,-180,-27
IQ:8,72,12,76,158
IQ:9,80,255,137,-39
IQ:10,88,1,-9,-73
IQ:11,96,255,-56,-7
IQ:12,104,2,-5,-37
IQ:13,112,255,-101,-29
IQ:14,120,10,-267,86
IQ:15,128,255,-37,208
IQ:16,136,3,-19,0
IQ:17,144,255,-84,-11
IQ:18,152,9,-172,88
IQ:19,160,255,3,121
IQ:20,168,4,-37,-59
IQ:21,176,255,-123,2
IQ:22,184,8,-201,125
IQ:23,192,255,68,210
IQ:24,200,7,201,76
IQ:25,208,255,64,-131
IQ:26,216,6,-18,48
IQ:27,224,255,13,-8
IQ:28,232,5,-94,-97
IQ:29,240,255,-158,62
IQ:30,248,12,-93,155
IQ:31,256,255,102,102
IQ:32,264,1,52,-44
IQ:33,272,255,-30,-44
IQ:34,280,2,33,-22
IQ:35,288,255,-39,-87
SW:2
RR:3
SS:3
FR:2480
ME:44
MA:72
KE:25
KA:48
DF_END

Data arrived...
DF_BEGIN
IQ:0,0,11,-21,-192
IQ:1,8,11,-187,45
IQ:2,16,11,69,183
IQ:3,24,11,165,-65
IQ:4,32,11,-92,-169
IQ:5,40,11,-151,107
IQ:6,48,11,122,145
IQ:7,56,11,117,-134
IQ:8,72,12,-78,-56
IQ:9,80,255,-90,32
IQ:10,88,1,-115,99
IQ:11,96,255,71,170
IQ:12,104,2,265,110
IQ:13,112,255,175,-211
IQ:14,120,10,47,-256
IQ:15,128,255,-48,-65
IQ:16,136,3,336,-105
IQ:17,144,255,105,-298
IQ:18,152,9,46,-179
IQ:19,160,255,13,5
IQ:20,168,4,376,29
IQ:21,176,255,173,-253
IQ:22,184,8,154,-103
IQ:23,192,255,-32,-135
IQ:24,200,7,-153,-89
IQ:25,208,255,-135,76
IQ:26,216,6,-61,25
IQ:27,224,255,141,76
IQ:28,232,5,328,-153
IQ:29,240,255,3,-310
IQ:30,248,12,17,-102
IQ:31,256,255,-57,-68
IQ:32,264,1,-144,-28
IQ:33,272,255,-106,149
IQ:34,280,2,33,290
IQ:35,288,255,277,64
SW:2
RR:3
SS:3
FR:2426
ME:41
MA:75
KE:27
KA:51
DF_END

Data arrived...
DF_BEGIN
IQ:0,0,11,-196,42
IQ:1,8,11,74,173
IQ:2,16,11,175,-79
IQ:3,24,11,-101,-161
IQ:4,32,11,-161,109
IQ:5,40,11,129,139
IQ:6,48,11,129,-151
IQ:7,56,11,-159,-109
IQ:8,72,12,-37,59
IQ:9,80,255,32,79
IQ:10,88,1,117,125
IQ:11,96,255,170,-95
IQ:12,104,2,97,-291
IQ:13,112,255,-239,-174
IQ:14,120,10,-255,-38
IQ:15,128,255,-50,46
IQ:16,136,3,-110,-347
IQ:17,144,255,-310,-72
IQ:18,152,9,-172,-7
IQ:19,160,255,20,-16
IQ:20,168,4,-40,-416
IQ:21,176,255,-285,-158
IQ:22,184,8,-97,-141
IQ:23,192,255,-122,26
IQ:24,200,7,-87,158
IQ:25,208,255,80,143
IQ:26,216,6,48,55
IQ:27,224,255,62,-157
IQ:28,232,5,-182,-332
IQ:29,240,255,-291,30
IQ:30,248,12,-85,-9
IQ:31,256,255,-61,50
IQ:32,264,1,-45,149
IQ:33,272,255,169,100
IQ:34,280,2,289,-65
IQ:35,288,255,25,-300
SW:2
RR:3
SS:3
FR:2426
ME:41
MA:75
KE:28
KA:54
DF_END

Data arrived...
DF_BEGIN
IQ:0,0,11,172,27
IQ:1,8,11,-3,-197
IQ:2,16,11,-182,4
IQ:3,24,11,23,174
IQ:4,32,11,180,-40
IQ:5,40,11,-53,-179
IQ:6,48,11,-175,69
IQ:7,56,11,77,162
IQ:8,72,12,-121,67
IQ:9,80,255,118,154
IQ:10,88,1,238,-158
IQ:11,96,255,-172,-295
IQ:12,104,2,-412,82
IQ:13,112,255,-11,383
IQ:14,120,10,154,54
IQ:15,128,255,-92,-91
IQ:16,136,3,-254,301
IQ:17,144,255,166,306
IQ:18,152,9,97,-33
IQ:19,160,255,-196,-41
IQ:20,168,4,-296,399
IQ:21,176,255,228,315
IQ:22,184,8,-39,-16
IQ:23,192,255,-113,105
IQ:24,200,7,140,262
IQ:25,208,255,309,-70
IQ:26,216,6,25,-236
IQ:27,224,255,-332,30
IQ:28,232,5,-147,475
IQ:29,240,255,305,172
IQ:30,248,12,-126,-76
IQ:31,256,255,-109,166
IQ:32,264,1,249,124
IQ:33,272,255,148,-308
IQ:34,280,2,-276,-335
IQ:35,288,255,-344,173
SW:2
RR:3
SS:3
FR:2402
ME:359
MA:5
KE:26
KA:49
DF_END

Data arrived...
DF_BEGIN
IQ:0,0,11,-11,178
IQ:1,8,11,183,-17
IQ:2,16,11,-30,-175
IQ:3,24,11,-161,49
IQ:4,32,11,70,163
IQ:5,40,11,154,-83
IQ:6,48,11,-104,-152
IQ:7,56,11,-143,110
IQ:8,72,12,173,63
IQ:9,80,255,70,-133
IQ:10,88,1,-62,-43
IQ:11,96,255,-50,34
IQ:12,104,2,-29,-21
IQ:13,112,255,-88,52
IQ:14,120,10,-110,264
IQ:15,128,255,129,175
IQ:16,136,3,-8,11
IQ:17,144,255,-70,42
IQ:18,152,9,-37,189
IQ:19,160,255,108,67
IQ:20,168,4,-68,-18
IQ:21,176,255,-87,80
IQ:22,184,8,-51,232
IQ:23,192,255,204,69
IQ:24,200,7,198,-124
IQ:25,208,255,-36,-148
IQ:26,216,6,15,55
IQ:27,224,255,14,-15
IQ:28,232,5,-132,7
IQ:29,240,255,-58,156
IQ:30,248,12,36,187
IQ:31,256,255,151,1
IQ:32,264,1,-2,-75
IQ:33,272,255,-65,-13
IQ:34,280,2,1,-33
IQ:35,288,255,-79,-37
SW:2
RR:3
SS:3
FR:2480
ME:41
MA:75
KE:27
KA:52
DF_END

Data arrived...
DF_BEGIN
IQ:0,0,11,124,137
IQ:1,8,11,119,-140
IQ:2,16,11,-142,-100
IQ:3,24,11,-81,156
IQ:4,32,11,167,70
IQ:5,40,11,61,-163
IQ:6,48,11,-172,-36
IQ:7,56,11,-10,179
IQ:8,72,12,156,-94
IQ:9,80,255,-41,-141
IQ:10,88,1,-78,2
IQ:11,96,255,-8,55
IQ:12,104,2,-30,2
IQ:13,112,255,-33,89
IQ:14,120,10,89,258
IQ:15,128,255,216,9
IQ:16,136,3,3,3
IQ:17,144,255,-15,80
IQ:18,152,9,101,163
IQ:19,160,255,125,-24
IQ:20,168,4,-59,33
IQ:21,176,255,3,122
IQ:22,184,8,128,195
IQ:23,192,255,203,-95
IQ:24,200,7,50,-221
IQ:25,208,255,-139,-55
IQ:26,216,6,47,27
IQ:27,224,255,-5,-26
IQ:28,232,5,-94,90
IQ:29,240,255,71,150
IQ:30,248,12,159,96
IQ:31,256,255,93,-119
IQ:32,264,1,-52,-59
IQ:33,272,255,-51,28
IQ:34,280,2,-23,-20
IQ:35,288,255,-82,33
SW:2
RR:3
SS:3
FR:2480
ME:41
MA:75
KE:29
KA:55
DF_END

Data arrived...
DF_BEGIN
IQ:0,0,11,98,149
IQ:1,8,11,127,-122
IQ:2,16,11,-133,-114
IQ:3,24,11,-109,147
IQ:4,32,11,163,87
IQ:5,40,11,88,-163
IQ:6,48,11,-158,-76
IQ:7,56,11,-51,171
IQ:8,72,12,87,11
IQ:9,80,255,66,-63
IQ:10,88,1,54,-116
IQ:11,96,255,-198,-187
IQ:12,104,2,-238,-3
IQ:13,112,255,-28,363
IQ:14,120,10,30,247
IQ:15,128,255,21,13
IQ:16,136,3,-222,226
IQ:17,144,255,42,305
IQ:18,152,9,45,153
IQ:19,160,255,-8,-15
IQ:20,168,4,-358,171
IQ:21,176,255,-42,309
IQ:22,184,8,-86,159
IQ:23,192,255,35,105
IQ:24,200,7,190,-9
IQ:25,208,255,143,-113
IQ:26,216,6,47,-66
IQ:27,224,255,-108,-8
IQ:28,232,5,-202,281
IQ:29,240,255,247,221
IQ:30,248,12,72,67
IQ:31,256,255,16,67
IQ:32,264,1,131,-47
IQ:33,272,255,11,-229
IQ:34,280,2,-201,-162
IQ:35,288,255,-233,71
SW:2
RR:3
SS:3
FR:2426
ME:38
MA:75
KE:30
KA:58
DF_END

Data arrived...
DF_BEGIN
IQ:0,0,11,-29,183
IQ:1,8,11,191,16
IQ:2,16,11,-5,-191
IQ:3,24,11,-194,19
IQ:4,32,11,40,174
IQ:5,40,11,172,-65
IQ:6,48,11,-62,-181
IQ:7,56,11,-173,74
IQ:8,72,12,-67,-136
IQ:9,80,255,-165,105
IQ:10,88,1,143,245
IQ:11,96,255,314,-145
IQ:12,104,2,-31,-417
IQ:13,112,255,-373,-5
IQ:14,120,10,-56,158
IQ:15,128,255,106,-72
IQ:16,136,3,-254,-303
IQ:17,144,255,-328,142
IQ:18,152,9,27,105
IQ:19,160,255,34,-193
IQ:20,168,4,-411,-317
IQ:21,176,255,-336,221
IQ:22,184,8,25,-46
IQ:23,192,255,-87,-112
IQ:24,200,7,-264,121
IQ:25,208,255,55,310
IQ:26,216,6,242,53
IQ:27,224,255,-18,-330
IQ:28,232,5,-470,-142
IQ:29,240,255,-185,308
IQ:30,248,12,71,-121
IQ:31,256,255,-182,-92
IQ:32,264,1,-149,256
IQ:33,272,255,274,204
IQ:34,280,2,317,-244
IQ:35,288,255,-192,-343
SW:2
RR:3
SS:3
FR:2402
ME:359
MA:353
KE:27
KA:52
DF_END

Data arrived...
DF_BEGIN
IQ:0,0,11,110,155
IQ:1,8,11,140,-120
IQ:2,16,11,-142,-119
IQ:3,24,11,-117,144
IQ:4,32,11,150,118
IQ:5,40,11,92,-155
IQ:6,48,11,-178,-47
IQ:7,56,11,-35,178
IQ:8,72,12,166,-71
IQ:9,80,255,-32,-141
IQ:10,88,1,-75,7
IQ:11,96,255,-9,56
IQ:12,104,2,-30,2
IQ:13,112,255,-39,91
IQ:14,120,10,70,275
IQ:15,128,255,213,31
IQ:16,136,3,3,9
IQ:17,144,255,-22,83
IQ:18,152,9,92,177
IQ:19,160,255,137,-17
IQ:20,168,4,-57,26
IQ:21,176,255,-19,115
IQ:22,184,8,96,224
IQ:23,192,255,215,-61
IQ:24,200,7,87,-214
IQ:25,208,255,-116,-89
IQ:26,216,6,46,33
IQ:27,224,255,-9,-20
IQ:28,232,5,-106,88
IQ:29,240,255,56,156
IQ:30,248,12,158,100
IQ:31,256,255,102,-107
IQ:32,264,1,-48,-58
IQ:33,272,255,-52,22
IQ:34,280,2,-18,-25
IQ:35,288,255,-84,29
SW:2
RR:3
SS:3
FR:2480
ME:41
MA:75
KE:29
KA:55
DF_END

Data arrived...