DF_END

Data arrived...
DF_BEGIN
IQ:0,0,11,161,87
IQ:1,8,11,57,-176
IQ:2,16,11,-179,-42
IQ:3,24,11,-41,186
IQ:4,32,11,169,13
IQ:5,40,11,-26,-182
IQ:6,48,11,-192,27
IQ:7,56,11,48,181
IQ:8,72,12,-116,18
IQ:9,80,255,68,150
IQ:10,88,1,272,-114
IQ:11,96,255,-125,-308
IQ:12,104,2,-393,18
IQ:13,112,255,-57,367
IQ:14,120,10,143,96
IQ:15,128,255,-38,-109
IQ:16,136,3,-314,215
IQ:17,144,255,113,305
IQ:18,152,9,97,-24
IQ:19,160,255,-171,-79
IQ:20,168,4,-354,323
IQ:21,176,255,160,340
IQ:22,184,8,-42,-39
IQ:23,192,255,-127,65
IQ:24,200,7,109,242
IQ:25,208,255,296,-49
IQ:26,216,6,93,-209
IQ:27,224,255,-319,-27
IQ:28,232,5,-234,427
IQ:29,240,255,257,240
IQ:30,248,12,-99,-65
IQ:31,256,255,-98,139
IQ:32,264,1,241,185
IQ:33,272,255,230,-237
IQ:34,280,2,-205,-345
IQ:35,288,255,-355,120
SW:2
RR:3
SS:3
FR:2402
ME:2
MA:5
KE:27
KA:52
DF_END

Data arrived...
DF_BEGIN
IQ:0,0,11,55,-140
IQ:1,8,11,-145,-48
IQ:2,16,11,-29,144
IQ:3,24,11,151,14
IQ:4,32,11,-1,-150
IQ:5,40,11,-152,19
IQ:6,48,11,31,131
IQ:7,56,11,140,-53
IQ:8,72,12,-113,-78
IQ:9,80,255,-80,70
IQ:10,88,1,19,47
IQ:11,96,255,40,-14
IQ:12,104,2,13,16
IQ:13,112,255,81,-19
IQ:14,120,10,148,-166
IQ:15,128,255,-54,-161
IQ:16,136,3,8,-10
IQ:17,144,255,65,-18
IQ:18,152,9,97,-128
IQ:19,160,255,-55,-87
IQ:20,168,4,50,30
IQ:21,176,255,92,-45
IQ:22,184,8,118,-161
IQ:23,192,255,-113,-119
IQ:24,200,7,-151,45
IQ:25,208,255,6,105
IQ:26,216,6,0,-48
IQ:27,224,255,-17,8
IQ:28,232,5,88,22
IQ:29,240,255,66,-105
IQ:30,248,12,-4,-141
IQ:31,256,255,-113,-24
IQ:32,264,1,-27,45
IQ:33,272,255,29,15
IQ:34,280,2,-4,20
IQ:35,288,255,59,39
SW:2
RR:3
SS:3
FR:2480
ME:41
MA:72
KE:28
KA:54
DF_END

Data arrived...
DF_BEGIN
IQ:0,0,11,-149,126
IQ:1,8,11,124,133
IQ:2,16,11,122,-134
IQ:3,24,11,-159,-105
IQ:4,32,11,-94,161
IQ:5,40,11,164,87
IQ:6,48,11,59,-170
IQ:7,56,11,-191,-39
IQ:8,72,12,1,59
IQ:9,80,255,55,65
IQ:10,88,1,166,89
IQ:11,96,255,160,-157
IQ:12,104,2,-49,-307
IQ:13,112,255,-301,-46
IQ:14,120,10,-228,97
IQ:15,128,255,-22,64
IQ:16,136,3,-255,-264
IQ:17,144,255,-318,65
IQ:18,152,9,-137,56
IQ:19,160,255,6,-40
IQ:20,168,4,-181,-334
IQ:21,176,255,-293,-15
IQ:22,184,8,-118,-86
IQ:23,192,255,-119,64
IQ:24,200,7,-30,222
IQ:25,208,255,135,127
IQ:26,216,6,74,19
IQ:27,224,255,-10,-178
IQ:28,232,5,-288,-219
IQ:29,240,255,-251,141
IQ:30,248,12,-68,32
IQ:31,256,255,-38,71
IQ:32,264,1,4,185
IQ:33,272,255,220,37
IQ:34,280,2,242,-209
IQ:35,288,255,-117,-286
SW:2
RR:3
SS:3
FR:2426
ME:41
MA:75
KE:30
KA:57
DF_END

Data arrived...
DF_BEGIN
IQ:0,0,11,-152,-70
IQ:1,8,11,-48,156
IQ:2,16,11,163,36
IQ:3,24,11,20,-176
IQ:4,32,11,-166,-13
IQ:5,40,11,4,168
IQ:6,48,11,168,-26
IQ:7,56,11,-45,-178
IQ:8,72,12,-66,11
IQ:9,80,255,-60,88
IQ:10,88,1,2,187
IQ:11,96,255,231,38
IQ:12,104,2,249,-204
IQ:13,112,255,-104,-275
IQ:14,120,10,-168,-168
IQ:15,128,255,-67,-11
IQ:16,136,3,120,-350
IQ:17,144,255,-194,-235
IQ:18,152,9,-119,-94
IQ:19,160,255,28,-23
IQ:20,168,4,185,-323
IQ:21,176,255,-129,-248
IQ:22,184,8,32,-152
IQ:23,192,255,-108,-92
IQ:24,200,7,-230,47
IQ:25,208,255,-46,194
IQ:26,216,6,22,63
IQ:27,224,255,136,-103
IQ:28,232,5,52,-347
IQ:29,240,255,-230,-144
IQ:30,248,12,-51,-46
IQ:31,256,255,-89,-9
IQ:32,264,1,-171,97
IQ:33,272,255,67,227
IQ:34,280,2,295,126
IQ:35,288,255,203,-225
SW:2
RR:3
SS:3
FR:2426
ME:38
MA:75
KE:30
KA:59
DF_END

Data arrived...
DF_BEGIN
IQ:0,0,11,-140,-110
IQ:1,8,11,-95,146
IQ:2,16,11,145,82
IQ:3,24,11,57,-146
IQ:4,32,11,-170,-25
IQ:5,40,11,-17,171
IQ:6,48,11,181,19
IQ:7,56,11,6,-170
IQ:8,72,12,103,-30
IQ:9,80,255,-77,-154
IQ:10,88,1,-289,73
IQ:11,96,255,53,323
IQ:12,104,2,388,37
IQ:13,112,255,100,-356
IQ:14,120,10,-115,-98
IQ:15,128,255,31,94
IQ:16,136,3,338,-192
IQ:17,144,255,-66,-333
IQ:18,152,9,-81,-5
IQ:19,160,255,162,80
IQ:20,168,4,364,-300
IQ:21,176,255,-135,-349
IQ:22,184,8,44,33
IQ:23,192,255,128,-57
IQ:24,200,7,-62,-255
IQ:25,208,255,-294,-13
IQ:26,216,6,-108,200
IQ:27,224,255,292,78
IQ:28,232,5,258,-393
IQ:29,240,255,-231,-253
IQ:30,248,12,74,63
IQ:31,256,255,124,-133
IQ:32,264,1,-208,-209
IQ:33,272,255,-249,224
IQ:34,280,2,165,358
IQ:35,288,255,370,-76
SW:2
RR:3
SS:3
FR:2402
ME:2
MA:5
KE:28
KA:53
DF_END

Data arrived...
DF_BEGIN
IQ:0,0,11,-121,-95
IQ:1,8,11,-95,124
IQ:2,16,11,122,78
IQ:3,24,11,65,-137
IQ:4,32,11,-144,-44
IQ:5,40,11,-23,147
IQ:6,48,11,149,2
IQ:7,56,11,-12,-145
IQ:8,72,12,-104,81
IQ:9,80,255,56,95
IQ:10,88,1,45,-12
IQ:11,96,255,-4,-41
IQ:12,104,2,16,-11
IQ:13,112,255,4,-79
IQ:14,120,10,-115,-182
IQ:15,128,255,-162,15
IQ:16,136,3,-6,-9
IQ:17,144,255,4,-68
IQ:18,152,9,-96,-120
IQ:19,160,255,-93,26
IQ:20,168,4,38,-34
IQ:21,176,255,-20,-101
IQ:22,184,8,-117,-147
IQ:23,192,255,-145,83
IQ:24,200,7,-19,173
IQ:25,208,255,112,42
IQ:26,216,6,-39,-18
IQ:27,224,255,10,12
IQ:28,232,5,58,-91
IQ:29,240,255,-87,-110
IQ:30,248,12,-133,-40
IQ:31,256,255,-57,93
IQ:32,264,1,33,33
IQ:33,272,255,28,-26
IQ:34,280,2,19,9
IQ:35,288,255,49,-40
SW:2
RR:3
SS:3
FR:2480
ME:41
MA:72
KE:29
KA:56
DF_END

Data arrived...
DF_BEGIN
IQ:0,0,11,83,129
IQ:1,8,11,136,-92
IQ:2,16,11,-97,-114
IQ:3,24,11,-97,116
IQ:4,32,11,131,92
IQ:5,40,11,81,-141
IQ:6,48,11,-135,-67
IQ:7,56,11,-63,143
IQ:8,72,12,119,-58
IQ:9,80,255,-24,-110
IQ:10,88,1,-47,-3
IQ:11,96,255,-6,34
IQ:12,104,2,-25,1
IQ:13,112,255,-32,70
IQ:14,120,10,43,219
IQ:15,128,255,170,40
IQ:16,136,3,3,7
IQ:17,144,255,-25,67
IQ:18,152,9,61,143
IQ:19,160,255,104,-6
IQ:20,168,4,-51,23
IQ:21,176,255,-19,102
IQ:22,184,8,65,178
IQ:23,192,255,161,-46
IQ:24,200,7,53,-172
IQ:25,208,255,-85,-66
IQ:26,216,6,36,27
IQ:27,224,255,-6,-23
IQ:28,232,5,-83,69
IQ:29,240,255,45,127
IQ:30,248,12,117,83
IQ:31,256,255,87,-73
IQ:32,264,1,-24,-43
IQ:33,272,255,-32,14
IQ:34,280,2,-8,-23
IQ:35,288,255,-68,21
SW:2
RR:3
SS:3
FR:2480
ME:41
MA:75
KE:30
KA:58
DF_END

Data arrived...
DF_BEGIN
IQ:0,0,11,-182,-38
IQ:1,8,11,-13,184
IQ:2,16,11,187,-4
IQ:3,24,11,-13,-192
IQ:4,32,11,-181,25
IQ:5,40,11,54,182
IQ:6,48,11,177,-65
IQ:7,56,11,-90,-161
IQ:8,72,12,-48,17
IQ:9,80,255,-56,67
IQ:10,88,1,-11,180
IQ:11,96,255,228,51
IQ:12,104,2,295,-199
IQ:13,112,255,-84,-326
IQ:14,120,10,-202,-153
IQ:15,128,255,-45,6
IQ:16,136,3,122,-395
IQ:17,144,255,-241,-267
IQ:18,152,9,-139,-73
IQ:19,160,255,60,-1
IQ:20,168,4,198,-378
IQ:21,176,255,-209,-249
IQ:22,184,8,-14,-134
IQ:23,192,255,-88,-52
IQ:24,200,7,-200,41
IQ:25,208,255,-71,190
IQ:26,216,6,27,103
IQ:27,224,255,157,-134
IQ:28,232,5,-18,-397
IQ:29,240,255,-291,-103
IQ:30,248,12,-44,-42
IQ:31,256,255,-76,-21
IQ:32,264,1,-157,86
IQ:33,272,255,65,228
IQ:34,280,2,326,127
IQ:35,288,255,193,-266
SW:2
RR:3
SS:3
FR:2426
ME:41
MA:75
KE:31
KA:60
DF_END

Data arrived...
DF_BEGIN
IQ:0,0,11,0,-171
IQ:1,8,11,-184,22
IQ:2,16,11,45,180
IQ:3,24,11,164,-51
IQ:4,32,11,-88,-163
IQ:5,40,11,-167,88
IQ:6,48,11,91,153
IQ:7,56,11,154,-101
IQ:8,72,12,151,83
IQ:9,80,255,143,-230
IQ:10,88,1,-270,-318
IQ:11,96,255,-385,266
IQ:12,104,2,207,503
IQ:13,112,255,493,-92
IQ:14,120,10,42,-158
IQ:15,128,255,-66,150
IQ:16,136,3,492,295
IQ:17,144,255,351,-293
IQ:18,152,9,-29,-69
IQ:19,160,255,48,265
IQ:20,168,4,607,342
IQ:21,176,255,370,-357
IQ:22,184,8,-3,127
IQ:23,192,255,199,131
IQ:24,200,7,298,-261
IQ:25,208,255,-184,-393
IQ:26,216,6,-283,-6
IQ:27,224,255,129,409
IQ:28,232,5,657,68
IQ:29,240,255,192,-431
IQ:30,248,12,-3,170
IQ:31,256,255,269,36
IQ:32,264,1,133,-410
IQ:33,272,255,-431,-174
IQ:34,280,2,-356,429
IQ:35,288,255,315,385
SW:2
RR:3
SS:3
FR:2402
ME:2
MA:5
KE:29
KA:55
DF_END

Data arrived...
DF_BEGIN
IQ:0,0,11,188,-87
IQ:1,8,11,-95,-186
IQ:2,16,11,-172,105
IQ:3,24,11,140,143
IQ:4,32,11,147,-151
IQ:5,40,11,-143,-141
IQ:6,48,11,-96,165
IQ:7,56,11,185,89
IQ:8,72,12,-49,-183
IQ:9,80,255,-150,-3
IQ:10,88,1,-18,60
IQ:11,96,255,47,15
IQ:12,104,2,7,24
IQ:13,112,255,89,43
IQ:14,120,10,297,-33
IQ:15,128,255,89,-217
IQ:16,136,3,22,-7
IQ:17,144,255,77,29
IQ:18,152,9,194,-69
IQ:19,160,255,17,-141
IQ:20,168,4,25,59
IQ:21,176,255,122,35
IQ:22,184,8,233,-58
IQ:23,192,255,-46,-220
IQ:24,200,7,-192,-109
IQ:25,208,255,-87,102
IQ:26,216,6,35,-49
IQ:27,224,255,-22,-15
IQ:28,232,5,57,111
IQ:29,240,255,160,-35
IQ:30,248,12,120,-147
IQ:31,256,255,-88,-120
IQ:32,264,1,-66,19
IQ:33,272,255,10,40
IQ:34,280,2,-22,15
IQ:35,288,255,16,87
SW:2
RR:3
SS:3
FR:2480
ME:41
MA:72
KE:30
KA:57
DF_END

Data arrived...
DF_BEGIN
IQ:0,0,11,16,-157
IQ:1,8,11,-150,-11
IQ:2,16,11,4,157
IQ:3,24,11,152,-29
IQ:4,32,11,-36,-146
IQ:5,40,11,-149,44
IQ:6,48,11,64,143
IQ:7,56,11,130,-82
IQ:8,72,12,-132,-22
IQ:9,80,255,-54,111
IQ:10,88,1,35,41
IQ:11,96,255,30,-20
IQ:12,104,2,16,11
IQ:13,112,255,70,-40
IQ:14,120,10,97,-209
IQ:15,128,255,-103,-133
IQ:16,136,3,2,-8
IQ:17,144,255,58,-30
IQ:18,152,9,45,-156
IQ:19,160,255,-83,-62
IQ:20,168,4,49,16
IQ:21,176,255,69,-61
IQ:22,184,8,49,-177
IQ:23,192,255,-158,-52
IQ:24,200,7,-143,97
IQ:25,208,255,32,104
IQ:26,216,6,-14,-42
IQ:27,224,255,-6,23
IQ:28,232,5,102,-1
IQ:29,240,255,48,-120
IQ:30,248,12,-37,-123
IQ:31,256,255,-113,12
IQ:32,264,1,-9,50
IQ:33,272,255,35,23
IQ:34,280,2,2,22
IQ:35,288,255,64,31
SW:2
RR:3
SS:3
FR:2480
ME:38
MA:75
KE:31
KA:59
DF_END

Data arrived...
DF_BEGIN
IQ:0,0,11,-113,-140
IQ:1,8,11,-136,121
IQ:2,16,11,122,119
IQ:3,24,11,106,-144
IQ:4,32,11,-148,-84
IQ:5,40,11,-79,160
IQ:6,48,11,155,76
IQ:7,56,11,32,-174
IQ:8,72,12,-36,-23
IQ:9,80,255,-93,15
IQ:10,88,1,-130,129
IQ:11,96,255,131,200
IQ:12,104,2,336,33
IQ:13,112,255,99,-306
IQ:14,120,10,-76,-230
IQ:15,128,255,-42,-8
IQ:16,136,3,356,-217
IQ:17,144,255,-29,-358
IQ:18,152,9,-62,-135
IQ:19,160,255,61,38
IQ:20,168,4,405,-154
IQ:21,176,255,54,-327
IQ:22,184,8,87,-106
IQ:23,192,255,-38,-107
IQ:24,200,7,-184,-91
IQ:25,208,255,-160,108
IQ:26,216,6,-40,101
IQ:27,224,255,212,7
IQ:28,232,5,281,-295
IQ:29,240,255,-129,-278
IQ:30,248,12,-1,-56
IQ:31,256,255,-37,-82
IQ:32,264,1,-186,-48
IQ:33,272,255,-118,206
IQ:34,280,2,123,303
IQ:35,288,255,322,-60
SW:2
RR:3
SS:3
FR:2426
ME:41
MA:75
KE:32
KA:61
DF_END

Data arrived...
DF_BEGIN
IQ:0,0,11,72,195
IQ:1,8,11,187,-94
IQ:2,16,11,-114,-173
IQ:3,24,11,-157,137
IQ:4,32,11,147,156
IQ:5,40,11,145,-152
IQ:6,48,11,-151,-148
IQ:7,56,11,-134,157
IQ:8,72,12,-186,-4
IQ:9,80,255,11,324
IQ:10,88,1,488,151
IQ:11,96,255,204,-525
IQ:12,104,2,-544,-373
IQ:13,112,255,-403,437
IQ:14,120,10,28,194
IQ:15,128,255,-44,-154
IQ:16,136,3,-692,-7
IQ:17,144,255,-216,512
IQ:18,152,9,52,52
IQ:19,160,255,-209,-239
IQ:20,168,4,-801,51
IQ:21,176,255,-129,597
IQ:22,184,8,-112,-116
IQ:23,192,255,-282,16
IQ:24,200,7,-169,467
IQ:25,208,255,428,274
IQ:26,216,6,298,-181
IQ:27,224,255,-388,-358
IQ:28,232,5,-710,351
IQ:29,240,255,41,565
IQ:30,248,12,-136,-158
IQ:31,256,255,-308,126
IQ:32,264,1,61,486
IQ:33,272,255,543,-120
IQ:34,280,2,72,-683
IQ:35,288,255,-559,-243
SW:2
RR:3
SS:3
FR:2402
ME:359
MA:5
KE:29
KA:55
DF_END

Data arrived...
DF_BEGIN
IQ:0,0,11,-157,-31
IQ:1,8,11,-4,158
IQ:2,16,11,154,2
IQ:3,24,11,-5,-159
IQ:4,32,11,-161,23
IQ:5,40,11,47,150
IQ:6,48,11,148,-61
IQ:7,56,11,-78,-137
IQ:8,72,12,78,-68
IQ:9,80,255,-125,-113
IQ:10,88,1,-214,181
IQ:11,96,255,200,261
IQ:12,104,2,349,-159
IQ:13,112,255,-56,-357
IQ:14,120,10,-139,-43
IQ:15,128,255,71,53
IQ:16,136,3,189,-329
IQ:17,144,255,-208,-265
IQ:18,152,9,-73,18
IQ:19,160,255,168,-1
IQ:20,168,4,227,-408
IQ:21,176,255,-232,-261
IQ:22,184,8,57,1
IQ:23,192,255,70,-124
IQ:24,200,7,-169,-204
IQ:25,208,255,-279,115
IQ:26,216,6,-13,207
IQ:27,224,255,276,-82
IQ:28,232,5,31,-461
IQ:29,240,255,-308,-137
IQ:30,248,12,93,18
IQ:31,256,255,24,-172
IQ:32,264,1,-277,-89
IQ:33,272,255,-124,312
IQ:34,280,2,302,253
IQ:35,288,255,296,-210
SW:2
RR:3
SS:3
FR:2402
ME:2
MA:353
KE:26
KA:49
DF_END

Data arrived...
DF_BEGIN
IQ:0,0,11,-163,21
IQ:1,8,11,30,155
IQ:2,16,11,144,-51
IQ:3,24,11,-87,-130
IQ:4,32,11,-129,102
IQ:5,40,11,108,118
IQ:6,48,11,107,-118
IQ:7,56,11,-129,-106
IQ:8,72,12,4,126
IQ:9,80,255,92,21
IQ:10,88,1,24,-31
IQ:11,96,255,-18,-22
IQ:12,104,2,6,-28
IQ:13,112,255,-64,-44
IQ:14,120,10,-228,-22
IQ:15,128,255,-105,139
IQ:16,136,3,-13,-7
IQ:17,144,255,-57,-46
IQ:18,152,9,-160,7
IQ:19,160,255,-41,95
IQ:20,168,4,-2,-59
IQ:21,176,255,-86,-61
IQ:22,184,8,-184,-10
IQ:23,192,255,-26,170
IQ:24,200,7,100,113
IQ:25,208,255,74,-53
IQ:26,216,6,-30,35
IQ:27,224,255,25,7
IQ:28,232,5,-20,-95
IQ:29,240,255,-133,-21
IQ:30,248,12,-114,52
IQ:31,256,255,25,102
IQ:32,264,1,44,6
IQ:33,272,255,7,-26
IQ:34,280,2,22,2
IQ:35,288,255,8,-75
SW:2
RR:3
SS:3
FR:2480
ME:44
MA:72
KE:27
KA:51
DF_END

Data arrived...
DF_BEGIN
IQ:0,0,11,39,163
IQ:1,8,11,162,-46
IQ:2,16,11,-61,-149
IQ:3,24,11,-136,92
IQ:4,32,11,104,126
IQ:5,40,11,125,-124
IQ:6,48,11,-119,-117
IQ:7,56,11,-114,121
IQ:8,72,12,68,43
IQ:9,80,255,113,-32
IQ:10,88,1,130,-118
IQ:11,96,255,-117,-187
IQ:12,104,2,-322,-44
IQ:13,112,255,-129,271
IQ:14,120,10,4,235
IQ:15,128,255,36,58
IQ:16,136,3,-338,180
IQ:17,144,255,-24,312
IQ:18,152,9,-5,140
IQ:19,160,255,-42,-4
IQ:20,168,4,-364,88
IQ:21,176,255,-88,258
IQ:22,184,8,-135,77
IQ:23,192,255,9,138
IQ:24,200,7,182,107
IQ:25,208,255,155,-117
IQ:26,216,6,20,-47
IQ:27,224,255,-163,-17
IQ:28,232,5,-281,201
IQ:29,240,255,33,283
IQ:30,248,12,-5,91
IQ:31,256,255,73,65
IQ:32,264,1,178,42
IQ:33,272,255,89,-196
IQ:34,280,2,-107,-300
IQ:35,288,255,-296,7
SW:2
RR:3
SS:3
FR:2426
ME:38
MA:75
KE:28
KA:54
DF_END

Data arrived...
DF_BEGIN
IQ:0,0,11,-134,-105
IQ:1,8,11,-96,154
IQ:2,16,11,156,86
IQ:3,24,11,65,-174
IQ:4,32,11,-181,-54
IQ:5,40,11,-39,178
IQ:6,48,11,182,14
IQ:7,56,11,7,-190
IQ:8,72,12,108,-5
IQ:9,80,255,-49,-147
IQ:10,88,1,-283,85
IQ:11,96,255,56,320
IQ:12,104,2,371,44
IQ:13,112,255,130,-348
IQ:14,120,10,-111,-127
IQ:15,128,255,19,92
IQ:16,136,3,314,-183
IQ:17,144,255,-55,-322
IQ:18,152,9,-88,-37
IQ:19,160,255,134,96
IQ:20,168,4,385,-228
IQ:21,176,255,-97,-339
IQ:22,184,8,43,19
IQ:23,192,255,109,-69
IQ:24,200,7,-71,-244
IQ:25,208,255,-294,-22
IQ:26,216,6,-113,177
IQ:27,224,255,288,81
IQ:28,232,5,297,-372
IQ:29,240,255,-207,-268
IQ:30,248,12,65,76
IQ:31,256,255,105,-120
IQ:32,264,1,-197,-215
IQ:33,272,255,-245,207
IQ:34,280,2,138,350
IQ:35,288,255,362,-73
SW:2
RR:3
SS:3
FR:2402
ME:359
MA:5
KE:25
KA:48
DF_END

Data arrived...
DF_BEGIN
IQ:0,0,11,140,-55
IQ:1,8,11,-73,-138
IQ:2,16,11,-134,77
IQ:3,24,11,103,121
IQ:4,32,11,108,-115
IQ:5,40,11,-123,-98
IQ:6,48,11,-76,132
IQ:7,56,11,141,82
IQ:8,72,12,-17,-127
IQ:9,80,255,-98,-3
IQ:10,88,1,-18,40
IQ:11,96,255,22,19
IQ:12,104,2,-14,25
IQ:13,112,255,59,51
IQ:14,120,10,214,16
IQ:15,128,255,73,-149
IQ:16,136,3,7,12
IQ:17,144,255,58,47
IQ:18,152,9,153,-4
IQ:19,160,255,20,-99
IQ:20,168,4,-2,60
IQ:21,176,255,94,49
IQ:22,184,8,187,-14
IQ:23,192,255,7,-164
IQ:24,200,7,-119,-91
IQ:25,208,255,-74,57
IQ:26,216,6,26,-30
IQ:27,224,255,-23,2
IQ:28,232,5,30,103
IQ:29,240,255,120,-14
IQ:30,248,12,95,-85
IQ:31,256,255,-51,-90
IQ:32,264,1,-48,3
IQ:33,272,255,-9,30
IQ:34,280,2,-26,5
IQ:35,288,255,-3,74
SW:2
RR:3
SS:3
FR:2480
ME:44
MA:72
KE:27
KA:50
DF_END

Data arrived...
DF_BEGIN
IQ:0,0,11,200,-95
IQ:1,8,11,-117,-182
IQ:2,16,11,-190,125
IQ:3,24,11,142,168
IQ:4,32,11,147,-152
IQ:5,40,11,-176,-128
IQ:6,48,11,-101,192
IQ:7,56,11,199,88
IQ:8,72,12,25,-89
IQ:9,80,255,-74,-102
IQ:10,88,1,-178,-111
IQ:11,96,255,-181,196
IQ:12,104,2,19,360
IQ:13,112,255,340,101
IQ:14,120,10,294,-61
IQ:15,128,255,57,-75
IQ:16,136,3,256,343
IQ:17,144,255,370,-20
IQ:18,152,9,179,-22
IQ:19,160,255,6,28
IQ:20,168,4,114,421
IQ:21,176,255,328,69
IQ:22,184,8,150,140
IQ:23,192,255,150,-81
IQ:24,200,7,55,-254
IQ:25,208,255,-178,-135
IQ:26,216,6,-54,-38
IQ:27,224,255,-6,184
IQ:28,232,5,304,285
IQ:29,240,255,315,-127
IQ:30,248,12,106,-25
IQ:31,256,255,54,-102
IQ:32,264,1,3,-208
IQ:33,272,255,-254,-55
IQ:34,280,2,-322,195
IQ:35,288,255,59,348
SW:2
RR:3
SS:3
FR:2426
ME:41
MA:75
KE:28
KA:53
DF_END

Data arrived...
DF_BEGIN
IQ:0,0,11,114,92
IQ:1,8,11,76,-122
IQ:2,16,11,-126,-68
IQ:3,24,11,-56,135
IQ:4,32,11,142,42
IQ:5,40,11,30,-137
IQ:6,48,11,-147,-26
IQ:7,56,11,-15,145
IQ:8,72,12,58,-14
IQ:9,80,255,35,-59
IQ:10,88,1,13,-132
IQ:11,96,255,-153,-52
IQ:12,104,2,-207,109
IQ:13,112,255,17,225
IQ:14,120,10,128,147
IQ:15,128,255,65,4
IQ:16,136,3,-134,233
IQ:17,144,255,98,210
IQ:18,152,9,66,103
IQ:19,160,255,-13,1
IQ:20,168,4,-204,192
IQ:21,176,255,47,215
IQ:22,184,8,-39,130
IQ:23,192,255,89,63
IQ:24,200,7,161,-49
IQ:25,208,255,27,-135
IQ:26,216,6,10,-38
IQ:27,224,255,-118,37
IQ:28,232,5,-101,253
IQ:29,240,255,165,156
IQ:30,248,12,46,49
IQ:31,256,255,74,6
IQ:32,264,1,120,-52
IQ:33,272,255,-35,-152
IQ:34,280,2,-206,-108
IQ:35,288,255,-178,150
SW:2
RR:3
SS:3
FR:2426
ME:38
MA:75
KE:29
KA:55
DF_END

Data arrived...
DF_BEGIN
IQ:0,0,11,49,-153
IQ:1,8,11,-163,-27
IQ:2,16,11,-6,170
IQ:3,24,11,162,-12
IQ:4,32,11,-20,-155
IQ:5,40,11,-158,39
IQ:6,48,11,49,151
IQ:7,56,11,138,-62
IQ:8,72,12,34,93
IQ:9,80,255,123,-70
IQ:10,88,1,-111,-213
IQ:11,96,255,-248,107
IQ:12,104,2,44,305
IQ:13,112,255,286,2
IQ:14,120,10,41,-135
IQ:15,128,255,-92,48
IQ:16,136,3,208,213
IQ:17,144,255,225,-133
IQ:18,152,9,-19,-84
IQ:19,160,255,-50,137
IQ:20,168,4,293,232
IQ:21,176,255,237,-179
IQ:22,184,8,-22,27
IQ:23,192,255,63,83
IQ:24,200,7,174,-98
IQ:25,208,255,-69,-233
IQ:26,216,6,-185,-58
IQ:27,224,255,-5,252
IQ:28,232,5,371,123
IQ:29,240,255,148,-247
IQ:30,248,12,-54,90
IQ:31,256,255,124,71
IQ:32,264,1,113,-210
IQ:33,272,255,-230,-132
IQ:34,280,2,-217,223
IQ:35,288,255,151,269
SW:2
RR:3
SS:3
FR:2402
ME:359
MA:353
KE:26
KA:49
DF_END

Data arrived...