IQ:23,192,255,111,133
IQ:24,200,7,169,-25
IQ:25,208,255,1,-118
IQ:26,216,6,-12,51
IQ:27,224,255,20,-12
IQ:28,232,5,-97,-42
IQ:29,240,255,-96,97
IQ:30,248,12,-26,147
IQ:31,256,255,112,44
IQ:32,264,1,26,-52
IQ:33,272,255,-34,-16
IQ:34,280,2,21,-16
IQ:35,288,255,-31,-63
SW:2
RR:3
SS:3
FR:2480
ME:44
MA:75
KE:19
KA:28
DF_END

Data arrived...
DF_BEGIN
IQ:0,0,11,199,81
IQ:1,8,11,67,-200
IQ:2,16,11,-213,-42
IQ:3,24,11,-24,203
IQ:4,32,11,214,-16
IQ:5,40,11,-13,-220
IQ:6,48,11,-208,22
IQ:7,56,11,41,206
IQ:8,72,12,108,-17
IQ:9,80,255,55,-118
IQ:10,88,1,-43,-195
IQ:11,96,255,-255,-33
IQ:12,104,2,-301,193
IQ:13,112,255,81,340
IQ:14,120,10,218,215
IQ:15,128,255,90,-1
IQ:16,136,3,-136,414
IQ:17,144,255,235,297
IQ:18,152,9,134,137
IQ:19,160,255,-32,14
IQ:20,168,4,-275,381
IQ:21,176,255,146,321
IQ:22,184,8,-24,192
IQ:23,192,255,144,61
IQ:24,200,7,253,-101
IQ:25,208,255,43,-232
IQ:26,216,6,-5,-85
IQ:27,224,255,-180,114
IQ:28,232,5,-105,434
IQ:29,240,255,283,206
IQ:30,248,12,65,87
IQ:31,256,255,124,-18
IQ:32,264,1,146,-153
IQ:33,272,255,-124,-239
IQ:34,280,2,-342,-168
IQ:35,288,255,-233,243
SW:2
RR:3
SS:3
FR:2426
ME:38
MA:75
KE:21
KA:35
DF_END

Data arrived...
DF_BEGIN
IQ:0,0,11,96,119
IQ:1,8,11,114,-111
IQ:2,16,11,-113,-104
IQ:3,24,11,-94,125
IQ:4,32,11,124,87
IQ:5,40,11,81,-125
IQ:6,48,11,-133,-77
IQ:7,56,11,-59,135
IQ:8,72,12,-128,-27
IQ:9,80,255,-28,192
IQ:10,88,1,288,74
IQ:11,96,255,115,-326
IQ:12,104,2,-320,-236
IQ:13,112,255,-239,261
IQ:14,120,10,60,116
IQ:15,128,255,2,-114
IQ:16,136,3,-405,-18
IQ:17,144,255,-114,308
IQ:18,152,9,79,24
IQ:19,160,255,-114,-184
IQ:20,168,4,-502,-10
IQ:21,176,255,-114,355
IQ:22,184,8,-14,-70
IQ:23,192,255,-149,-10
IQ:24,200,7,-83,272
IQ:25,208,255,267,156
IQ:26,216,6,194,-116
IQ:27,224,255,-211,-239
IQ:28,232,5,-415,173
IQ:29,240,255,45,330
IQ:30,248,12,-47,-114
IQ:31,256,255,-207,42
IQ:32,264,1,41,289
IQ:33,272,255,336,-55
IQ:34,280,2,59,-401
IQ:35,288,255,-350,-111
SW:2
RR:3
SS:3
FR:2402
ME:359
MA:5
KE:19
KA:30
DF_END

Data arrived...
DF_BEGIN
IQ:0,0,11,-93,123
IQ:1,8,11,123,87
IQ:2,16,11,64,-151
IQ:3,24,11,-157,-47
IQ:4,32,11,-45,148
IQ:5,40,11,162,33
IQ:6,48,11,29,-161
IQ:7,56,11,-153,-5
IQ:8,72,12,-12,-130
IQ:9,80,255,-177,42
IQ:10,88,1,8,290
IQ:11,96,255,357,16
IQ:12,104,2,130,-385
IQ:13,112,255,-334,-160
IQ:14,120,10,-96,100
IQ:15,128,255,118,-43
IQ:16,136,3,-91,-389
IQ:17,144,255,-338,-22
IQ:18,152,9,-10,91
IQ:19,160,255,128,-159
IQ:20,168,4,-206,-460
IQ:21,176,255,-380,24
IQ:22,184,8,53,-34
IQ:23,192,255,-30,-148
IQ:24,200,7,-282,14
IQ:25,208,255,-64,313
IQ:26,216,6,179,145
IQ:27,224,255,142,-299
IQ:28,232,5,-326,-351
IQ:29,240,255,-311,147
IQ:30,248,12,100,-80
IQ:31,256,255,-114,-153
IQ:32,264,1,-262,159
IQ:33,272,255,168,299
IQ:34,280,2,405,-78
IQ:35,288,255,2,-375
SW:2
RR:3
SS:3
FR:2402
ME:359
MA:353
KE:17
KA:25
DF_END

Data arrived...
DF_BEGIN
IQ:0,0,11,115,-115
IQ:1,8,11,-123,-91
IQ:2,16,11,-58,133
IQ:3,24,11,153,52
IQ:4,32,11,53,-142
IQ:5,40,11,-143,-35
IQ:6,48,11,-11,150
IQ:7,56,11,146,3
IQ:8,72,12,-106,-97
IQ:9,80,255,-99,67
IQ:10,88,1,22,44
IQ:11,96,255,46,-11
IQ:12,104,2,9,18
IQ:13,112,255,82,13
IQ:14,120,10,217,-97
IQ:15,128,255,-11,-183
IQ:16,136,3,8,1
IQ:17,144,255,72,7
IQ:18,152,9,120,-122
IQ:19,160,255,-47,-100
IQ:20,168,4,38,43
IQ:21,176,255,109,-23
IQ:22,184,8,142,-140
IQ:23,192,255,-103,-142
IQ:24,200,7,-168,36
IQ:25,208,255,2,110
IQ:26,216,6,14,-45
IQ:27,224,255,-18,10
IQ:28,232,5,98,59
IQ:29,240,255,117,-81
IQ:30,248,12,38,-149
IQ:31,256,255,-96,-47
IQ:32,264,1,-27,50
IQ:33,272,255,36,22
IQ:34,280,2,-24,11
IQ:35,288,255,39,62
SW:2
RR:3
SS:3
FR:2480
ME:41
MA:75
KE:19
KA:32
DF_END

Data arrived...
DF_BEGIN
IQ:0,0,11,-163,-36
IQ:1,8,11,-33,171
IQ:2,16,11,162,5
IQ:3,24,11,0,-170
IQ:4,32,11,-167,24
IQ:5,40,11,31,163
IQ:6,48,11,159,-50
IQ:7,56,11,-74,-163
IQ:8,72,12,-87,19
IQ:9,80,255,-34,108
IQ:10,88,1,54,172
IQ:11,96,255,205,-8
IQ:12,104,2,198,-209
IQ:13,112,255,-111,-259
IQ:14,120,10,-193,-145
IQ:15,128,255,-66,2
IQ:16,136,3,72,-342
IQ:17,144,255,-211,-214
IQ:18,152,9,-117,-80
IQ:19,160,255,24,-17
IQ:20,168,4,155,-341
IQ:21,176,255,-162,-237
IQ:22,184,8,3,-163
IQ:23,192,255,-127,-49
IQ:24,200,7,-190,125
IQ:25,208,255,11,195
IQ:26,216,6,20,58
IQ:27,224,255,114,-127
IQ:28,232,5,9,-365
IQ:29,240,255,-269,-126
IQ:30,248,12,-72,-63
IQ:31,256,255,-102,25
IQ:32,264,1,-112,149
IQ:33,272,255,124,174
IQ:34,280,2,285,50
IQ:35,288,255,134,-254
SW:2
RR:3
SS:3
FR:2426
ME:38
MA:75
KE:21
KA:38
DF_END

Data arrived...
DF_BEGIN
IQ:0,0,11,175,-40
IQ:1,8,11,-48,-173
IQ:2,16,11,-159,65
IQ:3,24,11,81,158
IQ:4,32,11,159,-86
IQ:5,40,11,-112,-140
IQ:6,48,11,-132,117
IQ:7,56,11,127,117
IQ:8,72,12,-72,142
IQ:9,80,255,210,111
IQ:10,88,1,238,-281
IQ:11,96,255,-317,-273
IQ:12,104,2,-409,272
IQ:13,112,255,169,392
IQ:14,120,10,158,-24
IQ:15,128,255,-144,-48
IQ:16,136,3,-212,438
IQ:17,144,255,280,277
IQ:18,152,9,47,-68
IQ:19,160,255,-249,30
IQ:20,168,4,-230,536
IQ:21,176,255,338,284
IQ:22,184,8,-94,1
IQ:23,192,255,-89,173
IQ:24,200,7,274,223
IQ:25,208,255,291,-240
IQ:26,216,6,-57,-273
IQ:27,224,255,-344,145
IQ:28,232,5,9,567
IQ:29,240,255,386,92
IQ:30,248,12,-153,9
IQ:31,256,255,-1,241
IQ:32,264,1,366,66
IQ:33,272,255,74,-400
IQ:34,280,2,-436,-217
IQ:35,288,255,-285,336
SW:2
RR:3
SS:3
FR:2402
ME:359
MA:353
KE:19
KA:33
DF_END

Data arrived...
DF_BEGIN
IQ:0,0,11,-110,155
IQ:1,8,11,172,80
IQ:2,16,11,70,-185
IQ:3,24,11,-209,-66
IQ:4,32,11,-39,187
IQ:5,40,11,193,2
IQ:6,48,11,-13,-211
IQ:7,56,11,-208,15
IQ:8,72,12,-86,-124
IQ:9,80,255,-221,110
IQ:10,88,1,81,386
IQ:11,96,255,448,-66
IQ:12,104,2,66,-540
IQ:13,112,255,-493,-115
IQ:14,120,10,-128,140
IQ:15,128,255,117,-68
IQ:16,136,3,-274,-464
IQ:17,144,255,-445,82
IQ:18,152,9,-4,92
IQ:19,160,255,106,-240
IQ:20,168,4,-389,-562
IQ:21,176,255,-496,129
IQ:22,184,8,10,-109
IQ:23,192,255,-131,-155
IQ:24,200,7,-357,123
IQ:25,208,255,1,407
IQ:26,216,6,260,133
IQ:27,224,255,84,-429
IQ:28,232,5,-547,-386
IQ:29,240,255,-380,283
IQ:30,248,12,49,-135
IQ:31,256,255,-206,-134
IQ:32,264,1,-254,291
IQ:33,272,255,338,302
IQ:34,280,2,507,-256
IQ:35,288,255,-99,-520
SW:2
RR:3
SS:3
FR:2402
ME:2
MA:5
KE:18
KA:30
DF_END

Data arrived...
DF_BEGIN
IQ:0,0,11,173,-103
IQ:1,8,11,-125,-153
IQ:2,16,11,-141,141
IQ:3,24,11,156,120
IQ:4,32,11,113,-163
IQ:5,40,11,-178,-87
IQ:6,48,11,-56,189
IQ:7,56,11,191,46
IQ:8,72,12,-89,-166
IQ:9,80,255,-145,32
IQ:10,88,1,0,66
IQ:11,96,255,50,8
IQ:12,104,2,4,25
IQ:13,112,255,86,46
IQ:14,120,10,295,-57
IQ:15,128,255,44,-224
IQ:16,136,3,11,4
IQ:17,144,255,89,27
IQ:18,152,9,187,-93
IQ:19,160,255,-14,-136
IQ:20,168,4,27,64
IQ:21,176,255,140,13
IQ:22,184,8,240,-114
IQ:23,192,255,-65,-215
IQ:24,200,7,-230,-56
IQ:25,208,255,-66,128
IQ:26,216,6,31,-53
IQ:27,224,255,-27,2
IQ:28,232,5,97,101
IQ:29,240,255,161,-82
IQ:30,248,12,92,-163
IQ:31,256,255,-113,-107
IQ:32,264,1,-54,37
IQ:33,272,255,18,41
IQ:34,280,2,-24,11
IQ:35,288,255,26,90
SW:2
RR:3
SS:3
FR:2480
ME:41
MA:75
KE:20
KA:36
DF_END

Data arrived...
DF_BEGIN
IQ:0,0,11,-108,-122
IQ:1,8,11,-110,113
IQ:2,16,11,132,84
IQ:3,24,11,89,-138
IQ:4,32,11,-145,-72
IQ:5,40,11,-64,143
IQ:6,48,11,159,43
IQ:7,56,11,24,-150
IQ:8,72,12,-109,84
IQ:9,80,255,40,109
IQ:10,88,1,40,-9
IQ:11,96,255,-11,-30
IQ:12,104,2,22,-6
IQ:13,112,255,21,-83
IQ:14,120,10,-103,-214
IQ:15,128,255,-183,-5
IQ:16,136,3,-5,-12
IQ:17,144,255,18,-70
IQ:18,152,9,-98,-134
IQ:19,160,255,-104,29
IQ:20,168,4,49,-35
IQ:21,176,255,2,-110
IQ:22,184,8,-112,-158
IQ:23,192,255,-148,89
IQ:24,200,7,-10,177
IQ:25,208,255,105,23
IQ:26,216,6,-49,-13
IQ:27,224,255,9,25
IQ:28,232,5,84,-86
IQ:29,240,255,-63,-131
IQ:30,248,12,-132,-68
IQ:31,256,255,-68,90
IQ:32,264,1,36,30
IQ:33,272,255,26,-23
IQ:34,280,2,7,19
IQ:35,288,255,74,-27
SW:2
RR:3
SS:3
FR:2480
ME:41
MA:75
KE:22
KA:41
DF_END

Data arrived...
DF_BEGIN
IQ:0,0,11,-136,108
IQ:1,8,11,111,123
IQ:2,16,11,101,-128
IQ:3,24,11,-148,-87
IQ:4,32,11,-73,150
IQ:5,40,11,151,82
IQ:6,48,11,48,-155
IQ:7,56,11,-166,-24
IQ:8,72,12,-15,88
IQ:9,80,255,72,75
IQ:10,88,1,155,45
IQ:11,96,255,124,-172
IQ:12,104,2,-47,-304
IQ:13,112,255,-292,-56
IQ:14,120,10,-220,81
IQ:15,128,255,-29,55
IQ:16,136,3,-244,-266
IQ:17,144,255,-304,63
IQ:18,152,9,-161,54
IQ:19,160,255,-10,-29
IQ:20,168,4,-182,-346
IQ:21,176,255,-305,-19
IQ:22,184,8,-142,-93
IQ:23,192,255,-105,85
IQ:24,200,7,-15,206
IQ:25,208,255,154,93
IQ:26,216,6,59,19
IQ:27,224,255,-15,-178
IQ:28,232,5,-296,-199
IQ:29,240,255,-246,168
IQ:30,248,12,-91,33
IQ:31,256,255,-35,86
IQ:32,264,1,18,163
IQ:33,272,255,208,8
IQ:34,280,2,234,-201
IQ:35,288,255,-111,-277
SW:2
RR:3
SS:3
FR:2426
ME:41
MA:75
KE:24
KA:46
DF_END

Data arrived...
DF_BEGIN
IQ:0,0,11,140,-101
IQ:1,8,11,-115,-120
IQ:2,16,11,-106,130
IQ:3,24,11,132,110
IQ:4,32,11,97,-144
IQ:5,40,11,-154,-72
IQ:6,48,11,-67,147
IQ:7,56,11,170,50
IQ:8,72,12,-23,156
IQ:9,80,255,210,30
IQ:10,88,1,64,-316
IQ:11,96,255,-341,-107
IQ:12,104,2,-241,312
IQ:13,112,255,246,245
IQ:14,120,10,127,-84
IQ:15,128,255,-137,-20
IQ:16,136,3,-13,397
IQ:17,144,255,315,104
IQ:18,152,9,16,-94
IQ:19,160,255,-191,106
IQ:20,168,4,14,505
IQ:21,176,255,360,87
IQ:22,184,8,-86,-3
IQ:23,192,255,-47,167
IQ:24,200,7,289,86
IQ:25,208,255,161,-277
IQ:26,216,6,-135,-189
IQ:27,224,255,-225,237
IQ:28,232,5,191,447
IQ:29,240,255,338,-55
IQ:30,248,12,-151,52
IQ:31,256,255,77,205
IQ:32,264,1,317,-105
IQ:33,272,255,-71,-348
IQ:34,280,2,-387,-32
IQ:35,288,255,-93,357
SW:2
RR:3
SS:3
FR:2402
ME:359
MA:353
KE:22
KA:40
DF_END

Data arrived...
DF_BEGIN
IQ:0,0,11,187,44
IQ:1,8,11,22,-185
IQ:2,16,11,-187,-1
IQ:3,24,11,4,192
IQ:4,32,11,185,-42
IQ:5,40,11,-59,-179
IQ:6,48,11,-163,86
IQ:7,56,11,106,153
IQ:8,72,12,60,-161
IQ:9,80,255,-119,-76
IQ:10,88,1,-52,33
IQ:11,96,255,22,44
IQ:12,104,2,-21,24
IQ:13,112,255,45,89
IQ:14,120,10,252,148
IQ:15,128,255,179,-124
IQ:16,136,3,13,14
IQ:17,144,255,37,77
IQ:18,152,9,177,81
IQ:19,160,255,93,-91
IQ:20,168,4,-23,78
IQ:21,176,255,77,105
IQ:22,184,8,210,108
IQ:23,192,255,109,-180
IQ:24,200,7,-94,-201
IQ:25,208,255,-151,33
IQ:26,216,6,51,-9
IQ:27,224,255,-13,-5
IQ:28,232,5,8,138
IQ:29,240,255,156,75
IQ:30,248,12,174,-30
IQ:31,256,255,6,-143
IQ:32,264,1,-68,-19
IQ:33,272,255,-31,39
IQ:34,280,2,-36,-5
IQ:35,288,255,-41,83
SW:2
RR:3
SS:3
FR:2480
ME:41
MA:75
KE:24
KA:45
DF_END

Data arrived...
DF_BEGIN
IQ:0,0,11,-192,-22
IQ:1,8,11,-10,190
IQ:2,16,11,185,-19
IQ:3,24,11,-41,-186
IQ:4,32,11,-182,55
IQ:5,40,11,88,173
IQ:6,48,11,162,-99
IQ:7,56,11,-110,-156
IQ:8,72,12,-40,172
IQ:9,80,255,125,66
IQ:10,88,1,44,-39
IQ:11,96,255,-25,-35
IQ:12,104,2,22,-35
IQ:13,112,255,-56,-93
IQ:14,120,10,-272,-139
IQ:15,128,255,-175,137
IQ:16,136,3,-14,-14
IQ:17,144,255,-57,-80
IQ:18,152,9,-194,-54
IQ:19,160,255,-84,103
IQ:20,168,4,5,-83
IQ:21,176,255,-92,-98
IQ:22,184,8,-242,-60
IQ:23,192,255,-97,199
IQ:24,200,7,115,185
IQ:25,208,255,136,-59
IQ:26,216,6,-48,25
IQ:27,224,255,20,-2
IQ:28,232,5,-16,-140
IQ:29,240,255,-170,-42
IQ:30,248,12,-180,38
IQ:31,256,255,8,142
IQ:32,264,1,59,11
IQ:33,272,255,12,-45
IQ:34,280,2,40,-10
IQ:35,288,255,31,-88
SW:2
RR:3
SS:3
FR:2480
ME:41
MA:72
KE:26
KA:48
DF_END

Data arrived...
DF_BEGIN
IQ:0,0,11,-130,-69
IQ:1,8,11,-42,133
IQ:2,16,11,159,35
IQ:3,24,11,36,-147
IQ:4,32,11,-148,-18
IQ:5,40,11,1,154
IQ:6,48,11,141,-17
IQ:7,56,11,-33,-149
IQ:8,72,12,-73,-29
IQ:9,80,255,-90,59
IQ:10,88,1,-45,173
IQ:11,96,255,211,99
IQ:12,104,2,316,-106
IQ:13,112,255,-6,-307
IQ:14,120,10,-108,-164
IQ:15,128,255,-24,-17
IQ:16,136,3,244,-311
IQ:17,144,255,-128,-282
IQ:18,152,9,-60,-111
IQ:19,160,255,62,-17
IQ:20,168,4,322,-265
IQ:21,176,255,-77,-296
IQ:22,184,8,80,-124
IQ:23,192,255,-70,-109
IQ:24,200,7,-222,19
IQ:25,208,255,-67,195
IQ:26,216,6,17,91
IQ:27,224,255,182,-87
IQ:28,232,5,108,-367
IQ:29,240,255,-235,-191
IQ:30,248,12,-17,-87
IQ:31,256,255,-87,-55
IQ:32,264,1,-166,58
IQ:33,272,255,38,229
IQ:34,280,2,265,209
IQ:35,288,255,238,-192
SW:2
RR:3
SS:3
FR:2426
ME:38
MA:75
KE:27
KA:52
DF_END

Data arrived...
DF_BEGIN
IQ:0,0,11,31,-165
IQ:1,8,11,-160,-14
IQ:2,16,11,13,154
IQ:3,24,11,163,-12
IQ:4,32,11,-35,-160
IQ:5,40,11,-164,40
IQ:6,48,11,53,154
IQ:7,56,11,155,-72
IQ:8,72,12,74,110
IQ:9,80,255,122,-126
IQ:10,88,1,-186,-234
IQ:11,96,255,-292,186
IQ:12,104,2,87,370
IQ:13,112,255,347,-34
IQ:14,120,10,42,-134
IQ:15,128,255,-76,77
IQ:16,136,3,294,218
IQ:17,144,255,255,-194
IQ:18,152,9,-34,-82
IQ:19,160,255,-37,191
IQ:20,168,4,365,277
IQ:21,176,255,281,-221
IQ:22,184,8,-25,64
IQ:23,192,255,115,91
IQ:24,200,7,226,-174
IQ:25,208,255,-131,-278
IQ:26,216,6,-226,-25
IQ:27,224,255,22,316
IQ:28,232,5,430,160
IQ:29,240,255,179,-272
IQ:30,248,12,-34,129
IQ:31,256,255,177,61
IQ:32,264,1,123,-268
IQ:33,272,255,-296,-135
IQ:34,280,2,-253,288
IQ:35,288,255,188,315
SW:2
RR:3
SS:3
FR:2402
ME:359
MA:353
KE:25
KA:46
DF_END

Data arrived...
DF_BEGIN
IQ:0,0,11,129,95
IQ:1,8,11,76,-142
IQ:2,16,11,-145,-65
IQ:3,24,11,-46,150
IQ:4,32,11,156,18
IQ:5,40,11,3,-152
IQ:6,48,11,-158,24
IQ:7,56,11,23,158
IQ:8,72,12,77,-97
IQ:9,80,255,-67,-84
IQ:10,88,1,-42,15
IQ:11,96,255,1,34
IQ:12,104,2,-27,11
IQ:13,112,255,4,85
IQ:14,120,10,155,172
IQ:15,128,255,165,-38
IQ:16,136,3,-1,7
IQ:17,144,255,2,75
IQ:18,152,9,112,104
IQ:19,160,255,82,-55
IQ:20,168,4,-53,45
IQ:21,176,255,20,108
IQ:22,184,8,134,123
IQ:23,192,255,121,-113
IQ:24,200,7,-9,-167
IQ:25,208,255,-106,-15
IQ:26,216,6,40,3
IQ:27,224,255,-20,-11
IQ:28,232,5,-49,113
IQ:29,240,255,104,101
IQ:30,248,12,128,11
IQ:31,256,255,39,-98
IQ:32,264,1,-38,-28
IQ:33,272,255,-22,22
IQ:34,280,2,-27,-11
IQ:35,288,255,-56,57
SW:2
RR:3
SS:3
FR:2480
ME:44
MA:72
KE:27
KA:50
DF_END

Data arrived...
DF_BEGIN
IQ:0,0,11,99,-119
IQ:1,8,11,-135,-71
IQ:2,16,11,-61,146
IQ:3,24,11,146,45
IQ:4,32,11,41,-145
IQ:5,40,11,-151,-29
IQ:6,48,11,-7,154
IQ:7,56,11,149,4
IQ:8,72,12,40,-63
IQ:9,80,255,-58,-98
IQ:10,88,1,-176,-53
IQ:11,96,255,-134,198
IQ:12,104,2,65,302
IQ:13,112,255,288,-3
IQ:14,120,10,176,-89
IQ:15,128,255,17,-20
IQ:16,136,3,296,255
IQ:17,144,255,293,-99
IQ:18,152,9,110,-38
IQ:19,160,255,25,68
IQ:20,168,4,248,328
IQ:21,176,255,296,-33
IQ:22,184,8,106,101
IQ:23,192,255,126,-52
IQ:24,200,7,14,-220
IQ:25,208,255,-184,-94
IQ:26,216,6,-84,13
IQ:27,224,255,64,184
IQ:28,232,5,344,172
IQ:29,240,255,238,-160
IQ:30,248,12,88,7
IQ:31,256,255,66,-84
IQ:32,264,1,-44,-188
IQ:33,272,255,-231,2
IQ:34,280,2,-229,225
IQ:35,288,255,129,267
SW:2
RR:3
SS:3
FR:2426
ME:35
MA:75
KE:28
KA:53
DF_END

Data arrived...
DF_BEGIN
IQ:0,0,11,76,-148
IQ:1,8,11,-162,-58
IQ:2,16,11,-48,155
IQ:3,24,11,153,25
IQ:4,32,11,15,-164
IQ:5,40,11,-164,-5
IQ:6,48,11,6,165
IQ:7,56,11,160,-27
IQ:8,72,12,46,140
IQ:9,80,255,195,-72
IQ:10,88,1,-79,-281
IQ:11,96,255,-334,76
IQ:12,104,2,-44,401
IQ:13,112,255,340,99
IQ:14,120,10,85,-123
IQ:15,128,255,-122,36
IQ:16,136,3,146,362
IQ:17,144,255,328,-21
IQ:18,152,9,-25,-96
IQ:19,160,255,-122,182
IQ:20,168,4,255,429
IQ:21,176,255,374,-58
IQ:22,184,8,-74,45
IQ:23,192,255,58,140
IQ:24,200,7,276,-80
IQ:25,208,255,-10,-332
IQ:26,216,6,-207,-119
IQ:27,224,255,-92,313
IQ:28,232,5,359,319
IQ:29,240,255,272,-204
IQ:30,248,12,-97,121
IQ:31,256,255,157,147
IQ:32,264,1,218,-206
IQ:33,272,255,-233,-263
IQ:34,280,2,-378,132
IQ:35,288,255,63,357
SW:2
RR:3
SS:3
FR:2402
ME:359
MA:353
KE:25
KA:47
DF_END

Data arrived...
DF_BEGIN
IQ:0,0,11,148,-133
IQ:1,8,11,-143,-145
IQ:2,16,11,-123,162
IQ:3,24,11,164,105
IQ:4,32,11,70,-180
IQ:5,40,11,-192,-64
IQ:6,48,11,-49,190
IQ:7,56,11,199,26
IQ:8,72,12,-83,-147
IQ:9,80,255,-131,45
IQ:10,88,1,-2,58
IQ:11,96,255,35,9
IQ:12,104,2,2,43
IQ:13,112,255,114,32
IQ:14,120,10,287,-81
IQ:15,128,255,24,-217
IQ:16,136,3,10,18
IQ:17,144,255,95,27
IQ:18,152,9,176,-90
IQ:19,160,255,-17,-126
IQ:20,168,4,46,85
IQ:21,176,255,146,3
IQ:22,184,8,212,-107
IQ:23,192,255,-81,-197
IQ:24,200,7,-220,-55
IQ:25,208,255,-83,124
IQ:26,216,6,16,-53
IQ:27,224,255,-28,18
IQ:28,232,5,116,101
IQ:29,240,255,162,-92
IQ:30,248,12,85,-155
IQ:31,256,255,-96,-97
IQ:32,264,1,-49,36
IQ:33,272,255,13,30
IQ:34,280,2,-39,31
IQ:35,288,255,31,100
SW:2
RR:3
SS:3
FR:2480
ME:44
MA:75
KE:27
KA:50
DF_END

Data arrived...
DF_BEGIN
IQ:0,0,11,-172,78
IQ:1,8,11,89,168
IQ:2,16,11,149,-98
IQ:3,24,11,-121,-153
IQ:4,32,11,-134,119
IQ:5,40,11,136,132
IQ:6,48,11,112,-146
IQ:7,56,11,-166,-85
IQ:8,72,12,-80,60
IQ:9,80,255,14,150
IQ:10,88,1,147,177
IQ:11,96,255,241,-125
IQ:12,104,2,88,-382
IQ:13,112,255,-310,-183
IQ:14,120,10,-253,-34
IQ:15,128,255,-64,14
IQ:16,136,3,-148,-453
IQ:17,144,255,-372,-108
IQ:18,152,9,-151,-32
IQ:19,160,255,14,-72
IQ:20,168,4,-74,-482
IQ:21,176,255,-330,-119
IQ:22,184,8,-70,-159
IQ:23,192,255,-157,-8
IQ:24,200,7,-159,220
IQ:25,208,255,105,225
IQ:26,216,6,72,55
IQ:27,224,255,50,-212
IQ:28,232,5,-254,-364
IQ:29,240,255,-327,91
IQ:30,248,12,-105,-19
IQ:31,256,255,-110,59
IQ:32,264,1,-66,219
IQ:33,272,255,238,147
IQ:34,280,2,379,-105
IQ:35,288,255,14,-360
SW:2
RR:3
SS:3
FR:2426
ME:38
MA:75
KE:28
KA:53
DF_END

Data arrived...
DF_BEGIN
IQ:0,0,11,-115,-102
IQ:1,8,11,-98,116
IQ:2,16,11,120,68
IQ:3,24,11,63,-139
IQ:4,32,11,-146,-62
IQ:5,40,11,-52,158
IQ:6,48,11,145,51
IQ:7,56,11,18,-149
IQ:8,72,12,-56,-46
IQ:9,80,255,-105,42
IQ:10,88,1,-103,165
IQ:11,96,255,183,153
IQ:12,104,2,319,-58
IQ:13,112,255,50,-297
IQ:14,120,10,-64,-206
IQ:15,128,255,-39,-27
IQ:16,136,3,282,-272
IQ:17,144,255,-62,-317
IQ:18,152,9,-25,-127
IQ:19,160,255,58,-9
IQ:20,168,4,358,-193
IQ:21,176,255,15,-292
IQ:22,184,8,98,-102
IQ:23,192,255,-42,-128
IQ:24,200,7,-211,-47
IQ:25,208,255,-131,168
IQ:26,216