IQ:18,152,9,153,11
IQ:19,160,255,33,-86
IQ:20,168,4,8,63
IQ:21,176,255,92,49
IQ:22,184,8,179,11
IQ:23,192,255,30,-158
IQ:24,200,7,-106,-116
IQ:25,208,255,-90,44
IQ:26,216,6,27,-28
IQ:27,224,255,-21,5
IQ:28,232,5,32,105
IQ:29,240,255,135,5
IQ:30,248,12,112,-62
IQ:31,256,255,-21,-98
IQ:32,264,1,-44,-8
IQ:33,272,255,-7,25
IQ:34,280,2,-30,3
IQ:35,288,255,-8,75
SW:2
RR:3
SS:3
FR:2480
ME:41
MA:72
KE:28
KA:53
DF_END

Data arrived...
DF_BEGIN
IQ:0,0,11,-9,170
IQ:1,8,11,205,47
IQ:2,16,11,-11,-185
IQ:3,24,11,-172,36
IQ:4,32,11,75,136
IQ:5,40,11,295,-92
IQ:6,48,11,-100,-173
IQ:7,56,11,-150,105
IQ:8,72,12,52,108
IQ:9,80,255,190,-24
IQ:10,88,1,147,-172
IQ:11,96,255,-92,-181
IQ:12,104,2,-338,-122
IQ:13,112,255,-201,241
IQ:14,120,10,-144,169
IQ:15,128,255,3,38
IQ:16,136,3,-408,69
IQ:17,144,255,-115,347
IQ:18,152,9,-77,295
IQ:19,160,255,-47,-50
IQ:20,168,4,-451,17
IQ:21,176,255,-188,245
IQ:22,184,8,-273,65
IQ:23,192,255,-12,200
IQ:24,200,7,211,187
IQ:25,208,255,192,-221
IQ:26,216,6,31,-42
IQ:27,224,255,-181,-73
IQ:28,232,5,-364,154
IQ:29,240,255,-129,498
IQ:30,248,12,-58,125
IQ:31,256,255,104,112
IQ:32,264,1,274,92
IQ:33,272,255,157,-158
IQ:34,280,2,-57,-342
IQ:35,288,255,-345,-31
SW:2
RR:3
SS:3
FR:2426
ME:38
MA:72
KE:29
KA:55
DF_END

Data arrived...
DF_BEGIN
IQ:0,0,11,161,29
IQ:1,8,11,11,-159
IQ:2,16,11,-165,6
IQ:3,24,11,7,155
IQ:4,32,11,142,-35
IQ:5,40,11,-60,-157
IQ:6,48,11,-142,61
IQ:7,56,11,77,141
IQ:8,72,12,-85,79
IQ:9,80,255,122,123
IQ:10,88,1,228,-179
IQ:11,96,255,-186,-285
IQ:12,104,2,-369,122
IQ:13,112,255,30,362
IQ:14,120,10,127,34
IQ:15,128,255,-84,-66
IQ:16,136,3,-233,314
IQ:17,144,255,191,268
IQ:18,152,9,79,-34
IQ:19,160,255,-179,-5
IQ:20,168,4,-256,424
IQ:21,176,255,238,276
IQ:22,184,8,-52,-24
IQ:23,192,255,-87,102
IQ:24,200,7,184,216
IQ:25,208,255,294,-113
IQ:26,216,6,33,-218
IQ:27,224,255,-303,37
IQ:28,232,5,-93,435
IQ:29,240,255,297,160
IQ:30,248,12,-97,-30
IQ:31,256,255,-61,175
IQ:32,264,1,274,117
IQ:33,272,255,142,-309
IQ:34,280,2,-273,-271
IQ:35,288,255,-311,210
SW:2
RR:3
SS:3
FR:2402
ME:2
MA:5
KE:27
KA:50
DF_END

Data arrived...
DF_BEGIN
IQ:0,0,11,26,155
IQ:1,8,11,149,-54
IQ:2,16,11,-76,-149
IQ:3,24,11,-138,83
IQ:4,32,11,103,126
IQ:5,40,11,121,-116
IQ:6,48,11,-127,-112
IQ:7,56,11,-111,122
IQ:8,72,12,126,-26
IQ:9,80,255,0,-107
IQ:10,88,1,-45,-15
IQ:11,96,255,-14,25
IQ:12,104,2,-32,-18
IQ:13,112,255,-62,71
IQ:14,120,10,-19,243
IQ:15,128,255,152,90
IQ:16,136,3,-6,5
IQ:17,144,255,-49,64
IQ:18,152,9,26,175
IQ:19,160,255,106,25
IQ:20,168,4,-59,2
IQ:21,176,255,-51,95
IQ:22,184,8,20,196
IQ:23,192,255,172,6
IQ:24,200,7,95,-122
IQ:25,208,255,-71,-72
IQ:26,216,6,26,38
IQ:27,224,255,-7,-29
IQ:28,232,5,-108,35
IQ:29,240,255,5,136
IQ:30,248,12,93,104
IQ:31,256,255,92,-55
IQ:32,264,1,-14,-40
IQ:33,272,255,-26,11
IQ:34,280,2,-5,-31
IQ:35,288,255,-86,-8
SW:2
RR:3
SS:3
FR:2480
ME:44
MA:75
KE:29
KA:53
DF_END

Data arrived...
DF_BEGIN
IQ:0,0,11,9,117
IQ:1,8,11,99,-34
IQ:2,16,11,-39,-122
IQ:3,24,11,-148,52
IQ:4,32,11,52,104
IQ:5,40,11,109,-28
IQ:6,48,11,-114,-57
IQ:7,56,11,-82,96
IQ:8,72,12,44,59
IQ:9,80,255,77,-7
IQ:10,88,1,133,-78
IQ:11,96,255,-37,-181
IQ:12,104,2,-211,-134
IQ:13,112,255,-132,144
IQ:14,120,10,-49,162
IQ:15,128,255,-23,16
IQ:16,136,3,-282,7
IQ:17,144,255,-68,197
IQ:18,152,9,-14,65
IQ:19,160,255,-23,-2
IQ:20,168,4,-342,-46
IQ:21,176,255,-122,173
IQ:22,184,8,-115,31
IQ:23,192,255,0,71
IQ:24,200,7,67,148
IQ:25,208,255,94,-37
IQ:26,216,6,17,-41
IQ:27,224,255,-147,-73
IQ:28,232,5,-269,73
IQ:29,240,255,2,216
IQ:30,248,12,-42,43
IQ:31,256,255,53,66
IQ:32,264,1,116,51
IQ:33,272,255,127,-151
IQ:34,280,2,-27,-257
IQ:35,288,255,-182,-52
SW:2
RR:3
SS:3
FR:2426
ME:38
MA:75
KE:30
KA:56
DF_END

Data arrived...
DF_BEGIN
IQ:0,0,11,-44,-110
IQ:1,8,11,-52,123
IQ:2,16,11,95,-15
IQ:3,24,11,-27,-118
IQ:4,32,11,-103,24
IQ:5,40,11,-18,170
IQ:6,48,11,113,49
IQ:7,56,11,-2,-66
IQ:8,72,12,-41,15
IQ:9,80,255,-102,125
IQ:10,88,1,0,215
IQ:11,96,255,80,23
IQ:12,104,2,166,-117
IQ:13,112,255,-61,-238
IQ:14,120,10,-130,-139
IQ:15,128,255,-118,-7
IQ:16,136,3,103,-339
IQ:17,144,255,-98,-252
IQ:18,152,9,-79,-89
IQ:19,160,255,8,64
IQ:20,168,4,184,-228
IQ:21,176,255,-111,-196
IQ:22,184,8,36,-126
IQ:23,192,255,-78,-34
IQ:24,200,7,-121,11
IQ:25,208,255,-183,163
IQ:26,216,6,114,133
IQ:27,224,255,74,-83
IQ:28,232,5,76,-263
IQ:29,240,255,-140,-172
IQ:30,248,12,-27,-59
IQ:31,256,255,-68,0
IQ:32,264,1,-96,79
IQ:33,272,255,-57,163
IQ:34,280,2,191,53
IQ:35,288,255,226,-157
SW:2
RR:3
SS:3
FR:2426
ME:33
MA:75
KE:30
KA:58
DF_END

Data arrived...
DF_BEGIN
IQ:0,0,11,-26,160
IQ:1,8,11,156,10
IQ:2,16,11,-3,-166
IQ:3,24,11,-159,38
IQ:4,32,11,33,153
IQ:5,40,11,159,-50
IQ:6,48,11,-54,-142
IQ:7,56,11,-147,84
IQ:8,72,12,-113,-115
IQ:9,80,255,-185,156
IQ:10,88,1,195,301
IQ:11,96,255,347,-217
IQ:12,104,2,-137,-468
IQ:13,112,255,-428,16
IQ:14,120,10,-45,138
IQ:15,128,255,79,-115
IQ:16,136,3,-355,-338
IQ:17,144,255,-343,197
IQ:18,152,9,42,61
IQ:19,160,255,16,-252
IQ:20,168,4,-467,-346
IQ:21,176,255,-367,245
IQ:22,184,8,28,-106
IQ:23,192,255,-151,-143
IQ:24,200,7,-289,173
IQ:25,208,255,128,343
IQ:26,216,6,270,19
IQ:27,224,255,-54,-379
IQ:28,232,5,-531,-169
IQ:29,240,255,-214,337
IQ:30,248,12,46,-156
IQ:31,256,255,-220,-96
IQ:32,264,1,-188,316
IQ:33,272,255,363,202
IQ:34,280,2,370,-321
IQ:35,288,255,-238,-384
SW:2
RR:3
SS:3
FR:2402
ME:359
MA:353
KE:27
KA:53
DF_END

Data arrived...
DF_BEGIN
IQ:0,0,11,-23,-198
IQ:1,8,11,-186,52
IQ:2,16,11,60,184
IQ:3,24,11,173,-91
IQ:4,32,11,-124,-172
IQ:5,40,11,-161,129
IQ:6,48,11,144,141
IQ:7,56,11,139,-148
IQ:8,72,12,-165,-21
IQ:9,80,255,-45,127
IQ:10,88,1,51,45
IQ:11,96,255,33,-25
IQ:12,104,2,26,17
IQ:13,112,255,84,-59
IQ:14,120,10,88,-267
IQ:15,128,255,-158,-138
IQ:16,136,3,15,-11
IQ:17,144,255,66,-62
IQ:18,152,9,23,-196
IQ:19,160,255,-117,-51
IQ:20,168,4,88,10
IQ:21,176,255,82,-110
IQ:22,184,8,24,-239
IQ:23,192,255,-211,-53
IQ:24,200,7,-147,159
IQ:25,208,255,66,124
IQ:26,216,6,-27,-43
IQ:27,224,255,1,29
IQ:28,232,5,153,-35
IQ:29,240,255,33,-168
IQ:30,248,12,-61,-159
IQ:31,256,255,-132,25
IQ:32,264,1,-12,66
IQ:33,272,255,35,10
IQ:34,280,2,-2,29
IQ:35,288,255,94,12
SW:2
RR:3
SS:3
FR:2480
ME:44
MA:75
KE:29
KA:56
DF_END

Data arrived...
DF_BEGIN
IQ:0,0,11,45,155
IQ:1,8,11,145,-56
IQ:2,16,11,-72,-149
IQ:3,24,11,-143,79
IQ:4,32,11,92,127
IQ:5,40,11,117,-110
IQ:6,48,11,-107,-123
IQ:7,56,11,-99,126
IQ:8,72,12,30,19
IQ:9,80,255,52,1
IQ:10,88,1,114,-68
IQ:11,96,255,-54,-166
IQ:12,104,2,-222,-98
IQ:13,112,255,-167,173
IQ:14,120,10,-40,199
IQ:15,128,255,45,33
IQ:16,136,3,-284,11
IQ:17,144,255,-114,225
IQ:18,152,9,-3,128
IQ:19,160,255,-10,-39
IQ:20,168,4,-329,-45
IQ:21,176,255,-147,204
IQ:22,184,8,-92,47
IQ:23,192,255,3,83
IQ:24,200,7,121,98
IQ:25,208,255,134,-49
IQ:26,216,6,66,-40
IQ:27,224,255,-128,-82
IQ:28,232,5,-283,119
IQ:29,240,255,9,252
IQ:30,248,12,-1,39
IQ:31,256,255,20,39
IQ:32,264,1,118,60
IQ:33,272,255,119,-115
IQ:34,280,2,3,-252
IQ:35,288,255,-245,-45
SW:2
RR:3
SS:3
FR:2426
ME:41
MA:75
KE:31
KA:58
DF_END

Data arrived...
DF_BEGIN
IQ:0,0,11,-115,-144
IQ:1,8,11,-129,135
IQ:2,16,11,148,132
IQ:3,24,11,125,-143
IQ:4,32,11,-158,-92
IQ:5,40,11,-100,163
IQ:6,48,11,163,91
IQ:7,56,11,64,-177
IQ:8,72,12,176,-23
IQ:9,80,255,-37,-259
IQ:10,88,1,-411,-20
IQ:11,96,255,-16,489
IQ:12,104,2,497,231
IQ:13,112,255,260,-422
IQ:14,120,10,-67,-149
IQ:15,128,255,43,135
IQ:16,136,3,531,-103
IQ:17,144,255,86,-452
IQ:18,152,9,-88,-43
IQ:19,160,255,204,148
IQ:20,168,4,622,-177
IQ:21,176,255,31,-490
IQ:22,184,8,90,77
IQ:23,192,255,211,-34
IQ:24,200,7,37,-398
IQ:25,208,255,-425,-147
IQ:26,216,6,-221,195
IQ:27,224,255,344,251
IQ:28,232,5,516,-350
IQ:29,240,255,-160,-428
IQ:30,248,12,104,131
IQ:31,256,255,222,-129
IQ:32,264,1,-190,-400
IQ:33,272,255,-451,180
IQ:34,280,2,41,554
IQ:35,288,255,503,89
SW:2
RR:3
SS:3
FR:2402
ME:359
MA:5
KE:27
KA:53
DF_END

Data arrived...
DF_BEGIN
IQ:0,0,11,-73,129
IQ:1,8,11,134,52
IQ:2,16,11,44,-139
IQ:3,24,11,-141,-28
IQ:4,32,11,-12,153
IQ:5,40,11,147,-1
IQ:6,48,11,-12,-144
IQ:7,56,11,-150,34
IQ:8,72,12,91,91
IQ:9,80,255,86,-56
IQ:10,88,1,-10,-50
IQ:11,96,255,-34,-5
IQ:12,104,2,-8,-17
IQ:13,112,255,-72,3
IQ:14,120,10,-164,138
IQ:15,128,255,39,153
IQ:16,136,3,-4,5
IQ:17,144,255,-63,11
IQ:18,152,9,-96,112
IQ:19,160,255,35,90
IQ:20,168,4,-50,-36
IQ:21,176,255,-96,36
IQ:22,184,8,-124,134
IQ:23,192,255,103,135
IQ:24,200,7,168,-13
IQ:25,208,255,19,-111
IQ:26,216,6,-7,37
IQ:27,224,255,7,-9
IQ:28,232,5,-99,-29
IQ:29,240,255,-80,93
IQ:30,248,12,-36,121
IQ:31,256,255,92,44
IQ:32,264,1,35,-39
IQ:33,272,255,-26,-31
IQ:34,280,2,11,-17
IQ:35,288,255,-50,-47
SW:2
RR:3
SS:3
FR:2480
ME:41
MA:75
KE:29
KA:55
DF_END

Data arrived...
DF_BEGIN
IQ:0,0,11,-89,-95
IQ:1,8,11,-79,105
IQ:2,16,11,196,71
IQ:3,24,11,62,-139
IQ:4,32,11,-145,-29
IQ:5,40,11,-36,145
IQ:6,48,11,134,6
IQ:7,56,11,16,-153
IQ:8,72,12,-118,21
IQ:9,80,255,-38,62
IQ:10,88,1,-14,118
IQ:11,96,255,135,40
IQ:12,104,2,181,-62
IQ:13,112,255,-2,-248
IQ:14,120,10,-102,-169
IQ:15,128,255,-21,-38
IQ:16,136,3,138,-249
IQ:17,144,255,-130,-203
IQ:18,152,9,-64,-124
IQ:19,160,255,52,-14
IQ:20,168,4,201,-205
IQ:21,176,255,-85,-254
IQ:22,184,8,30,-130
IQ:23,192,255,-86,-52
IQ:24,200,7,-160,24
IQ:25,208,255,-58,118
IQ:26,216,6,-44,103
IQ:27,224,255,134,-58
IQ:28,232,5,99,-248
IQ:29,240,255,-157,-145
IQ:30,248,12,-75,-52
IQ:31,256,255,-54,-29
IQ:32,264,1,-112,32
IQ:33,272,255,-15,187
IQ:34,280,2,180,135
IQ:35,288,255,144,-78
SW:2
RR:3
SS:3
FR:2426
ME:41
MA:75
KE:30
KA:57
DF_END

Data arrived...
DF_BEGIN
IQ:0,0,11,-127,-111
IQ:1,8,11,-97,135
IQ:2,16,11,156,76
IQ:3,24,11,65,-154
IQ:4,32,11,-161,-58
IQ:5,40,11,-38,158
IQ:6,48,11,156,35
IQ:7,56,11,11,-165
IQ:8,72,12,116,-5
IQ:9,80,255,-31,-187
IQ:10,88,1,-311,22
IQ:11,96,255,23,335
IQ:12,104,2,392,78
IQ:13,112,255,134,-331
IQ:14,120,10,-115,-112
IQ:15,128,255,20,118
IQ:16,136,3,343,-127
IQ:17,144,255,-24,-328
IQ:18,152,9,-87,-31
IQ:19,160,255,147,118
IQ:20,168,4,415,-195
IQ:21,176,255,-60,-353
IQ:22,184,8,27,43
IQ:23,192,255,132,-32
IQ:24,200,7,-39,-282
IQ:25,208,255,-315,-56
IQ:26,216,6,-138,179
IQ:27,224,255,283,119
IQ:28,232,5,333,-330
IQ:29,240,255,-168,-295
IQ:30,248,12,82,85
IQ:31,256,255,133,-116
IQ:32,264,1,-189,-244
IQ:33,272,255,-292,184
IQ:34,280,2,99,373
IQ:35,288,255,371,-48
SW:2
RR:3
SS:3
FR:2402
ME:359
MA:5
KE:27
KA:52
DF_END

Data arrived...
DF_BEGIN
IQ:0,0,11,169,-98
IQ:1,8,11,-118,-160
IQ:2,16,11,-146,122
IQ:3,24,11,146,128
IQ:4,32,11,114,-161
IQ:5,40,11,-161,-90
IQ:6,48,11,-69,183
IQ:7,56,11,188,53
IQ:8,72,12,-74,-182
IQ:9,80,255,-146,50
IQ:10,88,1,4,73
IQ:11,96,255,45,1
IQ:12,104,2,-14,35
IQ:13,112,255,93,58
IQ:14,120,10,302,-42
IQ:15,128,255,69,-232
IQ:16,136,3,6,2
IQ:17,144,255,97,33
IQ:18,152,9,209,-85
IQ:19,160,255,-14,-158
IQ:20,168,4,21,65
IQ:21,176,255,137,26
IQ:22,184,8,237,-117
IQ:23,192,255,-89,-229
IQ:24,200,7,-215,-44
IQ:25,208,255,-48,133
IQ:26,216,6,36,-58
IQ:27,224,255,-45,-5
IQ:28,232,5,70,116
IQ:29,240,255,175,-45
IQ:30,248,12,126,-160
IQ:31,256,255,-106,-117
IQ:32,264,1,-49,52
IQ:33,272,255,37,39
IQ:34,280,2,-33,9
IQ:35,288,255,14,97
SW:2
RR:3
SS:3
FR:2480
ME:44
MA:75
KE:28
KA:54
DF_END

Data arrived...
DF_BEGIN
IQ:0,0,11,-123,111
IQ:1,8,11,125,108
IQ:2,16,11,94,-136
IQ:3,24,11,-138,-90
IQ:4,32,11,-72,145
IQ:5,40,11,149,60
IQ:6,48,11,38,-162
IQ:7,56,11,-161,-31
IQ:8,72,12,-3,39
IQ:9,80,255,28,43
IQ:10,88,1,121,61
IQ:11,96,255,117,-117
IQ:12,104,2,-13,-247
IQ:13,112,255,-237,-58
IQ:14,120,10,-186,64
IQ:15,128,255,-5,51
IQ:16,136,3,-173,-221
IQ:17,144,255,-250,40
IQ:18,152,9,-97,60
IQ:19,160,255,37,-32
IQ:20,168,4,-130,-294
IQ:21,176,255,-257,-13
IQ:22,184,8,-92,-46
IQ:23,192,255,-69,44
IQ:24,200,7,-36,144
IQ:25,208,255,113,89
IQ:26,216,6,58,37
IQ:27,224,255,16,-152
IQ:28,232,5,-221,-223
IQ:29,240,255,-227,93
IQ:30,248,12,-44,15
IQ:31,256,255,-20,39
IQ:32,264,1,-8,132
IQ:33,272,255,162,48
IQ:34,280,2,204,-137
IQ:35,288,255,-70,-241
SW:2
RR:3
SS:3
FR:2426
ME:41
MA:75
KE:29
KA:56
DF_END

Data arrived...
DF_BEGIN
IQ:0,0,11,-183,-70
IQ:1,8,11,-63,178
IQ:2,16,11,186,40
IQ:3,24,11,22,-191
IQ:4,32,11,-179,-4
IQ:5,40,11,18,184
IQ:6,48,11,193,-28
IQ:7,56,11,-21,-191
IQ:8,72,12,168,-27
IQ:9,80,255,-42,-209
IQ:10,88,1,-318,69
IQ:11,96,255,16,376
IQ:12,104,2,403,97
IQ:13,112,255,124,-348
IQ:14,120,10,-159,-60
IQ:15,128,255,78,162
IQ:16,136,3,414,-141
IQ:17,144,255,-1,-366
IQ:18,152,9,-110,28
IQ:19,160,255,191,141
IQ:20,168,4,504,-245
IQ:21,176,255,-46,-404
IQ:22,184,8,38,80
IQ:23,192,255,168,-49
IQ:24,200,7,-48,-295
IQ:25,208,255,-336,-47
IQ:26,216,6,-164,213
IQ:27,224,255,323,145
IQ:28,232,5,334,-408
IQ:29,240,255,-228,-295
IQ:30,248,12,113,110
IQ:31,256,255,174,-148
IQ:32,264,1,-211,-245
IQ:33,272,255,-305,213
IQ:34,280,2,114,407
IQ:35,288,255,392,-45
SW:2
RR:3
SS:3
FR:2402
ME:359
MA:353
KE:26
KA:50
DF_END

Data arrived...
DF_BEGIN
IQ:0,0,11,-124,-146
IQ:1,8,11,-140,136
IQ:2,16,11,139,124
IQ:3,24,11,115,-151
IQ:4,32,11,-167,-92
IQ:5,40,11,-70,169
IQ:6,48,11,179,48
IQ:7,56,11,41,-190
IQ:8,72,12,-160,70
IQ:9,80,255,34,149
IQ:10,88,1,74,2
IQ:11,96,255,7,-49
IQ:12,104,2,35,-4
IQ:13,112,255,28,-95
IQ:14,120,10,-98,-274
IQ:15,128,255,-222,-36
IQ:16,136,3,-4,-13
IQ:17,144,255,22,-82
IQ:18,152,9,-81,-186
IQ:19,160,255,-137,-9
IQ:20,168,4,62,-38
IQ:21,176,255,5,-133
IQ:22,184,8,-123,-226
IQ:23,192,255,-218,68
IQ:24,200,7,-40,225
IQ:25,208,255,134,70
IQ:26,216,6,-41,-28
IQ:27,224,255,6,14
IQ:28,232,5,97,-102
IQ:29,240,255,-73,-156
IQ:30,248,12,-152,-112
IQ:31,256,255,-112,93
IQ:32,264,1,36,58
IQ:33,272,255,53,-14
IQ:34,280,2,18,26
IQ:35,288,255,84,-27
SW:2
RR:3
SS:3
FR:2480
ME:41
MA:75
KE:28
KA:53
DF_END

Data arrived...
DF_BEGIN
IQ:0,0,11,200,-96
IQ:1,8,11,-118,-170
IQ:2,16,11,-169,132
IQ:3,24,11,135,154
IQ:4,32,11,121,-176
IQ:5,40,11,-182,-123
IQ:6,48,11,-116,187
IQ:7,56,11,194,101
IQ:8,72,12,53,-77
IQ:9,80,255,-31,-109
IQ:10,88,1,-147,-152
IQ:11,96,255,-208,161
IQ:12,104,2,-41,392
IQ:13,112,255,341,157
IQ:14,120,10,281,-19
IQ:15,128,255,42,-46
IQ:16,136,3,184,428
IQ:17,144,255,399,28
IQ:18,152,9,183,-8
IQ:19,160,255,-21,56
IQ:20,168,4,86,491
IQ:21,176,255,348,114
IQ:22,184,8,123,144
IQ:23,192,255,154,-44
IQ:24,200,7,104,-218
IQ:25,208,255,-129,-177
IQ:26,216,6,-90,-61
IQ:27,224,255,-46,214
IQ:28,232,5,276,341
IQ:29,240,255,331,-140
IQ:30,248,12,101,0
IQ:31,256,255,77,-77
IQ:32,264,1,41,-219
IQ:33,272,255,-247,-105
IQ:34,280,2,-377,121
IQ:35,288,255,22,374
SW:2
RR:3
SS:3
FR:2426
ME:41
MA:75
KE:29
KA:55
DF_END

Data arrived...
DF_BEGIN
IQ:0,0,11,78,169
IQ:1,8,11,147,-101
IQ:2,16,11,-109,-149
IQ:3,24,11,-141,121
IQ:4,32,11,130,127
IQ:5,40,11,112,-149
IQ:6,48,11,-162,-95
IQ:7,56,11,-90,169
IQ:8,72,12,-126,-79
IQ:9,80,255,-103,178
IQ:10,88,1,263,151
IQ:11,96,255,192,-312
IQ:12,104,2,-270,-292
IQ:13,112,255,-291,225
IQ:14,120,10,56,167
IQ:15,128,255,69,-129
IQ:16,136,3,-384,-93
IQ:17,144,255,-178,299
IQ:18,152,9,99,73
IQ:19,160,255,-48,-215
IQ:20,168,4,-501,-75
IQ:21,176,255,-166,339
IQ:22,184,8,15,-72
IQ:23,192,255,-147,-72
IQ:24,200,7,-133,252
IQ:25,208,255,243,214
IQ:26,216,6,226,-89
IQ:27,224,255,-202,-287
IQ:28,232,5,-498,105
IQ:29,240,255,-9,358
IQ:30,248,12,-20,-147
IQ:31,256,255,-220,12
IQ:32,264,1,4,305
IQ:33,272,255,355,14
IQ:34,280,2,100,-383
IQ:35,288,255,-336,-168
SW:2
RR:3
SS:3
FR:2402
ME:359
MA:353
KE:26
KA:49
DF_END

Data arrived...
DF_BEGIN
IQ:0,0,11,198,-20
IQ:1,8,11,-33,-198
IQ:2,16,11,-190,49
IQ:3,24,11,59,186
IQ:4,32,11,177,-79
IQ:5,40,11,-83,-181
IQ:6,48,11,-159,109
IQ:7,56,11,130,149
IQ:8,72,12,56,-146
IQ:9,80,255,-112,-62
IQ:10,88,1,-47,35
IQ:11,96,255,8,39
IQ:12,104,2,-20,40
IQ:13,112,255,56,92
IQ:14,120,10,242,101
IQ:15,128,255,143,-140
IQ:16,136,3,6,19
IQ:17,144,255,52,73
IQ:18,152,9,165,52
IQ:19,160,255,58,-82
IQ:20,168,4,-20,94
IQ:21,176,255,91,101
IQ:22,184,8,210,99
IQ:23,192,255,95,-177
IQ:24,200,7,-107,-194
IQ:25,208,255,-139,43
IQ:26,216,6,37,-22
IQ:27,224,255,-27,5
IQ:28,232,5,32,148
IQ:29,240,255,162,40
IQ:30,248,12,147,-38
IQ:31,256,255,-13,-126
IQ:32,264,1,-64,-20
IQ:33,272,255,-25,34
IQ:34,280,2,-49,-12
IQ:35,288,255,-27,103
SW:2
RR:3
SS:3
FR:2480
ME:41
MA:75
KE:27
KA:51
DF_END

Data arrived...
DF_BEGIN
IQ:0,0,11,-136,-70
IQ:1,8,11,-56,141
IQ:2,16,11,146,37
IQ:3,24,11,14,-156
IQ:4,32,11,-156,-4
IQ:5,40,11,14,155
IQ:6,48,11,156,-17
IQ:7,56,11,-26,-150
IQ:8,72,12,-92,73
IQ:9,80,255,43,78
IQ:10,88,1,39,-9
IQ:11,96,255,5,-23
IQ:12,104,2,27,-18
IQ:13,112,255,-12,-84
IQ:14,120,10,-137,-168
IQ:15,128,255,-149,30
IQ:16,136,3,6,-21
IQ:17,144,255,-9,-69
IQ:18,152,9,-94,-89
IQ:19,160,255,-63,41
IQ:20,168,4,55,-61
IQ:21,176,255,-19,-109
IQ:22,184,8,-97,-131
IQ:23,192,255,-115,93
IQ:24,200,7,9,173
IQ:25,208,255,102,32
IQ:26,216,6,-31,2
IQ:27,224,255,25,6
IQ:28,232,5,33,-121
IQ:29,240,255,-109,-87
IQ:30,248,12,-113,-22
IQ:31,256,255,-41,74
IQ:32,264,1,25,27
IQ:33,272,255,25,-10
IQ:34,280,2,26,22
IQ:35,288,255,55,-63
SW:2
RR:3
SS:3
FR:2480
ME:41
MA:75
KE:29
KA:54
DF_END

Data arrived...
DF_BEGIN
IQ:0,0,11,33,-130
IQ:1,8,11,-125,-12
IQ:2,16,11,0,130
IQ:3,24,11,123,-11
IQ:4,32,11,-26,-138
IQ:5,40,11,-132,28
IQ:6,48,11,37,126
IQ:7,56,11,112,-53
IQ:8,72,12,-42,-63
IQ:9,80,255,-97,5
IQ:10,88,1,-114,74
IQ:11,96,255,40,151
IQ:12,104,2,185,131
IQ:13,112,255,163,-134
IQ:14,120,10,78,-174
IQ:15,128,255,-3,-76
IQ:16,136,3,271,-28
IQ:17,144,255,117,-204
IQ:18,152,9,60,-109
IQ:19,160,255,20,-5
IQ:20,168,4,272,74
IQ:21,176,255,15