IQ:27,224,255,77,-22
IQ:28,232,5,-126,-132
IQ:29,240,255,-198,89
IQ:30,248,12,-32,219
IQ:31,256,255,158,-3
IQ:32,264,1,-115,-196
IQ:33,272,255,-174,77
IQ:34,280,2,169,95
IQ:35,288,255,153,-174
SW:2
RR:3
SS:3
FR:2480
ME:10
MA:268
KE:7
KA:292
DF_END

Data arrived...
DF_BEGIN
IQ:0,0,11,151,-48
IQ:1,8,11,-53,-148
IQ:2,16,11,-141,74
IQ:3,24,11,94,120
IQ:4,32,11,113,-118
IQ:5,40,11,-114,-116
IQ:6,48,11,-100,120
IQ:7,56,11,140,72
IQ:8,72,12,-140,-17
IQ:9,80,255,17,106
IQ:10,88,1,125,-94
IQ:11,96,255,-73,-125
IQ:12,104,2,-70,101
IQ:13,112,255,116,91
IQ:14,120,10,149,-70
IQ:15,128,255,-29,-103
IQ:16,136,3,25,98
IQ:17,144,255,145,12
IQ:18,152,9,120,-102
IQ:19,160,255,-49,-76
IQ:20,168,4,83,52
IQ:21,176,255,112,-74
IQ:22,184,8,16,-116
IQ:23,192,255,-104,15
IQ:24,200,7,43,157
IQ:25,208,255,143,-16
IQ:26,216,6,-48,-80
IQ:27,224,255,-46,32
IQ:28,232,5,90,-36
IQ:29,240,255,6,-136
IQ:30,248,12,-100,-103
IQ:31,256,255,-46,95
IQ:32,264,1,158,7
IQ:33,272,255,22,-146
IQ:34,280,2,-124,41
IQ:35,288,255,30,155
SW:2
RR:3
SS:3
FR:2426
ME:10
MA:257
KE:7
KA:287
DF_END

Data arrived...
DF_BEGIN
IQ:0,0,11,134,-152
IQ:1,8,11,-170,-124
IQ:2,16,11,-110,174
IQ:3,24,11,186,84
IQ:4,32,11,67,-196
IQ:5,40,11,-198,-34
IQ:6,48,11,-10,207
IQ:7,56,11,206,-4
IQ:8,72,12,-218,128
IQ:9,80,255,119,191
IQ:10,88,1,146,-159
IQ:11,96,255,-150,-126
IQ:12,104,2,-53,169
IQ:13,112,255,198,56
IQ:14,120,10,143,-179
IQ:15,128,255,-132,-106
IQ:16,136,3,13,134
IQ:17,144,255,185,-8
IQ:18,152,9,66,-195
IQ:19,160,255,-142,-30
IQ:20,168,4,91,120
IQ:21,176,255,172,-103
IQ:22,184,8,-24,-210
IQ:23,192,255,-159,77
IQ:24,200,7,187,170
IQ:25,208,255,168,-159
IQ:26,216,6,-131,-120
IQ:27,224,255,-84,132
IQ:28,232,5,169,13
IQ:29,240,255,4,-203
IQ:30,248,12,-250,-35
IQ:31,256,255,-32,221
IQ:32,264,1,211,-39
IQ:33,272,255,-35,-198
IQ:34,280,2,-140,99
IQ:35,288,255,115,181
SW:2
RR:3
SS:3
FR:2402
ME:2
MA:353
KE:6
KA:293
DF_END

Data arrived...
DF_BEGIN
IQ:0,0,11,59,185
IQ:1,8,11,168,-86
IQ:2,16,11,-100,-152
IQ:3,24,11,-136,138
IQ:4,32,11,143,128
IQ:5,40,11,104,-152
IQ:6,48,11,-164,-90
IQ:7,56,11,-74,180
IQ:8,72,12,-98,-203
IQ:9,80,255,-140,101
IQ:10,88,1,194,134
IQ:11,96,255,102,-157
IQ:12,104,2,-199,12
IQ:13,112,255,-56,234
IQ:14,120,10,100,223
IQ:15,128,255,113,-26
IQ:16,136,3,-132,92
IQ:17,144,255,53,232
IQ:18,152,9,239,133
IQ:19,160,255,78,-101
IQ:20,168,4,-64,195
IQ:21,176,255,193,157
IQ:22,184,8,247,72
IQ:23,192,255,-15,-133
IQ:24,200,7,-231,251
IQ:25,208,255,129,226
IQ:26,216,6,38,-104
IQ:27,224,255,-82,8
IQ:28,232,5,101,151
IQ:29,240,255,198,-82
IQ:30,248,12,47,-225
IQ:31,256,255,-186,3
IQ:32,264,1,78,221
IQ:33,272,255,176,-74
IQ:34,280,2,-169,-103
IQ:35,288,255,-171,161
SW:2
RR:3
SS:3
FR:2480
ME:10
MA:268
KE:7
KA:290
DF_END

Data arrived...
DF_BEGIN
IQ:0,0,11,-72,173
IQ:1,8,11,163,68
IQ:2,16,11,50,-179
IQ:3,24,11,-179,-18
IQ:4,32,11,2,182
IQ:5,40,11,180,-21
IQ:6,48,11,-46,-179
IQ:7,56,11,-172,68
IQ:8,72,12,73,-224
IQ:9,80,255,-171,-44
IQ:10,88,1,35,235
IQ:11,96,255,187,-32
IQ:12,104,2,-158,-140
IQ:13,112,255,-215,120
IQ:14,120,10,-103,196
IQ:15,128,255,89,56
IQ:16,136,3,-167,-29
IQ:17,144,255,-124,205
IQ:18,152,9,68,257
IQ:19,160,255,116,-10
IQ:20,168,4,-187,94
IQ:21,176,255,7,256
IQ:22,184,8,113,226
IQ:23,192,255,97,-91
IQ:24,200,7,-315,-30
IQ:25,208,255,-54,236
IQ:26,216,6,107,-43
IQ:27,224,255,-58,-58
IQ:28,232,5,-53,184
IQ:29,240,255,204,85
IQ:30,248,12,203,-115
IQ:31,256,255,-113,-134
IQ:32,264,1,-101,215
IQ:33,272,255,168,91
IQ:34,280,2,-28,-208
IQ:35,288,255,-246,-40
SW:2
RR:3
SS:3
FR:2480
ME:10
MA:271
KE:7
KA:287
DF_END

Data arrived...
DF_BEGIN
IQ:0,0,11,60,-142
IQ:1,8,11,-143,-46
IQ:2,16,11,-23,155
IQ:3,24,11,145,6
IQ:4,32,11,-29,-148
IQ:5,40,11,-156,20
IQ:6,48,11,29,148
IQ:7,56,11,142,-57
IQ:8,72,12,-76,114
IQ:9,80,255,101,30
IQ:10,88,1,-8,-166
IQ:11,96,255,-144,-10
IQ:12,104,2,58,108
IQ:13,112,255,140,-53
IQ:14,120,10,44,-150
IQ:15,128,255,-97,-31
IQ:16,136,3,97,12
IQ:17,144,255,76,-121
IQ:18,152,9,-23,-157
IQ:19,160,255,-80,-11
IQ:20,168,4,93,-51
IQ:21,176,255,-7,-132
IQ:22,184,8,-83,-77
IQ:23,192,255,-38,86
IQ:24,200,7,149,33
IQ:25,208,255,38,-136
IQ:26,216,6,-93,-8
IQ:27,224,255,3,55
IQ:28,232,5,27,-97
IQ:29,240,255,-120,-71
IQ:30,248,12,-135,34
IQ:31,256,255,46,91
IQ:32,264,1,100,-131
IQ:33,272,255,-103,-97
IQ:34,280,2,-34,119
IQ:35,288,255,147,61
SW:2
RR:3
SS:3
FR:2426
ME:10
MA:257
KE:7
KA:283
DF_END

Data arrived...
DF_BEGIN
IQ:0,0,11,-178,72
IQ:1,8,11,117,156
IQ:2,16,11,167,-113
IQ:3,24,11,-120,-149
IQ:4,32,11,-131,148
IQ:5,40,11,166,102
IQ:6,48,11,92,-175
IQ:7,56,11,-173,-71
IQ:8,72,12,244,-44
IQ:9,80,255,-36,-216
IQ:10,88,1,-202,86
IQ:11,96,255,66,185
IQ:12,104,2,110,-121
IQ:13,112,255,-143,-143
IQ:14,120,10,-187,105
IQ:15,128,255,78,148
IQ:16,136,3,47,-111
IQ:17,144,255,-168,-72
IQ:18,152,9,-149,136
IQ:19,160,255,109,97
IQ:20,168,4,-25,-138
IQ:21,176,255,-185,42
IQ:22,184,8,-49,194
IQ:23,192,255,168,1
IQ:24,200,7,-76,-230
IQ:25,208,255,-208,70
IQ:26,216,6,78,155
IQ:27,224,255,118,-84
IQ:28,232,5,-145,-82
IQ:29,240,255,-81,171
IQ:30,248,12,208,119
IQ:31,256,255,97,-189
IQ:32,264,1,-211,-47
IQ:33,272,255,-48,190
IQ:34,280,2,156,-39
IQ:35,288,255,-40,-197
SW:2
RR:3
SS:3
FR:2402
ME:2
MA:353
KE:7
KA:289
DF_END

Data arrived...
DF_BEGIN
IQ:0,0,11,-86,-163
IQ:1,8,11,-158,86
IQ:2,16,11,106,135
IQ:3,24,11,118,-134
IQ:4,32,11,-138,-112
IQ:5,40,11,-93,146
IQ:6,48,11,161,65
IQ:7,56,11,54,-174
IQ:8,72,12,117,185
IQ:9,80,255,127,-115
IQ:10,88,1,-199,-141
IQ:11,96,255,-99,154
IQ:12,104,2,213,-27
IQ:13,112,255,45,-244
IQ:14,120,10,-100,-199
IQ:15,128,255,-94,38
IQ:16,136,3,137,-106
IQ:17,144,255,-70,-237
IQ:18,152,9,-239,-126
IQ:19,160,255,-72,98
IQ:20,168,4,62,-209
IQ:21,176,255,-195,-159
IQ:22,184,8,-251,-35
IQ:23,192,255,14,122
IQ:24,200,7,202,-232
IQ:25,208,255,-151,-196
IQ:26,216,6,-35,108
IQ:27,224,255,91,-23
IQ:28,232,5,-101,-158
IQ:29,240,255,-206,80
IQ:30,248,12,-53,221
IQ:31,256,255,162,-6
IQ:32,264,1,-102,-216
IQ:33,272,255,-166,82
IQ:34,280,2,174,100
IQ:35,288,255,175,-170
SW:2
RR:3
SS:3
FR:2480
ME:10
MA:268
KE:7
KA:287
DF_END

Data arrived...
DF_BEGIN
IQ:0,0,11,-160,28
IQ:1,8,11,42,163
IQ:2,16,11,154,-55
IQ:3,24,11,-83,-141
IQ:4,32,11,-137,86
IQ:5,40,11,108,120
IQ:6,48,11,105,-124
IQ:7,56,11,-129,-107
IQ:8,72,12,139,17
IQ:9,80,255,-13,-115
IQ:10,88,1,-145,75
IQ:11,96,255,57,130
IQ:12,104,2,79,-100
IQ:13,112,255,-119,-102
IQ:14,120,10,-155,63
IQ:15,128,255,21,105
IQ:16,136,3,-22,-97
IQ:17,144,255,-146,-21
IQ:18,152,9,-130,96
IQ:19,160,255,40,82
IQ:20,168,4,-79,-61
IQ:21,176,255,-123,59
IQ:22,184,8,-51,110
IQ:23,192,255,96,-4
IQ:24,200,7,-33,-167
IQ:25,208,255,-149,12
IQ:26,216,6,32,89
IQ:27,224,255,54,-26
IQ:28,232,5,-96,24
IQ:29,240,255,-15,134
IQ:30,248,12,99,107
IQ:31,256,255,63,-94
IQ:32,264,1,-158,-39
IQ:33,272,255,-42,142
IQ:34,280,2,125,-19
IQ:35,288,255,-20,-163
SW:2
RR:3
SS:3
FR:2426
ME:10
MA:259
KE:7
KA:283
DF_END

Data arrived...
DF_BEGIN
IQ:0,0,11,-180,-68
IQ:1,8,11,-36,167
IQ:2,16,11,149,-38
IQ:3,24,11,-25,-168
IQ:4,32,11,-169,34
IQ:5,40,11,57,195
IQ:6,48,11,158,-69
IQ:7,56,11,-91,-133
IQ:8,72,12,122,75
IQ:9,80,255,42,-84
IQ:10,88,1,-188,40
IQ:11,96,255,-22,125
IQ:12,104,2,88,-64
IQ:13,112,255,-64,-124
IQ:14,120,10,-184,-28
IQ:15,128,255,-25,107
IQ:16,136,3,30,-88
IQ:17,144,255,-154,-80
IQ:18,152,9,-142,59
IQ:19,160,255,6,116
IQ:20,168,4,-55,-106
IQ:21,176,255,-130,37
IQ:22,184,8,-86,83
IQ:23,192,255,83,30
IQ:24,200,7,29,-122
IQ:25,208,255,-137,-60
IQ:26,216,6,13,84
IQ:27,224,255,47,-4
IQ:28,232,5,-133,-15
IQ:29,240,255,-68,113
IQ:30,248,12,33,143
IQ:31,256,255,116,-55
IQ:32,264,1,-125,-95
IQ:33,272,255,-78,114
IQ:34,280,2,114,-5
IQ:35,288,255,47,-164
SW:2
RR:3
SS:3
FR:2426
ME:10
MA:257
KE:8
KA:280
DF_END

Data arrived...
DF_BEGIN
IQ:0,0,11,174,-87
IQ:1,8,11,-92,-174
IQ:2,16,11,-166,94
IQ:3,24,11,121,151
IQ:4,32,11,136,-138
IQ:5,40,11,-145,-119
IQ:6,48,11,-102,165
IQ:7,56,11,175,71
IQ:8,72,12,-240,46
IQ:9,80,255,42,204
IQ:10,88,1,184,-95
IQ:11,96,255,-81,-181
IQ:12,104,2,-108,114
IQ:13,112,255,152,130
IQ:14,120,10,188,-88
IQ:15,128,255,-67,-144
IQ:16,136,3,-47,104
IQ:17,144,255,164,52
IQ:18,152,9,135,-140
IQ:19,160,255,-112,-85
IQ:20,168,4,24,134
IQ:21,176,255,178,-34
IQ:22,184,8,52,-198
IQ:23,192,255,-168,-22
IQ:24,200,7,60,219
IQ:25,208,255,207,-66
IQ:26,216,6,-81,-145
IQ:27,224,255,-112,83
IQ:28,232,5,150,68
IQ:29,240,255,74,-183
IQ:30,248,12,-200,-130
IQ:31,256,255,-97,188
IQ:32,264,1,207,57
IQ:33,272,255,52,-186
IQ:34,280,2,-155,36
IQ:35,288,255,36,207
SW:2
RR:3
SS:3
FR:2402
ME:2
MA:353
KE:7
KA:287
DF_END

Data arrived...
DF_BEGIN
IQ:0,0,11,-189,-17
IQ:1,8,11,5,184
IQ:2,16,11,176,-12
IQ:3,24,11,-63,-169
IQ:4,32,11,-173,69
IQ:5,40,11,81,162
IQ:6,48,11,139,-111
IQ:7,56,11,-132,-130
IQ:8,72,12,224,8
IQ:9,80,255,-20,-178
IQ:10,88,1,-214,103
IQ:11,96,255,96,157
IQ:12,104,2,87,-190
IQ:13,112,255,-185,-167
IQ:14,120,10,-232,-22
IQ:15,128,255,-16,99
IQ:16,136,3,-29,-172
IQ:17,144,255,-236,-66
IQ:18,152,9,-225,144
IQ:19,160,255,56,108
IQ:20,168,4,-139,-155
IQ:21,176,255,-235,94
IQ:22,184,8,-177,209
IQ:23,192,255,118,56
IQ:24,200,7,-129,-294
IQ:25,208,255,-255,45
IQ:26,216,6,85,85
IQ:27,224,255,46,-82
IQ:28,232,5,-177,19
IQ:29,240,255,3,211
IQ:30,248,12,196,128
IQ:31,256,255,74,-155
IQ:32,264,1,-236,-25
IQ:33,272,255,-39,196
IQ:34,280,2,180,-91
IQ:35,288,255,-73,-230
SW:2
RR:3
SS:3
FR:2480
ME:10
MA:268
KE:7
KA:284
DF_END

Data arrived...
DF_BEGIN
IQ:0,0,11,94,157
IQ:1,8,11,154,-112
IQ:2,16,11,-114,-137
IQ:3,24,11,-99,150
IQ:4,32,11,161,89
IQ:5,40,11,68,-172
IQ:6,48,11,-175,-59
IQ:7,56,11,-46,181
IQ:8,72,12,-131,-198
IQ:9,80,255,-123,121
IQ:10,88,1,216,104
IQ:11,96,255,92,-175
IQ:12,104,2,-196,29
IQ:13,112,255,-2,244
IQ:14,120,10,137,193
IQ:15,128,255,101,-46
IQ:16,136,3,-119,116
IQ:17,144,255,96,225
IQ:18,152,9,254,90
IQ:19,160,255,62,-119
IQ:20,168,4,-37,207
IQ:21,176,255,220,136
IQ:22,184,8,271,1
IQ:23,192,255,-19,-144
IQ:24,200,7,-201,244
IQ:25,208,255,172,179
IQ:26,216,6,26,-112
IQ:27,224,255,-95,8
IQ:28,232,5,111,150
IQ:29,240,255,206,-91
IQ:30,248,12,32,-235
IQ:31,256,255,-176,22
IQ:32,264,1,123,201
IQ:33,272,255,177,-95
IQ:34,280,2,-181,-104
IQ:35,288,255,-160,182
SW:2
RR:3
SS:3
FR:2480
ME:10
MA:268
KE:7
KA:282
DF_END

Data arrived...
DF_BEGIN
IQ:0,0,11,-154,19
IQ:1,8,11,40,144
IQ:2,16,11,130,-70
IQ:3,24,11,-83,-119
IQ:4,32,11,-128,92
IQ:5,40,11,105,117
IQ:6,48,11,102,-113
IQ:7,56,11,-128,-93
IQ:8,72,12,138,9
IQ:9,80,255,-24,-113
IQ:10,88,1,-136,82
IQ:11,96,255,65,121
IQ:12,104,2,73,-107
IQ:13,112,255,-116,-104
IQ:14,120,10,-148,48
IQ:15,128,255,22,94
IQ:16,136,3,-35,-101
IQ:17,144,255,-149,-20
IQ:18,152,9,-109,104
IQ:19,160,255,37,69
IQ:20,168,4,-95,-54
IQ:21,176,255,-113,70
IQ:22,184,8,-29,107
IQ:23,192,255,94,-11
IQ:24,200,7,-33,-157
IQ:25,208,255,-137,20
IQ:26,216,6,41,81
IQ:27,224,255,41,-29
IQ:28,232,5,-102,31
IQ:29,240,255,-9,139
IQ:30,248,12,101,88
IQ:31,256,255,51,-88
IQ:32,264,1,-166,-13
IQ:33,272,255,-29,135
IQ:34,280,2,124,-39
IQ:35,288,255,-30,-160
SW:2
RR:3
SS:3
FR:2426
ME:10
MA:257
KE:8
KA:278
DF_END

Data arrived...
DF_BEGIN
IQ:0,0,11,-79,171
IQ:1,8,11,189,50
IQ:2,16,11,31,-194
IQ:3,24,11,-191,-14
IQ:4,32,11,16,196
IQ:5,40,11,191,-23
IQ:6,48,11,-36,-187
IQ:7,56,11,-173,69
IQ:8,72,12,132,-207
IQ:9,80,255,-181,-121
IQ:10,88,1,-73,196
IQ:11,96,255,185,72
IQ:12,104,2,-14,-157
IQ:13,112,255,-197,17
IQ:14,120,10,-57,205
IQ:15,128,255,154,50
IQ:16,136,3,-45,-110
IQ:17,144,255,-157,70
IQ:18,152,9,15,192
IQ:19,160,255,138,-21
IQ:20,168,4,-121,-76
IQ:21,176,255,-112,143
IQ:22,184,8,96,171
IQ:23,192,255,125,-106
IQ:24,200,7,-208,-126
IQ:25,208,255,-115,189
IQ:26,216,6,149,66
IQ:27,224,255,19,-141
IQ:28,232,5,-146,59
IQ:29,240,255,75,175
IQ:30,248,12,241,-61
IQ:31,256,255,-39,-215
IQ:32,264,1,-181,86
IQ:33,272,255,104,161
IQ:34,280,2,83,-132
IQ:35,288,255,-157,-114
SW:2
RR:3
SS:3
FR:2402
ME:2
MA:353
KE:7
KA:285
DF_END

Data arrived...
DF_BEGIN
IQ:0,0,11,-185,50
IQ:1,8,11,56,178
IQ:2,16,11,165,-79
IQ:3,24,11,-103,-163
IQ:4,32,11,-142,127
IQ:5,40,11,127,138
IQ:6,48,11,109,-148
IQ:7,56,11,-163,-99
IQ:8,72,12,219,-68
IQ:9,80,255,-77,-148
IQ:10,88,1,-174,186
IQ:11,96,255,120,147
IQ:12,104,2,14,-200
IQ:13,112,255,-233,-85
IQ:14,120,10,-228,62
IQ:15,128,255,11,113
IQ:16,136,3,-71,-150
IQ:17,144,255,-236,45
IQ:18,152,9,-182,225
IQ:19,160,255,75,102
IQ:20,168,4,-182,-108
IQ:21,176,255,-205,145
IQ:22,184,8,-83,238
IQ:23,192,255,135,8
IQ:24,200,7,-178,-249
IQ:25,208,255,-223,121
IQ:26,216,6,94,65
IQ:27,224,255,12,-84
IQ:28,232,5,-172,64
IQ:29,240,255,35,216
IQ:30,248,12,201,92
IQ:31,256,255,33,-162
IQ:32,264,1,-241,33
IQ:33,272,255,29,196
IQ:34,280,2,138,-145
IQ:35,288,255,-122,-218
SW:2
RR:3
SS:3
FR:2480
ME:10
MA:268
KE:7
KA:283
DF_END

Data arrived...
DF_BEGIN
IQ:0,0,11,-130,-155
IQ:1,8,11,-123,145
IQ:2,16,11,166,108
IQ:3,24,11,61,-181
IQ:4,32,11,-208,-54
IQ:5,40,11,-60,204
IQ:6,48,11,202,37
IQ:7,56,11,14,-200
IQ:8,72,12,88,157
IQ:9,80,255,110,-85
IQ:10,88,1,-195,-101
IQ:11,96,255,-99,152
IQ:12,104,2,161,-10
IQ:13,112,255,26,-204
IQ:14,120,10,-158,-127
IQ:15,128,255,-90,91
IQ:16,136,3,87,-104
IQ:17,144,255,-92,-174
IQ:18,152,9,-190,-66
IQ:19,160,255,-43,93
IQ:20,168,4,-4,-144
IQ:21,176,255,-153,-89
IQ:22,184,8,-145,27
IQ:23,192,255,65,108
IQ:24,200,7,149,-146
IQ:25,208,255,-107,-146
IQ:26,216,6,-61,101
IQ:27,224,255,66,22
IQ:28,232,5,-110,-90
IQ:29,240,255,-161,91
IQ:30,248,12,-40,180
IQ:31,256,255,139,-6
IQ:32,264,1,-85,-196
IQ:33,272,255,-179,54
IQ:34,280,2,126,122
IQ:35,288,255,161,-137
SW:2
RR:3
SS:3
FR:2426
ME:10
MA:262
KE:8
KA:281
DF_END

Data arrived...
DF_BEGIN
IQ:0,0,11,-42,141
IQ:1,8,11,156,23
IQ:2,16,11,15,-179
IQ:3,24,11,-180,-8
IQ:4,32,11,35,145
IQ:5,40,11,132,-73
IQ:6,48,11,-48,-151
IQ:7,56,11,-123,68
IQ:8,72,12,59,-132
IQ:9,80,255,-122,-40
IQ:10,88,1,61,177
IQ:11,96,255,132,-1
IQ:12,104,2,-58,-98
IQ:13,112,255,-135,58
IQ:14,120,10,-40,162
IQ:15,128,255,98,48
IQ:16,136,3,-113,-15
IQ:17,144,255,-58,130
IQ:18,152,9,34,174
IQ:19,160,255,58,4
IQ:20,168,4,-114,52
IQ:21,176,255,-12,94
IQ:22,184,8,81,88
IQ:23,192,255,31,-97
IQ:24,200,7,-141,-24
IQ:25,208,255,-36,177
IQ:26,216,6,79,-2
IQ:27,224,255,-17,-44
IQ:28,232,5,-21,119
IQ:29,240,255,119,47
IQ:30,248,12,138,-34
IQ:31,256,255,-39,-91
IQ:32,264,1,-73,158
IQ:33,272,255,98,73
IQ:34,280,2,-13,-119
IQ:35,288,255,-164,-56
SW:2
RR:3
SS:3
FR:2426
ME:10
MA:271
KE:8
KA:279
DF_END

Data arrived...
DF_BEGIN
IQ:0,0,11,-85,171
IQ:1,8,11,188,59
IQ:2,16,11,35,-195
IQ:3,24,11,-192,-15
IQ:4,32,11,-9,198
IQ:5,40,11,194,-24
IQ:6,48,11,-35,-192
IQ:7,56,11,-198,51
IQ:8,72,12,142,-185
IQ:9,80,255,-175,-126
IQ:10,88,1,-79,203
IQ:11,96,255,183,78
IQ:12,104,2,-5,-157
IQ:13,112,255,-198,-2
IQ:14,120,10,-84,197
IQ:15,128,255,156,51
IQ:16,136,3,-37,-114
IQ:17,144,255,-165,61
IQ:18,152,9,-14,200
IQ:19,160,255,135,-6
IQ:20,168,4,-114,-84
IQ:21,176,255,-107,150
IQ:22,184,8,94,179
IQ:23,192,255,132,-115
IQ:24,200,7,-198,-123
IQ:25,208,255,-126,190
IQ:26,216,6,156,74
IQ:27,224,255,39,-144
IQ:28,232,5,-150,36
IQ:29,240,255,68,177
IQ:30,248,12,239,-46
IQ:31,256,255,-42,-217
IQ:32,264,1,-194,87
IQ:33,272,255,88,173
IQ:34,280,2,98,-125
IQ:35,288,255,-153,-129
SW:2
RR:3
SS:3
FR:2402
ME:2
MA:353
KE:7
KA:286
DF_END

Data arrived...
DF_BEGIN
IQ:0,0,11,58,175
IQ:1,8,11,161,-74
IQ:2,16,11,-102,-156
IQ:3,24,11,-152,107
IQ:4,32,11,131,120
IQ:5,40,11,100,-151
IQ:6,48,11,-169,-83
IQ:7,56,11,-81,168
IQ:8,72,12,-99,-207
IQ:9,80,255,-142,98
IQ:10,88,1,202,134
IQ:11,96,255,114,-156
IQ:12,104,2,-207,19
IQ:13,112,255,-65,238
IQ:14,120,10,90,207
IQ:15,128,255,101,-33
IQ:16,136,3,-153,89
IQ:17,144,255,44,234
IQ:18,152,9,235,125
IQ:19,160,255,59,-110
IQ:20,168,4,-69,196
IQ:21,176,255,181,165
IQ:22,184,8,244,54
IQ:23,192,255,-6,-136
IQ:24,200,7,-232,219
IQ:25,208,255,134,203
IQ:26,216,6,35,-113
IQ:27,224,255,-95,2
IQ:28,232,5,85,164
IQ:29,240,255,206,-58
IQ:30,248,12,58,-209
IQ:31,256,255,-173,0
IQ:32,264,1,89,220
IQ:33,272,255,180,-74
IQ:34,280,2,-163,-124
IQ:35,288,255,-187,152
SW:2
RR:3
SS:3
FR:2480
ME:10
MA:271
KE:7
KA:284
DF_END

Data arrived...
DF_BEGIN
IQ:0,0,11,34,-186
IQ:1,8,11,-185,-2
IQ:2,16,11,15,190
IQ:3,24,11,192,-26
IQ:4,32,11,-64,-172
IQ:5,40,11,-164,79
IQ:6,48,11,102,157
IQ:7,56,11,147,-117
IQ:8,72,12,-19,228
IQ:9,80,255,189,-7
IQ:10,88,1,-86,-230
IQ:11,96,255,-189,63
IQ:12,104,2,186,106
IQ:13,112,255,183,-170
IQ:14,120,10,31,-225
IQ:15,128,255,-109,-17
IQ:16,136,3,162,7
IQ:17,144,255,72,-228
IQ:18,152,9,-125,-243
IQ:19,160,255,-123,45
IQ:20,168,4,166,-132
IQ:21,176,255,-63,-246
IQ:22,184,8,-196,-175
IQ:23,192,255,-70,118
IQ:24,200,7,307,-75
IQ:25,208,255,-5,-252
IQ:26,216,6,-99,65
IQ:27,224,255,71,54
IQ:28,232,5,11,-177
IQ:29,240,255,-223,-43
IQ:30,248,12,-172,159
IQ:31,256,255,149,94
IQ:32,264,1,65,-238
IQ:33,272,255,-183,-55
IQ:34,280,2,61,200
IQ:35,288,255,242,-28
SW:2
RR:3
SS:3
FR:2480
ME:10
MA:268
KE:8
KA:282
DF_END

Data arrived...
DF_BEGIN
IQ:0,0,11,94,172
IQ:1,8,11,160,-121
IQ:2,16,11,-138,-150
IQ:3,24,11,-135,142
IQ:4,32,11,163,108
IQ:5,40,11,89,-180
IQ:6,48,11,-193,-76
IQ:7,56,11,-56,192
IQ:8,72,12,-32,-170
IQ:9,80,255,-111,71
IQ:10,88,1,178,129
IQ:11,96,255,109,-141
IQ:12,104,2,-170,-37
IQ:13,112,255,-89,177
IQ:14,120,10,129,155
IQ:15,128,255,100,-67
IQ:16,136,3,-106,84
IQ:17,144,255,56,183
IQ:18,152,9,173,87
IQ:19,160,255,73,-76
IQ:20,168,4,-26,135
IQ:21,176,255,150,104
IQ:22,184,8,145,-14
IQ:23,192,255,-58,-108
IQ:24,200,7,-156,132
IQ:25,208,255,96,153
IQ:26,216,6,67,-87
IQ:27,224,255,-60,-39
IQ:28,232,5,95,101
IQ:29,240,255,169,-63
IQ:30,248,12,79,-162
IQ:31,256,255,-132,-27
IQ:32,264,1,53,206
IQ:33,272,255,180,-34
IQ:34,280,2,-115,-120
IQ:35,288,255,-186,106
SW:2
RR:3
SS:3
FR:2426
ME:10
MA:257
KE:8
KA:279
DF_END

Data arrived...
DF_BEGIN
IQ:0,0,11,166,111
IQ:1,8,11,89,-172
IQ:2,16,11,-181,-66
IQ:3,24,11,-39,191
IQ:4,32,11,196,26
IQ:5,40,11,14,-193
IQ:6,48,11,-202,1