
Data arrived...
DF_BEGIN
IQ:0,0,11,151,139
IQ:1,8,11,130,-154
IQ:2,16,11,-166,-115
IQ:3,24,11,-79,185
IQ:4,32,11,190,73
IQ:5,40,11,45,-200
IQ:6,48,11,-208,-28
IQ:7,56,11,-5,193
IQ:8,72,12,-102,-142
IQ:9,80,255,-96,102
IQ:10,88,1,212,79
IQ:11,96,255,84,-164
IQ:12,104,2,-170,6
IQ:13,112,255,-32,201
IQ:14,120,10,159,126
IQ:15,128,255,90,-96
IQ:16,136,3,-80,98
IQ:17,144,255,88,162
IQ:18,152,9,181,46
IQ:19,160,255,45,-86
IQ:20,168,4,10,154
IQ:21,176,255,165,75
IQ:22,184,8,133,-37
IQ:23,192,255,-78,-83
IQ:24,200,7,-134,161
IQ:25,208,255,122,129
IQ:26,216,6,51,-100
IQ:27,224,255,-70,-23
IQ:28,232,5,115,98
IQ:29,240,255,165,-89
IQ:30,248,12,40,-176
IQ:31,256,255,-130,22
IQ:32,264,1,109,196
IQ:33,272,255,166,-76
IQ:34,280,2,-140,-99
IQ:35,288,255,-149,148
SW:2
RR:3
SS:3
FR:2426
ME:10
MA:262
KE:7
KA:286
DF_END

Data arrived...
DF_BEGIN
IQ:0,0,11,150,-127
IQ:1,8,11,-135,-128
IQ:2,16,11,-123,152
IQ:3,24,11,152,107
IQ:4,32,11,80,-167
IQ:5,40,11,-181,-50
IQ:6,48,11,-43,192
IQ:7,56,11,185,20
IQ:8,72,12,-208,107
IQ:9,80,255,98,183
IQ:10,88,1,159,-131
IQ:11,96,255,-129,-136
IQ:12,104,2,-66,156
IQ:13,112,255,188,95
IQ:14,120,10,157,-146
IQ:15,128,255,-103,-109
IQ:16,136,3,5,140
IQ:17,144,255,196,14
IQ:18,152,9,88,-173
IQ:19,160,255,-130,-54
IQ:20,168,4,78,110
IQ:21,176,255,172,-84
IQ:22,184,8,-10,-200
IQ:23,192,255,-159,60
IQ:24,200,7,155,185
IQ:25,208,255,180,-137
IQ:26,216,6,-118,-123
IQ:27,224,255,-92,116
IQ:28,232,5,153,27
IQ:29,240,255,21,-193
IQ:30,248,12,-236,-49
IQ:31,256,255,-33,205
IQ:32,264,1,205,-3
IQ:33,272,255,-8,-193
IQ:34,280,2,-145,74
IQ:35,288,255,86,182
SW:2
RR:3
SS:3
FR:2402
ME:2
MA:353
KE:6
KA:294
DF_END

Data arrived...
DF_BEGIN
IQ:0,0,11,62,-181
IQ:1,8,11,-195,-60
IQ:2,16,11,-40,179
IQ:3,24,11,192,5
IQ:4,32,11,-28,-191
IQ:5,40,11,-191,43
IQ:6,48,11,68,175
IQ:7,56,11,173,-88
IQ:8,72,12,-68,226
IQ:9,80,255,168,28
IQ:10,88,1,-39,-232
IQ:11,96,255,-189,31
IQ:12,104,2,147,120
IQ:13,112,255,193,-134
IQ:14,120,10,72,-217
IQ:15,128,255,-95,-44
IQ:16,136,3,155,36
IQ:17,144,255,121,-204
IQ:18,152,9,-80,-247
IQ:19,160,255,-123,21
IQ:20,168,4,184,-85
IQ:21,176,255,-19,-253
IQ:22,184,8,-131,-221
IQ:23,192,255,-100,101
IQ:24,200,7,307,33
IQ:25,208,255,68,-235
IQ:26,216,6,-109,43
IQ:27,224,255,57,58
IQ:28,232,5,32,-183
IQ:29,240,255,-206,-95
IQ:30,248,12,-196,127
IQ:31,256,255,113,134
IQ:32,264,1,93,-211
IQ:33,272,255,-178,-79
IQ:34,280,2,21,192
IQ:35,288,255,232,19
SW:2
RR:3
SS:3
FR:2480
ME:10
MA:271
KE:7
KA:291
DF_END

Data arrived...
DF_BEGIN
IQ:0,0,11,30,194
IQ:1,8,11,188,-60
IQ:2,16,11,-75,-187
IQ:3,24,11,-165,103
IQ:4,32,11,127,159
IQ:5,40,11,148,-126
IQ:6,48,11,-149,-122
IQ:7,56,11,-103,174
IQ:8,72,12,-5,-171
IQ:9,80,255,-140,33
IQ:10,88,1,125,180
IQ:11,96,255,153,-92
IQ:12,104,2,-138,-93
IQ:13,112,255,-131,150
IQ:14,120,10,76,182
IQ:15,128,255,118,-33
IQ:16,136,3,-130,34
IQ:17,144,255,-3,186
IQ:18,152,9,135,127
IQ:19,160,255,79,-55
IQ:20,168,4,-92,126
IQ:21,176,255,95,156
IQ:22,184,8,138,34
IQ:23,192,255,-21,-109
IQ:24,200,7,-202,61
IQ:25,208,255,29,169
IQ:26,216,6,90,-71
IQ:27,224,255,-45,-48
IQ:28,232,5,43,146
IQ:29,240,255,190,8
IQ:30,248,12,132,-126
IQ:31,256,255,-118,-66
IQ:32,264,1,-20,217
IQ:33,272,255,178,33
IQ:34,280,2,-54,-159
IQ:35,288,255,-201,46
SW:2
RR:3
SS:3
FR:2426
ME:10
MA:259
KE:7
KA:287
DF_END

Data arrived...
DF_BEGIN
IQ:0,0,11,-33,182
IQ:1,8,11,195,8
IQ:2,16,11,-16,-188
IQ:3,24,11,-194,34
IQ:4,32,11,49,190
IQ:5,40,11,170,-87
IQ:6,48,11,-109,-167
IQ:7,56,11,-156,113
IQ:8,72,12,95,-219
IQ:9,80,255,-200,-79
IQ:10,88,1,-28,210
IQ:11,96,255,189,16
IQ:12,104,2,-50,-165
IQ:13,112,255,-205,50
IQ:14,120,10,-28,205
IQ:15,128,255,156,19
IQ:16,136,3,-91,-111
IQ:17,144,255,-160,104
IQ:18,152,9,36,195
IQ:19,160,255,123,-47
IQ:20,168,4,-140,-45
IQ:21,176,255,-79,173
IQ:22,184,8,146,147
IQ:23,192,255,93,-150
IQ:24,200,7,-234,-49
IQ:25,208,255,-53,220
IQ:26,216,6,171,24
IQ:27,224,255,-15,-148
IQ:28,232,5,-141,80
IQ:29,240,255,108,156
IQ:30,248,12,210,-112
IQ:31,256,255,-95,-190
IQ:32,264,1,-160,138
IQ:33,272,255,129,143
IQ:34,280,2,71,-153
IQ:35,288,255,-182,-78
SW:2
RR:3
SS:3
FR:2402
ME:2
MA:353
KE:7
KA:294
DF_END

Data arrived...
DF_BEGIN
IQ:0,0,11,139,133
IQ:1,8,11,126,-148
IQ:2,16,11,-168,-105
IQ:3,24,11,-95,169
IQ:4,32,11,173,64
IQ:5,40,11,37,-194
IQ:6,48,11,-188,-37
IQ:7,56,11,-2,186
IQ:8,72,12,-114,-223
IQ:9,80,255,-197,92
IQ:10,88,1,141,139
IQ:11,96,255,126,-148
IQ:12,104,2,-159,-54
IQ:13,112,255,-65,196
IQ:14,120,10,154,131
IQ:15,128,255,90,-134
IQ:16,136,3,-140,13
IQ:17,144,255,11,193
IQ:18,152,9,179,85
IQ:19,160,255,35,-130
IQ:20,168,4,-117,94
IQ:21,176,255,106,160
IQ:22,184,8,197,-44
IQ:23,192,255,-71,-161
IQ:24,200,7,-163,174
IQ:25,208,255,147,176
IQ:26,216,6,107,-121
IQ:27,224,255,-129,-76
IQ:28,232,5,-24,162
IQ:29,240,255,186,-14
IQ:30,248,12,29,-242
IQ:31,256,255,-212,-22
IQ:32,264,1,32,205
IQ:33,272,255,196,-20
IQ:34,280,2,-80,-153
IQ:35,288,255,-181,97
SW:2
RR:3
SS:3
FR:2402
ME:2
MA:353
KE:6
KA:301
DF_END

Data arrived...
DF_BEGIN
IQ:0,0,11,61,-175
IQ:1,8,11,-180,-50
IQ:2,16,11,-34,174
IQ:3,24,11,191,8
IQ:4,32,11,-6,-188
IQ:5,40,11,-191,25
IQ:6,48,11,54,173
IQ:7,56,11,166,-85
IQ:8,72,12,-61,223
IQ:9,80,255,174,36
IQ:10,88,1,-23,-236
IQ:11,96,255,-183,24
IQ:12,104,2,146,130
IQ:13,112,255,195,-126
IQ:14,120,10,98,-200
IQ:15,128,255,-91,-44
IQ:16,136,3,153,31
IQ:17,144,255,115,-202
IQ:18,152,9,-87,-246
IQ:19,160,255,-125,19
IQ:20,168,4,192,-69
IQ:21,176,255,-8,-258
IQ:22,184,8,-134,-218
IQ:23,192,255,-96,85
IQ:24,200,7,305,16
IQ:25,208,255,59,-244
IQ:26,216,6,-102,43
IQ:27,224,255,56,60
IQ:28,232,5,27,-177
IQ:29,240,255,-212,-77
IQ:30,248,12,-197,113
IQ:31,256,255,108,125
IQ:32,264,1,99,-215
IQ:33,272,255,-164,-93
IQ:34,280,2,32,197
IQ:35,288,255,228,22
SW:2
RR:3
SS:3
FR:2480
ME:10
MA:265
KE:6
KA:297
DF_END

Data arrived...
DF_BEGIN
IQ:0,0,11,-125,67
IQ:1,8,11,-85,196
IQ:2,16,11,41,121
IQ:3,24,11,-63,-18
IQ:4,32,11,-180,78
IQ:5,40,11,-70,172
IQ:6,48,11,4,28
IQ:7,56,11,-139,-51
IQ:8,72,12,-4,69
IQ:9,80,255,-95,-88
IQ:10,88,1,-252,23
IQ:11,96,255,-110,93
IQ:12,104,2,-43,-105
IQ:13,112,255,-180,-158
IQ:14,120,10,-216,-112
IQ:15,128,255,-118,-15
IQ:16,136,3,-62,-131
IQ:17,144,255,-201,-131
IQ:18,152,9,-202,-50
IQ:19,160,255,-55,-28
IQ:20,168,4,-138,-185
IQ:21,176,255,-196,-105
IQ:22,184,8,-120,-21
IQ:23,192,255,48,-57
IQ:24,200,7,15,-331
IQ:25,208,255,-107,-168
IQ:26,216,6,48,-59
IQ:27,224,255,61,-138
IQ:28,232,5,-74,-108
IQ:29,240,255,-11,19
IQ:30,248,12,148,17
IQ:31,256,255,168,-140
IQ:32,264,1,-15,-137
IQ:33,272,255,52,22
IQ:34,280,2,221,-66
IQ:35,288,255,105,-55
SW:2
RR:3
SS:3
FR:2480
ME:89
MA:279
KE:12
KA:295
DF_END

Data arrived...
DF_BEGIN
IQ:0,0,11,134,66
IQ:1,8,11,58,-142
IQ:2,16,11,-133,-50
IQ:3,24,11,-36,142
IQ:4,32,11,163,27
IQ:5,40,11,-13,-154
IQ:6,48,11,-155,34
IQ:7,56,11,66,122
IQ:8,72,12,-91,-77
IQ:9,80,255,-39,92
IQ:10,88,1,151,15
IQ:11,96,255,30,-132
IQ:12,104,2,-147,48
IQ:13,112,255,46,161
IQ:14,120,10,133,44
IQ:15,128,255,29,-110
IQ:16,136,3,-33,109
IQ:17,144,255,93,68
IQ:18,152,9,135,-9
IQ:19,160,255,1,-68
IQ:20,168,4,43,88
IQ:21,176,255,157,-7
IQ:22,184,8,74,-74
IQ:23,192,255,-80,-49
IQ:24,200,7,-55,132
IQ:25,208,255,134,80
IQ:26,216,6,-17,-112
IQ:27,224,255,-54,-3
IQ:28,232,5,96,31
IQ:29,240,255,84,-107
IQ:30,248,12,-11,-126
IQ:31,256,255,-111,42
IQ:32,264,1,136,124
IQ:33,272,255,106,-70
IQ:34,280,2,-93,-25
IQ:35,288,255,-51,144
SW:2
RR:3
SS:3
FR:2426
ME:10
MA:262
KE:12
KA:291
DF_END

Data arrived...
DF_BEGIN
IQ:0,0,11,14,-192
IQ:1,8,11,-186,2
IQ:2,16,11,32,188
IQ:3,24,11,181,-53
IQ:4,32,11,-81,-175
IQ:5,40,11,-164,89
IQ:6,48,11,103,161
IQ:7,56,11,151,-116
IQ:8,72,12,-62,230
IQ:9,80,255,205,53
IQ:10,88,1,-1,-206
IQ:11,96,255,-191,2
IQ:12,104,2,68,149
IQ:13,112,255,181,-85
IQ:14,120,10,1,-211
IQ:15,128,255,-155,3
IQ:16,136,3,99,87
IQ:17,144,255,137,-130
IQ:18,152,9,-54,-188
IQ:19,160,255,-122,60
IQ:20,168,4,140,22
IQ:21,176,255,42,-190
IQ:22,184,8,-164,-127
IQ:23,192,255,-81,143
IQ:24,200,7,233,3
IQ:25,208,255,3,-226
IQ:26,216,6,-166,9
IQ:27,224,255,32,142
IQ:28,232,5,129,-86
IQ:29,240,255,-120,-146
IQ:30,248,12,-200,117
IQ:31,256,255,134,163
IQ:32,264,1,141,-153
IQ:33,272,255,-147,-123
IQ:34,280,2,-43,159
IQ:35,288,255,198,60
SW:2
RR:3
SS:3
FR:2402
ME:2
MA:353
KE:12
KA:298
DF_END

Data arrived...
DF_BEGIN
IQ:0,0,11,33,-184
IQ:1,8,11,-189,-31
IQ:2,16,11,-15,196
IQ:3,24,11,187,-18
IQ:4,32,11,-43,-189
IQ:5,40,11,-177,51
IQ:6,48,11,86,170
IQ:7,56,11,152,-105
IQ:8,72,12,-12,230
IQ:9,80,255,181,3
IQ:10,88,1,-80,-217
IQ:11,96,255,-183,68
IQ:12,104,2,165,108
IQ:13,112,255,185,-148
IQ:14,120,10,46,-211
IQ:15,128,255,-108,-22
IQ:16,136,3,165,24
IQ:17,144,255,103,-214
IQ:18,152,9,-115,-233
IQ:19,160,255,-116,41
IQ:20,168,4,172,-110
IQ:21,176,255,-57,-246
IQ:22,184,8,-184,-182
IQ:23,192,255,-70,117
IQ:24,200,7,304,-40
IQ:25,208,255,9,-245
IQ:26,216,6,-95,59
IQ:27,224,255,67,51
IQ:28,232,5,2,-185
IQ:29,240,255,-215,-55
IQ:30,248,12,-171,153
IQ:31,256,255,131,108
IQ:32,264,1,42,-225
IQ:33,272,255,-193,-49
IQ:34,280,2,57,190
IQ:35,288,255,239,-14
SW:2
RR:3
SS:3
FR:2480
ME:10
MA:268
KE:12
KA:294
DF_END

Data arrived...
DF_BEGIN
IQ:0,0,11,-80,169
IQ:1,8,11,175,53
IQ:2,16,11,54,-183
IQ:3,24,11,-187,-26
IQ:4,32,11,4,182
IQ:5,40,11,178,-26
IQ:6,48,11,-52,-185
IQ:7,56,11,-182,60
IQ:8,72,12,100,-200
IQ:9,80,255,-166,-43
IQ:10,88,1,-2,238
IQ:11,96,255,179,-14
IQ:12,104,2,-135,-141
IQ:13,112,255,-209,110
IQ:14,120,10,-98,202
IQ:15,128,255,84,57
IQ:16,136,3,-158,-60
IQ:17,144,255,-136,180
IQ:18,152,9,43,258
IQ:19,160,255,114,3
IQ:20,168,4,-196,89
IQ:21,176,255,0,249
IQ:22,184,8,101,234
IQ:23,192,255,101,-86
IQ:24,200,7,-310,-29
IQ:25,208,255,-74,229
IQ:26,216,6,102,-33
IQ:27,224,255,-57,-61
IQ:28,232,5,-44,183
IQ:29,240,255,194,98
IQ:30,248,12,194,-109
IQ:31,256,255,-106,-137
IQ:32,264,1,-117,202
IQ:33,272,255,163,94
IQ:34,280,2,-13,-199
IQ:35,288,255,-232,-64
SW:2
RR:3
SS:3
FR:2480
ME:10
MA:268
KE:12
KA:290
DF_END

Data arrived...
DF_BEGIN
IQ:0,0,11,74,184
IQ:1,8,11,170,-99
IQ:2,16,11,-119,-172
IQ:3,24,11,-151,123
IQ:4,32,11,149,135
IQ:5,40,11,126,-155
IQ:6,48,11,-176,-96
IQ:7,56,11,-77,188
IQ:8,72,12,-19,-177
IQ:9,80,255,-127,44
IQ:10,88,1,156,145
IQ:11,96,255,139,-117
IQ:12,104,2,-165,-43
IQ:13,112,255,-97,174
IQ:14,120,10,98,172
IQ:15,128,255,116,-58
IQ:16,136,3,-117,51
IQ:17,144,255,32,183
IQ:18,152,9,151,110
IQ:19,160,255,70,-60
IQ:20,168,4,-59,143
IQ:21,176,255,118,131
IQ:22,184,8,129,10
IQ:23,192,255,-37,-111
IQ:24,200,7,-194,84
IQ:25,208,255,54,164
IQ:26,216,6,87,-75
IQ:27,224,255,-55,-42
IQ:28,232,5,72,128
IQ:29,240,255,184,-33
IQ:30,248,12,100,-143
IQ:31,256,255,-125,-43
IQ:32,264,1,23,214
IQ:33,272,255,180,-3
IQ:34,280,2,-85,-135
IQ:35,288,255,-183,81
SW:2
RR:3
SS:3
FR:2426
ME:10
MA:262
KE:12
KA:287
DF_END

Data arrived...
DF_BEGIN
IQ:0,0,11,-117,-145
IQ:1,8,11,-140,123
IQ:2,16,11,142,113
IQ:3,24,11,90,-159
IQ:4,32,11,-171,-76
IQ:5,40,11,-56,173
IQ:6,48,11,180,39
IQ:7,56,11,30,-192
IQ:8,72,12,84,215
IQ:9,80,255,186,-92
IQ:10,88,1,-132,-174
IQ:11,96,255,-146,127
IQ:12,104,2,153,68
IQ:13,112,255,88,-187
IQ:14,120,10,-134,-155
IQ:15,128,255,-113,101
IQ:16,136,3,133,3
IQ:17,144,255,16,-193
IQ:18,152,9,-179,-93
IQ:19,160,255,-58,125
IQ:20,168,4,119,-62
IQ:21,176,255,-88,-164
IQ:22,184,8,-201,29
IQ:23,192,255,65,160
IQ:24,200,7,182,-144
IQ:25,208,255,-126,-182
IQ:26,216,6,-126,111
IQ:27,224,255,116,103
IQ:28,232,5,51,-152
IQ:29,240,255,-187,-14
IQ:30,248,12,-62,231
IQ:31,256,255,209,47
IQ:32,264,1,-2,-211
IQ:33,272,255,-194,2
IQ:34,280,2,66,155
IQ:35,288,255,178,-87
SW:2
RR:3
SS:3
FR:2402
ME:2
MA:353
KE:11
KA:294
DF_END

Data arrived...
DF_BEGIN
IQ:0,0,11,-150,116
IQ:1,8,11,122,133
IQ:2,16,11,112,-144
IQ:3,24,11,-160,-92
IQ:4,32,11,-67,169
IQ:5,40,11,172,50
IQ:6,48,11,28,-179
IQ:7,56,11,-187,-16
IQ:8,72,12,163,-148
IQ:9,80,255,-131,-113
IQ:10,88,1,-81,209
IQ:11,96,255,169,66
IQ:12,104,2,-59,-190
IQ:13,112,255,-239,13
IQ:14,120,10,-177,131
IQ:15,128,255,55,81
IQ:16,136,3,-128,-102
IQ:17,144,255,-201,111
IQ:18,152,9,-52,247
IQ:19,160,255,111,39
IQ:20,168,4,-213,-21
IQ:21,176,255,-123,222
IQ:22,184,8,11,255
IQ:23,192,255,117,-34
IQ:24,200,7,-283,-138
IQ:25,208,255,-154,193
IQ:26,216,6,114,21
IQ:27,224,255,-22,-77
IQ:28,232,5,-128,138
IQ:29,240,255,127,180
IQ:30,248,12,207,-15
IQ:31,256,255,-41,-169
IQ:32,264,1,-179,137
IQ:33,272,255,109,151
IQ:34,280,2,61,-183
IQ:35,288,255,-190,-130
SW:2
RR:3
SS:3
FR:2480
ME:10
MA:271
KE:11
KA:291
DF_END

Data arrived...
DF_BEGIN
IQ:0,0,11,-54,133
IQ:1,8,11,136,37
IQ:2,16,11,31,-147
IQ:3,24,11,-148,-10
IQ:4,32,11,25,140
IQ:5,40,11,149,-38
IQ:6,48,11,-43,-145
IQ:7,56,11,-131,72
IQ:8,72,12,68,-109
IQ:9,80,255,-99,-40
IQ:10,88,1,9,157
IQ:11,96,255,136,-2
IQ:12,104,2,-61,-110
IQ:13,112,255,-142,42
IQ:14,120,10,-30,144
IQ:15,128,255,88,18
IQ:16,136,3,-96,-23
IQ:17,144,255,-78,112
IQ:18,152,9,36,135
IQ:19,160,255,74,2
IQ:20,168,4,-96,55
IQ:21,176,255,4,136
IQ:22,184,8,68,68
IQ:23,192,255,36,-81
IQ:24,200,7,-150,-50
IQ:25,208,255,-63,119
IQ:26,216,6,84,7
IQ:27,224,255,-8,-52
IQ:28,232,5,-27,107
IQ:29,240,255,118,70
IQ:30,248,12,129,-40
IQ:31,256,255,-50,-86
IQ:32,264,1,-92,132
IQ:33,272,255,108,86
IQ:34,280,2,14,-124
IQ:35,288,255,-152,-42
SW:2
RR:3
SS:3
FR:2426
ME:7
MA:271
KE:10
KA:288
DF_END

Data arrived...
DF_BEGIN
IQ:0,0,11,111,67
IQ:1,8,11,69,-119
IQ:2,16,11,-124,-83
IQ:3,24,11,-57,145
IQ:4,32,11,127,24
IQ:5,40,11,12,-159
IQ:6,48,11,-155,2
IQ:7,56,11,21,141
IQ:8,72,12,-89,-108
IQ:9,80,255,-70,97
IQ:10,88,1,158,60
IQ:11,96,255,59,-165
IQ:12,104,2,-135,39
IQ:13,112,255,-5,128
IQ:14,120,10,132,37
IQ:15,128,255,53,-95
IQ:16,136,3,-27,86
IQ:17,144,255,72,101
IQ:18,152,9,140,18
IQ:19,160,255,4,-75
IQ:20,168,4,26,107
IQ:21,176,255,139,12
IQ:22,184,8,78,-51
IQ:23,192,255,-76,-54
IQ:24,200,7,-79,135
IQ:25,208,255,131,78
IQ:26,216,6,34,-73
IQ:27,224,255,-60,-8
IQ:28,232,5,101,36
IQ:29,240,255,97,-95
IQ:30,248,12,-16,-153
IQ:31,256,255,-129,14
IQ:32,264,1,129,140
IQ:33,272,255,117,-60
IQ:34,280,2,-133,-10
IQ:35,288,255,-63,96
SW:2
RR:3
SS:3
FR:2426
ME:10
MA:265
KE:10
KA:285
DF_END

Data arrived...
DF_BEGIN
IQ:0,0,11,-97,-155
IQ:1,8,11,-138,123
IQ:2,16,11,133,123
IQ:3,24,11,106,-142
IQ:4,32,11,-169,-86
IQ:5,40,11,-83,166
IQ:6,48,11,176,57
IQ:7,56,11,38,-175
IQ:8,72,12,137,178
IQ:9,80,255,123,-116
IQ:10,88,1,-215,-102
IQ:11,96,255,-73,169
IQ:12,104,2,197,-42
IQ:13,112,255,11,-236
IQ:14,120,10,-128,-178
IQ:15,128,255,-94,57
IQ:16,136,3,121,-114
IQ:17,144,255,-87,-219
IQ:18,152,9,-242,-95
IQ:19,160,255,-59,102
IQ:20,168,4,30,-210
IQ:21,176,255,-218,-125
IQ:22,184,8,-253,-8
IQ:23,192,255,25,125
IQ:24,200,7,172,-260
IQ:25,208,255,-168,-177
IQ:26,216,6,-30,107
IQ:27,224,255,77,-18
IQ:28,232,5,-134,-122
IQ:29,240,255,-187,118
IQ:30,248,12,-9,224
IQ:31,256,255,171,-11
IQ:32,264,1,-122,-197
IQ:33,272,255,-161,99
IQ:34,280,2,175,81
IQ:35,288,255,159,-172
SW:2
RR:3
SS:3
FR:2480
ME:10
MA:265
KE:10
KA:282
DF_END

Data arrived...
DF_BEGIN
IQ:0,0,11,159,96
IQ:1,8,11,67,-160
IQ:2,16,11,-183,-42
IQ:3,24,11,-21,179
IQ:4,32,11,188,-9
IQ:5,40,11,-5,-183
IQ:6,48,11,-177,28
IQ:7,56,11,60,176
IQ:8,72,12,-210,-83
IQ:9,80,255,-55,160
IQ:10,88,1,231,-15
IQ:11,96,255,-17,-180
IQ:12,104,2,-139,133
IQ:13,112,255,108,213
IQ:14,120,10,191,104
IQ:15,128,255,42,-88
IQ:16,136,3,-39,164
IQ:17,144,255,185,127
IQ:18,152,9,249,-59
IQ:19,160,255,-12,-112
IQ:20,168,4,95,198
IQ:21,176,255,256,6
IQ:22,184,8,218,-126
IQ:23,192,255,-95,-88
IQ:24,200,7,-14,311
IQ:25,208,255,240,74
IQ:26,216,6,-35,-100
IQ:27,224,255,-66,55
IQ:28,232,5,174,49
IQ:29,240,255,93,-196
IQ:30,248,12,-91,-201
IQ:31,256,255,-126,104
IQ:32,264,1,203,107
IQ:33,272,255,85,-164
IQ:34,280,2,-195,20
IQ:35,288,255,-45,242
SW:2
RR:3
SS:3
FR:2480
ME:10
MA:265
KE:10
KA:280
DF_END

Data arrived...
DF_BEGIN
IQ:0,0,11,16,146
IQ:1,8,11,149,-26
IQ:2,16,11,-51,-137
IQ:3,24,11,-131,65
IQ:4,32,11,86,114
IQ:5,40,11,115,-89
IQ:6,48,11,-101,-106
IQ:7,56,11,-93,110
IQ:8,72,12,14,-130
IQ:9,80,255,-104,14
IQ:10,88,1,76,143
IQ:11,96,255,122,-57
IQ:12,104,2,-102,-66
IQ:13,112,255,-93,117
IQ:14,120,10,40,146
IQ:15,128,255,88,-13
IQ:16,136,3,-94,20
IQ:17,144,255,-12,129
IQ:18,152,9,89,104
IQ:19,160,255,62,-35
IQ:20,168,4,-61,96
IQ:21,176,255,63,119
IQ:22,184,8,92,26
IQ:23,192,255,-16,-87
IQ:24,200,7,-146,43
IQ:25,208,255,26,129
IQ:26,216,6,75,-36
IQ:27,224,255,-30,-43
IQ:28,232,5,26,106
IQ:29,240,255,136,7
IQ:30,248,12,102,-93
IQ:31,256,255,-76,-56
IQ:32,264,1,-28,157
IQ:33,272,255,127,21
IQ:34,280,2,-49,-116
IQ:35,288,255,-158,19
SW:2
RR:3
SS:3
FR:2426
ME:10
MA:259
KE:10
KA:277
DF_END

Data arrived...
DF_BEGIN
IQ:0,0,11,-48,174
IQ:1,8,11,184,17
IQ:2,16,11,-8,-193
IQ:3,24,11,-189,17
IQ:4,32,11,50,175
IQ:5,40,11,180,-75
IQ:6,48,11,-80,-157
IQ:7,56,11,-157,109
IQ:8,72,12,103,-208
IQ:9,80,255,-190,-98
IQ:10,88,1,-41,197
IQ:11,96,255,185,27
IQ:12,104,2,-49,-163
IQ:13,112,255,-197,61
IQ:14,120,10,-18,201
IQ:15,128,255,155,-5
IQ:16,136,3,-93,-101
IQ:17,144,255,-149,110
IQ:18,152,9,35,193
IQ:19,160,255,127,-47
IQ:20,168,4,-125,-50
IQ:21,176,255,-70,180
IQ:22,184,8,146,145
IQ:23,192,255,87,-144
IQ:24,200,7,-224,-43
IQ:25,208,255,-43,214
IQ:26,216,6,168,15
IQ:27,224,255,-15,-152
IQ:28,232,5,-140,61
IQ:29,240,255,101,155
IQ:30,248,12,215,-96
IQ:31,256,255,-103,-185
IQ:32,264,1,-150,137
IQ:33,272,255,133,133
IQ:34,280,2,79,-156
IQ:35,288,255,-178,-102
SW:2
RR:3
SS:3
FR:2402
ME:2
MA:353
KE:9
KA:283
DF_END

Data arrived...
DF_BEGIN
IQ:0,0,11,-158,-101
IQ:1,8,11,-88,161
IQ:2,16,11,169,79
IQ:3,24,11,59,-169
IQ:4,32,11,-179,-21
IQ:5,40,11,-27,183
IQ:6,48,11,184,-13
IQ:7,56,11,-26,-183
IQ:8,72,12,184,127
IQ:9,80,255,81,-147
IQ:10,88,1,-241,-26
IQ:11,96,255,-24,180
IQ:12,104,2,166,-99
IQ:13,112,255,-75,-222
IQ:14,120,10,-187,-116
IQ:15,128,255,-63,79
IQ:16,136,3,79,-149
IQ:17,144,255,-159,-172
IQ:18,152,9,-257,14
IQ:19,160,255,-17,116
IQ:20,168,4,-37,-203
IQ:21,176,255,-249,-40
IQ:22,184,8,-240,69
IQ:23,192,255,77,107
IQ: