KE:19
KA:14
DF_END

Data arrived...
DF_BEGIN
IQ:0,0,11,-72,146
IQ:1,8,11,153,60
IQ:2,16,11,29,-160
IQ:3,24,11,-160,-22
IQ:4,32,11,-10,164
IQ:5,40,11,156,-6
IQ:6,48,11,-24,-154
IQ:7,56,11,-145,52
IQ:8,72,12,145,-24
IQ:9,80,255,-3,-100
IQ:10,88,1,-28,57
IQ:11,96,255,97,20
IQ:12,104,2,42,-133
IQ:13,112,255,-153,-59
IQ:14,120,10,-134,151
IQ:15,128,255,114,94
IQ:16,136,3,4,-163
IQ:17,144,255,-189,-38
IQ:18,152,9,-102,126
IQ:19,160,255,103,41
IQ:20,168,4,-42,-156
IQ:21,176,255,-159,28
IQ:22,184,8,-38,103
IQ:23,192,255,83,-3
IQ:24,200,7,-67,-60
IQ:25,208,255,-58,88
IQ:26,216,6,102,71
IQ:27,224,255,69,-127
IQ:28,232,5,-113,-101
IQ:29,240,255,-76,116
IQ:30,248,12,116,83
IQ:31,256,255,65,-90
IQ:32,264,1,-57,28
IQ:33,272,255,57,82
IQ:34,280,2,126,-65
IQ:35,288,255,-75,-127
SW:2
RR:3
SS:3
FR:2480
ME:2
MA:353
KE:18
KA:12
DF_END

Data arrived...
DF_BEGIN
IQ:0,0,11,161,18
IQ:1,8,11,-4,-164
IQ:2,16,11,-165,10
IQ:3,24,11,33,159
IQ:4,32,11,144,-59
IQ:5,40,11,-74,-144
IQ:6,48,11,-141,89
IQ:7,56,11,94,136
IQ:8,72,12,-20,-107
IQ:9,80,255,-58,17
IQ:10,88,1,65,5
IQ:11,96,255,10,-94
IQ:12,104,2,-111,-48
IQ:13,112,255,-32,116
IQ:14,120,10,128,59
IQ:15,128,255,30,-105
IQ:16,136,3,-130,35
IQ:17,144,255,5,147
IQ:18,152,9,97,34
IQ:19,160,255,-3,-71
IQ:20,168,4,-107,41
IQ:21,176,255,36,104
IQ:22,184,8,105,-4
IQ:23,192,255,-13,-65
IQ:24,200,7,-22,70
IQ:25,208,255,88,21
IQ:26,216,6,40,-87
IQ:27,224,255,-107,-37
IQ:28,232,5,-80,101
IQ:29,240,255,92,60
IQ:30,248,12,58,-92
IQ:31,256,255,-55,-35
IQ:32,264,1,50,38
IQ:33,272,255,65,-78
IQ:34,280,2,-54,-120
IQ:35,288,255,-94,68
SW:2
RR:3
SS:3
FR:2426
ME:2
MA:353
KE:16
KA:9
DF_END

Data arrived...
DF_BEGIN
IQ:0,0,11,158,-15
IQ:1,8,11,-19,-165
IQ:2,16,11,-157,33
IQ:3,24,11,58,150
IQ:4,32,11,147,-68
IQ:5,40,11,-80,-145
IQ:6,48,11,-124,104
IQ:7,56,11,118,111
IQ:8,72,12,-38,-107
IQ:9,80,255,-57,18
IQ:10,88,1,64,-9
IQ:11,96,255,-26,-93
IQ:12,104,2,-125,-36
IQ:13,112,255,-20,126
IQ:14,120,10,132,32
IQ:15,128,255,13,-105
IQ:16,136,3,-129,41
IQ:17,144,255,32,138
IQ:18,152,9,100,25
IQ:19,160,255,-4,-78
IQ:20,168,4,-104,52
IQ:21,176,255,48,94
IQ:22,184,8,96,-21
IQ:23,192,255,-30,-60
IQ:24,200,7,-18,69
IQ:25,208,255,86,10
IQ:26,216,6,24,-92
IQ:27,224,255,-113,-21
IQ:28,232,5,-64,109
IQ:29,240,255,101,46
IQ:30,248,12,44,-104
IQ:31,256,255,-61,-30
IQ:32,264,1,61,35
IQ:33,272,255,53,-81
IQ:34,280,2,-70,-105
IQ:35,288,255,-77,90
SW:2
RR:3
SS:3
FR:2426
ME:2
MA:353
KE:14
KA:7
DF_END

Data arrived...
DF_BEGIN
IQ:0,0,11,90,-136
IQ:1,8,11,-152,-84
IQ:2,16,11,-55,152
IQ:3,24,11,156,40
IQ:4,32,11,15,-164
IQ:5,40,11,-168,-12
IQ:6,48,11,8,164
IQ:7,56,11,153,-47
IQ:8,72,12,-39,-98
IQ:9,80,255,-101,-41
IQ:10,88,1,-148,-25
IQ:11,96,255,-102,96
IQ:12,104,2,-111,60
IQ:13,112,255,52,72
IQ:14,120,10,111,-89
IQ:15,128,255,-63,-92
IQ:16,136,3,-48,79
IQ:17,144,255,77,96
IQ:18,152,9,131,6
IQ:19,160,255,16,-83
IQ:20,168,4,-21,24
IQ:21,176,255,31,23
IQ:22,184,8,126,-4
IQ:23,192,255,50,-77
IQ:24,200,7,39,-84
IQ:25,208,255,-40,-59
IQ:26,216,6,-24,-19
IQ:27,224,255,-55,-7
IQ:28,232,5,-81,32
IQ:29,240,255,22,35
IQ:30,248,12,32,-94
IQ:31,256,255,-50,-102
IQ:32,264,1,-83,-129
IQ:33,272,255,-135,-4
IQ:34,280,2,-118,-40
IQ:35,288,255,5,86
SW:2
RR:3
SS:3
FR:2402
ME:66
MA:72
KE:19
KA:13
DF_END

Data arrived...
DF_BEGIN
IQ:0,0,11,-116,106
IQ:1,8,11,126,105
IQ:2,16,11,90,-135
IQ:3,24,11,-143,-80
IQ:4,32,11,-57,156
IQ:5,40,11,160,27
IQ:6,48,11,11,-163
IQ:7,56,11,-166,-7
IQ:8,72,12,142,27
IQ:9,80,255,8,-101
IQ:10,88,1,-49,52
IQ:11,96,255,75,48
IQ:12,104,2,89,-101
IQ:13,112,255,-130,-98
IQ:14,120,10,-183,104
IQ:15,128,255,92,129
IQ:16,136,3,66,-150
IQ:17,144,255,-172,-94
IQ:18,152,9,-144,87
IQ:19,160,255,79,64
IQ:20,168,4,20,-162
IQ:21,176,255,-156,-15
IQ:22,184,8,-53,89
IQ:23,192,255,81,15
IQ:24,200,7,-44,-88
IQ:25,208,255,-87,65
IQ:26,216,6,65,99
IQ:27,224,255,113,-95
IQ:28,232,5,-79,-132
IQ:29,240,255,-109,92
IQ:30,248,12,91,109
IQ:31,256,255,87,-68
IQ:32,264,1,-67,5
IQ:33,272,255,24,97
IQ:34,280,2,135,-16
IQ:35,288,255,-36,-147
SW:2
RR:3
SS:3
FR:2480
ME:5
MA:353
KE:18
KA:11
DF_END

Data arrived...
DF_BEGIN
IQ:0,0,11,-161,57
IQ:1,8,11,89,135
IQ:2,16,11,91,-99
IQ:3,24,11,-146,-159
IQ:4,32,11,-103,102
IQ:5,40,11,151,64
IQ:6,48,11,32,-164
IQ:7,56,11,-159,-89
IQ:8,72,12,83,69
IQ:9,80,255,13,-21
IQ:10,88,1,-40,45
IQ:11,96,255,47,118
IQ:12,104,2,105,-37
IQ:13,112,255,-112,-139
IQ:14,120,10,-199,16
IQ:15,128,255,-20,106
IQ:16,136,3,63,-132
IQ:17,144,255,-109,-106
IQ:18,152,9,-79,20
IQ:19,160,255,32,79
IQ:20,168,4,52,-94
IQ:21,176,255,-98,-23
IQ:22,184,8,-18,99
IQ:23,192,255,43,41
IQ:24,200,7,-32,-82
IQ:25,208,255,-40,9
IQ:26,216,6,21,75
IQ:27,224,255,97,-41
IQ:28,232,5,0,-97
IQ:29,240,255,-82,2
IQ:30,248,12,40,79
IQ:31,256,255,45,-15
IQ:32,264,1,-77,4
IQ:33,272,255,2,84
IQ:34,280,2,189,103
IQ:35,288,255,51,-110
SW:2
RR:3
SS:3
FR:2426
ME:2
MA:353
KE:16
KA:9
DF_END

Data arrived...
DF_BEGIN
IQ:0,0,11,-59,184
IQ:1,8,11,173,41
IQ:2,16,11,19,-203
IQ:3,24,11,-204,10
IQ:4,32,11,23,206
IQ:5,40,11,186,-56
IQ:6,48,11,-57,-194
IQ:7,56,11,-183,78
IQ:8,72,12,81,88
IQ:9,80,255,124,20
IQ:10,88,1,203,10
IQ:11,96,255,99,-134
IQ:12,104,2,90,-114
IQ:13,112,255,-81,-48
IQ:14,120,10,-109,141
IQ:15,128,255,76,86
IQ:16,136,3,49,-120
IQ:17,144,255,-128,-77
IQ:18,152,9,-134,28
IQ:19,160,255,-6,81
IQ:20,168,4,9,-41
IQ:21,176,255,-45,-22
IQ:22,184,8,-113,44
IQ:23,192,255,-15,109
IQ:24,200,7,-14,96
IQ:25,208,255,83,38
IQ:26,216,6,43,12
IQ:27,224,255,50,-32
IQ:28,232,5,97,-72
IQ:29,240,255,-29,-39
IQ:30,248,12,-31,119
IQ:31,256,255,73,101
IQ:32,264,1,126,134
IQ:33,272,255,160,-27
IQ:34,280,2,146,12
IQ:35,288,255,-29,-109
SW:2
RR:3
SS:3
FR:2402
ME:61
MA:72
KE:20
KA:15
DF_END

Data arrived...
DF_BEGIN
IQ:0,0,11,65,152
IQ:1,8,11,146,-66
IQ:2,16,11,-79,-145
IQ:3,24,11,-130,89
IQ:4,32,11,111,118
IQ:5,40,11,104,-124
IQ:6,48,11,-135,-90
IQ:7,56,11,-75,144
IQ:8,72,12,88,-117
IQ:9,80,255,-86,-60
IQ:10,88,1,17,59
IQ:11,96,255,81,-51
IQ:12,104,2,-64,-125
IQ:13,112,255,-146,82
IQ:14,120,10,30,205
IQ:15,128,255,144,-31
IQ:16,136,3,-123,-118
IQ:17,144,255,-164,112
IQ:18,152,9,24,164
IQ:19,160,255,88,-44
IQ:20,168,4,-144,-82
IQ:21,176,255,-91,138
IQ:22,184,8,48,96
IQ:23,192,255,45,-60
IQ:24,200,7,-92,9
IQ:25,208,255,28,107
IQ:26,216,6,117,-31
IQ:27,224,255,-40,-146
IQ:28,232,5,-157,12
IQ:29,240,255,22,138
IQ:30,248,12,137,-23
IQ:31,256,255,-26,-102
IQ:32,264,1,-22,59
IQ:33,272,255,94,12
IQ:34,280,2,47,-138
IQ:35,288,255,-149,-31
SW:2
RR:3
SS:3
FR:2480
ME:2
MA:353
KE:18
KA:12
DF_END

Data arrived...
DF_BEGIN
IQ:0,0,11,-58,154
IQ:1,8,11,152,35
IQ:2,16,11,29,-164
IQ:3,24,11,-156,-9
IQ:4,32,11,20,162
IQ:5,40,11,157,-26
IQ:6,48,11,-42,-148
IQ:7,56,11,-139,74
IQ:8,72,12,106,14
IQ:9,80,255,8,-61
IQ:10,88,1,-15,65
IQ:11,96,255,92,22
IQ:12,104,2,72,-100
IQ:13,112,255,-110,-65
IQ:14,120,10,-91,104
IQ:15,128,255,78,48
IQ:16,136,3,-1,-136
IQ:17,144,255,-137,-28
IQ:18,152,9,-64,79
IQ:19,160,255,68,24
IQ:20,168,4,-3,-110
IQ:21,176,255,-104,13
IQ:22,184,8,-19,96
IQ:23,192,255,65,0
IQ:24,200,7,-58,-40
IQ:25,208,255,-43,74
IQ:26,216,6,76,56
IQ:27,224,255,58,-100
IQ:28,232,5,-69,-103
IQ:29,240,255,-74,82
IQ:30,248,12,73,84
IQ:31,256,255,46,-48
IQ:32,264,1,-58,31
IQ:33,272,255,53,75
IQ:34,280,2,128,-20
IQ:35,288,255,-35,-114
SW:2
RR:3
SS:3
FR:2426
ME:2
MA:353
KE:17
KA:10
DF_END

Data arrived...
DF_BEGIN
IQ:0,0,11,-163,-126
IQ:1,8,11,-93,171
IQ:2,16,11,191,76
IQ:3,24,11,44,-194
IQ:4,32,11,-202,-34
IQ:5,40,11,-27,189
IQ:6,48,11,191,-9
IQ:7,56,11,-23,-212
IQ:8,72,12,-115,29
IQ:9,80,255,-53,112
IQ:10,88,1,-52,188
IQ:11,96,255,108,139
IQ:12,104,2,76,128
IQ:13,112,255,83,-71
IQ:14,120,10,-117,-130
IQ:15,128,255,-110,67
IQ:16,136,3,98,89
IQ:17,144,255,127,-92
IQ:18,152,9,4,-159
IQ:19,160,255,-95,-17
IQ:20,168,4,40,18
IQ:21,176,255,33,-39
IQ:22,184,8,-4,-133
IQ:23,192,255,-94,-53
IQ:24,200,7,-84,-67
IQ:25,208,255,-86,47
IQ:26,216,6,-26,31
IQ:27,224,255,6,70
IQ:28,232,5,42,97
IQ:29,240,255,41,-27
IQ:30,248,12,-111,-52
IQ:31,256,255,-113,49
IQ:32,264,1,-152,108
IQ:33,272,255,-7,169
IQ:34,280,2,-38,145
IQ:35,288,255,122,-14
SW:2
RR:3
SS:3
FR:2402
ME:61
MA:72
KE:21
KA:16
DF_END

Data arrived...
DF_BEGIN
IQ:0,0,11,-121,113
IQ:1,8,11,117,110
IQ:2,16,11,80,-139
IQ:3,24,11,-152,-66
IQ:4,32,11,-61,153
IQ:5,40,11,154,21
IQ:6,48,11,-11,-169
IQ:7,56,11,-172,16
IQ:8,72,12,140,21
IQ:9,80,255,8,-102
IQ:10,88,1,-48,44
IQ:11,96,255,74,54
IQ:12,104,2,80,-104
IQ:13,112,255,-140,-95
IQ:14,120,10,-161,119
IQ:15,128,255,103,107
IQ:16,136,3,48,-161
IQ:17,144,255,-169,-110
IQ:18,152,9,-139,93
IQ:19,160,255,73,66
IQ:20,168,4,12,-163
IQ:21,176,255,-161,-23
IQ:22,184,8,-66,96
IQ:23,192,255,77,14
IQ:24,200,7,-55,-81
IQ:25,208,255,-89,68
IQ:26,216,6,66,96
IQ:27,224,255,107,-100
IQ:28,232,5,-75,-138
IQ:29,240,255,-108,86
IQ:30,248,12,100,102
IQ:31,256,255,75,-74
IQ:32,264,1,-64,6
IQ:33,272,255,30,90
IQ:34,280,2,136,-27
IQ:35,288,255,-45,-151
SW:2
RR:3
SS:3
FR:2480
ME:5
MA:353
KE:19
KA:14
DF_END

Data arrived...
DF_BEGIN
IQ:0,0,11,-3,-158
IQ:1,8,11,-159,17
IQ:2,16,11,35,156
IQ:3,24,11,140,-71
IQ:4,32,11,-80,-142
IQ:5,40,11,-129,97
IQ:6,48,11,112,126
IQ:7,56,11,109,-126
IQ:8,72,12,-106,85
IQ:9,80,255,74,77
IQ:10,88,1,-6,-67
IQ:11,96,255,-86,36
IQ:12,104,2,21,141
IQ:13,112,255,155,-39
IQ:14,120,10,32,-202
IQ:15,128,255,-147,-22
IQ:16,136,3,84,150
IQ:17,144,255,188,-68
IQ:18,152,9,21,-162
IQ:19,160,255,-102,13
IQ:20,168,4,115,120
IQ:21,176,255,128,-106
IQ:22,184,8,-28,-105
IQ:23,192,255,-68,46
IQ:24,200,7,93,15
IQ:25,208,255,3,-112
IQ:26,216,6,-122,-10
IQ:27,224,255,7,143
IQ:28,232,5,157,22
IQ:29,240,255,8,-139
IQ:30,248,12,-140,-19
IQ:31,256,255,-7,103
IQ:32,264,1,32,-58
IQ:33,272,255,-92,-39
IQ:34,280,2,-60,116
IQ:35,288,255,139,73
SW:2
RR:3
SS:3
FR:2480
ME:2
MA:353
KE:18
KA:12
DF_END

Data arrived...
DF_BEGIN
IQ:0,0,11,33,-160
IQ:1,8,11,-159,-26
IQ:2,16,11,-4,159
IQ:3,24,11,158,-18
IQ:4,32,11,-43,-163
IQ:5,40,11,-155,49
IQ:6,48,11,62,144
IQ:7,56,11,126,-93
IQ:8,72,12,-115,11
IQ:9,80,255,7,62
IQ:10,88,1,-1,-68
IQ:11,96,255,-96,-8
IQ:12,104,2,-57,111
IQ:13,112,255,113,48
IQ:14,120,10,76,-116
IQ:15,128,255,-90,-42
IQ:16,136,3,19,136
IQ:17,144,255,140,8
IQ:18,152,9,46,-89
IQ:19,160,255,-70,-4
IQ:20,168,4,30,106
IQ:21,176,255,105,-30
IQ:22,184,8,3,-100
IQ:23,192,255,-66,12
IQ:24,200,7,61,30
IQ:25,208,255,29,-81
IQ:26,216,6,-89,-40
IQ:27,224,255,-44,102
IQ:28,232,5,86,83
IQ:29,240,255,61,-76
IQ:30,248,12,-82,-72
IQ:31,256,255,-32,56
IQ:32,264,1,41,-53
IQ:33,272,255,-63,-74
IQ:34,280,2,-120,35
IQ:35,288,255,69,99
SW:2
RR:3
SS:3
FR:2426
ME:2
MA:353
KE:16
KA:9
DF_END

Data arrived...
DF_BEGIN
IQ:0,0,11,91,179
IQ:1,8,11,175,-106
IQ:2,16,11,-130,-156
IQ:3,24,11,-152,134
IQ:4,32,11,126,148
IQ:5,40,11,101,-168
IQ:6,48,11,-183,-90
IQ:7,56,11,-77,180
IQ:8,72,12,118,32
IQ:9,80,255,99,-69
IQ:10,88,1,154,-128
IQ:11,96,255,-23,-166
IQ:12,104,2,-3,-145
IQ:13,112,255,-108,16
IQ:14,120,10,36,184
IQ:15,128,255,123,11
IQ:16,136,3,-43,-108
IQ:17,144,255,-141,19
IQ:18,152,9,-91,125
IQ:19,160,255,62,60
IQ:20,168,4,-6,-34
IQ:21,176,255,-47,19
IQ:22,184,8,-67,118
IQ:23,192,255,45,91
IQ:24,200,7,52,101
IQ:25,208,255,80,-4
IQ:26,216,6,41,-11
IQ:27,224,255,18,-55
IQ:28,232,5,15,-111
IQ:29,240,255,-57,-6
IQ:30,248,12,71,96
IQ:31,256,255,125,12
IQ:32,264,1,182,-5
IQ:33,272,255,101,-142
IQ:34,280,2,92,-103
IQ:35,288,255,-99,-45
SW:2
RR:3
SS:3
FR:2402
ME:61
MA:72
KE:20
KA:16
DF_END

Data arrived...
DF_BEGIN
IQ:0,0,11,156,-52
IQ:1,8,11,-61,-152
IQ:2,16,11,-138,85
IQ:3,24,11,104,128
IQ:4,32,11,115,-117
IQ:5,40,11,-134,-98
IQ:6,48,11,-83,135
IQ:7,56,11,148,71
IQ:8,72,12,-115,-87
IQ:9,80,255,-54,87
IQ:10,88,1,63,-23
IQ:11,96,255,-48,-84
IQ:12,104,2,-124,62
IQ:13,112,255,88,147
IQ:14,120,10,207,-23
IQ:15,128,255,-30,-148
IQ:16,136,3,-126,117
IQ:17,144,255,110,170
IQ:18,152,9,165,-14
IQ:19,160,255,-38,-93
IQ:20,168,4,-82,141
IQ:21,176,255,138,90
IQ:22,184,8,99,-55
IQ:23,192,255,-58,-53
IQ:24,200,7,12,93
IQ:25,208,255,110,-26
IQ:26,216,6,-27,-124
IQ:27,224,255,-142,42
IQ:28,232,5,3,157
IQ:29,240,255,140,-17
IQ:30,248,12,-35,-138
IQ:31,256,255,-103,28
IQ:32,264,1,68,21
IQ:33,272,255,21,-100
IQ:34,280,2,-129,-41
IQ:35,288,255,-31,148
SW:2
RR:3
SS:3
FR:2480
ME:5
MA:353
KE:19
KA:13
DF_END

Data arrived...
DF_BEGIN
IQ:0,0,11,43,-156
IQ:1,8,11,-164,-35
IQ:2,16,11,-21,161
IQ:3,24,11,157,-17
IQ:4,32,11,-36,-167
IQ:5,40,11,-154,52
IQ:6,48,11,68,146
IQ:7,56,11,135,-86
IQ:8,72,12,-137,51
IQ:9,80,255,37,105
IQ:10,88,1,22,-65
IQ:11,96,255,-94,7
IQ:12,104,2,-15,140
IQ:13,112,255,164,8
IQ:14,120,10,85,-188
IQ:15,128,255,-145,-54
IQ:16,136,3,43,156
IQ:17,144,255,199,-21
IQ:18,152,9,77,-145
IQ:19,160,255,-103,-16
IQ:20,168,4,80,139
IQ:21,176,255,152,-75
IQ:22,184,8,5,-110
IQ:23,192,255,-69,28
IQ:24,200,7,85,44
IQ:25,208,255,36,-103
IQ:26,216,6,-124,-43
IQ:27,224,255,-51,142
IQ:28,232,5,128,79
IQ:29,240,255,48,-131
IQ:30,248,12,-140,-44
IQ:31,256,255,-44,98
IQ:32,264,1,55,-39
IQ:33,272,255,-73,-70
IQ:34,280,2,-111,78
IQ:35,288,255,111,103
SW:2
RR:3
SS:3
FR:2480
ME:5
MA:353
KE:17
KA:11
DF_END

Data arrived...
DF_BEGIN
IQ:0,0,11,-110,117
IQ:1,8,11,129,93
IQ:2,16,11,86,-137
IQ:3,24,11,-136,-74
IQ:4,32,11,-48,155
IQ:5,40,11,156,34
IQ:6,48,11,14,-163
IQ:7,56,11,-166,-6
IQ:8,72,12,87,54
IQ:9,80,255,23,-60
IQ:10,88,1,-43,53
IQ:11,96,255,79,53
IQ:12,104,2,98,-71
IQ:13,112,255,-74,-101
IQ:14,120,10,-121,65
IQ:15,128,255,57,83
IQ:16,136,3,66,-122
IQ:17,144,255,-114,-87
IQ:18,152,9,-83,39
IQ:19,160,255,62,33
IQ:20,168,4,25,-110
IQ:21,176,255,-106,-27
IQ:22,184,8,-61,78
IQ:23,192,255,56,30
IQ:24,200,7,-31,-63
IQ:25,208,255,-69,48
IQ:26,216,6,43,75
IQ:27,224,255,92,-70
IQ:28,232,5,-25,-118
IQ:29,240,255,-100,36
IQ:30,248,12,41,99
IQ:31,256,255,61,-20
IQ:32,264,1,-65,7
IQ:33,272,255,13,97
IQ:34,280,2,125,31
IQ:35,288,255,9,-117
SW:2
RR:3
SS:3
FR:2426
ME:2
MA:353
KE:16
KA:9
DF_END

Data arrived...
DF_BEGIN
IQ:0,0,11,-202,3
IQ:1,8,11,47,199
IQ:2,16,11,188,-69
IQ:3,24,11,-91,-194
IQ:4,32,11,-181,95
IQ:5,40,11,116,162
IQ:6,48,11,146,-149
IQ:7,56,11,-160,-124
IQ:8,72,12,-82,102
IQ:9,80,255,53,116
IQ:10,88,1,84,157
IQ:11,96,255,159,17
IQ:12,104,2,144,40
IQ:13,112,255,34,-110
IQ:14,120,10,-180,-35
IQ:15,128,255,-65,118
IQ:16,136,3,133,-20
IQ:17,144,255,24,-140
IQ:18,152,9,-104,-127
IQ:19,160,255,-88,48
IQ:20,168,4,26,-15
IQ:21,176,255,-2,-70
IQ:22,184,8,-107,-96
IQ:23,192,255,-103,22
IQ:24,200,7,-93,34
IQ:25,208,255,-26,88
IQ:26,216,6,7,50
IQ:27,224,255,44,29
IQ:28,232,5,105,56
IQ:29,240,255,32,-64
IQ:30,248,12,-136,40
IQ:31,256,255,-50,115
IQ:32,264,1,-55,166
IQ:33,272,255,102,121
IQ:34,280,2,73,140
IQ:35,288,255,95,-92
SW:2
RR:3
SS:3
FR:2402
ME:61
MA:72
KE:20
KA:15
DF_END

Data arrived...
DF_BEGIN
IQ:0,0,11,-89,-133
IQ:1,8,11,-113,111
IQ:2,16,11,124,105
IQ:3,24,11,85,-143
IQ:4,32,11,-151,-77
IQ:5,40,11,-69,150
IQ:6,48,11,150,41
IQ:7,56,11,23,-158
IQ:8,72,12,-33,136
IQ:9,80,255,102,20
IQ:10,88,1,-38,-55
IQ:11,96,255,-65,69
IQ:12,104,2,94,90
IQ:13,112,255,107,-124
IQ:14,120,10,-87,-192
IQ:15,128,255,-136,67
IQ:16,136,3,152,59
IQ:17,144,255,116,-154
IQ:18,152,9,-60,-156
IQ:19,160,255,-84,68
IQ:20,168,4,149,42
IQ:21,176,255,36,-158
IQ:22,184,8,-83,-75
IQ:23,192,255,-35,70
IQ:24,200,7,77,-36
IQ:25,208,255,-63,-97
IQ:26,216,6,-113,53
IQ:27,224,255,87,115
IQ:28,232,5,143,-55
IQ:29,240,255,-68,-125
IQ:30,248,12,-128,67
IQ:31,256,255,48,95
IQ:32,264,1,1,-64
IQ:33,272,255,-94,14
IQ:34,280,2,3,135
IQ:35,288,255,147,-12
SW:2
RR:3
SS:3
FR:2480
ME:2
MA:353
KE:18
KA:12
DF_END

Data arrived...
DF_BEGIN
IQ:0,0,11,94,130
IQ:1,8,11,121,-103
IQ:2,16,11,-126,-101
IQ:3,24,11,-89,135
IQ:4,32,11,139,76
IQ:5,40,11,67,-149
IQ:6,48,11,-156,-42
IQ:7,56,11,-28,163
IQ:8,72,12,62,-86
IQ:9,80,255,-58,-31
IQ:10,88,1,51,50
IQ:11,96,255,66,-70
IQ:12,104,2,-36,-118
IQ:13,112,255,-108,60
IQ:14,120,10,41,139
IQ:15,128,255,94,-41
IQ:16,136,3,-114,-81
IQ:17,144,255,-101,108
IQ:18,152,9,41,84
IQ:19,160,255,46,-53
IQ:20,168,4,-95,-57
IQ:21,176,255,-48,98
IQ:22,184,8,61,77
IQ:23,192,255,38,-58
IQ:24,200,7,-64,30
IQ:25,208,255,39,75
IQ:26,216,6,90,-26
IQ:27,224,255,-40,-104
IQ:28,232,5,-120,4
IQ:29,240,255,27,105
IQ:30,248,12,113,-17
IQ:31,256,255,-14,-67
IQ:32,264,1,3,68
IQ:33,272,255,97,13
IQ:34,280,2,55,-111
IQ:35,288,255,-116,-33
SW:2
RR:3
SS:3
FR:2426
ME:2
MA:353
KE:16
KA:10
DF_END

Data arrived...
DF_BEGIN
IQ:0,0,11,-30,-141
IQ:1,8,11,-138,39
IQ:2,16,11,54,124
IQ:3,24,11,115,-82
IQ:4,32,11,-91,-103
IQ:5,40,11,-97,102
IQ:6,48,11,105,87
IQ:7,56,11,84,-110
IQ:8,72,12,-73,-36
IQ:9,80,255,-72,39
IQ:10,88,1,-113,66
IQ:11,96,255,-5,116
IQ:12,104,2,-26,105
IQ:13,112,255,85,6
IQ:14,120,10,1,-125
IQ:15,128,255,-92,-30
IQ:16,136,3,9,92
IQ:17,144,255,102,3
IQ:18,152,9,56,-81
IQ:19,160,255,-36,-50
IQ:20,168,4,7,32
IQ:21,176,255,37,-6
IQ:22,184,8,58,-68
IQ:23,192,255,-28,-69
IQ:24,200,7,-29,-75
IQ:25,208,255,-59,-22
IQ:26,216,6,-31,-8
IQ:27,224,255,-25,35
IQ:28,232,5,-17,75
IQ:29,240,255,38,-3
IQ:30,248,12,-43,-67
IQ:31,256,255,-81,-30
IQ:32,264,1,-114,-38
IQ:33,272,255,-95,70
IQ:34,280,2,-96,60
IQ:35,288,255,71,41
SW:2
RR:3
SS:3
FR:2402
ME:66
MA:72
KE:21
KA:16
DF_END