KE:22
KA:24
DF_END

Data arrived...
DF_BEGIN
IQ:0,0,11,162,37
IQ:1,8,11,3,-165
IQ:2,16,11,-167,18
IQ:3,24,11,46,164
IQ:4,32,11,156,-60
IQ:5,40,11,-73,-149
IQ:6,48,11,-138,92
IQ:7,56,11,109,121
IQ:8,72,12,-58,-135
IQ:9,80,255,-100,48
IQ:10,88,1,61,26
IQ:11,96,255,-1,-91
IQ:12,104,2,-140,-4
IQ:13,112,255,7,164
IQ:14,120,10,206,67
IQ:15,128,255,37,-154
IQ:16,136,3,-164,52
IQ:17,144,255,27,202
IQ:18,152,9,159,52
IQ:19,160,255,5,-110
IQ:20,168,4,-137,82
IQ:21,176,255,91,146
IQ:22,184,8,120,-2
IQ:23,192,255,-33,-78
IQ:24,200,7,-23,86
IQ:25,208,255,106,14
IQ:26,216,6,43,-120
IQ:27,224,255,-149,-18
IQ:28,232,5,-62,153
IQ:29,240,255,148,44
IQ:30,248,12,44,-136
IQ:31,256,255,-105,-35
IQ:32,264,1,40,50
IQ:33,272,255,64,-76
IQ:34,280,2,-89,-107
IQ:35,288,255,-91,114
SW:2
RR:3
SS:3
FR:2480
ME:2
MA:353
KE:20
KA:20
DF_END

Data arrived...
DF_BEGIN
IQ:0,0,11,-78,148
IQ:1,8,11,154,51
IQ:2,16,11,36,-160
IQ:3,24,11,-169,-13
IQ:4,32,11,1,170
IQ:5,40,11,164,-22
IQ:6,48,11,-33,-159
IQ:7,56,11,-155,66
IQ:8,72,12,95,7
IQ:9,80,255,2,-59
IQ:10,88,1,-6,52
IQ:11,96,255,79,31
IQ:12,104,2,83,-73
IQ:13,112,255,-85,-59
IQ:14,120,10,-90,103
IQ:15,128,255,88,61
IQ:16,136,3,32,-123
IQ:17,144,255,-128,-49
IQ:18,152,9,-60,76
IQ:19,160,255,70,24
IQ:20,168,4,7,-119
IQ:21,176,255,-106,-5
IQ:22,184,8,-29,97
IQ:23,192,255,69,8
IQ:24,200,7,-55,-41
IQ:25,208,255,-42,68
IQ:26,216,6,64,63
IQ:27,224,255,73,-84
IQ:28,232,5,-53,-108
IQ:29,240,255,-77,55
IQ:30,248,12,67,74
IQ:31,256,255,50,-36
IQ:32,264,1,-42,37
IQ:33,272,255,40,76
IQ:34,280,2,109,0
IQ:35,288,255,-41,-93
SW:2
RR:3
SS:3
FR:2426
ME:2
MA:353
KE:18
KA:16
DF_END

Data arrived...
DF_BEGIN
IQ:0,0,11,-13,-164
IQ:1,8,11,-160,22
IQ:2,16,11,40,159
IQ:3,24,11,175,-60
IQ:4,32,11,-51,-149
IQ:5,40,11,-130,86
IQ:6,48,11,95,135
IQ:7,56,11,152,-104
IQ:8,72,12,-60,-64
IQ:9,80,255,-76,-2
IQ:10,88,1,-143,-8
IQ:11,96,255,-57,154
IQ:12,104,2,-12,148
IQ:13,112,255,127,5
IQ:14,120,10,52,-130
IQ:15,128,255,-62,-38
IQ:16,136,3,47,120
IQ:17,144,255,116,6
IQ:18,152,9,84,-57
IQ:19,160,255,3,-66
IQ:20,168,4,28,22
IQ:21,176,255,39,-6
IQ:22,184,8,89,-28
IQ:23,192,255,26,-77
IQ:24,200,7,12,-110
IQ:25,208,255,-76,-59
IQ:26,216,6,-41,15
IQ:27,224,255,-21,46
IQ:28,232,5,-51,33
IQ:29,240,255,9,-3
IQ:30,248,12,-7,-110
IQ:31,256,255,-47,-81
IQ:32,264,1,-94,-111
IQ:33,272,255,-151,58
IQ:34,280,2,-122,103
IQ:35,288,255,93,84
SW:2
RR:3
SS:3
FR:2402
ME:52
MA:72
KE:22
KA:23
DF_END

Data arrived...
DF_BEGIN
IQ:0,0,11,-9,-168
IQ:1,8,11,-172,20
IQ:2,16,11,41,170
IQ:3,24,11,159,-56
IQ:4,32,11,-85,-149
IQ:5,40,11,-142,99
IQ:6,48,11,114,124
IQ:7,56,11,115,-126
IQ:8,72,12,-123,81
IQ:9,80,255,66,93
IQ:10,88,1,8,-64
IQ:11,96,255,-91,8
IQ:12,104,2,12,139
IQ:13,112,255,167,-34
IQ:14,120,10,47,-214
IQ:15,128,255,-160,-28
IQ:16,136,3,57,158
IQ:17,144,255,194,-51
IQ:18,152,9,33,-176
IQ:19,160,255,-119,11
IQ:20,168,4,97,138
IQ:21,176,255,140,-90
IQ:22,184,8,-26,-116
IQ:23,192,255,-80,42
IQ:24,200,7,92,9
IQ:25,208,255,14,-115
IQ:26,216,6,-125,-40
IQ:27,224,255,-18,146
IQ:28,232,5,160,41
IQ:29,240,255,33,-154
IQ:30,248,12,-145,-25
IQ:31,256,255,-16,112
IQ:32,264,1,49,-46
IQ:33,272,255,-86,-57
IQ:34,280,2,-96,111
IQ:35,288,255,116,80
SW:2
RR:3
SS:3
FR:2480
ME:2
MA:353
KE:20
KA:20
DF_END

Data arrived...
DF_BEGIN
IQ:0,0,11,-155,-51
IQ:1,8,11,-25,158
IQ:2,16,11,166,12
IQ:3,24,11,-12,-163
IQ:4,32,11,-160,27
IQ:5,40,11,26,161
IQ:6,48,11,145,-53
IQ:7,56,11,-85,-143
IQ:8,72,12,5,97
IQ:9,80,255,61,2
IQ:10,88,1,-51,5
IQ:11,96,255,-9,85
IQ:12,104,2,83,67
IQ:13,112,255,49,-94
IQ:14,120,10,-116,-88
IQ:15,128,255,-63,87
IQ:16,136,3,116,10
IQ:17,144,255,22,-131
IQ:18,152,9,-88,-56
IQ:19,160,255,-14,76
IQ:20,168,4,113,0
IQ:21,176,255,-10,-106
IQ:22,184,8,-102,-26
IQ:23,192,255,-12,66
IQ:24,200,7,32,-58
IQ:25,208,255,-71,-33
IQ:26,216,6,-46,73
IQ:27,224,255,90,68
IQ:28,232,5,105,-61
IQ:29,240,255,-64,-76
IQ:30,248,12,-63,76
IQ:31,256,255,43,37
IQ:32,264,1,-38,-32
IQ:33,272,255,-63,54
IQ:34,280,2,11,112
IQ:35,288,255,92,-49
SW:2
RR:3
SS:3
FR:2426
ME:2
MA:353
KE:18
KA:16
DF_END

Data arrived...
DF_BEGIN
IQ:0,0,11,-78,-149
IQ:1,8,11,-140,84
IQ:2,16,11,96,135
IQ:3,24,11,128,-96
IQ:4,32,11,-121,-107
IQ:5,40,11,-98,131
IQ:6,48,11,143,79
IQ:7,56,11,66,-151
IQ:8,72,12,-66,64
IQ:9,80,255,39,43
IQ:10,88,1,-36,-32
IQ:11,96,255,-70,53
IQ:12,104,2,-3,114
IQ:13,112,255,110,-14
IQ:14,120,10,-16,-141
IQ:15,128,255,-101,22
IQ:16,136,3,81,94
IQ:17,144,255,118,-72
IQ:18,152,9,-13,-110
IQ:19,160,255,-70,35
IQ:20,168,4,77,87
IQ:21,176,255,79,-72
IQ:22,184,8,-47,-92
IQ:23,192,255,-54,40
IQ:24,200,7,60,-13
IQ:25,208,255,-17,-74
IQ:26,216,6,-85,7
IQ:27,224,255,14,106
IQ:28,232,5,121,24
IQ:29,240,255,16,-95
IQ:30,248,12,-102,-6
IQ:31,256,255,-3,60
IQ:32,264,1,-5,-51
IQ:33,272,255,-83,-13
IQ:34,280,2,-79,87
IQ:35,288,255,92,42
SW:2
RR:3
SS:3
FR:2426
ME:2
MA:353
KE:16
KA:13
DF_END

Data arrived...
DF_BEGIN
IQ:0,0,11,-161,17
IQ:1,8,11,35,164
IQ:2,16,11,164,-49
IQ:3,24,11,-77,-148
IQ:4,32,11,-140,80
IQ:5,40,11,93,130
IQ:6,48,11,116,-110
IQ:7,56,11,-122,-105
IQ:8,72,12,-59,64
IQ:9,80,255,-20,86
IQ:10,88,1,-2,161
IQ:11,96,255,142,71
IQ:12,104,2,149,18
IQ:13,112,255,11,-132
IQ:14,120,10,-130,-43
IQ:15,128,255,-18,61
IQ:16,136,3,108,-48
IQ:17,144,255,-13,-126
IQ:18,152,9,-46,-91
IQ:19,160,255,-49,0
IQ:20,168,4,22,-42
IQ:21,176,255,-27,-46
IQ:22,184,8,-27,-73
IQ:23,192,255,-62,-26
IQ:24,200,7,-105,-10
IQ:25,208,255,-39,89
IQ:26,216,6,25,50
IQ:27,224,255,45,0
IQ:28,232,5,33,32
IQ:29,240,255,-4,-8
IQ:30,248,12,-81,20
IQ:31,256,255,-71,64
IQ:32,264,1,-96,116
IQ:33,272,255,61,157
IQ:34,280,2,98,104
IQ:35,288,255,71,-97
SW:2
RR:3
SS:3
FR:2402
ME:55
MA:72
KE:20
KA:20
DF_END

Data arrived...
DF_BEGIN
IQ:0,0,11,-157,-44
IQ:1,8,11,-32,166
IQ:2,16,11,175,9
IQ:3,24,11,5,-171
IQ:4,32,11,-168,26
IQ:5,40,11,35,163
IQ:6,48,11,156,-49
IQ:7,56,11,-71,-152
IQ:8,72,12,35,145
IQ:9,80,255,110,-30
IQ:10,88,1,-63,-32
IQ:11,96,255,-30,90
IQ:12,104,2,135,35
IQ:13,112,255,33,-169
IQ:14,120,10,-174,-116
IQ:15,128,255,-75,141
IQ:16,136,3,172,-5
IQ:17,144,255,12,-204
IQ:18,152,9,-138,-87
IQ:19,160,255,-25,110
IQ:20,168,4,155,-45
IQ:21,176,255,-49,-160
IQ:22,184,8,-121,-9
IQ:23,192,255,8,88
IQ:24,200,7,42,-73
IQ:25,208,255,-104,-41
IQ:26,216,6,-65,111
IQ:27,224,255,143,54
IQ:28,232,5,90,-142
IQ:29,240,255,-139,-79
IQ:30,248,12,-72,129
IQ:31,256,255,104,54
IQ:32,264,1,-28,-60
IQ:33,272,255,-83,57
IQ:34,280,2,62,131
IQ:35,288,255,119,-84
SW:2
RR:3
SS:3
FR:2480
ME:2
MA:353
KE:18
KA:17
DF_END

Data arrived...
DF_BEGIN
IQ:0,0,11,8,-166
IQ:1,8,11,-168,12
IQ:2,16,11,22,164
IQ:3,24,11,151,-58
IQ:4,32,11,-75,-163
IQ:5,40,11,-152,68
IQ:6,48,11,85,141
IQ:7,56,11,130,-106
IQ:8,72,12,-128,77
IQ:9,80,255,57,93
IQ:10,88,1,11,-67
IQ:11,96,255,-91,7
IQ:12,104,2,10,142
IQ:13,112,255,168,-8
IQ:14,120,10,61,-206
IQ:15,128,255,-155,-39
IQ:16,136,3,58,155
IQ:17,144,255,201,-48
IQ:18,152,9,53,-155
IQ:19,160,255,-108,14
IQ:20,168,4,97,136
IQ:21,176,255,148,-91
IQ:22,184,8,-3,-115
IQ:23,192,255,-73,41
IQ:24,200,7,83,17
IQ:25,208,255,12,-106
IQ:26,216,6,-123,-30
IQ:27,224,255,-17,148
IQ:28,232,5,161,47
IQ:29,240,255,30,-159
IQ:30,248,12,-145,-34
IQ:31,256,255,-22,110
IQ:32,264,1,57,-41
IQ:33,272,255,-78,-61
IQ:34,280,2,-106,103
IQ:35,288,255,117,93
SW:2
RR:3
SS:3
FR:2480
ME:2
MA:353
KE:16
KA:13
DF_END

Data arrived...
DF_BEGIN
IQ:0,0,11,147,-102
IQ:1,8,11,-114,-138
IQ:2,16,11,-116,100
IQ:3,24,11,110,126
IQ:4,32,11,96,-133
IQ:5,40,11,-143,-85
IQ:6,48,11,-61,151
IQ:7,56,11,159,41
IQ:8,72,12,-57,-50
IQ:9,80,255,-30,45
IQ:10,88,1,34,-29
IQ:11,96,255,-61,-69
IQ:12,104,2,-126,-7
IQ:13,112,255,52,93
IQ:14,120,10,106,-31
IQ:15,128,255,-13,-94
IQ:16,136,3,-115,68
IQ:17,144,255,66,107
IQ:18,152,9,101,-26
IQ:19,160,255,-49,-49
IQ:20,168,4,-73,76
IQ:21,176,255,78,67
IQ:22,184,8,87,-56
IQ:23,192,255,-43,-56
IQ:24,200,7,21,51
IQ:25,208,255,74,-27
IQ:26,216,6,-21,-86
IQ:27,224,255,-106,25
IQ:28,232,5,-24,110
IQ:29,240,255,94,0
IQ:30,248,12,1,-91
IQ:31,256,255,-55,-1
IQ:32,264,1,44,-11
IQ:33,272,255,1,-85
IQ:34,280,2,-88,-76
IQ:35,288,255,-36,93
SW:2
RR:3
SS:3
FR:2426
ME:2
MA:353
KE:15
KA:11
DF_END

Data arrived...
DF_BEGIN
IQ:0,0,11,-157,-139
IQ:1,8,11,-119,176
IQ:2,16,11,177,109
IQ:3,24,11,85,-192
IQ:4,32,11,-198,-70
IQ:5,40,11,-44,210
IQ:6,48,11,204,28
IQ:7,56,11,-4,-207
IQ:8,72,12,-102,44
IQ:9,80,255,-63,62
IQ:10,88,1,-154,116
IQ:11,96,255,52,194
IQ:12,104,2,114,142
IQ:13,112,255,125,-100
IQ:14,120,10,-76,-150
IQ:15,128,255,-80,57
IQ:16,136,3,147,56
IQ:17,144,255,130,-106
IQ:18,152,9,19,-131
IQ:19,160,255,-37,-35
IQ:20,168,4,52,-21
IQ:21,176,255,2,-60
IQ:22,184,8,20,-98
IQ:23,192,255,-45,-62
IQ:24,200,7,-62,-97
IQ:25,208,255,-113,27
IQ:26,216,6,-34,63
IQ:27,224,255,34,55
IQ:28,232,5,9,41
IQ:29,240,255,-7,-24
IQ:30,248,12,-107,-53
IQ:31,256,255,-89,7
IQ:32,264,1,-185,-12
IQ:33,272,255,-92,174
IQ:34,280,2,-12,194
IQ:35,288,255,168,-19
SW:2
RR:3
SS:3
FR:2402
ME:58
MA:72
KE:19
KA:17
DF_END

Data arrived...
DF_BEGIN
IQ:0,0,11,136,101
IQ:1,8,11,90,-140
IQ:2,16,11,-148,-53
IQ:3,24,11,-33,161
IQ:4,32,11,165,14
IQ:5,40,11,1,-169
IQ:6,48,11,-162,9
IQ:7,56,11,37,161
IQ:8,72,12,-3,-144
IQ:9,80,255,-117,5
IQ:10,88,1,52,54
IQ:11,96,255,45,-86
IQ:12,104,2,-132,-69
IQ:13,112,255,-59,153
IQ:14,120,10,155,147
IQ:15,128,255,104,-124
IQ:16,136,3,-165,-34
IQ:17,144,255,-61,198
IQ:18,152,9,113,128
IQ:19,160,255,51,-95
IQ:20,168,4,-170,4
IQ:21,176,255,3,169
IQ:22,184,8,108,51
IQ:23,192,255,5,-83
IQ:24,200,7,-60,62
IQ:25,208,255,88,66
IQ:26,216,6,94,-89
IQ:27,224,255,-121,-95
IQ:28,232,5,-115,105
IQ:29,240,255,125,94
IQ:30,248,12,103,-114
IQ:31,256,255,-87,-74
IQ:32,264,1,9,69
IQ:33,272,255,85,-34
IQ:34,280,2,-48,-136
IQ:35,288,255,-134,69
SW:2
RR:3
SS:3
FR:2480
ME:2
MA:353
KE:17
KA:14
DF_END

Data arrived...
DF_BEGIN
IQ:0,0,11,-154,55
IQ:1,8,11,76,141
IQ:2,16,11,135,-95
IQ:3,24,11,-108,-116
IQ:4,32,11,-97,125
IQ:5,40,11,142,85
IQ:6,48,11,67,-150
IQ:7,56,11,-151,-70
IQ:8,72,12,63,67
IQ:9,80,255,46,-45
IQ:10,88,1,-33,34
IQ:11,96,255,42,67
IQ:12,104,2,113,1
IQ:13,112,255,-20,-112
IQ:14,120,10,-129,9
IQ:15,128,255,29,98
IQ:16,136,3,101,-81
IQ:17,144,255,-63,-120
IQ:18,152,9,-98,4
IQ:19,160,255,35,64
IQ:20,168,4,89,-75
IQ:21,176,255,-76,-75
IQ:22,184,8,-90,56
IQ:23,192,255,34,63
IQ:24,200,7,-9,-58
IQ:25,208,255,-71,25
IQ:26,216,6,16,88
IQ:27,224,255,107,-19
IQ:28,232,5,28,-114
IQ:29,240,255,-105,-15
IQ:30,248,12,-3,100
IQ:31,256,255,60,4
IQ:32,264,1,-52,-4
IQ:33,272,255,-21,83
IQ:34,280,2,79,77
IQ:35,288,255,39,-97
SW:2
RR:3
SS:3
FR:2426
ME:2
MA:353
KE:15
KA:11
DF_END

Data arrived...
DF_BEGIN
IQ:0,0,11,-182,-34
IQ:1,8,11,-8,176
IQ:2,16,11,186,-16
IQ:3,24,11,-28,-190
IQ:4,32,11,-176,45
IQ:5,40,11,69,167
IQ:6,48,11,152,-89
IQ:7,56,11,-104,-145
IQ:8,72,12,-64,67
IQ:9,80,255,-23,72
IQ:10,88,1,-70,162
IQ:11,96,255,118,126
IQ:12,104,2,153,37
IQ:13,112,255,30,-133
IQ:14,120,10,-123,-76
IQ:15,128,255,-34,72
IQ:16,136,3,129,-36
IQ:17,144,255,19,-134
IQ:18,152,9,-41,-87
IQ:19,160,255,-39,-5
IQ:20,168,4,32,-45
IQ:21,176,255,-36,-50
IQ:22,184,8,-27,-82
IQ:23,192,255,-54,-30
IQ:24,200,7,-81,-58
IQ:25,208,255,-88,62
IQ:26,216,6,3,72
IQ:27,224,255,55,12
IQ:28,232,5,11,31
IQ:29,240,255,-12,8
IQ:30,248,12,-91,23
IQ:31,256,255,-60,35
IQ:32,264,1,-147,70
IQ:33,272,255,14,181
IQ:34,280,2,87,125
IQ:35,288,255,107,-105
SW:2
RR:3
SS:3
FR:2402
ME:61
MA:69
KE:19
KA:17
DF_END

Data arrived...
DF_BEGIN
IQ:0,0,11,-150,-69
IQ:1,8,11,-62,152
IQ:2,16,11,154,36
IQ:3,24,11,24,-165
IQ:4,32,11,-170,-15
IQ:5,40,11,10,161
IQ:6,48,11,162,-25
IQ:7,56,11,-47,-161
IQ:8,72,12,12,146
IQ:9,80,255,116,-1
IQ:10,88,1,-50,-52
IQ:11,96,255,-45,82
IQ:12,104,2,126,65
IQ:13,112,255,59,-153
IQ:14,120,10,-153,-150
IQ:15,128,255,-96,121
IQ:16,136,3,172,16
IQ:17,144,255,50,-196
IQ:18,152,9,-121,-120
IQ:19,160,255,-46,95
IQ:20,168,4,160,-36
IQ:21,176,255,-21,-168
IQ:22,184,8,-113,-39
IQ:23,192,255,0,81
IQ:24,200,7,52,-61
IQ:25,208,255,-90,-63
IQ:26,216,6,-91,88
IQ:27,224,255,119,81
IQ:28,232,5,113,-123
IQ:29,240,255,-119,-93
IQ:30,248,12,-93,115
IQ:31,256,255,85,63
IQ:32,264,1,-21,-67
IQ:33,272,255,-93,31
IQ:34,280,2,51,131
IQ:35,288,255,133,-80
SW:2
RR:3
SS:3
FR:2480
ME:2
MA:353
KE:18
KA:14
DF_END

Data arrived...
DF_BEGIN
IQ:0,0,11,-138,-91
IQ:1,8,11,-74,146
IQ:2,16,11,146,73
IQ:3,24,11,60,-150
IQ:4,32,11,-161,-42
IQ:5,40,11,-21,162
IQ:6,48,11,163,5
IQ:7,56,11,-11,-158
IQ:8,72,12,-37,84
IQ:9,80,255,51,17
IQ:10,88,1,-49,-12
IQ:11,96,255,-37,73
IQ:12,104,2,55,101
IQ:13,112,255,86,-65
IQ:14,120,10,-70,-115
IQ:15,128,255,-84,63
IQ:16,136,3,113,51
IQ:17,144,255,69,-114
IQ:18,152,9,-59,-76
IQ:19,160,255,-38,64
IQ:20,168,4,104,40
IQ:21,176,255,26,-99
IQ:22,184,8,-92,-48
IQ:23,192,255,-27,65
IQ:24,200,7,43,-39
IQ:25,208,255,-51,-57
IQ:26,216,6,-68,50
IQ:27,224,255,64,85
IQ:28,232,5,114,-26
IQ:29,240,255,-36,-98
IQ:30,248,12,-85,39
IQ:31,256,255,26,53
IQ:32,264,1,-28,-37
IQ:33,272,255,-79,27
IQ:34,280,2,-33,111
IQ:35,288,255,102,-8
SW:2
RR:3
SS:3
FR:2426
ME:2
MA:353
KE:16
KA:11
DF_END

Data arrived...
DF_BEGIN
IQ:0,0,11,-50,158
IQ:1,8,11,160,47
IQ:2,16,11,17,-167
IQ:3,24,11,-169,-11
IQ:4,32,11,9,164
IQ:5,40,11,156,-25
IQ:6,48,11,-29,-166
IQ:7,56,11,-148,50
IQ:8,72,12,32,71
IQ:9,80,255,72,46
IQ:10,88,1,140,78
IQ:11,96,255,143,-108
IQ:12,104,2,75,-133
IQ:13,112,255,-107,-61
IQ:14,120,10,-76,83
IQ:15,128,255,49,45
IQ:16,136,3,-6,-126
IQ:17,144,255,-126,-43
IQ:18,152,9,-104,4
IQ:19,160,255,-34,34
IQ:20,168,4,-51,-30
IQ:21,176,255,-40,17
IQ:22,184,8,-82,-6
IQ:23,192,255,-54,59
IQ:24,200,7,-54,90
IQ:25,208,255,67,74
IQ:26,216,6,54,2
IQ:27,224,255,21,-37
IQ:28,232,5,42,-15
IQ:29,240,255,9,-5
IQ:30,248,12,-13,81
IQ:31,256,255,25,88
IQ:32,264,1,66,148
IQ:33,272,255,162,12
IQ:34,280,2,142,-51
IQ:35,288,255,-69,-111
SW:2
RR:3
SS:3
FR:2402
ME:55
MA:72
KE:20
KA:17
DF_END

Data arrived...
DF_BEGIN
IQ:0,0,11,109,-116
IQ:1,8,11,-126,-114
IQ:2,16,11,-115,137
IQ:3,24,11,135,81
IQ:4,32,11,49,-162
IQ:5,40,11,-153,-52
IQ:6,48,11,-52,166
IQ:7,56,11,158,24
IQ:8,72,12,-4,-102
IQ:9,80,255,-44,-59
IQ:10,88,1,-83,-110
IQ:11,96,255,-161,24
IQ:12,104,2,-134,88
IQ:13,112,255,57,103
IQ:14,120,10,112,-56
IQ:15,128,255,-38,-77
IQ:16,136,3,-68,115
IQ:17,144,255,76,97
IQ:18,152,9,84,46
IQ:19,160,255,38,-9
IQ:20,168,4,10,39
IQ:21,176,255,38,8
IQ:22,184,8,64,35
IQ:23,192,255,56,-40
IQ:24,200,7,79,-74
IQ:25,208,255,-15,-96
IQ:26,216,6,-34,-34
IQ:27,224,255,-50,16
IQ:28,232,5,-40,-16
IQ:29,240,255,5,-12
IQ:30,248,12,54,-74
IQ:31,256,255,30,-87
IQ:32,264,1,34,-149
IQ:33,272,255,-124,-83
IQ:34,280,2,-151,-32
IQ:35,288,255,2,131
SW:2
RR:3
SS:3
FR:2402
ME:58
MA:72
KE:23
KA:23
DF_END

Data arrived...
DF_BEGIN
IQ:0,0,11,141,-89
IQ:1,8,11,-101,-143
IQ:2,16,11,-129,103
IQ:3,24,11,125,102
IQ:4,32,11,78,-152
IQ:5,40,11,-154,-75
IQ:6,48,11,-66,151
IQ:7,56,11,154,49
IQ:8,72,12,-124,-66
IQ:9,80,255,-46,94
IQ:10,88,1,60,-26
IQ:11,96,255,-58,-75
IQ:12,104,2,-114,74
IQ:13,112,255,102,126
IQ:14,120,10,204,-69
IQ:15,128,255,-53,-148
IQ:16,136,3,-102,134
IQ:17,144,255,145,144
IQ:18,152,9,163,-47
IQ:19,160,255,-55,-94
IQ:20,168,4,-66,153
IQ:21,176,255,143,68
IQ:22,184,8,79,-90
IQ:23,192,255,-74,-40
IQ:24,200,7,29,79
IQ:25,208,255,92,-48
IQ:26,216,6,-36,-119
IQ:27,224,255,-132,67
IQ:28,232,5,42,152
IQ:29,240,255,138,-59
IQ:30,248,12,-53,-136
IQ:31,256,255,-100,39
IQ:32,264,1,59,14
IQ:33,272,255,3,-92
IQ:34,280,2,-138,-28
IQ:35,288,255,-4,145
SW:2
RR:3
SS:3
FR:2480
ME:2
MA:353
KE:21
KA:20
DF_END

Data arrived...
DF_BEGIN
IQ:0,0,11,131,96
IQ:1,8,11,85,-146
IQ:2,16,11,-149,-71
IQ:3,24,11,-47,160
IQ:4,32,11,162,27
IQ:5,40,11,1,-168
IQ:6,48,11,-164,6
IQ:7,56,11,8,167
IQ:8,72,12,35,-90
IQ:9,80,255,-53,-23
IQ:10,88,1,47,15
IQ:11,96,255,31,-78
IQ:12,104,2,-58,-97
IQ:13,112,255,-80,69
IQ:14,120,10,83,113
IQ:15,128,255,82,-70
IQ:16,136,3,-120,-50
IQ:17,144,255,-65,116
IQ:18,152,9,63,84
IQ:19,160,255,47,-63
IQ:20,168,4,-107,-39
IQ:21,176,255,-24,101
IQ:22,184,8,88,42
IQ:23,192,255,29,-64
IQ:24,200,7,-48,47
IQ:25,208,255,52,57
IQ:26,216,6,69,-56
IQ:27,224,255,-73,-91
IQ:28,232,5,-116,33
IQ:29,240,255,41,84
IQ:30,248,12,93,-41
IQ:31,256,255,-23,-59
IQ:32,264,1,17,44
IQ:33,272,255,79,-23
IQ:34,280,2,34,-111
IQ:35,288,255,-97,11
SW:2
RR:3
SS:3
FR:2426
ME:2
MA:353
KE:19
KA:17
DF_END

Data arrived...
DF_BEGIN
IQ:0,0,11,146,-83
IQ:1,8,11,-98,-141
IQ:2,16,11,-126,119
IQ:3,24,11,127,110
IQ:4,32,11,100,-141
IQ:5,40,11,-154,-72
IQ:6,48,11,-63,157
IQ:7,56,11,158,52
IQ:8,72,12,1,-89
IQ:9,80,255,-38,-85
IQ:10,88,1,-45,-142
IQ:11,96,255,-163,-10
IQ:12,104,2,-153,59
IQ:13,112,255,39,112
IQ:14,120,10,130,-11
IQ:15,128,255,-13,-73
IQ:16,136,3,-92,116
IQ:17,144,255,62,125
IQ:18,152,9,82,49
IQ:19,160,255,45,-16
IQ:20,168,4,-1,52
IQ:21,176,255,45,25
IQ:22,184,8,56,36
IQ:23,192,255,61,-8
IQ:24,200,7,87,-33
IQ:25,208,255,-1,-105
IQ:26,216,6,-38,-46
IQ:27,224,255,-55,15
IQ:28,232,5,-32,-8
IQ:29,240,255,6,-15
IQ:30,248,12,71,-66
IQ:31,256,255,36,-84
IQ:32,264,1,56,-149
IQ:33,272,255,-102,-129
IQ:34,280,2,-155,-50
IQ:35,288,255,-22,143
SW:2
RR:3
SS:3
FR:2402
ME:58
MA:72
KE:24
KA:23
DF_END