IQ:29,240,255,62,82
IQ:30,248,12,79,-75
IQ:31,256,255,-34,-45
IQ:32,264,1,48,68
IQ:33,272,255,72,-36
IQ:34,280,2,6,-116
IQ:35,288,255,-114,43
SW:2
RR:3
SS:3
FR:2426
ME:2
MA:353
KE:16
KA:12
DF_END

Data arrived...
DF_BEGIN
IQ:0,0,11,-136,114
IQ:1,8,11,127,103
IQ:2,16,11,89,-147
IQ:3,24,11,-146,-99
IQ:4,32,11,-75,152
IQ:5,40,11,163,51
IQ:6,48,11,27,-171
IQ:7,56,11,-178,-12
IQ:8,72,12,44,126
IQ:9,80,255,113,43
IQ:10,88,1,100,57
IQ:11,96,255,117,-41
IQ:12,104,2,109,-83
IQ:13,112,255,-74,-101
IQ:14,120,10,-130,64
IQ:15,128,255,33,92
IQ:16,136,3,57,-106
IQ:17,144,255,-107,-109
IQ:18,152,9,-142,-3
IQ:19,160,255,-24,77
IQ:20,168,4,26,-44
IQ:21,176,255,-56,-19
IQ:22,184,8,-114,16
IQ:23,192,255,-29,81
IQ:24,200,7,-46,38
IQ:25,208,255,23,48
IQ:26,216,6,24,41
IQ:27,224,255,71,-1
IQ:28,232,5,74,-38
IQ:29,240,255,-41,-30
IQ:30,248,12,-51,127
IQ:31,256,255,50,102
IQ:32,264,1,25,116
IQ:33,272,255,102,33
IQ:34,280,2,131,14
IQ:35,288,255,2,-137
SW:2
RR:3
SS:3
FR:2402
ME:61
MA:72
KE:21
KA:18
DF_END

Data arrived...
DF_BEGIN
IQ:0,0,11,-119,107
IQ:1,8,11,114,109
IQ:2,16,11,90,-141
IQ:3,24,11,-133,-86
IQ:4,32,11,-71,148
IQ:5,40,11,152,27
IQ:6,48,11,17,-157
IQ:7,56,11,-161,-10
IQ:8,72,12,32,114
IQ:9,80,255,102,47
IQ:10,88,1,113,71
IQ:11,96,255,117,-65
IQ:12,104,2,108,-87
IQ:13,112,255,-73,-101
IQ:14,120,10,-129,57
IQ:15,128,255,15,91
IQ:16,136,3,47,-98
IQ:17,144,255,-95,-95
IQ:18,152,9,-139,-16
IQ:19,160,255,-34,70
IQ:20,168,4,0,-25
IQ:21,176,255,-44,-27
IQ:22,184,8,-107,-5
IQ:23,192,255,-27,72
IQ:24,200,7,-36,58
IQ:25,208,255,24,52
IQ:26,216,6,18,32
IQ:27,224,255,51,2
IQ:28,232,5,78,-18
IQ:29,240,255,-16,-26
IQ:30,248,12,-47,118
IQ:31,256,255,50,98
IQ:32,264,1,51,124
IQ:33,272,255,120,40
IQ:34,280,2,115,8
IQ:35,288,255,-10,-123
SW:2
RR:3
SS:3
FR:2402
ME:61
MA:69
KE:25
KA:24
DF_END

Data arrived...
DF_BEGIN
IQ:0,0,11,-162,-51
IQ:1,8,11,-44,172
IQ:2,16,11,166,30
IQ:3,24,11,8,-167
IQ:4,32,11,-170,20
IQ:5,40,11,33,157
IQ:6,48,11,157,-56
IQ:7,56,11,-73,-161
IQ:8,72,12,32,149
IQ:9,80,255,104,-22
IQ:10,88,1,-63,-27
IQ:11,96,255,-13,99
IQ:12,104,2,140,36
IQ:13,112,255,28,-166
IQ:14,120,10,-176,-113
IQ:15,128,255,-77,141
IQ:16,136,3,170,-5
IQ:17,144,255,23,-200
IQ:18,152,9,-133,-89
IQ:19,160,255,-15,110
IQ:20,168,4,162,-56
IQ:21,176,255,-44,-166
IQ:22,184,8,-119,-30
IQ:23,192,255,9,85
IQ:24,200,7,49,-76
IQ:25,208,255,-97,-37
IQ:26,216,6,-62,118
IQ:27,224,255,134,65
IQ:28,232,5,90,-132
IQ:29,240,255,-131,-76
IQ:30,248,12,-60,120
IQ:31,256,255,110,49
IQ:32,264,1,-25,-60
IQ:33,272,255,-78,58
IQ:34,280,2,70,126
IQ:35,288,255,123,-91
SW:2
RR:3
SS:3
FR:2480
ME:2
MA:353
KE:23
KA:21
DF_END

Data arrived...
DF_BEGIN
IQ:0,0,11,80,125
IQ:1,8,11,136,-92
IQ:2,16,11,-101,-119
IQ:3,24,11,-111,111
IQ:4,32,11,136,99
IQ:5,40,11,80,-135
IQ:6,48,11,-144,-76
IQ:7,56,11,-43,142
IQ:8,72,12,78,-69
IQ:9,80,255,-42,-60
IQ:10,88,1,44,21
IQ:11,96,255,67,-36
IQ:12,104,2,-40,-112
IQ:13,112,255,-129,4
IQ:14,120,10,50,122
IQ:15,128,255,102,-19
IQ:16,136,3,-94,-91
IQ:17,144,255,-112,67
IQ:18,152,9,28,83
IQ:19,160,255,58,-19
IQ:20,168,4,-82,-74
IQ:21,176,255,-63,93
IQ:22,184,8,50,74
IQ:23,192,255,42,-48
IQ:24,200,7,-69,14
IQ:25,208,255,4,42
IQ:26,216,6,96,-11
IQ:27,224,255,-6,-116
IQ:28,232,5,-110,-10
IQ:29,240,255,-13,107
IQ:30,248,12,123,-19
IQ:31,256,255,-25,-68
IQ:32,264,1,33,38
IQ:33,272,255,64,-41
IQ:34,280,2,69,-96
IQ:35,288,255,-126,-42
SW:2
RR:3
SS:3
FR:2426
ME:5
MA:353
KE:21
KA:18
DF_END

Data arrived...
DF_BEGIN
IQ:0,0,11,-110,-149
IQ:1,8,11,-147,104
IQ:2,16,11,124,115
IQ:3,24,11,109,-146
IQ:4,32,11,-152,-81
IQ:5,40,11,-71,172
IQ:6,48,11,165,61
IQ:7,56,11,50,-175
IQ:8,72,12,-113,41
IQ:9,80,255,-39,86
IQ:10,88,1,-98,72
IQ:11,96,255,2,140
IQ:12,104,2,65,136
IQ:13,112,255,121,-68
IQ:14,120,10,-52,-147
IQ:15,128,255,-103,33
IQ:16,136,3,106,91
IQ:17,144,255,134,-93
IQ:18,152,9,16,-134
IQ:19,160,255,-74,-23
IQ:20,168,4,48,22
IQ:21,176,255,23,-47
IQ:22,184,8,-2,-113
IQ:23,192,255,-56,-34
IQ:24,200,7,-37,-57
IQ:25,208,255,-76,-6
IQ:26,216,6,-54,28
IQ:27,224,255,2,62
IQ:28,232,5,15,59
IQ:29,240,255,6,-20
IQ:30,248,12,-118,-62
IQ:31,256,255,-96,40
IQ:32,264,1,-132,-12
IQ:33,272,255,-87,111
IQ:34,280,2,-36,147
IQ:35,288,255,138,3
SW:2
RR:3
SS:3
FR:2402
ME:61
MA:72
KE:25
KA:24
DF_END

Data arrived...
DF_BEGIN
IQ:0,0,11,-158,67
IQ:1,8,11,77,151
IQ:2,16,11,139,-86
IQ:3,24,11,-111,-124
IQ:4,32,11,-118,126
IQ:5,40,11,133,99
IQ:6,48,11,82,-148
IQ:7,56,11,-156,-76
IQ:8,72,12,125,81
IQ:9,80,255,64,-90
IQ:10,88,1,-66,15
IQ:11,96,255,44,84
IQ:12,104,2,125,-60
IQ:13,112,255,-80,-151
IQ:14,120,10,-202,35
IQ:15,128,255,32,148
IQ:16,136,3,123,-126
IQ:17,144,255,-121,-163
IQ:18,152,9,-169,20
IQ:19,160,255,48,99
IQ:20,168,4,90,-147
IQ:21,176,255,-145,-91
IQ:22,184,8,-98,72
IQ:23,192,255,70,54
IQ:24,200,7,-4,-87
IQ:25,208,255,-100,35
IQ:26,216,6,33,125
IQ:27,224,255,143,-50
IQ:28,232,5,-16,-160
IQ:29,240,255,-142,40
IQ:30,248,12,33,137
IQ:31,256,255,109,-23
IQ:32,264,1,-56,-31
IQ:33,272,255,-9,97
IQ:34,280,2,145,35
IQ:35,288,255,35,-153
SW:2
RR:3
SS:3
FR:2480
ME:2
MA:353
KE:23
KA:20
DF_END

Data arrived...
DF_BEGIN
IQ:0,0,11,92,149
IQ:1,8,11,145,-80
IQ:2,16,11,-114,-134
IQ:3,24,11,-117,104
IQ:4,32,11,126,84
IQ:5,40,11,77,-155
IQ:6,48,11,-146,-56
IQ:7,56,11,-45,173
IQ:8,72,12,73,-91
IQ:9,80,255,-40,-58
IQ:10,88,1,33,27
IQ:11,96,255,76,-62
IQ:12,104,2,-23,-107
IQ:13,112,255,-111,39
IQ:14,120,10,26,136
IQ:15,128,255,89,-22
IQ:16,136,3,-102,-87
IQ:17,144,255,-135,70
IQ:18,152,9,39,87
IQ:19,160,255,68,-62
IQ:20,168,4,-101,-83
IQ:21,176,255,-85,80
IQ:22,184,8,48,81
IQ:23,192,255,61,-35
IQ:24,200,7,-76,13
IQ:25,208,255,1,73
IQ:26,216,6,81,-14
IQ:27,224,255,-37,-115
IQ:28,232,5,-125,-27
IQ:29,240,255,2,110
IQ:30,248,12,94,-21
IQ:31,256,255,-13,-81
IQ:32,264,1,-5,46
IQ:33,272,255,88,-7
IQ:34,280,2,62,-90
IQ:35,288,255,-101,-37
SW:2
RR:3
SS:3
FR:2426
ME:5
MA:353
KE:21
KA:17
DF_END

Data arrived...
DF_BEGIN
IQ:0,0,11,-54,-166
IQ:1,8,11,-160,54
IQ:2,16,11,74,143
IQ:3,24,11,137,-98
IQ:4,32,11,-121,-123
IQ:5,40,11,-102,134
IQ:6,48,11,134,116
IQ:7,56,11,81,-150
IQ:8,72,12,-120,0
IQ:9,80,255,-74,69
IQ:10,88,1,-106,46
IQ:11,96,255,-23,124
IQ:12,104,2,29,148
IQ:13,112,255,136,-29
IQ:14,120,10,-4,-154
IQ:15,128,255,-96,-1
IQ:16,136,3,62,103
IQ:17,144,255,136,-41
IQ:18,152,9,63,-118
IQ:19,160,255,-61,-38
IQ:20,168,4,21,26
IQ:21,176,255,32,-38
IQ:22,184,8,44,-104
IQ:23,192,255,-43,-56
IQ:24,200,7,-36,-67
IQ:25,208,255,-66,-20
IQ:26,216,6,-46,4
IQ:27,224,255,-31,48
IQ:28,232,5,-10,69
IQ:29,240,255,16,-17
IQ:30,248,12,-95,-84
IQ:31,256,255,-96,1
IQ:32,264,1,-121,-36
IQ:33,272,255,-95,86
IQ:34,280,2,-79,116
IQ:35,288,255,128,54
SW:2
RR:3
SS:3
FR:2402
ME:63
MA:72
KE:25
KA:22
DF_END

Data arrived...
DF_BEGIN
IQ:0,0,11,106,-129
IQ:1,8,11,-141,-99
IQ:2,16,11,-90,146
IQ:3,24,11,151,48
IQ:4,32,11,25,-174
IQ:5,40,11,-174,-31
IQ:6,48,11,-1,165
IQ:7,56,11,166,-22
IQ:8,72,12,-150,-16
IQ:9,80,255,-11,112
IQ:10,88,1,48,-49
IQ:11,96,255,-88,-42
IQ:12,104,2,-76,128
IQ:13,112,255,144,82
IQ:14,120,10,156,-150
IQ:15,128,255,-109,-117
IQ:16,136,3,-32,169
IQ:17,144,255,196,65
IQ:18,152,9,133,-114
IQ:19,160,255,-98,-66
IQ:20,168,4,-10,167
IQ:21,176,255,162,-5
IQ:22,184,8,39,-118
IQ:23,192,255,-91,-17
IQ:24,200,7,51,67
IQ:25,208,255,75,-81
IQ:26,216,6,-85,-98
IQ:27,224,255,-93,115
IQ:28,232,5,102,119
IQ:29,240,255,108,-105
IQ:30,248,12,-101,-113
IQ:31,256,255,-81,77
IQ:32,264,1,66,-9
IQ:33,272,255,-34,-95
IQ:34,280,2,-139,34
IQ:35,288,255,61,145
SW:2
RR:3
SS:3
FR:2480
ME:2
MA:353
KE:23
KA:19
DF_END

Data arrived...
DF_BEGIN
IQ:0,0,11,63,-161
IQ:1,8,11,-165,-62
IQ:2,16,11,-38,160
IQ:3,24,11,168,13
IQ:4,32,11,-8,-168
IQ:5,40,11,-163,33
IQ:6,48,11,51,163
IQ:7,56,11,151,-77
IQ:8,72,12,-146,40
IQ:9,80,255,25,108
IQ:10,88,1,29,-60
IQ:11,96,255,-96,-27
IQ:12,104,2,-50,141
IQ:13,112,255,161,42
IQ:14,120,10,122,-177
IQ:15,128,255,-133,-80
IQ:16,136,3,15,173
IQ:17,144,255,209,13
IQ:18,152,9,96,-138
IQ:19,160,255,-103,-27
IQ:20,168,4,48,172
IQ:21,176,255,162,-40
IQ:22,184,8,16,-119
IQ:23,192,255,-90,11
IQ:24,200,7,66,51
IQ:25,208,255,43,-97
IQ:26,216,6,-114,-66
IQ:27,224,255,-68,136
IQ:28,232,5,125,102
IQ:29,240,255,75,-131
IQ:30,248,12,-135,-77
IQ:31,256,255,-72,98
IQ:32,264,1,57,-22
IQ:33,272,255,-65,-80
IQ:34,280,2,-131,73
IQ:35,288,255,89,125
SW:2
RR:3
SS:3
FR:2480
ME:2
MA:353
KE:20
KA:16
DF_END

Data arrived...
DF_BEGIN
IQ:0,0,11,20,168
IQ:1,8,11,167,-38
IQ:2,16,11,-51,-161
IQ:3,24,11,-153,70
IQ:4,32,11,91,140
IQ:5,40,11,136,-96
IQ:6,48,11,-122,-127
IQ:7,56,11,-114,128
IQ:8,72,12,112,-95
IQ:9,80,255,-75,-92
IQ:10,88,1,-2,70
IQ:11,96,255,89,-26
IQ:12,104,2,-27,-146
IQ:13,112,255,-172,36
IQ:14,120,10,-36,207
IQ:15,128,255,158,8
IQ:16,136,3,-89,-158
IQ:17,144,255,-198,74
IQ:18,152,9,-38,171
IQ:19,160,255,108,-10
IQ:20,168,4,-113,-127
IQ:21,176,255,-131,102
IQ:22,184,8,40,112
IQ:23,192,255,68,-60
IQ:24,200,7,-87,-10
IQ:25,208,255,-6,110
IQ:26,216,6,124,19
IQ:27,224,255,1,-157
IQ:28,232,5,-160,-37
IQ:29,240,255,-26,152
IQ:30,248,12,135,20
IQ:31,256,255,-2,-113
IQ:32,264,1,-51,46
IQ:33,272,255,86,43
IQ:34,280,2,68,-122
IQ:35,288,255,-143,-77
SW:2
RR:3
SS:3
FR:2480
ME:2
MA:353
KE:18
KA:13
DF_END

Data arrived...
DF_BEGIN
IQ:0,0,11,149,43
IQ:1,8,11,26,-162
IQ:2,16,11,-162,-20
IQ:3,24,11,8,158
IQ:4,32,11,159,-21
IQ:5,40,11,-41,-160
IQ:6,48,11,-158,49
IQ:7,56,11,64,147
IQ:8,72,12,-2,-101
IQ:9,80,255,-60,1
IQ:10,88,1,53,0
IQ:11,96,255,16,-84
IQ:12,104,2,-132,-35
IQ:13,112,255,-64,94
IQ:14,120,10,120,82
IQ:15,128,255,53,-103
IQ:16,136,3,-128,-21
IQ:17,144,255,-4,119
IQ:18,152,9,88,53
IQ:19,160,255,0,-68
IQ:20,168,4,-84,-13
IQ:21,176,255,-8,119
IQ:22,184,8,100,17
IQ:23,192,255,7,-71
IQ:24,200,7,-37,46
IQ:25,208,255,51,48
IQ:26,216,6,46,-90
IQ:27,224,255,-111,-57
IQ:28,232,5,-55,69
IQ:29,240,255,84,93
IQ:30,248,12,59,-83
IQ:31,256,255,-37,-11
IQ:32,264,1,129,-70
IQ:33,272,255,37,-76
IQ:34,280,2,18,-72
IQ:35,288,255,-101,3
SW:2
RR:3
SS:3
FR:2426
ME:2
MA:353
KE:16
KA:10
DF_END

Data arrived...
DF_BEGIN
IQ:0,0,11,-159,62
IQ:1,8,11,76,147
IQ:2,16,11,124,-110
IQ:3,24,11,-114,-130
IQ:4,32,11,-125,113
IQ:5,40,11,116,100
IQ:6,48,11,92,-139
IQ:7,56,11,-147,-80
IQ:8,72,12,-4,106
IQ:9,80,255,51,69
IQ:10,88,1,69,130
IQ:11,96,255,148,30
IQ:12,104,2,128,-58
IQ:13,112,255,-28,-113
IQ:14,120,10,-139,3
IQ:15,128,255,-11,102
IQ:16,136,3,91,-73
IQ:17,144,255,-35,-136
IQ:18,152,9,-101,-63
IQ:19,160,255,-67,21
IQ:20,168,4,23,-25
IQ:21,176,255,-47,-31
IQ:22,184,8,-84,-31
IQ:23,192,255,-78,32
IQ:24,200,7,-79,13
IQ:25,208,255,-6,74
IQ:26,216,6,22,37
IQ:27,224,255,65,16
IQ:28,232,5,70,37
IQ:29,240,255,-15,-22
IQ:30,248,12,-63,80
IQ:31,256,255,6,88
IQ:32,264,1,-26,141
IQ:33,272,255,78,94
IQ:34,280,2,123,62
IQ:35,288,255,55,-122
SW:2
RR:3
SS:3
FR:2402
ME:58
MA:72
KE:20
KA:16
DF_END

Data arrived...
DF_BEGIN
IQ:0,0,11,168,40
IQ:1,8,11,12,-171
IQ:2,16,11,-166,3
IQ:3,24,11,35,164
IQ:4,32,11,166,-52
IQ:5,40,11,-59,-161
IQ:6,48,11,-147,76
IQ:7,56,11,95,138
IQ:8,72,12,-68,-134
IQ:9,80,255,-108,46
IQ:10,88,1,64,24
IQ:11,96,255,8,-97
IQ:12,104,2,-139,-20
IQ:13,112,255,-10,170
IQ:14,120,10,192,90
IQ:15,128,255,50,-142
IQ:16,136,3,-169,39
IQ:17,144,255,15,210
IQ:18,152,9,148,64
IQ:19,160,255,4,-118
IQ:20,168,4,-158,71
IQ:21,176,255,63,161
IQ:22,184,8,118,8
IQ:23,192,255,-32,-85
IQ:24,200,7,-38,78
IQ:25,208,255,100,28
IQ:26,216,6,47,-124
IQ:27,224,255,-155,-33
IQ:28,232,5,-78,149
IQ:29,240,255,138,53
IQ:30,248,12,47,-143
IQ:31,256,255,-113,-36
IQ:32,264,1,36,57
IQ:33,272,255,71,-74
IQ:34,280,2,-89,-109
IQ:35,288,255,-99,119
SW:2
RR:3
SS:3
FR:2480
ME:2
MA:353
KE:18
KA:13
DF_END

Data arrived...
DF_BEGIN
IQ:0,0,11,-146,-85
IQ:1,8,11,-80,154
IQ:2,16,11,164,44
IQ:3,24,11,26,-166
IQ:4,32,11,-174,-18
IQ:5,40,11,-1,172
IQ:6,48,11,173,-17
IQ:7,56,11,-37,-166
IQ:8,72,12,7,148
IQ:9,80,255,113,-5
IQ:10,88,1,-50,-42
IQ:11,96,255,-44,89
IQ:12,104,2,129,68
IQ:13,112,255,69,-155
IQ:14,120,10,-147,-151
IQ:15,128,255,-100,124
IQ:16,136,3,174,35
IQ:17,144,255,72,-199
IQ:18,152,9,-125,-110
IQ:19,160,255,-39,101
IQ:20,168,4,169,-23
IQ:21,176,255,-12,-172
IQ:22,184,8,-109,-31
IQ:23,192,255,2,94
IQ:24,200,7,68,-61
IQ:25,208,255,-96,-60
IQ:26,216,6,-94,104
IQ:27,224,255,119,102
IQ:28,232,5,129,-96
IQ:29,240,255,-114,-96
IQ:30,248,12,-99,111
IQ:31,256,255,93,66
IQ:32,264,1,-16,-69
IQ:33,272,255,-87,43
IQ:34,280,2,53,140
IQ:35,288,255,142,-65
SW:2
RR:3
SS:3
FR:2480
ME:2
MA:353
KE:16
KA:11
DF_END

Data arrived...
DF_BEGIN
IQ:0,0,11,157,56
IQ:1,8,11,19,-157
IQ:2,16,11,-215,7
IQ:3,24,11,29,149
IQ:4,32,11,142,-49
IQ:5,40,11,-60,-162
IQ:6,48,11,-163,111
IQ:7,56,11,82,139
IQ:8,72,12,-21,-107
IQ:9,80,255,-28,-43
IQ:10,88,1,65,-8
IQ:11,96,255,-3,-85
IQ:12,104,2,-71,-58
IQ:13,112,255,-45,135
IQ:14,120,10,110,71
IQ:15,128,255,36,-93
IQ:16,136,3,-133,11
IQ:17,144,255,3,115
IQ:18,152,9,107,48
IQ:19,160,255,0,-76
IQ:20,168,4,-107,16
IQ:21,176,255,42,72
IQ:22,184,8,114,-3
IQ:23,192,255,-1,-61
IQ:24,200,7,-40,62
IQ:25,208,255,80,34
IQ:26,216,6,54,-47
IQ:27,224,255,-110,-14
IQ:28,232,5,-68,69
IQ:29,240,255,83,43
IQ:30,248,12,78,-84
IQ:31,256,255,-61,-68
IQ:32,264,1,59,41
IQ:33,272,255,181,-87
IQ:34,280,2,-31,-75
IQ:35,288,255,-50,75
SW:2
RR:3
SS:3
FR:2426
ME:5
MA:353
KE:15
KA:8
DF_END

Data arrived...
DF_BEGIN
IQ:0,0,11,-151,-87
IQ:1,8,11,-63,148
IQ:2,16,11,164,44
IQ:3,24,11,17,-162
IQ:4,32,11,-155,18
IQ:5,40,11,19,167
IQ:6,48,11,178,-16
IQ:7,56,11,-47,-152
IQ:8,72,12,-92,61
IQ:9,80,255,-16,87
IQ:10,88,1,-42,130
IQ:11,96,255,88,112
IQ:12,104,2,99,76
IQ:13,112,255,76,-110
IQ:14,120,10,-107,-96
IQ:15,128,255,-73,66
IQ:16,136,3,118,7
IQ:17,144,255,53,-117
IQ:18,152,9,-23,-131
IQ:19,160,255,-66,-4
IQ:20,168,4,25,-8
IQ:21,176,255,-4,-53
IQ:22,184,8,-32,-92
IQ:23,192,255,-75,-32
IQ:24,200,7,-69,-41
IQ:25,208,255,-66,52
IQ:26,216,6,-17,40
IQ:27,224,255,18,34
IQ:28,232,5,33,50
IQ:29,240,255,9,-16
IQ:30,248,12,-114,-9
IQ:31,256,255,-75,54
IQ:32,264,1,-120,59
IQ:33,272,255,-19,143
IQ:34,280,2,18,126
IQ:35,288,255,112,-49
SW:2
RR:3
SS:3
FR:2402
ME:61
MA:72
KE:19
KA:14
DF_END

Data arrived...
DF_BEGIN
IQ:0,0,11,-129,109
IQ:1,8,11,126,107
IQ:2,16,11,98,-130
IQ:3,24,11,-143,-66
IQ:4,32,11,-44,163
IQ:5,40,11,161,37
IQ:6,48,11,32,-170
IQ:7,56,11,-159,-18
IQ:8,72,12,145,20
IQ:9,80,255,27,-115
IQ:10,88,1,-53,39
IQ:11,96,255,76,59
IQ:12,104,2,97,-111
IQ:13,112,255,-132,-105
IQ:14,120,10,-174,119
IQ:15,128,255,93,124
IQ:16,136,3,65,-162
IQ:17,144,255,-179,-102
IQ:18,152,9,-149,81
IQ:19,160,255,85,75
IQ:20,168,4,29,-174
IQ:21,176,255,-168,-35
IQ:22,184,8,-59,96
IQ:23,192,255,88,20
IQ:24,200,7,-40,-79
IQ:25,208,255,-89,63
IQ:26,216,6,68,107
IQ:27,224,255,116,-95
IQ:28,232,5,-86,-138
IQ:29,240,255,-117,89
IQ:30,248,12,94,109
IQ:31,256,255,90,-77
IQ:32,264,1,-70,-7
IQ:33,272,255,14,88
IQ:34,280,2,144,-22
IQ:35,288,255,-44,-157
SW:2
RR:3
SS:3
FR:2480
ME:2
MA:353
KE:17
KA:12
DF_END

Data arrived...
DF_BEGIN
IQ:0,0,11,-37,199
IQ:1,8,11,150,-17
IQ:2,16,11,-26,-147
IQ:3,24,11,-156,53
IQ:4,32,11,67,198
IQ:5,40,11,150,-56
IQ:6,48,11,-60,-136
IQ:7,56,11,-105,103
IQ:8,72,12,108,-2
IQ:9,80,255,5,-58
IQ:10,88,1,4,61
IQ:11,96,255,70,-13
IQ:12,104,2,33,-108
IQ:13,112,255,-85,-17
IQ:14,120,10,-55,121
IQ:15,128,255,54,84
IQ:16,136,3,-19,-136
IQ:17,144,255,-139,19
IQ:18,152,9,-25,89
IQ:19,160,255,101,8
IQ:20,168,4,-27,-110
IQ:21,176,255,-108,21
IQ:22,184,8,-3,97
IQ:23,192,255,155,-78
IQ:24,200,7,-48,4
IQ:25,208,255,0,56
IQ:26,216,6,77,44
IQ:27,224,255,-29,-136
IQ:28,232,5,-77,-78
IQ:29,240,255,-79,64
IQ:30,248,12,75,62
IQ:31,256,255,81,-20
IQ:32,264,1,-25,73
IQ:33,272,255,73,70
IQ:34,280,2,103,-39
IQ:35,288,255,-61,-113
SW:2
RR:3
SS:3
FR:2426
ME:2
MA:353
KE:15
KA:9
DF_END

Data arrived...
DF_BEGIN
IQ:0,0,11,-28,-158
IQ:1,8,11,-168,34
IQ:2,16,11,49,149
IQ:3,24,11,208,-48
IQ:4,32,11,-94,-147
IQ:5,40,11,-119,108
IQ:6,48,11,106,135
IQ:7,56,11,91,-140
IQ:8,72,12,-94,41
IQ:9,80,255,23,45
IQ:10,88,1,-19,-52
IQ:11,96,255,-88,20
IQ:12,104,2,-24,115
IQ:13,112,255,111,8
IQ:14,120,10,28,-131
IQ:15,128,255,-105,-4
IQ:16,136,3,50,122
IQ:17,144,255,134,-24
IQ:18,152,9,21,-96
IQ:19,160,255,-73,10
IQ:20,168,4,51,96
IQ:21,176,255,97,-54
IQ:22,184,8,-19,-104
IQ:23,192,255,-59,23
IQ:24,200,7,66,10
IQ:25,208,255,5,-77
IQ:26,216,6,-92,-16
IQ:27,224,255,-16,107
IQ:28,232,5,102,55
IQ:29,240,255,39,-97
IQ:30,248,12,-99,-37
IQ:31,256,255,-19,55
IQ:32,264,1,18,-56
IQ:33,272,255,-77,-41
IQ:34,280,2,-97,60
IQ:35,288,255,84,64
SW:2
RR:3
SS:3
FR:2426
ME:5
MA:353
KE:14
KA:6
DF_END

Data arrived...
DF_BEGIN
IQ:0,0,11,-153,-138
IQ:1,8,11,-114,152
IQ:2,16,11,179,94
IQ:3,24,11,74,-186
IQ:4,32,11,-200,-82
IQ:5,40,11,-50,207
IQ:6,48,11,200,31
IQ:7,56,11,-13,-213
IQ:8,72,12,-125,33
IQ:9,80,255,-47,89
IQ:10,88,1,-110,118
IQ:11,96,255,72,164
IQ:12,104,2,117,140
IQ:13,112,255,129,-94
IQ:14,120,10,-71,-164
IQ:15,128,255,-89,40
IQ:16,136,3,144,58
IQ:17,144,255,95,-120
IQ:18,152,9,3,-158
IQ:19,160,255,-61,-31
IQ:20,168,4,34,-4
IQ:21,176,255,7,-48
IQ:22,184,8,0,-96
IQ:23,192,255,-57,-34
IQ:24,200,7,-52,-81
IQ:25,208,255,-111,34
IQ:26,216,6,-42,53
IQ:27,224,255,28,66
IQ:28,232,5,21,71
IQ:29,240,255,15,2
IQ:30,248,12,-121,-42
IQ:31,256,255,-94,14
IQ:32