IQ:19,160,255,64,24
IQ:20,168,4,19,-109
IQ:21,176,255,-99,-23
IQ:22,184,8,-52,91
IQ:23,192,255,62,18
IQ:24,200,7,-47,-44
IQ:25,208,255,-49,65
IQ:26,216,6,59,63
IQ:27,224,255,76,-81
IQ:28,232,5,-35,-119
IQ:29,240,255,-85,41
IQ:30,248,12,56,79
IQ:31,256,255,51,-26
IQ:32,264,1,-39,32
IQ:33,272,255,40,69
IQ:34,280,2,112,10
IQ:35,288,255,-24,-98
SW:2
RR:3
SS:3
FR:2426
ME:2
MA:353
KE:14
KA:8
DF_END

Data arrived...
DF_BEGIN
IQ:0,0,11,-23,-194
IQ:1,8,11,-191,33
IQ:2,16,11,43,193
IQ:3,24,11,187,-66
IQ:4,32,11,-102,-168
IQ:5,40,11,-160,107
IQ:6,48,11,124,155
IQ:7,56,11,145,-128
IQ:8,72,12,-127,-84
IQ:9,80,255,-109,27
IQ:10,88,1,-160,18
IQ:11,96,255,-77,146
IQ:12,104,2,-39,185
IQ:13,112,255,164,12
IQ:14,120,10,42,-171
IQ:15,128,255,-119,-25
IQ:16,136,3,42,150
IQ:17,144,255,159,9
IQ:18,152,9,105,-101
IQ:19,160,255,-33,-68
IQ:20,168,4,28,49
IQ:21,176,255,78,-13
IQ:22,184,8,111,-57
IQ:23,192,255,-15,-88
IQ:24,200,7,-25,-74
IQ:25,208,255,-86,-23
IQ:26,216,6,-51,-4
IQ:27,224,255,-26,63
IQ:28,232,5,-33,76
IQ:29,240,255,45,-12
IQ:30,248,12,-58,-137
IQ:31,256,255,-107,-46
IQ:32,264,1,-130,-103
IQ:33,272,255,-148,62
IQ:34,280,2,-151,106
IQ:35,288,255,114,104
SW:2
RR:3
SS:3
FR:2402
ME:58
MA:72
KE:18
KA:14
DF_END

Data arrived...
DF_BEGIN
IQ:0,0,11,38,170
IQ:1,8,11,162,-45
IQ:2,16,11,-74,-148
IQ:3,24,11,-133,109
IQ:4,32,11,121,121
IQ:5,40,11,117,-128
IQ:6,48,11,-137,-108
IQ:7,56,11,-90,145
IQ:8,72,12,96,-116
IQ:9,80,255,-89,-73
IQ:10,88,1,16,65
IQ:11,96,255,92,-38
IQ:12,104,2,-38,-138
IQ:13,112,255,-152,73
IQ:14,120,10,4,215
IQ:15,128,255,147,-23
IQ:16,136,3,-103,-146
IQ:17,144,255,-184,95
IQ:18,152,9,-18,167
IQ:19,160,255,103,-36
IQ:20,168,4,-148,-101
IQ:21,176,255,-131,126
IQ:22,184,8,43,114
IQ:23,192,255,59,-55
IQ:24,200,7,-95,17
IQ:25,208,255,23,115
IQ:26,216,6,137,7
IQ:27,224,255,-16,-153
IQ:28,232,5,-158,-9
IQ:29,240,255,16,151
IQ:30,248,12,143,-10
IQ:31,256,255,-18,-104
IQ:32,264,1,-42,59
IQ:33,272,255,86,40
IQ:34,280,2,66,-128
IQ:35,288,255,-149,-49
SW:2
RR:3
SS:3
FR:2480
ME:2
MA:353
KE:16
KA:12
DF_END

Data arrived...
DF_BEGIN
IQ:0,0,11,-13,-204
IQ:1,8,11,-78,-81
IQ:2,16,11,-90,137
IQ:3,24,11,189,57
IQ:4,32,11,58,-236
IQ:5,40,11,-178,-9
IQ:6,48,11,35,167
IQ:7,56,11,143,-12
IQ:8,72,12,-124,-15
IQ:9,80,255,39,46
IQ:10,88,1,47,-67
IQ:11,96,255,-133,16
IQ:12,104,2,-89,91
IQ:13,112,255,98,108
IQ:14,120,10,160,-78
IQ:15,128,255,-25,-24
IQ:16,136,3,-86,159
IQ:17,144,255,115,67
IQ:18,152,9,98,-31
IQ:19,160,255,-105,-61
IQ:20,168,4,-43,111
IQ:21,176,255,126,12
IQ:22,184,8,21,-102
IQ:23,192,255,-88,4
IQ:24,200,7,34,-4
IQ:25,208,255,54,10
IQ:26,216,6,-51,-74
IQ:27,224,255,-172,118
IQ:28,232,5,19,91
IQ:29,240,255,94,-56
IQ:30,248,12,-20,-52
IQ:31,256,255,-9,148
IQ:32,264,1,15,45
IQ:33,272,255,-5,-73
IQ:34,280,2,-95,-42
IQ:35,288,255,118,37
SW:2
RR:3
SS:3
FR:2426
ME:359
MA:5
KE:15
KA:11
DF_END

Data arrived...
DF_BEGIN
IQ:0,0,11,151,-45
IQ:1,8,11,-64,-132
IQ:2,16,11,-125,79
IQ:3,24,11,100,122
IQ:4,32,11,111,-101
IQ:5,40,11,-116,-94
IQ:6,48,11,-104,103
IQ:7,56,11,129,78
IQ:8,72,12,51,-125
IQ:9,80,255,-45,-95
IQ:10,88,1,-38,-121
IQ:11,96,255,-130,-36
IQ:12,104,2,-155,15
IQ:13,112,255,20,125
IQ:14,120,10,143,5
IQ:15,128,255,5,-92
IQ:16,136,3,-108,56
IQ:17,144,255,23,128
IQ:18,152,9,86,77
IQ:19,160,255,45,-33
IQ:20,168,4,-37,39
IQ:21,176,255,24,58
IQ:22,184,8,72,86
IQ:23,192,255,75,-17
IQ:24,200,7,52,-51
IQ:25,208,255,1,-66
IQ:26,216,6,-5,-43
IQ:27,224,255,-45,-14
IQ:28,232,5,-53,-9
IQ:29,240,255,16,20
IQ:30,248,12,116,-43
IQ:31,256,255,23,-98
IQ:32,264,1,57,-116
IQ:33,272,255,-77,-114
IQ:34,280,2,-121,-87
IQ:35,288,255,-72,103
SW:2
RR:3
SS:3
FR:2402
ME:55
MA:72
KE:19
KA:17
DF_END

Data arrived...
DF_BEGIN
IQ:0,0,11,22,-165
IQ:1,8,11,-175,-10
IQ:2,16,11,-2,167
IQ:3,24,11,169,-26
IQ:4,32,11,-50,-161
IQ:5,40,11,-153,77
IQ:6,48,11,84,146
IQ:7,56,11,134,-95
IQ:8,72,12,-143,49
IQ:9,80,255,38,101
IQ:10,88,1,20,-62
IQ:11,96,255,-94,1
IQ:12,104,2,-17,145
IQ:13,112,255,166,0
IQ:14,120,10,80,-199
IQ:15,128,255,-152,-48
IQ:16,136,3,50,175
IQ:17,144,255,205,-10
IQ:18,152,9,67,-161
IQ:19,160,255,-110,-20
IQ:20,168,4,68,159
IQ:21,176,255,157,-69
IQ:22,184,8,-9,-123
IQ:23,192,255,-83,29
IQ:24,200,7,81,33
IQ:25,208,255,25,-108
IQ:26,216,6,-120,-55
IQ:27,224,255,-47,146
IQ:28,232,5,146,72
IQ:29,240,255,57,-133
IQ:30,248,12,-138,-46
IQ:31,256,255,-39,110
IQ:32,264,1,55,-32
IQ:33,272,255,-74,-64
IQ:34,280,2,-106,95
IQ:35,288,255,114,103
SW:2
RR:3
SS:3
FR:2480
ME:2
MA:353
KE:17
KA:15
DF_END

Data arrived...
DF_BEGIN
IQ:0,0,11,-12,164
IQ:1,8,11,158,-12
IQ:2,16,11,-29,-159
IQ:3,24,11,-155,57
IQ:4,32,11,72,147
IQ:5,40,11,142,-93
IQ:6,48,11,-94,-141
IQ:7,56,11,-120,107
IQ:8,72,12,100,-34
IQ:9,80,255,-24,-66
IQ:10,88,1,13,50
IQ:11,96,255,85,-15
IQ:12,104,2,32,-106
IQ:13,112,255,-110,-27
IQ:14,120,10,-53,134
IQ:15,128,255,100,28
IQ:16,136,3,-29,-127
IQ:17,144,255,-130,16
IQ:18,152,9,-35,104
IQ:19,160,255,81,3
IQ:20,168,4,-21,-116
IQ:21,176,255,-97,35
IQ:22,184,8,12,105
IQ:23,192,255,71,-18
IQ:24,200,7,-76,-17
IQ:25,208,255,-11,85
IQ:26,216,6,83,28
IQ:27,224,255,30,-110
IQ:28,232,5,-98,-75
IQ:29,240,255,-51,93
IQ:30,248,12,100,51
IQ:31,256,255,35,-64
IQ:32,264,1,-31,47
IQ:33,272,255,66,56
IQ:34,280,2,101,-54
IQ:35,288,255,-78,-78
SW:2
RR:3
SS:3
FR:2426
ME:2
MA:353
KE:15
KA:12
DF_END

Data arrived...
DF_BEGIN
IQ:0,0,11,40,-159
IQ:1,8,11,-165,-24
IQ:2,16,11,-11,161
IQ:3,24,11,158,-16
IQ:4,32,11,-32,-164
IQ:5,40,11,-162,38
IQ:6,48,11,53,148
IQ:7,56,11,144,-76
IQ:8,72,12,-104,-5
IQ:9,80,255,-2,62
IQ:10,88,1,-1,-56
IQ:11,96,255,-84,-14
IQ:12,104,2,-59,93
IQ:13,112,255,99,55
IQ:14,120,10,80,-118
IQ:15,128,255,-92,-51
IQ:16,136,3,-4,132
IQ:17,144,255,135,25
IQ:18,152,9,58,-90
IQ:19,160,255,-83,-24
IQ:20,168,4,-5,109
IQ:21,176,255,100,-7
IQ:22,184,8,22,-106
IQ:23,192,255,-75,-4
IQ:24,200,7,64,28
IQ:25,208,255,33,-79
IQ:26,216,6,-74,-50
IQ:27,224,255,-59,92
IQ:28,232,5,63,100
IQ:29,240,255,70,-66
IQ:30,248,12,-75,-66
IQ:31,256,255,-41,46
IQ:32,264,1,34,-39
IQ:33,272,255,-52,-72
IQ:34,280,2,-113,21
IQ:35,288,255,51,95
SW:2
RR:3
SS:3
FR:2426
ME:2
MA:353
KE:14
KA:10
DF_END

Data arrived...
DF_BEGIN
IQ:0,0,11,-119,-132
IQ:1,8,11,-128,137
IQ:2,16,11,157,119
IQ:3,24,11,91,-154
IQ:4,32,11,-173,-75
IQ:5,40,11,-61,177
IQ:6,48,11,174,48
IQ:7,56,11,32,-181
IQ:8,72,12,-133,-18
IQ:9,80,255,-89,87
IQ:10,88,1,-125,94
IQ:11,96,255,36,150
IQ:12,104,2,92,152
IQ:13,112,255,134,-60
IQ:14,120,10,-61,-154
IQ:15,128,255,-86,12
IQ:16,136,3,114,70
IQ:17,144,255,126,-90
IQ:18,152,9,58,-119
IQ:19,160,255,-57,-48
IQ:20,168,4,66,-3
IQ:21,176,255,50,-54
IQ:22,184,8,67,-84
IQ:23,192,255,-47,-88
IQ:24,200,7,-87,-46
IQ:25,208,255,-88,40
IQ:26,216,6,-38,39
IQ:27,224,255,6,62
IQ:28,232,5,-2,46
IQ:29,240,255,21,-22
IQ:30,248,12,-100,-102
IQ:31,256,255,-119,-2
IQ:32,264,1,-153,6
IQ:33,272,255,-85,140
IQ:34,280,2,-61,172
IQ:35,288,255,153,20
SW:2
RR:3
SS:3
FR:2402
ME:55
MA:72
KE:18
KA:16
DF_END

Data arrived...
DF_BEGIN
IQ:0,0,11,-159,63
IQ:1,8,11,83,152
IQ:2,16,11,138,-88
IQ:3,24,11,-116,-127
IQ:4,32,11,-112,131
IQ:5,40,11,126,95
IQ:6,48,11,76,-149
IQ:7,56,11,-152,-74
IQ:8,72,12,117,75
IQ:9,80,255,60,-94
IQ:10,88,1,-64,16
IQ:11,96,255,45,76
IQ:12,104,2,127,-63
IQ:13,112,255,-78,-146
IQ:14,120,10,-203,30
IQ:15,128,255,37,153
IQ:16,136,3,132,-112
IQ:17,144,255,-120,-169
IQ:18,152,9,-162,27
IQ:19,160,255,54,99
IQ:20,168,4,102,-134
IQ:21,176,255,-134,-99
IQ:22,184,8,-96,68
IQ:23,192,255,64,56
IQ:24,200,7,-19,-86
IQ:25,208,255,-109,35
IQ:26,216,6,26,123
IQ:27,224,255,141,-43
IQ:28,232,5,-29,-155
IQ:29,240,255,-145,38
IQ:30,248,12,31,140
IQ:31,256,255,104,-35
IQ:32,264,1,-62,-29
IQ:33,272,255,-15,96
IQ:34,280,2,138,43
IQ:35,288,255,19,-144
SW:2
RR:3
SS:3
FR:2480
ME:2
MA:353
KE:16
KA:13
DF_END

Data arrived...
DF_BEGIN
IQ:0,0,11,133,-101
IQ:1,8,11,-119,-130
IQ:2,16,11,-112,124
IQ:3,24,11,140,89
IQ:4,32,11,78,-143
IQ:5,40,11,-157,-68
IQ:6,48,11,-46,164
IQ:7,56,11,167,25
IQ:8,72,12,-133,-50
IQ:9,80,255,-45,104
IQ:10,88,1,58,-30
IQ:11,96,255,-69,-72
IQ:12,104,2,-108,85
IQ:13,112,255,120,113
IQ:14,120,10,190,-92
IQ:15,128,255,-68,-136
IQ:16,136,3,-107,144
IQ:17,144,255,144,143
IQ:18,152,9,155,-50
IQ:19,160,255,-68,-87
IQ:20,168,4,-58,161
IQ:21,176,255,156,62
IQ:22,184,8,68,-97
IQ:23,192,255,-76,-34
IQ:24,200,7,39,79
IQ:25,208,255,93,-50
IQ:26,216,6,-56,-115
IQ:27,224,255,-131,77
IQ:28,232,5,44,158
IQ:29,240,255,136,-54
IQ:30,248,12,-54,-127
IQ:31,256,255,-93,49
IQ:32,264,1,60,7
IQ:33,272,255,-3,-103
IQ:34,280,2,-140,-19
IQ:35,288,255,-11,155
SW:2
RR:3
SS:3
FR:2480
ME:2
MA:353
KE:14
KA:11
DF_END

Data arrived...
DF_BEGIN
IQ:0,0,11,102,-26
IQ:1,8,11,-41,-132
IQ:2,16,11,-116,37
IQ:3,24,11,62,97
IQ:4,32,11,99,-88
IQ:5,40,11,-75,10
IQ:6,48,11,-105,111
IQ:7,56,11,94,84
IQ:8,72,12,-42,13
IQ:9,80,255,-45,-8
IQ:10,88,1,25,-1
IQ:11,96,255,-44,-39
IQ:12,104,2,-24,-17
IQ:13,112,255,-35,84
IQ:14,120,10,112,21
IQ:15,128,255,0,-67
IQ:16,136,3,-191,56
IQ:17,144,255,44,82
IQ:18,152,9,91,13
IQ:19,160,255,13,-59
IQ:20,168,4,-50,128
IQ:21,176,255,34,37
IQ:22,184,8,69,-22
IQ:23,192,255,-28,-69
IQ:24,200,7,-44,40
IQ:25,208,255,73,-4
IQ:26,216,6,-8,-90
IQ:27,224,255,-98,-3
IQ:28,232,5,47,120
IQ:29,240,255,54,-17
IQ:30,248,12,43,-71
IQ:31,256,255,-37,-29
IQ:32,264,1,4,-20
IQ:33,272,255,31,-72
IQ:34,280,2,-67,-68
IQ:35,288,255,-64,106
SW:2
RR:3
SS:3
FR:2426
ME:7
MA:352
KE:14
KA:9
DF_END

Data arrived...
DF_BEGIN
IQ:0,0,11,-117,126
IQ:1,8,11,127,99
IQ:2,16,11,60,-151
IQ:3,24,11,-159,-85
IQ:4,32,11,-37,170
IQ:5,40,11,166,17
IQ:6,48,11,0,-199
IQ:7,56,11,-174,3
IQ:8,72,12,-40,131
IQ:9,80,255,69,86
IQ:10,88,1,144,116
IQ:11,96,255,152,-42
IQ:12,104,2,120,-112
IQ:13,112,255,-95,-97
IQ:14,120,10,-106,62
IQ:15,128,255,19,62
IQ:16,136,3,42,-119
IQ:17,144,255,-98,-105
IQ:18,152,9,-111,-67
IQ:19,160,255,-66,23
IQ:20,168,4,-27,-51
IQ:21,176,255,-31,-22
IQ:22,184,8,-62,-82
IQ:23,192,255,-94,16
IQ:24,200,7,-59,89
IQ:25,208,255,80,81
IQ:26,216,6,43,33
IQ:27,224,255,29,10
IQ:28,232,5,45,10
IQ:29,240,255,-20,-13
IQ:30,248,12,-89,93
IQ:31,256,255,-2,147
IQ:32,264,1,29,184
IQ:33,272,255,175,68
IQ:34,280,2,163,18
IQ:35,288,255,-9,-147
SW:2
RR:3
SS:3
FR:2402
ME:58
MA:69
KE:18
KA:15
DF_END

Data arrived...
DF_BEGIN
IQ:0,0,11,-159,30
IQ:1,8,11,54,152
IQ:2,16,11,155,-73
IQ:3,24,11,-98,-141
IQ:4,32,11,-142,115
IQ:5,40,11,106,123
IQ:6,48,11,107,-137
IQ:7,56,11,-133,-101
IQ:8,72,12,100,98
IQ:9,80,255,68,-82
IQ:10,88,1,-80,7
IQ:11,96,255,29,94
IQ:12,104,2,137,-33
IQ:13,112,255,-52,-156
IQ:14,120,10,-208,-14
IQ:15,128,255,5,150
IQ:16,136,3,133,-104
IQ:17,144,255,-98,-186
IQ:18,152,9,-178,-17
IQ:19,160,255,27,109
IQ:20,168,4,115,-141
IQ:21,176,255,-119,-123
IQ:22,184,8,-107,63
IQ:23,192,255,61,75
IQ:24,200,7,-12,-89
IQ:25,208,255,-122,11
IQ:26,216,6,-3,128
IQ:27,224,255,153,-15
IQ:28,232,5,22,-162
IQ:29,240,255,-150,-1
IQ:30,248,12,10,146
IQ:31,256,255,112,-2
IQ:32,264,1,-54,-39
IQ:33,272,255,-43,86
IQ:34,280,2,125,67
IQ:35,288,255,57,-137
SW:2
RR:3
SS:3
FR:2480
ME:2
MA:353
KE:16
KA:12
DF_END

Data arrived...
DF_BEGIN
IQ:0,0,11,72,-153
IQ:1,8,11,-152,-52
IQ:2,16,11,-27,168
IQ:3,24,11,166,23
IQ:4,32,11,-7,-168
IQ:5,40,11,-174,13
IQ:6,48,11,43,149
IQ:7,56,11,155,-55
IQ:8,72,12,-101,-12
IQ:9,80,255,-11,65
IQ:10,88,1,3,-54
IQ:11,96,255,-88,-26
IQ:12,104,2,-90,97
IQ:13,112,255,81,51
IQ:14,120,10,87,-96
IQ:15,128,255,-79,-60
IQ:16,136,3,-33,120
IQ:17,144,255,137,43
IQ:18,152,9,77,-76
IQ:19,160,255,-53,-58
IQ:20,168,4,-27,126
IQ:21,176,255,74,7
IQ:22,184,8,26,-101
IQ:23,192,255,-65,-7
IQ:24,200,7,33,30
IQ:25,208,255,63,-96
IQ:26,216,6,-86,-76
IQ:27,224,255,-69,89
IQ:28,232,5,67,89
IQ:29,240,255,68,-47
IQ:30,248,12,-56,-86
IQ:31,256,255,-46,34
IQ:32,264,1,46,-25
IQ:33,272,255,-84,-93
IQ:34,280,2,-114,-2
IQ:35,288,255,30,104
SW:2
RR:3
SS:3
FR:2426
ME:2
MA:353
KE:14
KA:10
DF_END

Data arrived...
DF_BEGIN
IQ:0,0,11,-158,-42
IQ:1,8,11,-28,164
IQ:2,16,11,173,2
IQ:3,24,11,0,-168
IQ:4,32,11,-170,12
IQ:5,40,11,35,163
IQ:6,48,11,153,-62
IQ:7,56,11,-86,-148
IQ:8,72,12,11,97
IQ:9,80,255,58,-3
IQ:10,88,1,-58,3
IQ:11,96,255,-11,85
IQ:12,104,2,85,70
IQ:13,112,255,49,-96
IQ:14,120,10,-114,-82
IQ:15,128,255,-58,91
IQ:16,136,3,129,9
IQ:17,144,255,31,-132
IQ:18,152,9,-85,-61
IQ:19,160,255,-19,75
IQ:20,168,4,105,1
IQ:21,176,255,-8,-98
IQ:22,184,8,-111,-21
IQ:23,192,255,-7,68
IQ:24,200,7,33,-66
IQ:25,208,255,-74,-34
IQ:26,216,6,-50,75
IQ:27,224,255,95,63
IQ:28,232,5,98,-65
IQ:29,240,255,-66,-68
IQ:30,248,12,-67,69
IQ:31,256,255,42,48
IQ:32,264,1,-45,-38
IQ:33,272,255,-72,57
IQ:34,280,2,10,109
IQ:35,288,255,97,-46
SW:2
RR:3
SS:3
FR:2426
ME:2
MA:353
KE:13
KA:8
DF_END

Data arrived...
DF_BEGIN
IQ:0,0,11,65,170
IQ:1,8,11,157,-90
IQ:2,16,11,-123,-164
IQ:3,24,11,-154,99
IQ:4,32,11,126,129
IQ:5,40,11,114,-156
IQ:6,48,11,-171,-101
IQ:7,56,11,-86,160
IQ:8,72,12,124,45
IQ:9,80,255,107,-41
IQ:10,88,1,148,-52
IQ:11,96,255,33,-166
IQ:12,104,2,-42,-184
IQ:13,112,255,-142,28
IQ:14,120,10,15,173
IQ:15,128,255,93,-7
IQ:16,136,3,-83,-118
IQ:17,144,255,-154,38
IQ:18,152,9,-84,94
IQ:19,160,255,5,47
IQ:20,168,4,-71,-20
IQ:21,176,255,-46,38
IQ:22,184,8,-100,65
IQ:23,192,255,0,92
IQ:24,200,7,53,71
IQ:25,208,255,98,-20
IQ:26,216,6,51,-18
IQ:27,224,255,3,-57
IQ:28,232,5,5,-54
IQ:29,240,255,-21,23
IQ:30,248,12,65,112
IQ:31,256,255,108,34
IQ:32,264,1,149,72
IQ:33,272,255,145,-102
IQ:34,280,2,104,-159
IQ:35,288,255,-130,-88
SW:2
RR:3
SS:3
FR:2402
ME:55
MA:72
KE:17
KA:14
DF_END

Data arrived...
DF_BEGIN
IQ:0,0,11,144,97
IQ:1,8,11,77,-155
IQ:2,16,11,-164,-54
IQ:3,24,11,-29,166
IQ:4,32,11,171,5
IQ:5,40,11,-3,-177
IQ:6,48,11,-165,28
IQ:7,56,11,45,174
IQ:8,72,12,-10,-153
IQ:9,80,255,-109,4
IQ:10,88,1,62,39
IQ:11,96,255,42,-93
IQ:12,104,2,-127,-77
IQ:13,112,255,-76,158
IQ:14,120,10,149,159
IQ:15,128,255,104,-122
IQ:16,136,3,-174,-28
IQ:17,144,255,-62,196
IQ:18,152,9,116,126
IQ:19,160,255,45,-98
IQ:20,168,4,-184,21
IQ:21,176,255,2,180
IQ:22,184,8,115,40
IQ:23,192,255,3,-82
IQ:24,200,7,-58,75
IQ:25,208,255,89,77
IQ:26,216,6,95,-97
IQ:27,224,255,-126,-96
IQ:28,232,5,-131,102
IQ:29,240,255,105,109
IQ:30,248,12,108,-103
IQ:31,256,255,-87,-75
IQ:32,264,1,18,72
IQ:33,272,255,92,-46
IQ:34,280,2,-38,-142
IQ:35,288,255,-142,64
SW:2
RR:3
SS:3
FR:2480
ME:2
MA:353
KE:16
KA:11
DF_END

Data arrived...
DF_BEGIN
IQ:0,0,11,66,162
IQ:1,8,11,151,-86
IQ:2,16,11,-107,-140
IQ:3,24,11,-127,129
IQ:4,32,11,134,109
IQ:5,40,11,80,-153
IQ:6,48,11,-153,-79
IQ:7,56,11,-64,168
IQ:8,72,12,76,-125
IQ:9,80,255,-97,-45
IQ:10,88,1,17,71
IQ:11,96,255,79,-50
IQ:12,104,2,-74,-127
IQ:13,112,255,-154,85
IQ:14,120,10,30,208
IQ:15,128,255,143,-48
IQ:16,136,3,-140,-119
IQ:17,144,255,-174,119
IQ:18,152,9,36,165
IQ:19,160,255,90,-64
IQ:20,168,4,-156,-80
IQ:21,176,255,-95,150
IQ:22,184,8,79,99
IQ:23,192,255,52,-64
IQ:24,200,7,-95,17
IQ:25,208,255,38,119
IQ:26,216,6,129,-20
IQ:27,224,255,-61,-147
IQ:28,232,5,-176,0
IQ:29,240,255,23,152
IQ:30,248,12,140,-38
IQ:31,256,255,-48,-108
IQ:32,264,1,-25,67
IQ:33,272,255,98,20
IQ:34,280,2,44,-135
IQ:35,288,255,-157,-32
SW:2
RR:3
SS:3
FR:2480
ME:2
MA:353
KE:14
KA:9
DF_END

Data arrived...
DF_BEGIN
IQ:0,0,11,17,165
IQ:1,8,11,150,-39
IQ:2,16,11,-53,-156
IQ:3,24,11,-151,69
IQ:4,32,11,85,136
IQ:5,40,11,125,-109
IQ:6,48,11,-114,-116
IQ:7,56,11,-102,126
IQ:8,72,12,82,-42
IQ:9,80,255,-26,-48
IQ:10,88,1,27,39
IQ:11,96,255,76,-33
IQ:12,104,2,22,-113
IQ:13,112,255,-102,-6
IQ:14,120,10,-32,137
IQ:15,128,255,99,18
IQ:16,136,3,-39,-121
IQ:17,144,255,-138,24
IQ:18,152,9,-15,106
IQ:19,160,255,74,-11
IQ:20,168,4,-51,-94
IQ:21,176,255,-82,54
IQ:22,184,8,25,104
IQ:23,192,255,68,-24
IQ:24,200,7,-70,-7
IQ:25,208,255,-11,82
IQ:26,216,6,77,21
IQ:27,224,255,18,-105
IQ:28,232,5,-94,-72
IQ:29,240,255,-41,86
IQ:30,248,12,91,26
IQ:31,256,255,24,-56
IQ:32,264,1,-15,50
IQ:33,272,255,78,35
IQ:34,280,2,87,-64
IQ:35,288,255,-91,-60
SW:2
RR:3
SS:3
FR:2426
ME:5
MA:353
KE:13
KA:7
DF_END

Data arrived...
DF_BEGIN
IQ:0,0,11,67,176
IQ:1,8,11,162,-74
IQ:2,16,11,-88,-173
IQ:3,24,11,-155,121
IQ:4,32,11,118,137
IQ:5,40,11,115,-144
IQ:6,48,11,-156,-126
IQ:7,56,11,-100,162
IQ:8,72,12,106,50
IQ:9,80,255,99,-25
IQ:10,88,1,172,-34
IQ:11,96,255,38,-189
IQ:12,104,2,-33,-186
IQ:13,112,255,-163,26
IQ:14,120,10,13,178
IQ:15,128,255,115,-20
IQ:16,136,3,-73,-108
IQ:17,144,255,-142,28
IQ:18,152,9,-78,91
IQ:19,160,255,18,43
IQ:20,168,4,-68,-37
IQ:21,176,255,-43,27
IQ:22,184,8,-84,43
IQ:23,192,255,-2,78
IQ:24,200,7,42,96
IQ:25,208,255,110,1
IQ:26,216,6,69,-25
IQ:27,224,255,1,-47
IQ:28,232,5,12,-30
IQ:29,240,255,-3,17
IQ:30,248,12,48,118
IQ:31,256,255,97,60
IQ:32,264,1,155,100
IQ:33,272,255,164,-90
IQ:34,280,2,94,-156
IQ:35,288,255,-151,-81
SW:2
RR:3
SS:3
FR:2402
ME:55
MA:72
KE:17
KA:13
DF_END

Data arrived...
DF_BEGIN
IQ:0,0,11,-160,66
IQ:1,8,11,91,142
IQ:2,16,11,134,-103
IQ:3,24,11,-126,-114
IQ:4,32,11,-108,138
IQ:5,40,11,140,91
IQ:6,48,11,91,-148
IQ:7,56,11,-157,-75
IQ:8,72,12,125,69
IQ:9,80,255,53,-105
IQ:10,88,1,-64,19
IQ:11,96,255,39,87
IQ:12,104,2,136,-58
IQ:13,112,255,-82,-143
IQ:14,120,10,-218,44
IQ:15,128,255,36,151
IQ:16,136,3,127,-126
IQ:17,144,255,-132,-158
IQ:18,152,9,-169,28
IQ:19,160,255,54,99
IQ:20,168,4,85,-150
IQ:21,176,255,-154,-90
IQ:22,184,8