IQ:35,288,255,-29,32
SW:2
RR:3
SS:3
FR:2426
ME:13
MA:89
KE:16
KA:93
DF_END

Data arrived...
DF_BEGIN
IQ:0,0,11,-155,42
IQ:1,8,11,61,148
IQ:2,16,11,142,-80
IQ:3,24,11,-104,-124
IQ:4,32,11,-113,116
IQ:5,40,11,126,117
IQ:6,48,11,106,-118
IQ:7,56,11,-133,-97
IQ:8,72,12,107,198
IQ:9,80,255,190,-114
IQ:10,88,1,-73,-198
IQ:11,96,255,-184,52
IQ:12,104,2,9,70
IQ:13,112,255,16,-49
IQ:14,120,10,-165,3
IQ:15,128,255,-59,184
IQ:16,136,3,73,112
IQ:17,144,255,20,-46
IQ:18,152,9,-126,98
IQ:19,160,255,36,178
IQ:20,168,4,59,98
IQ:21,176,255,-5,-25
IQ:22,184,8,-111,179
IQ:23,192,255,173,133
IQ:24,200,7,174,-194
IQ:25,208,255,-159,-190
IQ:26,216,6,-113,88
IQ:27,224,255,71,158
IQ:28,232,5,120,46
IQ:29,240,255,-25,-44
IQ:30,248,12,-105,206
IQ:31,256,255,189,110
IQ:32,264,1,126,-175
IQ:33,272,255,-142,-125
IQ:34,280,2,-50,49
IQ:35,288,255,35,-16
SW:2
RR:3
SS:3
FR:2426
ME:13
MA:89
KE:15
KA:93
DF_END

Data arrived...
DF_BEGIN
IQ:0,0,11,122,-122
IQ:1,8,11,-138,-115
IQ:2,16,11,-104,135
IQ:3,24,11,137,82
IQ:4,32,11,52,-157
IQ:5,40,11,-163,-54
IQ:6,48,11,-55,157
IQ:7,56,11,167,24
IQ:8,72,12,-203,-286
IQ:9,80,255,-339,187
IQ:10,88,1,27,394
IQ:11,96,255,364,68
IQ:12,104,2,226,-123
IQ:13,112,255,-17,-163
IQ:14,120,10,71,-150
IQ:15,128,255,-4,-211
IQ:16,136,3,2,-336
IQ:17,144,255,-166,-111
IQ:18,152,9,24,-145
IQ:19,160,255,-21,-199
IQ:20,168,4,-22,-347
IQ:21,176,255,-184,-95
IQ:22,184,8,-29,-162
IQ:23,192,255,-179,-41
IQ:24,200,7,-161,212
IQ:25,208,255,167,203
IQ:26,216,6,153,-27
IQ:27,224,255,-61,-226
IQ:28,232,5,-311,-143
IQ:29,240,255,-93,116
IQ:30,248,12,136,-341
IQ:31,256,255,-326,-212
IQ:32,264,1,-306,226
IQ:33,272,255,142,350
IQ:34,280,2,217,142
IQ:35,288,255,160,-72
SW:2
RR:3
SS:3
FR:2402
ME:24
MA:97
KE:16
KA:93
DF_END

Data arrived...
DF_BEGIN
IQ:0,0,11,153,92
IQ:1,8,11,86,-161
IQ:2,16,11,-165,-63
IQ:3,24,11,-38,173
IQ:4,32,11,177,36
IQ:5,40,11,24,-178
IQ:6,48,11,-172,-4
IQ:7,56,11,30,177
IQ:8,72,12,81,-193
IQ:9,80,255,-180,-89
IQ:10,88,1,-94,144
IQ:11,96,255,131,81
IQ:12,104,2,35,-99
IQ:13,112,255,-63,-14
IQ:14,120,10,132,60
IQ:15,128,255,134,-121
IQ:16,136,3,10,-105
IQ:17,144,255,-51,15
IQ:18,152,9,143,28
IQ:19,160,255,90,-139
IQ:20,168,4,1,-97
IQ:21,176,255,-37,34
IQ:22,184,8,184,-17
IQ:23,192,255,1,-192
IQ:24,200,7,-232,0
IQ:25,208,255,-43,221
IQ:26,216,6,119,38
IQ:27,224,255,61,-137
IQ:28,232,5,-74,-74
IQ:29,240,255,9,69
IQ:30,248,12,203,-51
IQ:31,256,255,-32,-201
IQ:32,264,1,-173,13
IQ:33,272,255,7,155
IQ:34,280,2,99,-8
IQ:35,288,255,-43,-45
SW:2
RR:3
SS:3
FR:2480
ME:10
MA:94
KE:16
KA:93
DF_END

Data arrived...
DF_BEGIN
IQ:0,0,11,138,120
IQ:1,8,11,98,-151
IQ:2,16,11,-162,-86
IQ:3,24,11,-77,159
IQ:4,32,11,169,56
IQ:5,40,11,39,-177
IQ:6,48,11,-176,-27
IQ:7,56,11,-1,177
IQ:8,72,12,108,-221
IQ:9,80,255,-214,-104
IQ:10,88,1,-120,181
IQ:11,96,255,146,120
IQ:12,104,2,36,-44
IQ:13,112,255,-61,22
IQ:14,120,10,78,158
IQ:15,128,255,188,-50
IQ:16,136,3,40,-108
IQ:17,144,255,-53,17
IQ:18,152,9,150,60
IQ:19,160,255,134,-126
IQ:20,168,4,28,-87
IQ:21,176,255,-18,37
IQ:22,184,8,215,2
IQ:23,192,255,20,-224
IQ:24,200,7,-276,-48
IQ:25,208,255,-87,247
IQ:26,216,6,144,57
IQ:27,224,255,85,-156
IQ:28,232,5,-37,-102
IQ:29,240,255,-8,58
IQ:30,248,12,244,-17
IQ:31,256,255,-3,-233
IQ:32,264,1,-220,-11
IQ:33,272,255,-24,190
IQ:34,280,2,58,11
IQ:35,288,255,-44,-13
SW:2
RR:3
SS:3
FR:2426
ME:10
MA:89
KE:15
KA:93
DF_END

Data arrived...
DF_BEGIN
IQ:0,0,11,-45,-159
IQ:1,8,11,-156,66
IQ:2,16,11,93,147
IQ:3,24,11,130,-89
IQ:4,32,11,-120,-132
IQ:5,40,11,-111,125
IQ:6,48,11,135,100
IQ:7,56,11,92,-132
IQ:8,72,12,-328,55
IQ:9,80,255,9,371
IQ:10,88,1,332,182
IQ:11,96,255,259,-262
IQ:12,104,2,49,-272
IQ:13,112,255,-161,-100
IQ:14,120,10,-93,-130
IQ:15,128,255,-178,-102
IQ:16,136,3,-271,-237
IQ:17,144,255,-200,71
IQ:18,152,9,-102,-85
IQ:19,160,255,-166,-92
IQ:20,168,4,-307,-204
IQ:21,176,255,-210,105
IQ:22,184,8,-145,-40
IQ:23,192,255,-100,137
IQ:24,200,7,115,226
IQ:25,208,255,257,-31
IQ:26,216,6,51,-116
IQ:27,224,255,-211,-77
IQ:28,232,5,-280,182
IQ:29,240,255,61,131
IQ:30,248,12,-235,-254
IQ:31,256,255,-317,159
IQ:32,264,1,4,373
IQ:33,272,255,362,74
IQ:34,280,2,257,-120
IQ:35,288,255,44,-206
SW:2
RR:3
SS:3
FR:2402
ME:24
MA:97
KE:16
KA:93
DF_END

Data arrived...
DF_BEGIN
IQ:0,0,11,-19,162
IQ:1,8,11,175,4
IQ:2,16,11,-18,-160
IQ:3,24,11,-154,27
IQ:4,32,11,59,152
IQ:5,40,11,162,-62
IQ:6,48,11,-54,-150
IQ:7,56,11,-137,84
IQ:8,72,12,280,132
IQ:9,80,255,179,-281
IQ:10,88,1,-144,-324
IQ:11,96,255,-343,40
IQ:12,104,2,-213,195
IQ:13,112,255,72,192
IQ:14,120,10,21,162
IQ:15,128,255,97,148
IQ:16,136,3,84,345
IQ:17,144,255,209,92
IQ:18,152,9,52,131
IQ:19,160,255,86,136
IQ:20,168,4,77,344
IQ:21,176,255,230,69
IQ:22,184,8,115,98
IQ:23,192,255,157,-51
IQ:24,200,7,38,-232
IQ:25,208,255,-198,-111
IQ:26,216,6,-99,51
IQ:27,224,255,120,171
IQ:28,232,5,310,46
IQ:29,240,255,53,-124
IQ:30,248,12,60,306
IQ:31,256,255,339,42
IQ:32,264,1,210,-270
IQ:33,272,255,-237,-243
IQ:34,280,2,-292,-79
IQ:35,288,255,-164,157
SW:2
RR:3
SS:3
FR:2402
ME:27
MA:97
KE:17
KA:94
DF_END

Data arrived...
DF_BEGIN
IQ:0,0,11,113,-148
IQ:1,8,11,-157,-95
IQ:2,16,11,-86,162
IQ:3,24,11,170,61
IQ:4,32,11,53,-181
IQ:5,40,11,-183,-44
IQ:6,48,11,-28,174
IQ:7,56,11,184,-12
IQ:8,72,12,-186,-85
IQ:9,80,255,-80,179
IQ:10,88,1,138,98
IQ:11,96,255,87,-120
IQ:12,104,2,-83,-43
IQ:13,112,255,-8,54
IQ:14,120,10,69,-133
IQ:15,128,255,-112,-141
IQ:16,136,3,-100,-11
IQ:17,144,255,20,45
IQ:18,152,9,19,-142
IQ:19,160,255,-132,-95
IQ:20,168,4,-88,3
IQ:21,176,255,39,29
IQ:22,184,8,-8,-183
IQ:23,192,255,-191,7
IQ:24,200,7,-27,232
IQ:25,208,255,211,76
IQ:26,216,6,61,-118
IQ:27,224,255,-121,-73
IQ:28,232,5,-60,58
IQ:29,240,255,73,-22
IQ:30,248,12,-51,-206
IQ:31,256,255,-200,20
IQ:32,264,1,10,168
IQ:33,272,255,149,7
IQ:34,280,2,-4,-99
IQ:35,288,255,-40,40
SW:2
RR:3
SS:3
FR:2480
ME:10
MA:94
KE:16
KA:94
DF_END

Data arrived...
DF_BEGIN
IQ:0,0,11,40,141
IQ:1,8,11,139,-53
IQ:2,16,11,-62,-137
IQ:3,24,11,-131,75
IQ:4,32,11,80,125
IQ:5,40,11,106,-97
IQ:6,48,11,-106,-99
IQ:7,56,11,-88,120
IQ:8,72,12,167,-100
IQ:9,80,255,-96,-156
IQ:10,88,1,-168,61
IQ:11,96,255,46,137
IQ:12,104,2,42,-21
IQ:13,112,255,-63,-12
IQ:14,120,10,-9,148
IQ:15,128,255,157,52
IQ:16,136,3,68,-64
IQ:17,144,255,-56,-10
IQ:18,152,9,75,113
IQ:19,160,255,155,-21
IQ:20,168,4,56,-60
IQ:21,176,255,-38,14
IQ:22,184,8,153,90
IQ:23,192,255,122,-149
IQ:24,200,7,-152,-146
IQ:25,208,255,-163,121
IQ:26,216,6,81,95
IQ:27,224,255,110,-83
IQ:28,232,5,2,-97
IQ:29,240,255,-39,48
IQ:30,248,12,172,100
IQ:31,256,255,96,-158
IQ:32,264,1,-145,-91
IQ:33,272,255,-87,120
IQ:34,280,2,43,34
IQ:35,288,255,-28,-36
SW:2
RR:3
SS:3
FR:2426
ME:10
MA:94
KE:16
KA:94
DF_END

Data arrived...
DF_BEGIN
IQ:0,0,11,-138,-39
IQ:1,8,11,-25,145
IQ:2,16,11,149,9
IQ:3,24,11,2,-154
IQ:4,32,11,-141,24
IQ:5,40,11,30,151
IQ:6,48,11,135,-59
IQ:7,56,11,-61,-132
IQ:8,72,12,10,199
IQ:9,80,255,183,-3
IQ:10,88,1,19,-160
IQ:11,96,255,-130,-23
IQ:12,104,2,-3,44
IQ:13,112,255,41,-43
IQ:14,120,10,-117,-80
IQ:15,128,255,-107,115
IQ:16,136,3,22,81
IQ:17,144,255,27,-33
IQ:18,152,9,-145,3
IQ:19,160,255,-45,153
IQ:20,168,4,31,77
IQ:21,176,255,-8,-45
IQ:22,184,8,-143,103
IQ:23,192,255,76,170
IQ:24,200,7,211,-41
IQ:25,208,255,-12,-195
IQ:26,216,6,-128,28
IQ:27,224,255,9,141
IQ:28,232,5,71,38
IQ:29,240,255,-26,-49
IQ:30,248,12,-150,112
IQ:31,256,255,98,159
IQ:32,264,1,151,-76
IQ:33,272,255,-62,-124
IQ:34,280,2,-47,20
IQ:35,288,255,47,-11
SW:2
RR:3
SS:3
FR:2426
ME:10
MA:89
KE:15
KA:93
DF_END

Data arrived...
DF_BEGIN
IQ:0,0,11,144,-132
IQ:1,8,11,-150,-130
IQ:2,16,11,-104,177
IQ:3,24,11,168,104
IQ:4,32,11,96,-178
IQ:5,40,11,-185,-52
IQ:6,48,11,-67,189
IQ:7,56,11,194,24
IQ:8,72,12,-78,-429
IQ:9,80,255,-485,18
IQ:10,88,1,-278,472
IQ:11,96,255,401,368
IQ:12,104,2,447,21
IQ:13,112,255,134,-304
IQ:14,120,10,91,-201
IQ:15,128,255,120,-199
IQ:16,136,3,329,-405
IQ:17,144,255,-136,-334
IQ:18,152,9,26,-157
IQ:19,160,255,103,-173
IQ:20,168,4,331,-466
IQ:21,176,255,-182,-332
IQ:22,184,8,-34,-186
IQ:23,192,255,-180,-77
IQ:24,200,7,-302,140
IQ:25,208,255,50,332
IQ:26,216,6,151,93
IQ:27,224,255,119,-291
IQ:28,232,5,-245,-452
IQ:29,240,255,-243,42
IQ:30,248,12,325,-326
IQ:31,256,255,-220,-450
IQ:32,264,1,-551,18
IQ:33,272,255,-74,537
IQ:34,280,2,208,379
IQ:35,288,255,344,-31
SW:2
RR:3
SS:3
FR:2402
ME:27
MA:97
KE:16
KA:93
DF_END

Data arrived...
DF_BEGIN
IQ:0,0,11,-88,-107
IQ:1,8,11,-97,100
IQ:2,16,11,105,78
IQ:3,24,11,72,-124
IQ:4,32,11,-124,-61
IQ:5,40,11,-47,128
IQ:6,48,11,138,34
IQ:7,56,11,17,-141
IQ:8,72,12,-98,122
IQ:9,80,255,111,99
IQ:10,88,1,96,-85
IQ:11,96,255,-79,-84
IQ:12,104,2,-46,55
IQ:13,112,255,37,18
IQ:14,120,10,-93,-63
IQ:15,128,255,-114,62
IQ:16,136,3,-23,70
IQ:17,144,255,37,-6
IQ:18,152,9,-89,-33
IQ:19,160,255,-80,83
IQ:20,168,4,-5,62
IQ:21,176,255,27,-26
IQ:22,184,8,-131,-17
IQ:23,192,255,-30,133
IQ:24,200,7,169,61
IQ:25,208,255,79,-150
IQ:26,216,6,-86,-47
IQ:27,224,255,-64,89
IQ:28,232,5,36,53
IQ:29,240,255,3,-58
IQ:30,248,12,-164,-10
IQ:31,256,255,-20,147
IQ:32,264,1,125,22
IQ:33,272,255,24,-113
IQ:34,280,2,-65,-5
IQ:35,288,255,23,38
SW:2
RR:3
SS:3
FR:2480
ME:10
MA:94
KE:15
KA:93
DF_END

Data arrived...
DF_BEGIN
IQ:0,0,11,66,-162
IQ:1,8,11,-167,-61
IQ:2,16,11,-51,172
IQ:3,24,11,169,39
IQ:4,32,11,5,-171
IQ:5,40,11,-174,10
IQ:6,48,11,27,174
IQ:7,56,11,172,-43
IQ:8,72,12,-233,-56
IQ:9,80,255,-58,220
IQ:10,88,1,192,76
IQ:11,96,255,84,-167
IQ:12,104,2,-48,-28
IQ:13,112,255,28,46
IQ:14,120,10,106,-121
IQ:15,128,255,-111,-148
IQ:16,136,3,-114,-15
IQ:17,144,255,34,45
IQ:18,152,9,11,-154
IQ:19,160,255,-153,-92
IQ:20,168,4,-90,-7
IQ:21,176,255,26,9
IQ:22,184,8,-79,-188
IQ:23,192,255,-228,56
IQ:24,200,7,2,256
IQ:25,208,255,237,33
IQ:26,216,6,13,-144
IQ:27,224,255,-166,-43
IQ:28,232,5,-84,61
IQ:29,240,255,66,-11
IQ:30,248,12,-75,-236
IQ:31,256,255,-218,58
IQ:32,264,1,31,200
IQ:33,272,255,182,-24
IQ:34,280,2,6,-60
IQ:35,288,255,8,41
SW:2
RR:3
SS:3
FR:2426
ME:13
MA:91
KE:15
KA:93
DF_END

Data arrived...
DF_BEGIN
IQ:0,0,11,-208,84
IQ:1,8,11,102,181
IQ:2,16,11,187,-110
IQ:3,24,11,-127,-192
IQ:4,32,11,-169,144
IQ:5,40,11,167,131
IQ:6,48,11,123,-169
IQ:7,56,11,-188,-97
IQ:8,72,12,97,493
IQ:9,80,255,577,-27
IQ:10,88,1,204,-514
IQ:11,96,255,-472,-317
IQ:12,104,2,-449,13
IQ:13,112,255,-106,269
IQ:14,120,10,-148,121
IQ:15,128,255,-142,249
IQ:16,136,3,-286,505
IQ:17,144,255,196,318
IQ:18,152,9,-108,147
IQ:19,160,255,-132,237
IQ:20,168,4,-247,500
IQ:21,176,255,202,262
IQ:22,184,8,-1,182
IQ:23,192,255,193,119
IQ:24,200,7,354,-148
IQ:25,208,255,-56,-373
IQ:26,216,6,-204,-92
IQ:27,224,255,-106,337
IQ:28,232,5,315,415
IQ:29,240,255,231,-94
IQ:30,248,12,-389,331
IQ:31,256,255,262,506
IQ:32,264,1,564,-70
IQ:33,272,255,90,-572
IQ:34,280,2,-224,-392
IQ:35,288,255,-314,-5
SW:2
RR:3
SS:3
FR:2402
ME:24
MA:97
KE:16
KA:93
DF_END

Data arrived...
DF_BEGIN
IQ:0,0,11,-148,-177
IQ:1,8,11,-157,167
IQ:2,16,11,160,174
IQ:3,24,11,117,-185
IQ:4,32,11,-198,-97
IQ:5,40,11,-99,217
IQ:6,48,11,229,79
IQ:7,56,11,61,-224
IQ:8,72,12,-442,139
IQ:9,80,255,84,513
IQ:10,88,1,527,152
IQ:11,96,255,260,-488
IQ:12,104,2,-61,-442
IQ:13,112,255,-302,-53
IQ:14,120,10,-158,-136
IQ:15,128,255,-267,-102
IQ:16,136,3,-497,-204
IQ:17,144,255,-272,227
IQ:18,152,9,-169,-39
IQ:19,160,255,-247,-64
IQ:20,168,4,-527,-186
IQ:21,176,255,-252,244
IQ:22,184,8,-196,26
IQ:23,192,255,-79,183
IQ:24,200,7,165,294
IQ:25,208,255,334,-107
IQ:26,216,6,70,-199
IQ:27,224,255,-346,-44
IQ:28,232,5,-386,333
IQ:29,240,255,108,167
IQ:30,248,12,-401,-283
IQ:31,256,255,-400,366
IQ:32,264,1,128,537
IQ:33,272,255,547,-14
IQ:34,280,2,341,-282
IQ:35,288,255,-78,-326
SW:2
RR:3
SS:3
FR:2402
ME:24
MA:97
KE:17
KA:94
DF_END

Data arrived...
DF_BEGIN
IQ:0,0,11,-194,21
IQ:1,8,11,36,186
IQ:2,16,11,187,-62
IQ:3,24,11,-90,-172
IQ:4,32,11,-171,96
IQ:5,40,11,113,158
IQ:6,48,11,141,-128
IQ:7,56,11,-151,-120
IQ:8,72,12,82,201
IQ:9,80,255,198,-70
IQ:10,88,1,-39,-170
IQ:11,96,255,-142,29
IQ:12,104,2,41,86
IQ:13,112,255,46,-37
IQ:14,120,10,-143,56
IQ:15,128,255,-9,182
IQ:16,136,3,74,74
IQ:17,144,255,15,-53
IQ:18,152,9,-110,83
IQ:19,160,255,44,153
IQ:20,168,4,73,59
IQ:21,176,255,-3,-53
IQ:22,184,8,-113,135
IQ:23,192,255,134,130
IQ:24,200,7,184,-148
IQ:25,208,255,-131,-194
IQ:26,216,6,-126,65
IQ:27,224,255,47,137
IQ:28,232,5,86,-7
IQ:29,240,255,-67,-46
IQ:30,248,12,-121,177
IQ:31,256,255,161,133
IQ:32,264,1,124,-120
IQ:33,272,255,-112,-101
IQ:34,280,2,-61,77
IQ:35,288,255,60,-7
SW:2
RR:3
SS:3
FR:2480
ME:10
MA:89
KE:16
KA:93
DF_END

Data arrived...
DF_BEGIN
IQ:0,0,11,-74,163
IQ:1,8,11,166,59
IQ:2,16,11,38,-175
IQ:3,24,11,-179,-24
IQ:4,32,11,4,178
IQ:5,40,11,176,-25
IQ:6,48,11,-41,-174
IQ:7,56,11,-165,64
IQ:8,72,12,242,39
IQ:9,80,255,13,-235
IQ:10,88,1,-218,-53
IQ:11,96,255,-63,179
IQ:12,104,2,44,17
IQ:13,112,255,-39,-42
IQ:14,120,10,-94,131
IQ:15,128,255,119,152
IQ:16,136,3,112,17
IQ:17,144,255,-29,-40
IQ:18,152,9,-5,162
IQ:19,160,255,161,92
IQ:20,168,4,98,1
IQ:21,176,255,-30,-12
IQ:22,184,8,74,207
IQ:23,192,255,214,-74
IQ:24,200,7,-42,-268
IQ:25,208,255,-251,-13
IQ:26,216,6,8,151
IQ:27,224,255,176,27
IQ:28,232,5,96,-78
IQ:29,240,255,-57,10
IQ:30,248,12,99,228
IQ:31,256,255,219,-86
IQ:32,264,1,-69,-205
IQ:33,272,255,-186,33
IQ:34,280,2,0,50
IQ:35,288,255,-5,-48
SW:2
RR:3
SS:3
FR:2426
ME:13
MA:86
KE:16
KA:92
DF_END

Data arrived...
DF_BEGIN
IQ:0,0,11,127,168
IQ:1,8,11,165,-148
IQ:2,16,11,-168,-142
IQ:3,24,11,-110,171
IQ:4,32,11,185,92
IQ:5,40,11,70,-194
IQ:6,48,11,-211,-70
IQ:7,56,11,-55,208
IQ:8,72,12,475,-154
IQ:9,80,255,-113,-529
IQ:10,88,1,-582,-115
IQ:11,96,255,-253,523
IQ:12,104,2,129,444
IQ:13,112,255,316,21
IQ:14,120,10,161,99
IQ:15,128,255,255,98
IQ:16,136,3,521,205
IQ:17,144,255,285,-230
IQ:18,152,9,126,45
IQ:19,160,255,239,95
IQ:20,168,4,497,158
IQ:21,176,255,214,-259
IQ:22,184,8,149,-33
IQ:23,192,255,78,-186
IQ:24,200,7,-186,-344
IQ:25,208,255,-374,79
IQ:26,216,6,-64,216
IQ:27,224,255,358,44
IQ:28,232,5,353,-371
IQ:29,240,255,-134,-193
IQ:30,248,12,389,306
IQ:31,256,255,416,-359
IQ:32,264,1,-161,-575
IQ:33,272,255,-563,34
IQ:34,280,2,-278,343
IQ:35,288,255,107,310
SW:2
RR:3
SS:3
FR:2402
ME:24
MA:94
KE:16
KA:92
DF_END

Data arrived...
DF_BEGIN
IQ:0,0,11,-104,156
IQ:1,8,11,183,69
IQ:2,16,11,67,-191
IQ:3,24,11,-196,-50
IQ:4,32,11,-47,189
IQ:5,40,11,188,42
IQ:6,48,11,1,-190
IQ:7,56,11,-209,6
IQ:8,72,12,207,403
IQ:9,80,255,494,-200
IQ:10,88,1,55,-564
IQ:11,96,255,-558,-191
IQ:12,104,2,-427,169
IQ:13,112,255,20,337
IQ:14,120,10,-33,181
IQ:15,128,255,-34,249
IQ:16,136,3,-96,558
IQ:17,144,255,308,244
IQ:18,152,9,-3,140
IQ:19,160,255,-53,213
IQ:20,168,4,-106,533
IQ:21,176,255,272,203
IQ:22,184,8,66,149
IQ:23,192,255,199,34
IQ:24,200,7,283,-229
IQ:25,208,255,-145,-327
IQ:26,216,6,-211,-22
IQ:27,224,255,7,340
IQ:28,232,5,437,286
IQ:29,240,255,158,-170
IQ:30,248,12,-225,425
IQ:31,256,255,397,330
IQ:32,264,1,534,-249
IQ:33,272,255,-129,-557
IQ:34,280,2,-376,-287
IQ:35,288,255,-331,140
SW:2
RR:3
SS:3
FR:2402
ME:24
MA:100
KE:17
KA:93
DF_END

Data arrived...
DF_BEGIN
IQ:0,0,11,-169,-70
IQ:1,8,11,-58,173
IQ:2,16,11,181,55
IQ:3,24,11,18,-184
IQ:4,32,11,-190,8
IQ:5,40,11,12,181
IQ:6,48,11,181,-37
IQ:7,56,11,-39,-179
IQ:8,72,12,-47,211
IQ:9,80,255,205,55
IQ:10,88,1,62,-173
IQ:11,96,255,-148,-59
IQ:12,104,2,-20,100
IQ:13,112,255,70,-5
IQ:14,120,10,-137,-32
IQ:15,128,255,-114,134
IQ:16,136,3,23,108
IQ:17,144,255,57,-35
IQ:18,152,9,-128,1
IQ:19,160,255,-52,150
IQ:20,168,4,32,85
IQ:21,176,255,30,-49
IQ:22,184,8,-170,58
IQ:23,192,255,36,178
IQ:24,200,7,247,-13
IQ:25,208,255,23,-232
IQ:26,216,6,-139,-17
IQ:27,224,255,-26,144
IQ:28,232,5,84,52
IQ:29,240,255,-24,-83
IQ:30,248,12,-200,77
IQ:31,256,255,70,200
IQ:32,264,1,176,-39
IQ:33,272,255,-44,-154
IQ:34,280,2,-95,22
IQ:35,288,255,57,33
SW:2
RR:3
SS:3
FR:2480
ME:10
MA:94
KE:16
KA:93
DF_END

Data arrived...
DF_BEGIN
IQ:0,0,11,-99,149
IQ:1,8,11,154,80
IQ:2,16,11,74,-161
IQ:3,24,11,-161,-56
IQ:4,32,11,-26,170
IQ:5,40,11,180,9
IQ:6,48,11,2,-175
IQ:7,56,11,-174,8
IQ:8,72,12,231,99
IQ:9,80,255,102,-212
IQ:10,88,1,-192,-101
IQ:11,96,255,-109,154
IQ:12,104,2,51,30
IQ:13,112,255,-32,-68
IQ:14,120,10,-132,111
IQ:15,128,255,84,166
IQ:16,136,3,116,23
IQ:17,144,255,-28,-53
IQ:18,152,9,-44,153
IQ:19,160,255,149,102
IQ:20,168,4,93,22
IQ:21,176,255,-26,-14
IQ:22,184,8,43,216
IQ:23,192,255,231,-4
IQ:24,200,7,49,-265
IQ:25,208,255,-237,-70
IQ:26,216,6,-25,144
IQ:27,224,255,167,71
IQ:28,232,5,118,-51
IQ:29,240,255,-60,-4
IQ:30,248,12,50,243
IQ:31,256,255,223,-45
IQ:32,264,1,-22,-223
IQ:33,272,255,-196,2
IQ:34,280,2,1,60
IQ:35,288,255,15,-54
SW:2
RR:3
SS:3
FR:2426
ME:10
MA:89
KE:16
KA:93
DF_END

Data arrived...
DF_BEGIN
IQ:0,0,11,-20,-178
IQ:1,8,11,-167,49
IQ:2,16,11,56,160
IQ:3,24,11,157,-80
IQ:4,32,11,-93,-148
IQ:5,40,11,-141,100
IQ:6,48,11,89,141
IQ:7,56,11,129,-118
IQ:8,72,12,-423,-184
IQ:9,80,255,-224,465
IQ:10,88,1,378,441
IQ:11,96,255,523,-264
IQ:12,104,2,198,-439
IQ:13,112,255,-253,-250
IQ:14,120,10,-97,-146
IQ:15,128,255,-143,-200
IQ:16,136,3,-287,-508
IQ:17,144,255,-377,9
IQ:18,152,9,-72,-103
IQ:19,160,255,-117,-205
IQ:20,168,4,-360,-453
IQ:21,176,255,-344,84
IQ:22,184,8,-155,-48
IQ:23,192,255,-153,101
IQ:24,200,7,-2,341
IQ:25,208,255,331,131
IQ:26,216,6,188,-117
IQ:27,224,255,-240,-262
IQ:28,232,5,-530,71
IQ:29,240,255,-22,262
IQ:30,248,12,-117,-464
IQ:31,256,255,-523,1
IQ:32,264,1,-206,527
IQ:33,272,255,496,305
IQ:34,280,2,468,-35
IQ:35,288,255,100,-347
SW:2
RR:3
SS:3
FR:2402
ME:24
MA:97
KE:17
KA:93
DF_END

Data arrived...
DF_BEGIN
IQ:0,0,11,-8,139
IQ:1,8,11,135,-8
IQ:2,16,11,-3