IQ:33,272,255,-160,-24
IQ:34,280,2,-6,98
IQ:35,288,255,57,-22
SW:2
RR:3
SS:3
FR:2480
ME:13
MA:89
KE:15
KA:92
DF_END

Data arrived...
DF_BEGIN
IQ:0,0,11,88,148
IQ:1,8,11,143,-104
IQ:2,16,11,-114,-140
IQ:3,24,11,-127,123
IQ:4,32,11,142,93
IQ:5,40,11,98,-158
IQ:6,48,11,-169,-79
IQ:7,56,11,-60,166
IQ:8,72,12,194,-164
IQ:9,80,255,-148,-191
IQ:10,88,1,-197,127
IQ:11,96,255,92,174
IQ:12,104,2,57,-35
IQ:13,112,255,-66,-2
IQ:14,120,10,38,168
IQ:15,128,255,196,10
IQ:16,136,3,81,-97
IQ:17,144,255,-61,-12
IQ:18,152,9,108,105
IQ:19,160,255,174,-58
IQ:20,168,4,77,-85
IQ:21,176,255,-31,10
IQ:22,184,8,194,37
IQ:23,192,255,81,-207
IQ:24,200,7,-238,-135
IQ:25,208,255,-158,193
IQ:26,216,6,121,97
IQ:27,224,255,139,-133
IQ:28,232,5,-11,-133
IQ:29,240,255,-32,58
IQ:30,248,12,242,62
IQ:31,256,255,81,-237
IQ:32,264,1,-206,-101
IQ:33,272,255,-81,184
IQ:34,280,2,54,35
IQ:35,288,255,-31,-31
SW:2
RR:3
SS:3
FR:2426
ME:13
MA:89
KE:15
KA:92
DF_END

Data arrived...
DF_BEGIN
IQ:0,0,11,209,-35
IQ:1,8,11,-71,-213
IQ:2,16,11,-201,91
IQ:3,24,11,112,194
IQ:4,32,11,210,-140
IQ:5,40,11,-161,-158
IQ:6,48,11,-140,147
IQ:7,56,11,171,138
IQ:8,72,12,177,-392
IQ:9,80,255,-402,-271
IQ:10,88,1,-477,222
IQ:11,96,255,130,515
IQ:12,104,2,396,291
IQ:13,112,255,304,-178
IQ:14,120,10,194,-122
IQ:15,128,255,170,-166
IQ:16,136,3,498,-250
IQ:17,144,255,63,-370
IQ:18,152,9,149,-126
IQ:19,160,255,195,-90
IQ:20,168,4,505,-206
IQ:21,176,255,12,-361
IQ:22,184,8,69,-192
IQ:23,192,255,-148,-157
IQ:24,200,7,-325,-21
IQ:25,208,255,-115,305
IQ:26,216,6,76,133
IQ:27,224,255,225,-163
IQ:28,232,5,32,-478
IQ:29,240,255,-212,-121
IQ:30,248,12,408,-83
IQ:31,256,255,2,-491
IQ:32,264,1,-472,-263
IQ:33,272,255,-350,381
IQ:34,280,2,-74,446
IQ:35,288,255,300,230
SW:2
RR:3
SS:3
FR:2402
ME:30
MA:94
KE:16
KA:92
DF_END

Data arrived...
DF_BEGIN
IQ:0,0,11,34,169
IQ:1,8,11,166,-52
IQ:2,16,11,-70,-171
IQ:3,24,11,-163,74
IQ:4,32,11,94,146
IQ:5,40,11,130,-119
IQ:6,48,11,-134,-115
IQ:7,56,11,-104,146
IQ:8,72,12,188,-86
IQ:9,80,255,-80,-192
IQ:10,88,1,-176,23
IQ:11,96,255,36,149
IQ:12,104,2,92,-43
IQ:13,112,255,-34,-63
IQ:14,120,10,57,113
IQ:15,128,255,159,-9
IQ:16,136,3,77,-74
IQ:17,144,255,-41,-37
IQ:18,152,9,73,92
IQ:19,160,255,144,-40
IQ:20,168,4,64,-79
IQ:21,176,255,-49,-7
IQ:22,184,8,138,89
IQ:23,192,255,109,-146
IQ:24,200,7,-165,-174
IQ:25,208,255,-195,114
IQ:26,216,6,53,117
IQ:27,224,255,138,-48
IQ:28,232,5,-1,-92
IQ:29,240,255,-45,61
IQ:30,248,12,177,123
IQ:31,256,255,131,-159
IQ:32,264,1,-133,-114
IQ:33,272,255,-109,116
IQ:34,280,2,74,57
IQ:35,288,255,3,-55
SW:2
RR:3
SS:3
FR:2480
ME:10
MA:89
KE:16
KA:92
DF_END

Data arrived...
DF_BEGIN
IQ:0,0,11,-170,-40
IQ:1,8,11,-24,179
IQ:2,16,11,169,8
IQ:3,24,11,-15,-173
IQ:4,32,11,-170,31
IQ:5,40,11,49,166
IQ:6,48,11,172,-50
IQ:7,56,11,-72,-165
IQ:8,72,12,-8,243
IQ:9,80,255,231,5
IQ:10,88,1,24,-223
IQ:11,96,255,-195,-51
IQ:12,104,2,-21,53
IQ:13,112,255,34,-44
IQ:14,120,10,-144,-80
IQ:15,128,255,-133,134
IQ:16,136,3,0,117
IQ:17,144,255,45,-32
IQ:18,152,9,-151,26
IQ:19,160,255,-61,172
IQ:20,168,4,10,108
IQ:21,176,255,17,-32
IQ:22,184,8,-174,88
IQ:23,192,255,83,200
IQ:24,200,7,251,-59
IQ:25,208,255,-33,-249
IQ:26,216,6,-150,4
IQ:27,224,255,1,176
IQ:28,232,5,117,79
IQ:29,240,255,-11,-69
IQ:30,248,12,-220,115
IQ:31,256,255,103,207
IQ:32,264,1,200,-87
IQ:33,272,255,-49,-194
IQ:34,280,2,-66,8
IQ:35,288,255,42,-1
SW:2
RR:3
SS:3
FR:2426
ME:10
MA:94
KE:15
KA:92
DF_END

Data arrived...
DF_BEGIN
IQ:0,0,11,41,-146
IQ:1,8,11,-168,-36
IQ:2,16,11,-23,177
IQ:3,24,11,169,12
IQ:4,32,11,-15,-167
IQ:5,40,11,-176,42
IQ:6,48,11,36,161
IQ:7,56,11,161,-74
IQ:8,72,12,-226,-30
IQ:9,80,255,-44,228
IQ:10,88,1,212,55
IQ:11,96,255,75,-179
IQ:12,104,2,-59,-33
IQ:13,112,255,32,41
IQ:14,120,10,102,-118
IQ:15,128,255,-115,-142
IQ:16,136,3,-120,-13
IQ:17,144,255,20,54
IQ:18,152,9,5,-141
IQ:19,160,255,-154,-82
IQ:20,168,4,-104,-18
IQ:21,176,255,14,21
IQ:22,184,8,-83,-170
IQ:23,192,255,-200,69
IQ:24,200,7,39,251
IQ:25,208,255,229,10
IQ:26,216,6,8,-147
IQ:27,224,255,-182,-17
IQ:28,232,5,-112,87
IQ:29,240,255,54,8
IQ:30,248,12,-106,-228
IQ:31,256,255,-198,98
IQ:32,264,1,79,199
IQ:33,272,255,193,-46
IQ:34,280,2,4,-68
IQ:35,288,255,3,32
SW:2
RR:3
SS:3
FR:2426
ME:13
MA:89
KE:15
KA:91
DF_END

Data arrived...
DF_BEGIN
IQ:0,0,11,-210,-51
IQ:1,8,11,-36,210
IQ:2,16,11,196,15
IQ:3,24,11,-18,-219
IQ:4,32,11,-223,26
IQ:5,40,11,47,197
IQ:6,48,11,209,-76
IQ:7,56,11,-91,-208
IQ:8,72,12,-302,296
IQ:9,80,255,242,423
IQ:10,88,1,526,-4
IQ:11,96,255,124,-546
IQ:12,104,2,-207,-410
IQ:13,112,255,-358,38
IQ:14,120,10,-243,3
IQ:15,128,255,-243,36
IQ:16,136,3,-546,-78
IQ:17,144,255,-227,296
IQ:18,152,9,-184,39
IQ:19,160,255,-211,14
IQ:20,168,4,-553,-41
IQ:21,176,255,-216,315
IQ:22,184,8,-161,99
IQ:23,192,255,18,193
IQ:24,200,7,290,168
IQ:25,208,255,252,-215
IQ:26,216,6,-14,-164
IQ:27,224,255,-287,51
IQ:28,232,5,-254,411
IQ:29,240,255,143,177
IQ:30,248,12,-427,-111
IQ:31,256,255,-239,426
IQ:32,264,1,278,461
IQ:33,272,255,519,-150
IQ:34,280,2,260,-362
IQ:35,288,255,-196,-308
SW:2
RR:3
SS:3
FR:2402
ME:27
MA:94
KE:16
KA:92
DF_END

Data arrived...
DF_BEGIN
IQ:0,0,11,79,160
IQ:1,8,11,148,-99
IQ:2,16,11,-113,-147
IQ:3,24,11,-124,118
IQ:4,32,11,134,126
IQ:5,40,11,114,-135
IQ:6,48,11,-153,-84
IQ:7,56,11,-61,168
IQ:8,72,12,158,-144
IQ:9,80,255,-136,-165
IQ:10,88,1,-157,79
IQ:11,96,255,74,128
IQ:12,104,2,80,-64
IQ:13,112,255,-47,-48
IQ:14,120,10,89,98
IQ:15,128,255,158,-44
IQ:16,136,3,61,-91
IQ:17,144,255,-53,-18
IQ:18,152,9,100,65
IQ:19,160,255,127,-88
IQ:20,168,4,41,-88
IQ:21,176,255,-51,12
IQ:22,184,8,161,60
IQ:23,192,255,83,-164
IQ:24,200,7,-190,-129
IQ:25,208,255,-155,160
IQ:26,216,6,86,101
IQ:27,224,255,118,-85
IQ:28,232,5,-21,-93
IQ:29,240,255,-29,62
IQ:30,248,12,198,65
IQ:31,256,255,81,-187
IQ:32,264,1,-155,-80
IQ:33,272,255,-76,141
IQ:34,280,2,82,43
IQ:35,288,255,-17,-49
SW:2
RR:3
SS:3
FR:2480
ME:10
MA:94
KE:15
KA:92
DF_END

Data arrived...
DF_BEGIN
IQ:0,0,11,-88,-151
IQ:1,8,11,-145,95
IQ:2,16,11,104,144
IQ:3,24,11,134,-119
IQ:4,32,11,-123,-129
IQ:5,40,11,-108,129
IQ:6,48,11,153,83
IQ:7,56,11,70,-167
IQ:8,72,12,-172,120
IQ:9,80,255,112,168
IQ:10,88,1,158,-87
IQ:11,96,255,-78,-140
IQ:12,104,2,-77,44
IQ:13,112,255,38,43
IQ:14,120,10,-82,-91
IQ:15,128,255,-161,41
IQ:16,136,3,-60,87
IQ:17,144,255,53,16
IQ:18,152,9,-91,-72
IQ:19,160,255,-140,72
IQ:20,168,4,-45,82
IQ:21,176,255,51,-9
IQ:22,184,8,-165,-62
IQ:23,192,255,-62,161
IQ:24,200,7,206,124
IQ:25,208,255,156,-164
IQ:26,216,6,-94,-98
IQ:27,224,255,-123,76
IQ:28,232,5,18,87
IQ:29,240,255,27,-67
IQ:30,248,12,-191,-64
IQ:31,256,255,-73,186
IQ:32,264,1,149,78
IQ:33,272,255,73,-140
IQ:34,280,2,-97,-50
IQ:35,288,255,10,59
SW:2
RR:3
SS:3
FR:2480
ME:10
MA:97
KE:15
KA:92
DF_END

Data arrived...
DF_BEGIN
IQ:0,0,11,177,-37
IQ:1,8,11,-46,-165
IQ:2,16,11,-169,75
IQ:3,24,11,69,195
IQ:4,32,11,147,-107
IQ:5,40,11,-104,-143
IQ:6,48,11,-128,112
IQ:7,56,11,103,109
IQ:8,72,12,-107,-237
IQ:9,80,255,-204,61
IQ:10,88,1,79,207
IQ:11,96,255,183,-33
IQ:12,104,2,2,-49
IQ:13,112,255,-11,79
IQ:14,120,10,143,33
IQ:15,128,255,69,-173
IQ:16,136,3,-55,-136
IQ:17,144,255,-33,48
IQ:18,152,9,127,-74
IQ:19,160,255,-7,-157
IQ:20,168,4,-5,-112
IQ:21,176,255,-23,22
IQ:22,184,8,110,-148
IQ:23,192,255,-127,-145
IQ:24,200,7,-216,154
IQ:25,208,255,119,216
IQ:26,216,6,149,-91
IQ:27,224,255,-57,-165
IQ:28,232,5,-127,-56
IQ:29,240,255,41,55
IQ:30,248,12,141,-199
IQ:31,256,255,-175,-138
IQ:32,264,1,-154,147
IQ:33,272,255,117,139
IQ:34,280,2,68,52
IQ:35,288,255,-47,10
SW:2
RR:3
SS:3
FR:2426
ME:13
MA:97
KE:14
KA:93
DF_END

Data arrived...
DF_BEGIN
IQ:0,0,11,-20,-225
IQ:1,8,11,-227,61
IQ:2,16,11,81,212
IQ:3,24,11,211,-95
IQ:4,32,11,-127,-196
IQ:5,40,11,-192,139
IQ:6,48,11,156,185
IQ:7,56,11,161,-160
IQ:8,72,12,-410,-138
IQ:9,80,255,-247,437
IQ:10,88,1,279,468
IQ:11,96,255,522,-143
IQ:12,104,2,276,-374
IQ:13,112,255,-208,-280
IQ:14,120,10,-119,-222
IQ:15,128,255,-155,-218
IQ:16,136,3,-179,-522
IQ:17,144,255,-373,-62
IQ:18,152,9,-108,-146
IQ:19,160,255,-115,-176
IQ:20,168,4,-239,-511
IQ:21,176,255,-356,-41
IQ:22,184,8,-169,-83
IQ:23,192,255,-170,116
IQ:24,200,7,3,343
IQ:25,208,255,318,109
IQ:26,216,6,147,-80
IQ:27,224,255,-196,-242
IQ:28,232,5,-477,4
IQ:29,240,255,-82,212
IQ:30,248,12,-100,-439
IQ:31,256,255,-496,-13
IQ:32,264,1,-256,468
IQ:33,272,255,394,339
IQ:34,280,2,479,34
IQ:35,288,255,174,-312
SW:2
RR:3
SS:3
FR:2402
ME:27
MA:97
KE:16
KA:93
DF_END

Data arrived...
DF_BEGIN
IQ:0,0,11,-147,97
IQ:1,8,11,118,129
IQ:2,16,11,110,-138
IQ:3,24,11,-139,-106
IQ:4,32,11,-69,151
IQ:5,40,11,152,64
IQ:6,48,11,55,-171
IQ:7,56,11,-165,-53
IQ:8,72,12,161,122
IQ:9,80,255,133,-162
IQ:10,88,1,-114,-139
IQ:11,96,255,-140,93
IQ:12,104,2,63,70
IQ:13,112,255,47,-45
IQ:14,120,10,-82,98
IQ:15,128,255,62,142
IQ:16,136,3,95,54
IQ:17,144,255,11,-47
IQ:18,152,9,-54,110
IQ:19,160,255,94,120
IQ:20,168,4,86,31
IQ:21,176,255,-10,-38
IQ:22,184,8,-27,171
IQ:23,192,255,171,43
IQ:24,200,7,83,-215
IQ:25,208,255,-181,-114
IQ:26,216,6,-81,100
IQ:27,224,255,108,104
IQ:28,232,5,90,-34
IQ:29,240,255,-68,-15
IQ:30,248,12,-29,209
IQ:31,256,255,200,38
IQ:32,264,1,47,-169
IQ:33,272,255,-150,-41
IQ:34,280,2,-31,97
IQ:35,288,255,54,-14
SW:2
RR:3
SS:3
FR:2480
ME:10
MA:89
KE:15
KA:93
DF_END

Data arrived...
DF_BEGIN
IQ:0,0,11,107,132
IQ:1,8,11,123,-124
IQ:2,16,11,-127,-111
IQ:3,24,11,-94,139
IQ:4,32,11,150,77
IQ:5,40,11,61,-161
IQ:6,48,11,-164,-52
IQ:7,56,11,-41,168
IQ:8,72,12,124,-174
IQ:9,80,255,-155,-139
IQ:10,88,1,-147,102
IQ:11,96,255,88,127
IQ:12,104,2,75,-72
IQ:13,112,255,-50,-43
IQ:14,120,10,99,71
IQ:15,128,255,141,-67
IQ:16,136,3,45,-103
IQ:17,144,255,-51,-7
IQ:18,152,9,113,39
IQ:19,160,255,106,-107
IQ:20,168,4,27,-96
IQ:21,176,255,-47,19
IQ:22,184,8,166,34
IQ:23,192,255,49,-166
IQ:24,200,7,-216,-79
IQ:25,208,255,-101,187
IQ:26,216,6,105,73
IQ:27,224,255,102,-106
IQ:28,232,5,-46,-87
IQ:29,240,255,-25,68
IQ:30,248,12,202,31
IQ:31,256,255,63,-194
IQ:32,264,1,-168,-55
IQ:33,272,255,-51,159
IQ:34,280,2,95,25
IQ:35,288,255,-18,-49
SW:2
RR:3
SS:3
FR:2480
ME:10
MA:94
KE:14
KA:93
DF_END

Data arrived...
DF_BEGIN
IQ:0,0,11,-75,156
IQ:1,8,11,158,68
IQ:2,16,11,53,-163
IQ:3,24,11,-163,-55
IQ:4,32,11,-19,163
IQ:5,40,11,169,-13
IQ:6,48,11,-13,-174
IQ:7,56,11,-166,34
IQ:8,72,12,229,75
IQ:9,80,255,58,-221
IQ:10,88,1,-210,-89
IQ:11,96,255,-103,157
IQ:12,104,2,46,34
IQ:13,112,255,-28,-50
IQ:14,120,10,-121,101
IQ:15,128,255,82,168
IQ:16,136,3,117,27
IQ:17,144,255,-12,-55
IQ:18,152,9,-31,140
IQ:19,160,255,146,106
IQ:20,168,4,111,24
IQ:21,176,255,-19,-28
IQ:22,184,8,40,189
IQ:23,192,255,217,-22
IQ:24,200,7,17,-261
IQ:25,208,255,-240,-33
IQ:26,216,6,-23,145
IQ:27,224,255,173,59
IQ:28,232,5,118,-67
IQ:29,240,255,-61,-16
IQ:30,248,12,45,241
IQ:31,256,255,234,-42
IQ:32,264,1,-19,-218
IQ:33,272,255,-197,8
IQ:34,280,2,-12,63
IQ:35,288,255,8,-34
SW:2
RR:3
SS:3
FR:2426
ME:13
MA:89
KE:14
KA:92
DF_END

Data arrived...
DF_BEGIN
IQ:0,0,11,45,-207
IQ:1,8,11,-230,3
IQ:2,16,11,-17,212
IQ:3,24,11,202,2
IQ:4,32,11,-43,-220
IQ:5,40,11,-225,51
IQ:6,48,11,73,219
IQ:7,56,11,217,-85
IQ:8,72,12,-313,-304
IQ:9,80,255,-390,300
IQ:10,88,1,39,533
IQ:11,96,255,567,97
IQ:12,104,2,434,-203
IQ:13,112,255,-33,-346
IQ:14,120,10,6,-242
IQ:15,128,255,-50,-225
IQ:16,136,3,13,-546
IQ:17,144,255,-319,-242
IQ:18,152,9,-50,-163
IQ:19,160,255,-20,-226
IQ:20,168,4,18,-533
IQ:21,176,255,-320,-183
IQ:22,184,8,-128,-144
IQ:23,192,255,-201,39
IQ:24,200,7,-132,292
IQ:25,208,255,231,208
IQ:26,216,6,150,-21
IQ:27,224,255,-39,-304
IQ:28,232,5,-440,-251
IQ:29,240,255,-185,143
IQ:30,248,12,59,-432
IQ:31,256,255,-449,-203
IQ:32,264,1,-404,343
IQ:33,272,255,220,492
IQ:34,280,2,409,207
IQ:35,288,255,317,-224
SW:2
RR:3
SS:3
FR:2402
ME:27
MA:97
KE:15
KA:93
DF_END

Data arrived...
DF_BEGIN
IQ:0,0,11,-116,-130
IQ:1,8,11,-118,130
IQ:2,16,11,146,88
IQ:3,24,11,74,-158
IQ:4,32,11,-160,-83
IQ:5,40,11,-58,163
IQ:6,48,11,166,40
IQ:7,56,11,34,-172
IQ:8,72,12,-120,171
IQ:9,80,255,158,130
IQ:10,88,1,126,-121
IQ:11,96,255,-111,-122
IQ:12,104,2,-65,77
IQ:13,112,255,52,39
IQ:14,120,10,-106,-65
IQ:15,128,255,-139,76
IQ:16,136,3,-30,98
IQ:17,144,255,54,-1
IQ:18,152,9,-116,-43
IQ:19,160,255,-102,112
IQ:20,168,4,-17,94
IQ:21,176,255,44,-22
IQ:22,184,8,-162,-14
IQ:23,192,255,-23,174
IQ:24,200,7,222,61
IQ:25,208,255,114,-190
IQ:26,216,6,-114,-72
IQ:27,224,255,-83,116
IQ:28,232,5,38,89
IQ:29,240,255,8,-63
IQ:30,248,12,-215,-1
IQ:31,256,255,-30,208
IQ:32,264,1,173,40
IQ:33,272,255,42,-162
IQ:34,280,2,-94,-13
IQ:35,288,255,28,54
SW:2
RR:3
SS:3
FR:2480
ME:10
MA:97
KE:15
KA:93
DF_END

Data arrived...
DF_BEGIN
IQ:0,0,11,-81,207
IQ:1,8,11,211,53
IQ:2,16,11,43,-231
IQ:3,24,11,-225,-46
IQ:4,32,11,-2,240
IQ:5,40,11,225,-22
IQ:6,48,11,-18,-228
IQ:7,56,11,-218,49
IQ:8,72,12,247,340
IQ:9,80,255,413,-243
IQ:10,88,1,42,-539
IQ:11,96,255,-525,-173
IQ:12,104,2,-449,113
IQ:13,112,255,-24,360
IQ:14,120,10,-29,239
IQ:15,128,255,2,243
IQ:16,136,3,-144,514
IQ:17,144,255,252,270
IQ:18,152,9,19,189
IQ:19,160,255,-1,199
IQ:20,168,4,-102,559
IQ:21,176,255,282,227
IQ:22,184,8,95,175
IQ:23,192,255,206,-2
IQ:24,200,7,171,-310
IQ:25,208,255,-175,-277
IQ:26,216,6,-146,-15
IQ:27,224,255,7,302
IQ:28,232,5,385,311
IQ:29,240,255,202,-105
IQ:30,248,12,-133,397
IQ:31,256,255,405,270
IQ:32,264,1,459,-275
IQ:33,272,255,-151,-515
IQ:34,280,2,-378,-283
IQ:35,288,255,-344,151
SW:2
RR:3
SS:3
FR:2402
ME:27
MA:97
KE:16
KA:94
DF_END

Data arrived...
DF_BEGIN
IQ:0,0,11,102,-154
IQ:1,8,11,-174,-92
IQ:2,16,11,-79,162
IQ:3,24,11,172,42
IQ:4,32,11,14,-198
IQ:5,40,11,-184,-7
IQ:6,48,11,-2,193
IQ:7,56,11,184,-19
IQ:8,72,12,-174,-304
IQ:9,80,255,-376,139
IQ:10,88,1,-96,422
IQ:11,96,255,406,157
IQ:12,104,2,383,-92
IQ:13,112,255,67,-285
IQ:14,120,10,59,-190
IQ:15,128,255,10,-188
IQ:16,136,3,139,-435
IQ:17,144,255,-165,-256
IQ:18,152,9,17,-142
IQ:19,160,255,33,-173
IQ:20,168,4,135,-408
IQ:21,176,255,-215,-201
IQ:22,184,8,-63,-153
IQ:23,192,255,-179,-22
IQ:24,200,7,-145,212
IQ:25,208,255,133,195
IQ:26,216,6,139,19
IQ:27,224,255,-2,-250
IQ:28,232,5,-294,-281
IQ:29,240,255,-174,73
IQ:30,248,12,146,-317
IQ:31,256,255,-308,-248
IQ:32,264,1,-410,170
IQ:33,272,255,62,432
IQ:34,280,2,261,273
IQ:35,288,255,288,-101
SW:2
RR:3
SS:3
FR:2402
ME:27
MA:94
KE:17
KA:94
DF_END

Data arrived...
DF_BEGIN
IQ:0,0,11,74,-162
IQ:1,8,11,-170,-65
IQ:2,16,11,-49,171
IQ:3,24,11,178,18
IQ:4,32,11,13,-181
IQ:5,40,11,-168,10
IQ:6,48,11,22,174
IQ:7,56,11,173,-42
IQ:8,72,12,-202,-40
IQ:9,80,255,-41,204
IQ:10,88,1,158,74
IQ:11,96,255,59,-143
IQ:12,104,2,-97,-17
IQ:13,112,255,-6,62
IQ:14,120,10,22,-126
IQ:15,128,255,-122,-107
IQ:16,136,3,-108,12
IQ:17,144,255,29,50
IQ:18,152,9,-15,-126
IQ:19,160,255,-143,-62
IQ:20,168,4,-94,18
IQ:21,176,255,38,26
IQ:22,184,8,-53,-164
IQ:23,192,255,-175,48
IQ:24,200,7,25,234
IQ:25,208,255,217,10
IQ:26,216,6,9,-130
IQ:27,224,255,-145,-30
IQ:28,232,5,-62,71
IQ:29,240,255,67,-20
IQ:30,248,12,-77,-203
IQ:31,256,255,-191,61
IQ:32,264,1,50,167
IQ:33,272,255,156,-36
IQ:34,280,2,-28,-95
IQ:35,288,255,-36,39
SW:2
RR:3
SS:3
FR:2480
ME:10
MA:94
KE:16
KA:94
DF_END

Data arrived...
DF_BEGIN
IQ:0,0,11,-76,-163
IQ:1,8,11,-142,79
IQ:2,16,11,102,134
IQ:3,24,11,134,-108
IQ:4,32,11,-118,-121
IQ:5,40,11,-106,127
IQ:6,48,11,146,79
IQ:7,56,11,75,-156
IQ:8,72,12,-195,142
IQ:9,80,255,151,174
IQ:10,88,1,196,-111
IQ:11,96,255,-73,-188
IQ:12,104,2,-62,17
IQ:13,112,255,50,6
IQ:14,120,10,-15,-162
IQ:15,128,255,-183,-45
IQ:16,136,3,-100,71
IQ:17,144,255,52,22
IQ:18,152,9,-94,-107
IQ:19,160,255,-161,68
IQ:20,168,4,-84,71
IQ:21,176,255,30,2
IQ:22,184,8,-180,-70
IQ:23,192,255,-103,191
IQ:24,200,7,181,180
IQ:25,208,255,184,-165
IQ:26,216,6,-102,-114
IQ:27,224,255,-149,101
IQ:28,232,5,-21,141
IQ:29,240,255,46,-31
IQ:30,248,12,-220,-86
IQ:31,256,255,-79,226
IQ:32,264,1,194,110
IQ:33,272,255,113,-163
IQ:34,280,2,-39,-44
IQ:35,288,255,22,26
SW:2
RR:3
SS:3
FR:2426
ME:13
MA:89
KE:16
KA:93
DF_END

Data arrived...
DF_BEGIN
IQ:0,0,11,168,-17
IQ:1,8,11,-32,-162
IQ:2,16,11,-160,56
IQ:3,24,11,65,152
IQ:4,32,11,148,-88
IQ:5,40,11,-98,-139
IQ:6,48,11,-130,111
IQ:7,56,11,122,121
IQ:8,72,12,-64,-241
IQ:9,80,255,-226,58
IQ:10,88,1,45,213
IQ:11,96,255,201,-21
IQ:12,104,2,6,-65
IQ:13,112,255,-28,44
IQ:14,120,10,150,36
IQ:15,128,255,94,-161
IQ:16,136,3,-46,-114
IQ:17,144,255,-38,35
IQ:18,152,9,129,-64
IQ:19,160,255,-3,-176
IQ:20,168,4,-48,-104
IQ:21,176,255,-6,31
IQ:22,184,8,118,-153
IQ:23,192,255,-160,-147
IQ:24,200,7,-217,146
IQ:25,208,255,121,214
IQ:26,216,6,133,-69
IQ:27,224,255,-69,-170
IQ:28,232,5,-129,-63
IQ:29,240,255,26,52
IQ:30,248,12,144,-208
IQ:31,256,255,-182,-157
IQ:32,264,1,-165,157
IQ:33,272,255,119,151
IQ:34,280,2,55,-28
IQ:35,288,255,-30,13
SW:2
RR:3
SS:3
FR:2426
ME:13
MA:91
KE:16
KA:93
DF_END

Data arrived...
DF_BEGIN
IQ:0,0,11,-54,222
IQ:1,8,11,226,39
IQ:2,16,11,7,-237
IQ:3,24,11,-224,-2
IQ:4,32,11,26,224
IQ:5,40,11,213,-70
IQ:6,48,11,-78,-208
IQ:7,56,11,-205,104
IQ:8,72,12,318,286
IQ:9,80,255,395,-284
IQ:10,88,1,-58,-528
IQ:11,96,255,-571,-30
IQ:12,104,2,-416,228
IQ:13,112,255,52,337
IQ:14,120,10,31,239
IQ:15,128,255,79,241
IQ:16,136,3,15,564
IQ:17,144,255,309,239
IQ:18,152,9,45,172
IQ:19,160,255,32,211
IQ:20,168,4,3,542
IQ:21,176,255,334,154
IQ:22,184,8,129,140
IQ:23,192,255,199,-42
IQ:24,200,7,139,-300
IQ:25,208,255,-225,-233
IQ:26,216,6,-168,19
IQ:27,224,255,79,285
IQ:28,232,5,448,221
IQ:29,240,255,190,-160
IQ:30,248,12,-76,417
IQ:31,256,255,444,214
IQ:32,264,1,455,-315
IQ:33,272,255,-217,-487
IQ:34,280,2,-411,-208
IQ:35,288,255,-300,227
SW:2
RR:3
SS:3
FR:2402
ME:27
MA:94
KE:17
KA:93
DF_END

Data arrived...
DF_BEGIN
IQ:0,0,11,