IQ:19,160,255,98,-216
IQ:20,168,4,225,-509
IQ:21,176,255,-256,-252
IQ:22,184,8,-55,-140
IQ:23,192,255,-178,-76
IQ:24,200,7,-346,143
IQ:25,208,255,55,372
IQ:26,216,6,193,58
IQ:27,224,255,52,-348
IQ:28,232,5,-364,-379
IQ:29,240,255,-208,124
IQ:30,248,12,337,-373
IQ:31,256,255,-316,-461
IQ:32,264,1,-554,110
IQ:33,272,255,14,572
IQ:34,280,2,294,376
IQ:35,288,255,344,-48
SW:2
RR:3
SS:3
FR:2402
ME:27
MA:94
KE:15
KA:93
DF_END

Data arrived...
DF_BEGIN
IQ:0,0,11,165,22
IQ:1,8,11,14,-169
IQ:2,16,11,-165,6
IQ:3,24,11,25,170
IQ:4,32,11,157,-58
IQ:5,40,11,-64,-159
IQ:6,48,11,-157,62
IQ:7,56,11,79,147
IQ:8,72,12,0,-206
IQ:9,80,255,-192,-13
IQ:10,88,1,-34,160
IQ:11,96,255,136,27
IQ:12,104,2,4,-84
IQ:13,112,255,-50,3
IQ:14,120,10,131,-34
IQ:15,128,255,52,-156
IQ:16,136,3,-27,-100
IQ:17,144,255,-34,23
IQ:18,152,9,114,-55
IQ:19,160,255,-4,-146
IQ:20,168,4,-47,-78
IQ:21,176,255,-16,43
IQ:22,184,8,126,-110
IQ:23,192,255,-97,-157
IQ:24,200,7,-200,60
IQ:25,208,255,22,198
IQ:26,216,6,124,-12
IQ:27,224,255,2,-138
IQ:28,232,5,-83,-33
IQ:29,240,255,40,52
IQ:30,248,12,164,-113
IQ:31,256,255,-94,-175
IQ:32,264,1,-148,64
IQ:33,272,255,60,126
IQ:34,280,2,70,-55
IQ:35,288,255,-43,-13
SW:2
RR:3
SS:3
FR:2480
ME:10
MA:94
KE:14
KA:93
DF_END

Data arrived...
DF_BEGIN
IQ:0,0,11,143,98
IQ:1,8,11,87,-142
IQ:2,16,11,-152,-74
IQ:3,24,11,-37,159
IQ:4,32,11,167,27
IQ:5,40,11,18,-168
IQ:6,48,11,-171,2
IQ:7,56,11,8,161
IQ:8,72,12,96,-173
IQ:9,80,255,-164,-110
IQ:10,88,1,-118,117
IQ:11,96,255,107,77
IQ:12,104,2,42,-83
IQ:13,112,255,-43,-26
IQ:14,120,10,131,34
IQ:15,128,255,107,-122
IQ:16,136,3,2,-104
IQ:17,144,255,-47,8
IQ:18,152,9,123,1
IQ:19,160,255,70,-134
IQ:20,168,4,-8,-88
IQ:21,176,255,-35,26
IQ:22,184,8,168,-30
IQ:23,192,255,-12,-184
IQ:24,200,7,-211,-35
IQ:25,208,255,-63,193
IQ:26,216,6,108,37
IQ:27,224,255,59,-122
IQ:28,232,5,-54,-73
IQ:29,240,255,4,65
IQ:30,248,12,203,-14
IQ:31,256,255,-8,-191
IQ:32,264,1,-168,0
IQ:33,272,255,-6,148
IQ:34,280,2,84,-16
IQ:35,288,255,-37,-37
SW:2
RR:3
SS:3
FR:2480
ME:10
MA:94
KE:14
KA:93
DF_END

Data arrived...
DF_BEGIN
IQ:0,0,11,-161,-66
IQ:1,8,11,-44,163
IQ:2,16,11,174,33
IQ:3,24,11,19,-175
IQ:4,32,11,-174,5
IQ:5,40,11,13,177
IQ:6,48,11,174,-28
IQ:7,56,11,-55,-173
IQ:8,72,12,-59,236
IQ:9,80,255,223,49
IQ:10,88,1,61,-205
IQ:11,96,255,-182,-60
IQ:12,104,2,-25,45
IQ:13,112,255,43,-41
IQ:14,120,10,-143,-104
IQ:15,128,255,-160,115
IQ:16,136,3,-12,115
IQ:17,144,255,40,-29
IQ:18,152,9,-163,-17
IQ:19,160,255,-91,169
IQ:20,168,4,-12,103
IQ:21,176,255,15,-22
IQ:22,184,8,-206,93
IQ:23,192,255,65,229
IQ:24,200,7,257,-27
IQ:25,208,255,2,-247
IQ:26,216,6,-152,3
IQ:27,224,255,-40,171
IQ:28,232,5,73,103
IQ:29,240,255,-7,-65
IQ:30,248,12,-231,82
IQ:31,256,255,77,217
IQ:32,264,1,211,-62
IQ:33,272,255,-18,-198
IQ:34,280,2,-54,7
IQ:35,288,255,46,-4
SW:2
RR:3
SS:3
FR:2426
ME:10
MA:94
KE:13
KA:93
DF_END

Data arrived...
DF_BEGIN
IQ:0,0,11,-136,-17
IQ:1,8,11,16,147
IQ:2,16,11,136,-10
IQ:3,24,11,-11,-131
IQ:4,32,11,-131,53
IQ:5,40,11,58,124
IQ:6,48,11,137,-74
IQ:7,56,11,-87,-117
IQ:8,72,12,-163,497
IQ:9,80,255,519,247
IQ:10,88,1,416,-424
IQ:11,96,255,-334,-495
IQ:12,104,2,-456,-117
IQ:13,112,255,-185,248
IQ:14,120,10,-111,63
IQ:15,128,255,-217,116
IQ:16,136,3,-454,341
IQ:17,144,255,78,362
IQ:18,152,9,-87,52
IQ:19,160,255,-244,127
IQ:20,168,4,-457,387
IQ:21,176,255,115,354
IQ:22,184,8,-46,100
IQ:23,192,255,88,155
IQ:24,200,7,421,26
IQ:25,208,255,146,-383
IQ:26,216,6,-155,-191
IQ:27,224,255,-256,287
IQ:28,232,5,154,529
IQ:29,240,255,245,-51
IQ:30,248,12,-511,143
IQ:31,256,255,22,580
IQ:32,264,1,549,193
IQ:33,272,255,277,-527
IQ:34,280,2,-115,-437
IQ:35,288,255,-315,-36
SW:2
RR:3
SS:3
FR:2402
ME:24
MA:94
KE:14
KA:93
DF_END

Data arrived...
DF_BEGIN
IQ:0,0,11,88,-135
IQ:1,8,11,-138,-74
IQ:2,16,11,-45,151
IQ:3,24,11,153,43
IQ:4,32,11,38,-156
IQ:5,40,11,-151,-22
IQ:6,48,11,19,154
IQ:7,56,11,158,-30
IQ:8,72,12,-191,-98
IQ:9,80,255,-87,178
IQ:10,88,1,157,87
IQ:11,96,255,82,-137
IQ:12,104,2,-86,-33
IQ:13,112,255,-14,63
IQ:14,120,10,29,-114
IQ:15,128,255,-108,-109
IQ:16,136,3,-109,-2
IQ:17,144,255,11,52
IQ:18,152,9,4,-101
IQ:19,160,255,-123,-62
IQ:20,168,4,-91,13
IQ:21,176,255,36,35
IQ:22,184,8,-27,-143
IQ:23,192,255,-168,24
IQ:24,200,7,-25,239
IQ:25,208,255,209,73
IQ:26,216,6,45,-123
IQ:27,224,255,-130,-69
IQ:28,232,5,-71,55
IQ:29,240,255,66,-5
IQ:30,248,12,-19,-218
IQ:31,256,255,-204,9
IQ:32,264,1,16,181
IQ:33,272,255,159,-6
IQ:34,280,2,-19,-91
IQ:35,288,255,-39,38
SW:2
RR:3
SS:3
FR:2480
ME:10
MA:89
KE:14
KA:92
DF_END

Data arrived...
DF_BEGIN
IQ:0,0,11,-155,76
IQ:1,8,11,89,151
IQ:2,16,11,139,-106
IQ:3,24,11,-120,-135
IQ:4,32,11,-130,127
IQ:5,40,11,133,99
IQ:6,48,11,87,-152
IQ:7,56,11,-158,-75
IQ:8,72,12,112,205
IQ:9,80,255,192,-107
IQ:10,88,1,-81,-206
IQ:11,96,255,-183,43
IQ:12,104,2,23,46
IQ:13,112,255,5,-66
IQ:14,120,10,-164,10
IQ:15,128,255,-43,184
IQ:16,136,3,75,93
IQ:17,144,255,11,-44
IQ:18,152,9,-117,109
IQ:19,160,255,52,176
IQ:20,168,4,53,80
IQ:21,176,255,-4,-23
IQ:22,184,8,-73,205
IQ:23,192,255,201,119
IQ:24,200,7,189,-171
IQ:25,208,255,-135,-187
IQ:26,216,6,-113,92
IQ:27,224,255,79,149
IQ:28,232,5,113,16
IQ:29,240,255,-46,-35
IQ:30,248,12,-103,212
IQ:31,256,255,190,123
IQ:32,264,1,133,-173
IQ:33,272,255,-144,-128
IQ:34,280,2,-28,40
IQ:35,288,255,31,-34
SW:2
RR:3
SS:3
FR:2426
ME:10
MA:89
KE:13
KA:92
DF_END

Data arrived...
DF_BEGIN
IQ:0,0,11,148,27
IQ:1,8,11,-13,-147
IQ:2,16,11,-151,5
IQ:3,24,11,13,139
IQ:4,32,11,140,-47
IQ:5,40,11,-72,-135
IQ:6,48,11,-137,67
IQ:7,56,11,70,132
IQ:8,72,12,107,-533
IQ:9,80,255,-531,-225
IQ:10,88,1,-391,433
IQ:11,96,255,397,470
IQ:12,104,2,436,112
IQ:13,112,255,156,-259
IQ:14,120,10,101,-63
IQ:15,128,255,215,-154
IQ:16,136,3,402,-385
IQ:17,144,255,-105,-357
IQ:18,152,9,93,-55
IQ:19,160,255,247,-160
IQ:20,168,4,418,-417
IQ:21,176,255,-141,-336
IQ:22,184,8,54,-104
IQ:23,192,255,-93,-158
IQ:24,200,7,-423,36
IQ:25,208,255,-68,424
IQ:26,216,6,193,175
IQ:27,224,255,242,-323
IQ:28,232,5,-181,-512
IQ:29,240,255,-244,34
IQ:30,248,12,524,-224
IQ:31,256,255,-114,-583
IQ:32,264,1,-604,-132
IQ:33,272,255,-197,564
IQ:34,280,2,144,448
IQ:35,288,255,305,38
SW:2
RR:3
SS:3
FR:2402
ME:24
MA:94
KE:14
KA:92
DF_END

Data arrived...
DF_BEGIN
IQ:0,0,11,-124,81
IQ:1,8,11,99,102
IQ:2,16,11,107,-112
IQ:3,24,11,-110,-81
IQ:4,32,11,-85,127
IQ:5,40,11,124,71
IQ:6,48,11,52,-129
IQ:7,56,11,-144,-47
IQ:8,72,12,268,475
IQ:9,80,255,541,-207
IQ:10,88,1,-16,-605
IQ:11,96,255,-608,-90
IQ:12,104,2,-407,225
IQ:13,112,255,58,290
IQ:14,120,10,-50,119
IQ:15,128,255,-61,253
IQ:16,136,3,-87,584
IQ:17,144,255,307,218
IQ:18,152,9,-47,104
IQ:19,160,255,-81,264
IQ:20,168,4,-78,577
IQ:21,176,255,304,172
IQ:22,184,8,34,111
IQ:23,192,255,186,62
IQ:24,200,7,325,-267
IQ:25,208,255,-196,-398
IQ:26,216,6,-249,-22
IQ:27,224,255,7,383
IQ:28,232,5,451,307
IQ:29,240,255,173,-181
IQ:30,248,12,-283,475
IQ:31,256,255,463,370
IQ:32,264,1,529,-289
IQ:33,272,255,-127,-595
IQ:34,280,2,-384,-256
IQ:35,288,255,-270,161
SW:2
RR:3
SS:3
FR:2402
ME:24
MA:97
KE:15
KA:92
DF_END

Data arrived...
DF_BEGIN
IQ:0,0,11,117,-101
IQ:1,8,11,-117,-106
IQ:2,16,11,-92,126
IQ:3,24,11,128,84
IQ:4,32,11,70,-147
IQ:5,40,11,-143,-66
IQ:6,48,11,-46,147
IQ:7,56,11,151,34
IQ:8,72,12,-153,-147
IQ:9,80,255,-138,141
IQ:10,88,1,120,116
IQ:11,96,255,122,-93
IQ:12,104,2,-68,-59
IQ:13,112,255,-29,47
IQ:14,120,10,64,-96
IQ:15,128,255,-73,-133
IQ:16,136,3,-92,-47
IQ:17,144,255,-8,54
IQ:18,152,9,30,-109
IQ:19,160,255,-102,-97
IQ:20,168,4,-80,-18
IQ:21,176,255,18,43
IQ:22,184,8,20,-152
IQ:23,192,255,-162,-40
IQ:24,200,7,-94,214
IQ:25,208,255,175,125
IQ:26,216,6,69,-95
IQ:27,224,255,-101,-97
IQ:28,232,5,-81,34
IQ:29,240,255,68,8
IQ:30,248,12,38,-207
IQ:31,256,255,-193,-43
IQ:32,264,1,-54,162
IQ:33,272,255,147,45
IQ:34,280,2,20,-81
IQ:35,288,255,-38,17
SW:2
RR:3
SS:3
FR:2480
ME:10
MA:97
KE:15
KA:93
DF_END

Data arrived...
DF_BEGIN
IQ:0,0,11,-160,-11
IQ:1,8,11,-2,171
IQ:2,16,11,179,-10
IQ:3,24,11,-34,-165
IQ:4,32,11,-155,46
IQ:5,40,11,70,166
IQ:6,48,11,162,-52
IQ:7,56,11,-69,-155
IQ:8,72,12,-22,226
IQ:9,80,255,227,24
IQ:10,88,1,59,-204
IQ:11,96,255,-175,-59
IQ:12,104,2,-13,42
IQ:13,112,255,30,-40
IQ:14,120,10,-146,-76
IQ:15,128,255,-123,135
IQ:16,136,3,16,102
IQ:17,144,255,39,-35
IQ:18,152,9,-142,27
IQ:19,160,255,-43,164
IQ:20,168,4,-1,98
IQ:21,176,255,2,-27
IQ:22,184,8,-171,98
IQ:23,192,255,93,200
IQ:24,200,7,247,-49
IQ:25,208,255,-5,-235
IQ:26,216,6,-135,0
IQ:27,224,255,-14,167
IQ:28,232,5,75,89
IQ:29,240,255,-11,-48
IQ:30,248,12,-207,113
IQ:31,256,255,89,200
IQ:32,264,1,202,-73
IQ:33,272,255,-37,-182
IQ:34,280,2,-44,7
IQ:35,288,255,38,-15
SW:2
RR:3
SS:3
FR:2426
ME:10
MA:97
KE:14
KA:93
DF_END

Data arrived...
DF_BEGIN
IQ:0,0,11,-125,-107
IQ:1,8,11,-83,138
IQ:2,16,11,151,79
IQ:3,24,11,72,-152
IQ:4,32,11,-157,-60
IQ:5,40,11,-45,154
IQ:6,48,11,168,13
IQ:7,56,11,8,-172
IQ:8,72,12,-136,185
IQ:9,80,255,182,124
IQ:10,88,1,150,-167
IQ:11,96,255,-124,-143
IQ:12,104,2,-35,31
IQ:13,112,255,52,-22
IQ:14,120,10,-89,-125
IQ:15,128,255,-172,53
IQ:16,136,3,-43,98
IQ:17,144,255,45,-15
IQ:18,152,9,-132,-57
IQ:19,160,255,-128,126
IQ:20,168,4,-51,85
IQ:21,176,255,14,-16
IQ:22,184,8,-210,17
IQ:23,192,255,-9,221
IQ:24,200,7,239,76
IQ:25,208,255,96,-221
IQ:26,216,6,-127,-62
IQ:27,224,255,-92,133
IQ:28,232,5,27,112
IQ:29,240,255,13,-51
IQ:30,248,12,-233,-3
IQ:31,256,255,-13,221
IQ:32,264,1,218,40
IQ:33,272,255,52,-182
IQ:34,280,2,-50,-5
IQ:35,288,255,44,9
SW:2
RR:3
SS:3
FR:2426
ME:10
MA:94
KE:14
KA:93
DF_END

Data arrived...
DF_BEGIN
IQ:0,0,11,-100,-49
IQ:1,8,11,-62,123
IQ:2,16,11,128,44
IQ:3,24,11,27,-130
IQ:4,32,11,-124,-16
IQ:5,40,11,10,133
IQ:6,48,11,142,-4
IQ:7,56,11,-21,-121
IQ:8,72,12,-207,512
IQ:9,80,255,468,364
IQ:10,88,1,535,-315
IQ:11,96,255,-236,-581
IQ:12,104,2,-434,-261
IQ:13,112,255,-197,234
IQ:14,120,10,-91,27
IQ:15,128,255,-252,70
IQ:16,136,3,-587,240
IQ:17,144,255,18,413
IQ:18,152,9,-85,-7
IQ:19,160,255,-295,64
IQ:20,168,4,-535,332
IQ:21,176,255,75,392
IQ:22,184,8,-57,58
IQ:23,192,255,43,176
IQ:24,200,7,420,134
IQ:25,208,255,277,-358
IQ:26,216,6,-113,-249
IQ:27,224,255,-348,239
IQ:28,232,5,20,565
IQ:29,240,255,290,20
IQ:30,248,12,-546,65
IQ:31,256,255,-80,609
IQ:32,264,1,520,316
IQ:33,272,255,367,-500
IQ:34,280,2,-67,-482
IQ:35,288,255,-309,-104
SW:2
RR:3
SS:3
FR:2402
ME:24
MA:94
KE:15
KA:93
DF_END

Data arrived...
DF_BEGIN
IQ:0,0,11,-98,-136
IQ:1,8,11,-117,108
IQ:2,16,11,122,103
IQ:3,24,11,90,-137
IQ:4,32,11,-148,-71
IQ:5,40,11,-73,147
IQ:6,48,11,150,57
IQ:7,56,11,33,-162
IQ:8,72,12,-148,167
IQ:9,80,255,134,144
IQ:10,88,1,130,-126
IQ:11,96,255,-106,-127
IQ:12,104,2,-63,67
IQ:13,112,255,53,27
IQ:14,120,10,-104,-69
IQ:15,128,255,-139,68
IQ:16,136,3,-40,96
IQ:17,144,255,52,6
IQ:18,152,9,-104,-37
IQ:19,160,255,-100,111
IQ:20,168,4,-23,93
IQ:21,176,255,50,-23
IQ:22,184,8,-161,-23
IQ:23,192,255,-39,170
IQ:24,200,7,215,86
IQ:25,208,255,108,-192
IQ:26,216,6,-115,-74
IQ:27,224,255,-91,111
IQ:28,232,5,42,84
IQ:29,240,255,16,-71
IQ:30,248,12,-217,-24
IQ:31,256,255,-34,202
IQ:32,264,1,175,34
IQ:33,272,255,30,-154
IQ:34,280,2,-96,-22
IQ:35,288,255,20,52
SW:2
RR:3
SS:3
FR:2480
ME:10
MA:94
KE:14
KA:93
DF_END

Data arrived...
DF_BEGIN
IQ:0,0,11,-147,-70
IQ:1,8,11,-52,155
IQ:2,16,11,163,41
IQ:3,24,11,22,-167
IQ:4,32,11,-169,-11
IQ:5,40,11,-9,164
IQ:6,48,11,162,-14
IQ:7,56,11,-31,-166
IQ:8,72,12,-81,219
IQ:9,80,255,211,71
IQ:10,88,1,93,-185
IQ:11,96,255,-155,-112
IQ:12,104,2,-34,38
IQ:13,112,255,42,-28
IQ:14,120,10,-124,-98
IQ:15,128,255,-164,89
IQ:16,136,3,-42,105
IQ:17,144,255,40,-13
IQ:18,152,9,-146,-17
IQ:19,160,255,-95,142
IQ:20,168,4,-28,101
IQ:21,176,255,11,-15
IQ:22,184,8,-192,51
IQ:23,192,255,33,213
IQ:24,200,7,256,12
IQ:25,208,255,54,-243
IQ:26,216,6,-131,-33
IQ:27,224,255,-54,152
IQ:28,232,5,56,99
IQ:29,240,255,-1,-54
IQ:30,248,12,-224,47
IQ:31,256,255,47,216
IQ:32,264,1,207,-24
IQ:33,272,255,-5,-182
IQ:34,280,2,-48,-4
IQ:35,288,255,38,-2
SW:2
RR:3
SS:3
FR:2426
ME:10
MA:97
KE:14
KA:94
DF_END

Data arrived...
DF_BEGIN
IQ:0,0,11,33,142
IQ:1,8,11,135,-36
IQ:2,16,11,-59,-129
IQ:3,24,11,-130,85
IQ:4,32,11,96,122
IQ:5,40,11,115,-83
IQ:6,48,11,-103,-102
IQ:7,56,11,-94,109
IQ:8,72,12,530,-74
IQ:9,80,255,36,-589
IQ:10,88,1,-543,-296
IQ:11,96,255,-400,462
IQ:12,104,2,8,472
IQ:13,112,255,291,84
IQ:14,120,10,93,62
IQ:15,128,255,213,154
IQ:16,136,3,512,326
IQ:17,144,255,353,-215
IQ:18,152,9,74,83
IQ:19,160,255,224,193
IQ:20,168,4,559,290
IQ:21,176,255,296,-250
IQ:22,184,8,99,12
IQ:23,192,255,122,-135
IQ:24,200,7,-172,-399
IQ:25,208,255,-449,17
IQ:26,216,6,-122,239
IQ:27,224,255,352,152
IQ:28,232,5,479,-317
IQ:29,240,255,-114,-273
IQ:30,248,12,362,386
IQ:31,256,255,530,-276
IQ:32,264,1,-50,-608
IQ:33,272,255,-592,-7
IQ:34,280,2,-395,290
IQ:35,288,255,84,313
SW:2
RR:3
SS:3
FR:2402
ME:24
MA:97
KE:15
KA:94
DF_END

Data arrived...
DF_BEGIN
IQ:0,0,11,-46,-164
IQ:1,8,11,-155,48
IQ:2,16,11,66,153
IQ:3,24,11,144,-81
IQ:4,32,11,-99,-132
IQ:5,40,11,-111,118
IQ:6,48,11,133,94
IQ:7,56,11,77,-154
IQ:8,72,12,-181,101
IQ:9,80,255,101,167
IQ:10,88,1,156,-81
IQ:11,96,255,-72,-146
IQ:12,104,2,-81,46
IQ:13,112,255,36,46
IQ:14,120,10,-71,-106
IQ:15,128,255,-161,18
IQ:16,136,3,-62,78
IQ:17,144,255,44,16
IQ:18,152,9,-92,-73
IQ:19,160,255,-128,58
IQ:20,168,4,-48,76
IQ:21,176,255,54,-9
IQ:22,184,8,-147,-60
IQ:23,192,255,-82,153
IQ:24,200,7,185,155
IQ:25,208,255,168,-148
IQ:26,216,6,-79,-107
IQ:27,224,255,-123,70
IQ:28,232,5,5,95
IQ:29,240,255,33,-64
IQ:30,248,12,-195,-83
IQ:31,256,255,-94,176
IQ:32,264,1,155,86
IQ:33,272,255,92,-131
IQ:34,280,2,-78,-55
IQ:35,288,255,5,52
SW:2
RR:3
SS:3
FR:2480
ME:13
MA:86
KE:15
KA:93
DF_END

Data arrived...
DF_BEGIN
IQ:0,0,11,97,152
IQ:1,8,11,142,-108
IQ:2,16,11,-131,-134
IQ:3,24,11,-123,135
IQ:4,32,11,146,119
IQ:5,40,11,95,-158
IQ:6,48,11,-162,-74
IQ:7,56,11,-60,172
IQ:8,72,12,181,-168
IQ:9,80,255,-162,-180
IQ:10,88,1,-184,131
IQ:11,96,255,104,173
IQ:12,104,2,41,-43
IQ:13,112,255,-71,7
IQ:14,120,10,47,164
IQ:15,128,255,199,-11
IQ:16,136,3,67,-101
IQ:17,144,255,-56,-1
IQ:18,152,9,118,110
IQ:19,160,255,169,-84
IQ:20,168,4,58,-89
IQ:21,176,255,-40,18
IQ:22,184,8,212,44
IQ:23,192,255,90,-214
IQ:24,200,7,-235,-121
IQ:25,208,255,-155,202
IQ:26,216,6,121,104
IQ:27,224,255,125,-124
IQ:28,232,5,-20,-125
IQ:29,240,255,-37,66
IQ:30,248,12,238,76
IQ:31,256,255,50,-225
IQ:32,264,1,-216,-81
IQ:33,272,255,-85,171
IQ:34,280,2,53,17
IQ:35,288,255,-47,-39
SW:2
RR:3
SS:3
FR:2426
ME:10
MA:94
KE:14
KA:93
DF_END

Data arrived...
DF_BEGIN
IQ:0,0,11,-171,-36
IQ:1,8,11,8,178
IQ:2,16,11,172,-31
IQ:3,24,11,-38,-174
IQ:4,32,11,-157,36
IQ:5,40,11,47,167
IQ:6,48,11,168,-74
IQ:7,56,11,-80,-154
IQ:8,72,12,-193,476
IQ:9,80,255,497,272
IQ:10,88,1,474,-331
IQ:11,96,255,-243,-536
IQ:12,104,2,-390,-248
IQ:13,112,255,-240,192
IQ:14,120,10,-157,66
IQ:15,128,255,-228,129
IQ:16,136,3,-521,281
IQ:17,144,255,-11,378
IQ:18,152,9,-124,52
IQ:19,160,255,-239,119
IQ:20,168,4,-523,284
IQ:21,176,255,32,357
IQ:22,184,8,-66,111
IQ:23,192,255,85,164
IQ:24,200,7,422,78
IQ:25,208,255,193,-379
IQ:26,216,6,-105,-209
IQ:27,224,255,-291,229
IQ:28,232,5,60,512
IQ:29,240,255,245,26
IQ:30,248,12,-519,91
IQ:31,256,255,-34,557
IQ:32,264,1,522,220
IQ:33,272,255,320,-485
IQ:34,280,2,-19,-450
IQ:35,288,255,-297,-137
SW:2
RR:3
SS:3
FR:2402
ME:24
MA:100
KE:15
KA:94
DF_END

Data arrived...
DF_BEGIN
IQ:0,0,11,-139,80
IQ:1,8,11,104,129
IQ:2,16,11,130,-101
IQ:3,24,11,-123,-109
IQ:4,32,11,-94,135
IQ:5,40,11,142,80
IQ:6,48,11,62,-146
IQ:7,56,11,-158,-50
IQ:8,72,12,118,155
IQ:9,80,255,160,-110
IQ:10,88,1,-75,-152
IQ:11,96,255,-129,66
IQ:12,104,2,63,64
IQ:13,112,255,33,-45
IQ:14,120,10,-93,102
IQ:15,128,255,50,150
IQ:16,136,3,84,55
IQ:17,144,255,15,-45
IQ:18,152,9,-51,104
IQ:19,160,255,82,114
IQ:20,168,4,75,34
IQ:21,176,255,-13,-34
IQ:22,184,8,-29,159
IQ:23,192,255,161,59
IQ:24,200,7,123,-202
IQ:25,208,255,-171,-140
IQ:26,216,6,-91,79
IQ:27,224,255,89,101
IQ:28,232,5,76,-17
IQ:29,240,255,-63,-25
IQ:30,248,12,-70,182
IQ:31,256,255,180,65
IQ:32,264,1,43,-152
IQ:33,272,255,-138,-51
IQ:34,280,2,-34,84
IQ:35,288,255,46,-15
SW:2
RR:3
SS:3
FR:2480
ME:13
MA:89
KE:15
KA:93
DF_END

Data arrived...
DF_BEGIN
IQ:0,0,11,-149,-80
IQ:1,8,11,-82,156
IQ:2,16,11,152,63
IQ:3,24,11,32,-160
IQ:4,32,11,-173,-17
IQ:5,40,11,-5,172
IQ:6,48,11,168,-17
IQ:7,56,11,-40,-164
IQ:8,72,12,-62,198
IQ:9,80,255,186,71
IQ:10,88,1,80,-146
IQ:11,96,255,-129,-61
IQ:12,104,2,-26,91
IQ:13,112,255,56,10
IQ:14,120,10,-132,-32
IQ:15,128,255,-101,131
IQ:16,136,3,-3,100
IQ:17,144,255,37,-17
IQ:18,152,9,-128,15
IQ:19,160,255,-57,136
IQ:20,168,4,13,85
IQ:21,176,255,23,-36
IQ:22,184,8,-155,46
IQ:23,192,255,24,185
IQ:24,200,7,234,21
IQ:25,208,255,47,-205
IQ:26,216,6,-124,-24
IQ:27,224,255,-52,128
IQ:28,232,5,54,57
IQ:29,240,255,-21,-59
IQ:30,248,12,-210,43
IQ:31,256,255,12,202
IQ:32,264,1,161,-3
IQ:33,272,255,-12,-144
IQ:34,280,2,-87,12
IQ:35,288,255,39,38
SW:2
RR:3
SS:3
FR:2480
ME:13
MA:89
KE:15
KA:93
DF_END

Data arrived...
DF_BEGIN
IQ:0,0,11,-134,-107
IQ:1,8,11,-101,138
IQ:2,16,11,143,86
IQ:3,24,11,60,-157
IQ:4,32,11,-168,-35
IQ:5,40,11,-15,170
IQ:6,48,11,166,4
IQ:7,56,11,-2,-170
IQ:8,72,12,-127,207
IQ:9,80,255,205,107
IQ:10,88,1,118,-182
IQ:11,96,255,-145,-122
IQ:12,104,2,-31,35
IQ:13,112,255,54,-34
IQ:14,120,10,-94,-142
IQ:15,128,255,-181,64
IQ:16,136,3,-35,107
IQ:17,144,255,38,-17
IQ:18,152,9,-153,-50
IQ:19,160,255,-138,131
IQ:20,168,4,-41,102
IQ:21,176,255,10,-14
IQ:22,184,8,-221,32
IQ:23,192,255,-8,237
IQ:24,200,7,250,37
IQ:25,208,255,58,-241
IQ:26,216,6,-145,-52
IQ:27,224,255,-81,160
IQ:28,232,5,39,118
IQ:29,240,255,8,-59
IQ:30,248,12,-250,31
IQ:31,256,255,11,238
IQ:32,264,1,216,2
IQ:33,272,255,12,-196
IQ:34,280,2,-