MA:5
KE:20
KA:48
DF_END

Data arrived...
DF_BEGIN
IQ:0,0,11,51,132
IQ:1,8,11,135,-46
IQ:2,16,11,-68,-125
IQ:3,24,11,-115,86
IQ:4,32,11,91,106
IQ:5,40,11,96,-112
IQ:6,48,11,-113,-91
IQ:7,56,11,-72,122
IQ:8,72,12,29,-32
IQ:9,80,255,-44,5
IQ:10,88,1,22,69
IQ:11,96,255,69,-33
IQ:12,104,2,-35,-63
IQ:13,112,255,-46,51
IQ:14,120,10,113,76
IQ:15,128,255,96,-97
IQ:16,136,3,-52,-83
IQ:17,144,255,-55,32
IQ:18,152,9,60,-26
IQ:19,160,255,-10,-86
IQ:20,168,4,-76,-33
IQ:21,176,255,-10,87
IQ:22,184,8,109,25
IQ:23,192,255,24,-91
IQ:24,200,7,-83,30
IQ:25,208,255,24,95
IQ:26,216,6,85,-15
IQ:27,224,255,-27,-71
IQ:28,232,5,-65,43
IQ:29,240,255,49,81
IQ:30,248,12,41,6
IQ:31,256,255,-28,-34
IQ:32,264,1,-54,52
IQ:33,272,255,59,48
IQ:34,280,2,36,-61
IQ:35,288,255,-98,-33
SW:2
RR:3
SS:3
FR:2480
ME:356
MA:353
KE:18
KA:36
DF_END

Data arrived...
DF_BEGIN
IQ:0,0,11,-28,-179
IQ:1,8,11,-184,43
IQ:2,16,11,55,178
IQ:3,24,11,167,-72
IQ:4,32,11,-94,-153
IQ:5,40,11,-158,95
IQ:6,48,11,121,139
IQ:7,56,11,130,-131
IQ:8,72,12,-48,32
IQ:9,80,255,50,-2
IQ:10,88,1,-2,-99
IQ:11,96,255,-93,0
IQ:12,104,2,28,88
IQ:13,112,255,81,-57
IQ:14,120,10,-108,-135
IQ:15,128,255,-151,85
IQ:16,136,3,33,126
IQ:17,144,255,78,-29
IQ:18,152,9,-83,28
IQ:19,160,255,-2,115
IQ:20,168,4,91,69
IQ:21,176,255,53,-96
IQ:22,184,8,-133,-67
IQ:23,192,255,-45,120
IQ:24,200,7,108,-23
IQ:25,208,255,-11,-131
IQ:26,216,6,-99,0
IQ:27,224,255,0,99
IQ:28,232,5,102,-42
IQ:29,240,255,-34,-130
IQ:30,248,12,-48,-27
IQ:31,256,255,22,44
IQ:32,264,1,67,-60
IQ:33,272,255,-58,-75
IQ:34,280,2,-55,69
IQ:35,288,255,115,71
SW:2
RR:3
SS:3
FR:2480
ME:356
MA:2
KE:15
KA:28
DF_END

Data arrived...
DF_BEGIN
IQ:0,0,11,-161,-50
IQ:1,8,11,-33,162
IQ:2,16,11,169,12
IQ:3,24,11,2,-166
IQ:4,32,11,-170,10
IQ:5,40,11,27,165
IQ:6,48,11,159,-40
IQ:7,56,11,-66,-150
IQ:8,72,12,64,127
IQ:9,80,255,112,-69
IQ:10,88,1,-76,-83
IQ:11,96,255,-62,102
IQ:12,104,2,151,34
IQ:13,112,255,15,-181
IQ:14,120,10,-200,-58
IQ:15,128,255,-66,191
IQ:16,136,3,155,75
IQ:17,144,255,24,-133
IQ:18,152,9,-151,64
IQ:19,160,255,57,177
IQ:20,168,4,186,-29
IQ:21,176,255,-28,-163
IQ:22,184,8,-111,53
IQ:23,192,255,84,105
IQ:24,200,7,114,-114
IQ:25,208,255,-126,-110
IQ:26,216,6,-106,123
IQ:27,224,255,150,93
IQ:28,232,5,119,-183
IQ:29,240,255,-170,-114
IQ:30,248,12,-81,108
IQ:31,256,255,114,54
IQ:32,264,1,27,-111
IQ:33,272,255,-117,4
IQ:34,280,2,48,150
IQ:35,288,255,169,-55
SW:2
RR:3
SS:3
FR:2402
ME:359
MA:5
KE:13
KA:23
DF_END

Data arrived...
DF_BEGIN
IQ:0,0,11,-64,176
IQ:1,8,11,175,47
IQ:2,16,11,19,-178
IQ:3,24,11,-184,-13
IQ:4,32,11,-5,177
IQ:5,40,11,177,-33
IQ:6,48,11,-51,-171
IQ:7,56,11,-159,66
IQ:8,72,12,60,-12
IQ:9,80,255,-52,-33
IQ:10,88,1,-42,88
IQ:11,96,255,88,22
IQ:12,104,2,8,-94
IQ:13,112,255,-97,19
IQ:14,120,10,45,158
IQ:15,128,255,176,-14
IQ:16,136,3,11,-133
IQ:17,144,255,-87,-20
IQ:18,152,9,77,4
IQ:19,160,255,54,-104
IQ:20,168,4,-47,-102
IQ:21,176,255,-90,73
IQ:22,184,8,76,104
IQ:23,192,255,87,-77
IQ:24,200,7,-109,-35
IQ:25,208,255,-44,112
IQ:26,216,6,90,62
IQ:27,224,255,31,-93
IQ:28,232,5,-120,-6
IQ:29,240,255,-29,115
IQ:30,248,12,39,43
IQ:31,256,255,4,-55
IQ:32,264,1,-98,-1
IQ:33,272,255,8,103
IQ:34,280,2,80,-27
IQ:35,288,255,-71,-118
SW:2
RR:3
SS:3
FR:2480
ME:356
MA:353
KE:11
KA:17
DF_END

Data arrived...
DF_BEGIN
IQ:0,0,11,147,-67
IQ:1,8,11,-82,-143
IQ:2,16,11,-135,97
IQ:3,24,11,110,121
IQ:4,32,11,108,-126
IQ:5,40,11,-132,-99
IQ:6,48,11,-97,128
IQ:7,56,11,144,81
IQ:8,72,12,-124,-53
IQ:9,80,255,-31,123
IQ:10,88,1,108,5
IQ:11,96,255,-23,-117
IQ:12,104,2,-138,64
IQ:13,112,255,88,147
IQ:14,120,10,190,-77
IQ:15,128,255,-82,-182
IQ:16,136,3,-163,36
IQ:17,144,255,56,112
IQ:18,152,9,73,-144
IQ:19,160,255,-166,-93
IQ:20,168,4,-118,142
IQ:21,176,255,139,93
IQ:22,184,8,50,-111
IQ:23,192,255,-129,-26
IQ:24,200,7,-4,157
IQ:25,208,255,172,8
IQ:26,216,6,25,-167
IQ:27,224,255,-164,22
IQ:28,232,5,40,216
IQ:29,240,255,205,-26
IQ:30,248,12,-7,-131
IQ:31,256,255,-126,27
IQ:32,264,1,51,97
IQ:33,272,255,88,-73
IQ:34,280,2,-130,-90
IQ:35,288,255,-108,143
SW:2
RR:3
SS:3
FR:2402
ME:359
MA:5
KE:9
KA:14
DF_END

Data arrived...
DF_BEGIN
IQ:0,0,11,158,-39
IQ:1,8,11,-52,-160
IQ:2,16,11,-150,60
IQ:3,24,11,85,146
IQ:4,32,11,138,-95
IQ:5,40,11,-104,-128
IQ:6,48,11,-116,114
IQ:7,56,11,126,101
IQ:8,72,12,-115,-78
IQ:9,80,255,-51,120
IQ:10,88,1,107,24
IQ:11,96,255,-9,-117
IQ:12,104,2,-143,46
IQ:13,112,255,75,161
IQ:14,120,10,200,-48
IQ:15,128,255,-48,-194
IQ:16,136,3,-171,5
IQ:17,144,255,37,118
IQ:18,152,9,102,-128
IQ:19,160,255,-139,-131
IQ:20,168,4,-148,106
IQ:21,176,255,112,122
IQ:22,184,8,64,-98
IQ:23,192,255,-131,-55
IQ:24,200,7,-48,152
IQ:25,208,255,163,47
IQ:26,216,6,48,-159
IQ:27,224,255,-170,-18
IQ:28,232,5,-15,210
IQ:29,240,255,203,29
IQ:30,248,12,19,-133
IQ:31,256,255,-130,0
IQ:32,264,1,25,108
IQ:33,272,255,97,-55
IQ:34,280,2,-108,-100
IQ:35,288,255,-112,134
SW:2
RR:3
SS:3
FR:2402
ME:359
MA:353
KE:8
KA:10
DF_END

Data arrived...
DF_BEGIN
IQ:0,0,11,66,-161
IQ:1,8,11,-172,-46
IQ:2,16,11,-32,175
IQ:3,24,11,179,10
IQ:4,32,11,-18,-179
IQ:5,40,11,-187,30
IQ:6,48,11,34,180
IQ:7,56,11,174,-57
IQ:8,72,12,-57,9
IQ:9,80,255,46,28
IQ:10,88,1,34,-95
IQ:11,96,255,-92,-36
IQ:12,104,2,-20,99
IQ:13,112,255,101,-2
IQ:14,120,10,-37,-156
IQ:15,128,255,-170,15
IQ:16,136,3,-18,129
IQ:17,144,255,84,22
IQ:18,152,9,-88,-4
IQ:19,160,255,-54,104
IQ:20,168,4,45,107
IQ:21,176,255,91,-71
IQ:22,184,8,-83,-120
IQ:23,192,255,-105,72
IQ:24,200,7,97,45
IQ:25,208,255,48,-106
IQ:26,216,6,-93,-58
IQ:27,224,255,-42,92
IQ:28,232,5,107,8
IQ:29,240,255,18,-120
IQ:30,248,12,-38,-54
IQ:31,256,255,-6,57
IQ:32,264,1,98,-9
IQ:33,272,255,-20,-94
IQ:34,280,2,-95,34
IQ:35,288,255,56,126
SW:2
RR:3
SS:3
FR:2480
ME:356
MA:353
KE:6
KA:7
DF_END

Data arrived...
DF_BEGIN
IQ:0,0,11,-171,130
IQ:1,8,11,132,155
IQ:2,16,11,153,-151
IQ:3,24,11,-158,-125
IQ:4,32,11,-94,185
IQ:5,40,11,197,79
IQ:6,48,11,64,-208
IQ:7,56,11,-208,-43
IQ:8,72,12,243,280
IQ:9,80,255,250,-156
IQ:10,88,1,-74,-222
IQ:11,96,255,-168,16
IQ:12,104,2,-33,39
IQ:13,112,255,8,84
IQ:14,120,10,148,198
IQ:15,128,255,268,-39
IQ:16,136,3,227,-155
IQ:17,144,255,-49,-183
IQ:18,152,9,14,-96
IQ:19,160,255,7,-134
IQ:20,168,4,-85,-308
IQ:21,176,255,-266,-46
IQ:22,184,8,-130,-31
IQ:23,192,255,-48,97
IQ:24,200,7,79,178
IQ:25,208,255,133,38
IQ:26,216,6,35,89
IQ:27,224,255,34,-11
IQ:28,232,5,-124,66
IQ:29,240,255,-91,210
IQ:30,248,12,-131,366
IQ:31,256,255,252,120
IQ:32,264,1,140,-178
IQ:33,272,255,-82,-140
IQ:34,280,2,-54,-9
IQ:35,288,255,-38,-57
SW:2
RR:3
SS:3
FR:2426
ME:41
MA:145
KE:9
KA:13
DF_END

Data arrived...
DF_BEGIN
IQ:0,0,11,214,-12
IQ:1,8,11,-32,-213
IQ:2,16,11,-211,35
IQ:3,24,11,57,204
IQ:4,32,11,197,-71
IQ:5,40,11,-103,-191
IQ:6,48,11,-195,94
IQ:7,56,11,118,172
IQ:8,72,12,-109,-137
IQ:9,80,255,-104,120
IQ:10,88,1,129,63
IQ:11,96,255,26,-146
IQ:12,104,2,-199,1
IQ:13,112,255,25,225
IQ:14,120,10,258,18
IQ:15,128,255,15,-249
IQ:16,136,3,-207,-45
IQ:17,144,255,10,156
IQ:18,152,9,147,-142
IQ:19,160,255,-148,-195
IQ:20,168,4,-218,83
IQ:21,176,255,91,192
IQ:22,184,8,115,-101
IQ:23,192,255,-132,-101
IQ:24,200,7,-95,179
IQ:25,208,255,193,91
IQ:26,216,6,108,-183
IQ:27,224,255,-209,-73
IQ:28,232,5,-67,267
IQ:29,240,255,246,91
IQ:30,248,12,68,-155
IQ:31,256,255,-160,-35
IQ:32,264,1,-6,140
IQ:33,272,255,135,-38
IQ:34,280,2,-99,-174
IQ:35,288,255,-209,103
SW:2
RR:3
SS:3
FR:2402
ME:359
MA:5
KE:8
KA:12
DF_END

Data arrived...
DF_BEGIN
IQ:0,0,11,32,152
IQ:1,8,11,150,-42
IQ:2,16,11,-38,-154
IQ:3,24,11,-145,63
IQ:4,32,11,67,147
IQ:5,40,11,137,-78
IQ:6,48,11,-87,-124
IQ:7,56,11,-116,104
IQ:8,72,12,88,-88
IQ:9,80,255,-105,-61
IQ:10,88,1,-35,97
IQ:11,96,255,110,10
IQ:12,104,2,-27,-151
IQ:13,112,255,-163,28
IQ:14,120,10,1,196
IQ:15,128,255,181,-6
IQ:16,136,3,9,-159
IQ:17,144,255,-118,20
IQ:18,152,9,111,116
IQ:19,160,255,144,-111
IQ:20,168,4,-94,-149
IQ:21,176,255,-136,81
IQ:22,184,8,85,74
IQ:23,192,255,67,-111
IQ:24,200,7,-138,-60
IQ:25,208,255,-61,151
IQ:26,216,6,138,73
IQ:27,224,255,32,-161
IQ:28,232,5,-200,-37
IQ:29,240,255,-50,195
IQ:30,248,12,121,48
IQ:31,256,255,23,-117
IQ:32,264,1,-105,13
IQ:33,272,255,37,94
IQ:34,280,2,119,-90
IQ:35,288,255,-98,-139
SW:2
RR:3
SS:3
FR:2402
ME:359
MA:5
KE:7
KA:10
DF_END

Data arrived...
DF_BEGIN
IQ:0,0,11,-161,102
IQ:1,8,11,120,142
IQ:2,16,11,121,-133
IQ:3,24,11,-154,-103
IQ:4,32,11,-91,159
IQ:5,40,11,160,71
IQ:6,48,11,50,-177
IQ:7,56,11,-179,-38
IQ:8,72,12,49,22
IQ:9,80,255,-32,-56
IQ:10,88,1,-85,48
IQ:11,96,255,53,76
IQ:12,104,2,58,-72
IQ:13,112,255,-103,-48
IQ:14,120,10,-71,171
IQ:15,128,255,159,90
IQ:16,136,3,87,-107
IQ:17,144,255,-61,-60
IQ:18,152,9,63,67
IQ:19,160,255,111,-59
IQ:20,168,4,3,-124
IQ:21,176,255,-128,10
IQ:22,184,8,-1,140
IQ:23,192,255,123,-7
IQ:24,200,7,-67,-99
IQ:25,208,255,-109,67
IQ:26,216,6,44,103
IQ:27,224,255,73,-65
IQ:28,232,5,-98,-80
IQ:29,240,255,-103,88
IQ:30,248,12,-4,52
IQ:31,256,255,26,-45
IQ:32,264,1,-95,-45
IQ:33,272,255,-43,88
IQ:34,280,2,93,19
IQ:35,288,255,8,-134
SW:2
RR:3
SS:3
FR:2480
ME:359
MA:353
KE:5
KA:7
DF_END

Data arrived...
DF_BEGIN
IQ:0,0,11,-29,156
IQ:1,8,11,153,10
IQ:2,16,11,-3,-163
IQ:3,24,11,-169,22
IQ:4,32,11,29,154
IQ:5,40,11,158,-45
IQ:6,48,11,-47,-159
IQ:7,56,11,-142,67
IQ:8,72,12,229,61
IQ:9,80,255,65,-164
IQ:10,88,1,-109,-84
IQ:11,96,255,-80,50
IQ:12,104,2,2,22
IQ:13,112,255,29,61
IQ:14,120,10,177,76
IQ:15,128,255,153,-125
IQ:16,136,3,61,-182
IQ:17,144,255,-96,-94
IQ:18,152,9,-1,-43
IQ:19,160,255,-42,-96
IQ:20,168,4,-193,-156
IQ:21,176,255,-186,71
IQ:22,184,8,-75,21
IQ:23,192,255,26,48
IQ:24,200,7,99,91
IQ:25,208,255,107,1
IQ:26,216,6,64,38
IQ:27,224,255,7,-34
IQ:28,232,5,-66,84
IQ:29,240,255,45,153
IQ:30,248,12,80,233
IQ:31,256,255,167,-11
IQ:32,264,1,16,-128
IQ:33,272,255,-80,-35
IQ:34,280,2,-30,1
IQ:35,288,255,-59,-12
SW:2
RR:3
SS:3
FR:2426
ME:41
MA:150
KE:9
KA:13
DF_END

Data arrived...
DF_BEGIN
IQ:0,0,11,146,-93
IQ:1,8,11,-103,-131
IQ:2,16,11,-115,124
IQ:3,24,11,138,95
IQ:4,32,11,92,-147
IQ:5,40,11,-149,-82
IQ:6,48,11,-75,155
IQ:7,56,11,156,50
IQ:8,72,12,-134,-39
IQ:9,80,255,-17,126
IQ:10,88,1,109,1
IQ:11,96,255,-39,-100
IQ:12,104,2,-120,95
IQ:13,112,255,125,119
IQ:14,120,10,176,-118
IQ:15,128,255,-102,-169
IQ:16,136,3,-148,67
IQ:17,144,255,79,92
IQ:18,152,9,43,-163
IQ:19,160,255,-178,-56
IQ:20,168,4,-95,158
IQ:21,176,255,144,81
IQ:22,184,8,27,-127
IQ:23,192,255,-137,-15
IQ:24,200,7,15,156
IQ:25,208,255,163,-30
IQ:26,216,6,-11,-162
IQ:27,224,255,-161,52
IQ:28,232,5,69,199
IQ:29,240,255,191,-63
IQ:30,248,12,-27,-130
IQ:31,256,255,-118,50
IQ:32,264,1,59,90
IQ:33,272,255,64,-87
IQ:34,280,2,-137,-51
IQ:35,288,255,-66,162
SW:2
RR:3
SS:3
FR:2402
ME:359
MA:5
KE:8
KA:12
DF_END

Data arrived...
DF_BEGIN
IQ:0,0,11,-47,-157
IQ:1,8,11,-145,56
IQ:2,16,11,69,135
IQ:3,24,11,130,-87
IQ:4,32,11,-98,-118
IQ:5,40,11,-109,118
IQ:6,48,11,115,108
IQ:7,56,11,82,-128
IQ:8,72,12,-69,110
IQ:9,80,255,106,44
IQ:10,88,1,19,-92
IQ:11,96,255,-100,13
IQ:12,104,2,57,128
IQ:13,112,255,146,-68
IQ:14,120,10,-70,-178
IQ:15,128,255,-179,57
IQ:16,136,3,25,150
IQ:17,144,255,100,-53
IQ:18,152,9,-129,-72
IQ:19,160,255,-99,142
IQ:20,168,4,116,114
IQ:21,176,255,99,-115
IQ:22,184,8,-98,-56
IQ:23,192,255,-37,121
IQ:24,200,7,142,18
IQ:25,208,255,13,-159
IQ:26,216,6,-150,-37
IQ:27,224,255,2,154
IQ:28,232,5,195,-26
IQ:29,240,255,-14,-194
IQ:30,248,12,-128,-6
IQ:31,256,255,15,120
IQ:32,264,1,90,-42
IQ:33,272,255,-66,-76
IQ:34,280,2,-69,116
IQ:35,288,255,133,96
SW:2
RR:3
SS:3
FR:2402
ME:359
MA:353
KE:6
KA:8
DF_END

Data arrived...
DF_BEGIN
IQ:0,0,11,-150,59
IQ:1,8,11,54,136
IQ:2,16,11,126,-89
IQ:3,24,11,-97,-119
IQ:4,32,11,-111,105
IQ:5,40,11,121,102
IQ:6,48,11,83,-129
IQ:7,56,11,-148,-60
IQ:8,72,12,50,22
IQ:9,80,255,-14,-54
IQ:10,88,1,-79,28
IQ:11,96,255,32,77
IQ:12,104,2,68,-46
IQ:13,112,255,-75,-55
IQ:14,120,10,-92,107
IQ:15,128,255,102,102
IQ:16,136,3,91,-60
IQ:17,144,255,-43,-61
IQ:18,152,9,26,65
IQ:19,160,255,91,-17
IQ:20,168,4,22,-92
IQ:21,176,255,-91,-13
IQ:22,184,8,-25,120
IQ:23,192,255,98,29
IQ:24,200,7,-25,-100
IQ:25,208,255,-106,30
IQ:26,216,6,8,88
IQ:27,224,255,76,-26
IQ:28,232,5,-53,-74
IQ:29,240,255,-90,49
IQ:30,248,12,-1,60
IQ:31,256,255,35,-34
IQ:32,264,1,-66,-48
IQ:33,272,255,-52,71
IQ:34,280,2,61,32
IQ:35,288,255,32,-106
SW:2
RR:3
SS:3
FR:2480
ME:359
MA:353
KE:5
KA:6
DF_END

Data arrived...
DF_BEGIN
IQ:0,0,11,-180,9
IQ:1,8,11,27,176
IQ:2,16,11,174,-19
IQ:3,24,11,-59,-173
IQ:4,32,11,-152,61
IQ:5,40,11,103,147
IQ:6,48,11,143,-103
IQ:7,56,11,-100,-153
IQ:8,72,12,-32,250
IQ:9,80,255,196,65
IQ:10,88,1,120,-120
IQ:11,96,255,-71,-113
IQ:12,104,2,-77,5
IQ:13,112,255,-53,88
IQ:14,120,10,-21,236
IQ:15,128,255,177,134
IQ:16,136,3,192,40
IQ:17,144,255,93,-92
IQ:18,152,9,67,-15
IQ:19,160,255,85,-89
IQ:20,168,4,99,-232
IQ:21,176,255,-119,-155
IQ:22,184,8,-23,-71
IQ:23,192,255,-64,14
IQ:24,200,7,-114,178
IQ:25,208,255,60,149
IQ:26,216,6,-7,70
IQ:27,224,255,11,-14
IQ:28,232,5,-123,-14
IQ:29,240,255,-136,90
IQ:30,248,12,-247,98
IQ:31,256,255,28,203
IQ:32,264,1,159,41
IQ:33,272,255,64,-118
IQ:34,280,2,-39,-69
IQ:35,288,255,-48,-54
SW:2
RR:3
SS:3
FR:2426
ME:41
MA:150
KE:9
KA:11
DF_END

Data arrived...
DF_BEGIN
IQ:0,0,11,-194,14
IQ:1,8,11,52,196
IQ:2,16,11,191,-69
IQ:3,24,11,-80,-184
IQ:4,32,11,-175,94
IQ:5,40,11,118,156
IQ:6,48,11,152,-128
IQ:7,56,11,-146,-130
IQ:8,72,12,116,115
IQ:9,80,255,78,-130
IQ:10,88,1,-118,-48
IQ:11,96,255,-13,127
IQ:12,104,2,171,-59
IQ:13,112,255,-76,-199
IQ:14,120,10,-253,40
IQ:15,128,255,13,236
IQ:16,136,3,195,-17
IQ:17,144,255,-51,-143
IQ:18,152,9,-110,153
IQ:19,160,255,173,134
IQ:20,168,4,176,-139
IQ:21,176,255,-137,-151
IQ:22,184,8,-100,113
IQ:23,192,255,140,62
IQ:24,200,7,44,-186
IQ:25,208,255,-196,-53
IQ:26,216,6,-51,185
IQ:27,224,255,206,17
IQ:28,232,5,4,-261
IQ:29,240,255,-255,-35
IQ:30,248,12,-43,154
IQ:31,256,255,159,4
IQ:32,264,1,-14,-130
IQ:33,272,255,-115,66
IQ:34,280,2,134,121
IQ:35,288,255,139,-161
SW:2
RR:3
SS:3
FR:2402
ME:359
MA:5
KE:7
KA:10
DF_END

Data arrived...
DF_BEGIN
IQ:0,0,11,136,66
IQ:1,8,11,56,-138
IQ:2,16,11,-143,-43
IQ:3,24,11,-15,146
IQ:4,32,11,148,2
IQ:5,40,11,-25,-138
IQ:6,48,11,-156,25
IQ:7,56,11,31,142
IQ:8,72,12,-9,-39
IQ:9,80,255,-29,46
IQ:10,88,1,61,47
IQ:11,96,255,34,-61
IQ:12,104,2,-74,-28
IQ:13,112,255,-1,81
IQ:14,120,10,139,-23
IQ:15,128,255,-11,-152
IQ:16,136,3,-110,-36
IQ:17,144,255,-13,69
IQ:18,152,9,33,-79
IQ:19,160,255,-81,-73
IQ:20,168,4,-87,37
IQ:21,176,255,50,82
IQ:22,184,8,109,-56
IQ:23,192,255,-52,-81
IQ:24,200,7,-23,87
IQ:25,208,255,89,43
IQ:26,216,6,45,-68
IQ:27,224,255,-78,-30
IQ:28,232,5,-23,97
IQ:29,240,255,94,43
IQ:30,248,12,26,-26
IQ:31,256,255,-51,1
IQ:32,264,1,-2,75
IQ:33,272,255,72,-13
IQ:34,280,2,-8,-74
IQ:35,288,255,-108,37
SW:2
RR:3
SS:3
FR:2480
ME:356
MA:353
KE:6
KA:7
DF_END

Data arrived...
DF_BEGIN
IQ:0,0,11,170,18
IQ:1,8,11,10,-176
IQ:2,16,11,-177,13
IQ:3,24,11,22,168
IQ:4,32,11,162,-57
IQ:5,40,11,-71,-169
IQ:6,48,11,-164,80
IQ:7,56,11,88,151
IQ:8,72,12,18,-286
IQ:9,80,255,-223,-55
IQ:10,88,1,-84,168
IQ:11,96,255,103,88
IQ:12,104,2,45,-13
IQ:13,112,255,39,-65
IQ:14,120,10,11,-208
IQ:15,128,255,-200,-93
IQ:16,136,3,-208,13
IQ:17,144,255,-81,135
IQ:18,152,9,-52,71
IQ:19,160,255,-50,94
IQ:20,168,4,-99,254
IQ:21,176,255,143,168
IQ:22,184,8,70,85
IQ:23,192,255,85,-52
IQ:24,200,7,54,-179
IQ:25,208,255,-77,-108
IQ:26,216,6,19,-51
IQ:27,224,255,-8,5
IQ:28,232,5,128,23
IQ:29,240,255,149,-90
IQ:30,248,12,274,-123
IQ:31,256,255,-45,-222
IQ:32,264,1,-183,6
IQ:33,272,255,-34,127
IQ:34,280,2,41,37
IQ:35,288,255,5,45
SW:2
RR:3
SS:3
FR:2426
ME:44
MA:150
KE:10
KA:15
DF_END

Data arrived...
DF_BEGIN
IQ:0,0,11,-153,57
IQ:1,8,11,80,140
IQ:2,16,11,132,-88
IQ:3,24,11,-99,-128
IQ:4,32,11,-116,110
IQ:5,40,11,119,96
IQ:6,48,11,87,-132
IQ:7,56,11,-139,-79
IQ:8,72,12,110,73
IQ:9,80,255,49,-112
IQ:10,88,1,-105,-14
IQ:11,96,255,12,96
IQ:12,104,2,125,-69
IQ:13,112,255,-73,-149
IQ:14,120,10,-182,61
IQ:15,128,255,59,177
IQ:16,136,3,144,-39
IQ:17,144,255,-56,-107
IQ:18,152,9,-73,126
IQ:19,160,255,151,88
IQ:20,168,4,120,-127
IQ:21,176,255,-120,-99
IQ:22,184,8,-54,99
IQ:23,192,255,112,31
IQ:24,200,7,6,-152
IQ:25,208,255,-157,0
IQ:26,216,6,-7,151
IQ:27,224,255,148,-21
IQ:28,232,5,-53,-193
IQ:29,240,255,-199,19
IQ:30,248,12,0,134
IQ:31,256,255,125,-23
IQ:32,264,1,-38,-87
IQ:33,272,255,-76,59
IQ:34,280,2,121,68
IQ:35,288,255,90,-142
SW:2
RR:3
SS:3
FR:2402
ME:359
MA:5
KE:9
KA:14
DF_END

Data arrived...
DF_BEGIN
IQ:0,0,11,-122,129
IQ:1,8,11,111,142
IQ:2,16,11,105,-128
IQ:3,24,11,-111,-90
IQ:4,32,11,-84,134
IQ:5,40,11,155,33
IQ:6,48,11,66,-144
IQ:7,56,11,-147,-42
IQ:8,72,12,124,24
IQ:9,80,255,14,-137
IQ:10,88,1,-101,11
IQ:11,96,255,37,90
IQ:12,104,2,85,-89
IQ:13,112,255,-121,-91
IQ:14,120,10,-137,127
IQ:15,128,255,83,118
IQ:16,136,3,130,-78
IQ:17,144,255,-96,-101
IQ:18,152,9,0,127
IQ:19,160,255,175,20
IQ:20,168,4,61,-189
IQ:21,176,255,-171,-26
IQ:22,184,8,-5,108
IQ:23,192,255,124,-21
IQ:24,200,7,-57,-108
IQ:25,208,255,-144,6
IQ:26,216,6,22,172
IQ:27,224,255,136,-74
IQ:28,232,5,-82,-211
IQ:29,240,255,-169,84
IQ:30,248,12,48,131
IQ:31,256,255,93,-55
IQ:32,264,1,-62,-74
IQ:33,272,255,-44,54
IQ:34,280,2,127,34
IQ:35,288,255,23,-164
SW:2
RR:3
SS:3
FR:2402
ME:359
MA:353
KE:8
KA:10
DF_