DF_END

Data arrived...
DF_BEGIN
IQ:0,0,11,140,-89
IQ:1,8,11,-111,-125
IQ:2,16,11,-108,124
IQ:3,24,11,126,105
IQ:4,32,11,91,-137
IQ:5,40,11,-151,-68
IQ:6,48,11,-52,151
IQ:7,56,11,161,42
IQ:8,72,12,-132,-42
IQ:9,80,255,-11,128
IQ:10,88,1,116,-22
IQ:11,96,255,-40,-108
IQ:12,104,2,-119,98
IQ:13,112,255,106,140
IQ:14,120,10,167,-106
IQ:15,128,255,-105,-163
IQ:16,136,3,-137,88
IQ:17,144,255,93,93
IQ:18,152,9,32,-161
IQ:19,160,255,-183,-56
IQ:20,168,4,-90,162
IQ:21,176,255,147,77
IQ:22,184,8,19,-117
IQ:23,192,255,-140,10
IQ:24,200,7,17,160
IQ:25,208,255,170,-25
IQ:26,216,6,-24,-164
IQ:27,224,255,-165,59
IQ:28,232,5,78,197
IQ:29,240,255,197,-69
IQ:30,248,12,-29,-138
IQ:31,256,255,-116,47
IQ:32,264,1,63,85
IQ:33,272,255,69,-88
IQ:34,280,2,-140,-57
IQ:35,288,255,-77,163
SW:2
RR:3
SS:3
FR:2402
ME:359
MA:353
KE:11
KA:1
DF_END

Data arrived...
DF_BEGIN
IQ:0,0,11,-148,112
IQ:1,8,11,127,138
IQ:2,16,11,118,-141
IQ:3,24,11,-145,-110
IQ:4,32,11,-97,158
IQ:5,40,11,169,74
IQ:6,48,11,66,-173
IQ:7,56,11,-178,-40
IQ:8,72,12,60,18
IQ:9,80,255,-20,-61
IQ:10,88,1,-79,52
IQ:11,96,255,59,72
IQ:12,104,2,65,-68
IQ:13,112,255,-81,-35
IQ:14,120,10,-52,165
IQ:15,128,255,157,86
IQ:16,136,3,99,-95
IQ:17,144,255,-63,-55
IQ:18,152,9,71,63
IQ:19,160,255,113,-57
IQ:20,168,4,8,-110
IQ:21,176,255,-102,21
IQ:22,184,8,10,137
IQ:23,192,255,112,-18
IQ:24,200,7,-60,-94
IQ:25,208,255,-119,67
IQ:26,216,6,47,98
IQ:27,224,255,75,-61
IQ:28,232,5,-89,-69
IQ:29,240,255,-89,91
IQ:30,248,12,7,62
IQ:31,256,255,33,-40
IQ:32,264,1,-87,-33
IQ:33,272,255,-34,90
IQ:34,280,2,95,29
IQ:35,288,255,15,-132
SW:2
RR:3
SS:3
FR:2480
ME:356
MA:353
KE:9
KA:359
DF_END

Data arrived...
DF_BEGIN
IQ:0,0,11,72,-91
IQ:1,8,11,-84,-69
IQ:2,16,11,-61,93
IQ:3,24,11,97,53
IQ:4,32,11,40,-115
IQ:5,40,11,-108,-32
IQ:6,48,11,-24,100
IQ:7,56,11,103,6
IQ:8,72,12,-141,-135
IQ:9,80,255,-120,101
IQ:10,88,1,64,94
IQ:11,96,255,81,-23
IQ:12,104,2,1,-20
IQ:13,112,255,-9,-51
IQ:14,120,10,-109,-89
IQ:15,128,255,-139,61
IQ:16,136,3,-91,115
IQ:17,144,255,44,93
IQ:18,152,9,-5,57
IQ:19,160,255,28,77
IQ:20,168,4,89,153
IQ:21,176,255,147,-13
IQ:22,184,8,67,2
IQ:23,192,255,10,-49
IQ:24,200,7,-75,-83
IQ:25,208,255,-82,-13
IQ:26,216,6,-31,-38
IQ:27,224,255,-3,11
IQ:28,232,5,69,-62
IQ:29,240,255,17,-135
IQ:30,248,12,52,-197
IQ:31,256,255,-126,-73
IQ:32,264,1,-39,98
IQ:33,272,255,48,65
IQ:34,280,2,29,10
IQ:35,288,255,36,13
SW:2
RR:3
SS:3
FR:2426
ME:41
MA:150
KE:12
KA:6
DF_END

Data arrived...
DF_BEGIN
IQ:0,0,11,-153,-65
IQ:1,8,11,-49,158
IQ:2,16,11,162,30
IQ:3,24,11,22,-166
IQ:4,32,11,-163,-21
IQ:5,40,11,4,160
IQ:6,48,11,164,-23
IQ:7,56,11,-32,-158
IQ:8,72,12,48,128
IQ:9,80,255,113,-62
IQ:10,88,1,-76,-90
IQ:11,96,255,-68,97
IQ:12,104,2,148,57
IQ:13,112,255,63,-163
IQ:14,120,10,-180,-84
IQ:15,128,255,-81,184
IQ:16,136,3,140,96
IQ:17,144,255,39,-120
IQ:18,152,9,-158,52
IQ:19,160,255,46,184
IQ:20,168,4,185,-11
IQ:21,176,255,-26,-160
IQ:22,184,8,-111,55
IQ:23,192,255,75,114
IQ:24,200,7,123,-103
IQ:25,208,255,-102,-139
IQ:26,216,6,-130,98
IQ:27,224,255,137,105
IQ:28,232,5,120,-176
IQ:29,240,255,-157,-137
IQ:30,248,12,-87,101
IQ:31,256,255,104,71
IQ:32,264,1,34,-100
IQ:33,272,255,-115,-7
IQ:34,280,2,26,153
IQ:35,288,255,177,-30
SW:2
RR:3
SS:3
FR:2402
ME:359
MA:5
KE:11
KA:6
DF_END

Data arrived...
DF_BEGIN
IQ:0,0,11,-67,-175
IQ:1,8,11,-151,96
IQ:2,16,11,121,142
IQ:3,24,11,134,-138
IQ:4,32,11,-138,-131
IQ:5,40,11,-112,148
IQ:6,48,11,162,89
IQ:7,56,11,77,-170
IQ:8,72,12,-26,50
IQ:9,80,255,61,-15
IQ:10,88,1,-39,-95
IQ:11,96,255,-93,40
IQ:12,104,2,54,69
IQ:13,112,255,57,-78
IQ:14,120,10,-143,-89
IQ:15,128,255,-112,146
IQ:16,136,3,86,105
IQ:17,144,255,69,-55
IQ:18,152,9,-73,48
IQ:19,160,255,42,114
IQ:20,168,4,113,25
IQ:21,176,255,2,-113
IQ:22,184,8,-145,-4
IQ:23,192,255,-12,115
IQ:24,200,7,102,-67
IQ:25,208,255,-53,-117
IQ:26,216,6,-100,23
IQ:27,224,255,36,100
IQ:28,232,5,92,-76
IQ:29,240,255,-74,-109
IQ:30,248,12,-59,1
IQ:31,256,255,45,37
IQ:32,264,1,56,-85
IQ:33,272,255,-89,-47
IQ:34,280,2,-32,79
IQ:35,288,255,130,27
SW:2
RR:3
SS:3
FR:2480
ME:356
MA:356
KE:9
KA:3
DF_END

Data arrived...
DF_BEGIN
IQ:0,0,11,133,130
IQ:1,8,11,118,-145
IQ:2,16,11,-160,-94
IQ:3,24,11,-94,168
IQ:4,32,11,173,70
IQ:5,40,11,35,-186
IQ:6,48,11,-186,-32
IQ:7,56,11,-4,178
IQ:8,72,12,6,-62
IQ:9,80,255,-58,27
IQ:10,88,1,59,66
IQ:11,96,255,57,-72
IQ:12,104,2,-75,-50
IQ:13,112,255,-32,93
IQ:14,120,10,172,24
IQ:15,128,255,43,-179
IQ:16,136,3,-120,-73
IQ:17,144,255,-52,78
IQ:18,152,9,48,-78
IQ:19,160,255,-77,-98
IQ:20,168,4,-121,8
IQ:21,176,255,28,111
IQ:22,184,8,133,-25
IQ:23,192,255,-44,-109
IQ:24,200,7,-75,98
IQ:25,208,255,101,101
IQ:26,216,6,88,-61
IQ:27,224,255,-76,-72
IQ:28,232,5,-67,100
IQ:29,240,255,98,78
IQ:30,248,12,45,-21
IQ:31,256,255,-59,-19
IQ:32,264,1,-30,99
IQ:33,272,255,88,24
IQ:34,280,2,4,-85
IQ:35,288,255,-141,13
SW:2
RR:3
SS:3
FR:2480
ME:359
MA:353
KE:8
KA:1
DF_END

Data arrived...
DF_BEGIN
IQ:0,0,11,-178,-39
IQ:1,8,11,39,180
IQ:2,16,11,290,-139
IQ:3,24,11,-51,-196
IQ:4,32,11,-152,33
IQ:5,40,11,54,127
IQ:6,48,11,136,-47
IQ:7,56,11,-76,-149
IQ:8,72,12,-41,336
IQ:9,80,255,252,93
IQ:10,88,1,68,-159
IQ:11,96,255,-60,-65
IQ:12,104,2,23,84
IQ:13,112,255,20,76
IQ:14,120,10,-40,207
IQ:15,128,255,260,222
IQ:16,136,3,206,9
IQ:17,144,255,74,-123
IQ:18,152,9,61,-64
IQ:19,160,255,240,-210
IQ:20,168,4,83,-264
IQ:21,176,255,-69,-174
IQ:22,184,8,-95,-191
IQ:23,192,255,-6,5
IQ:24,200,7,-32,131
IQ:25,208,255,86,121
IQ:26,216,6,95,51
IQ:27,224,255,11,-9
IQ:28,232,5,-99,-52
IQ:29,240,255,-138,87
IQ:30,248,12,-217,215
IQ:31,256,255,50,223
IQ:32,264,1,143,-67
IQ:33,272,255,-85,-301
IQ:34,280,2,22,-24
IQ:35,288,255,13,-59
SW:2
RR:3
SS:3
FR:2426
ME:41
MA:153
KE:11
KA:7
DF_END

Data arrived...
DF_BEGIN
IQ:0,0,11,76,139
IQ:1,8,11,129,-99
IQ:2,16,11,-116,-118
IQ:3,24,11,-114,118
IQ:4,32,11,113,109
IQ:5,40,11,89,-138
IQ:6,48,11,-142,-85
IQ:7,56,11,-76,140
IQ:8,72,12,36,-138
IQ:9,80,255,-127,-22
IQ:10,88,1,3,112
IQ:11,96,255,111,-37
IQ:12,104,2,-85,-129
IQ:13,112,255,-139,109
IQ:14,120,10,92,179
IQ:15,128,255,178,-93
IQ:16,136,3,-64,-157
IQ:17,144,255,-107,71
IQ:18,152,9,150,52
IQ:19,160,255,70,-170
IQ:20,168,4,-160,-99
IQ:21,176,255,-87,144
IQ:22,184,8,116,37
IQ:23,192,255,12,-135
IQ:24,200,7,-157,6
IQ:25,208,255,17,165
IQ:26,216,6,163,-8
IQ:27,224,255,-50,-164
IQ:28,232,5,-206,58
IQ:29,240,255,41,200
IQ:30,248,12,133,-27
IQ:31,256,255,-43,-125
IQ:32,264,1,-95,53
IQ:33,272,255,80,69
IQ:34,280,2,63,-142
IQ:35,288,255,-161,-70
SW:2
RR:3
SS:3
FR:2402
ME:359
MA:5
KE:10
KA:7
DF_END

Data arrived...
DF_BEGIN
IQ:0,0,11,-51,156
IQ:1,8,11,158,33
IQ:2,16,11,19,-162
IQ:3,24,11,-162,-4
IQ:4,32,11,-7,159
IQ:5,40,11,156,-13
IQ:6,48,11,-27,-159
IQ:7,56,11,-148,39
IQ:8,72,12,121,-44
IQ:9,80,255,-74,-102
IQ:10,88,1,-70,81
IQ:11,96,255,103,46
IQ:12,104,2,32,-140
IQ:13,112,255,-175,-20
IQ:14,120,10,-57,191
IQ:15,128,255,187,59
IQ:16,136,3,66,-155
IQ:17,144,255,-122,-26
IQ:18,152,9,66,142
IQ:19,160,255,172,-71
IQ:20,168,4,-36,-177
IQ:21,176,255,-160,36
IQ:22,184,8,52,104
IQ:23,192,255,99,-86
IQ:24,200,7,-110,-114
IQ:25,208,255,-114,125
IQ:26,216,6,115,117
IQ:27,224,255,86,-139
IQ:28,232,5,-184,-100
IQ:29,240,255,-104,172
IQ:30,248,12,116,75
IQ:31,256,255,69,-110
IQ:32,264,1,-104,-33
IQ:33,272,255,-5,109
IQ:34,280,2,147,-40
IQ:35,288,255,-43,-169
SW:2
RR:3
SS:3
FR:2402
ME:359
MA:5
KE:9
KA:7
DF_END

Data arrived...
DF_BEGIN
IQ:0,0,11,49,133
IQ:1,8,11,131,-70
IQ:2,16,11,-83,-125
IQ:3,24,11,-111,86
IQ:4,32,11,108,109
IQ:5,40,11,99,-107
IQ:6,48,11,-121,-75
IQ:7,56,11,-67,121
IQ:8,72,12,27,-40
IQ:9,80,255,-51,7
IQ:10,88,1,15,72
IQ:11,96,255,70,-30
IQ:12,104,2,-44,-58
IQ:13,112,255,-40,63
IQ:14,120,10,114,82
IQ:15,128,255,101,-91
IQ:16,136,3,-64,-86
IQ:17,144,255,-49,35
IQ:18,152,9,64,-36
IQ:19,160,255,-13,-95
IQ:20,168,4,-86,-25
IQ:21,176,255,-11,82
IQ:22,184,8,104,32
IQ:23,192,255,21,-87
IQ:24,200,7,-85,33
IQ:25,208,255,34,92
IQ:26,216,6,86,-23
IQ:27,224,255,-33,-75
IQ:28,232,5,-78,56
IQ:29,240,255,48,91
IQ:30,248,12,49,-5
IQ:31,256,255,-24,-40
IQ:32,264,1,-42,59
IQ:33,272,255,63,40
IQ:34,280,2,34,-62
IQ:35,288,255,-91,-26
SW:2
RR:3
SS:3
FR:2480
ME:356
MA:359
KE:8
KA:6
DF_END

Data arrived...
DF_BEGIN
IQ:0,0,11,-176,77
IQ:1,8,11,95,180
IQ:2,16,11,175,-132
IQ:3,24,11,-140,-155
IQ:4,32,11,-124,153
IQ:5,40,11,183,128
IQ:6,48,11,103,-178
IQ:7,56,11,-205,-103
IQ:8,72,12,180,354
IQ:9,80,255,271,-115
IQ:10,88,1,-58,-230
IQ:11,96,255,-179,-3
IQ:12,104,2,-42,18
IQ:13,112,255,2,94
IQ:14,120,10,145,175
IQ:15,128,255,244,-33
IQ:16,136,3,239,-122
IQ:17,144,255,-3,-193
IQ:18,152,9,2,-112
IQ:19,160,255,-12,-138
IQ:20,168,4,-71,-310
IQ:21,176,255,-266,-82
IQ:22,184,8,-130,-53
IQ:23,192,255,-55,123
IQ:24,200,7,92,174
IQ:25,208,255,140,45
IQ:26,216,6,11,91
IQ:27,224,255,20,-7
IQ:28,232,5,-142,59
IQ:29,240,255,-94,198
IQ:30,248,12,-182,352
IQ:31,256,255,220,187
IQ:32,264,1,157,-168
IQ:33,272,255,-96,-150
IQ:34,280,2,-70,-29
IQ:35,288,255,-35,-41
SW:2
RR:3
SS:3
FR:2426
ME:44
MA:147
KE:12
KA:15
DF_END

Data arrived...
DF_BEGIN
IQ:0,0,11,159,-52
IQ:1,8,11,-55,-159
IQ:2,16,11,-150,71
IQ:3,24,11,82,139
IQ:4,32,11,123,-107
IQ:5,40,11,-122,-113
IQ:6,48,11,-106,124
IQ:7,56,11,132,89
IQ:8,72,12,-119,-81
IQ:9,80,255,-56,116
IQ:10,88,1,115,20
IQ:11,96,255,-13,-116
IQ:12,104,2,-148,56
IQ:13,112,255,66,165
IQ:14,120,10,194,-52
IQ:15,128,255,-57,-193
IQ:16,136,3,-164,32
IQ:17,144,255,52,122
IQ:18,152,9,96,-133
IQ:19,160,255,-160,-95
IQ:20,168,4,-140,131
IQ:21,176,255,109,124
IQ:22,184,8,62,-105
IQ:23,192,255,-136,-38
IQ:24,200,7,-28,167
IQ:25,208,255,170,25
IQ:26,216,6,19,-163
IQ:27,224,255,-173,11
IQ:28,232,5,4,212
IQ:29,240,255,202,1
IQ:30,248,12,5,-138
IQ:31,256,255,-132,14
IQ:32,264,1,29,104
IQ:33,272,255,86,-81
IQ:34,280,2,-127,-96
IQ:35,288,255,-115,141
SW:2
RR:3
SS:3
FR:2402
ME:359
MA:353
KE:10
KA:11
DF_END

Data arrived...
DF_BEGIN
IQ:0,0,11,-86,-168
IQ:1,8,11,-159,96
IQ:2,16,11,119,148
IQ:3,24,11,127,-140
IQ:4,32,11,-151,-115
IQ:5,40,11,-108,158
IQ:6,48,11,168,93
IQ:7,56,11,75,-172
IQ:8,72,12,-17,67
IQ:9,80,255,62,-14
IQ:10,88,1,-47,-84
IQ:11,96,255,-93,49
IQ:12,104,2,52,70
IQ:13,112,255,42,-86
IQ:14,120,10,-170,-74
IQ:15,128,255,-112,156
IQ:16,136,3,85,106
IQ:17,144,255,61,-55
IQ:18,152,9,-76,59
IQ:19,160,255,45,120
IQ:20,168,4,108,30
IQ:21,176,255,4,-120
IQ:22,184,8,-146,-12
IQ:23,192,255,2,122
IQ:24,200,7,98,-62
IQ:25,208,255,-61,-114
IQ:26,216,6,-112,41
IQ:27,224,255,47,89
IQ:28,232,5,92,-84
IQ:29,240,255,-74,-102
IQ:30,248,12,-62,7
IQ:31,256,255,37,44
IQ:32,264,1,50,-78
IQ:33,272,255,-87,-53
IQ:34,280,2,-40,87
IQ:35,288,255,138,19
SW:2
RR:3
SS:3
FR:2480
ME:356
MA:353
KE:9
KA:8
DF_END

Data arrived...
DF_BEGIN
IQ:0,0,11,89,136
IQ:1,8,11,127,-114
IQ:2,16,11,-113,-122
IQ:3,24,11,-114,132
IQ:4,32,11,140,93
IQ:5,40,11,80,-148
IQ:6,48,11,-155,-51
IQ:7,56,11,-63,149
IQ:8,72,12,246,-186
IQ:9,80,255,-119,-240
IQ:10,88,1,-187,70
IQ:11,96,255,19,145
IQ:12,104,2,36,25
IQ:13,112,255,94,-41
IQ:14,120,10,131,-126
IQ:15,128,255,-34,-213
IQ:16,136,3,-142,-166
IQ:17,144,255,-153,51
IQ:18,152,9,-90,5
IQ:19,160,255,-123,50
IQ:20,168,4,-234,81
IQ:21,176,255,-33,207
IQ:22,184,8,-19,111
IQ:23,192,255,98,13
IQ:24,200,7,144,-89
IQ:25,208,255,-9,-104
IQ:26,216,6,64,-19
IQ:27,224,255,-8,-27
IQ:28,232,5,61,89
IQ:29,240,255,148,63
IQ:30,248,12,299,124
IQ:31,256,255,156,-217
IQ:32,264,1,-144,-98
IQ:33,272,255,-111,106
IQ:34,280,2,-3,31
IQ:35,288,255,-12,8
SW:2
RR:3
SS:3
FR:2426
ME:44
MA:150
KE:12
KA:17
DF_END

Data arrived...
DF_BEGIN
IQ:0,0,11,-165,25
IQ:1,8,11,40,160
IQ:2,16,11,152,-58
IQ:3,24,11,-68,-149
IQ:4,32,11,-147,82
IQ:5,40,11,96,139
IQ:6,48,11,129,-99
IQ:7,56,11,-117,-114
IQ:8,72,12,102,86
IQ:9,80,255,66,-112
IQ:10,88,1,-102,-44
IQ:11,96,255,2,111
IQ:12,104,2,148,-46
IQ:13,112,255,-48,-170
IQ:14,120,10,-201,28
IQ:15,128,255,31,193
IQ:16,136,3,168,-3
IQ:17,144,255,-27,-125
IQ:18,152,9,-112,119
IQ:19,160,255,132,137
IQ:20,168,4,144,-103
IQ:21,176,255,-104,-129
IQ:22,184,8,-72,99
IQ:23,192,255,121,62
IQ:24,200,7,49,-150
IQ:25,208,255,-168,-34
IQ:26,216,6,-48,157
IQ:27,224,255,167,22
IQ:28,232,5,18,-208
IQ:29,240,255,-205,-39
IQ:30,248,12,-25,135
IQ:31,256,255,132,5
IQ:32,264,1,-20,-109
IQ:33,272,255,-99,50
IQ:34,280,2,105,106
IQ:35,288,255,134,-120
SW:2
RR:3
SS:3
FR:2402
ME:359
MA:5
KE:11
KA:15
DF_END

Data arrived...
DF_BEGIN
IQ:0,0,11,165,-13
IQ:1,8,11,-32,-162
IQ:2,16,11,-159,54
IQ:3,24,11,63,154
IQ:4,32,11,145,-80
IQ:5,40,11,-88,-137
IQ:6,48,11,-127,100
IQ:7,56,11,114,123
IQ:8,72,12,-104,-98
IQ:9,80,255,-75,109
IQ:10,88,1,108,32
IQ:11,96,255,14,-118
IQ:12,104,2,-153,23
IQ:13,112,255,49,175
IQ:14,120,10,209,-20
IQ:15,128,255,-16,-195
IQ:16,136,3,-170,-1
IQ:17,144,255,39,131
IQ:18,152,9,119,-117
IQ:19,160,255,-134,-134
IQ:20,168,4,-157,98
IQ:21,176,255,89,145
IQ:22,184,8,77,-97
IQ:23,192,255,-123,-63
IQ:24,200,7,-59,155
IQ:25,208,255,155,69
IQ:26,216,6,59,-148
IQ:27,224,255,-170,-26
IQ:28,232,5,-18,216
IQ:29,240,255,205,30
IQ:30,248,12,27,-129
IQ:31,256,255,-136,-6
IQ:32,264,1,13,116
IQ:33,272,255,104,-48
IQ:34,280,2,-105,-120
IQ:35,288,255,-126,117
SW:2
RR:3
SS:3
FR:2402
ME:359
MA:5
KE:9
KA:13
DF_END

Data arrived...
DF_BEGIN
IQ:0,0,11,-67,-184
IQ:1,8,11,-166,86
IQ:2,16,11,111,149
IQ:3,24,11,146,-128
IQ:4,32,11,-127,-137
IQ:5,40,11,-110,144
IQ:6,48,11,175,91
IQ:7,56,11,95,-174
IQ:8,72,12,-25,55
IQ:9,80,255,62,-13
IQ:10,88,1,-26,-99
IQ:11,96,255,-84,31
IQ:12,104,2,63,79
IQ:13,112,255,67,-77
IQ:14,120,10,-138,-116
IQ:15,128,255,-118,128
IQ:16,136,3,88,110
IQ:17,144,255,77,-43
IQ:18,152,9,-79,36
IQ:19,160,255,28,116
IQ:20,168,4,114,34
IQ:21,176,255,29,-127
IQ:22,184,8,-131,-52
IQ:23,192,255,-31,110
IQ:24,200,7,117,-58
IQ:25,208,255,-52,-126
IQ:26,216,6,-102,28
IQ:27,224,255,50,97
IQ:28,232,5,106,-63
IQ:29,240,255,-62,-120
IQ:30,248,12,-61,1
IQ:31,256,255,46,45
IQ:32,264,1,60,-85
IQ:33,272,255,-79,-51
IQ:34,280,2,-45,80
IQ:35,288,255,135,42
SW:2
RR:3
SS:3
FR:2480
ME:359
MA:356
KE:8
KA:10
DF_END

Data arrived...
DF_BEGIN
IQ:0,0,11,-123,-47
IQ:1,8,11,-4,128
IQ:2,16,11,200,9
IQ:3,24,11,-56,-114
IQ:4,32,11,-114,42
IQ:5,40,11,41,132
IQ:6,48,11,87,-94
IQ:7,56,11,-74,-93
IQ:8,72,12,-1,166
IQ:9,80,255,249,24
IQ:10,88,1,42,-136
IQ:11,96,255,-86,-54
IQ:12,104,2,-191,130
IQ:13,112,255,-35,43
IQ:14,120,10,41,155
IQ:15,128,255,156,118
IQ:16,136,3,162,19
IQ:17,144,255,78,-99
IQ:18,152,9,45,-62
IQ:19,160,255,-143,-20
IQ:20,168,4,50,-222
IQ:21,176,255,-153,-91
IQ:22,184,8,-43,-96
IQ:23,192,255,28,50
IQ:24,200,7,2,130
IQ:25,208,255,86,44
IQ:26,216,6,-66,91
IQ:27,224,255,-2,11
IQ:28,232,5,-105,7
IQ:29,240,255,-105,151
IQ:30,248,12,-87,55
IQ:31,256,255,83,145
IQ:32,264,1,143,-43
IQ:33,272,255,-15,-74
IQ:34,280,2,-34,2
IQ:35,288,255,-22,-5
SW:2
RR:3
SS:3
FR:2426
ME:41
MA:150
KE:11
KA:19
DF_END

Data arrived...
DF_BEGIN
IQ:0,0,11,-101,138
IQ:1,8,11,144,89
IQ:2,16,11,80,-141
IQ:3,24,11,-149,-66
IQ:4,32,11,-53,159
IQ:5,40,11,159,30
IQ:6,48,11,33,-162
IQ:7,56,11,-162,-11
IQ:8,72,12,136,-7
IQ:9,80,255,-36,-123
IQ:10,88,1,-105,46
IQ:11,96,255,76,90
IQ:12,104,2,92,-124
IQ:13,112,255,-152,-86
IQ:14,120,10,-119,168
IQ:15,128,255,153,124
IQ:16,136,3,112,-121
IQ:17,144,255,-109,-64
IQ:18,152,9,18,157
IQ:19,160,255,188,-13
IQ:20,168,4,35,-176
IQ:21,176,255,-168,-19
IQ:22,184,8,14,121
IQ:23,192,255,131,-38
IQ:24,200,7,-61,-152
IQ:25,208,255,-150,72
IQ:26,216,6,66,149
IQ:27,224,255,130,-110
IQ:28,232,5,-154,-154
IQ:29,240,255,-154,132
IQ:30,248,12,82,108
IQ:31,256,255,89,-88
IQ:32,264,1,-96,-59
IQ:33,272,255,-41,112
IQ:34,280,2,155,18
IQ:35,288,255,13,-184
SW:2
RR:3
SS:3
FR:2402
ME:359
MA:5
KE:10
KA:16
DF_END

Data arrived...
DF_BEGIN
IQ:0,0,11,-31,176
IQ:1,8,11,190,25
IQ:2,16,11,12,-181
IQ:3,24,11,-177,11
IQ:4,32,11,39,189
IQ:5,40,11,178,-39
IQ:6,48,11,-50,-178
IQ:7,56,11,-162,80
IQ:8,72,12,57,-22
IQ:9,80,255,-47,-27
IQ:10,88,1,-31,90
IQ:11,96,255,94,25
IQ:12,104,2,9,-91
IQ:13,112,255,-92,19
IQ:14,120,10,66,165
IQ:15,128,255,175,-37
IQ:16,136,3,13,-136
IQ:17,144,255,-85,-12
IQ:18,152,9,88,8
IQ:19,160,255,49,-113
IQ:20,168,4,-61,-99
IQ:21,176,255,-68,82
IQ:22,184,8,109,108
IQ:23,192,255,85,-83
IQ:24,200,7,-108,-27
IQ:25,208,255,-27,128
IQ:26,216,6,109,44
IQ:27,224,255,31,-105
IQ:28,232,5,-107,7
IQ:29,240,255,-8,130
IQ:30,248,12,50,37
IQ:31,256,255,-8,-59
IQ:32,264,1,-99,26
IQ:33,272,255,41,99
IQ:34,280,2,85,-43
IQ:35,288,255,-81,-113
SW:2
RR:3
SS:3
FR:2480
ME:356
MA:356
KE:8
KA:13
DF_END

Data arrived...
DF_BEGIN
IQ:0,0,11,15,-194
IQ:1,8,11,-195,6
IQ:2,16,11,16,190
IQ:3,24,11,183,-39
IQ:4,32,11,-58,-190
IQ:5,40,11,-179,68
IQ:6,48,11,85,164
IQ:7,56,11,164,-110
IQ:8,72,12,-49,32
IQ:9,80,255,59,19
IQ:10,88,1,10,-102
IQ:11,96,255,-94,-3
IQ:12,104,2,11,94
IQ:13,112,255,90,-39
IQ:14,120,10,-88,-162
IQ:15,128,255,-167,51
IQ:16,136,3,16,148
IQ:17,144,255,90,1
IQ:18,152,9,-92,1
IQ:19,160,255,-34,117
IQ:20,168,4,81,84
IQ:21,176,255,67,-95
IQ:22,184,8,-114,-89
IQ:23,192,255,-74,101
IQ:24,200,7,119,7
IQ:25,208,255,13,-138
IQ:26,216,6,-112,-37
IQ:27,224,255,-16,101
IQ:28,232,5,116,-22
IQ:29,240,255,3,-141
IQ:30,248,12,-52,-34
IQ:31,256,255,17,55
IQ:32,264,1,88,-46
IQ:33,272,255,-46,-92
IQ:34,280,2,-72,48
IQ:35,288,255,103,90
SW:2
RR:3
SS:3
FR:2480
ME:356
MA:2
KE:7
KA:11
DF_END

Data arrived...