IQ:15,128,255,-130,-89
IQ:16,136,3,-131,17
IQ:17,144,255,-101,115
IQ:18,152,9,-41,55
IQ:19,160,255,-10,62
IQ:20,168,4,-16,193
IQ:21,176,255,133,107
IQ:22,184,8,76,79
IQ:23,192,255,64,-11
IQ:24,200,7,-9,-62
IQ:25,208,255,-48,-87
IQ:26,216,6,2,-46
IQ:27,224,255,-3,-30
IQ:28,232,5,144,-14
IQ:29,240,255,128,-85
IQ:30,248,12,215,-126
IQ:31,256,255,-2,-132
IQ:32,264,1,-120,9
IQ:33,272,255,-29,114
IQ:34,280,2,9,20
IQ:35,288,255,-89,38
SW:2
RR:3
SS:3
FR:2426
ME:47
MA:147
KE:15
KA:32
DF_END

Data arrived...
DF_BEGIN
IQ:0,0,11,1,-193
IQ:1,8,11,-189,26
IQ:2,16,11,53,195
IQ:3,24,11,194,-51
IQ:4,32,11,-52,-191
IQ:5,40,11,-182,71
IQ:6,48,11,90,168
IQ:7,56,11,155,-109
IQ:8,72,12,-123,100
IQ:9,80,255,106,101
IQ:10,88,1,52,-111
IQ:11,96,255,-131,-28
IQ:12,104,2,15,191
IQ:13,112,255,212,-19
IQ:14,120,10,10,-243
IQ:15,128,255,-235,-30
IQ:16,136,3,-41,183
IQ:17,144,255,141,-13
IQ:18,152,9,-123,-160
IQ:19,160,255,-190,119
IQ:20,168,4,78,200
IQ:21,176,255,174,-88
IQ:22,184,8,-102,-116
IQ:23,192,255,-110,124
IQ:24,200,7,156,114
IQ:25,208,255,117,-161
IQ:26,216,6,-158,-116
IQ:27,224,255,-82,179
IQ:28,232,5,240,85
IQ:29,240,255,100,-227
IQ:30,248,12,-131,-75
IQ:31,256,255,-53,145
IQ:32,264,1,121,20
IQ:33,272,255,-28,-124
IQ:34,280,2,-175,85
IQ:35,288,255,90,195
SW:2
RR:3
SS:3
FR:2402
ME:359
MA:5
KE:14
KA:27
DF_END

Data arrived...
DF_BEGIN
IQ:0,0,11,136,-147
IQ:1,8,11,-154,-106
IQ:2,16,11,-104,165
IQ:3,24,11,168,70
IQ:4,32,11,74,-184
IQ:5,40,11,-179,-51
IQ:6,48,11,-25,185
IQ:7,56,11,188,-2
IQ:8,72,12,-71,-12
IQ:9,80,255,25,47
IQ:10,88,1,85,-67
IQ:11,96,255,-75,-76
IQ:12,104,2,-51,81
IQ:13,112,255,98,34
IQ:14,120,10,33,-173
IQ:15,128,255,-168,-81
IQ:16,136,3,-79,122
IQ:17,144,255,78,56
IQ:18,152,9,-45,-65
IQ:19,160,255,-108,55
IQ:20,168,4,9,117
IQ:21,176,255,125,-40
IQ:22,184,8,-17,-159
IQ:23,192,255,-130,15
IQ:24,200,7,79,83
IQ:25,208,255,97,-81
IQ:26,216,6,-57,-102
IQ:27,224,255,-80,63
IQ:28,232,5,104,82
IQ:29,240,255,100,-94
IQ:30,248,12,-17,-64
IQ:31,256,255,-35,48
IQ:32,264,1,96,40
IQ:33,272,255,35,-102
IQ:34,280,2,-102,-25
IQ:35,288,255,-14,130
SW:2
RR:3
SS:3
FR:2480
ME:356
MA:356
KE:12
KA:20
DF_END

Data arrived...
DF_BEGIN
IQ:0,0,11,109,119
IQ:1,8,11,137,-66
IQ:2,16,11,-90,-119
IQ:3,24,11,-100,94
IQ:4,32,11,158,111
IQ:5,40,11,90,-149
IQ:6,48,11,-305,74
IQ:7,56,11,-47,104
IQ:8,72,12,188,-176
IQ:9,80,255,-141,-338
IQ:10,88,1,-146,85
IQ:11,96,255,1,206
IQ:12,104,2,-75,-12
IQ:13,112,255,162,43
IQ:14,120,10,160,-154
IQ:15,128,255,0,-222
IQ:16,136,3,-6,-75
IQ:17,144,255,-104,260
IQ:18,152,9,-87,46
IQ:19,160,255,-14,56
IQ:20,168,4,-250,73
IQ:21,176,255,-50,161
IQ:22,184,8,-62,103
IQ:23,192,255,73,54
IQ:24,200,7,150,-63
IQ:25,208,255,37,-113
IQ:26,216,6,51,-18
IQ:27,224,255,-8,-6
IQ:28,232,5,78,108
IQ:29,240,255,149,54
IQ:30,248,12,268,136
IQ:31,256,255,144,-170
IQ:32,264,1,-104,-129
IQ:33,272,255,-119,63
IQ:34,280,2,-43,36
IQ:35,288,255,-35,36
SW:2
RR:3
SS:3
FR:2426
ME:49
MA:142
KE:16
KA:34
DF_END

Data arrived...
DF_BEGIN
IQ:0,0,11,96,-191
IQ:1,8,11,-206,-70
IQ:2,16,11,-30,217
IQ:3,24,11,221,28
IQ:4,32,11,6,-215
IQ:5,40,11,-212,11
IQ:6,48,11,35,222
IQ:7,56,11,201,-39
IQ:8,72,12,-277,-171
IQ:9,80,255,-176,186
IQ:10,88,1,75,163
IQ:11,96,255,128,-17
IQ:12,104,2,56,-38
IQ:13,112,255,-38,-108
IQ:14,120,10,-240,-179
IQ:15,128,255,-264,110
IQ:16,136,3,-152,185
IQ:17,144,255,62,157
IQ:18,152,9,-17,74
IQ:19,160,255,38,155
IQ:20,168,4,198,287
IQ:21,176,255,262,-58
IQ:22,184,8,101,3
IQ:23,192,255,22,-70
IQ:24,200,7,-75,-185
IQ:25,208,255,-167,-39
IQ:26,216,6,-87,-45
IQ:27,224,255,16,38
IQ:28,232,5,136,-113
IQ:29,240,255,12,-243
IQ:30,248,12,21,-331
IQ:31,256,255,-231,-84
IQ:32,264,1,-111,140
IQ:33,272,255,71,112
IQ:34,280,2,57,27
IQ:35,288,255,77,35
SW:2
RR:3
SS:3
FR:2426
ME:44
MA:145
KE:19
KA:54
DF_END

Data arrived...
DF_BEGIN
IQ:0,0,11,81,-131
IQ:1,8,11,-144,-59
IQ:2,16,11,-56,142
IQ:3,24,11,148,43
IQ:4,32,11,31,-148
IQ:5,40,11,-158,-14
IQ:6,48,11,-3,151
IQ:7,56,11,150,-10
IQ:8,72,12,-115,1
IQ:9,80,255,25,104
IQ:10,88,1,81,-50
IQ:11,96,255,-66,-74
IQ:12,104,2,-72,130
IQ:13,112,255,147,86
IQ:14,120,10,118,-145
IQ:15,128,255,-134,-118
IQ:16,136,3,-94,107
IQ:17,144,255,100,49
IQ:18,152,9,-11,-150
IQ:19,160,255,-173,-1
IQ:20,168,4,-29,158
IQ:21,176,255,152,13
IQ:22,184,8,-25,-111
IQ:23,192,255,-125,43
IQ:24,200,7,53,136
IQ:25,208,255,138,-67
IQ:26,216,6,-45,-138
IQ:27,224,255,-145,73
IQ:28,232,5,91,169
IQ:29,240,255,155,-98
IQ:30,248,12,-59,-99
IQ:31,256,255,-94,64
IQ:32,264,1,65,63
IQ:33,272,255,40,-88
IQ:34,280,2,-144,-23
IQ:35,288,255,-28,166
SW:2
RR:3
SS:3
FR:2402
ME:359
MA:5
KE:17
KA:43
DF_END

Data arrived...
DF_BEGIN
IQ:0,0,11,-66,159
IQ:1,8,11,172,46
IQ:2,16,11,36,-169
IQ:3,24,11,-168,-19
IQ:4,32,11,-5,167
IQ:5,40,11,166,-19
IQ:6,48,11,-39,-176
IQ:7,56,11,-173,43
IQ:8,72,12,38,-11
IQ:9,80,255,-32,-26
IQ:10,88,1,-38,65
IQ:11,96,255,73,25
IQ:12,104,2,29,-81
IQ:13,112,255,-88,8
IQ:14,120,10,17,175
IQ:15,128,255,169,7
IQ:16,136,3,40,-128
IQ:17,144,255,-72,-26
IQ:18,152,9,85,39
IQ:19,160,255,80,-102
IQ:20,168,4,-49,-103
IQ:21,176,255,-89,68
IQ:22,184,8,72,123
IQ:23,192,255,103,-52
IQ:24,200,7,-89,-42
IQ:25,208,255,-56,94
IQ:26,216,6,71,53
IQ:27,224,255,34,-89
IQ:28,232,5,-113,-26
IQ:29,240,255,-55,106
IQ:30,248,12,20,32
IQ:31,256,255,6,-47
IQ:32,264,1,-67,-14
IQ:33,272,255,7,76
IQ:34,280,2,92,-5
IQ:35,288,255,-28,-127
SW:2
RR:3
SS:3
FR:2480
ME:356
MA:353
KE:15
KA:32
DF_END

Data arrived...
DF_BEGIN
IQ:0,0,11,156,-46
IQ:1,8,11,-61,-147
IQ:2,16,11,-139,79
IQ:3,24,11,95,129
IQ:4,32,11,126,-97
IQ:5,40,11,-110,-117
IQ:6,48,11,-114,112
IQ:7,56,11,124,98
IQ:8,72,12,-101,-230
IQ:9,80,255,-190,46
IQ:10,88,1,-2,140
IQ:11,96,255,108,33
IQ:12,104,2,30,-26
IQ:13,112,255,6,-45
IQ:14,120,10,-45,-155
IQ:15,128,255,-172,-33
IQ:16,136,3,-153,43
IQ:17,144,255,-22,131
IQ:18,152,9,-6,54
IQ:19,160,255,-4,71
IQ:20,168,4,-17,202
IQ:21,176,255,155,91
IQ:22,184,8,98,56
IQ:23,192,255,53,-62
IQ:24,200,7,-4,-131
IQ:25,208,255,-62,-54
IQ:26,216,6,0,-64
IQ:27,224,255,-10,-16
IQ:28,232,5,93,-4
IQ:29,240,255,110,-93
IQ:30,248,12,189,-166
IQ:31,256,255,-106,-157
IQ:32,264,1,-134,58
IQ:33,272,255,17,111
IQ:34,280,2,38,24
IQ:35,288,255,-1,39
SW:2
RR:3
SS:3
FR:2426
ME:44
MA:150
KE:18
KA:50
DF_END

Data arrived...
DF_BEGIN
IQ:0,0,11,138,103
IQ:1,8,11,98,-143
IQ:2,16,11,-151,-83
IQ:3,24,11,-85,147
IQ:4,32,11,152,56
IQ:5,40,11,3,-173
IQ:6,48,11,-169,-19
IQ:7,56,11,-9,178
IQ:8,72,12,174,-249
IQ:9,80,255,-181,-161
IQ:10,88,1,-139,105
IQ:11,96,255,71,130
IQ:12,104,2,44,27
IQ:13,112,255,62,-44
IQ:14,120,10,105,-160
IQ:15,128,255,-87,-174
IQ:16,136,3,-146,-123
IQ:17,144,255,-144,66
IQ:18,152,9,-86,49
IQ:19,160,255,-80,54
IQ:20,168,4,-196,137
IQ:21,176,255,14,202
IQ:22,184,8,0,132
IQ:23,192,255,106,8
IQ:24,200,7,123,-113
IQ:25,208,255,-17,-117
IQ:26,216,6,50,-24
IQ:27,224,255,10,0
IQ:28,232,5,83,74
IQ:29,240,255,155,4
IQ:30,248,12,316,51
IQ:31,256,255,91,-223
IQ:32,264,1,-157,-90
IQ:33,272,255,-103,99
IQ:34,280,2,-4,52
IQ:35,288,255,-26,18
SW:2
RR:3
SS:3
FR:2426
ME:44
MA:150
KE:21
KA:73
DF_END

Data arrived...
DF_BEGIN
IQ:0,0,11,79,-164
IQ:1,8,11,-156,-76
IQ:2,16,11,-45,171
IQ:3,24,11,173,34
IQ:4,32,11,35,-184
IQ:5,40,11,-181,-3
IQ:6,48,11,0,180
IQ:7,56,11,171,-15
IQ:8,72,12,-138,12
IQ:9,80,255,38,124
IQ:10,88,1,96,-48
IQ:11,96,255,-87,-63
IQ:12,104,2,-65,166
IQ:13,112,255,191,61
IQ:14,120,10,116,-191
IQ:15,128,255,-183,-124
IQ:16,136,3,-111,137
IQ:17,144,255,119,48
IQ:18,152,9,-44,-169
IQ:19,160,255,-200,25
IQ:20,168,4,-25,193
IQ:21,176,255,172,18
IQ:22,184,8,-15,-128
IQ:23,192,255,-129,42
IQ:24,200,7,82,151
IQ:25,208,255,154,-93
IQ:26,216,6,-69,-161
IQ:27,224,255,-138,121
IQ:28,232,5,159,172
IQ:29,240,255,185,-131
IQ:30,248,12,-61,-127
IQ:31,256,255,-104,77
IQ:32,264,1,82,74
IQ:33,272,255,36,-94
IQ:34,280,2,-172,-8
IQ:35,288,255,-17,200
SW:2
RR:3
SS:3
FR:2402
ME:359
MA:5
KE:19
KA:57
DF_END

Data arrived...
DF_BEGIN
IQ:0,0,11,-117,136
IQ:1,8,11,153,104
IQ:2,16,11,76,-167
IQ:3,24,11,-173,-64
IQ:4,32,11,-32,169
IQ:5,40,11,174,24
IQ:6,48,11,14,-173
IQ:7,56,11,-174,-4
IQ:8,72,12,62,12
IQ:9,80,255,-21,-51
IQ:10,88,1,-58,60
IQ:11,96,255,61,45
IQ:12,104,2,42,-82
IQ:13,112,255,-91,-26
IQ:14,120,10,-43,160
IQ:15,128,255,156,53
IQ:16,136,3,77,-112
IQ:17,144,255,-71,-61
IQ:18,152,9,63,38
IQ:19,160,255,93,-67
IQ:20,168,4,-21,-104
IQ:21,176,255,-108,24
IQ:22,184,8,22,135
IQ:23,192,255,116,-13
IQ:24,200,7,-67,-79
IQ:25,208,255,-84,70
IQ:26,216,6,54,88
IQ:27,224,255,67,-63
IQ:28,232,5,-99,-50
IQ:29,240,255,-85,97
IQ:30,248,12,5,57
IQ:31,256,255,33,-30
IQ:32,264,1,-73,-39
IQ:33,272,255,-38,84
IQ:34,280,2,85,18
IQ:35,288,255,12,-135
SW:2
RR:3
SS:3
FR:2480
ME:356
MA:353
KE:17
KA:41
DF_END

Data arrived...
DF_BEGIN
IQ:0,0,11,94,182
IQ:1,8,11,180,-100
IQ:2,16,11,-116,-166
IQ:3,24,11,-147,147
IQ:4,32,11,153,147
IQ:5,40,11,124,-157
IQ:6,48,11,-178,-104
IQ:7,56,11,-81,189
IQ:8,72,12,48,-26
IQ:9,80,255,-51,3
IQ:10,88,1,25,92
IQ:11,96,255,94,-34
IQ:12,104,2,-62,-84
IQ:13,112,255,-84,66
IQ:14,120,10,151,120
IQ:15,128,255,142,-140
IQ:16,136,3,-79,-140
IQ:17,144,255,-88,37
IQ:18,152,9,78,-50
IQ:19,160,255,-23,-139
IQ:20,168,4,-114,-44
IQ:21,176,255,-30,136
IQ:22,184,8,142,60
IQ:23,192,255,45,-138
IQ:24,200,7,-108,35
IQ:25,208,255,31,119
IQ:26,216,6,111,-16
IQ:27,224,255,-38,-95
IQ:28,232,5,-118,77
IQ:29,240,255,43,138
IQ:30,248,12,50,29
IQ:31,256,255,-28,-47
IQ:32,264,1,-70,62
IQ:33,272,255,76,68
IQ:34,280,2,63,-86
IQ:35,288,255,-132,-82
SW:2
RR:3
SS:3
FR:2480
ME:356
MA:2
KE:14
KA:31
DF_END

Data arrived...
DF_BEGIN
IQ:0,0,11,162,-8
IQ:1,8,11,-33,-168
IQ:2,16,11,-164,31
IQ:3,24,11,61,153
IQ:4,32,11,157,-86
IQ:5,40,11,-97,-147
IQ:6,48,11,-129,107
IQ:7,56,11,123,127
IQ:8,72,12,-11,-208
IQ:9,80,255,-157,-23
IQ:10,88,1,-52,92
IQ:11,96,255,39,49
IQ:12,104,2,8,17
IQ:13,112,255,62,-25
IQ:14,120,10,53,-192
IQ:15,128,255,-153,-154
IQ:16,136,3,-166,-32
IQ:17,144,255,-49,104
IQ:18,152,9,-21,-6
IQ:19,160,255,-102,44
IQ:20,168,4,-129,218
IQ:21,176,255,122,156
IQ:22,184,8,44,48
IQ:23,192,255,30,-22
IQ:24,200,7,97,-71
IQ:25,208,255,12,-116
IQ:26,216,6,1,-79
IQ:27,224,255,-49,14
IQ:28,232,5,114,83
IQ:29,240,255,175,-67
IQ:30,248,12,186,-105
IQ:31,256,255,-26,-143
IQ:32,264,1,-95,-4
IQ:33,272,255,-18,58
IQ:34,280,2,-15,18
IQ:35,288,255,-11,77
SW:2
RR:3
SS:3
FR:2426
ME:44
MA:142
KE:17
KA:49
DF_END

Data arrived...
DF_BEGIN
IQ:0,0,11,-180,76
IQ:1,8,11,87,172
IQ:2,16,11,158,-106
IQ:3,24,11,-123,-152
IQ:4,32,11,-136,128
IQ:5,40,11,154,117
IQ:6,48,11,114,-160
IQ:7,56,11,-169,-99
IQ:8,72,12,128,72
IQ:9,80,255,58,-137
IQ:10,88,1,-120,-13
IQ:11,96,255,26,120
IQ:12,104,2,166,-91
IQ:13,112,255,-96,-199
IQ:14,120,10,-230,63
IQ:15,128,255,62,223
IQ:16,136,3,183,-38
IQ:17,144,255,-67,-126
IQ:18,152,9,-101,167
IQ:19,160,255,182,123
IQ:20,168,4,151,-150
IQ:21,176,255,-138,-132
IQ:22,184,8,-66,122
IQ:23,192,255,148,43
IQ:24,200,7,29,-179
IQ:25,208,255,-192,-48
IQ:26,216,6,-41,186
IQ:27,224,255,197,-1
IQ:28,232,5,-5,-251
IQ:29,240,255,-242,0
IQ:30,248,12,-21,154
IQ:31,256,255,139,-13
IQ:32,264,1,-34,-117
IQ:33,272,255,-109,61
IQ:34,280,2,140,117
IQ:35,288,255,146,-154
SW:2
RR:3
SS:3
FR:2402
ME:359
MA:5
KE:15
KA:38
DF_END

Data arrived...
DF_BEGIN
IQ:0,0,11,-60,-184
IQ:1,8,11,-177,87
IQ:2,16,11,106,173
IQ:3,24,11,177,-101
IQ:4,32,11,-107,-165
IQ:5,40,11,-143,138
IQ:6,48,11,146,127
IQ:7,56,11,122,-167
IQ:8,72,12,-107,125
IQ:9,80,255,132,76
IQ:10,88,1,47,-119
IQ:11,96,255,-128,4
IQ:12,104,2,80,165
IQ:13,112,255,207,-70
IQ:14,120,10,-54,-241
IQ:15,128,255,-233,29
IQ:16,136,3,19,186
IQ:17,144,255,134,-50
IQ:18,152,9,-159,-125
IQ:19,160,255,-148,166
IQ:20,168,4,139,156
IQ:21,176,255,153,-126
IQ:22,184,8,-118,-83
IQ:23,192,255,-74,143
IQ:24,200,7,167,73
IQ:25,208,255,54,-184
IQ:26,216,6,-186,-52
IQ:27,224,255,-14,193
IQ:28,232,5,252,18
IQ:29,240,255,30,-248
IQ:30,248,12,-155,-45
IQ:31,256,255,-18,148
IQ:32,264,1,134,10
IQ:33,272,255,-43,-127
IQ:34,280,2,-131,125
IQ:35,288,255,146,156
SW:2
RR:3
SS:3
FR:2402
ME:359
MA:5
KE:13
KA:30
DF_END

Data arrived...
DF_BEGIN
IQ:0,0,11,-177,55
IQ:1,8,11,64,165
IQ:2,16,11,154,-95
IQ:3,24,11,-115,-149
IQ:4,32,11,-143,116
IQ:5,40,11,142,122
IQ:6,48,11,114,-143
IQ:7,56,11,-158,-94
IQ:8,72,12,49,22
IQ:9,80,255,-14,-55
IQ:10,88,1,-87,23
IQ:11,96,255,25,89
IQ:12,104,2,84,-38
IQ:13,112,255,-63,-76
IQ:14,120,10,-127,134
IQ:15,128,255,126,142
IQ:16,136,3,118,-68
IQ:17,144,255,-30,-71
IQ:18,152,9,24,100
IQ:19,160,255,137,11
IQ:20,168,4,47,-115
IQ:21,176,255,-118,-39
IQ:22,184,8,-73,133
IQ:23,192,255,132,41
IQ:24,200,7,-26,-115
IQ:25,208,255,-128,27
IQ:26,216,6,2,104
IQ:27,224,255,89,-17
IQ:28,232,5,-61,-107
IQ:29,240,255,-134,34
IQ:30,248,12,-12,57
IQ:31,256,255,34,-28
IQ:32,264,1,-62,-68
IQ:33,272,255,-70,62
IQ:34,280,2,67,61
IQ:35,288,255,56,-119
SW:2
RR:3
SS:3
FR:2480
ME:359
MA:353
KE:12
KA:21
DF_END

Data arrived...
DF_BEGIN
IQ:0,0,11,49,-176
IQ:1,8,11,-173,-47
IQ:2,16,11,-26,181
IQ:3,24,11,178,11
IQ:4,32,11,-15,-180
IQ:5,40,11,-179,24
IQ:6,48,11,36,168
IQ:7,56,11,171,-68
IQ:8,72,12,-39,13
IQ:9,80,255,38,25
IQ:10,88,1,42,-82
IQ:11,96,255,-78,-28
IQ:12,104,2,-26,85
IQ:13,112,255,90,-12
IQ:14,120,10,-38,-177
IQ:15,128,255,-178,4
IQ:16,136,3,-39,131
IQ:17,144,255,73,20
IQ:18,152,9,-99,-37
IQ:19,160,255,-80,96
IQ:20,168,4,63,103
IQ:21,176,255,108,-57
IQ:22,184,8,-58,-129
IQ:23,192,255,-112,51
IQ:24,200,7,94,43
IQ:25,208,255,53,-102
IQ:26,216,6,-71,-79
IQ:27,224,255,-41,87
IQ:28,232,5,112,23
IQ:29,240,255,57,-121
IQ:30,248,12,-36,-35
IQ:31,256,255,-15,51
IQ:32,264,1,84,-6
IQ:33,272,255,-6,-92
IQ:34,280,2,-85,10
IQ:35,288,255,34,116
SW:2
RR:3
SS:3
FR:2480
ME:359
MA:353
KE:10
KA:15
DF_END

Data arrived...
DF_BEGIN
IQ:0,0,11,-44,-194
IQ:1,8,11,-174,67
IQ:2,16,11,104,169
IQ:3,24,11,168,-111
IQ:4,32,11,-114,-148
IQ:5,40,11,-135,137
IQ:6,48,11,143,127
IQ:7,56,11,107,-165
IQ:8,72,12,-247,71
IQ:9,80,255,11,189
IQ:10,88,1,135,36
IQ:11,96,255,33,-70
IQ:12,104,2,31,-26
IQ:13,112,255,-54,-72
IQ:14,120,10,-238,-16
IQ:15,128,255,-118,231
IQ:16,136,3,27,211
IQ:17,144,255,148,37
IQ:18,152,9,15,47
IQ:19,160,255,96,84
IQ:20,168,4,300,57
IQ:21,176,255,145,-197
IQ:22,184,8,62,-67
IQ:23,192,255,-41,-56
IQ:24,200,7,-138,-56
IQ:25,208,255,-122,47
IQ:26,216,6,-90,-2
IQ:27,224,255,33,34
IQ:28,232,5,52,-159
IQ:29,240,255,-123,-184
IQ:30,248,12,-154,-223
IQ:31,256,255,-175,75
IQ:32,264,1,23,132
IQ:33,272,255,75,12
IQ:34,280,2,35,11
IQ:35,288,255,89,-6
SW:2
RR:3
SS:3
FR:2426
ME:44
MA:145
KE:13
KA:26
DF_END

Data arrived...
DF_BEGIN
IQ:0,0,11,-77,-165
IQ:1,8,11,-139,103
IQ:2,16,11,118,138
IQ:3,24,11,140,-117
IQ:4,32,11,-128,-114
IQ:5,40,11,-93,146
IQ:6,48,11,158,83
IQ:7,56,11,76,-164
IQ:8,72,12,-76,123
IQ:9,80,255,129,43
IQ:10,88,1,7,-114
IQ:11,96,255,-108,25
IQ:12,104,2,93,149
IQ:13,112,255,180,-99
IQ:14,120,10,-83,-211
IQ:15,128,255,-201,84
IQ:16,136,3,54,169
IQ:17,144,255,110,-67
IQ:18,152,9,-171,-61
IQ:19,160,255,-93,186
IQ:20,168,4,150,121
IQ:21,176,255,106,-143
IQ:22,184,8,-122,-51
IQ:23,192,255,-25,145
IQ:24,200,7,178,9
IQ:25,208,255,7,-187
IQ:26,216,6,-176,-18
IQ:27,224,255,17,189
IQ:28,232,5,247,-24
IQ:29,240,255,10,-231
IQ:30,248,12,-145,-24
IQ:31,256,255,10,130
IQ:32,264,1,103,-34
IQ:33,272,255,-59,-91
IQ:34,280,2,-94,143
IQ:35,288,255,156,121
SW:2
RR:3
SS:3
FR:2402
ME:359
MA:353
KE:11
KA:18
DF_END

Data arrived...
DF_BEGIN
IQ:0,0,11,173,-46
IQ:1,8,11,-57,-172
IQ:2,16,11,-165,65
IQ:3,24,11,104,149
IQ:4,32,11,147,-121
IQ:5,40,11,-114,-137
IQ:6,48,11,-131,144
IQ:7,56,11,134,115
IQ:8,72,12,-41,-35
IQ:9,80,255,-5,54
IQ:10,88,1,81,-7
IQ:11,96,255,-22,-79
IQ:12,104,2,-82,30
IQ:13,112,255,52,74
IQ:14,120,10,130,-111
IQ:15,128,255,-82,-149
IQ:16,136,3,-133,37
IQ:17,144,255,14,85
IQ:18,152,9,-26,-79
IQ:19,160,255,-124,-11
IQ:20,168,4,-59,94
IQ:21,176,255,102,47
IQ:22,184,8,62,-126
IQ:23,192,255,-110,-53
IQ:24,200,7,6,91
IQ:25,208,255,116,-11
IQ:26,216,6,17,-100
IQ:27,224,255,-89,10
IQ:28,232,5,42,105
IQ:29,240,255,121,-26
IQ:30,248,12,15,-50
IQ:31,256,255,-44,26
IQ:32,264,1,52,64
IQ:33,272,255,75,-46
IQ:34,280,2,-56,-62
IQ:35,288,255,-75,90
SW:2
RR:3
SS:3
FR:2480
ME:356
MA:353
KE:9
KA:13
DF_END

Data arrived...
DF_BEGIN
IQ:0,0,11,-103,-146
IQ:1,8,11,-136,114
IQ:2,16,11,117,128
IQ:3,24,11,109,-138
IQ:4,32,11,-143,-90
IQ:5,40,11,-87,150
IQ:6,48,11,154,71
IQ:7,56,11,49,-166
IQ:8,72,12,-19,27
IQ:9,80,255,46,-18
IQ:10,88,1,-32,-71
IQ:11,96,255,-71,44
IQ:12,104,2,57,63
IQ:13,112,255,41,-81
IQ:14,120,10,-155,-76
IQ:15,128,255,-91,134
IQ:16,136,3,95,99
IQ:17,144,255,64,-50
IQ:18,152,9,-69,53
IQ:19,160,255,41,112
IQ:20,168,4,114,12
IQ:21,176,255,15,-118
IQ:22,184,8,-144,-20
IQ:23,192,255,-13,105
IQ:24,200,7,67,-64
IQ:25,208,255,-45,-104
IQ:26,216,6,-92,18
IQ:27,224,255,45,78
IQ:28,232,5,83,-93
IQ:29,240,255,-74,-104
IQ:30,248,12,-34,-9
IQ:31,256,255,37,21
IQ:32,264,1,44,-59
IQ:33,272,255,-67,-44
IQ:34,280,2,-40,75
IQ:35,288,255,122,25
SW:2
RR:3
SS:3
FR:2480
ME:356
MA:359
KE:8
KA:10
DF_END

Data arrived...
DF_BEGIN
IQ:0,0,11,24,-155
IQ:1,8,11,-189,-36
IQ:2,16,11,-1,220
IQ:3,24,11,185,-55
IQ:4,32,11,-42,-131
IQ:5,40,11,-170,80
IQ:6,48,11,73,122
IQ:7,56,11,154,-45
IQ:8,72,12,-233,-25
IQ:9,80,255,-97,252
IQ:10,88,1,116,145
IQ:11,96,255,71,6
IQ:12,104,2,54,-82
IQ:13,112,255,-58,-10
IQ:14,120,10,-213,-51
IQ:15,128,255,-142,85
IQ:16,136,3,-71,150
IQ:17,144,255,124,54
IQ:1