DF_END

Data arrived...
DF_BEGIN
IQ:0,0,11,-45,166
IQ:1,8,11,165,34
IQ:2,16,11,14,-169
IQ:3,24,11,-165,12
IQ:4,32,11,15,167
IQ:5,40,11,167,-30
IQ:6,48,11,-36,-168
IQ:7,56,11,-162,53
IQ:8,72,12,121,-63
IQ:9,80,255,-71,-118
IQ:10,88,1,-78,66
IQ:11,96,255,84,59
IQ:12,104,2,36,-148
IQ:13,112,255,-162,-39
IQ:14,120,10,-77,192
IQ:15,128,255,175,75
IQ:16,136,3,66,-142
IQ:17,144,255,-122,-23
IQ:18,152,9,62,149
IQ:19,160,255,175,-56
IQ:20,168,4,-15,-177
IQ:21,176,255,-162,33
IQ:22,184,8,54,113
IQ:23,192,255,110,-76
IQ:24,200,7,-108,-115
IQ:25,208,255,-118,118
IQ:26,216,6,114,109
IQ:27,224,255,89,-139
IQ:28,232,5,-183,-108
IQ:29,240,255,-116,163
IQ:30,248,12,113,80
IQ:31,256,255,71,-116
IQ:32,264,1,-102,-47
IQ:33,272,255,-21,105
IQ:34,280,2,142,-35
IQ:35,288,255,-45,-171
SW:2
RR:3
SS:3
FR:2402
ME:359
MA:5
KE:9
KA:14
DF_END

Data arrived...
DF_BEGIN
IQ:0,0,11,-167,-11
IQ:1,8,11,14,166
IQ:2,16,11,163,-14
IQ:3,24,11,-29,-162
IQ:4,32,11,-158,46
IQ:5,40,11,69,149
IQ:6,48,11,150,-79
IQ:7,56,11,-90,-138
IQ:8,72,12,85,104
IQ:9,80,255,86,-99
IQ:10,88,1,-91,-58
IQ:11,96,255,-35,106
IQ:12,104,2,145,3
IQ:13,112,255,-19,-173
IQ:14,120,10,-202,-11
IQ:15,128,255,-27,192
IQ:16,136,3,162,44
IQ:17,144,255,-3,-126
IQ:18,152,9,-131,91
IQ:19,160,255,95,158
IQ:20,168,4,171,-58
IQ:21,176,255,-54,-150
IQ:22,184,8,-102,69
IQ:23,192,255,95,98
IQ:24,200,7,94,-119
IQ:25,208,255,-137,-81
IQ:26,216,6,-81,137
IQ:27,224,255,157,62
IQ:28,232,5,65,-199
IQ:29,240,255,-183,-76
IQ:30,248,12,-57,119
IQ:31,256,255,128,37
IQ:32,264,1,15,-113
IQ:33,272,255,-117,13
IQ:34,280,2,55,135
IQ:35,288,255,156,-64
SW:2
RR:3
SS:3
FR:2402
ME:359
MA:359
KE:8
KA:12
DF_END

Data arrived...
DF_BEGIN
IQ:0,0,11,-4,76
IQ:1,8,11,72,28
IQ:2,16,11,-28,-104
IQ:3,24,11,-121,71
IQ:4,32,11,86,93
IQ:5,40,11,98,-106
IQ:6,48,11,-127,-131
IQ:7,56,11,-110,211
IQ:8,72,12,-33,-112
IQ:9,80,255,40,-26
IQ:10,88,1,-146,123
IQ:11,96,255,194,-4
IQ:12,104,2,20,-99
IQ:13,112,255,-187,58
IQ:14,120,10,140,177
IQ:15,128,255,147,-36
IQ:16,136,3,-114,-187
IQ:17,144,255,-54,30
IQ:18,152,9,-46,-29
IQ:19,160,255,114,-90
IQ:20,168,4,-105,62
IQ:21,176,255,6,-2
IQ:22,184,8,27,84
IQ:23,192,255,131,-240
IQ:24,200,7,-315,124
IQ:25,208,255,323,196
IQ:26,216,6,44,-183
IQ:27,224,255,-11,-53
IQ:28,232,5,-138,31
IQ:29,240,255,68,167
IQ:30,248,12,-75,-64
IQ:31,256,255,141,129
IQ:32,264,1,-103,-129
IQ:33,272,255,29,92
IQ:34,280,2,115,-37
IQ:35,288,255,-203,-118
SW:2
RR:3
SS:3
FR:2480
ME:61
MA:226
KE:13
KA:6
DF_END

Data arrived...
DF_BEGIN
IQ:0,0,11,87,-34
IQ:1,8,11,-49,-102
IQ:2,16,11,-65,67
IQ:3,24,11,90,113
IQ:4,32,11,83,-92
IQ:5,40,11,-90,-82
IQ:6,48,11,-97,66
IQ:7,56,11,86,10
IQ:8,72,12,-61,-127
IQ:9,80,255,-112,40
IQ:10,88,1,-9,79
IQ:11,96,255,36,6
IQ:12,104,2,16,-30
IQ:13,112,255,90,-109
IQ:14,120,10,-21,-128
IQ:15,128,255,-94,-64
IQ:16,136,3,-144,22
IQ:17,144,255,37,52
IQ:18,152,9,-13,22
IQ:19,160,255,-23,57
IQ:20,168,4,-62,138
IQ:21,176,255,90,72
IQ:22,184,8,54,-13
IQ:23,192,255,25,-10
IQ:24,200,7,21,-57
IQ:25,208,255,-6,-55
IQ:26,216,6,-1,-41
IQ:27,224,255,-34,160
IQ:28,232,5,55,-28
IQ:29,240,255,56,-115
IQ:30,248,12,99,-105
IQ:31,256,255,-54,-135
IQ:32,264,1,-70,25
IQ:33,272,255,-16,46
IQ:34,280,2,10,47
IQ:35,288,255,-14,58
SW:2
RR:3
SS:3
FR:2426
ME:44
MA:147
KE:17
KA:16
DF_END

Data arrived...
DF_BEGIN
IQ:0,0,11,150,10
IQ:1,8,11,-7,-150
IQ:2,16,11,-154,17
IQ:3,24,11,29,143
IQ:4,32,11,137,-54
IQ:5,40,11,-60,-148
IQ:6,48,11,-127,61
IQ:7,56,11,91,117
IQ:8,72,12,0,-208
IQ:9,80,255,-168,-31
IQ:10,88,1,-46,112
IQ:11,96,255,69,43
IQ:12,104,2,13,-17
IQ:13,112,255,16,-30
IQ:14,120,10,24,-131
IQ:15,128,255,-114,-107
IQ:16,136,3,-161,-35
IQ:17,144,255,-71,99
IQ:18,152,9,-6,24
IQ:19,160,255,-49,19
IQ:20,168,4,-101,145
IQ:21,176,255,82,131
IQ:22,184,8,70,46
IQ:23,192,255,37,-49
IQ:24,200,7,37,-98
IQ:25,208,255,-33,-66
IQ:26,216,6,25,-63
IQ:27,224,255,-29,-22
IQ:28,232,5,47,31
IQ:29,240,255,122,-28
IQ:30,248,12,188,-98
IQ:31,256,255,-45,-157
IQ:32,264,1,-115,10
IQ:33,272,255,-4,82
IQ:34,280,2,24,11
IQ:35,288,255,-17,31
SW:2
RR:3
SS:3
FR:2426
ME:41
MA:147
KE:20
KA:32
DF_END

Data arrived...
DF_BEGIN
IQ:0,0,11,163,27
IQ:1,8,11,-17,-166
IQ:2,16,11,-173,21
IQ:3,24,11,21,166
IQ:4,32,11,162,-39
IQ:5,40,11,-68,-153
IQ:6,48,11,-152,79
IQ:7,56,11,83,151
IQ:8,72,12,-71,-118
IQ:9,80,255,-93,81
IQ:10,88,1,84,61
IQ:11,96,255,38,-111
IQ:12,104,2,-152,-7
IQ:13,112,255,-16,175
IQ:14,120,10,192,33
IQ:15,128,255,37,-193
IQ:16,136,3,-154,-39
IQ:17,144,255,3,126
IQ:18,152,9,145,-78
IQ:19,160,255,-78,-171
IQ:20,168,4,-169,46
IQ:21,176,255,61,141
IQ:22,184,8,97,-78
IQ:23,192,255,-106,-93
IQ:24,200,7,-97,121
IQ:25,208,255,135,100
IQ:26,216,6,104,-125
IQ:27,224,255,-143,-84
IQ:28,232,5,-88,188
IQ:29,240,255,178,94
IQ:30,248,12,55,-122
IQ:31,256,255,-121,-50
IQ:32,264,1,-25,103
IQ:33,272,255,105,-17
IQ:34,280,2,-59,-142
IQ:35,288,255,-160,62
SW:2
RR:3
SS:3
FR:2402
ME:359
MA:5
KE:18
KA:26
DF_END

Data arrived...
DF_BEGIN
IQ:0,0,11,-54,-140
IQ:1,8,11,-132,74
IQ:2,16,11,79,130
IQ:3,24,11,113,-99
IQ:4,32,11,-106,-107
IQ:5,40,11,-85,111
IQ:6,48,11,135,55
IQ:7,56,11,63,-149
IQ:8,72,12,-20,38
IQ:9,80,255,37,-12
IQ:10,88,1,-26,-70
IQ:11,96,255,-66,24
IQ:12,104,2,41,63
IQ:13,112,255,50,-70
IQ:14,120,10,-114,-76
IQ:15,128,255,-94,116
IQ:16,136,3,54,95
IQ:17,144,255,58,-39
IQ:18,152,9,-80,26
IQ:19,160,255,14,101
IQ:20,168,4,84,24
IQ:21,176,255,15,-95
IQ:22,184,8,-126,-41
IQ:23,192,255,-23,100
IQ:24,200,7,76,-40
IQ:25,208,255,-36,-98
IQ:26,216,6,-88,8
IQ:27,224,255,25,70
IQ:28,232,5,72,-60
IQ:29,240,255,-47,-93
IQ:30,248,12,-50,-2
IQ:31,256,255,32,34
IQ:32,264,1,45,-60
IQ:33,272,255,-63,-46
IQ:34,280,2,-41,70
IQ:35,288,255,100,38
SW:2
RR:3
SS:3
FR:2480
ME:359
MA:353
KE:16
KA:18
DF_END

Data arrived...
DF_BEGIN
IQ:0,0,11,-165,-114
IQ:1,8,11,-95,177
IQ:2,16,11,171,86
IQ:3,24,11,59,-186
IQ:4,32,11,-185,-33
IQ:5,40,11,-23,202
IQ:6,48,11,204,2
IQ:7,56,11,-11,-200
IQ:8,72,12,-1,61
IQ:9,80,255,48,-49
IQ:10,88,1,-90,-72
IQ:11,96,255,-55,86
IQ:12,104,2,92,44
IQ:13,112,255,20,-120
IQ:14,120,10,-184,-22
IQ:15,128,255,-34,184
IQ:16,136,3,133,62
IQ:17,144,255,45,-90
IQ:18,152,9,-58,76
IQ:19,160,255,92,98
IQ:20,168,4,115,-36
IQ:21,176,255,-56,-116
IQ:22,184,8,-158,48
IQ:23,192,255,52,129
IQ:24,200,7,71,-107
IQ:25,208,255,-99,-88
IQ:26,216,6,-90,76
IQ:27,224,255,82,61
IQ:28,232,5,66,-112
IQ:29,240,255,-110,-78
IQ:30,248,12,-54,27
IQ:31,256,255,65,19
IQ:32,264,1,24,-98
IQ:33,272,255,-109,-14
IQ:34,280,2,-12,98
IQ:35,288,255,140,-20
SW:2
RR:3
SS:3
FR:2480
ME:356
MA:353
KE:14
KA:12
DF_END

Data arrived...
DF_BEGIN
IQ:0,0,11,13,-171
IQ:1,8,11,-175,8
IQ:2,16,11,15,173
IQ:3,24,11,165,-36
IQ:4,32,11,-51,-159
IQ:5,40,11,-156,79
IQ:6,48,11,91,148
IQ:7,56,11,133,-97
IQ:8,72,12,-232,-27
IQ:9,80,255,-48,181
IQ:10,88,1,127,71
IQ:11,96,255,63,-66
IQ:12,104,2,-11,-29
IQ:13,112,255,-33,-31
IQ:14,120,10,-161,-49
IQ:15,128,255,-133,126
IQ:16,136,3,-54,190
IQ:17,144,255,114,83
IQ:18,152,9,30,15
IQ:19,160,255,42,61
IQ:20,168,4,191,133
IQ:21,176,255,144,-108
IQ:22,184,8,41,-54
IQ:23,192,255,-51,-44
IQ:24,200,7,-117,-48
IQ:25,208,255,-83,27
IQ:26,216,6,-71,-45
IQ:27,224,255,-10,29
IQ:28,232,5,48,-74
IQ:29,240,255,-35,-143
IQ:30,248,12,-88,-217
IQ:31,256,255,-179,48
IQ:32,264,1,6,142
IQ:33,272,255,100,14
IQ:34,280,2,13,-25
IQ:35,288,255,42,10
SW:2
RR:3
SS:3
FR:2426
ME:44
MA:147
KE:17
KA:25
DF_END

Data arrived...
DF_BEGIN
IQ:0,0,11,159,44
IQ:1,8,11,23,-167
IQ:2,16,11,-164,-12
IQ:3,24,11,3,171
IQ:4,32,11,162,-27
IQ:5,40,11,-48,-157
IQ:6,48,11,-153,65
IQ:7,56,11,80,150
IQ:8,72,12,-55,-130
IQ:9,80,255,-113,63
IQ:10,88,1,75,76
IQ:11,96,255,49,-101
IQ:12,104,2,-145,-32
IQ:13,112,255,-14,174
IQ:14,120,10,192,58
IQ:15,128,255,52,-191
IQ:16,136,3,-150,-65
IQ:17,144,255,-8,121
IQ:18,152,9,146,-66
IQ:19,160,255,-75,-172
IQ:20,168,4,-178,14
IQ:21,176,255,30,152
IQ:22,184,8,102,-67
IQ:23,192,255,-94,-98
IQ:24,200,7,-114,108
IQ:25,208,255,122,104
IQ:26,216,6,107,-120
IQ:27,224,255,-152,-82
IQ:28,232,5,-93,187
IQ:29,240,255,176,106
IQ:30,248,12,69,-116
IQ:31,256,255,-116,-48
IQ:32,264,1,-30,109
IQ:33,272,255,111,-2
IQ:34,280,2,-40,-134
IQ:35,288,255,-164,48
SW:2
RR:3
SS:3
FR:2402
ME:359
MA:353
KE:16
KA:17
DF_END

Data arrived...
DF_BEGIN
IQ:0,0,11,-112,109
IQ:1,8,11,120,98
IQ:2,16,11,74,-122
IQ:3,24,11,-138,-72
IQ:4,32,11,-72,143
IQ:5,40,11,133,61
IQ:6,48,11,32,-145
IQ:7,56,11,-148,-14
IQ:8,72,12,47,10
IQ:9,80,255,-21,-41
IQ:10,88,1,-66,49
IQ:11,96,255,56,62
IQ:12,104,2,45,-53
IQ:13,112,255,-76,-30
IQ:14,120,10,-49,139
IQ:15,128,255,121,74
IQ:16,136,3,64,-87
IQ:17,144,255,-64,-40
IQ:18,152,9,40,60
IQ:19,160,255,84,-37
IQ:20,168,4,4,-84
IQ:21,176,255,-98,16
IQ:22,184,8,6,125
IQ:23,192,255,97,-7
IQ:24,200,7,-62,-65
IQ:25,208,255,-91,65
IQ:26,216,6,39,86
IQ:27,224,255,57,-50
IQ:28,232,5,-84,-50
IQ:29,240,255,-85,73
IQ:30,248,12,14,51
IQ:31,256,255,25,-40
IQ:32,264,1,-73,-24
IQ:33,272,255,-25,76
IQ:34,280,2,74,25
IQ:35,288,255,9,-102
SW:2
RR:3
SS:3
FR:2480
ME:356
MA:5
KE:13
KA:14
DF_END

Data arrived...
DF_BEGIN
IQ:0,0,11,84,133
IQ:1,8,11,106,-110
IQ:2,16,11,-113,-134
IQ:3,24,11,-118,104
IQ:4,32,11,126,95
IQ:5,40,11,87,-136
IQ:6,48,11,-151,-56
IQ:7,56,11,-43,155
IQ:8,72,12,191,-123
IQ:9,80,255,-82,-173
IQ:10,88,1,-143,11
IQ:11,96,255,-14,98
IQ:12,104,2,24,17
IQ:13,112,255,51,14
IQ:14,120,10,164,-59
IQ:15,128,255,23,-190
IQ:16,136,3,-69,-155
IQ:17,144,255,-135,7
IQ:18,152,9,-39,-8
IQ:19,160,255,-82,-31
IQ:20,168,4,-225,28
IQ:21,176,255,-69,180
IQ:22,184,8,-23,71
IQ:23,192,255,62,10
IQ:24,200,7,123,-25
IQ:25,208,255,52,-83
IQ:26,216,6,66,-20
IQ:27,224,255,-5,-28
IQ:28,232,5,20,101
IQ:29,240,255,123,70
IQ:30,248,12,216,128
IQ:31,256,255,131,-134
IQ:32,264,1,-66,-118
IQ:33,272,255,-86,31
IQ:34,280,2,-7,18
IQ:35,288,255,-35,38
SW:2
RR:3
SS:3
FR:2426
ME:41
MA:147
KE:16
KA:28
DF_END

Data arrived...
DF_BEGIN
IQ:0,0,11,-144,104
IQ:1,8,11,110,126
IQ:2,16,11,119,-127
IQ:3,24,11,-131,-110
IQ:4,32,11,-94,140
IQ:5,40,11,158,77
IQ:6,48,11,56,-155
IQ:7,56,11,-169,-37
IQ:8,72,12,136,29
IQ:9,80,255,17,-132
IQ:10,88,1,-113,7
IQ:11,96,255,35,104
IQ:12,104,2,116,-93
IQ:13,112,255,-122,-133
IQ:14,120,10,-172,113
IQ:15,128,255,102,174
IQ:16,136,3,149,-66
IQ:17,144,255,-88,-91
IQ:18,152,9,-37,163
IQ:19,160,255,184,52
IQ:20,168,4,95,-157
IQ:21,176,255,-146,-76
IQ:22,184,8,-24,126
IQ:23,192,255,134,4
IQ:24,200,7,-18,-160
IQ:25,208,255,-171,19
IQ:26,216,6,19,166
IQ:27,224,255,163,-55
IQ:28,232,5,-75,-199
IQ:29,240,255,-194,68
IQ:30,248,12,33,126
IQ:31,256,255,116,-61
IQ:32,264,1,-62,-99
IQ:33,272,255,-79,74
IQ:34,280,2,133,62
IQ:35,288,255,66,-167
SW:2
RR:3
SS:3
FR:2402
ME:359
MA:353
KE:15
KA:20
DF_END

Data arrived...
DF_BEGIN
IQ:0,0,11,-58,150
IQ:1,8,11,156,22
IQ:2,16,11,9,-164
IQ:3,24,11,-167,-10
IQ:4,32,11,4,174
IQ:5,40,11,166,-22
IQ:6,48,11,-22,-166
IQ:7,56,11,-157,45
IQ:8,72,12,125,-44
IQ:9,80,255,-64,-104
IQ:10,88,1,-80,69
IQ:11,96,255,90,55
IQ:12,104,2,35,-149
IQ:13,112,255,-166,-41
IQ:14,120,10,-79,181
IQ:15,128,255,179,82
IQ:16,136,3,77,-136
IQ:17,144,255,-122,-27
IQ:18,152,9,47,158
IQ:19,160,255,177,-60
IQ:20,168,4,-25,-182
IQ:21,176,255,-153,25
IQ:22,184,8,58,114
IQ:23,192,255,111,-79
IQ:24,200,7,-99,-124
IQ:25,208,255,-127,106
IQ:26,216,6,104,116
IQ:27,224,255,110,-131
IQ:28,232,5,-160,-127
IQ:29,240,255,-112,160
IQ:30,248,12,99,87
IQ:31,256,255,72,-108
IQ:32,264,1,-96,-33
IQ:33,272,255,4,113
IQ:34,280,2,144,-33
IQ:35,288,255,-33,-173
SW:2
RR:3
SS:3
FR:2402
ME:359
MA:5
KE:13
KA:16
DF_END

Data arrived...
DF_BEGIN
IQ:0,0,11,-48,143
IQ:1,8,11,146,36
IQ:2,16,11,31,-137
IQ:3,24,11,-151,-14
IQ:4,32,11,10,153
IQ:5,40,11,150,-19
IQ:6,48,11,-42,-142
IQ:7,56,11,-141,56
IQ:8,72,12,49,-12
IQ:9,80,255,-37,-29
IQ:10,88,1,-40,62
IQ:11,96,255,77,31
IQ:12,104,2,13,-80
IQ:13,112,255,-78,3
IQ:14,120,10,22,137
IQ:15,128,255,140,-5
IQ:16,136,3,13,-111
IQ:17,144,255,-65,-22
IQ:18,152,9,67,24
IQ:19,160,255,55,-78
IQ:20,168,4,-48,-78
IQ:21,176,255,-81,53
IQ:22,184,8,69,100
IQ:23,192,255,88,-59
IQ:24,200,7,-86,-34
IQ:25,208,255,-48,87
IQ:26,216,6,73,46
IQ:27,224,255,35,-73
IQ:28,232,5,-96,-11
IQ:29,240,255,-42,101
IQ:30,248,12,30,38
IQ:31,256,255,5,-51
IQ:32,264,1,-76,6
IQ:33,272,255,6,77
IQ:34,280,2,72,-25
IQ:35,288,255,-44,-106
SW:2
RR:3
SS:3
FR:2480
ME:356
MA:353
KE:11
KA:11
DF_END

Data arrived...
DF_BEGIN
IQ:0,0,11,-184,13
IQ:1,8,11,44,118
IQ:2,16,11,118,-35
IQ:3,24,11,-59,-116
IQ:4,32,11,-120,76
IQ:5,40,11,83,104
IQ:6,48,11,85,-93
IQ:7,56,11,-95,-111
IQ:8,72,12,40,178
IQ:9,80,255,150,0
IQ:10,88,1,-41,31
IQ:11,96,255,-57,-70
IQ:12,104,2,-41,-6
IQ:13,112,255,-97,30
IQ:14,120,10,6,99
IQ:15,128,255,133,87
IQ:16,136,3,153,3
IQ:17,144,255,95,72
IQ:18,152,9,9,-39
IQ:19,160,255,66,-29
IQ:20,168,4,65,-152
IQ:21,176,255,-113,-168
IQ:22,184,8,-48,-33
IQ:23,192,255,-13,49
IQ:24,200,7,-1,97
IQ:25,208,255,54,69
IQ:26,216,6,6,48
IQ:27,224,255,30,-4
IQ:28,232,5,-172,16
IQ:29,240,255,-83,95
IQ:30,248,12,-156,115
IQ:31,256,255,58,132
IQ:32,264,1,72,-38
IQ:33,272,255,0,-69
IQ:34,280,2,-32,-14
IQ:35,288,255,24,-76
SW:2
RR:3
SS:3
FR:2426
ME:44
MA:147
KE:14
KA:22
DF_END

Data arrived...
DF_BEGIN
IQ:0,0,11,-97,-133
IQ:1,8,11,-126,107
IQ:2,16,11,123,119
IQ:3,24,11,110,-131
IQ:4,32,11,-136,-101
IQ:5,40,11,-89,135
IQ:6,48,11,152,60
IQ:7,56,11,43,-166
IQ:8,72,12,-41,131
IQ:9,80,255,132,2
IQ:10,88,1,-17,-110
IQ:11,96,255,-113,38
IQ:12,104,2,85,123
IQ:13,112,255,128,-113
IQ:14,120,10,-109,-173
IQ:15,128,255,-174,102
IQ:16,136,3,65,157
IQ:17,144,255,105,-83
IQ:18,152,9,-158,-58
IQ:19,160,255,-66,179
IQ:20,168,4,146,97
IQ:21,176,255,73,-152
IQ:22,184,8,-127,-40
IQ:23,192,255,-15,142
IQ:24,200,7,152,-21
IQ:25,208,255,-25,-167
IQ:26,216,6,-171,12
IQ:27,224,255,38,164
IQ:28,232,5,194,-72
IQ:29,240,255,-57,-203
IQ:30,248,12,-134,22
IQ:31,256,255,51,122
IQ:32,264,1,93,-58
IQ:33,272,255,-88,-74
IQ:34,280,2,-68,142
IQ:35,288,255,160,66
SW:2
RR:3
SS:3
FR:2402
ME:359
MA:5
KE:12
KA:18
DF_END

Data arrived...
DF_BEGIN
IQ:0,0,11,-144,-11
IQ:1,8,11,1,137
IQ:2,16,11,152,-22
IQ:3,24,11,-30,-144
IQ:4,32,11,-144,44
IQ:5,40,11,59,135
IQ:6,48,11,127,-79
IQ:7,56,11,-89,-123
IQ:8,72,12,23,38
IQ:9,80,255,18,-42
IQ:10,88,1,-75,-20
IQ:11,96,255,-9,67
IQ:12,104,2,82,-8
IQ:13,112,255,-27,-80
IQ:14,120,10,-128,59
IQ:15,128,255,41,140
IQ:16,136,3,114,-9
IQ:17,144,255,1,-78
IQ:18,152,9,-6,69
IQ:19,160,255,94,34
IQ:20,168,4,70,-62
IQ:21,176,255,-78,-66
IQ:22,184,8,-81,84
IQ:23,192,255,79,69
IQ:24,200,7,17,-85
IQ:25,208,255,-97,-31
IQ:26,216,6,-32,86
IQ:27,224,255,82,20
IQ:28,232,5,-14,-91
IQ:29,240,255,-104,-6
IQ:30,248,12,-28,38
IQ:31,256,255,45,-2
IQ:32,264,1,-25,-69
IQ:33,272,255,-69,26
IQ:34,280,2,40,67
IQ:35,288,255,80,-64
SW:2
RR:3
SS:3
FR:2480
ME:356
MA:353
KE:10
KA:13
DF_END

Data arrived...
DF_BEGIN
IQ:0,0,11,-88,-168
IQ:1,8,11,-172,105
IQ:2,16,11,108,152
IQ:3,24,11,139,-122
IQ:4,32,11,-147,-128
IQ:5,40,11,-123,160
IQ:6,48,11,153,111
IQ:7,56,11,93,-184
IQ:8,72,12,-34,54
IQ:9,80,255,56,-3
IQ:10,88,1,-28,-97
IQ:11,96,255,-93,39
IQ:12,104,2,44,83
IQ:13,112,255,66,-78
IQ:14,120,10,-153,-105
IQ:15,128,255,-131,136
IQ:16,136,3,82,114
IQ:17,144,255,75,-45
IQ:18,152,9,-86,44
IQ:19,160,255,19,124
IQ:20,168,4,98,37
IQ:21,176,255,10,-124
IQ:22,184,8,-161,-33
IQ:23,192,255,-35,132
IQ:24,200,7,103,-42
IQ:25,208,255,-41,-125
IQ:26,216,6,-123,21
IQ:27,224,255,27,95
IQ:28,232,5,94,-78
IQ:29,240,255,-70,-121
IQ:30,248,12,-70,-9
IQ:31,256,255,32,56
IQ:32,264,1,56,-65
IQ:33,272,255,-76,-64
IQ:34,280,2,-54,92
IQ:35,288,255,122,51
SW:2
RR:3
SS:3
FR:2480
ME:356
MA:359
KE:8
KA:10
DF_END

Data arrived...
DF_BEGIN
IQ:0,0,11,8,-128
IQ:1,8,11,-142,49
IQ:2,16,11,-41,138
IQ:3,24,11,104,28
IQ:4,32,11,-4,-135
IQ:5,40,11,-193,18
IQ:6,48,11,62,133
IQ:7,56,11,120,-51
IQ:8,72,12,-222,-19
IQ:9,80,255,-62,119
IQ:10,88,1,88,79
IQ:11,96,255,-52,-27
IQ:12,104,2,31,-39
IQ:13,112,255,-45,-45
IQ:14,120,10,-153,-51
IQ:15,128,255,-120,85
IQ:16,136,3,-52,132
IQ:17,144,255,73,86
IQ:18,152,9,-49,42
IQ:19,160,255,-61,51
IQ:20,168,4,135,123
IQ:21,176,255,112,-82
IQ:22,184,8,86,103
IQ:23,192,255,-37,-64
IQ:24,200,7,-56,-70
IQ:25,208,255,-61,-7
IQ:26,216,6,23,-21
IQ:27,224,255,-14,10
IQ:28,232,5,35,-110
IQ:29,240,255,0,6
IQ:30,248,12,-72,-189
IQ:31,256,255,-160,13
IQ:32,264,1,1,102
IQ:33,272,255,131,-21
IQ:34,280,2,21,-9
IQ:35,288,255,35,11
SW:2
RR:3
SS:3
FR:2426
ME:41
MA:156
KE:11
KA:18
DF_END

Data arrived...
DF_BEGIN
IQ:0,0,11,-37,162
IQ:1,8,11,162,23
IQ:2,16,11,-5,-174
IQ:3,24,11,-175,6
IQ:4,32,11,24,173
IQ:5,40,11,168,-35
IQ:6,48,11,-43,-158
IQ:7,56,11,-148,64
IQ:8,72,12,114,-76
IQ:9,80,255,-83,-104
IQ:10,88,1,-81,72
IQ:11,96,255,100,55
IQ:12,104,2,41,-152
IQ:13,112,255,-171,-33
IQ:14,120,10,-53,196
IQ:15,128,255,194,44
IQ:16,136,3,56,-160
IQ:17,144,255,-134,-12
IQ:18,152,9,65,153
IQ:19,160,255,176,-61
IQ:20,168,4,-28,-180
IQ:21,176,255,-161,45
IQ:22,184,8,72,112
IQ:23,192,255,106,-84
IQ:24,200,7,-122,-105
IQ:25,208,255,-112,126
IQ:26,216,6,121,112
IQ:27,224,255,94,-147
IQ:28,232,5,-181,-107
IQ:29,240,255,-121,166
IQ:30,248,12,110,71
IQ:31,256,255,42,-124
IQ:32,264,1,-109,-32
IQ:33,272,255,8,110
IQ:34,280,2,141,-50
IQ:35,288,255,-66,-159
SW:2
RR:3
SS:3
FR:2402
ME:359
MA:5
KE:10
KA:15
DF_END

Data arrived...