IQ:27,224,255,30,-118
IQ:28,232,5,-27,25
IQ:29,240,255,84,154
IQ:30,248,12,144,58
IQ:31,256,255,62,-129
IQ:32,264,1,-134,-17
IQ:33,272,255,-66,99
IQ:34,280,2,110,10
IQ:35,288,255,-46,-133
SW:2
RR:3
SS:3
FR:2426
ME:10
MA:178
KE:10
KA:168
DF_END

Data arrived...
DF_BEGIN
IQ:0,0,11,-160,6
IQ:1,8,11,26,156
IQ:2,16,11,157,-46
IQ:3,24,11,-57,-147
IQ:4,32,11,-146,66
IQ:5,40,11,82,133
IQ:6,48,11,120,-99
IQ:7,56,11,-122,-102
IQ:8,72,12,109,46
IQ:9,80,255,17,-57
IQ:10,88,1,-94,41
IQ:11,96,255,0,86
IQ:12,104,2,-21,85
IQ:13,112,255,20,93
IQ:14,120,10,4,188
IQ:15,128,255,173,-45
IQ:16,136,3,55,-340
IQ:17,144,255,-152,-41
IQ:18,152,9,239,45
IQ:19,160,255,87,-202
IQ:20,168,4,-152,-106
IQ:21,176,255,-98,75
IQ:22,184,8,-22,-81
IQ:23,192,255,-89,2
IQ:24,200,7,-7,185
IQ:25,208,255,173,65
IQ:26,216,6,68,-14
IQ:27,224,255,-85,-2
IQ:28,232,5,-70,253
IQ:29,240,255,144,168
IQ:30,248,12,22,126
IQ:31,256,255,46,-9
IQ:32,264,1,-72,-53
IQ:33,272,255,-71,47
IQ:34,280,2,-72,33
IQ:35,288,255,-9,10
SW:2
RR:3
SS:3
FR:2402
ME:27
MA:161
KE:12
KA:167
DF_END

Data arrived...
DF_BEGIN
IQ:0,0,11,-29,-154
IQ:1,8,11,-150,50
IQ:2,16,11,70,134
IQ:3,24,11,119,-100
IQ:4,32,11,-110,-126
IQ:5,40,11,-118,113
IQ:6,48,11,116,98
IQ:7,56,11,88,-128
IQ:8,72,12,-77,88
IQ:9,80,255,79,34
IQ:10,88,1,17,-112
IQ:11,96,255,-96,-10
IQ:12,104,2,18,76
IQ:13,112,255,46,-57
IQ:14,120,10,-175,-120
IQ:15,128,255,-135,125
IQ:16,136,3,86,81
IQ:17,144,255,43,-69
IQ:18,152,9,-121,41
IQ:19,160,255,27,135
IQ:20,168,4,134,16
IQ:21,176,255,26,-100
IQ:22,184,8,-41,70
IQ:23,192,255,53,65
IQ:24,200,7,45,-58
IQ:25,208,255,-62,-69
IQ:26,216,6,-78,16
IQ:27,224,255,29,52
IQ:28,232,5,42,-75
IQ:29,240,255,-85,-84
IQ:30,248,12,-112,5
IQ:31,256,255,15,90
IQ:32,264,1,94,-40
IQ:33,272,255,-47,-79
IQ:34,280,2,-54,58
IQ:35,288,255,90,41
SW:2
RR:3
SS:3
FR:2480
ME:10
MA:167
KE:12
KA:167
DF_END

Data arrived...
DF_BEGIN
IQ:0,0,11,-8,-185
IQ:1,8,11,-186,16
IQ:2,16,11,32,183
IQ:3,24,11,182,-47
IQ:4,32,11,-50,-182
IQ:5,40,11,-156,84
IQ:6,48,11,104,150
IQ:7,56,11,150,-117
IQ:8,72,12,-176,144
IQ:9,80,255,145,120
IQ:10,88,1,118,-160
IQ:11,96,255,-142,-93
IQ:12,104,2,-22,101
IQ:13,112,255,114,-46
IQ:14,120,10,-104,-255
IQ:15,128,255,-247,71
IQ:16,136,3,101,190
IQ:17,144,255,158,-55
IQ:18,152,9,-114,-26
IQ:19,160,255,-33,168
IQ:20,168,4,231,93
IQ:21,176,255,131,-179
IQ:22,184,8,-40,42
IQ:23,192,255,46,104
IQ:24,200,7,133,-29
IQ:25,208,255,-37,-171
IQ:26,216,6,-169,-36
IQ:27,224,255,-35,111
IQ:28,232,5,70,-87
IQ:29,240,255,-110,-172
IQ:30,248,12,-219,-71
IQ:31,256,255,-24,180
IQ:32,264,1,196,-30
IQ:33,272,255,-10,-176
IQ:34,280,2,-100,39
IQ:35,288,255,87,105
SW:2
RR:3
SS:3
FR:2426
ME:10
MA:175
KE:11
KA:168
DF_END

Data arrived...
DF_BEGIN
IQ:0,0,11,-30,184
IQ:1,8,11,189,18
IQ:2,16,11,-5,-187
IQ:3,24,11,-192,30
IQ:4,32,11,42,191
IQ:5,40,11,190,-68
IQ:6,48,11,-78,-170
IQ:7,56,11,-160,103
IQ:8,72,12,98,-120
IQ:9,80,255,-58,-49
IQ:10,88,1,18,114
IQ:11,96,255,91,32
IQ:12,104,2,105,41
IQ:13,112,255,114,-26
IQ:14,120,10,207,27
IQ:15,128,255,-7,-199
IQ:16,136,3,-381,-107
IQ:17,144,255,-93,154
IQ:18,152,9,85,-273
IQ:19,160,255,-211,-156
IQ:20,168,4,-150,146
IQ:21,176,255,36,123
IQ:22,184,8,-107,33
IQ:23,192,255,-2,124
IQ:24,200,7,229,11
IQ:25,208,255,85,-196
IQ:26,216,6,-7,-89
IQ:27,224,255,-4,94
IQ:28,232,5,293,113
IQ:29,240,255,216,-155
IQ:30,248,12,161,15
IQ:31,256,255,-5,-65
IQ:32,264,1,-88,83
IQ:33,272,255,23,95
IQ:34,280,2,25,107
IQ:35,288,255,7,6
SW:2
RR:3
SS:3
FR:2402
ME:30
MA:164
KE:13
KA:167
DF_END

Data arrived...
DF_BEGIN
IQ:0,0,11,176,32
IQ:1,8,11,-13,-194
IQ:2,16,11,-198,0
IQ:3,24,11,25,187
IQ:4,32,11,182,-46
IQ:5,40,11,-68,-181
IQ:6,48,11,-169,79
IQ:7,56,11,97,158
IQ:8,72,12,-120,-100
IQ:9,80,255,-35,36
IQ:10,88,1,114,-17
IQ:11,96,255,14,-95
IQ:12,104,2,41,-102
IQ:13,112,255,-16,-98
IQ:14,120,10,29,-217
IQ:15,128,255,-196,14
IQ:16,136,3,-105,377
IQ:17,144,255,168,50
IQ:18,152,9,-257,-68
IQ:19,160,255,-144,236
IQ:20,168,4,151,125
IQ:21,176,255,124,-72
IQ:22,184,8,26,121
IQ:23,192,255,116,3
IQ:24,200,7,7,-219
IQ:25,208,255,-186,-84
IQ:26,216,6,-91,4
IQ:27,224,255,96,-7
IQ:28,232,5,112,-303
IQ:29,240,255,-180,-218
IQ:30,248,12,17,-157
IQ:31,256,255,-42,-14
IQ:32,264,1,66,78
IQ:33,272,255,93,-26
IQ:34,280,2,119,-20
IQ:35,288,255,13,-21
SW:2
RR:3
SS:3
FR:2402
ME:30
MA:164
KE:15
KA:167
DF_END

Data arrived...
DF_BEGIN
IQ:0,0,11,-85,-132
IQ:1,8,11,-121,101
IQ:2,16,11,114,106
IQ:3,24,11,81,-131
IQ:4,32,11,-135,-78
IQ:5,40,11,-71,142
IQ:6,48,11,146,55
IQ:7,56,11,32,-154
IQ:8,72,12,-15,113
IQ:9,80,255,90,-1
IQ:10,88,1,-21,-106
IQ:11,96,255,-89,19
IQ:12,104,2,38,72
IQ:13,112,255,16,-73
IQ:14,120,10,-214,-54
IQ:15,128,255,-85,167
IQ:16,136,3,105,45
IQ:17,144,255,14,-74
IQ:18,152,9,-91,88
IQ:19,160,255,73,125
IQ:20,168,4,131,-31
IQ:21,176,255,-6,-101
IQ:22,184,8,-8,77
IQ:23,192,255,75,34
IQ:24,200,7,16,-76
IQ:25,208,255,-89,-42
IQ:26,216,6,-62,55
IQ:27,224,255,44,43
IQ:28,232,5,23,-81
IQ:29,240,255,-105,-45
IQ:30,248,12,-107,46
IQ:31,256,255,51,68
IQ:32,264,1,70,-82
IQ:33,272,255,-69,-56
IQ:34,280,2,-30,74
IQ:35,288,255,101,4
SW:2
RR:3
SS:3
FR:2480
ME:10
MA:161
KE:14
KA:166
DF_END

Data arrived...
DF_BEGIN
IQ:0,0,11,96,-122
IQ:1,8,11,-129,-83
IQ:2,16,11,-75,136
IQ:3,24,11,144,52
IQ:4,32,11,42,-167
IQ:5,40,11,-150,-27
IQ:6,48,11,0,156
IQ:7,56,11,160,-11
IQ:8,72,12,-109,3
IQ:9,80,255,20,85
IQ:10,88,1,95,-49
IQ:11,96,255,-50,-80
IQ:12,104,2,-49,60
IQ:13,112,255,71,7
IQ:14,120,10,-4,-218
IQ:15,128,255,-179,-47
IQ:16,136,3,-18,113
IQ:17,144,255,76,-1
IQ:18,152,9,-111,-67
IQ:19,160,255,-96,107
IQ:20,168,4,78,111
IQ:21,176,255,96,-35
IQ:22,184,8,-78,5
IQ:23,192,255,-15,85
IQ:24,200,7,77,-3
IQ:25,208,255,16,-96
IQ:26,216,6,-61,-48
IQ:27,224,255,-32,59
IQ:28,232,5,84,0
IQ:29,240,255,24,-113
IQ:30,248,12,-69,-93
IQ:31,256,255,-49,65
IQ:32,264,1,96,43
IQ:33,272,255,40,-85
IQ:34,280,2,-80,-11
IQ:35,288,255,19,98
SW:2
RR:3
SS:3
FR:2480
ME:7
MA:161
KE:14
KA:166
DF_END

Data arrived...
DF_BEGIN
IQ:0,0,11,-5,-175
IQ:1,8,11,-179,25
IQ:2,16,11,38,173
IQ:3,24,11,177,-43
IQ:4,32,11,-59,-173
IQ:5,40,11,-165,77
IQ:6,48,11,100,147
IQ:7,56,11,132,-124
IQ:8,72,12,-179,133
IQ:9,80,255,119,122
IQ:10,88,1,98,-157
IQ:11,96,255,-141,-91
IQ:12,104,2,-33,95
IQ:13,112,255,118,-38
IQ:14,120,10,-76,-251
IQ:15,128,255,-226,75
IQ:16,136,3,99,183
IQ:17,144,255,148,-67
IQ:18,152,9,-111,-30
IQ:19,160,255,-32,159
IQ:20,168,4,227,94
IQ:21,176,255,138,-160
IQ:22,184,8,-42,43
IQ:23,192,255,45,107
IQ:24,200,7,125,-30
IQ:25,208,255,-16,-163
IQ:26,216,6,-152,-45
IQ:27,224,255,-35,114
IQ:28,232,5,64,-81
IQ:29,240,255,-101,-157
IQ:30,248,12,-213,-89
IQ:31,256,255,-32,169
IQ:32,264,1,188,-4
IQ:33,272,255,4,-166
IQ:34,280,2,-101,38
IQ:35,288,255,86,103
SW:2
RR:3
SS:3
FR:2426
ME:10
MA:175
KE:13
KA:167
DF_END

Data arrived...
DF_BEGIN
IQ:0,0,11,-101,140
IQ:1,8,11,155,88
IQ:2,16,11,61,-154
IQ:3,24,11,-173,-43
IQ:4,32,11,-34,148
IQ:5,40,11,171,65
IQ:6,48,11,19,-205
IQ:7,56,11,-173,4
IQ:8,72,12,110,-43
IQ:9,80,255,-21,-96
IQ:10,88,1,-47,90
IQ:11,96,255,68,93
IQ:12,104,2,86,44
IQ:13,112,255,95,-4
IQ:14,120,10,153,76
IQ:15,128,255,48,-114
IQ:16,136,3,-222,-229
IQ:17,144,255,-141,83
IQ:18,152,9,132,-178
IQ:19,160,255,-114,-174
IQ:20,168,4,-150,47
IQ:21,176,255,-21,75
IQ:22,184,8,-99,-10
IQ:23,192,255,-20,104
IQ:24,200,7,150,70
IQ:25,208,255,153,-139
IQ:26,216,6,14,-30
IQ:27,224,255,-33,80
IQ:28,232,5,206,171
IQ:29,240,255,198,-44
IQ:30,248,12,116,62
IQ:31,256,255,54,-35
IQ:32,264,1,-101,-12
IQ:33,272,255,-5,110
IQ:34,280,2,-1,108
IQ:35,288,255,26,-8
SW:2
RR:3
SS:3
FR:2402
ME:33
MA:167
KE:15
KA:167
DF_END

Data arrived...
DF_BEGIN
IQ:0,0,11,154,73
IQ:1,8,11,55,-163
IQ:2,16,11,-171,-38
IQ:3,24,11,-29,171
IQ:4,32,11,172,2
IQ:5,40,11,-7,-175
IQ:6,48,11,-174,29
IQ:7,56,11,25,165
IQ:8,72,12,-87,-111
IQ:9,80,255,-59,28
IQ:10,88,1,92,22
IQ:11,96,255,55,-76
IQ:12,104,2,46,-98
IQ:13,112,255,-5,-91
IQ:14,120,10,68,-156
IQ:15,128,255,-154,-44
IQ:16,136,3,-219,245
IQ:17,144,255,87,121
IQ:18,152,9,-177,-126
IQ:19,160,255,-161,124
IQ:20,168,4,79,131
IQ:21,176,255,91,-10
IQ:22,184,8,2,94
IQ:23,192,255,97,10
IQ:24,200,7,38,-192
IQ:25,208,255,-134,-106
IQ:26,216,6,-47,-16
IQ:27,224,255,70,3
IQ:28,232,5,148,-209
IQ:29,240,255,-80,-195
IQ:30,248,12,65,-132
IQ:31,256,255,-46,-30
IQ:32,264,1,32,88
IQ:33,272,255,96,2
IQ:34,280,2,101,-15
IQ:35,288,255,-11,-27
SW:2
RR:3
SS:3
FR:2402
ME:30
MA:164
KE:17
KA:166
DF_END

Data arrived...
DF_BEGIN
IQ:0,0,11,-71,136
IQ:1,8,11,147,53
IQ:2,16,11,44,-149
IQ:3,24,11,-158,-25
IQ:4,32,11,-8,161
IQ:5,40,11,151,-17
IQ:6,48,11,-23,-157
IQ:7,56,11,-155,30
IQ:8,72,12,106,-21
IQ:9,80,255,-42,-78
IQ:10,88,1,-87,69
IQ:11,96,255,58,66
IQ:12,104,2,37,-71
IQ:13,112,255,-77,2
IQ:14,120,10,33,213
IQ:15,128,255,181,3
IQ:16,136,3,2,-119
IQ:17,144,255,-72,8
IQ:18,152,9,123,32
IQ:19,160,255,72,-122
IQ:20,168,4,-88,-93
IQ:21,176,255,-85,59
IQ:22,184,8,77,-20
IQ:23,192,255,-5,-84
IQ:24,200,7,-75,17
IQ:25,208,255,0,93
IQ:26,216,6,71,35
IQ:27,224,255,15,-64
IQ:28,232,5,-82,14
IQ:29,240,255,1,112
IQ:30,248,12,90,75
IQ:31,256,255,43,-76
IQ:32,264,1,-101,-24
IQ:33,272,255,-15,88
IQ:34,280,2,80,-1
IQ:35,288,255,-36,-98
SW:2
RR:3
SS:3
FR:2480
ME:10
MA:161
KE:17
KA:166
DF_END

Data arrived...
DF_BEGIN
IQ:0,0,11,158,-85
IQ:1,8,11,-112,-138
IQ:2,16,11,-121,130
IQ:3,24,11,137,104
IQ:4,32,11,93,-152
IQ:5,40,11,-153,-93
IQ:6,48,11,-75,159
IQ:7,56,11,171,46
IQ:8,72,12,-205,-64
IQ:9,80,255,-38,177
IQ:10,88,1,193,9
IQ:11,96,255,9,-171
IQ:12,104,2,-96,33
IQ:13,112,255,101,70
IQ:14,120,10,157,-222
IQ:15,128,255,-181,-169
IQ:16,136,3,-113,176
IQ:17,144,255,135,86
IQ:18,152,9,-50,-113
IQ:19,160,255,-156,50
IQ:20,168,4,46,244
IQ:21,176,255,216,23
IQ:22,184,8,-72,-11
IQ:23,192,255,-60,100
IQ:24,200,7,102,84
IQ:25,208,255,137,-104
IQ:26,216,6,-36,-156
IQ:27,224,255,-115,24
IQ:28,232,5,108,1
IQ:29,240,255,68,-181
IQ:30,248,12,-50,-222
IQ:31,256,255,-166,69
IQ:32,264,1,108,159
IQ:33,272,255,135,-90
IQ:34,280,2,-87,-57
IQ:35,288,255,-51,119
SW:2
RR:3
SS:3
FR:2426
ME:10
MA:170
KE:16
KA:166
DF_END

Data arrived...
DF_BEGIN
IQ:0,0,11,-156,-89
IQ:1,8,11,-80,163
IQ:2,16,11,172,67
IQ:3,24,11,39,-172
IQ:4,32,11,-182,-17
IQ:5,40,11,-19,185
IQ:6,48,11,181,1
IQ:7,56,11,-19,-177
IQ:8,72,12,12,220
IQ:9,80,255,169,-51
IQ:10,88,1,-78,-173
IQ:11,96,255,-149,70
IQ:12,104,2,73,71
IQ:13,112,255,26,-115
IQ:14,120,10,-261,-46
IQ:15,128,255,-69,234
IQ:16,136,3,207,23
IQ:17,144,255,25,-170
IQ:18,152,9,-79,79
IQ:19,160,255,128,106
IQ:20,168,4,197,-154
IQ:21,176,255,-75,-203
IQ:22,184,8,13,56
IQ:23,192,255,118,19
IQ:24,200,7,30,-126
IQ:25,208,255,-160,-71
IQ:26,216,6,-129,103
IQ:27,224,255,79,88
IQ:28,232,5,-42,-99
IQ:29,240,255,-197,4
IQ:30,248,12,-183,135
IQ:31,256,255,133,119
IQ:32,264,1,104,-161
IQ:33,272,255,-140,-90
IQ:34,280,2,-21,100
IQ:35,288,255,133,-17
SW:2
RR:3
SS:3
FR:2426
ME:10
MA:175
KE:15
KA:167
DF_END

Data arrived...
DF_BEGIN
IQ:0,0,11,90,127
IQ:1,8,11,115,-104
IQ:2,16,11,-121,-111
IQ:3,24,11,-112,123
IQ:4,32,11,130,86
IQ:5,40,11,80,-145
IQ:6,48,11,-150,-76
IQ:7,56,11,-65,149
IQ:8,72,12,-11,-127
IQ:9,80,255,-61,-7
IQ:10,88,1,83,56
IQ:11,96,255,87,-33
IQ:12,104,2,82,-54
IQ:13,112,255,60,-78
IQ:14,120,10,150,-98
IQ:15,128,255,-119,-124
IQ:16,136,3,-284,163
IQ:17,144,255,45,145
IQ:18,152,9,-103,-197
IQ:19,160,255,-210,44
IQ:20,168,4,-8,165
IQ:21,176,255,98,53
IQ:22,184,8,-49,77
IQ:23,192,255,80,78
IQ:24,200,7,150,-141
IQ:25,208,255,-43,-171
IQ:26,216,6,-60,-41
IQ:27,224,255,54,57
IQ:28,232,5,238,-78
IQ:29,240,255,53,-221
IQ:30,248,12,112,-73
IQ:31,256,255,-25,-48
IQ:32,264,1,-3,93
IQ:33,272,255,72,45
IQ:34,280,2,89,55
IQ:35,288,255,22,-7
SW:2
RR:3
SS:3
FR:2402
ME:30
MA:167
KE:17
KA:167
DF_END

Data arrived...
DF_BEGIN
IQ:0,0,11,63,-140
IQ:1,8,11,-148,-57
IQ:2,16,11,-40,147
IQ:3,24,11,154,30
IQ:4,32,11,7,-156
IQ:5,40,11,-161,16
IQ:6,48,11,34,152
IQ:7,56,11,145,-50
IQ:8,72,12,-99,37
IQ:9,80,255,45,78
IQ:10,88,1,83,-65
IQ:11,96,255,-60,-64
IQ:12,104,2,-43,66
IQ:13,112,255,70,-12
IQ:14,120,10,-30,-219
IQ:15,128,255,-181,-6
IQ:16,136,3,6,112
IQ:17,144,255,65,-17
IQ:18,152,9,-127,-27
IQ:19,160,255,-72,123
IQ:20,168,4,82,99
IQ:21,176,255,79,-56
IQ:22,184,8,-70,33
IQ:23,192,255,6,82
IQ:24,200,7,73,-19
IQ:25,208,255,-7,-98
IQ:26,216,6,-70,-35
IQ:27,224,255,-13,64
IQ:28,232,5,81,-13
IQ:29,240,255,-13,-110
IQ:30,248,12,-93,-69
IQ:31,256,255,-45,75
IQ:32,264,1,99,17
IQ:33,272,255,12,-89
IQ:34,280,2,-77,13
IQ:35,288,255,39,90
SW:2
RR:3
SS:3
FR:2480
ME:7
MA:150
KE:16
KA:165
DF_END

Data arrived...
DF_BEGIN
IQ:0,0,11,118,-138
IQ:1,8,11,-141,-108
IQ:2,16,11,-84,148
IQ:3,24,11,168,60
IQ:4,32,11,46,-178
IQ:5,40,11,-174,-40
IQ:6,48,11,-19,179
IQ:7,56,11,180,1
IQ:8,72,12,-216,10
IQ:9,80,255,14,186
IQ:10,88,1,181,-53
IQ:11,96,255,-57,-149
IQ:12,104,2,-85,67
IQ:13,112,255,120,41
IQ:14,120,10,98,-248
IQ:15,128,255,-219,-98
IQ:16,136,3,-46,205
IQ:17,144,255,156,44
IQ:18,152,9,-65,-91
IQ:19,160,255,-133,100
IQ:20,168,4,115,217
IQ:21,176,255,207,-46
IQ:22,184,8,-63,4
IQ:23,192,255,-29,107
IQ:24,200,7,122,60
IQ:25,208,255,99,-138
IQ:26,216,6,-89,-138
IQ:27,224,255,-93,63
IQ:28,232,5,108,-29
IQ:29,240,255,11,-187
IQ:30,248,12,-106,-195
IQ:31,256,255,-135,103
IQ:32,264,1,141,122
IQ:33,272,255,99,-131
IQ:34,280,2,-102,-27
IQ:35,288,255,7,126
SW:2
RR:3
SS:3
FR:2426
ME:7
MA:170
KE:15
KA:165
DF_END

Data arrived...
DF_BEGIN
IQ:0,0,11,197,-15
IQ:1,8,11,-23,-195
IQ:2,16,11,-195,30
IQ:3,24,11,68,173
IQ:4,32,11,163,-107
IQ:5,40,11,-99,-161
IQ:6,48,11,-161,107
IQ:7,56,11,131,124
IQ:8,72,12,-127,-76
IQ:9,80,255,-44,54
IQ:10,88,1,95,-45
IQ:11,96,255,-10,-92
IQ:12,104,2,-4,-117
IQ:13,112,255,-49,-109
IQ:14,120,10,-32,-208
IQ:15,128,255,-184,69
IQ:16,136,3,0,415
IQ:17,144,255,187,44
IQ:18,152,9,-274,-15
IQ:19,160,255,-87,247
IQ:20,168,4,187,102
IQ:21,176,255,106,-99
IQ:22,184,8,50,106
IQ:23,192,255,120,-35
IQ:24,200,7,-45,-218
IQ:25,208,255,-212,-63
IQ:26,216,6,-81,25
IQ:27,224,255,95,-23
IQ:28,232,5,32,-317
IQ:29,240,255,-214,-175
IQ:30,248,12,-16,-164
IQ:31,256,255,-45,13
IQ:32,264,1,105,81
IQ:33,272,255,92,-45
IQ:34,280,2,93,-58
IQ:35,288,255,-10,-23
SW:2
RR:3
SS:3
FR:2402
ME:30
MA:161
KE:17
KA:165
DF_END

Data arrived...
DF_BEGIN
IQ:0,0,11,-155,-40
IQ:1,8,11,-10,153
IQ:2,16,11,160,-14
IQ:3,24,11,-33,-152
IQ:4,32,11,-156,51
IQ:5,40,11,65,139
IQ:6,48,11,136,-81
IQ:7,56,11,-92,-121
IQ:8,72,12,60,89
IQ:9,80,255,63,-60
IQ:10,88,1,-91,-55
IQ:11,96,255,-41,80
IQ:12,104,2,80,9
IQ:13,112,255,-36,-63
IQ:14,120,10,-185,105
IQ:15,128,255,46,174
IQ:16,136,3,101,-44
IQ:17,144,255,-35,-64
IQ:18,152,9,-9,125
IQ:19,160,255,136,37
IQ:20,168,4,73,-107
IQ:21,176,255,-81,-57
IQ:22,184,8,54,59
IQ:23,192,255,74,-35
IQ:24,200,7,-41,-63
IQ:25,208,255,-89,40
IQ:26,216,6,-11,83
IQ:27,224,255,69,-4
IQ:28,232,5,-43,-68
IQ:29,240,255,-105,41
IQ:30,248,12,-39,112
IQ:31,256,255,84,18
IQ:32,264,1,-10,-103
IQ:33,272,255,-91,14
IQ:34,280,2,31,74
IQ:35,288,255,77,-70
SW:2
RR:3
SS:3
FR:2480
ME:7
MA:150
KE:16
KA:163
DF_END

Data arrived...
DF_BEGIN
IQ:0,0,11,-118,-111
IQ:1,8,11,-104,115
IQ:2,16,11,127,74
IQ:3,24,11,56,-142
IQ:4,32,11,-153,-41
IQ:5,40,11,-33,151
IQ:6,48,11,145,7
IQ:7,56,11,-15,-156
IQ:8,72,12,10,104
IQ:9,80,255,80,-24
IQ:10,88,1,-45,-98
IQ:11,96,255,-77,38
IQ:12,104,2,63,51
IQ:13,112,255,-5,-64
IQ:14,120,10,-215,3
IQ:15,128,255,-46,174
IQ:16,136,3,106,23
IQ:17,144,255,-4,-68
IQ:18,152,9,-68,106
IQ:19,160,255,105,89
IQ:20,168,4,113,-67
IQ:21,176,255,-40,-92
IQ:22,184,8,11,78
IQ:23,192,255,79,8
IQ:24,200,7,-11,-75
IQ:25,208,255,-92,-8
IQ:26,216,6,-52,62
IQ:27,224,255,57,28
IQ:28,232,5,-5,-79
IQ:29,240,255,-113,-20
IQ:30,248,12,-93,62
IQ:31,256,255,61,53
IQ:32,264,1,41,-92
IQ:33,272,255,-83,-35
IQ:34,280,2,-13,75
IQ:35,288,255,93,-22
SW:2
RR:3
SS:3
FR:2480
ME:10
MA:153
KE:15
KA:162
DF_END

Data arrived...
DF_BEGIN
IQ:0,0,11,134,3
IQ:1,8,11,-55,-113
IQ:2,16,11,-239,25
IQ:3,24,11,72,127
IQ:4,32,11,168,-25
IQ:5,40,11,-85,-205
IQ:6,48,11,-161,127
IQ:7,56,11,115,141
IQ:8,72,12,-141,-195
IQ:9,80,255,-126,59
IQ:10,88,1,153,110
IQ:11,96,255,108,-70
IQ:12,104,2,-125,-28
IQ:13,112,255,41,105
IQ:14,120,10,328,16
IQ:15,128,255,-39,-211
IQ:16,136,3,-230,103
IQ:17,144,255,41,130
IQ:18,152,9,60,-119
IQ:19,160,255,-103,-79
IQ:20,168,4,-94,220
IQ:21,176,255,190,151
IQ:22,184,8,-20,-85
IQ:23,192,255,-103,33
IQ:24,200,7,77,162
IQ:25,208,255,223,35
IQ:26,216,6,69,-107
IQ:27,224,255,-24,-53
IQ:28,232,5,75,110
IQ:29,240,255,182,-22
IQ:30,248,12,86,-224
IQ:31,256,255,-155,-101
IQ:32,264,1,-13,249
IQ:33,272,255,192,-20
IQ:34,280,2,-30,-109
IQ:35,288,255,-123,53
SW:2
RR:3
SS:3
FR:2426
ME:10
MA:192
KE:14
KA:165
DF_END

Data arrived...
DF_BEGIN
IQ:0,0,11,-184,22
IQ:1,8,11,31,172
IQ:2,16,11,174,-44
IQ:3,24,11,-76,-158
IQ:4,32,11,-156,102
IQ:5,40,11,100,148
IQ:6,48,11,129,-118
IQ:7,56,11,-129,-129
IQ:8,72,12,142,159
IQ:9,80,255,108,-141
IQ:10,88,1,-169,-101
IQ:11,96,255,-89,139
IQ:12,104,2,97,10
IQ:13,112,255,-54,-112
IQ:14,120,10,-253,108
IQ:15,128,255,76,229
IQ:16,136,3,183,-100
IQ:17,144,255,-76,-151
IQ:18,152,9,-20,109
IQ:19,160,255,158,25
IQ:20,168,4,77,-234
IQ:21,176,255,-186,-111
IQ:22,184,8,48,41
IQ:23,192,255,94,-58
IQ:24,200,7,-42,-130
IQ:25,208,255,-173,22
IQ:26,216,6,-51,162
IQ:27,224,255,110,37
IQ:28,232,5,-96,-63
IQ:29,240,255,-157,107
IQ:30,248,12,-64,211
IQ:31,256,255,168,12
IQ:32,264,1,-28,-184
IQ:33,272,255,-168,26
IQ:34,280,2,44,89
IQ:35,288,255,94,-96
SW:2
RR:3
SS:3
FR:2426
ME:7
MA:167
KE:13
KA:165
DF_END

Data arrived...