IQ:32,264,1,6,-119
IQ:33,272,255,-101,0
IQ:34,280,2,23,86
IQ:35,288,255,95,-56
SW:2
RR:3
SS:3
FR:2480
ME:7
MA:159
KE:16
KA:163
DF_END

Data arrived...
DF_BEGIN
IQ:0,0,11,-136,128
IQ:1,8,11,139,123
IQ:2,16,11,116,-150
IQ:3,24,11,-158,-91
IQ:4,32,11,-66,173
IQ:5,40,11,180,45
IQ:6,48,11,24,-180
IQ:7,56,11,-183,-9
IQ:8,72,12,214,27
IQ:9,80,255,-4,-189
IQ:10,88,1,-189,46
IQ:11,96,255,23,162
IQ:12,104,2,105,-62
IQ:13,112,255,-106,-69
IQ:14,120,10,-118,233
IQ:15,128,255,209,115
IQ:16,136,3,70,-217
IQ:17,144,255,-168,-74
IQ:18,152,9,45,102
IQ:19,160,255,147,-79
IQ:20,168,4,-80,-250
IQ:21,176,255,-215,2
IQ:22,184,8,61,2
IQ:23,192,255,55,-107
IQ:24,200,7,-119,-71
IQ:25,208,255,-117,136
IQ:26,216,6,74,145
IQ:27,224,255,110,-69
IQ:28,232,5,-110,-6
IQ:29,240,255,-51,175
IQ:30,248,12,88,218
IQ:31,256,255,148,-96
IQ:32,264,1,-129,-127
IQ:33,272,255,-105,126
IQ:34,280,2,104,49
IQ:35,288,255,25,-140
SW:2
RR:3
SS:3
FR:2426
ME:7
MA:159
KE:15
KA:163
DF_END

Data arrived...
DF_BEGIN
IQ:0,0,11,136,87
IQ:1,8,11,88,-128
IQ:2,16,11,-145,-60
IQ:3,24,11,-65,134
IQ:4,32,11,153,36
IQ:5,40,11,8,-159
IQ:6,48,11,-160,3
IQ:7,56,11,5,154
IQ:8,72,12,-57,-102
IQ:9,80,255,-63,33
IQ:10,88,1,87,38
IQ:11,96,255,75,-63
IQ:12,104,2,68,-84
IQ:13,112,255,12,-75
IQ:14,120,10,101,-104
IQ:15,128,255,-102,-76
IQ:16,136,3,-185,149
IQ:17,144,255,62,100
IQ:18,152,9,-107,-122
IQ:19,160,255,-147,52
IQ:20,168,4,8,112
IQ:21,176,255,76,32
IQ:22,184,8,1,74
IQ:23,192,255,75,8
IQ:24,200,7,90,-127
IQ:25,208,255,-64,-120
IQ:26,216,6,-23,-29
IQ:27,224,255,41,8
IQ:28,232,5,144,-119
IQ:29,240,255,-6,-163
IQ:30,248,12,58,-127
IQ:31,256,255,-50,-26
IQ:32,264,1,7,90
IQ:33,272,255,91,28
IQ:34,280,2,99,8
IQ:35,288,255,3,-26
SW:2
RR:3
SS:3
FR:2402
ME:30
MA:159
KE:16
KA:162
DF_END

Data arrived...
DF_BEGIN
IQ:0,0,11,-128,-119
IQ:1,8,11,-115,129
IQ:2,16,11,137,93
IQ:3,24,11,74,-151
IQ:4,32,11,-150,-48
IQ:5,40,11,-34,169
IQ:6,48,11,167,29
IQ:7,56,11,12,-161
IQ:8,72,12,42,110
IQ:9,80,255,75,-36
IQ:10,88,1,-89,-53
IQ:11,96,255,-86,54
IQ:12,104,2,-81,62
IQ:13,112,255,-30,60
IQ:14,120,10,-119,71
IQ:15,128,255,76,101
IQ:16,136,3,209,-112
IQ:17,144,255,-36,-117
IQ:18,152,9,56,151
IQ:19,160,255,160,-9
IQ:20,168,4,26,-113
IQ:21,176,255,-67,-55
IQ:22,184,8,4,-60
IQ:23,192,255,-75,-23
IQ:24,200,7,-106,109
IQ:25,208,255,32,113
IQ:26,216,6,20,38
IQ:27,224,255,-36,-22
IQ:28,232,5,-153,87
IQ:29,240,255,-24,164
IQ:30,248,12,-75,104
IQ:31,256,255,59,42
IQ:32,264,1,11,-106
IQ:33,272,255,-94,-46
IQ:34,280,2,-101,-30
IQ:35,288,255,-3,20
SW:2
RR:3
SS:3
FR:2402
ME:30
MA:159
KE:18
KA:162
DF_END

Data arrived...
DF_BEGIN
IQ:0,0,11,-87,144
IQ:1,8,11,145,68
IQ:2,16,11,50,-163
IQ:3,24,11,-159,-42
IQ:4,32,11,-6,165
IQ:5,40,11,165,2
IQ:6,48,11,-18,-160
IQ:7,56,11,-168,35
IQ:8,72,12,136,-28
IQ:9,80,255,-31,-102
IQ:10,88,1,-98,76
IQ:11,96,255,66,84
IQ:12,104,2,50,-69
IQ:13,112,255,-71,-2
IQ:14,120,10,25,204
IQ:15,128,255,175,21
IQ:16,136,3,2,-118
IQ:17,144,255,-75,7
IQ:18,152,9,108,59
IQ:19,160,255,88,-104
IQ:20,168,4,-80,-102
IQ:21,176,255,-94,49
IQ:22,184,8,56,-14
IQ:23,192,255,5,-84
IQ:24,200,7,-64,-15
IQ:25,208,255,-22,91
IQ:26,216,6,66,57
IQ:27,224,255,23,-65
IQ:28,232,5,-88,10
IQ:29,240,255,0,125
IQ:30,248,12,93,95
IQ:31,256,255,57,-81
IQ:32,264,1,-121,-35
IQ:33,272,255,-28,95
IQ:34,280,2,83,-10
IQ:35,288,255,-28,-118
SW:2
RR:3
SS:3
FR:2480
ME:7
MA:156
KE:17
KA:161
DF_END

Data arrived...
DF_BEGIN
IQ:0,0,11,-192,-63
IQ:1,8,11,-86,173
IQ:2,16,11,187,57
IQ:3,24,11,29,-186
IQ:4,32,11,-175,-17
IQ:5,40,11,-3,187
IQ:6,48,11,188,-9
IQ:7,56,11,-40,-186
IQ:8,72,12,31,245
IQ:9,80,255,180,-53
IQ:10,88,1,-85,-173
IQ:11,96,255,-96,85
IQ:12,104,2,95,82
IQ:13,112,255,31,-116
IQ:14,120,10,-259,-52
IQ:15,128,255,-42,197
IQ:16,136,3,218,16
IQ:17,144,255,29,-176
IQ:18,152,9,-78,63
IQ:19,160,255,116,138
IQ:20,168,4,206,-147
IQ:21,176,255,-70,-188
IQ:22,184,8,-17,50
IQ:23,192,255,88,24
IQ:24,200,7,44,-112
IQ:25,208,255,-119,-62
IQ:26,216,6,-147,116
IQ:27,224,255,43,95
IQ:28,232,5,-28,-100
IQ:29,240,255,-177,3
IQ:30,248,12,-193,153
IQ:31,256,255,117,139
IQ:32,264,1,86,-177
IQ:33,272,255,-145,-71
IQ:34,280,2,-19,124
IQ:35,288,255,115,-67
SW:2
RR:3
SS:3
FR:2426
ME:7
MA:181
KE:16
KA:163
DF_END

Data arrived...
DF_BEGIN
IQ:0,0,11,-93,-143
IQ:1,8,11,-124,111
IQ:2,16,11,122,119
IQ:3,24,11,96,-140
IQ:4,32,11,-144,-81
IQ:5,40,11,-80,148
IQ:6,48,11,153,74
IQ:7,56,11,56,-151
IQ:8,72,12,14,125
IQ:9,80,255,80,-6
IQ:10,88,1,-73,-84
IQ:11,96,255,-103,26
IQ:12,104,2,-82,52
IQ:13,112,255,-31,57
IQ:14,120,10,-128,43
IQ:15,128,255,61,112
IQ:16,136,3,230,-55
IQ:17,144,255,-2,-123
IQ:18,152,9,48,156
IQ:19,160,255,147,7
IQ:20,168,4,20,-92
IQ:21,176,255,-67,-42
IQ:22,184,8,14,-66
IQ:23,192,255,-62,-28
IQ:24,200,7,-100,99
IQ:25,208,255,28,125
IQ:26,216,6,6,38
IQ:27,224,255,-33,-24
IQ:28,232,5,-166,71
IQ:29,240,255,-47,157
IQ:30,248,12,-113,83
IQ:31,256,255,41,60
IQ:32,264,1,33,-96
IQ:33,272,255,-78,-67
IQ:34,280,2,-95,-42
IQ:35,288,255,1,30
SW:2
RR:3
SS:3
FR:2402
ME:30
MA:164
KE:17
KA:163
DF_END

Data arrived...
DF_BEGIN
IQ:0,0,11,-21,-162
IQ:1,8,11,-164,30
IQ:2,16,11,44,160
IQ:3,24,11,148,-68
IQ:4,32,11,-76,-148
IQ:5,40,11,-137,87
IQ:6,48,11,98,129
IQ:7,56,11,115,-113
IQ:8,72,12,-94,98
IQ:9,80,255,84,61
IQ:10,88,1,39,-107
IQ:11,96,255,-100,-27
IQ:12,104,2,1,90
IQ:13,112,255,63,-41
IQ:14,120,10,-155,-150
IQ:15,128,255,-166,92
IQ:16,136,3,49,112
IQ:17,144,255,62,-44
IQ:18,152,9,-120,23
IQ:19,160,255,8,135
IQ:20,168,4,136,35
IQ:21,176,255,52,-103
IQ:22,184,8,-45,55
IQ:23,192,255,39,78
IQ:24,200,7,59,-30
IQ:25,208,255,-38,-83
IQ:26,216,6,-91,0
IQ:27,224,255,5,67
IQ:28,232,5,64,-54
IQ:29,240,255,-60,-108
IQ:30,248,12,-133,-23
IQ:31,256,255,10,100
IQ:32,264,1,111,-37
IQ:33,272,255,-34,-94
IQ:34,280,2,-69,51
IQ:35,288,255,92,64
SW:2
RR:3
SS:3
FR:2480
ME:7
MA:164
KE:16
KA:163
DF_END

Data arrived...
DF_BEGIN
IQ:0,0,11,59,161
IQ:1,8,11,150,-92
IQ:2,16,11,-106,-162
IQ:3,24,11,-147,101
IQ:4,32,11,126,120
IQ:5,40,11,112,-141
IQ:6,48,11,-154,-107
IQ:7,56,11,-79,160
IQ:8,72,12,130,-191
IQ:9,80,255,-157,-78
IQ:10,88,1,-44,188
IQ:11,96,255,162,28
IQ:12,104,2,-18,-120
IQ:13,112,255,-106,72
IQ:14,120,10,176,191
IQ:15,128,255,178,-163
IQ:16,136,3,-173,-155
IQ:17,144,255,-134,119
IQ:18,152,9,114,-20
IQ:19,160,255,-12,-169
IQ:20,168,4,-240,-19
IQ:21,176,255,-80,202
IQ:22,184,8,31,-51
IQ:23,192,255,-82,-77
IQ:24,200,7,-100,84
IQ:25,208,255,85,143
IQ:26,216,6,164,-13
IQ:27,224,255,-5,-119
IQ:28,232,5,-43,101
IQ:29,240,255,145,121
IQ:30,248,12,225,-9
IQ:31,256,255,-43,-178
IQ:32,264,1,-179,75
IQ:33,272,255,65,152
IQ:34,280,2,89,-87
IQ:35,288,255,-122,-66
SW:2
RR:3
SS:3
FR:2426
ME:7
MA:164
KE:15
KA:163
DF_END

Data arrived...
DF_BEGIN
IQ:0,0,11,-44,146
IQ:1,8,11,142,32
IQ:2,16,11,14,-156
IQ:3,24,11,-153,1
IQ:4,32,11,21,149
IQ:5,40,11,149,-35
IQ:6,48,11,-48,-142
IQ:7,56,11,-128,73
IQ:8,72,12,169,-75
IQ:9,80,255,-74,-127
IQ:10,88,1,-106,105
IQ:11,96,255,93,91
IQ:12,104,2,42,-90
IQ:13,112,255,-103,3
IQ:14,120,10,26,201
IQ:15,128,255,193,-17
IQ:16,136,3,-39,-175
IQ:17,144,255,-143,28
IQ:18,152,9,77,46
IQ:19,160,255,67,-120
IQ:20,168,4,-156,-130
IQ:21,176,255,-141,106
IQ:22,184,8,46,-17
IQ:23,192,255,-6,-87
IQ:24,200,7,-104,3
IQ:25,208,255,-5,135
IQ:26,216,6,122,61
IQ:27,224,255,47,-91
IQ:28,232,5,-79,42
IQ:29,240,255,26,143
IQ:30,248,12,149,102
IQ:31,256,255,53,-133
IQ:32,264,1,-148,-32
IQ:33,272,255,-11,131
IQ:34,280,2,96,-24
IQ:35,288,255,-53,-112
SW:2
RR:3
SS:3
FR:2426
ME:7
MA:164
KE:14
KA:163
DF_END

Data arrived...
DF_BEGIN
IQ:0,0,11,146,-86
IQ:1,8,11,-98,-138
IQ:2,16,11,-126,108
IQ:3,24,11,117,119
IQ:4,32,11,103,-128
IQ:5,40,11,-145,-78
IQ:6,48,11,-63,155
IQ:7,56,11,165,55
IQ:8,72,12,-125,-50
IQ:9,80,255,-17,103
IQ:10,88,1,120,-18
IQ:11,96,255,-18,-106
IQ:12,104,2,-85,40
IQ:13,112,255,63,48
IQ:14,120,10,84,-196
IQ:15,128,255,-155,-111
IQ:16,136,3,-71,97
IQ:17,144,255,72,38
IQ:18,152,9,-64,-101
IQ:19,160,255,-134,51
IQ:20,168,4,20,135
IQ:21,176,255,116,-10
IQ:22,184,8,-68,-26
IQ:23,192,255,-56,63
IQ:24,200,7,47,48
IQ:25,208,255,68,-62
IQ:26,216,6,-37,-92
IQ:27,224,255,-65,30
IQ:28,232,5,79,33
IQ:29,240,255,72,-105
IQ:30,248,12,-25,-138
IQ:31,256,255,-96,43
IQ:32,264,1,79,94
IQ:33,272,255,76,-76
IQ:34,280,2,-80,-48
IQ:35,288,255,-33,111
SW:2
RR:3
SS:3
FR:2480
ME:7
MA:159
KE:13
KA:163
DF_END

Data arrived...
DF_BEGIN
IQ:0,0,11,-87,-150
IQ:1,8,11,-142,91
IQ:2,16,11,111,131
IQ:3,24,11,113,-125
IQ:4,32,11,-136,-107
IQ:5,40,11,-86,148
IQ:6,48,11,154,75
IQ:7,56,11,42,-165
IQ:8,72,12,-85,202
IQ:9,80,255,179,43
IQ:10,88,1,17,-191
IQ:11,96,255,-162,-15
IQ:12,104,2,22,111
IQ:13,112,255,84,-82
IQ:14,120,10,-203,-168
IQ:15,128,255,-157,163
IQ:16,136,3,183,124
IQ:17,144,255,115,-131
IQ:18,152,9,-106,17
IQ:19,160,255,46,148
IQ:20,168,4,245,-31
IQ:21,176,255,52,-214
IQ:22,184,8,-19,46
IQ:23,192,255,76,62
IQ:24,200,7,76,-78
IQ:25,208,255,-106,-120
IQ:26,216,6,-166,36
IQ:27,224,255,22,123
IQ:28,232,5,27,-86
IQ:29,240,255,-153,-89
IQ:30,248,12,-228,21
IQ:31,256,255,37,161
IQ:32,264,1,163,-84
IQ:33,272,255,-89,-146
IQ:34,280,2,-84,81
IQ:35,288,255,108,55
SW:2
RR:3
SS:3
FR:2426
ME:7
MA:164
KE:13
KA:163
DF_END

Data arrived...
DF_BEGIN
IQ:0,0,11,69,-168
IQ:1,8,11,-173,-47
IQ:2,16,11,-34,182
IQ:3,24,11,171,9
IQ:4,32,11,-9,-174
IQ:5,40,11,-179,17
IQ:6,48,11,36,175
IQ:7,56,11,175,-43
IQ:8,72,12,-111,90
IQ:9,80,255,44,58
IQ:10,88,1,2,-109
IQ:11,96,255,-88,-71
IQ:12,104,2,-127,-81
IQ:13,112,255,-119,12
IQ:14,120,10,-144,-69
IQ:15,128,255,-46,123
IQ:16,136,3,225,147
IQ:17,144,255,88,-84
IQ:18,152,9,-131,164
IQ:19,160,255,114,134
IQ:20,168,4,110,-63
IQ:21,176,255,-20,-83
IQ:22,184,8,88,-33
IQ:23,192,255,-7,-112
IQ:24,200,7,-192,-60
IQ:25,208,255,-120,132
IQ:26,216,6,-8,44
IQ:27,224,255,-2,-73
IQ:28,232,5,-224,-104
IQ:29,240,255,-175,93
IQ:30,248,12,-149,-52
IQ:31,256,255,-33,53
IQ:32,264,1,100,-45
IQ:33,272,255,11,-116
IQ:34,280,2,-21,-143
IQ:35,288,255,-50,-8
SW:2
RR:3
SS:3
FR:2402
ME:30
MA:164
KE:14
KA:163
DF_END

Data arrived...
DF_BEGIN
IQ:0,0,11,142,89
IQ:1,8,11,81,-154
IQ:2,16,11,-157,-61
IQ:3,24,11,-46,161
IQ:4,32,11,169,33
IQ:5,40,11,26,-168
IQ:6,48,11,-167,-7
IQ:7,56,11,19,164
IQ:8,72,12,-19,-133
IQ:9,80,255,-105,36
IQ:10,88,1,71,105
IQ:11,96,255,84,-57
IQ:12,104,2,-72,-54
IQ:13,112,255,-10,75
IQ:14,120,10,214,-9
IQ:15,128,255,25,-189
IQ:16,136,3,-128,-24
IQ:17,144,255,-15,81
IQ:18,152,9,55,-102
IQ:19,160,255,-108,-88
IQ:20,168,4,-118,73
IQ:21,176,255,47,102
IQ:22,184,8,-12,-71
IQ:23,192,255,-85,-16
IQ:24,200,7,-13,65
IQ:25,208,255,90,23
IQ:26,216,6,62,-60
IQ:27,224,255,-60,-38
IQ:28,232,5,-2,79
IQ:29,240,255,117,17
IQ:30,248,12,95,-95
IQ:31,256,255,-83,-63
IQ:32,264,1,-43,113
IQ:33,272,255,93,39
IQ:34,280,2,3,-94
IQ:35,288,255,-111,25
SW:2
RR:3
SS:3
FR:2480
ME:7
MA:164
KE:13
KA:163
DF_END

Data arrived...
DF_BEGIN
IQ:0,0,11,144,42
IQ:1,8,11,35,-146
IQ:2,16,11,-144,-18
IQ:3,24,11,3,147
IQ:4,32,11,142,-21
IQ:5,40,11,-33,-146
IQ:6,48,11,-135,47
IQ:7,56,11,58,131
IQ:8,72,12,-52,-159
IQ:9,80,255,-123,68
IQ:10,88,1,93,109
IQ:11,96,255,99,-89
IQ:12,104,2,-84,-56
IQ:13,112,255,-7,99
IQ:14,120,10,211,-13
IQ:15,128,255,-5,-194
IQ:16,136,3,-190,22
IQ:17,144,255,-6,141
IQ:18,152,9,64,-73
IQ:19,160,255,-103,-94
IQ:20,168,4,-156,132
IQ:21,176,255,76,156
IQ:22,184,8,-6,-53
IQ:23,192,255,-98,-8
IQ:24,200,7,-10,107
IQ:25,208,255,143,28
IQ:26,216,6,83,-107
IQ:27,224,255,-82,-60
IQ:28,232,5,37,83
IQ:29,240,255,150,-17
IQ:30,248,12,107,-138
IQ:31,256,255,-116,-69
IQ:32,264,1,-40,145
IQ:33,272,255,126,45
IQ:34,280,2,4,-96
IQ:35,288,255,-106,30
SW:2
RR:3
SS:3
FR:2426
ME:7
MA:164
KE:12
KA:163
DF_END

Data arrived...
DF_BEGIN
IQ:0,0,11,-178,56
IQ:1,8,11,77,156
IQ:2,16,11,141,-99
IQ:3,24,11,-118,-139
IQ:4,32,11,-132,116
IQ:5,40,11,136,113
IQ:6,48,11,116,-138
IQ:7,56,11,-155,-89
IQ:8,72,12,155,-5
IQ:9,80,255,7,-87
IQ:10,88,1,-82,51
IQ:11,96,255,10,107
IQ:12,104,2,24,111
IQ:13,112,255,59,49
IQ:14,120,10,-2,157
IQ:15,128,255,125,-7
IQ:16,136,3,-14,-241
IQ:17,144,255,-113,-19
IQ:18,152,9,144,21
IQ:19,160,255,67,-123
IQ:20,168,4,-89,-56
IQ:21,176,255,-88,43
IQ:22,184,8,-87,-17
IQ:23,192,255,-32,64
IQ:24,200,7,47,119
IQ:25,208,255,100,24
IQ:26,216,6,37,14
IQ:27,224,255,-22,30
IQ:28,232,5,9,181
IQ:29,240,255,131,97
IQ:30,248,12,75,133
IQ:31,256,255,79,-36
IQ:32,264,1,-85,-40
IQ:33,272,255,-95,69
IQ:34,280,2,-75,89
IQ:35,288,255,10,11
SW:2
RR:3
SS:3
FR:2402
ME:30
MA:164
KE:14
KA:163
DF_END

Data arrived...
DF_BEGIN
IQ:0,0,11,-123,-71
IQ:1,8,11,-57,126
IQ:2,16,11,136,53
IQ:3,24,11,31,-143
IQ:4,32,11,-135,-16
IQ:5,40,11,-3,136
IQ:6,48,11,146,-4
IQ:7,56,11,-20,-139
IQ:8,72,12,58,94
IQ:9,80,255,52,-35
IQ:10,88,1,-75,-36
IQ:11,96,255,-44,50
IQ:12,104,2,-80,80
IQ:13,112,255,-24,85
IQ:14,120,10,-100,114
IQ:15,128,255,111,60
IQ:16,136,3,164,-162
IQ:17,144,255,-72,-79
IQ:18,152,9,98,160
IQ:19,160,255,157,-37
IQ:20,168,4,-29,-85
IQ:21,176,255,-95,-11
IQ:22,184,8,-3,-58
IQ:23,192,255,-100,-14
IQ:24,200,7,-124,137
IQ:25,208,255,55,132
IQ:26,216,6,23,26
IQ:27,224,255,-66,-37
IQ:28,232,5,-164,131
IQ:29,240,255,8,151
IQ:30,248,12,-57,97
IQ:31,256,255,43,37
IQ:32,264,1,-39,-55
IQ:33,272,255,-93,1
IQ:34,280,2,-128,-13
IQ:35,288,255,-35,44
SW:2
RR:3
SS:3
FR:2402
ME:27
MA:164
KE:15
KA:163
DF_END

Data arrived...
DF_BEGIN
IQ:0,0,11,-159,25
IQ:1,8,11,36,156
IQ:2,16,11,150,-65
IQ:3,24,11,-74,-148
IQ:4,32,11,-142,89
IQ:5,40,11,99,124
IQ:6,48,11,108,-124
IQ:7,56,11,-127,-101
IQ:8,72,12,103,75
IQ:9,80,255,42,-87
IQ:10,88,1,-108,-33
IQ:11,96,255,-19,95
IQ:12,104,2,88,-9
IQ:13,112,255,-48,-60
IQ:14,120,10,-131,154
IQ:15,128,255,107,149
IQ:16,136,3,91,-76
IQ:17,144,255,-58,-52
IQ:18,152,9,40,107
IQ:19,160,255,132,-26
IQ:20,168,4,32,-139
IQ:21,176,255,-98,-40
IQ:22,184,8,58,36
IQ:23,192,255,69,-46
IQ:24,200,7,-34,-51
IQ:25,208,255,-70,48
IQ:26,216,6,9,88
IQ:27,224,255,66,-19
IQ:28,232,5,-63,-50
IQ:29,240,255,-95,76
IQ:30,248,12,-16,128
IQ:31,256,255,96,-13
IQ:32,264,1,-55,-102
IQ:33,272,255,-88,53
IQ:34,280,2,58,66
IQ:35,288,255,46,-92
SW:2
RR:3
SS:3
FR:2480
ME:7
MA:159
KE:14
KA:163
DF_END

Data arrived...
DF_BEGIN
IQ:0,0,11,46,-123
IQ:1,8,11,-199,-5
IQ:2,16,11,32,195
IQ:3,24,11,192,-39
IQ:4,32,11,-19,-146
IQ:5,40,11,-167,66
IQ:6,48,11,94,148
IQ:7,56,11,155,-129
IQ:8,72,12,-196,138
IQ:9,80,255,117,139
IQ:10,88,1,84,-144
IQ:11,96,255,-136,-102
IQ:12,104,2,-29,120
IQ:13,112,255,93,9
IQ:14,120,10,-98,-230
IQ:15,128,255,-235,96
IQ:16,136,3,87,191
IQ:17,144,255,128,-73
IQ:18,152,9,-76,-36
IQ:19,160,255,-33,139
IQ:20,168,4,204,93
IQ:21,176,255,91,-118
IQ:22,184,8,-20,18
IQ:23,192,255,13,81
IQ:24,200,7,123,-73
IQ:25,208,255,-20,-157
IQ:26,216,6,-156,-49
IQ:27,224,255,-44,114
IQ:28,232,5,-1,-125
IQ:29,240,255,-66,-137
IQ:30,248,12,-221,-106
IQ:31,256,255,-67,154
IQ:32,264,1,201,3
IQ:33,272,255,-9,-183
IQ:34,280,2,-116,20
IQ:35,288,255,129,129
SW:2
RR:3
SS:3
FR:2426
ME:10
MA:175
KE:14
KA:164
DF_END

Data arrived...
DF_BEGIN
IQ:0,0,11,152,7
IQ:1,8,11,-18,-149
IQ:2,16,11,-143,31
IQ:3,24,11,41,137
IQ:4,32,11,142,-45
IQ:5,40,11,-54,-108
IQ:6,48,11,-123,64
IQ:7,56,11,90,114
IQ:8,72,12,-96,-164
IQ:9,80,255,-93,106
IQ:10,88,1,113,96
IQ:11,96,255,68,-60
IQ:12,104,2,-86,-26
IQ:13,112,255,5,94
IQ:14,120,10,190,-70
IQ:15,128,255,-34,-190
IQ:16,136,3,-175,66
IQ:17,144,255,42,140
IQ:18,152,9,20,-104
IQ:19,160,255,-111,-53
IQ:20,168,4,-96,169
IQ:21,176,255,133,128
IQ:22,184,8,-24,-35
IQ:23,192,255,-80,11
IQ:24,200,7,9,96
IQ:25,208,255,147,-17
IQ:26,216,6,72,-123
IQ:27,224,255,-87,-48
IQ:28,232,5,46,66
IQ:29,240,255,150,-103
IQ:30,248,12,57,-164
IQ:31,256,255,-138,-45
IQ:32,264,1,-22,160
IQ:33,272,255,117,12
IQ:34,280,2,-32,-99
IQ:35,288,255,-87,42
SW:2
RR:3
SS:3
FR:2426
ME:7
MA:170
KE:13
KA:165
DF_END

Data arrived...
DF_BEGIN
IQ:0,0,11,197,22
IQ:1,8,11,7,-199
IQ:2,16,11,-212,25
IQ:3,24,11,21,197
IQ:4,32,11,178,-58
IQ:5,40,11,-81,-173
IQ:6,48,11,-180,79
IQ:7,56,11,96,181
IQ:8,72,12,-110,-94
IQ:9,80,255,-40,42
IQ:10,88,1,102,-21
IQ:11,96,255,57,-89
IQ:12,104,2,64,-164
IQ:13,112,255,-60,-202
IQ:14,120,10,-6,-247
IQ:15,128,255,-219,14
IQ:16,136,3,-70,385
IQ:17,144,255,150,43
IQ:18,152,9,-349,-55
IQ:19,160,255,-129,281
IQ:20,168,4,176,98
IQ:21,176,255,81,-92
IQ:22,184,8,8,148
IQ:23,192,255,162,-17
IQ:24,200,7,29,-360
IQ:25,208,255,-310,-141
IQ:26,216,6,-80,53
IQ:27,224,255,161,-2
IQ:28,232,5,83,-399
IQ:29,240,255,-238,-254
IQ:30,248,12,19,-153
IQ:31,256,255,-37,-18
IQ:32,264,1,66,69
IQ:33,272,255,102,0
IQ:34,280,2,203,-40
IQ:35,288,255,36,-83
SW:2
RR:3
SS:3
FR:2402
ME:30
MA:167
KE:15
KA:165
DF_END

Data arrived...
DF_BEGIN
IQ:0,0,11,43,-162
IQ:1,8,11,-168,-25
IQ:2,16,11,-18,165
IQ:3,24,11,162,-2
IQ:4,32,11,-31,-169
IQ:5,40,11,-165,35
IQ:6,48,11,60,149
IQ:7,56,11,151,-67
IQ:8,72,12,-111,54
IQ:9,80,255,60,77
IQ:10,88,1,83,-91
IQ:11,96,255,-71,-69
IQ:12,104,2,-34,82
IQ:13,112,255,75,-10
IQ:14,120,10,-77,-198
IQ:15,128,255,-179,12
IQ:16,136,3,24,113
IQ:17,144,255,75,-23
IQ:18,152,9,-114,-31
IQ:19,160,255,-63,128
IQ:20,168,4,105,78
IQ:21,176,255,79,-81
IQ:22,184,8,-60,28
IQ:23,192,255,14,79
IQ:24,200,7,67,-9
IQ:25,208,255,4,-98
IQ:26,216,6,-78,-44
IQ:27,224,255,-17,65
IQ:28,232,5,76,-26
IQ:29,240,255,-27,-117
IQ:30,248,12,-104,-75
IQ:31,256,255,-37,90
IQ:32,264,1,117,9
IQ:33,272,255,7,-107
IQ:34,280,2,-90,17
IQ:35,288,255,54,95
SW:2
RR:3
SS:3
FR:2480
ME:7
MA:161
KE:14
KA:164
DF_END

Data arrived...
DF_BEGIN
IQ:0,0,11,-157,-84
IQ:1,8,11,-74,156
IQ:2,16,11,181,56
IQ:3,24,11,39,-171
IQ:4,32,11,-173,-13