IQ:7,56,11,134,101
IQ:8,72,12,-115,-73
IQ:9,80,255,-46,91
IQ:10,88,1,117,17
IQ:11,96,255,6,-107
IQ:12,104,2,-83,26
IQ:13,112,255,58,65
IQ:14,120,10,148,-165
IQ:15,128,255,-114,-150
IQ:16,136,3,-94,79
IQ:17,144,255,66,49
IQ:18,152,9,-39,-125
IQ:19,160,255,-146,10
IQ:20,168,4,-23,143
IQ:21,176,255,117,34
IQ:22,184,8,-57,-50
IQ:23,192,255,-81,52
IQ:24,200,7,43,66
IQ:25,208,255,90,-44
IQ:26,216,6,-12,-95
IQ:27,224,255,-73,24
IQ:28,232,5,62,64
IQ:29,240,255,102,-85
IQ:30,248,12,5,-135
IQ:31,256,255,-101,19
IQ:32,264,1,57,105
IQ:33,272,255,92,-53
IQ:34,280,2,-70,-63
IQ:35,288,255,-61,104
SW:2
RR:3
SS:3
FR:2480
ME:7
MA:167
KE:17
KA:167
DF_END

Data arrived...
DF_BEGIN
IQ:0,0,11,-167,-10
IQ:1,8,11,13,170
IQ:2,16,11,164,-27
IQ:3,24,11,-62,-154
IQ:4,32,11,-157,57
IQ:5,40,11,71,143
IQ:6,48,11,139,-95
IQ:7,56,11,-105,-127
IQ:8,72,12,93,98
IQ:9,80,255,65,-84
IQ:10,88,1,-108,-52
IQ:11,96,255,-43,92
IQ:12,104,2,91,-1
IQ:13,112,255,-37,-83
IQ:14,120,10,-175,115
IQ:15,128,255,72,175
IQ:16,136,3,112,-53
IQ:17,144,255,-47,-64
IQ:18,152,9,14,125
IQ:19,160,255,144,13
IQ:20,168,4,49,-141
IQ:21,176,255,-100,-70
IQ:22,184,8,44,65
IQ:23,192,255,91,-30
IQ:24,200,7,-24,-76
IQ:25,208,255,-98,21
IQ:26,216,6,-3,93
IQ:27,224,255,80,-5
IQ:28,232,5,-48,-78
IQ:29,240,255,-115,59
IQ:30,248,12,-31,130
IQ:31,256,255,102,10
IQ:32,264,1,-26,-112
IQ:33,272,255,-103,41
IQ:34,280,2,49,74
IQ:35,288,255,77,-90
SW:2
RR:3
SS:3
FR:2480
ME:7
MA:167
KE:16
KA:167
DF_END

Data arrived...
DF_BEGIN
IQ:0,0,11,-130,107
IQ:1,8,11,119,110
IQ:2,16,11,94,-129
IQ:3,24,11,-141,-82
IQ:4,32,11,-66,152
IQ:5,40,11,153,63
IQ:6,48,11,47,-156
IQ:7,56,11,-158,-13
IQ:8,72,12,130,9
IQ:9,80,255,-3,-104
IQ:10,88,1,-112,36
IQ:11,96,255,42,93
IQ:12,104,2,69,-61
IQ:13,112,255,-83,-26
IQ:14,120,10,-48,208
IQ:15,128,255,166,82
IQ:16,136,3,41,-113
IQ:17,144,255,-82,-15
IQ:18,152,9,84,88
IQ:19,160,255,121,-74
IQ:20,168,4,-54,-135
IQ:21,176,255,-119,25
IQ:22,184,8,69,19
IQ:23,192,255,38,-82
IQ:24,200,7,-68,-34
IQ:25,208,255,-58,87
IQ:26,216,6,49,79
IQ:27,224,255,51,-51
IQ:28,232,5,-88,-22
IQ:29,240,255,-39,118
IQ:30,248,12,57,121
IQ:31,256,255,76,-61
IQ:32,264,1,-104,-62
IQ:33,272,255,-59,84
IQ:34,280,2,91,27
IQ:35,288,255,10,-112
SW:2
RR:3
SS:3
FR:2480
ME:7
MA:164
KE:15
KA:167
DF_END

Data arrived...
DF_BEGIN
IQ:0,0,11,-128,159
IQ:1,8,11,176,65
IQ:2,16,11,72,-154
IQ:3,24,11,-155,-90
IQ:4,32,11,-62,203
IQ:5,40,11,170,40
IQ:6,48,11,-8,-181
IQ:7,56,11,-209,-4
IQ:8,72,12,222,3
IQ:9,80,255,-14,-182
IQ:10,88,1,-156,55
IQ:11,96,255,51,140
IQ:12,104,2,78,-66
IQ:13,112,255,-121,-52
IQ:14,120,10,-80,237
IQ:15,128,255,198,122
IQ:16,136,3,52,-221
IQ:17,144,255,-177,-64
IQ:18,152,9,64,105
IQ:19,160,255,138,-107
IQ:20,168,4,-70,-254
IQ:21,176,255,-207,28
IQ:22,184,8,93,8
IQ:23,192,255,55,-122
IQ:24,200,7,-140,-46
IQ:25,208,255,-101,161
IQ:26,216,6,77,140
IQ:27,224,255,107,-70
IQ:28,232,5,-131,-7
IQ:29,240,255,-44,180
IQ:30,248,12,104,213
IQ:31,256,255,133,-113
IQ:32,264,1,-103,-87
IQ:33,272,255,-118,131
IQ:34,280,2,110,33
IQ:35,288,255,39,-131
SW:2
RR:3
SS:3
FR:2426
ME:7
MA:170
KE:14
KA:167
DF_END

Data arrived...
DF_BEGIN
IQ:0,0,11,-146,55
IQ:1,8,11,62,151
IQ:2,16,11,139,-91
IQ:3,24,11,-97,-131
IQ:4,32,11,-125,95
IQ:5,40,11,117,110
IQ:6,48,11,117,-116
IQ:7,56,11,-123,-96
IQ:8,72,12,128,-1
IQ:9,80,255,33,-64
IQ:10,88,1,-65,56
IQ:11,96,255,0,95
IQ:12,104,2,25,150
IQ:13,112,255,109,73
IQ:14,120,10,64,127
IQ:15,128,255,83,-64
IQ:16,136,3,-92,-231
IQ:17,144,255,-106,14
IQ:18,152,9,195,-87
IQ:19,160,255,-20,-179
IQ:20,168,4,-139,6
IQ:21,176,255,-24,76
IQ:22,184,8,-93,-65
IQ:23,192,255,-93,84
IQ:24,200,7,104,182
IQ:25,208,255,175,-18
IQ:26,216,6,18,-32
IQ:27,224,255,-63,62
IQ:28,232,5,93,250
IQ:29,240,255,200,46
IQ:30,248,12,68,122
IQ:31,256,255,47,0
IQ:32,264,1,-75,-37
IQ:33,272,255,-71,50
IQ:34,280,2,-115,101
IQ:35,288,255,34,61
SW:2
RR:3
SS:3
FR:2402
ME:33
MA:167
KE:16
KA:167
DF_END

Data arrived...
DF_BEGIN
IQ:0,0,11,-84,-158
IQ:1,8,11,-146,106
IQ:2,16,11,119,131
IQ:3,24,11,111,-142
IQ:4,32,11,-138,-98
IQ:5,40,11,-81,158
IQ:6,48,11,158,86
IQ:7,56,11,60,-172
IQ:8,72,12,8,163
IQ:9,80,255,72,8
IQ:10,88,1,-83,-50
IQ:11,96,255,-94,31
IQ:12,104,2,-167,48
IQ:13,112,255,-79,149
IQ:14,120,10,-137,103
IQ:15,128,255,126,103
IQ:16,136,3,279,-160
IQ:17,144,255,-48,-109
IQ:18,152,9,146,231
IQ:19,160,255,225,-72
IQ:20,168,4,-23,-172
IQ:21,176,255,-106,-21
IQ:22,184,8,55,-106
IQ:23,192,255,-114,-71
IQ:24,200,7,-178,167
IQ:25,208,255,63,209
IQ:26,216,6,68,35
IQ:27,224,255,-95,-72
IQ:28,232,5,-273,183
IQ:29,240,255,-17,264
IQ:30,248,12,-142,108
IQ:31,256,255,20,51
IQ:32,264,1,8,-100
IQ:33,272,255,-75,-63
IQ:34,280,2,-122,-132
IQ:35,288,255,-70,27
SW:2
RR:3
SS:3
FR:2402
ME:30
MA:164
KE:17
KA:166
DF_END

Data arrived...
DF_BEGIN
IQ:0,0,11,-132,95
IQ:1,8,11,119,116
IQ:2,16,11,109,-132
IQ:3,24,11,-137,-100
IQ:4,32,11,-81,143
IQ:5,40,11,154,47
IQ:6,48,11,46,-163
IQ:7,56,11,-169,-30
IQ:8,72,12,129,16
IQ:9,80,255,7,-112
IQ:10,88,1,-122,13
IQ:11,96,255,24,95
IQ:12,104,2,77,-56
IQ:13,112,255,-73,-41
IQ:14,120,10,-72,194
IQ:15,128,255,158,78
IQ:16,136,3,44,-122
IQ:17,144,255,-84,-25
IQ:18,152,9,80,92
IQ:19,160,255,123,-67
IQ:20,168,4,-37,-137
IQ:21,176,255,-118,14
IQ:22,184,8,66,20
IQ:23,192,255,50,-78
IQ:24,200,7,-70,-40
IQ:25,208,255,-61,74
IQ:26,216,6,46,80
IQ:27,224,255,55,-55
IQ:28,232,5,-87,-31
IQ:29,240,255,-55,116
IQ:30,248,12,56,120
IQ:31,256,255,81,-62
IQ:32,264,1,-92,-79
IQ:33,272,255,-65,81
IQ:34,280,2,85,29
IQ:35,288,255,12,-120
SW:2
RR:3
SS:3
FR:2480
ME:7
MA:159
KE:16
KA:166
DF_END

Data arrived...
DF_BEGIN
IQ:0,0,11,104,-165
IQ:1,8,11,-169,-98
IQ:2,16,11,-89,175
IQ:3,24,11,180,70
IQ:4,32,11,52,-191
IQ:5,40,11,-191,-34
IQ:6,48,11,-16,187
IQ:7,56,11,177,-8
IQ:8,72,12,-222,-4
IQ:9,80,255,10,182
IQ:10,88,1,166,-45
IQ:11,96,255,-61,-142
IQ:12,104,2,-93,77
IQ:13,112,255,117,54
IQ:14,120,10,109,-253
IQ:15,128,255,-229,-111
IQ:16,136,3,-71,228
IQ:17,144,255,164,53
IQ:18,152,9,-83,-116
IQ:19,160,255,-158,101
IQ:20,168,4,97,235
IQ:21,176,255,216,-43
IQ:22,184,8,-90,-15
IQ:23,192,255,-49,124
IQ:24,200,7,134,35
IQ:25,208,255,78,-171
IQ:26,216,6,-103,-138
IQ:27,224,255,-95,76
IQ:28,232,5,129,-13
IQ:29,240,255,42,-198
IQ:30,248,12,-106,-189
IQ:31,256,255,-135,112
IQ:32,264,1,135,115
IQ:33,272,255,88,-128
IQ:34,280,2,-116,-30
IQ:35,288,255,-3,142
SW:2
RR:3
SS:3
FR:2426
ME:10
MA:175
KE:15
KA:167
DF_END

Data arrived...
DF_BEGIN
IQ:0,0,11,31,182
IQ:1,8,11,176,-50
IQ:2,16,11,-83,-170
IQ:3,24,11,-174,84
IQ:4,32,11,119,152
IQ:5,40,11,132,-126
IQ:6,48,11,-132,-137
IQ:7,56,11,-134,151
IQ:8,72,12,41,-149
IQ:9,80,255,-78,-39
IQ:10,88,1,55,89
IQ:11,96,255,105,8
IQ:12,104,2,185,9
IQ:13,112,255,115,-128
IQ:14,120,10,143,-46
IQ:15,128,255,-81,-104
IQ:16,136,3,-291,74
IQ:17,144,255,3,123
IQ:18,152,9,-93,-239
IQ:19,160,255,-230,22
IQ:20,168,4,-5,152
IQ:21,176,255,80,48
IQ:22,184,8,-88,104
IQ:23,192,255,96,110
IQ:24,200,7,225,-99
IQ:25,208,255,-14,-220
IQ:26,216,6,-65,-26
IQ:27,224,255,77,81
IQ:28,232,5,305,-85
IQ:29,240,255,75,-243
IQ:30,248,12,166,-55
IQ:31,256,255,-1,-86
IQ:32,264,1,-46,86
IQ:33,272,255,53,103
IQ:34,280,2,97,165
IQ:35,288,255,83,-22
SW:2
RR:3
SS:3
FR:2402
ME:33
MA:164
KE:17
KA:166
DF_END

Data arrived...
DF_BEGIN
IQ:0,0,11,50,-166
IQ:1,8,11,-159,-47
IQ:2,16,11,-33,158
IQ:3,24,11,157,-3
IQ:4,32,11,-13,-175
IQ:5,40,11,-173,14
IQ:6,48,11,43,149
IQ:7,56,11,146,-60
IQ:8,72,12,-113,65
IQ:9,80,255,67,84
IQ:10,88,1,87,-101
IQ:11,96,255,-87,-59
IQ:12,104,2,-18,92
IQ:13,112,255,84,-12
IQ:14,120,10,-77,-191
IQ:15,128,255,-190,14
IQ:16,136,3,33,114
IQ:17,144,255,83,-33
IQ:18,152,9,-114,-31
IQ:19,160,255,-62,127
IQ:20,168,4,102,88
IQ:21,176,255,86,-80
IQ:22,184,8,-62,20
IQ:23,192,255,22,88
IQ:24,200,7,93,-12
IQ:25,208,255,7,-100
IQ:26,216,6,-83,-40
IQ:27,224,255,-18,65
IQ:28,232,5,89,-30
IQ:29,240,255,-17,-127
IQ:30,248,12,-98,-80
IQ:31,256,255,-36,85
IQ:32,264,1,115,11
IQ:33,272,255,5,-108
IQ:34,280,2,-86,25
IQ:35,288,255,66,106
SW:2
RR:3
SS:3
FR:2480
ME:7
MA:167
KE:16
KA:166
DF_END

Data arrived...
DF_BEGIN
IQ:0,0,11,98,-135
IQ:1,8,11,-143,-83
IQ:2,16,11,-75,152
IQ:3,24,11,156,55
IQ:4,32,11,31,-165
IQ:5,40,11,-170,-20
IQ:6,48,11,5,161
IQ:7,56,11,170,-20
IQ:8,72,12,-133,3
IQ:9,80,255,23,105
IQ:10,88,1,101,-59
IQ:11,96,255,-61,-88
IQ:12,104,2,-52,78
IQ:13,112,255,82,12
IQ:14,120,10,-21,-213
IQ:15,128,255,-189,-31
IQ:16,136,3,-25,124
IQ:17,144,255,78,-4
IQ:18,152,9,-111,-67
IQ:19,160,255,-100,109
IQ:20,168,4,68,126
IQ:21,176,255,110,-39
IQ:22,184,8,-77,-3
IQ:23,192,255,-30,85
IQ:24,200,7,71,14
IQ:25,208,255,36,-99
IQ:26,216,6,-74,-63
IQ:27,224,255,-44,64
IQ:28,232,5,90,5
IQ:29,240,255,19,-127
IQ:30,248,12,-83,-107
IQ:31,256,255,-61,76
IQ:32,264,1,107,44
IQ:33,272,255,30,-100
IQ:34,280,2,-98,-6
IQ:35,288,255,14,120
SW:2
RR:3
SS:3
FR:2480
ME:7
MA:156
KE:15
KA:165
DF_END

Data arrived...
DF_BEGIN
IQ:0,0,11,188,-56
IQ:1,8,11,-68,-174
IQ:2,16,11,-168,106
IQ:3,24,11,105,152
IQ:4,32,11,149,-128
IQ:5,40,11,-132,-122
IQ:6,48,11,-110,156
IQ:7,56,11,154,105
IQ:8,72,12,-173,-138
IQ:9,80,255,-99,155
IQ:10,88,1,162,66
IQ:11,96,255,39,-146
IQ:12,104,2,-119,-4
IQ:13,112,255,68,109
IQ:14,120,10,222,-156
IQ:15,128,255,-134,-208
IQ:16,136,3,-179,148
IQ:17,144,255,115,140
IQ:18,152,9,-7,-126
IQ:19,160,255,-181,17
IQ:20,168,4,-46,250
IQ:21,176,255,193,98
IQ:22,184,8,-59,-61
IQ:23,192,255,-112,67
IQ:24,200,7,83,109
IQ:25,208,255,166,-78
IQ:26,216,6,19,-173
IQ:27,224,255,-121,3
IQ:28,232,5,97,68
IQ:29,240,255,146,-128
IQ:30,248,12,8,-208
IQ:31,256,255,-173,11
IQ:32,264,1,24,174
IQ:33,272,255,145,-50
IQ:34,280,2,-73,-93
IQ:35,288,255,-96,109
SW:2
RR:3
SS:3
FR:2426
ME:7
MA:167
KE:14
KA:165
DF_END

Data arrived...
DF_BEGIN
IQ:0,0,11,-73,160
IQ:1,8,11,157,53
IQ:2,16,11,15,-164
IQ:3,24,11,-167,-22
IQ:4,32,11,-27,176
IQ:5,40,11,180,-24
IQ:6,48,11,-30,-184
IQ:7,56,11,-174,44
IQ:8,72,12,117,-99
IQ:9,80,255,-46,-60
IQ:10,88,1,-21,92
IQ:11,96,255,63,79
IQ:12,104,2,141,67
IQ:13,112,255,118,-51
IQ:14,120,10,123,43
IQ:15,128,255,8,-103
IQ:16,136,3,-241,-95
IQ:17,144,255,-72,80
IQ:18,152,9,61,-183
IQ:19,160,255,-138,-86
IQ:20,168,4,-78,95
IQ:21,176,255,20,64
IQ:22,184,8,-102,49
IQ:23,192,255,31,120
IQ:24,200,7,189,13
IQ:25,208,255,63,-159
IQ:26,216,6,0,-37
IQ:27,224,255,27,85
IQ:28,232,5,243,65
IQ:29,240,255,145,-120
IQ:30,248,12,146,44
IQ:31,256,255,39,-65
IQ:32,264,1,-81,40
IQ:33,272,255,-30,110
IQ:34,280,2,6,158
IQ:35,288,255,72,4
SW:2
RR:3
SS:3
FR:2402
ME:33
MA:167
KE:16
KA:165
DF_END

Data arrived...
DF_BEGIN
IQ:0,0,11,-129,-107
IQ:1,8,11,-97,134
IQ:2,16,11,137,68
IQ:3,24,11,45,-152
IQ:4,32,11,-159,-36
IQ:5,40,11,-26,158
IQ:6,48,11,161,11
IQ:7,56,11,-11,-161
IQ:8,72,12,11,127
IQ:9,80,255,101,-21
IQ:10,88,1,-48,-108
IQ:11,96,255,-89,48
IQ:12,104,2,69,59
IQ:13,112,255,21,-80
IQ:14,120,10,-220,-18
IQ:15,128,255,-48,173
IQ:16,136,3,126,10
IQ:17,144,255,0,-86
IQ:18,152,9,-81,92
IQ:19,160,255,103,98
IQ:20,168,4,119,-72
IQ:21,176,255,-49,-105
IQ:22,184,8,0,79
IQ:23,192,255,84,33
IQ:24,200,7,26,-75
IQ:25,208,255,-89,-41
IQ:26,216,6,-62,66
IQ:27,224,255,58,37
IQ:28,232,5,10,-93
IQ:29,240,255,-126,-33
IQ:30,248,12,-110,68
IQ:31,256,255,72,68
IQ:32,264,1,59,-106
IQ:33,272,255,-97,-50
IQ:34,280,2,-11,83
IQ:35,288,255,111,-27
SW:2
RR:3
SS:3
FR:2480
ME:7
MA:164
KE:15
KA:165
DF_END

Data arrived...
DF_BEGIN
IQ:0,0,11,120,146
IQ:1,8,11,130,-131
IQ:2,16,11,-152,-123
IQ:3,24,11,-104,155
IQ:4,32,11,165,92
IQ:5,40,11,75,-179
IQ:6,48,11,-183,-67
IQ:7,56,11,-54,178
IQ:8,72,12,50,-214
IQ:9,80,255,-189,-20
IQ:10,88,1,0,188
IQ:11,96,255,158,-6
IQ:12,104,2,-56,-108
IQ:13,112,255,-81,97
IQ:14,120,10,215,162
IQ:15,128,255,176,-175
IQ:16,136,3,-187,-126
IQ:17,144,255,-108,145
IQ:18,152,9,118,-35
IQ:19,160,255,-66,-171
IQ:20,168,4,-257,40
IQ:21,176,255,-30,216
IQ:22,184,8,29,-69
IQ:23,192,255,-100,-81
IQ:24,200,7,-84,114
IQ:25,208,255,128,124
IQ:26,216,6,165,-64
IQ:27,224,255,-32,-121
IQ:28,232,5,-33,108
IQ:29,240,255,177,94
IQ:30,248,12,215,-52
IQ:31,256,255,-79,-160
IQ:32,264,1,-147,109
IQ:33,272,255,107,122
IQ:34,280,2,66,-100
IQ:35,288,255,-135,-47
SW:2
RR:3
SS:3
FR:2426
ME:7
MA:175
KE:14
KA:166
DF_END

Data arrived...
DF_BEGIN
IQ:0,0,11,41,-190
IQ:1,8,11,-183,-10
IQ:2,16,11,12,192
IQ:3,24,11,203,-6
IQ:4,32,11,-38,-191
IQ:5,40,11,-184,57
IQ:6,48,11,63,168
IQ:7,56,11,164,-84
IQ:8,72,12,-214,80
IQ:9,80,255,77,158
IQ:10,88,1,136,-123
IQ:11,96,255,-117,-101
IQ:12,104,2,-50,103
IQ:13,112,255,136,-23
IQ:14,120,10,-21,-275
IQ:15,128,255,-236,-1
IQ:16,136,3,43,228
IQ:17,144,255,165,-22
IQ:18,152,9,-87,-66
IQ:19,160,255,-71,164
IQ:20,168,4,189,140
IQ:21,176,255,175,-134
IQ:22,184,8,-77,12
IQ:23,192,255,8,129
IQ:24,200,7,133,-16
IQ:25,208,255,3,-174
IQ:26,216,6,-154,-80
IQ:27,224,255,-58,101
IQ:28,232,5,105,-53
IQ:29,240,255,-31,-191
IQ:30,248,12,-180,-137
IQ:31,256,255,-69,173
IQ:32,264,1,172,56
IQ:33,272,255,26,-152
IQ:34,280,2,-130,17
IQ:35,288,255,57,139
SW:2
RR:3
SS:3
FR:2426
ME:7
MA:175
KE:13
KA:167
DF_END

Data arrived...
DF_BEGIN
IQ:0,0,11,181,-7
IQ:1,8,11,-19,-189
IQ:2,16,11,-179,31
IQ:3,24,11,57,178
IQ:4,32,11,176,-75
IQ:5,40,11,-111,-171
IQ:6,48,11,-160,121
IQ:7,56,11,127,142
IQ:8,72,12,-154,-96
IQ:9,80,255,-51,77
IQ:10,88,1,105,-43
IQ:11,96,255,25,-95
IQ:12,104,2,25,-177
IQ:13,112,255,-94,-127
IQ:14,120,10,-21,-174
IQ:15,128,255,-132,38
IQ:16,136,3,31,309
IQ:17,144,255,131,16
IQ:18,152,9,-262,8
IQ:19,160,255,-50,213
IQ:20,168,4,163,36
IQ:21,176,255,68,-67
IQ:22,184,8,75,101
IQ:23,192,255,117,-76
IQ:24,200,7,-68,-224
IQ:25,208,255,-205,-26
IQ:26,216,6,-48,26
IQ:27,224,255,85,-59
IQ:28,232,5,-22,-320
IQ:29,240,255,-215,-139
IQ:30,248,12,-21,-181
IQ:31,256,255,-84,-15
IQ:32,264,1,91,71
IQ:33,272,255,108,-25
IQ:34,280,2,160,-62
IQ:35,288,255,3,-81
SW:2
RR:3
SS:3
FR:2402
ME:30
MA:164
KE:15
KA:166
DF_END

Data arrived...
DF_BEGIN
IQ:0,0,11,-47,-159
IQ:1,8,11,-154,52
IQ:2,16,11,76,141
IQ:3,24,11,137,-88
IQ:4,32,11,-93,-132
IQ:5,40,11,-115,105
IQ:6,48,11,126,102
IQ:7,56,11,98,-133
IQ:8,72,12,-71,104
IQ:9,80,255,96,39
IQ:10,88,1,18,-117
IQ:11,96,255,-98,-7
IQ:12,104,2,17,91
IQ:13,112,255,57,-58
IQ:14,120,10,-152,-143
IQ:15,128,255,-141,114
IQ:16,136,3,90,83
IQ:17,144,255,51,-62
IQ:18,152,9,-122,38
IQ:19,160,255,6,144
IQ:20,168,4,129,20
IQ:21,176,255,26,-116
IQ:22,184,8,-46,52
IQ:23,192,255,53,76
IQ:24,200,7,63,-44
IQ:25,208,255,-56,-83
IQ:26,216,6,-91,14
IQ:27,224,255,26,65
IQ:28,232,5,57,-70
IQ:29,240,255,-81,-92
IQ:30,248,12,-132,-6
IQ:31,256,255,12,96
IQ:32,264,1,102,-48
IQ:33,272,255,-45,-90
IQ:34,280,2,-60,59
IQ:35,288,255,99,61
SW:2
RR:3
SS:3
FR:2480
ME:7
MA:170
KE:14
KA:167
DF_END

Data arrived...
DF_BEGIN
IQ:0,0,11,-37,-128
IQ:1,8,11,-138,63
IQ:2,16,11,95,139
IQ:3,24,11,154,-59
IQ:4,32,11,-123,-163
IQ:5,40,11,-68,95
IQ:6,48,11,164,70
IQ:7,56,11,82,-109
IQ:8,72,12,-98,117
IQ:9,80,255,134,37
IQ:10,88,1,3,-107
IQ:11,96,255,-113,-23
IQ:12,104,2,-6,107
IQ:13,112,255,83,-43
IQ:14,120,10,-118,-170
IQ:15,128,255,-172,85
IQ:16,136,3,101,142
IQ:17,144,255,116,-77
IQ:18,152,9,-97,-11
IQ:19,160,255,-11,142
IQ:20,168,4,189,49
IQ:21,176,255,79,-148
IQ:22,184,8,-44,49
IQ:23,192,255,43,83
IQ:24,200,7,90,-51
IQ:25,208,255,-61,-120
IQ:26,216,6,-135,-3
IQ:27,224,255,-9,99
IQ:28,232,5,60,-74
IQ:29,240,255,-96,-115
IQ:30,248,12,-168,-25
IQ:31,256,255,-5,132
IQ:32,264,1,133,-25
IQ:33,272,255,-36,-114
IQ:34,280,2,-73,51
IQ:35,288,255,84,61
SW:2
RR:3
SS:3
FR:2426
ME:353
MA:353
KE:12
KA:166
DF_END

Data arrived...
DF_BEGIN
IQ:0,0,11,157,-121
IQ:1,8,11,-141,-141
IQ:2,16,11,-128,146
IQ:3,24,11,157,112
IQ:4,32,11,93,-169
IQ:5,40,11,-187,-86
IQ:6,48,11,-50,192
IQ:7,56,11,195,42
IQ:8,72,12,-174,29
IQ:9,80,255,-15,87
IQ:10,88,1,70,-92
IQ:11,96,255,-35,-125
IQ:12,104,2,-75,-166
IQ:13,112,255,-147,-55
IQ:14,120,10,-109,-119
IQ:15,128,255,-73,122
IQ:16,136,3,182,247
IQ:17,144,255,129,-66
IQ:18,152,9,-198,138
IQ:19,160,255,81,197
IQ:20,168,4,153,-38
IQ:21,176,255,20,-98
IQ:22,184,8,119,23
IQ:23,192,255,54,-124
IQ:24,200,7,-199,-165
IQ:25,208,255,-191,91
IQ:26,216,6,-13,50
IQ:27,224,255,34,-89
IQ:28,232,5,-176,-253
IQ:29,240,255,-257,9
IQ:30,248,12,-124,-141
IQ:31,256,255,-86,41
IQ:32,264,1,107,7
IQ:33,272,255,66,-99
IQ:34,280,2,104,-158
IQ:35,288,255,-46,-50
SW:2
RR:3
SS:3
FR:2402
ME:33
MA:164
KE:14
KA:166
DF_END

Data arrived...
DF_BEGIN
IQ:0,0,11,162,64
IQ:1,8,11,27,-169
IQ:2,16,11,-182,-6
IQ:3,24,11,5,176
IQ:4,32,11,174,-34
IQ:5,40,11,-42,-178
IQ:6,48,11,-167,51
IQ:7,56,11,55,169
IQ:8,72,12,-108,-104
IQ:9,80,255,-74,44
IQ:10,88,1,105,6
IQ:11,96,255,69,-81
IQ:12,104,2,55,-145
IQ:13,112,255,-43,-107
IQ:14,120,10,29,-117
IQ:15,128,255,-111,-5
IQ:16,136,3,-79,239
IQ:17,144,255,84,63
IQ:18,152,9,-200,-42
IQ:19,160,255,-80,157
IQ:20,168,4,99,67
IQ:21,176,255,70,-33
IQ:22,184,8,57,93
IQ:23,192,255,97,-44
IQ:24,200,7,-9,-185
IQ:25,208,255,-147,-52
IQ:26,216,6,-30,7
IQ:27,224,255,77,-25
IQ:28,232,5,44,-249
IQ:29,240,255,-131,-154
IQ:30,248,12,25,-158
IQ:31,256,255,-82,-24
IQ:32,264,1,42,91
IQ:33,272,255,100,9
IQ:34,280,2,148,-37
IQ:35,288,255,5,-57
SW:2
RR:3
SS:3
FR:2402
ME:33
MA:167
KE:16
KA:166
DF_END

Data arrived...
DF_BEGIN
IQ:0,0,11,110,109
IQ:1,8,11,94,-139
IQ:2,16,11,-141,-83
IQ:3,24,11,-62,152
IQ:4,32,11,155,53
IQ:5,40,11,31,-158
IQ:6,48,11,-162,-15
IQ:7,56,11,1,157
IQ:8,72,12,6,-131
IQ:9,80,255,-99,23
IQ:10,88,1,51,107
IQ:11,96,255,88,-49
IQ:12,104,2,-71,-53
IQ:13,112,255,-20,79
IQ:14,120,10,212,17
IQ:15,128,255,58,-177
IQ:16,136,3,-118,-31
IQ:17,144,255,-13,81
IQ:18,152,9,78,-90
IQ:19,160,255,-100,-107
IQ:20,168,4,-125,58
IQ:21,176,255,39,107
IQ:22,184,8,7,-69
IQ:23,192,255,-87,-32
IQ:24,200,7,-32,71
IQ:25,208,255,87,47
IQ:26,216,6,66,-63
IQ