IQ:27,224,255,99,-137
IQ:28,232,5,-150,-112
IQ:29,240,255,-63,135
IQ:30,248,12,134,-31
IQ:31,256,255,-13,-157
IQ:32,264,1,-100,11
IQ:33,272,255,14,125
IQ:34,280,2,95,13
IQ:35,288,255,-36,-84
SW:2
RR:3
SS:3
FR:2426
ME:2
MA:2
KE:3
KA:358
DF_END

Data arrived...
DF_BEGIN
IQ:0,0,11,-178,9
IQ:1,8,11,12,169
IQ:2,16,11,174,-41
IQ:3,24,11,-60,-168
IQ:4,32,11,-163,85
IQ:5,40,11,83,153
IQ:6,48,11,148,-105
IQ:7,56,11,-111,-141
IQ:8,72,12,101,127
IQ:9,80,255,131,-105
IQ:10,88,1,-101,-110
IQ:11,96,255,-112,114
IQ:12,104,2,86,100
IQ:13,112,255,73,-120
IQ:14,120,10,-165,-86
IQ:15,128,255,-85,141
IQ:16,136,3,121,0
IQ:17,144,255,1,-192
IQ:18,152,9,-203,-102
IQ:19,160,255,-56,168
IQ:20,168,4,181,-59
IQ:21,176,255,-54,-212
IQ:22,184,8,-144,-41
IQ:23,192,255,21,122
IQ:24,200,7,153,-44
IQ:25,208,255,-63,-134
IQ:26,216,6,-127,102
IQ:27,224,255,132,126
IQ:28,232,5,156,-135
IQ:29,240,255,-126,-117
IQ:30,248,12,-54,164
IQ:31,256,255,160,44
IQ:32,264,1,13,-146
IQ:33,272,255,-173,-29
IQ:34,280,2,-50,119
IQ:35,288,255,98,-10
SW:2
RR:3
SS:3
FR:2480
ME:2
MA:353
KE:2
KA:357
DF_END

Data arrived...
DF_BEGIN
IQ:0,0,11,91,160
IQ:1,8,11,151,-117
IQ:2,16,11,-130,-138
IQ:3,24,11,-131,137
IQ:4,32,11,154,114
IQ:5,40,11,104,-160
IQ:6,48,11,-157,-87
IQ:7,56,11,-55,177
IQ:8,72,12,-14,-191
IQ:9,80,255,-209,-12
IQ:10,88,1,1,146
IQ:11,96,255,169,2
IQ:12,104,2,11,-127
IQ:13,112,255,-150,55
IQ:14,120,10,81,257
IQ:15,128,255,233,-38
IQ:16,136,3,-112,-115
IQ:17,144,255,-155,183
IQ:18,152,9,117,281
IQ:19,160,255,216,-103
IQ:20,168,4,-171,-160
IQ:21,176,255,-172,170
IQ:22,184,8,110,118
IQ:23,192,255,85,-151
IQ:24,200,7,-199,-140
IQ:25,208,255,-98,182
IQ:26,216,6,209,24
IQ:27,224,255,18,-231
IQ:28,232,5,-242,-27
IQ:29,240,255,7,201
IQ:30,248,12,144,-114
IQ:31,256,255,-121,-174
IQ:32,264,1,-120,71
IQ:33,272,255,99,135
IQ:34,280,2,109,-62
IQ:35,288,255,-96,-83
SW:2
RR:3
SS:3
FR:2426
ME:2
MA:359
KE:2
KA:357
DF_END

Data arrived...
DF_BEGIN
IQ:0,0,11,-90,157
IQ:1,8,11,171,58
IQ:2,16,11,42,-179
IQ:3,24,11,-176,-36
IQ:4,32,11,-18,180
IQ:5,40,11,185,10
IQ:6,48,11,4,-177
IQ:7,56,11,-173,33
IQ:8,72,12,124,-79
IQ:9,80,255,-65,-141
IQ:10,88,1,-51,78
IQ:11,96,255,86,97
IQ:12,104,2,38,12
IQ:13,112,255,-99,-36
IQ:14,120,10,-214,190
IQ:15,128,255,116,178
IQ:16,136,3,25,-133
IQ:17,144,255,-202,-40
IQ:18,152,9,-158,171
IQ:19,160,255,151,86
IQ:20,168,4,15,-261
IQ:21,176,255,-248,-73
IQ:22,184,8,-83,125
IQ:23,192,255,150,58
IQ:24,200,7,105,-130
IQ:25,208,255,-112,-38
IQ:26,216,6,38,184
IQ:27,224,255,208,-64
IQ:28,232,5,-33,-256
IQ:29,240,255,-183,15
IQ:30,248,12,138,56
IQ:31,256,255,84,-131
IQ:32,264,1,-96,-8
IQ:33,272,255,-47,129
IQ:34,280,2,14,35
IQ:35,288,255,-19,-70
SW:2
RR:3
SS:3
FR:2402
ME:5
MA:353
KE:3
KA:357
DF_END

Data arrived...
DF_BEGIN
IQ:0,0,11,-61,176
IQ:1,8,11,177,44
IQ:2,16,11,23,-180
IQ:3,24,11,-185,2
IQ:4,32,11,26,183
IQ:5,40,11,179,-40
IQ:6,48,11,-62,-177
IQ:7,56,11,-176,67
IQ:8,72,12,103,-111
IQ:9,80,255,-92,-123
IQ:10,88,1,-53,82
IQ:11,96,255,98,89
IQ:12,104,2,36,-5
IQ:13,112,255,-111,-15
IQ:14,120,10,-177,217
IQ:15,128,255,142,157
IQ:16,136,3,-15,-130
IQ:17,144,255,-209,8
IQ:18,152,9,-88,215
IQ:19,160,255,177,50
IQ:20,168,4,-33,-266
IQ:21,176,255,-273,-22
IQ:22,184,8,-61,139
IQ:23,192,255,153,20
IQ:24,200,7,76,-155
IQ:25,208,255,-120,-20
IQ:26,216,6,76,158
IQ:27,224,255,185,-112
IQ:28,232,5,-72,-237
IQ:29,240,255,-170,48
IQ:30,248,12,149,43
IQ:31,256,255,59,-144
IQ:32,264,1,-101,9
IQ:33,272,255,-12,130
IQ:34,280,2,29,28
IQ:35,288,255,-39,-62
SW:2
RR:3
SS:3
FR:2402
ME:5
MA:5
KE:3
KA:358
DF_END

Data arrived...
DF_BEGIN
IQ:0,0,11,171,50
IQ:1,8,11,22,-168
IQ:2,16,11,-180,-11
IQ:3,24,11,22,167
IQ:4,32,11,171,-40
IQ:5,40,11,-56,-169
IQ:6,48,11,-162,69
IQ:7,56,11,83,159
IQ:8,72,12,-62,-155
IQ:9,80,255,-158,57
IQ:10,88,1,71,118
IQ:11,96,255,139,-85
IQ:12,104,2,-51,-115
IQ:13,112,255,-90,99
IQ:14,120,10,134,124
IQ:15,128,255,117,-113
IQ:16,136,3,-118,-47
IQ:17,144,255,-55,175
IQ:18,152,9,170,139
IQ:19,160,255,68,-147
IQ:20,168,4,-196,12
IQ:21,176,255,-3,217
IQ:22,184,8,124,74
IQ:23,192,255,29,-126
IQ:24,200,7,-162,-5
IQ:25,208,255,21,150
IQ:26,216,6,145,-57
IQ:27,224,255,-97,-150
IQ:28,232,5,-192,85
IQ:29,240,255,80,145
IQ:30,248,12,92,-140
IQ:31,256,255,-138,-100
IQ:32,264,1,-50,136
IQ:33,272,255,151,70
IQ:34,280,2,72,-101
IQ:35,288,255,-106,-21
SW:2
RR:3
SS:3
FR:2480
ME:2
MA:5
KE:3
KA:358
DF_END

Data arrived...
DF_BEGIN
IQ:0,0,11,150,112
IQ:1,8,11,83,-167
IQ:2,16,11,-177,-73
IQ:3,24,11,-73,164
IQ:4,32,11,180,32
IQ:5,40,11,10,-181
IQ:6,48,11,-182,-7
IQ:7,56,11,18,186
IQ:8,72,12,-97,-159
IQ:9,80,255,-195,80
IQ:10,88,1,52,128
IQ:11,96,255,148,-78
IQ:12,104,2,-40,-123
IQ:13,112,255,-109,111
IQ:14,120,10,187,191
IQ:15,128,255,174,-163
IQ:16,136,3,-145,-59
IQ:17,144,255,-76,234
IQ:18,152,9,228,195
IQ:19,160,255,153,-183
IQ:20,168,4,-227,-52
IQ:21,176,255,-79,233
IQ:22,184,8,146,69
IQ:23,192,255,19,-176
IQ:24,200,7,-240,-48
IQ:25,208,255,-23,217
IQ:26,216,6,206,-30
IQ:27,224,255,-82,-216
IQ:28,232,5,-247,64
IQ:29,240,255,70,186
IQ:30,248,12,78,-173
IQ:31,256,255,-171,-115
IQ:32,264,1,-73,115
IQ:33,272,255,150,84
IQ:34,280,2,79,-100
IQ:35,288,255,-119,-33
SW:2
RR:3
SS:3
FR:2426
ME:5
MA:5
KE:3
KA:359
DF_END

Data arrived...
DF_BEGIN
IQ:0,0,11,-173,68
IQ:1,8,11,81,169
IQ:2,16,11,165,-100
IQ:3,24,11,-99,-162
IQ:4,32,11,-138,123
IQ:5,40,11,141,129
IQ:6,48,11,114,-152
IQ:7,56,11,-169,-89
IQ:8,72,12,185,9
IQ:9,80,255,35,-208
IQ:10,88,1,-142,-32
IQ:11,96,255,-29,164
IQ:12,104,2,128,42
IQ:13,112,255,-18,-158
IQ:14,120,10,-270,30
IQ:15,128,255,16,232
IQ:16,136,3,128,-88
IQ:17,144,255,-157,-186
IQ:18,152,9,-305,74
IQ:19,160,255,65,238
IQ:20,168,4,176,-145
IQ:21,176,255,-138,-203
IQ:22,184,8,-144,78
IQ:23,192,255,128,123
IQ:24,200,7,190,-158
IQ:25,208,255,-153,-152
IQ:26,216,6,-91,194
IQ:27,224,255,218,63
IQ:28,232,5,72,-240
IQ:29,240,255,-195,-49
IQ:30,248,12,101,161
IQ:31,256,255,201,-74
IQ:32,264,1,-37,-144
IQ:33,272,255,-163,55
IQ:34,280,2,31,122
IQ:35,288,255,96,-81
SW:2
RR:3
SS:3
FR:2426
ME:2
MA:5
KE:3
KA:0
DF_END

Data arrived...
DF_BEGIN
IQ:0,0,11,46,-184
IQ:1,8,11,-184,-7
IQ:2,16,11,-16,187
IQ:3,24,11,183,6
IQ:4,32,11,-16,-180
IQ:5,40,11,-182,57
IQ:6,48,11,59,192
IQ:7,56,11,169,-75
IQ:8,72,12,-126,95
IQ:9,80,255,72,131
IQ:10,88,1,39,-92
IQ:11,96,255,-108,-83
IQ:12,104,2,-38,10
IQ:13,112,255,106,18
IQ:14,120,10,168,-216
IQ:15,128,255,-146,-156
IQ:16,136,3,14,131
IQ:17,144,255,206,-2
IQ:18,152,9,121,-194
IQ:19,160,255,-170,-60
IQ:20,168,4,20,277
IQ:21,176,255,262,35
IQ:22,184,8,60,-137
IQ:23,192,255,-155,-17
IQ:24,200,7,-83,158
IQ:25,208,255,109,6
IQ:26,216,6,-94,-165
IQ:27,224,255,-192,104
IQ:28,232,5,55,243
IQ:29,240,255,178,-41
IQ:30,248,12,-157,-32
IQ:31,256,255,-51,137
IQ:32,264,1,95,-14
IQ:33,272,255,18,-137
IQ:34,280,2,-26,-25
IQ:35,288,255,34,73
SW:2
RR:3
SS:3
FR:2402
ME:5
MA:356
KE:3
KA:0
DF_END

Data arrived...
DF_BEGIN
IQ:0,0,11,100,-144
IQ:1,8,11,-151,-99
IQ:2,16,11,-82,147
IQ:3,24,11,159,58
IQ:4,32,11,46,-168
IQ:5,40,11,-171,-22
IQ:6,48,11,3,173
IQ:7,56,11,172,-15
IQ:8,72,12,-169,8
IQ:9,80,255,10,167
IQ:10,88,1,137,-25
IQ:11,96,255,-44,-160
IQ:12,104,2,-128,8
IQ:13,112,255,47,115
IQ:14,120,10,165,-73
IQ:15,128,255,-57,-148
IQ:16,136,3,-96,95
IQ:17,144,255,147,102
IQ:18,152,9,192,-121
IQ:19,160,255,-100,-146
IQ:20,168,4,-68,180
IQ:21,176,255,185,103
IQ:22,184,8,102,-89
IQ:23,192,255,-120,-60
IQ:24,200,7,-51,157
IQ:25,208,255,142,22
IQ:26,216,6,-13,-167
IQ:27,224,255,-185,27
IQ:28,232,5,-2,207
IQ:29,240,255,165,-21
IQ:30,248,12,-103,-139
IQ:31,256,255,-145,97
IQ:32,264,1,101,99
IQ:33,272,255,115,-115
IQ:34,280,2,-75,-101
IQ:35,288,255,-69,87
SW:2
RR:3
SS:3
FR:2480
ME:2
MA:5
KE:3
KA:0
DF_END

Data arrived...
DF_BEGIN
IQ:0,0,11,-174,83
IQ:1,8,11,105,154
IQ:2,16,11,131,-131
IQ:3,24,11,-131,-135
IQ:4,32,11,-117,145
IQ:5,40,11,159,102
IQ:6,48,11,76,-168
IQ:7,56,11,-178,-72
IQ:8,72,12,190,-7
IQ:9,80,255,31,-205
IQ:10,88,1,-136,-24
IQ:11,96,255,-11,161
IQ:12,104,2,124,18
IQ:13,112,255,-48,-152
IQ:14,120,10,-253,61
IQ:15,128,255,38,234
IQ:16,136,3,110,-108
IQ:17,144,255,-176,-176
IQ:18,152,9,-277,76
IQ:19,160,255,90,214
IQ:20,168,4,152,-175
IQ:21,176,255,-170,-172
IQ:22,184,8,-134,100
IQ:23,192,255,145,93
IQ:24,200,7,145,-184
IQ:25,208,255,-171,-128
IQ:26,216,6,-68,200
IQ:27,224,255,219,49
IQ:28,232,5,37,-248
IQ:29,240,255,-199,-22
IQ:30,248,12,124,140
IQ:31,256,255,175,-119
IQ:32,264,1,-70,-122
IQ:33,272,255,-133,95
IQ:34,280,2,51,116
IQ:35,288,255,95,-92
SW:2
RR:3
SS:3
FR:2426
ME:2
MA:2
KE:3
KA:0
DF_END

Data arrived...
DF_BEGIN
IQ:0,0,11,178,-62
IQ:1,8,11,-79,-175
IQ:2,16,11,-162,96
IQ:3,24,11,119,147
IQ:4,32,11,131,-134
IQ:5,40,11,-154,-119
IQ:6,48,11,-107,156
IQ:7,56,11,168,92
IQ:8,72,12,-179,-20
IQ:9,80,255,-34,203
IQ:10,88,1,141,29
IQ:11,96,255,36,-161
IQ:12,104,2,-124,-44
IQ:13,112,255,26,152
IQ:14,120,10,268,-59
IQ:15,128,255,-15,-235
IQ:16,136,3,-129,98
IQ:17,144,255,133,195
IQ:18,152,9,292,-65
IQ:19,160,255,-78,-236
IQ:20,168,4,-195,142
IQ:21,176,255,124,208
IQ:22,184,8,143,-76
IQ:23,192,255,-130,-125
IQ:24,200,7,-176,161
IQ:25,208,255,155,146
IQ:26,216,6,87,-187
IQ:27,224,255,-222,-48
IQ:28,232,5,-72,246
IQ:29,240,255,187,60
IQ:30,248,12,-98,-162
IQ:31,256,255,-197,82
IQ:32,264,1,49,134
IQ:33,272,255,155,-67
IQ:34,280,2,-29,-124
IQ:35,288,255,-101,80
SW:2
RR:3
SS:3
FR:2426
ME:5
MA:5
KE:3
KA:1
DF_END

Data arrived...
DF_BEGIN
IQ:0,0,11,-110,145
IQ:1,8,11,157,80
IQ:2,16,11,51,-182
IQ:3,24,11,-183,-45
IQ:4,32,11,-21,188
IQ:5,40,11,173,17
IQ:6,48,11,8,-188
IQ:7,56,11,-176,17
IQ:8,72,12,138,-68
IQ:9,80,255,-59,-144
IQ:10,88,1,-67,73
IQ:11,96,255,81,109
IQ:12,104,2,52,5
IQ:13,112,255,-102,-37
IQ:14,120,10,-225,168
IQ:15,128,255,98,200
IQ:16,136,3,31,-131
IQ:17,144,255,-199,-62
IQ:18,152,9,-141,181
IQ:19,160,255,160,89
IQ:20,168,4,32,-268
IQ:21,176,255,-260,-82
IQ:22,184,8,-93,122
IQ:23,192,255,149,47
IQ:24,200,7,118,-136
IQ:25,208,255,-113,-44
IQ:26,216,6,44,188
IQ:27,224,255,214,-51
IQ:28,232,5,8,-249
IQ:29,240,255,-179,8
IQ:30,248,12,133,68
IQ:31,256,255,102,-127
IQ:32,264,1,-107,-14
IQ:33,272,255,-41,137
IQ:34,280,2,17,41
IQ:35,288,255,-13,-79
SW:2
RR:3
SS:3
FR:2402
ME:5
MA:2
KE:3
KA:1
DF_END

Data arrived...
DF_BEGIN
IQ:0,0,11,-188,-16
IQ:1,8,11,-10,179
IQ:2,16,11,186,-17
IQ:3,24,11,-40,-178
IQ:4,32,11,-181,52
IQ:5,40,11,59,170
IQ:6,48,11,172,-75
IQ:7,56,11,-85,-167
IQ:8,72,12,107,96
IQ:9,80,255,113,-110
IQ:10,88,1,-100,-40
IQ:11,96,255,-78,116
IQ:12,104,2,9,36
IQ:13,112,255,2,-110
IQ:14,120,10,-243,-142
IQ:15,128,255,-135,163
IQ:16,136,3,134,-30
IQ:17,144,255,-18,-209
IQ:18,152,9,-215,-79
IQ:19,160,255,-20,178
IQ:20,168,4,256,-77
IQ:21,176,255,-16,-261
IQ:22,184,8,-142,-41
IQ:23,192,255,4,156
IQ:24,200,7,158,50
IQ:25,208,255,-8,-122
IQ:26,216,6,-170,88
IQ:27,224,255,114,181
IQ:28,232,5,235,-105
IQ:29,240,255,-60,-164
IQ:30,248,12,-9,142
IQ:31,256,255,154,36
IQ:32,264,1,-22,-103
IQ:33,272,255,-143,-2
IQ:34,280,2,-20,24
IQ:35,288,255,60,-48
SW:2
RR:3
SS:3
FR:2402
ME:5
MA:353
KE:3
KA:0
DF_END

Data arrived...
DF_BEGIN
IQ:0,0,11,104,130
IQ:1,8,11,127,-113
IQ:2,16,11,-133,-112
IQ:3,24,11,-106,132
IQ:4,32,11,154,72
IQ:5,40,11,67,-156
IQ:6,48,11,-164,-44
IQ:7,56,11,-36,167
IQ:8,72,12,42,-167
IQ:9,80,255,-162,-53
IQ:10,88,1,-14,147
IQ:11,96,255,157,11
IQ:12,104,2,22,-122
IQ:13,112,255,-131,9
IQ:14,120,10,31,178
IQ:15,128,255,158,-35
IQ:16,136,3,-82,-94
IQ:17,144,255,-149,117
IQ:18,152,9,57,214
IQ:19,160,255,152,-74
IQ:20,168,4,-166,-98
IQ:21,176,255,-136,165
IQ:22,184,8,50,136
IQ:23,192,255,89,-98
IQ:24,200,7,-147,-86
IQ:25,208,255,-59,139
IQ:26,216,6,161,25
IQ:27,224,255,16,-189
IQ:28,232,5,-193,-52
IQ:29,240,255,-13,170
IQ:30,248,12,155,-59
IQ:31,256,255,-70,-160
IQ:32,264,1,-130,74
IQ:33,272,255,69,142
IQ:34,280,2,112,-50
IQ:35,288,255,-68,-84
SW:2
RR:3
SS:3
FR:2480
ME:2
MA:359
KE:3
KA:0
DF_END

Data arrived...
DF_BEGIN
IQ:0,0,11,-78,-182
IQ:1,8,11,-155,103
IQ:2,16,11,95,165
IQ:3,24,11,142,-146
IQ:4,32,11,-110,-140
IQ:5,40,11,-108,169
IQ:6,48,11,143,83
IQ:7,56,11,77,-197
IQ:8,72,12,10,193
IQ:9,80,255,205,31
IQ:10,88,1,39,-128
IQ:11,96,255,-163,-18
IQ:12,104,2,-38,134
IQ:13,112,255,162,-46
IQ:14,120,10,-39,-271
IQ:15,128,255,-228,51
IQ:16,136,3,92,135
IQ:17,144,255,210,-161
IQ:18,152,9,-59,-308
IQ:19,160,255,-202,81
IQ:20,168,4,131,197
IQ:21,176,255,163,-167
IQ:22,184,8,-73,-160
IQ:23,192,255,-105,168
IQ:24,200,7,170,179
IQ:25,208,255,106,-215
IQ:26,216,6,-291,-137
IQ:27,224,255,-65,233
IQ:28,232,5,231,58
IQ:29,240,255,34,-211
IQ:30,248,12,-149,138
IQ:31,256,255,67,145
IQ:32,264,1,156,-16
IQ:33,272,255,-82,-148
IQ:34,280,2,-75,-41
IQ:35,288,255,85,95
SW:2
RR:3
SS:3
FR:2426
ME:2
MA:5
KE:3
KA:1
DF_END

Data arrived...
DF_BEGIN
IQ:0,0,11,-74,131
IQ:1,8,11,132,64
IQ:2,16,11,49,-140
IQ:3,24,11,-148,-31
IQ:4,32,11,-23,147
IQ:5,40,11,154,5
IQ:6,48,11,-8,-151
IQ:7,56,11,-147,21
IQ:8,72,12,106,-59
IQ:9,80,255,-57,-112
IQ:10,88,1,-49,73
IQ:11,96,255,65,89
IQ:12,104,2,40,-8
IQ:13,112,255,-83,-35
IQ:14,120,10,-169,144
IQ:15,128,255,83,150
IQ:16,136,3,21,-113
IQ:17,144,255,-157,-64
IQ:18,152,9,-118,123
IQ:19,160,255,129,67
IQ:20,168,4,35,-209
IQ:21,176,255,-194,-72
IQ:22,184,8,-76,94
IQ:23,192,255,120,39
IQ:24,200,7,69,-105
IQ:25,208,255,-87,-29
IQ:26,216,6,32,148
IQ:27,224,255,168,-52
IQ:28,232,5,-12,-197
IQ:29,240,255,-138,8
IQ:30,248,12,117,51
IQ:31,256,255,76,-105
IQ:32,264,1,-86,-6
IQ:33,272,255,-38,107
IQ:34,280,2,20,30
IQ:35,288,255,-19,-67
SW:2
RR:3
SS:3
FR:2402
ME:5
MA:356
KE:3
KA:0
DF_END

Data arrived...
DF_BEGIN
IQ:0,0,11,-118,-134
IQ:1,8,11,-120,122
IQ:2,16,11,148,102
IQ:3,24,11,90,-150
IQ:4,32,11,-155,-66
IQ:5,40,11,-47,166
IQ:6,48,11,175,14
IQ:7,56,11,11,-178
IQ:8,72,12,-34,171
IQ:9,80,255,175,41
IQ:10,88,1,8,-142
IQ:11,96,255,-158,-8
IQ:12,104,2,-28,124
IQ:13,112,255,136,-15
IQ:14,120,10,-33,-171
IQ:15,128,255,-149,56
IQ:16,136,3,94,96
IQ:17,144,255,143,-129
IQ:18,152,9,-70,-220
IQ:19,160,255,-146,82
IQ:20,168,4,179,81
IQ:21,176,255,125,-191
IQ:22,184,8,-67,-124
IQ:23,192,255,-76,97
IQ:24,200,7,153,78
IQ:25,208,255,65,-143
IQ:26,216,6,-157,-12
IQ:27,224,255,4,189
IQ:28,232,5,203,34
IQ:29,240,255,1,-176
IQ:30,248,12,-150,71
IQ:31,256,255,77,161
IQ:32,264,1,117,-86
IQ:33,272,255,-106,-129
IQ:34,280,2,-110,57
IQ:35,288,255,84,73
SW:2
RR:3
SS:3
FR:2480
ME:2
MA:5
KE:3
KA:1
DF_END

Data arrived...
DF_BEGIN
IQ:0,0,11,60,-145
IQ:1,8,11,-138,-45
IQ:2,16,11,-1,130
IQ:3,24,11,162,-12
IQ:4,32,11,-22,-130
IQ:5,40,11,-147,35
IQ:6,48,11,22,137
IQ:7,56,11,140,-45
IQ:8,72,12,-92,100
IQ:9,80,255,91,128
IQ:10,88,1,90,-57
IQ:11,96,255,-78,-98
IQ:12,104,2,-87,47
IQ:13,112,255,92,68
IQ:14,120,10,121,-173
IQ:15,128,255,-144,-106
IQ:16,136,3,-20,120
IQ:17,144,255,187,18
IQ:18,152,9,120,-193
IQ:19,160,255,-165,-84
IQ:20,168,4,-2,178
IQ:21,176,255,180,5
IQ:22,184,8,13,-127
IQ:23,192,255,-129,26
IQ:24,200,7,8,184
IQ:25,208,255,151,-16
IQ:26,216,6,-81,-140
IQ:27,224,255,-139,100
IQ:28,232,5,110,161
IQ:29,240,255,126,-80
IQ:30,248,12,-140,-26
IQ:31,256,255,-60,151
IQ:32,264,1,98,36
IQ:33,272,255,37,-124
IQ:34,280,2,-87,-50
IQ:35,288,255,-5,95
SW:2
RR:3
SS:3
FR:2426
ME:2
MA:5
KE:3
KA:1
DF_END

Data arrived...
DF_BEGIN
IQ:0,0,11,58,187
IQ:1,8,11,181,-70
IQ:2,16,11,-81,-182
IQ:3,24,11,-167,99
IQ:4,32,11,133,149
IQ:5,40,11,143,-135
IQ:6,48,11,-144,-130
IQ:7,56,11,-113,161
IQ:8,72,12,34,-187
IQ:9,80,255,-203,-51
IQ:10,88,1,-45,137
IQ:11,96,255,167,39
IQ:12,104,2,50,-120
IQ:13,112,255,-154,11
IQ:14,120,10,0,281
IQ:15,128,255,242,29
IQ:16,136,3,-74,-143
IQ:17,144,255,-217,119
IQ:18,152,9,31,300
IQ:19,160,255,231,-48
IQ:20,168,4,-138,-207
IQ:21,176,255,-212,119
IQ:22,184,8,79,150
IQ:23,192,255,133,-126
IQ:24,200,7,-133,-206
IQ:25,208,255,-158,139
IQ:26,216,6,182,99
IQ:27,224,255,81,-225
IQ:28,232,5,-230,-102
IQ:29,240,255,-63,188
IQ:30,248,12,173,-88
IQ:31,256,255,-68,-201
IQ:32,264,1,-137,42
IQ:33,272,255,60,160
IQ:34,280,2,135,-21
IQ:35,288,255,-69,-116
SW:2
RR:3
SS:3
FR:2426
ME:2
MA:5
KE:3
KA:1
DF_END

Data arrived...
DF_BEGIN
IQ:0,0,11,125,144
IQ:1,8,11,124,-136
IQ:2,16,11,-144,-125
IQ:3,24,11,-101,151
IQ:4,32,11,162,74
IQ:5,40,11,64,-172
IQ:6,48,11,-170,-53
IQ:7,56,11,-42,186
IQ:8,72,12,-31,-155
IQ:9,80,255,-153,9
IQ:10,88,1,56,82
IQ:11,96,255,137,-35
IQ:12,104,2,17,-45
IQ:13,112,255,-73,81
IQ:14,120,10,74,269
IQ:15,128,255,214,-57
IQ:16,136,3,-120,-76
IQ:17,144,255,-135,165
IQ:18,152,9,102,206
IQ:19,160,255,140,-126
IQ:20,168,4,-241,-125
IQ:21,176,255,-160,202
IQ:22,184,8,86,127
IQ:23,192,255,89,-126
IQ:24,200,7,-122,-124
IQ:25,208,255,-71,104
IQ:26,216,6,184,21
IQ:27,224,255,17,-225
IQ:28,232,5,-246,-69
IQ:29,240,255,-53,173
IQ:30,248,12,124,-111
IQ:31,256,255,-88,-132
IQ:32,264,1,-44,97
IQ:33,272,255,108,95
IQ:34,280,2,42,1
IQ:35,288,255,-68,-4
SW:2
RR:3
SS:3
FR:2402
ME:5
MA:5
KE:3
KA:2
DF_END

Data arrived...
DF_BEGIN
IQ:0,0,11,-165,-67
IQ:1,8,11,-48,170
IQ:2,16,11,174,26
IQ:3,24,11,11,-183
IQ:4,32,11,-183,-5
IQ:5,40,11,12,170
IQ:6,48,11,172,-44
IQ:7,56,11,-74,-160
IQ:8,72,12,52,174
IQ:9,80,255,175,-55
IQ:10,88,1,-63,-140
IQ:11,96,255,-145,82
IQ:12,104,2,42,128
IQ:13,112,255,98,-90
IQ:14,120,10,-128,-146
IQ:15,128,255,-122,113
IQ:16,136,3,118,63
IQ:17,144,255,63,-180
IQ:18,152,9,-188,-142
IQ:19,160,255,-97,156
IQ:20,168,4,202,9
IQ:21,176,255,40,-216
IQ:22,184,8,-129,-78
IQ:23,192,255,-31,129
IQ:24,200,7,178,2
IQ:25,208,255,-15,-163
IQ:26,216,6,-167,52
IQ:27,224,255,70,170
IQ:28,232,5,206,-59
IQ:29,240,255,-61,-155
IQ:30,248