IQ:26,216,6,94,-109
IQ:27,224,255,-145,-88
IQ:28,232,5,-124,153
IQ:29,240,255,136,91
IQ:30,248,12,46,-123
IQ:31,256,255,-126,-30
IQ:32,264,1,14,146
IQ:33,272,255,145,-36
IQ:34,280,2,-43,-149
IQ:35,288,255,-185,31
SW:2
RR:3
SS:3
FR:2480
ME:359
MA:353
KE:359
KA:356
DF_END

Data arrived...
DF_BEGIN
IQ:0,0,11,157,-38
IQ:1,8,11,-35,-149
IQ:2,16,11,-147,58
IQ:3,24,11,81,138
IQ:4,32,11,137,-92
IQ:5,40,11,-98,-126
IQ:6,48,11,-99,118
IQ:7,56,11,127,93
IQ:8,72,12,-128,-18
IQ:9,80,255,15,123
IQ:10,88,1,137,-67
IQ:11,96,255,-80,-140
IQ:12,104,2,-122,93
IQ:13,112,255,115,116
IQ:14,120,10,186,-176
IQ:15,128,255,-133,-178
IQ:16,136,3,-68,94
IQ:17,144,255,110,39
IQ:18,152,9,-6,-164
IQ:19,160,255,-187,-30
IQ:20,168,4,-103,102
IQ:21,176,255,102,52
IQ:22,184,8,1,-109
IQ:23,192,255,-114,11
IQ:24,200,7,41,128
IQ:25,208,255,136,-58
IQ:26,216,6,-52,-142
IQ:27,224,255,-145,88
IQ:28,232,5,80,175
IQ:29,240,255,153,-81
IQ:30,248,12,-65,-114
IQ:31,256,255,-78,83
IQ:32,264,1,136,54
IQ:33,272,255,41,-151
IQ:34,280,2,-150,-47
IQ:35,288,255,-58,169
SW:2
RR:3
SS:3
FR:2480
ME:359
MA:353
KE:359
KA:356
DF_END

Data arrived...
DF_BEGIN
IQ:0,0,11,-173,32
IQ:1,8,11,37,159
IQ:2,16,11,162,-66
IQ:3,24,11,-73,-142
IQ:4,32,11,-146,96
IQ:5,40,11,106,139
IQ:6,48,11,125,-110
IQ:7,56,11,-130,-107
IQ:8,72,12,90,-13
IQ:9,80,255,-19,-139
IQ:10,88,1,-103,18
IQ:11,96,255,49,120
IQ:12,104,2,186,-25
IQ:13,112,255,-53,-208
IQ:14,120,10,-243,91
IQ:15,128,255,88,230
IQ:16,136,3,143,-99
IQ:17,144,255,-129,-70
IQ:18,152,9,-39,172
IQ:19,160,255,144,118
IQ:20,168,4,95,-118
IQ:21,176,255,-108,-92
IQ:22,184,8,24,121
IQ:23,192,255,147,-28
IQ:24,200,7,-42,-140
IQ:25,208,255,-182,56
IQ:26,216,6,14,150
IQ:27,224,255,145,-56
IQ:28,232,5,-68,-196
IQ:29,240,255,-199,32
IQ:30,248,12,62,61
IQ:31,256,255,42,-99
IQ:32,264,1,-81,-86
IQ:33,272,255,-66,117
IQ:34,280,2,146,122
IQ:35,288,255,97,-121
SW:2
RR:3
SS:3
FR:2426
ME:359
MA:353
KE:359
KA:355
DF_END

Data arrived...
DF_BEGIN
IQ:0,0,11,-188,0
IQ:1,8,11,18,185
IQ:2,16,11,180,-34
IQ:3,24,11,-54,-175
IQ:4,32,11,-175,58
IQ:5,40,11,69,177
IQ:6,48,11,166,-84
IQ:7,56,11,-114,-139
IQ:8,72,12,146,79
IQ:9,80,255,61,-161
IQ:10,88,1,-182,-61
IQ:11,96,255,-44,183
IQ:12,104,2,177,21
IQ:13,112,255,-10,-175
IQ:14,120,10,-209,34
IQ:15,128,255,30,199
IQ:16,136,3,178,-41
IQ:17,144,255,-60,-163
IQ:18,152,9,-112,89
IQ:19,160,255,119,118
IQ:20,168,4,148,-130
IQ:21,176,255,-124,-143
IQ:22,184,8,-96,117
IQ:23,192,255,154,70
IQ:24,200,7,73,-155
IQ:25,208,255,-166,-60
IQ:26,216,6,-64,175
IQ:27,224,255,161,30
IQ:28,232,5,-20,-174
IQ:29,240,255,-181,33
IQ:30,248,12,20,167
IQ:31,256,255,162,-52
IQ:32,264,1,-68,-180
IQ:33,272,255,-174,80
IQ:34,280,2,90,151
IQ:35,288,255,152,-115
SW:2
RR:3
SS:3
FR:2402
ME:359
MA:5
KE:359
KA:356
DF_END

Data arrived...
DF_BEGIN
IQ:0,0,11,-110,-98
IQ:1,8,11,-87,118
IQ:2,16,11,130,68
IQ:3,24,11,70,-134
IQ:4,32,11,-137,-67
IQ:5,40,11,-39,134
IQ:6,48,11,145,17
IQ:7,56,11,4,-153
IQ:8,72,12,39,123
IQ:9,80,255,130,-61
IQ:10,88,1,-84,-131
IQ:11,96,255,-126,94
IQ:12,104,2,94,112
IQ:13,112,255,88,-105
IQ:14,120,10,-146,-73
IQ:15,128,255,-73,150
IQ:16,136,3,131,67
IQ:17,144,255,53,-123
IQ:18,152,9,-113,-9
IQ:19,160,255,13,134
IQ:20,168,4,148,-11
IQ:21,176,255,-3,-151
IQ:22,184,8,-122,20
IQ:23,192,255,40,126
IQ:24,200,7,127,-52
IQ:25,208,255,-63,-119
IQ:26,216,6,-122,80
IQ:27,224,255,100,96
IQ:28,232,5,73,-122
IQ:29,240,255,-122,-78
IQ:30,248,12,-75,114
IQ:31,256,255,129,53
IQ:32,264,1,42,-146
IQ:33,272,255,-149,-26
IQ:34,280,2,-21,143
IQ:35,288,255,153,11
SW:2
RR:3
SS:3
FR:2402
ME:359
MA:5
KE:359
KA:357
DF_END

Data arrived...
DF_BEGIN
IQ:0,0,11,-153,-45
IQ:1,8,11,-24,166
IQ:2,16,11,153,9
IQ:3,24,11,-40,-155
IQ:4,32,11,-160,50
IQ:5,40,11,57,152
IQ:6,48,11,139,-79
IQ:7,56,11,-93,-134
IQ:8,72,12,117,59
IQ:9,80,255,34,-124
IQ:10,88,1,-160,-10
IQ:11,96,255,10,153
IQ:12,104,2,141,-39
IQ:13,112,255,-79,-135
IQ:14,120,10,-244,109
IQ:15,128,255,39,226
IQ:16,136,3,100,-62
IQ:17,144,255,-95,-79
IQ:18,152,9,-56,146
IQ:19,160,255,163,87
IQ:20,168,4,123,-73
IQ:21,176,255,-89,-88
IQ:22,184,8,-55,102
IQ:23,192,255,118,34
IQ:24,200,7,25,-137
IQ:25,208,255,-156,-18
IQ:26,216,6,-10,142
IQ:27,224,255,164,-39
IQ:28,232,5,-32,-200
IQ:29,240,255,-174,12
IQ:30,248,12,26,128
IQ:31,256,255,113,-51
IQ:32,264,1,-106,-108
IQ:33,272,255,-87,125
IQ:34,280,2,136,80
IQ:35,288,255,93,-159
SW:2
RR:3
SS:3
FR:2480
ME:2
MA:5
KE:359
KA:358
DF_END

Data arrived...
DF_BEGIN
IQ:0,0,11,-138,94
IQ:1,8,11,89,151
IQ:2,16,11,119,-110
IQ:3,24,11,-128,-103
IQ:4,32,11,-93,144
IQ:5,40,11,152,65
IQ:6,48,11,71,-158
IQ:7,56,11,-158,-45
IQ:8,72,12,69,-45
IQ:9,80,255,-44,-84
IQ:10,88,1,-107,55
IQ:11,96,255,89,99
IQ:12,104,2,147,-94
IQ:13,112,255,-116,-107
IQ:14,120,10,-182,195
IQ:15,128,255,135,163
IQ:16,136,3,91,-143
IQ:17,144,255,-121,-37
IQ:18,152,9,41,156
IQ:19,160,255,191,-55
IQ:20,168,4,22,-122
IQ:21,176,255,-102,13
IQ:22,184,8,51,93
IQ:23,192,255,111,-81
IQ:24,200,7,-59,-128
IQ:25,208,255,-123,117
IQ:26,216,6,67,129
IQ:27,224,255,127,-112
IQ:28,232,5,-152,-145
IQ:29,240,255,-152,112
IQ:30,248,12,76,21
IQ:31,256,255,15,-94
IQ:32,264,1,-99,-52
IQ:33,272,255,-26,121
IQ:34,280,2,176,62
IQ:35,288,255,35,-206
SW:2
RR:3
SS:3
FR:2426
ME:359
MA:353
KE:359
KA:357
DF_END

Data arrived...
DF_BEGIN
IQ:0,0,11,-120,142
IQ:1,8,11,148,110
IQ:2,16,11,78,-163
IQ:3,24,11,-175,-62
IQ:4,32,11,-36,180
IQ:5,40,11,178,19
IQ:6,48,11,15,-192
IQ:7,56,11,-182,2
IQ:8,72,12,150,-72
IQ:9,80,255,-110,-123
IQ:10,88,1,-144,138
IQ:11,96,255,124,147
IQ:12,104,2,121,-128
IQ:13,112,255,-152,-96
IQ:14,120,10,-79,194
IQ:15,128,255,183,81
IQ:16,136,3,62,-170
IQ:17,144,255,-164,-42
IQ:18,152,9,5,142
IQ:19,160,255,157,-42
IQ:20,168,4,-32,-196
IQ:21,176,255,-190,21
IQ:22,184,8,50,147
IQ:23,192,255,145,-69
IQ:24,200,7,-84,-151
IQ:25,208,255,-137,111
IQ:26,216,6,114,146
IQ:27,224,255,113,-123
IQ:28,232,5,-147,-79
IQ:29,240,255,-73,168
IQ:30,248,12,149,73
IQ:31,256,255,48,-161
IQ:32,264,1,-189,-37
IQ:33,272,255,-34,186
IQ:34,280,2,178,13
IQ:35,288,255,-8,-189
SW:2
RR:3
SS:3
FR:2402
ME:359
MA:353
KE:359
KA:357
DF_END

Data arrived...
DF_BEGIN
IQ:0,0,11,-182,32
IQ:1,8,11,55,176
IQ:2,16,11,171,-66
IQ:3,24,11,-94,-162
IQ:4,32,11,-146,109
IQ:5,40,11,121,152
IQ:6,48,11,145,-127
IQ:7,56,11,-133,-123
IQ:8,72,12,165,55
IQ:9,80,255,43,-175
IQ:10,88,1,-188,-35
IQ:11,96,255,-7,191
IQ:12,104,2,176,-12
IQ:13,112,255,-40,-167
IQ:14,120,10,-196,82
IQ:15,128,255,74,194
IQ:16,136,3,165,-76
IQ:17,144,255,-79,-145
IQ:18,152,9,-104,98
IQ:19,160,255,138,95
IQ:20,168,4,112,-156
IQ:21,176,255,-154,-105
IQ:22,184,8,-74,136
IQ:23,192,255,155,46
IQ:24,200,7,43,-171
IQ:25,208,255,-174,-33
IQ:26,216,6,-21,182
IQ:27,224,255,162,-5
IQ:28,232,5,-54,-168
IQ:29,240,255,-175,61
IQ:30,248,12,57,154
IQ:31,256,255,155,-77
IQ:32,264,1,-102,-166
IQ:33,272,255,-161,102
IQ:34,280,2,121,141
IQ:35,288,255,125,-139
SW:2
RR:3
SS:3
FR:2402
ME:359
MA:5
KE:359
KA:358
DF_END

Data arrived...
DF_BEGIN
IQ:0,0,11,-80,136
IQ:1,8,11,137,74
IQ:2,16,11,39,-146
IQ:3,24,11,-159,-26
IQ:4,32,11,-9,152
IQ:5,40,11,158,-1
IQ:6,48,11,-27,-153
IQ:7,56,11,-154,32
IQ:8,72,12,88,-105
IQ:9,80,255,-101,-73
IQ:10,88,1,-52,135
IQ:11,96,255,141,47
IQ:12,104,2,12,-145
IQ:13,112,255,-161,18
IQ:14,120,10,5,253
IQ:15,128,255,222,33
IQ:16,136,3,-17,-108
IQ:17,144,255,-95,52
IQ:18,152,9,125,87
IQ:19,160,255,128,-133
IQ:20,168,4,-34,-139
IQ:21,176,255,-107,42
IQ:22,184,8,83,77
IQ:23,192,255,61,-105
IQ:24,200,7,-127,-56
IQ:25,208,255,-54,125
IQ:26,216,6,128,50
IQ:27,224,255,24,-157
IQ:28,232,5,-179,-38
IQ:29,240,255,-32,175
IQ:30,248,12,134,26
IQ:31,256,255,-14,-115
IQ:32,264,1,-136,62
IQ:33,272,255,67,135
IQ:34,280,2,118,-80
IQ:35,288,255,-101,-143
SW:2
RR:3
SS:3
FR:2480
ME:359
MA:353
KE:359
KA:357
DF_END

Data arrived...
DF_BEGIN
IQ:0,0,11,-77,169
IQ:1,8,11,169,44
IQ:2,16,11,21,-179
IQ:3,24,11,-177,5
IQ:4,32,11,18,181
IQ:5,40,11,170,-33
IQ:6,48,11,-58,-172
IQ:7,56,11,-161,72
IQ:8,72,12,22,-93
IQ:9,80,255,-120,-35
IQ:10,88,1,-48,114
IQ:11,96,255,134,29
IQ:12,104,2,51,-188
IQ:13,112,255,-190,-22
IQ:14,120,10,-13,271
IQ:15,128,255,224,30
IQ:16,136,3,-28,-172
IQ:17,144,255,-135,52
IQ:18,152,9,137,110
IQ:19,160,255,145,-130
IQ:20,168,4,-63,-132
IQ:21,176,255,-106,82
IQ:22,184,8,110,49
IQ:23,192,255,49,-136
IQ:24,200,7,-151,-56
IQ:25,208,255,-49,155
IQ:26,216,6,155,57
IQ:27,224,255,13,-171
IQ:28,232,5,-228,-30
IQ:29,240,255,-50,185
IQ:30,248,12,79,-24
IQ:31,256,255,-44,-112
IQ:32,264,1,-113,45
IQ:33,272,255,79,117
IQ:34,280,2,177,-94
IQ:35,288,255,-105,-173
SW:2
RR:3
SS:3
FR:2426
ME:359
MA:353
KE:359
KA:357
DF_END

Data arrived...
DF_BEGIN
IQ:0,0,11,53,151
IQ:1,8,11,51,-122
IQ:2,16,11,-64,-129
IQ:3,24,11,-180,162
IQ:4,32,11,95,74
IQ:5,40,11,4,-177
IQ:6,48,11,-88,-51
IQ:7,56,11,5,179
IQ:8,72,12,-90,-87
IQ:9,80,255,-19,112
IQ:10,88,1,-9,46
IQ:11,96,255,37,-136
IQ:12,104,2,-167,-194
IQ:13,112,255,-125,104
IQ:14,120,10,267,199
IQ:15,128,255,100,-238
IQ:16,136,3,-180,-80
IQ:17,144,255,-37,84
IQ:18,152,9,155,-123
IQ:19,160,255,-31,-242
IQ:20,168,4,-125,58
IQ:21,176,255,9,174
IQ:22,184,8,70,-26
IQ:23,192,255,-88,-178
IQ:24,200,7,-92,62
IQ:25,208,255,88,185
IQ:26,216,6,168,-147
IQ:27,224,255,-156,-53
IQ:28,232,5,-75,134
IQ:29,240,255,171,106
IQ:30,248,12,-38,-30
IQ:31,256,255,-159,22
IQ:32,264,1,36,54
IQ:33,272,255,181,-22
IQ:34,280,2,-57,-152
IQ:35,288,255,-248,-12
SW:2
RR:3
SS:3
FR:2426
ME:2
MA:5
KE:359
KA:358
DF_END

Data arrived...
DF_BEGIN
IQ:0,0,11,-76,-163
IQ:1,8,11,-154,99
IQ:2,16,11,115,155
IQ:3,24,11,133,-126
IQ:4,32,11,-135,-133
IQ:5,40,11,-129,132
IQ:6,48,11,149,102
IQ:7,56,11,69,-164
IQ:8,72,12,-19,174
IQ:9,80,255,169,-7
IQ:10,88,1,-14,-195
IQ:11,96,255,-188,35
IQ:12,104,2,53,170
IQ:13,112,255,149,-79
IQ:14,120,10,-129,-163
IQ:15,128,255,-170,125
IQ:16,136,3,117,132
IQ:17,144,255,110,-113
IQ:18,152,9,-127,-60
IQ:19,160,255,-45,163
IQ:20,168,4,177,80
IQ:21,176,255,64,-169
IQ:22,184,8,-150,-33
IQ:23,192,255,5,161
IQ:24,200,7,171,-1
IQ:25,208,255,-17,-173
IQ:26,216,6,-189,21
IQ:27,224,255,49,157
IQ:28,232,5,137,-98
IQ:29,240,255,-115,-151
IQ:30,248,12,-142,93
IQ:31,256,255,122,125
IQ:32,264,1,122,-137
IQ:33,272,255,-149,-122
IQ:34,280,2,-107,148
IQ:35,288,255,163,79
SW:2
RR:3
SS:3
FR:2402
ME:359
MA:5
KE:359
KA:358
DF_END

Data arrived...
DF_BEGIN
IQ:0,0,11,-70,-146
IQ:1,8,11,-140,81
IQ:2,16,11,95,126
IQ:3,24,11,112,-108
IQ:4,32,11,-126,-103
IQ:5,40,11,-79,124
IQ:6,48,11,140,66
IQ:7,56,11,45,-142
IQ:8,72,12,15,123
IQ:9,80,255,110,-48
IQ:10,88,1,-91,-116
IQ:11,96,255,-106,106
IQ:12,104,2,119,87
IQ:13,112,255,68,-145
IQ:14,120,10,-224,-130
IQ:15,128,255,-138,173
IQ:16,136,3,117,34
IQ:17,144,255,1,-112
IQ:18,152,9,-147,61
IQ:19,160,255,23,187
IQ:20,168,4,124,65
IQ:21,176,255,20,-114
IQ:22,184,8,-104,23
IQ:23,192,255,62,97
IQ:24,200,7,104,-85
IQ:25,208,255,-89,-120
IQ:26,216,6,-117,78
IQ:27,224,255,122,103
IQ:28,232,5,141,-142
IQ:29,240,255,-131,-117
IQ:30,248,12,-82,95
IQ:31,256,255,107,50
IQ:32,264,1,20,-152
IQ:33,272,255,-156,-24
IQ:34,280,2,0,153
IQ:35,288,255,184,-13
SW:2
RR:3
SS:3
FR:2480
ME:359
MA:353
KE:359
KA:358
DF_END

Data arrived...
DF_BEGIN
IQ:0,0,11,-38,148
IQ:1,8,11,153,24
IQ:2,16,11,9,-148
IQ:3,24,11,-158,15
IQ:4,32,11,27,147
IQ:5,40,11,147,-43
IQ:6,48,11,-64,-135
IQ:7,56,11,-132,80
IQ:8,72,12,57,-104
IQ:9,80,255,-113,-21
IQ:10,88,1,1,149
IQ:11,96,255,139,5
IQ:12,104,2,-39,-135
IQ:13,112,255,-136,68
IQ:14,120,10,91,240
IQ:15,128,255,209,-40
IQ:16,136,3,-54,-101
IQ:17,144,255,-81,66
IQ:18,152,9,142,45
IQ:19,160,255,82,-161
IQ:20,168,4,-64,-119
IQ:21,176,255,-97,76
IQ:22,184,8,81,48
IQ:23,192,255,22,-101
IQ:24,200,7,-132,-5
IQ:25,208,255,8,143
IQ:26,216,6,135,2
IQ:27,224,255,-31,-157
IQ:28,232,5,-191,0
IQ:29,240,255,-4,169
IQ:30,248,12,126,-17
IQ:31,256,255,-57,-98
IQ:32,264,1,-105,101
IQ:33,272,255,103,103
IQ:34,280,2,80,-110
IQ:35,288,255,-136,-108
SW:2
RR:3
SS:3
FR:2480
ME:359
MA:353
KE:359
KA:357
DF_END

Data arrived...
DF_BEGIN
IQ:0,0,11,-111,191
IQ:1,8,11,164,83
IQ:2,16,11,59,-169
IQ:3,24,11,-200,-78
IQ:4,32,11,-2,165
IQ:5,40,11,174,-4
IQ:6,48,11,5,-178
IQ:7,56,11,-149,10
IQ:8,72,12,41,-60
IQ:9,80,255,-107,-71
IQ:10,88,1,-64,70
IQ:11,96,255,127,25
IQ:12,104,2,67,-177
IQ:13,112,255,-91,-114
IQ:14,120,10,-64,263
IQ:15,128,255,229,59
IQ:16,136,3,11,-179
IQ:17,144,255,-136,-36
IQ:18,152,9,101,117
IQ:19,160,255,185,-98
IQ:20,168,4,-114,-101
IQ:21,176,255,-100,38
IQ:22,184,8,74,49
IQ:23,192,255,71,-121
IQ:24,200,7,-121,-119
IQ:25,208,255,-61,147
IQ:26,216,6,150,88
IQ:27,224,255,51,-188
IQ:28,232,5,-200,-64
IQ:29,240,255,-58,169
IQ:30,248,12,77,-17
IQ:31,256,255,-54,-113
IQ:32,264,1,-108,8
IQ:33,272,255,44,126
IQ:34,280,2,180,-53
IQ:35,288,255,-66,-185
SW:2
RR:3
SS:3
FR:2426
ME:359
MA:353
KE:359
KA:357
DF_END

Data arrived...
DF_BEGIN
IQ:0,0,11,147,90
IQ:1,8,11,65,-167
IQ:2,16,11,-173,-62
IQ:3,24,11,-51,179
IQ:4,32,11,177,35
IQ:5,40,11,24,-188
IQ:6,48,11,-177,-9
IQ:7,56,11,30,171
IQ:8,72,12,-83,-146
IQ:9,80,255,-139,99
IQ:10,88,1,117,158
IQ:11,96,255,137,-113
IQ:12,104,2,-144,-113
IQ:13,112,255,-91,151
IQ:14,120,10,190,85
IQ:15,128,255,71,-193
IQ:16,136,3,-167,-58
IQ:17,144,255,-38,158
IQ:18,152,9,138,-6
IQ:19,160,255,-43,-158
IQ:20,168,4,-194,42
IQ:21,176,255,47,169
IQ:22,184,8,146,-59
IQ:23,192,255,-72,-157
IQ:24,200,7,-139,89
IQ:25,208,255,105,132
IQ:26,216,6,131,-116
IQ:27,224,255,-124,-107
IQ:28,232,5,-77,151
IQ:29,240,255,165,64
IQ:30,248,12,66,-151
IQ:31,256,255,-172,-57
IQ:32,264,1,-54,181
IQ:33,272,255,182,24
IQ:34,280,2,10,-176
IQ:35,288,255,-181,13
SW:2
RR:3
SS:3
FR:2402
ME:359
MA:5
KE:359
KA:358
DF_END

Data arrived...
DF_BEGIN
IQ:0,0,11,26,-192
IQ:1,8,11,-206,-22
IQ:2,16,11,-3,185
IQ:3,24,11,197,-31
IQ:4,32,11,-41,-199
IQ:5,40,11,-193,51
IQ:6,48,11,79,179
IQ:7,56,11,180,-93
IQ:8,72,12,-62,151
IQ:9,80,255,149,27
IQ:10,88,1,2,-187
IQ:11,96,255,-196,9
IQ:12,104,2,42,183
IQ:13,112,255,177,-106
IQ:14,120,10,-134,-294
IQ:15,128,255,-260,85
IQ:16,136,3,79,125
IQ:17,144,255,109,-85
IQ:18,152,9,-181,-59
IQ:19,160,255,-119,211
IQ:20,168,4,77,159
IQ:21,176,255,126,-96
IQ:22,184,8,-119,-57
IQ:23,192,255,-21,145
IQ:24,200,7,175,1
IQ:25,208,255,8,-178
IQ:26,216,6,-183,-25
IQ:27,224,255,19,197
IQ:28,232,5,237,-30
IQ:29,240,255,-21,-223
IQ:30,248,12,-154,36
IQ:31,256,255,78,143
IQ:32,264,1,131,-141
IQ:33,272,255,-143,-133
IQ:34,280,2,-111,149
IQ:35,288,255,177,138
SW:2
RR:3
SS:3
FR:2480
ME:359
MA:5
KE:359
KA:358
DF_END

Data arrived...
DF_BEGIN
IQ:0,0,11,97,136
IQ:1,8,11,121,-104
IQ:2,16,11,-121,-101
IQ:3,24,11,-91,132
IQ:4,32,11,147,65
IQ:5,40,11,47,-144
IQ:6,48,11,-157,-39
IQ:7,56,11,-23,148
IQ:8,72,12,-55,-129
IQ:9,80,255,-98,87
IQ:10,88,1,131,92
IQ:11,96,255,96,-117
IQ:12,104,2,-151,-74
IQ:13,112,255,-37,164
IQ:14,120,10,249,97
IQ:15,128,255,106,-207
IQ:16,136,3,-128,-30
IQ:17,144,255,21,114
IQ:18,152,9,138,-87
IQ:19,160,255,-81,-185
IQ:20,168,4,-148,-21
IQ:21,176,255,6,109
IQ:22,184,8,87,-52
IQ:23,192,255,-88,-105
IQ:24,200,7,-103,97
IQ:25,208,255,110,118
IQ:26,216,6,95,-108
IQ:27,224,255,-145,-90
IQ:28,232,5,-108,162
IQ:29,240,255,150,105
IQ:30,248,12,52,-129
IQ:31,256,255,-131,-21
IQ:32,264,1,8,162
IQ:33,272,255,152,-24
IQ:34,280,2,-52,-152
IQ:35,288,255,-184,45
SW:2
RR:3
SS:3
FR:2480
ME:2
MA:5
KE:359
KA:359
DF_END

Data arrived...
DF_BEGIN
IQ:0,0,11,83,-131
IQ:1,8,11,-139,-66
IQ:2,16,11,-73,139
IQ:3,24,11,136,53
IQ:4,32,11,28,-142
IQ:5,40,11,-86,-118
IQ:6,48,11,-30,165
IQ:7,56,11,150,-3
IQ:8,72,12,-66,72
IQ:9,80,255,91,45
IQ:10,88,1,40,-63
IQ:11,96,255,-4,-12
IQ:12,104,2,-106,126
IQ:13,112,255,157,92
IQ:14,120,10,85,-215
IQ:15,128,255,-307,-70
IQ:16,136,3,-28,137
IQ:17,144,255,129,-8
IQ:18,152,9,-151,-126
IQ:19,160,255,-157,35
IQ:20,168,4,-3,108
IQ:21,176,255,66,-60
IQ:22,184,8,-190,-113
IQ:23,192,255,-72,84
IQ:24,200,7,115,52
IQ:25,208,255,82,-119
IQ:26,216,6,-81,-125
IQ:27,224,255,-52,138
IQ:28,232,5,155,90
IQ:29,240,255,112,-77
IQ:30,248,12,-72,-5
IQ:31,256,255,7,107
IQ:32,264,1,79,-13
IQ:33,272,255,-20,-60
IQ:34,280,2,-145,-6
IQ:35,288,255,56,148
SW:2
RR:3
SS:3
FR:2426
ME:356
MA:359
KE:359
KA:359
DF_END

Data arrived...
DF_BEGIN
IQ:0,0,11,-163,1
IQ:1,8,11,-5,163
IQ:2,16,11,156,-14
IQ:3,24,11,-36,-151
IQ:4,32,11,-152,52
IQ:5,40,11,73,138
IQ:6,48,11,128,-86
IQ:7,56,11,-96,-118
IQ:8,72,12,56,5
IQ:9,80,255,-6,-91
IQ:10,88,1,-81,-11
IQ:11,96,255,20,109
IQ:12,104,2,165,10
IQ:13,112,255,-21,-157
IQ:14,120,10,-232,51
IQ:15,128,255,19,199
IQ:16,136,3,132,-56
IQ:17,144,255,-65,-95
IQ:18,152,9,-35,142
IQ:19,160,255,151,87
IQ:20,168,4,92,-59
IQ:21,176,255,-76,-68
IQ:22,184,8,-15,91
IQ:23,192,255,120,1
IQ:24,200,7,-7,-118
IQ:25,208,255,-131,17
IQ:26,216,6,-14,132
IQ:27,224,255,145,-20
IQ:28,232,5,-32,-194
IQ:29,240,255,-173,-6
IQ:30,248,12,39,40
IQ:31,256,255,72,-62
IQ:32,264,1,-43,-62
IQ:33,272,255,-71,86
IQ:34,280,2,97,133
IQ:35,288,255,121,-119
SW:2
RR:3
SS:3
FR:2426
ME:359
MA:353
KE:359
KA:358
DF_END

Data arrived...
DF_BEGIN
IQ:0,0,11,-162,-92
IQ:1,8,11,-74,168
IQ:2,16,11,170,68
IQ:3,24,11,37,-180
IQ:4,32,11,-185,-17
IQ:5,40,11,8,178
IQ:6,48,11,179,-25
IQ:7,56,11,-46,-176
IQ:8,72,12,95,139
IQ:9,80,255,130,-117
IQ:10,88,1,-123,-139
IQ:11,96,255,-125,134
IQ:12,104,2,152,98
IQ:13,112,255,80,-155
IQ:14,120,10,-189,-69
IQ:15,128,255,-48,191
IQ:16,136,3,181,40
IQ:17,144,255,17,-170
IQ:18,152,9,-136,14
IQ:19,160,255,44,162
IQ:20,168,4,193,-31
IQ:21,176,255,-38,-182
IQ:22,184,8,-139,65
IQ:23,192,255,93,136
IQ:24,200,7,138,-89
IQ:25,208,255,-112,-122
IQ:26,216,6,-130,132
IQ:27,224,255,123,99
IQ:28,232,5,41,-160
IQ:29,240,255,-180,-37
IQ:30,248,12,-46,164
IQ:31,256,255,175,37
IQ:32,264,1,37,-188
IQ:33,272,255,-179,-8
IQ:34,280,2,21,173
IQ:35,288,255,176,-42
SW:2
RR:3
SS:3
FR:2402
ME:359
MA:353
KE:359
KA:358
DF_END

Data ar