IQ:8,72,12,-143,-60
IQ:9,80,255,-39,133
IQ:10,88,1,142,1
IQ:11,96,255,1,-152
IQ:12,104,2,-144,25
IQ:13,112,255,41,146
IQ:14,120,10,183,-57
IQ:15,128,255,-52,-181
IQ:16,136,3,-125,56
IQ:17,144,255,69,104
IQ:18,152,9,82,-128
IQ:19,160,255,-137,-103
IQ:20,168,4,-121,96
IQ:21,176,255,111,80
IQ:22,184,8,66,-140
IQ:23,192,255,-143,-54
IQ:24,200,7,-42,143
IQ:25,208,255,151,24
IQ:26,216,6,15,-142
IQ:27,224,255,-151,15
IQ:28,232,5,23,181
IQ:29,240,255,170,-28
IQ:30,248,12,-43,-143
IQ:31,256,255,-131,58
IQ:32,264,1,92,115
IQ:33,272,255,104,-102
IQ:34,280,2,-107,-99
IQ:35,288,255,-104,118
SW:2
RR:3
SS:3
FR:2480
ME:359
MA:5
KE:359
KA:357
DF_END

Data arrived...
DF_BEGIN
IQ:0,0,11,-152,-66
IQ:1,8,11,-53,168
IQ:2,16,11,157,51
IQ:3,24,11,14,-168
IQ:4,32,11,-173,5
IQ:5,40,11,17,165
IQ:6,48,11,163,-42
IQ:7,56,11,-54,-161
IQ:8,72,12,100,108
IQ:9,80,255,91,-105
IQ:10,88,1,-124,-67
IQ:11,96,255,-66,130
IQ:12,104,2,136,49
IQ:13,112,255,19,-151
IQ:14,120,10,-196,-27
IQ:15,128,255,-20,179
IQ:16,136,3,133,14
IQ:17,144,255,-12,-122
IQ:18,152,9,-124,75
IQ:19,160,255,82,145
IQ:20,168,4,151,-40
IQ:21,176,255,-60,-129
IQ:22,184,8,-113,84
IQ:23,192,255,102,110
IQ:24,200,7,105,-103
IQ:25,208,255,-115,-85
IQ:26,216,6,-70,123
IQ:27,224,255,151,49
IQ:28,232,5,60,-164
IQ:29,240,255,-168,-50
IQ:30,248,12,-30,146
IQ:31,256,255,144,1
IQ:32,264,1,-28,-136
IQ:33,272,255,-139,47
IQ:34,280,2,47,131
IQ:35,288,255,137,-81
SW:2
RR:3
SS:3
FR:2480
ME:359
MA:353
KE:359
KA:357
DF_END

Data arrived...
DF_BEGIN
IQ:0,0,11,-153,-106
IQ:1,8,11,-100,154
IQ:2,16,11,167,75
IQ:3,24,11,55,-172
IQ:4,32,11,-180,-46
IQ:5,40,11,-32,178
IQ:6,48,11,171,7
IQ:7,56,11,-21,-182
IQ:8,72,12,64,102
IQ:9,80,255,110,-89
IQ:10,88,1,-81,-126
IQ:11,96,255,-107,105
IQ:12,104,2,116,113
IQ:13,112,255,86,-132
IQ:14,120,10,-200,-100
IQ:15,128,255,-73,189
IQ:16,136,3,191,40
IQ:17,144,255,19,-169
IQ:18,152,9,-152,36
IQ:19,160,255,38,174
IQ:20,168,4,156,-8
IQ:21,176,255,-24,-145
IQ:22,184,8,-104,71
IQ:23,192,255,96,117
IQ:24,200,7,138,-96
IQ:25,208,255,-108,-135
IQ:26,216,6,-128,101
IQ:27,224,255,121,94
IQ:28,232,5,72,-154
IQ:29,240,255,-168,-64
IQ:30,248,12,-41,111
IQ:31,256,255,140,28
IQ:32,264,1,57,-135
IQ:33,272,255,-147,-24
IQ:34,280,2,-22,161
IQ:35,288,255,170,-7
SW:2
RR:3
SS:3
FR:2426
ME:359
MA:353
KE:359
KA:356
DF_END

Data arrived...
DF_BEGIN
IQ:0,0,11,-64,173
IQ:1,8,11,175,37
IQ:2,16,11,12,-192
IQ:3,24,11,-187,-18
IQ:4,32,11,8,186
IQ:5,40,11,191,-35
IQ:6,48,11,-36,-188
IQ:7,56,11,-178,54
IQ:8,72,12,147,-117
IQ:9,80,255,-158,-132
IQ:10,88,1,-166,172
IQ:11,96,255,158,158
IQ:12,104,2,127,-156
IQ:13,112,255,-163,-103
IQ:14,120,10,-68,198
IQ:15,128,255,190,55
IQ:16,136,3,12,-213
IQ:17,144,255,-209,6
IQ:18,152,9,46,176
IQ:19,160,255,187,-62
IQ:20,168,4,-70,-171
IQ:21,176,255,-175,78
IQ:22,184,8,98,151
IQ:23,192,255,145,-130
IQ:24,200,7,-111,-169
IQ:25,208,255,-148,134
IQ:26,216,6,144,135
IQ:27,224,255,109,-132
IQ:28,232,5,-140,-41
IQ:29,240,255,-41,166
IQ:30,248,12,194,33
IQ:31,256,255,22,-202
IQ:32,264,1,-231,-28
IQ:33,272,255,-25,224
IQ:34,280,2,193,-4
IQ:35,288,255,-31,-196
SW:2
RR:3
SS:3
FR:2402
ME:359
MA:5
KE:359
KA:357
DF_END

Data arrived...
DF_BEGIN
IQ:0,0,11,159,54
IQ:1,8,11,33,-162
IQ:2,16,11,-161,-19
IQ:3,24,11,5,164
IQ:4,32,11,164,-10
IQ:5,40,11,-40,-167
IQ:6,48,11,-157,49
IQ:7,56,11,62,152
IQ:8,72,12,-113,-100
IQ:9,80,255,-86,106
IQ:10,88,1,121,54
IQ:11,96,255,42,-134
IQ:12,104,2,-136,-29
IQ:13,112,255,-12,147
IQ:14,120,10,189,9
IQ:15,128,255,25,-179
IQ:16,136,3,-132,-4
IQ:17,144,255,25,116
IQ:18,152,9,124,-77
IQ:19,160,255,-90,-145
IQ:20,168,4,-148,46
IQ:21,176,255,66,128
IQ:22,184,8,116,-92
IQ:23,192,255,-104,-103
IQ:24,200,7,-88,117
IQ:25,208,255,124,72
IQ:26,216,6,64,-133
IQ:27,224,255,-149,-41
IQ:28,232,5,-37,171
IQ:29,240,255,168,28
IQ:30,248,12,5,-148
IQ:31,256,255,-139,9
IQ:32,264,1,43,136
IQ:33,272,255,143,-41
IQ:34,280,2,-55,-128
IQ:35,288,255,-133,81
SW:2
RR:3
SS:3
FR:2480
ME:359
MA:5
KE:359
KA:358
DF_END

Data arrived...
DF_BEGIN
IQ:0,0,11,147,-24
IQ:1,8,11,-42,-140
IQ:2,16,11,-136,50
IQ:3,24,11,67,135
IQ:4,32,11,127,-77
IQ:5,40,11,-91,-119
IQ:6,48,11,-106,87
IQ:7,56,11,110,100
IQ:8,72,12,-97,-32
IQ:9,80,255,-29,118
IQ:10,88,1,103,36
IQ:11,96,255,0,-119
IQ:12,104,2,-132,-8
IQ:13,112,255,21,131
IQ:14,120,10,165,-40
IQ:15,128,255,-45,-148
IQ:16,136,3,-140,66
IQ:17,144,255,62,116
IQ:18,152,9,74,-98
IQ:19,160,255,-107,-96
IQ:20,168,4,-91,91
IQ:21,176,255,88,80
IQ:22,184,8,23,-100
IQ:23,192,255,-125,-20
IQ:24,200,7,-33,131
IQ:25,208,255,130,17
IQ:26,216,6,2,-128
IQ:27,224,255,-127,15
IQ:28,232,5,52,139
IQ:29,240,255,144,-35
IQ:30,248,12,-25,-92
IQ:31,256,255,-104,54
IQ:32,264,1,44,106
IQ:33,272,255,101,-62
IQ:34,280,2,-74,-100
IQ:35,288,255,-89,102
SW:2
RR:3
SS:3
FR:2426
ME:359
MA:359
KE:359
KA:358
DF_END

Data arrived...
DF_BEGIN
IQ:0,0,11,-132,142
IQ:1,8,11,154,100
IQ:2,16,11,75,-170
IQ:3,24,11,-179,-76
IQ:4,32,11,-51,181
IQ:5,40,11,188,44
IQ:6,48,11,30,-186
IQ:7,56,11,-185,-4
IQ:8,72,12,179,-91
IQ:9,80,255,-100,-188
IQ:10,88,1,-205,109
IQ:11,96,255,120,194
IQ:12,104,2,167,-115
IQ:13,112,255,-135,-143
IQ:14,120,10,-126,174
IQ:15,128,255,169,110
IQ:16,136,3,71,-212
IQ:17,144,255,-203,-74
IQ:18,152,9,-34,185
IQ:19,160,255,190,15
IQ:20,168,4,-17,-180
IQ:21,176,255,-198,20
IQ:22,184,8,37,172
IQ:23,192,255,186,-71
IQ:24,200,7,-62,-198
IQ:25,208,255,-177,84
IQ:26,216,6,101,166
IQ:27,224,255,143,-109
IQ:28,232,5,-119,-94
IQ:29,240,255,-78,152
IQ:30,248,12,171,103
IQ:31,256,255,79,-192
IQ:32,264,1,-219,-93
IQ:33,272,255,-72,211
IQ:34,280,2,191,64
IQ:35,288,255,44,-192
SW:2
RR:3
SS:3
FR:2402
ME:359
MA:5
KE:359
KA:359
DF_END

Data arrived...
DF_BEGIN
IQ:0,0,11,198,-6
IQ:1,8,11,-29,-195
IQ:2,16,11,-197,42
IQ:3,24,11,47,187
IQ:4,32,11,178,-83
IQ:5,40,11,-91,-180
IQ:6,48,11,-173,88
IQ:7,56,11,109,167
IQ:8,72,12,-183,-93
IQ:9,80,255,-71,202
IQ:10,88,1,221,93
IQ:11,96,255,97,-213
IQ:12,104,2,-186,-73
IQ:13,112,255,-23,189
IQ:14,120,10,217,-29
IQ:15,128,255,-42,-214
IQ:16,136,3,-218,67
IQ:17,144,255,76,200
IQ:18,152,9,168,-98
IQ:19,160,255,-111,-163
IQ:20,168,4,-135,130
IQ:21,176,255,143,141
IQ:22,184,8,110,-146
IQ:23,192,255,-176,-97
IQ:24,200,7,-114,174
IQ:25,208,255,182,98
IQ:26,216,6,83,-187
IQ:27,224,255,-176,-66
IQ:28,232,5,-3,160
IQ:29,240,255,175,-34
IQ:30,248,12,-49,-197
IQ:31,256,255,-214,57
IQ:32,264,1,41,229
IQ:33,272,255,224,-63
IQ:34,280,2,-74,-188
IQ:35,288,255,-179,95
SW:2
RR:3
SS:3
FR:2402
ME:359
MA:5
KE:359
KA:359
DF_END

Data arrived...
DF_BEGIN
IQ:0,0,11,-124,94
IQ:1,8,11,103,126
IQ:2,16,11,102,-115
IQ:3,24,11,-135,-82
IQ:4,32,11,-77,140
IQ:5,40,11,144,56
IQ:6,48,11,50,-151
IQ:7,56,11,-150,-32
IQ:8,72,12,138,-31
IQ:9,80,255,-39,-133
IQ:10,88,1,-115,67
IQ:11,96,255,72,111
IQ:12,104,2,99,-85
IQ:13,112,255,-102,-86
IQ:14,120,10,-96,153
IQ:15,128,255,140,104
IQ:16,136,3,71,-104
IQ:17,144,255,-102,-49
IQ:18,152,9,-2,137
IQ:19,160,255,161,-2
IQ:20,168,4,40,-152
IQ:21,176,255,-145,-14
IQ:22,184,8,16,134
IQ:23,192,255,138,-37
IQ:24,200,7,-24,-144
IQ:25,208,255,-126,41
IQ:26,216,6,68,113
IQ:27,224,255,99,-91
IQ:28,232,5,-122,-124
IQ:29,240,255,-116,108
IQ:30,248,12,115,80
IQ:31,256,255,81,-113
IQ:32,264,1,-122,-39
IQ:33,272,255,-39,130
IQ:34,280,2,127,22
IQ:35,288,255,2,-151
SW:2
RR:3
SS:3
FR:2480
ME:359
MA:353
KE:359
KA:359
DF_END

Data arrived...
DF_BEGIN
IQ:0,0,11,-145,74
IQ:1,8,11,101,133
IQ:2,16,11,118,-111
IQ:3,24,11,-126,-117
IQ:4,32,11,-94,131
IQ:5,40,11,145,87
IQ:6,48,11,77,-145
IQ:7,56,11,-162,-38
IQ:8,72,12,118,-17
IQ:9,80,255,-39,-138
IQ:10,88,1,-141,25
IQ:11,96,255,49,134
IQ:12,104,2,139,-58
IQ:13,112,255,-74,-126
IQ:14,120,10,-159,122
IQ:15,128,255,114,140
IQ:16,136,3,118,-139
IQ:17,144,255,-127,-88
IQ:18,152,9,-17,148
IQ:19,160,255,159,42
IQ:20,168,4,52,-141
IQ:21,176,255,-137,-36
IQ:22,184,8,-1,126
IQ:23,192,255,140,-31
IQ:24,200,7,-35,-157
IQ:25,208,255,-162,52
IQ:26,216,6,43,151
IQ:27,224,255,130,-70
IQ:28,232,5,-105,-118
IQ:29,240,255,-128,108
IQ:30,248,12,79,91
IQ:31,256,255,86,-112
IQ:32,264,1,-115,-87
IQ:33,272,255,-65,124
IQ:34,280,2,131,60
IQ:35,288,255,47,-150
SW:2
RR:3
SS:3
FR:2426
ME:359
MA:353
KE:359
KA:358
DF_END

Data arrived...
DF_BEGIN
IQ:0,0,11,16,187
IQ:1,8,11,180,-57
IQ:2,16,11,-71,-187
IQ:3,24,11,-175,83
IQ:4,32,11,109,159
IQ:5,40,11,149,-124
IQ:6,48,11,-132,-152
IQ:7,56,11,-129,138
IQ:8,72,12,65,-198
IQ:9,80,255,-211,-39
IQ:10,88,1,-42,230
IQ:11,96,255,235,31
IQ:12,104,2,23,-199
IQ:13,112,255,-193,25
IQ:14,120,10,54,216
IQ:15,128,255,200,-44
IQ:16,136,3,-97,-210
IQ:17,144,255,-197,80
IQ:18,152,9,129,137
IQ:19,160,255,147,-145
IQ:20,168,4,-151,-118
IQ:21,176,255,-104,166
IQ:22,184,8,160,81
IQ:23,192,255,57,-190
IQ:24,200,7,-196,-68
IQ:25,208,255,-51,193
IQ:26,216,6,193,46
IQ:27,224,255,27,-182
IQ:28,232,5,-160,30
IQ:29,240,255,62,171
IQ:30,248,12,183,-68
IQ:31,256,255,-111,-182
IQ:32,264,1,-223,110
IQ:33,272,255,110,205
IQ:34,280,2,168,-107
IQ:35,288,255,-125,-151
SW:2
RR:3
SS:3
FR:2402
ME:359
MA:353
KE:359
KA:358
DF_END

Data arrived...
DF_BEGIN
IQ:0,0,11,-74,175
IQ:1,8,11,184,40
IQ:2,16,11,10,-187
IQ:3,24,11,-195,3
IQ:4,32,11,20,192
IQ:5,40,11,181,-41
IQ:6,48,11,-57,-175
IQ:7,56,11,-174,78
IQ:8,72,12,124,-154
IQ:9,80,255,-183,-129
IQ:10,88,1,-161,186
IQ:11,96,255,188,144
IQ:12,104,2,110,-169
IQ:13,112,255,-188,-74
IQ:14,120,10,-62,218
IQ:15,128,255,201,43
IQ:16,136,3,-2,-221
IQ:17,144,255,-216,13
IQ:18,152,9,44,199
IQ:19,160,255,184,-60
IQ:20,168,4,-94,-170
IQ:21,176,255,-180,88
IQ:22,184,8,108,138
IQ:23,192,255,132,-154
IQ:24,200,7,-142,-161
IQ:25,208,255,-142,161
IQ:26,216,6,155,134
IQ:27,224,255,110,-146
IQ:28,232,5,-154,-47
IQ:29,240,255,-8,177
IQ:30,248,12,202,6
IQ:31,256,255,-7,-222
IQ:32,264,1,-254,-17
IQ:33,272,255,-14,232
IQ:34,280,2,197,-18
IQ:35,288,255,-40,-188
SW:2
RR:3
SS:3
FR:2402
ME:359
MA:353
KE:359
KA:357
DF_END

Data arrived...
DF_BEGIN
IQ:0,0,11,90,149
IQ:1,8,11,140,-109
IQ:2,16,11,-114,-129
IQ:3,24,11,-100,141
IQ:4,32,11,154,85
IQ:5,40,11,67,-164
IQ:6,48,11,-172,-70
IQ:7,56,11,-48,167
IQ:8,72,12,-21,-162
IQ:9,80,255,-146,31
IQ:10,88,1,62,140
IQ:11,96,255,133,-70
IQ:12,104,2,-82,-125
IQ:13,112,255,-115,111
IQ:14,120,10,154,139
IQ:15,128,255,135,-135
IQ:16,136,3,-106,-88
IQ:17,144,255,-72,115
IQ:18,152,9,143,28
IQ:19,160,255,31,-173
IQ:20,168,4,-145,-64
IQ:21,176,255,-33,148
IQ:22,184,8,157,-8
IQ:23,192,255,-32,-160
IQ:24,200,7,-167,10
IQ:25,208,255,27,143
IQ:26,216,6,136,-66
IQ:27,224,255,-91,-135
IQ:28,232,5,-143,117
IQ:29,240,255,116,138
IQ:30,248,12,111,-113
IQ:31,256,255,-117,-98
IQ:32,264,1,-58,136
IQ:33,272,255,144,48
IQ:34,280,2,41,-143
IQ:35,288,255,-165,-24
SW:2
RR:3
SS:3
FR:2480
ME:2
MA:5
KE:359
KA:358
DF_END

Data arrived...
DF_BEGIN
IQ:0,0,11,-96,121
IQ:1,8,11,111,98
IQ:2,16,11,87,-126
IQ:3,24,11,-131,-70
IQ:4,32,11,-60,140
IQ:5,40,11,147,42
IQ:6,48,11,25,-146
IQ:7,56,11,-155,-12
IQ:8,72,12,92,-53
IQ:9,80,255,-72,-108
IQ:10,88,1,-118,65
IQ:11,96,255,77,109
IQ:12,104,2,107,-86
IQ:13,112,255,-111,-90
IQ:14,120,10,-107,156
IQ:15,128,255,149,88
IQ:16,136,3,70,-156
IQ:17,144,255,-142,-52
IQ:18,152,9,6,136
IQ:19,160,255,156,-8
IQ:20,168,4,17,-147
IQ:21,176,255,-133,5
IQ:22,184,8,42,98
IQ:23,192,255,110,-65
IQ:24,200,7,-75,-130
IQ:25,208,255,-131,71
IQ:26,216,6,73,118
IQ:27,224,255,114,-88
IQ:28,232,5,-123,-93
IQ:29,240,255,-90,124
IQ:30,248,12,99,36
IQ:31,256,255,30,-127
IQ:32,264,1,-126,-53
IQ:33,272,255,-35,132
IQ:34,280,2,132,35
IQ:35,288,255,19,-148
SW:2
RR:3
SS:3
FR:2426
ME:359
MA:353
KE:359
KA:357
DF_END

Data arrived...
DF_BEGIN
IQ:0,0,11,67,168
IQ:1,8,11,158,-77
IQ:2,16,11,-91,-149
IQ:3,24,11,-142,109
IQ:4,32,11,122,120
IQ:5,40,11,107,-149
IQ:6,48,11,-143,-110
IQ:7,56,11,-84,149
IQ:8,72,12,7,-175
IQ:9,80,255,-196,24
IQ:10,88,1,22,216
IQ:11,96,255,216,-38
IQ:12,104,2,-31,-184
IQ:13,112,255,-174,62
IQ:14,120,10,84,192
IQ:15,128,255,164,-86
IQ:16,136,3,-142,-141
IQ:17,144,255,-134,132
IQ:18,152,9,144,99
IQ:19,160,255,93,-153
IQ:20,168,4,-160,-49
IQ:21,176,255,-51,172
IQ:22,184,8,160,40
IQ:23,192,255,6,-183
IQ:24,200,7,-185,-35
IQ:25,208,255,-7,181
IQ:26,216,6,182,-21
IQ:27,224,255,-29,-166
IQ:28,232,5,-130,67
IQ:29,240,255,94,128
IQ:30,248,12,146,-107
IQ:31,256,255,-119,-150
IQ:32,264,1,-164,137
IQ:33,272,255,147,160
IQ:34,280,2,135,-131
IQ:35,288,255,-154,-114
SW:2
RR:3
SS:3
FR:2402
ME:359
MA:5
KE:359
KA:358
DF_END

Data arrived...
DF_BEGIN
IQ:0,0,11,-158,-28
IQ:1,8,11,-1,159
IQ:2,16,11,165,-14
IQ:3,24,11,-27,-160
IQ:4,32,11,-164,43
IQ:5,40,11,60,151
IQ:6,48,11,145,-76
IQ:7,56,11,-87,-137
IQ:8,72,12,146,83
IQ:9,80,255,70,-163
IQ:10,88,1,-186,-86
IQ:11,96,255,-72,184
IQ:12,104,2,166,57
IQ:13,112,255,29,-164
IQ:14,120,10,-190,-8
IQ:15,128,255,-4,172
IQ:16,136,3,182,-38
IQ:17,144,255,-51,-165
IQ:18,152,9,-134,66
IQ:19,160,255,87,134
IQ:20,168,4,113,-99
IQ:21,176,255,-124,-112
IQ:22,184,8,-109,109
IQ:23,192,255,133,103
IQ:24,200,7,111,-131
IQ:25,208,255,-139,-86
IQ:26,216,6,-73,151
IQ:27,224,255,142,54
IQ:28,232,5,-6,-124
IQ:29,240,255,-148,23
IQ:30,248,12,29,164
IQ:31,256,255,170,-48
IQ:32,264,1,-39,-200
IQ:33,272,255,-196,42
IQ:34,280,2,40,163
IQ:35,288,255,151,-63
SW:2
RR:3
SS:3
FR:2402
ME:359
MA:5
KE:359
KA:359
DF_END

Data arrived...
DF_BEGIN
IQ:0,0,11,-146,-89
IQ:1,8,11,-73,149
IQ:2,16,11,150,61
IQ:3,24,11,34,-164
IQ:4,32,11,-165,-7
IQ:5,40,11,19,166
IQ:6,48,11,169,-19
IQ:7,56,11,-42,-167
IQ:8,72,12,87,116
IQ:9,80,255,103,-87
IQ:10,88,1,-118,-74
IQ:11,96,255,-67,128
IQ:12,104,2,137,39
IQ:13,112,255,12,-151
IQ:14,120,10,-194,-29
IQ:15,128,255,-37,177
IQ:16,136,3,123,20
IQ:17,144,255,-10,-115
IQ:18,152,9,-123,58
IQ:19,160,255,71,146
IQ:20,168,4,149,-25
IQ:21,176,255,-41,-131
IQ:22,184,8,-122,77
IQ:23,192,255,88,114
IQ:24,200,7,102,-101
IQ:25,208,255,-111,-88
IQ:26,216,6,-81,124
IQ:27,224,255,132,66
IQ:28,232,5,73,-163
IQ:29,240,255,-162,-52
IQ:30,248,12,-33,137
IQ:31,256,255,139,21
IQ:32,264,1,-11,-140
IQ:33,272,255,-140,21
IQ:34,280,2,39,126
IQ:35,288,255,149,-68
SW:2
RR:3
SS:3
FR:2480
ME:2
MA:5
KE:359
KA:359
DF_END

Data arrived...
DF_BEGIN
IQ:0,0,11,84,-146
IQ:1,8,11,-160,-61
IQ:2,16,11,-47,174
IQ:3,24,11,179,33
IQ:4,32,11,12,-175
IQ:5,40,11,-180,9
IQ:6,48,11,26,174
IQ:7,56,11,171,-54
IQ:8,72,12,-83,67
IQ:9,80,255,95,86
IQ:10,88,1,98,-93
IQ:11,96,255,-105,-86
IQ:12,104,2,-86,124
IQ:13,112,255,140,49
IQ:14,120,10,50,-201
IQ:15,128,255,-184,-50
IQ:16,136,3,-14,188
IQ:17,144,255,160,-10
IQ:18,152,9,-60,-130
IQ:19,160,255,-153,66
IQ:20,168,4,41,152
IQ:21,176,255,144,-46
IQ:22,184,8,-80,-78
IQ:23,192,255,-88,101
IQ:24,200,7,116,98
IQ:25,208,255,92,-128
IQ:26,216,6,-122,-99
IQ:27,224,255,-71,125
IQ:28,232,5,159,36
IQ:29,240,255,45,-159
IQ:30,248,12,-99,-23
IQ:31,256,255,-3,130
IQ:32,264,1,130,12
IQ:33,272,255,-3,-145
IQ:34,280,2,-150,22
IQ:35,288,255,50,146
SW:2
RR:3
SS:3
FR:2426
ME:359
MA:353
KE:359
KA:359
DF_END

Data arrived...
DF_BEGIN
IQ:0,0,11,-142,-94
IQ:1,8,11,-89,149
IQ:2,16,11,160,56
IQ:3,24,11,34,-171
IQ:4,32,11,-169,-14
IQ:5,40,11,-16,178
IQ:6,48,11,171,14
IQ:7,56,11,-29,-163
IQ:8,72,12,88,157
IQ:9,80,255,146,-120
IQ:10,88,1,-139,-174
IQ:11,96,255,-163,132
IQ:12,104,2,119,142
IQ:13,112,255,106,-141
IQ:14,120,10,-172,-111
IQ:15,128,255,-82,161
IQ:16,136,3,192,43
IQ:17,144,255,41,-191
IQ:18,152,9,-163,2
IQ:19,160,255,11,174
IQ:20,168,4,167,-27
IQ:21,176,255,-47,-174
IQ:22,184,8,-151,57
IQ:23,192,255,89,153
IQ:24,200,7,176,-75
IQ:25,208,255,-105,-158
IQ:26,216,6,-141,110
IQ:27,224,255,108,120
IQ:28,232,5,69,-113
IQ:29,240,255,-148,-47
IQ:30,248,12,-68,169
IQ:31,256,255,179,60
IQ:32,264,1,57,-205
IQ:33,272,255,-199,-52
IQ:34,280,2,-28,177
IQ:35,288,255,176,6
SW:2
RR:3
SS:3
FR:2402
ME:359
MA:5
KE:359
KA:359
DF_END

Data arrived...
DF_BEGIN
IQ:0,0,11,48,-154
IQ:1,8,11,-160,-38
IQ:2,16,11,-17,156
IQ:3,24,11,156,5
IQ:4,32,11,-22,-161
IQ:5,40,11,-156,32
IQ:6,48,11,51,149
IQ:7,56,11,136,-67
IQ:8,72,12,-103,131
IQ:9,80,255,149,106
IQ:10,88,1,114,-159
IQ:11,96,255,-168,-108
IQ:12,104,2,-90,151
IQ:13,112,255,158,62
IQ:14,120,10,50,-183
IQ:15,128,255,-168,-35
IQ:16,136,3,0,181
IQ:17,144,255,176,-13
IQ:18,152,9,-41,-145
IQ:19,160,255,-154,51
IQ:20,168,4,69,136
IQ:21,176,255,145,-82
IQ:22,184,8,-94,-123
IQ:23,192,255,-129,112
IQ:24,200,7,112,135
IQ:25,208,255,112,-120
IQ:26,216,6,-144,-93
IQ:27,224,255,-98,127
IQ:28,232,5,122,32
IQ:29,240,255,9,-148
IQ:30,248,12,-165,-8
IQ:31,256,255,6,178
IQ:32,264,1,195,4
IQ:33,272,255,-12,-191
IQ:34,280,2,-176,13
IQ:35,288,255,33,170
SW:2
RR:3
SS:3
FR:2402
ME:359
MA:353
KE:359
KA:359
DF_END

Data arrived...
DF_BEGIN
IQ:0,0,11,136,70
IQ:1,8,11,65,-139
IQ:2,16,11,-141,-62
IQ:3,24,11,-47,147
IQ:4,32,11,150,14
IQ:5,40,11,-9,-153
IQ:6,48,11,-154,20
IQ:7,56,11,17,158
IQ:8,72,12,-87,-111
IQ:9,80,255,-103,83
IQ:10,88,1,93,76
IQ:11,96,255,71,-109
IQ:12,104,2,-112,-55
IQ:13,112,255,-40,124
IQ:14,120,10,166,37
IQ:15,128,255,36,-160
IQ:16,136,3,-116,-34
IQ:17,144,255,-11,113
IQ:18,152,9,126,-38
IQ:19,160,255,-41,-150
IQ:20,168,4,-142,-1
IQ:21,176,255,32,120
IQ:22,184,8,104,-73
IQ:23,192,255,-92,-101
IQ:24,200,7,-107,91
IQ:25,208,255,89,95
IQ:26,216,6,83,-102
IQ:27,224,255,-120,-68
IQ:28,232,5,-72,146
IQ:29,240,255,141,60
IQ:30,248,12,35,-130
IQ:31,256,255,-127,-25
IQ:32,264,1,9,129
IQ:33,272,255,130,-6
IQ:34,280,2,-34,-118
IQ:35,288,255,-133,54
SW:2
RR:3
SS:3
FR:2480
ME:2
MA:5
KE:359
KA:359
DF_END

Data arrived...
DF_BEGIN
IQ:0,0,11,-25,-175
IQ:1,8,11,-169,34
IQ:2,16,11,54,153
IQ:3,24,11,153,-77
IQ:4,32,11,-98,-144
IQ:5,40,11,-148,104
IQ:6,48,11,108,141
IQ:7,56,11,115,-124
IQ:8,72,12,-23,106
IQ:9,80,255,130,11
IQ:10,88,1,31,-142
IQ:11,96,255,-154,-6
IQ:12,104,2,-17,148
IQ:13,112,255,149,-32
IQ:14,120,10,-72,-202
IQ:15,128,255,-181,71
IQ:16,136,3,94,158
IQ:17,144,255,129,-92
IQ:18,152,9,-140,-70
IQ:19,160,255,-93,151
IQ:20,168,4,116,109
IQ:21,176,255,85,-102
IQ:22,184,8,-110,-23
IQ:23,192,255,-10,137
IQ:24,200,7,144,23
IQ:25,208,255,-5,-159
IQ:26,216,6,-162,-13
IQ:27,224,255,14,148
IQ:28,232