IQ:8,72,12,84,-50
IQ:9,80,255,-73,-117
IQ:10,88,1,-118,43
IQ:11,96,255,77,134
IQ:12,104,2,187,-69
IQ:13,112,255,-108,-160
IQ:14,120,10,-227,173
IQ:15,128,255,124,194
IQ:16,136,3,117,-153
IQ:17,144,255,-144,-77
IQ:18,152,9,10,188
IQ:19,160,255,201,46
IQ:20,168,4,50,-134
IQ:21,176,255,-134,-24
IQ:22,184,8,54,122
IQ:23,192,255,143,-56
IQ:24,200,7,-60,-142
IQ:25,208,255,-156,88
IQ:26,216,6,51,160
IQ:27,224,255,144,-93
IQ:28,232,5,-134,-195
IQ:29,240,255,-167,94
IQ:30,248,12,89,36
IQ:31,256,255,54,-130
IQ:32,264,1,-115,-68
IQ:33,272,255,-54,145
IQ:34,280,2,163,100
IQ:35,288,255,78,-184
SW:2
RR:3
SS:3
FR:2426
ME:359
MA:353
KE:359
KA:355
DF_END

Data arrived...
DF_BEGIN
IQ:0,0,11,-182,35
IQ:1,8,11,59,179
IQ:2,16,11,174,-74
IQ:3,24,11,-91,-166
IQ:4,32,11,-165,106
IQ:5,40,11,113,156
IQ:6,48,11,148,-122
IQ:7,56,11,-141,-130
IQ:8,72,12,164,47
IQ:9,80,255,30,-174
IQ:10,88,1,-191,-25
IQ:11,96,255,-10,194
IQ:12,104,2,181,-8
IQ:13,112,255,-41,-170
IQ:14,120,10,-192,95
IQ:15,128,255,96,192
IQ:16,136,3,169,-86
IQ:17,144,255,-88,-140
IQ:18,152,9,-95,120
IQ:19,160,255,141,100
IQ:20,168,4,131,-151
IQ:21,176,255,-148,-112
IQ:22,184,8,-71,138
IQ:23,192,255,163,49
IQ:24,200,7,40,-163
IQ:25,208,255,-175,-26
IQ:26,216,6,-17,186
IQ:27,224,255,169,1
IQ:28,232,5,-51,-168
IQ:29,240,255,-176,65
IQ:30,248,12,59,165
IQ:31,256,255,158,-84
IQ:32,264,1,-113,-160
IQ:33,272,255,-159,115
IQ:34,280,2,119,148
IQ:35,288,255,133,-131
SW:2
RR:3
SS:3
FR:2402
ME:359
MA:5
KE:359
KA:356
DF_END

Data arrived...
DF_BEGIN
IQ:0,0,11,30,187
IQ:1,8,11,36,-87
IQ:2,16,11,-257,-137
IQ:3,24,11,-271,108
IQ:4,32,11,4,75
IQ:5,40,11,-61,-202
IQ:6,48,11,-297,-138
IQ:7,56,11,-191,107
IQ:8,72,12,-164,-324
IQ:9,80,255,-297,-117
IQ:10,88,1,-60,22
IQ:11,96,255,234,-226
IQ:12,104,2,-52,-363
IQ:13,112,255,-27,-17
IQ:14,120,10,206,-69
IQ:15,128,255,293,-249
IQ:16,136,3,-42,-317
IQ:17,144,255,31,44
IQ:18,152,9,232,-117
IQ:19,160,255,218,-224
IQ:20,168,4,-171,-215
IQ:21,176,255,-165,8
IQ:22,184,8,166,-154
IQ:23,192,255,-118,-336
IQ:24,200,7,-173,-184
IQ:25,208,255,-133,106
IQ:26,216,6,-27,5
IQ:27,224,255,-247,-230
IQ:28,232,5,-262,232
IQ:29,240,255,229,249
IQ:30,248,12,268,-198
IQ:31,256,255,-177,-236
IQ:32,264,1,-278,127
IQ:33,272,255,54,-50
IQ:34,280,2,-56,-146
IQ:35,288,255,-282,45
SW:2
RR:3
SS:3
FR:2402
ME:7
MA:147
KE:359
KA:0
DF_END

Data arrived...
DF_BEGIN
IQ:0,0,11,-182,19
IQ:1,8,11,31,183
IQ:2,16,11,168,-56
IQ:3,24,11,-76,-159
IQ:4,32,11,-168,84
IQ:5,40,11,102,145
IQ:6,48,11,121,-127
IQ:7,56,11,-150,-107
IQ:8,72,12,143,34
IQ:9,80,255,3,-150
IQ:10,88,1,-180,38
IQ:11,96,255,57,174
IQ:12,104,2,154,-76
IQ:13,112,255,-129,-147
IQ:14,120,10,-244,185
IQ:15,128,255,125,229
IQ:16,136,3,112,-109
IQ:17,144,255,-117,-69
IQ:18,152,9,-14,192
IQ:19,160,255,220,76
IQ:20,168,4,127,-117
IQ:21,176,255,-137,-80
IQ:22,184,8,-22,131
IQ:23,192,255,142,-4
IQ:24,200,7,-11,-152
IQ:25,208,255,-172,29
IQ:26,216,6,35,173
IQ:27,224,255,167,-73
IQ:28,232,5,-79,-228
IQ:29,240,255,-211,69
IQ:30,248,12,73,135
IQ:31,256,255,111,-89
IQ:32,264,1,-158,-93
IQ:33,272,255,-93,161
IQ:34,280,2,164,70
IQ:35,288,255,75,-186
SW:2
RR:3
SS:3
FR:2480
ME:359
MA:353
KE:359
KA:359
DF_END

Data arrived...
DF_BEGIN
IQ:0,0,11,95,150
IQ:1,8,11,141,-95
IQ:2,16,11,-109,-136
IQ:3,24,11,-119,131
IQ:4,32,11,142,95
IQ:5,40,11,92,-152
IQ:6,48,11,-153,-74
IQ:7,56,11,-55,162
IQ:8,72,12,-54,-71
IQ:9,80,255,-100,84
IQ:10,88,1,60,111
IQ:11,96,255,104,-105
IQ:12,104,2,-129,-161
IQ:13,112,255,-146,130
IQ:14,120,10,191,192
IQ:15,128,255,155,-171
IQ:16,136,3,-182,-87
IQ:17,144,255,-62,151
IQ:18,152,9,172,-56
IQ:19,160,255,-14,-203
IQ:20,168,4,-141,-30
IQ:21,176,255,-8,133
IQ:22,184,8,104,-62
IQ:23,192,255,-89,-130
IQ:24,200,7,-128,84
IQ:25,208,255,102,132
IQ:26,216,6,145,-83
IQ:27,224,255,-121,-131
IQ:28,232,5,-175,143
IQ:29,240,255,118,160
IQ:30,248,12,7,-88
IQ:31,256,255,-141,-19
IQ:32,264,1,-51,119
IQ:33,272,255,151,32
IQ:34,280,2,63,-181
IQ:35,288,255,-193,-37
SW:2
RR:3
SS:3
FR:2426
ME:359
MA:353
KE:359
KA:359
DF_END

Data arrived...
DF_BEGIN
IQ:0,0,11,130,101
IQ:1,8,11,81,-149
IQ:2,16,11,-200,-4
IQ:3,24,11,-45,156
IQ:4,32,11,80,97
IQ:5,40,11,-27,-165
IQ:6,48,11,-172,31
IQ:7,56,11,2,175
IQ:8,72,12,-82,-56
IQ:9,80,255,-51,79
IQ:10,88,1,121,75
IQ:11,96,255,5,-154
IQ:12,104,2,-156,-123
IQ:13,112,255,2,194
IQ:14,120,10,218,101
IQ:15,128,255,43,-203
IQ:16,136,3,-204,23
IQ:17,144,255,36,168
IQ:18,152,9,103,-129
IQ:19,160,255,-127,-127
IQ:20,168,4,-129,8
IQ:21,176,255,10,99
IQ:22,184,8,20,-107
IQ:23,192,255,-158,-109
IQ:24,200,7,-155,163
IQ:25,208,255,150,118
IQ:26,216,6,110,-131
IQ:27,224,255,-142,-11
IQ:28,232,5,-6,204
IQ:29,240,255,159,95
IQ:30,248,12,-49,-98
IQ:31,256,255,-73,59
IQ:32,264,1,4,123
IQ:33,272,255,133,-42
IQ:34,280,2,-108,-203
IQ:35,288,255,-210,62
SW:2
RR:3
SS:3
FR:2426
ME:356
MA:5
KE:359
KA:0
DF_END

Data arrived...
DF_BEGIN
IQ:0,0,11,-109,-155
IQ:1,8,11,-144,115
IQ:2,16,11,134,133
IQ:3,24,11,111,-141
IQ:4,32,11,-148,-116
IQ:5,40,11,-88,159
IQ:6,48,11,174,73
IQ:7,56,11,46,-177
IQ:8,72,12,18,166
IQ:9,80,255,166,-51
IQ:10,88,1,-82,-172
IQ:11,96,255,-180,80
IQ:12,104,2,79,163
IQ:13,112,255,136,-111
IQ:14,120,10,-160,-137
IQ:15,128,255,-136,157
IQ:16,136,3,146,103
IQ:17,144,255,97,-136
IQ:18,152,9,-137,-45
IQ:19,160,255,-15,172
IQ:20,168,4,192,36
IQ:21,176,255,31,-182
IQ:22,184,8,-150,4
IQ:23,192,255,32,160
IQ:24,200,7,165,-31
IQ:25,208,255,-47,-164
IQ:26,216,6,-165,69
IQ:27,224,255,84,152
IQ:28,232,5,124,-114
IQ:29,240,255,-136,-135
IQ:30,248,12,-114,113
IQ:31,256,255,146,89
IQ:32,264,1,104,-162
IQ:33,272,255,-172,-89
IQ:34,280,2,-69,171
IQ:35,288,255,189,44
SW:2
RR:3
SS:3
FR:2402
ME:359
MA:5
KE:359
KA:0
DF_END

Data arrived...
DF_BEGIN
IQ:0,0,11,10,-138
IQ:1,8,11,-157,-4
IQ:2,16,11,17,136
IQ:3,24,11,143,-34
IQ:4,32,11,-47,-144
IQ:5,40,11,-138,60
IQ:6,48,11,75,122
IQ:7,56,11,127,-80
IQ:8,72,12,-52,119
IQ:9,80,255,122,37
IQ:10,88,1,8,-149
IQ:11,96,255,-155,-8
IQ:12,104,2,35,144
IQ:13,112,255,143,-71
IQ:14,120,10,-98,-225
IQ:15,128,255,-207,52
IQ:16,136,3,47,113
IQ:17,144,255,83,-78
IQ:18,152,9,-142,-57
IQ:19,160,255,-103,147
IQ:20,168,4,91,126
IQ:21,176,255,88,-96
IQ:22,184,8,-106,-48
IQ:23,192,255,-43,113
IQ:24,200,7,124,37
IQ:25,208,255,24,-142
IQ:26,216,6,-144,-11
IQ:27,224,255,32,148
IQ:28,232,5,199,-24
IQ:29,240,255,-23,-179
IQ:30,248,12,-132,17
IQ:31,256,255,38,115
IQ:32,264,1,110,-93
IQ:33,272,255,-101,-120
IQ:34,280,2,-103,121
IQ:35,288,255,132,109
SW:2
RR:3
SS:3
FR:2480
ME:359
MA:5
KE:359
KA:1
DF_END

Data arrived...
DF_BEGIN
IQ:0,0,11,60,-173
IQ:1,8,11,-174,-53
IQ:2,16,11,-14,171
IQ:3,24,11,181,4
IQ:4,32,11,-10,-168
IQ:5,40,11,-182,3
IQ:6,48,11,29,162
IQ:7,56,11,159,-69
IQ:8,72,12,-16,98
IQ:9,80,255,141,23
IQ:10,88,1,33,-129
IQ:11,96,255,-156,-17
IQ:12,104,2,-54,195
IQ:13,112,255,198,19
IQ:14,120,10,27,-277
IQ:15,128,255,-229,-20
IQ:16,136,3,37,189
IQ:17,144,255,149,-58
IQ:18,152,9,-160,-98
IQ:19,160,255,-158,138
IQ:20,168,4,64,136
IQ:21,176,255,102,-77
IQ:22,184,8,-122,-33
IQ:23,192,255,-46,152
IQ:24,200,7,147,52
IQ:25,208,255,47,-175
IQ:26,216,6,-155,-75
IQ:27,224,255,-25,176
IQ:28,232,5,227,29
IQ:29,240,255,40,-189
IQ:30,248,12,-75,41
IQ:31,256,255,61,127
IQ:32,264,1,130,-40
IQ:33,272,255,-72,-139
IQ:34,280,2,-198,69
IQ:35,288,255,79,179
SW:2
RR:3
SS:3
FR:2426
ME:359
MA:353
KE:359
KA:0
DF_END

Data arrived...
DF_BEGIN
IQ:0,0,11,-164,-94
IQ:1,8,11,-68,178
IQ:2,16,11,184,46
IQ:3,24,11,36,-193
IQ:4,32,11,-192,-35
IQ:5,40,11,-11,191
IQ:6,48,11,191,-3
IQ:7,56,11,-36,-183
IQ:8,72,12,86,148
IQ:9,80,255,133,-113
IQ:10,88,1,-146,-119
IQ:11,96,255,-119,156
IQ:12,104,2,148,112
IQ:13,112,255,84,-164
IQ:14,120,10,-213,-58
IQ:15,128,255,-69,201
IQ:16,136,3,186,38
IQ:17,144,255,16,-168
IQ:18,152,9,-149,33
IQ:19,160,255,51,168
IQ:20,168,4,192,-49
IQ:21,176,255,-50,-180
IQ:22,184,8,-145,62
IQ:23,192,255,93,143
IQ:24,200,7,139,-103
IQ:25,208,255,-129,-127
IQ:26,216,6,-127,130
IQ:27,224,255,139,94
IQ:28,232,5,42,-172
IQ:29,240,255,-186,-71
IQ:30,248,12,-67,155
IQ:31,256,255,166,27
IQ:32,264,1,23,-197
IQ:33,272,255,-188,2
IQ:34,280,2,12,190
IQ:35,288,255,200,-21
SW:2
RR:3
SS:3
FR:2402
ME:359
MA:5
KE:359
KA:1
DF_END

Data arrived...
DF_BEGIN
IQ:0,0,11,19,188
IQ:1,8,11,182,-44
IQ:2,16,11,-57,-179
IQ:3,24,11,-169,73
IQ:4,32,11,94,165
IQ:5,40,11,161,-102
IQ:6,48,11,-112,-152
IQ:7,56,11,-135,124
IQ:8,72,12,67,-157
IQ:9,80,255,-167,-45
IQ:10,88,1,-16,182
IQ:11,96,255,199,5
IQ:12,104,2,9,-191
IQ:13,112,255,-178,6
IQ:14,120,10,62,208
IQ:15,128,255,208,-54
IQ:16,136,3,-61,-171
IQ:17,144,255,-148,78
IQ:18,152,9,110,96
IQ:19,160,255,101,-139
IQ:20,168,4,-147,-134
IQ:21,176,255,-116,139
IQ:22,184,8,143,75
IQ:23,192,255,64,-162
IQ:24,200,7,-163,-59
IQ:25,208,255,-37,170
IQ:26,216,6,181,26
IQ:27,224,255,-3,-173
IQ:28,232,5,-164,40
IQ:29,240,255,55,184
IQ:30,248,12,158,-56
IQ:31,256,255,-80,-157
IQ:32,264,1,-175,87
IQ:33,272,255,103,147
IQ:34,280,2,145,-115
IQ:35,288,255,-132,-141
SW:2
RR:3
SS:3
FR:2402
ME:359
MA:5
KE:359
KA:2
DF_END

Data arrived...
DF_BEGIN
IQ:0,0,11,117,-102
IQ:1,8,11,-76,-111
IQ:2,16,11,-131,87
IQ:3,24,11,164,118
IQ:4,32,11,46,-176
IQ:5,40,11,-161,-11
IQ:6,48,11,-16,163
IQ:7,56,11,173,23
IQ:8,72,12,-115,68
IQ:9,80,255,80,64
IQ:10,88,1,105,-130
IQ:11,96,255,-126,-71
IQ:12,104,2,-74,110
IQ:13,112,255,121,101
IQ:14,120,10,124,-250
IQ:15,128,255,-212,-122
IQ:16,136,3,-49,124
IQ:17,144,255,138,-26
IQ:18,152,9,-83,-150
IQ:19,160,255,-202,71
IQ:20,168,4,-58,135
IQ:21,176,255,169,1
IQ:22,184,8,-54,-114
IQ:23,192,255,-111,76
IQ:24,200,7,109,92
IQ:25,208,255,45,-97
IQ:26,216,6,-69,-78
IQ:27,224,255,-127,79
IQ:28,232,5,155,153
IQ:29,240,255,143,-154
IQ:30,248,12,-79,-81
IQ:31,256,255,-91,99
IQ:32,264,1,153,43
IQ:33,272,255,29,-175
IQ:34,280,2,-160,30
IQ:35,288,255,64,159
SW:2
RR:3
SS:3
FR:2480
ME:5
MA:5
KE:359
KA:2
DF_END

Data arrived...
DF_BEGIN
IQ:0,0,11,176,103
IQ:1,8,11,58,-155
IQ:2,16,11,-140,-49
IQ:3,24,11,-40,195
IQ:4,32,11,180,55
IQ:5,40,11,-21,-168
IQ:6,48,11,-166,-8
IQ:7,56,11,68,139
IQ:8,72,12,-62,-73
IQ:9,80,255,-22,75
IQ:10,88,1,141,76
IQ:11,96,255,36,-172
IQ:12,104,2,-174,-72
IQ:13,112,255,-75,195
IQ:14,120,10,227,84
IQ:15,128,255,51,-246
IQ:16,136,3,-176,-1
IQ:17,144,255,37,192
IQ:18,152,9,103,-131
IQ:19,160,255,-151,-196
IQ:20,168,4,-194,24
IQ:21,176,255,49,103
IQ:22,184,8,80,-88
IQ:23,192,255,-130,-52
IQ:24,200,7,-73,114
IQ:25,208,255,145,90
IQ:26,216,6,66,-170
IQ:27,224,255,-208,-80
IQ:28,232,5,-85,186
IQ:29,240,255,162,59
IQ:30,248,12,-42,-120
IQ:31,256,255,-114,19
IQ:32,264,1,-15,144
IQ:33,272,255,149,-75
IQ:34,280,2,-54,-238
IQ:35,288,255,-178,43
SW:2
RR:3
SS:3
FR:2426
ME:359
MA:353
KE:359
KA:1
DF_END

Data arrived...
DF_BEGIN
IQ:0,0,11,44,-184
IQ:1,8,11,-191,-18
IQ:2,16,11,-1,184
IQ:3,24,11,177,-27
IQ:4,32,11,-50,-175
IQ:5,40,11,-172,74
IQ:6,48,11,70,176
IQ:7,56,11,167,-75
IQ:8,72,12,-20,93
IQ:9,80,255,131,12
IQ:10,88,1,39,-128
IQ:11,96,255,-154,-9
IQ:12,104,2,-37,194
IQ:13,112,255,207,-13
IQ:14,120,10,-22,-286
IQ:15,128,255,-242,-5
IQ:16,136,3,51,193
IQ:17,144,255,151,-68
IQ:18,152,9,-166,-105
IQ:19,160,255,-141,165
IQ:20,168,4,75,125
IQ:21,176,255,99,-106
IQ:22,184,8,-130,-32
IQ:23,192,255,-38,157
IQ:24,200,7,150,36
IQ:25,208,255,26,-174
IQ:26,216,6,-174,-50
IQ:27,224,255,-4,181
IQ:28,232,5,233,10
IQ:29,240,255,32,-208
IQ:30,248,12,-80,43
IQ:31,256,255,77,115
IQ:32,264,1,124,-43
IQ:33,272,255,-92,-120
IQ:34,280,2,-193,97
IQ:35,288,255,97,186
SW:2
RR:3
SS:3
FR:2426
ME:359
MA:353
KE:359
KA:0
DF_END

Data arrived...
DF_BEGIN
IQ:0,0,11,183,24
IQ:1,8,11,9,-195
IQ:2,16,11,-185,13
IQ:3,24,11,38,190
IQ:4,32,11,187,-45
IQ:5,40,11,-69,-177
IQ:6,48,11,-174,75
IQ:7,56,11,103,157
IQ:8,72,12,-142,-85
IQ:9,80,255,-82,157
IQ:10,88,1,173,72
IQ:11,96,255,61,-177
IQ:12,104,2,-184,-57
IQ:13,112,255,-34,182
IQ:14,120,10,206,-30
IQ:15,128,255,-27,-213
IQ:16,136,3,-186,21
IQ:17,144,255,36,164
IQ:18,152,9,128,-80
IQ:19,160,255,-112,-131
IQ:20,168,4,-167,114
IQ:21,176,255,110,146
IQ:22,184,8,102,-114
IQ:23,192,255,-146,-92
IQ:24,200,7,-100,142
IQ:25,208,255,153,73
IQ:26,216,6,77,-174
IQ:27,224,255,-164,-58
IQ:28,232,5,-5,178
IQ:29,240,255,185,-19
IQ:30,248,12,-19,-165
IQ:31,256,255,-178,34
IQ:32,264,1,47,181
IQ:33,272,255,180,-66
IQ:34,280,2,-76,-172
IQ:35,288,255,-161,98
SW:2
RR:3
SS:3
FR:2402
ME:359
MA:359
KE:359
KA:0
DF_END

Data arrived...
DF_BEGIN
IQ:0,0,11,-57,-143
IQ:1,8,11,-128,65
IQ:2,16,11,76,118
IQ:3,24,11,98,-102
IQ:4,32,11,-114,-93
IQ:5,40,11,-82,119
IQ:6,48,11,131,67
IQ:7,56,11,54,-132
IQ:8,72,12,9,123
IQ:9,80,255,101,-49
IQ:10,88,1,-80,-125
IQ:11,96,255,-118,95
IQ:12,104,2,110,98
IQ:13,112,255,89,-138
IQ:14,120,10,-203,-144
IQ:15,128,255,-146,148
IQ:16,136,3,100,55
IQ:17,144,255,36,-104
IQ:18,152,9,-160,26
IQ:19,160,255,-7,187
IQ:20,168,4,131,57
IQ:21,176,255,25,-120
IQ:22,184,8,-111,18
IQ:23,192,255,53,108
IQ:24,200,7,110,-56
IQ:25,208,255,-62,-125
IQ:26,216,6,-134,53
IQ:27,224,255,98,118
IQ:28,232,5,149,-129
IQ:29,240,255,-115,-154
IQ:30,248,12,-95,80
IQ:31,256,255,104,62
IQ:32,264,1,45,-141
IQ:33,272,255,-147,-36
IQ:34,280,2,-15,140
IQ:35,288,255,166,7
SW:2
RR:3
SS:3
FR:2480
ME:359
MA:353
KE:359
KA:359
DF_END

Data arrived...
DF_BEGIN
IQ:0,0,11,-126,112
IQ:1,8,11,135,128
IQ:2,16,11,121,-134
IQ:3,24,11,-144,-96
IQ:4,32,11,-72,169
IQ:5,40,11,172,77
IQ:6,48,11,56,-168
IQ:7,56,11,-171,-34
IQ:8,72,12,146,-65
IQ:9,80,255,-84,-124
IQ:10,88,1,-138,131
IQ:11,96,255,136,111
IQ:12,104,2,92,-157
IQ:13,112,255,-177,-74
IQ:14,120,10,-103,285
IQ:15,128,255,241,113
IQ:16,136,3,48,-138
IQ:17,144,255,-135,-3
IQ:18,152,9,84,176
IQ:19,160,255,232,-47
IQ:20,168,4,50,-172
IQ:21,176,255,-143,9
IQ:22,184,8,69,120
IQ:23,192,255,133,-73
IQ:24,200,7,-87,-135
IQ:25,208,255,-124,114
IQ:26,216,6,125,130
IQ:27,224,255,123,-149
IQ:28,232,5,-188,-145
IQ:29,240,255,-143,175
IQ:30,248,12,122,102
IQ:31,256,255,57,-150
IQ:32,264,1,-181,-4
IQ:33,272,255,10,184
IQ:34,280,2,182,-21
IQ:35,288,255,-19,-207
SW:2
RR:3
SS:3
FR:2480
ME:359
MA:353
KE:359
KA:358
DF_END

Data arrived...
DF_BEGIN
IQ:0,0,11,14,-181
IQ:1,8,11,-174,0
IQ:2,16,11,15,176
IQ:3,24,11,162,-37
IQ:4,32,11,-73,-170
IQ:5,40,11,-161,69
IQ:6,48,11,75,143
IQ:7,56,11,140,-99
IQ:8,72,12,-1,86
IQ:9,80,255,126,-7
IQ:10,88,1,24,-122
IQ:11,96,255,-143,7
IQ:12,104,2,-19,204
IQ:13,112,255,191,-21
IQ:14,120,10,-31,-261
IQ:15,128,255,-229,18
IQ:16,136,3,75,168
IQ:17,144,255,130,-90
IQ:18,152,9,-173,-71
IQ:19,160,255,-116,168
IQ:20,168,4,84,108
IQ:21,176,255,77,-97
IQ:22,184,8,-125,-10
IQ:23,192,255,-20,140
IQ:24,200,7,143,13
IQ:25,208,255,14,-159
IQ:26,216,6,-161,-26
IQ:27,224,255,18,172
IQ:28,232,5,227,-21
IQ:29,240,255,18,-195
IQ:30,248,12,-57,62
IQ:31,256,255,88,89
IQ:32,264,1,112,-70
IQ:33,272,255,-101,-106
IQ:34,280,2,-171,108
IQ:35,288,255,115,161
SW:2
RR:3
SS:3
FR:2426
ME:359
MA:353
KE:359
KA:358
DF_END

Data arrived...
DF_BEGIN
IQ:0,0,11,64,180
IQ:1,8,11,172,-78
IQ:2,16,11,-87,-166
IQ:3,24,11,-158,112
IQ:4,32,11,125,141
IQ:5,40,11,127,-145
IQ:6,48,11,-146,-123
IQ:7,56,11,-105,157
IQ:8,72,12,20,-166
IQ:9,80,255,-180,2
IQ:10,88,1,13,192
IQ:11,96,255,201,-33
IQ:12,104,2,-36,-183
IQ:13,112,255,-166,75
IQ:14,120,10,125,182
IQ:15,128,255,184,-113
IQ:16,136,3,-98,-160
IQ:17,144,255,-132,103
IQ:18,152,9,128,85
IQ:19,160,255,81,-157
IQ:20,168,4,-177,-81
IQ:21,176,255,-76,169
IQ:22,184,8,161,40
IQ:23,192,255,28,-175
IQ:24,200,7,-171,-33
IQ:25,208,255,-4,172
IQ:26,216,6,183,-9
IQ:27,224,255,-38,-170
IQ:28,232,5,-159,79
IQ:29,240,255,91,165
IQ:30,248,12,154,-74
IQ:31,256,255,-101,-142
IQ:32,264,1,-150,124
IQ:33,272,255,132,139
IQ:34,280,2,129,-134
IQ:35,288,255,-163,-111
SW:2
RR:3
SS:3
FR:2402
ME:359
MA:5
KE:359
KA:358
DF_END

Data arrived...
DF_BEGIN
IQ:0,0,11,-29,-148
IQ:1,8,11,-145,42
IQ:2,16,11,58,142
IQ:3,24,11,128,-74
IQ:4,32,11,-95,-113
IQ:5,40,11,-106,109
IQ:6,48,11,112,101
IQ:7,56,11,102,-121
IQ:8,72,12,-28,128
IQ:9,80,255,113,0
IQ:10,88,1,-42,-145
IQ:11,96,255,-146,59
IQ:12,104,2,78,131
IQ:13,112,255,113,-99
IQ:14,120,10,-165,-168
IQ:15,128,255,-183,115
IQ:16,136,3,91,80
IQ:17,144,255,58,-104
IQ:18,152,9,-162,-7
IQ:19,160,255,-38,172
IQ:20,168,4,125,85
IQ:21,176,255,57,-119
IQ:22,184,8,-110,-17
IQ:23,192,255,-3,119
IQ:24,200,7,125,-9
IQ:25,208,255,-35,-128
IQ:26,216,6,-143,29
IQ:27,224,255,55,140
IQ:28,232,5,182,-85
IQ:29,240,255,-57,-170
IQ:30,248,12,-111,55
IQ:31,256,255,78,85
IQ:32,264,1,72,-139
IQ:33,272,255,-129,-74
IQ:34,280,2,-57,139
IQ:35,288,255,153,81
SW:2
RR:3
SS:3
FR:2480
ME:359
MA:353
KE:359
KA:358
DF_END

Data arrived...
DF_BEGIN
IQ:0,0,11,-182,-9
IQ:1,8,11,28,175
IQ:2,16,11,165,-35
IQ:3,24,11,-51,-168
IQ:4,32,11,-167,83
IQ:5,40,11,83,158
IQ:6,48,11,134,-106
IQ:7,56,11,-110,-134
IQ:8,72,12,88,-4
IQ:9,80,255,-8,-138
IQ:10,88,1,-128,-11
IQ:11,96,255,38,155
IQ:12,104,2,205,-4
IQ:13,112,255,-36,-186
IQ:14,120,10,-270,70
IQ:15,128,255,48,233
IQ:16,136,3,182,-79
IQ:17,144,255,-78,-130
IQ:18,152,9,-63,181
IQ:19,160,255,185,111
IQ:20,168,4,100,-110
IQ:21,176,255,-110,-81
IQ:22,184,8,0,134
IQ:23,192,255,156,3
IQ:24,200,7,9,-152
IQ:25,208,255,-166,10
IQ:26,216,6,-3,166
IQ:27,224,255,173,-42
IQ:28,232,5,-33,-233
IQ:29,240,255,-206,25
IQ:30,248,12,66,63
IQ:31,256,255,108,-99
IQ:32,264,1,-77,-102
IQ:33,272,255,-99,133
IQ:34,280,2,136,160
IQ:35,288,255,160,-133
SW:2
RR:3
SS:3
FR:2426
ME:359
MA:353
KE:359
KA:357
DF_END

Data arrived...
DF_BEGIN
IQ:0,0,11,-120,117
IQ:1,8,11,138,105
IQ:2,16,11,90,-156
IQ:3,24,11,-163,-71
IQ:4,32,11,-52,161
IQ:5,40,11,171,35
IQ:6,48,11,28,-173
IQ:7,56,11,-176,-4
IQ:8,72,12,52,-79
IQ:9,80,255,-104,-77
IQ:10,88,1,-97,86
IQ:11,96,255,127,78
IQ:12,104,2,126,-160
IQ:13,112,255,-170,-92
IQ:14,120,10,-137,251
IQ:15,128,255,201,129
IQ:16,136,3,45,-191
IQ:17,144,255,-169,-21
IQ:18,152,9,91,170
IQ:19,160,255,201,-43
IQ:20,168,4,4,-145
IQ:21,176,255,-136,18
IQ:22,184,8,93,90
IQ:23,192,255,106,-122
IQ:24,200,7,-107,-111
IQ:25,208,255,-115,131
IQ:26,216,6,121,124
IQ:27,224,255,78,-159