IQ:30,248,12,-110,-117
IQ:31,256,255,-99,106
IQ:32,264,1,154,61
IQ:33,272,255,56,-161
IQ:34,280,2,-143,-29
IQ:35,288,255,-19,172
SW:2
RR:3
SS:3
FR:2480
ME:359
MA:353
KE:358
KA:0
DF_END

Data arrived...
DF_BEGIN
IQ:0,0,11,-32,-146
IQ:1,8,11,-139,30
IQ:2,16,11,49,143
IQ:3,24,11,136,-60
IQ:4,32,11,-80,-134
IQ:5,40,11,-134,100
IQ:6,48,11,106,115
IQ:7,56,11,89,-112
IQ:8,72,12,-2,59
IQ:9,80,255,81,-10
IQ:10,88,1,1,-93
IQ:11,96,255,-97,24
IQ:12,104,2,42,116
IQ:13,112,255,106,-55
IQ:14,120,10,-104,-147
IQ:15,128,255,-142,83
IQ:16,136,3,77,97
IQ:17,144,255,60,-78
IQ:18,152,9,-115,-4
IQ:19,160,255,-32,140
IQ:20,168,4,88,74
IQ:21,176,255,53,-85
IQ:22,184,8,-68,-1
IQ:23,192,255,9,88
IQ:24,200,7,89,-21
IQ:25,208,255,-41,-102
IQ:26,216,6,-113,18
IQ:27,224,255,44,103
IQ:28,232,5,112,-84
IQ:29,240,255,-69,-125
IQ:30,248,12,-56,21
IQ:31,256,255,65,50
IQ:32,264,1,66,-61
IQ:33,272,255,-81,-51
IQ:34,280,2,-82,98
IQ:35,288,255,109,83
SW:2
RR:3
SS:3
FR:2426
ME:359
MA:353
KE:358
KA:359
DF_END

Data arrived...
DF_BEGIN
IQ:0,0,11,68,-160
IQ:1,8,11,-164,-58
IQ:2,16,11,-46,171
IQ:3,24,11,170,28
IQ:4,32,11,6,-175
IQ:5,40,11,-175,4
IQ:6,48,11,15,174
IQ:7,56,11,170,-34
IQ:8,72,12,-129,104
IQ:9,80,255,123,114
IQ:10,88,1,123,-156
IQ:11,96,255,-159,-123
IQ:12,104,2,-108,139
IQ:13,112,255,145,80
IQ:14,120,10,52,-196
IQ:15,128,255,-183,-40
IQ:16,136,3,-9,186
IQ:17,144,255,180,9
IQ:18,152,9,-21,-142
IQ:19,160,255,-153,44
IQ:20,168,4,57,161
IQ:21,176,255,163,-55
IQ:22,184,8,-63,-135
IQ:23,192,255,-133,95
IQ:24,200,7,97,144
IQ:25,208,255,133,-105
IQ:26,216,6,-124,-121
IQ:27,224,255,-92,117
IQ:28,232,5,126,34
IQ:29,240,255,19,-154
IQ:30,248,12,-166,-27
IQ:31,256,255,-13,171
IQ:32,264,1,200,14
IQ:33,272,255,5,-199
IQ:34,280,2,-182,5
IQ:35,288,255,23,173
SW:2
RR:3
SS:3
FR:2402
ME:359
MA:5
KE:358
KA:0
DF_END

Data arrived...
DF_BEGIN
IQ:0,0,11,54,155
IQ:1,8,11,142,-78
IQ:2,16,11,-96,-143
IQ:3,24,11,-140,106
IQ:4,32,11,116,116
IQ:5,40,11,100,-144
IQ:6,48,11,-143,-106
IQ:7,56,11,-89,144
IQ:8,72,12,13,-163
IQ:9,80,255,-172,5
IQ:10,88,1,1,195
IQ:11,96,255,197,-16
IQ:12,104,2,-11,-168
IQ:13,112,255,-160,47
IQ:14,120,10,106,166
IQ:15,128,255,155,-101
IQ:16,136,3,-128,-133
IQ:17,144,255,-121,124
IQ:18,152,9,115,82
IQ:19,160,255,73,-138
IQ:20,168,4,-147,-71
IQ:21,176,255,-61,155
IQ:22,184,8,137,32
IQ:23,192,255,10,-155
IQ:24,200,7,-178,-13
IQ:25,208,255,-17,164
IQ:26,216,6,168,-5
IQ:27,224,255,-29,-152
IQ:28,232,5,-107,61
IQ:29,240,255,93,114
IQ:30,248,12,138,-81
IQ:31,256,255,-105,-128
IQ:32,264,1,-142,132
IQ:33,272,255,140,119
IQ:34,280,2,105,-137
IQ:35,288,255,-151,-93
SW:2
RR:3
SS:3
FR:2402
ME:359
MA:5
KE:358
KA:0
DF_END

Data arrived...
DF_BEGIN
IQ:0,0,11,40,185
IQ:1,8,11,174,-72
IQ:2,16,11,-91,-157
IQ:3,24,11,-151,118
IQ:4,32,11,115,149
IQ:5,40,11,126,-127
IQ:6,48,11,-154,-111
IQ:7,56,11,-96,160
IQ:8,72,12,35,-164
IQ:9,80,255,-167,5
IQ:10,88,1,13,172
IQ:11,96,255,161,-36
IQ:12,104,2,-65,-146
IQ:13,112,255,-150,88
IQ:14,120,10,102,196
IQ:15,128,255,176,-83
IQ:16,136,3,-100,-122
IQ:17,144,255,-96,108
IQ:18,152,9,162,70
IQ:19,160,255,88,-180
IQ:20,168,4,-122,-102
IQ:21,176,255,-60,132
IQ:22,184,8,164,34
IQ:23,192,255,15,-179
IQ:24,200,7,-178,-13
IQ:25,208,255,3,165
IQ:26,216,6,162,-23
IQ:27,224,255,-66,-161
IQ:28,232,5,-192,84
IQ:29,240,255,90,173
IQ:30,248,12,141,-99
IQ:31,256,255,-106,-125
IQ:32,264,1,-95,133
IQ:33,272,255,142,98
IQ:34,280,2,78,-147
IQ:35,288,255,-170,-73
SW:2
RR:3
SS:3
FR:2480
ME:359
MA:5
KE:358
KA:1
DF_END

Data arrived...
DF_BEGIN
IQ:0,0,11,37,-152
IQ:1,8,11,-151,-33
IQ:2,16,11,-40,142
IQ:3,24,11,155,-7
IQ:4,32,11,-13,-156
IQ:5,40,11,-142,41
IQ:6,48,11,51,141
IQ:7,56,11,141,-62
IQ:8,72,12,-46,62
IQ:9,80,255,87,47
IQ:10,88,1,62,-89
IQ:11,96,255,-106,-30
IQ:12,104,2,-29,151
IQ:13,112,255,138,15
IQ:14,120,10,1,-192
IQ:15,128,255,-164,-2
IQ:16,136,3,30,152
IQ:17,144,255,123,-45
IQ:18,152,9,-100,-75
IQ:19,160,255,-101,105
IQ:20,168,4,41,121
IQ:21,176,255,108,-49
IQ:22,184,8,-62,-52
IQ:23,192,255,-52,72
IQ:24,200,7,99,64
IQ:25,208,255,35,-127
IQ:26,216,6,-119,-56
IQ:27,224,255,-13,119
IQ:28,232,5,169,-10
IQ:29,240,255,15,-152
IQ:30,248,12,-78,-11
IQ:31,256,255,16,98
IQ:32,264,1,97,-4
IQ:33,272,255,-36,-100
IQ:34,280,2,-143,64
IQ:35,288,255,70,133
SW:2
RR:3
SS:3
FR:2426
ME:359
MA:353
KE:358
KA:0
DF_END

Data arrived...
DF_BEGIN
IQ:0,0,11,-80,-177
IQ:1,8,11,-170,107
IQ:2,16,11,101,166
IQ:3,24,11,156,-125
IQ:4,32,11,-133,-144
IQ:5,40,11,-124,160
IQ:6,48,11,161,111
IQ:7,56,11,89,-175
IQ:8,72,12,-13,177
IQ:9,80,255,188,-27
IQ:10,88,1,-29,-214
IQ:11,96,255,-210,37
IQ:12,104,2,40,181
IQ:13,112,255,164,-66
IQ:14,120,10,-122,-179
IQ:15,128,255,-179,115
IQ:16,136,3,123,156
IQ:17,144,255,147,-122
IQ:18,152,9,-134,-92
IQ:19,160,255,-84,159
IQ:20,168,4,163,77
IQ:21,176,255,72,-168
IQ:22,184,8,-155,-42
IQ:23,192,255,-1,176
IQ:24,200,7,191,13
IQ:25,208,255,-8,-190
IQ:26,216,6,-186,20
IQ:27,224,255,42,165
IQ:28,232,5,134,-70
IQ:29,240,255,-79,-135
IQ:30,248,12,-149,109
IQ:31,256,255,133,126
IQ:32,264,1,122,-169
IQ:33,272,255,-167,-138
IQ:34,280,2,-130,140
IQ:35,288,255,158,106
SW:2
RR:3
SS:3
FR:2402
ME:359
MA:5
KE:358
KA:0
DF_END

Data arrived...
DF_BEGIN
IQ:0,0,11,75,-185
IQ:1,8,11,-187,-59
IQ:2,16,11,-33,189
IQ:3,24,11,191,5
IQ:4,32,11,6,-194
IQ:5,40,11,-188,25
IQ:6,48,11,31,189
IQ:7,56,11,179,-58
IQ:8,72,12,-131,109
IQ:9,80,255,133,125
IQ:10,88,1,130,-162
IQ:11,96,255,-175,-114
IQ:12,104,2,-103,162
IQ:13,112,255,164,73
IQ:14,120,10,43,-206
IQ:15,128,255,-204,-36
IQ:16,136,3,-20,195
IQ:17,144,255,192,7
IQ:18,152,9,-20,-163
IQ:19,160,255,-171,51
IQ:20,168,4,65,170
IQ:21,176,255,181,-61
IQ:22,184,8,-83,-144
IQ:23,192,255,-135,109
IQ:24,200,7,119,144
IQ:25,208,255,133,-127
IQ:26,216,6,-141,-116
IQ:27,224,255,-91,148
IQ:28,232,5,139,48
IQ:29,240,255,26,-164
IQ:30,248,12,-174,-38
IQ:31,256,255,-2,176
IQ:32,264,1,209,-7
IQ:33,272,255,1,-215
IQ:34,280,2,-189,15
IQ:35,288,255,26,187
SW:2
RR:3
SS:3
FR:2402
ME:359
MA:5
KE:358
KA:1
DF_END

Data arrived...
DF_BEGIN
IQ:0,0,11,132,64
IQ:1,8,11,46,-143
IQ:2,16,11,-149,-45
IQ:3,24,11,-11,142
IQ:4,32,11,143,-4
IQ:5,40,11,-17,-156
IQ:6,48,11,-149,29
IQ:7,56,11,38,144
IQ:8,72,12,-72,-116
IQ:9,80,255,-96,81
IQ:10,88,1,110,79
IQ:11,96,255,64,-117
IQ:12,104,2,-121,-49
IQ:13,112,255,-29,127
IQ:14,120,10,160,22
IQ:15,128,255,35,-162
IQ:16,136,3,-123,-25
IQ:17,144,255,7,117
IQ:18,152,9,125,-40
IQ:19,160,255,-45,-158
IQ:20,168,4,-134,10
IQ:21,176,255,32,109
IQ:22,184,8,105,-77
IQ:23,192,255,-90,-104
IQ:24,200,7,-104,91
IQ:25,208,255,93,84
IQ:26,216,6,76,-107
IQ:27,224,255,-129,-65
IQ:28,232,5,-60,149
IQ:29,240,255,146,60
IQ:30,248,12,38,-126
IQ:31,256,255,-132,-26
IQ:32,264,1,13,131
IQ:33,272,255,138,-13
IQ:34,280,2,-32,-122
IQ:35,288,255,-133,63
SW:2
RR:3
SS:3
FR:2480
ME:359
MA:353
KE:358
KA:0
DF_END

Data arrived...
DF_BEGIN
IQ:0,0,11,118,-95
IQ:1,8,11,-97,-114
IQ:2,16,11,-110,111
IQ:3,24,11,122,95
IQ:4,32,11,76,-133
IQ:5,40,11,-135,-65
IQ:6,48,11,-50,143
IQ:7,56,11,149,38
IQ:8,72,12,-69,20
IQ:9,80,255,35,84
IQ:10,88,1,93,-28
IQ:11,96,255,-60,-80
IQ:12,104,2,-108,81
IQ:13,112,255,104,73
IQ:14,120,10,110,-159
IQ:15,128,255,-131,-107
IQ:16,136,3,-63,114
IQ:17,144,255,107,38
IQ:18,152,9,-41,-114
IQ:19,160,255,-151,24
IQ:20,168,4,-25,119
IQ:21,176,255,104,13
IQ:22,184,8,-20,-69
IQ:23,192,255,-82,48
IQ:24,200,7,62,82
IQ:25,208,255,99,-79
IQ:26,216,6,-62,-112
IQ:27,224,255,-90,82
IQ:28,232,5,119,95
IQ:29,240,255,102,-116
IQ:30,248,12,-54,-47
IQ:31,256,255,-37,81
IQ:32,264,1,80,48
IQ:33,272,255,24,-101
IQ:34,280,2,-131,-21
IQ:35,288,255,-11,139
SW:2
RR:3
SS:3
FR:2426
ME:359
MA:353
KE:358
KA:359
DF_END

Data arrived...
DF_BEGIN
IQ:0,0,11,98,148
IQ:1,8,11,140,-102
IQ:2,16,11,-122,-118
IQ:3,24,11,-95,134
IQ:4,32,11,146,83
IQ:5,40,11,71,-155
IQ:6,48,11,-163,-61
IQ:7,56,11,-46,161
IQ:8,72,12,-28,-163
IQ:9,80,255,-166,43
IQ:10,88,1,44,190
IQ:11,96,255,181,-63
IQ:12,104,2,-73,-159
IQ:13,112,255,-143,90
IQ:14,120,10,135,144
IQ:15,128,255,126,-129
IQ:16,136,3,-150,-109
IQ:17,144,255,-85,147
IQ:18,152,9,138,49
IQ:19,160,255,34,-148
IQ:20,168,4,-166,-28
IQ:21,176,255,-26,169
IQ:22,184,8,144,3
IQ:23,192,255,-22,-161
IQ:24,200,7,-173,8
IQ:25,208,255,22,157
IQ:26,216,6,160,-56
IQ:27,224,255,-63,-145
IQ:28,232,5,-108,87
IQ:29,240,255,119,98
IQ:30,248,12,113,-113
IQ:31,256,255,-142,-87
IQ:32,264,1,-106,167
IQ:33,272,255,159,115
IQ:34,280,2,100,-144
IQ:35,288,255,-159,-78
SW:2
RR:3
SS:3
FR:2402
ME:359
MA:353
KE:358
KA:358
DF_END

Data arrived...
DF_BEGIN
IQ:0,0,11,3,152
IQ:1,8,11,143,-21
IQ:2,16,11,-33,-146
IQ:3,24,11,-137,57
IQ:4,32,11,60,139
IQ:5,40,11,121,-81
IQ:6,48,11,-95,-120
IQ:7,56,11,-109,98
IQ:8,72,12,49,-131
IQ:9,80,255,-126,-36
IQ:10,88,1,-9,144
IQ:11,96,255,138,-1
IQ:12,104,2,-36,-129
IQ:13,112,255,-132,47
IQ:14,120,10,49,157
IQ:15,128,255,149,-56
IQ:16,136,3,-46,-111
IQ:17,144,255,-96,66
IQ:18,152,9,104,85
IQ:19,160,255,91,-118
IQ:20,168,4,-83,-108
IQ:21,176,255,-74,94
IQ:22,184,8,126,42
IQ:23,192,255,31,-135
IQ:24,200,7,-137,-44
IQ:25,208,255,-32,133
IQ:26,216,6,125,6
IQ:27,224,255,-29,-136
IQ:28,232,5,-150,32
IQ:29,240,255,32,152
IQ:30,248,12,132,-41
IQ:31,256,255,-47,-117
IQ:32,264,1,-107,92
IQ:33,272,255,100,103
IQ:34,280,2,86,-98
IQ:35,288,255,-122,-89
SW:2
RR:3
SS:3
FR:2480
ME:359
MA:5
KE:358
KA:359
DF_END

Data arrived...
DF_BEGIN
IQ:0,0,11,-157,21
IQ:1,8,11,38,148
IQ:2,16,11,158,-56
IQ:3,24,11,-67,-145
IQ:4,32,11,-137,90
IQ:5,40,11,85,141
IQ:6,48,11,123,-99
IQ:7,56,11,-120,-97
IQ:8,72,12,74,19
IQ:9,80,255,-2,-104
IQ:10,88,1,-109,-11
IQ:11,96,255,22,109
IQ:12,104,2,141,-35
IQ:13,112,255,-58,-127
IQ:14,120,10,-167,90
IQ:15,128,255,75,159
IQ:16,136,3,115,-82
IQ:17,144,255,-88,-84
IQ:18,152,9,-10,131
IQ:19,160,255,145,47
IQ:20,168,4,81,-80
IQ:21,176,255,-100,-66
IQ:22,184,8,-13,77
IQ:23,192,255,92,-1
IQ:24,200,7,-27,-106
IQ:25,208,255,-124,33
IQ:26,216,6,16,132
IQ:27,224,255,125,-36
IQ:28,232,5,-77,-140
IQ:29,240,255,-152,63
IQ:30,248,12,31,75
IQ:31,256,255,87,-67
IQ:32,264,1,-59,-84
IQ:33,272,255,-64,91
IQ:34,280,2,116,92
IQ:35,288,255,88,-125
SW:2
RR:3
SS:3
FR:2426
ME:356
MA:353
KE:358
KA:358
DF_END

Data arrived...
DF_BEGIN
IQ:0,0,11,175,-19
IQ:1,8,11,-40,-187
IQ:2,16,11,-171,93
IQ:3,24,11,81,162
IQ:4,32,11,151,-96
IQ:5,40,11,-122,-133
IQ:6,48,11,-120,89
IQ:7,56,11,129,109
IQ:8,72,12,-153,-55
IQ:9,80,255,-30,167
IQ:10,88,1,208,22
IQ:11,96,255,34,-204
IQ:12,104,2,-184,-3
IQ:13,112,255,45,138
IQ:14,120,10,180,-70
IQ:15,128,255,-70,-180
IQ:16,136,3,-163,87
IQ:17,144,255,129,135
IQ:18,152,9,122,-79
IQ:19,160,255,-110,-103
IQ:20,168,4,-93,149
IQ:21,176,255,158,97
IQ:22,184,8,57,-121
IQ:23,192,255,-158,-53
IQ:24,200,7,-39,173
IQ:25,208,255,136,33
IQ:26,216,6,18,-167
IQ:27,224,255,-152,9
IQ:28,232,5,24,134
IQ:29,240,255,141,-53
IQ:30,248,12,-46,-167
IQ:31,256,255,-124,98
IQ:32,264,1,106,164
IQ:33,272,255,151,-147
IQ:34,280,2,-110,-155
IQ:35,288,255,-146,139
SW:2
RR:3
SS:3
FR:2402
ME:359
MA:5
KE:358
KA:359
DF_END

Data arrived...
DF_BEGIN
IQ:0,0,11,47,141
IQ:1,8,11,145,-54
IQ:2,16,11,-55,-133
IQ:3,24,11,-122,81
IQ:4,32,11,98,118
IQ:5,40,11,108,-102
IQ:6,48,11,-121,-89
IQ:7,56,11,-79,125
IQ:8,72,12,25,-138
IQ:9,80,255,-123,-5
IQ:10,88,1,30,133
IQ:11,96,255,134,-41
IQ:12,104,2,-42,-121
IQ:13,112,255,-114,60
IQ:14,120,10,90,135
IQ:15,128,255,139,-92
IQ:16,136,3,-69,-101
IQ:17,144,255,-73,79
IQ:18,152,9,120,61
IQ:19,160,255,65,-140
IQ:20,168,4,-95,-89
IQ:21,176,255,-46,106
IQ:22,184,8,128,5
IQ:23,192,255,8,-144
IQ:24,200,7,-140,-23
IQ:25,208,255,-4,128
IQ:26,216,6,131,-21
IQ:27,224,255,-36,-136
IQ:28,232,5,-143,58
IQ:29,240,255,67,132
IQ:30,248,12,114,-73
IQ:31,256,255,-86,-100
IQ:32,264,1,-83,111
IQ:33,272,255,114,74
IQ:34,280,2,60,-119
IQ:35,288,255,-129,-59
SW:2
RR:3
SS:3
FR:2480
ME:359
MA:353
KE:358
KA:358
DF_END

Data arrived...
DF_BEGIN
IQ:0,0,11,23,-181
IQ:1,8,11,-180,45
IQ:2,16,11,30,207
IQ:3,24,11,142,-84
IQ:4,32,11,-86,-155
IQ:5,40,11,-153,97
IQ:6,48,11,115,128
IQ:7,56,11,119,-147
IQ:8,72,12,-32,69
IQ:9,80,255,108,6
IQ:10,88,1,20,-125
IQ:11,96,255,-129,8
IQ:12,104,2,48,182
IQ:13,112,255,143,-51
IQ:14,120,10,-107,-198
IQ:15,128,255,-176,138
IQ:16,136,3,101,120
IQ:17,144,255,102,-70
IQ:18,152,9,-136,-16
IQ:19,160,255,-61,137
IQ:20,168,4,98,77
IQ:21,176,255,76,-102
IQ:22,184,8,-65,-18
IQ:23,192,255,7,117
IQ:24,200,7,120,-23
IQ:25,208,255,-20,-147
IQ:26,216,6,-105,37
IQ:27,224,255,45,110
IQ:28,232,5,166,-88
IQ:29,240,255,-63,-182
IQ:30,248,12,-76,12
IQ:31,256,255,64,41
IQ:32,264,1,94,-33
IQ:33,272,255,-106,-44
IQ:34,280,2,-120,109
IQ:35,288,255,137,95
SW:2
RR:3
SS:3
FR:2426
ME:356
MA:353
KE:358
KA:357
DF_END

Data arrived...
DF_BEGIN
IQ:0,0,11,-169,1
IQ:1,8,11,20,168
IQ:2,16,11,164,-29
IQ:3,24,11,-52,-163
IQ:4,32,11,-163,71
IQ:5,40,11,79,156
IQ:6,48,11,151,-91
IQ:7,56,11,-98,-136
IQ:8,72,12,143,76
IQ:9,80,255,60,-154
IQ:10,88,1,-197,-54
IQ:11,96,255,-64,182
IQ:12,104,2,161,38
IQ:13,112,255,5,-168
IQ:14,120,10,-190,23
IQ:15,128,255,23,173
IQ:16,136,3,158,-73
IQ:17,144,255,-65,-162
IQ:18,152,9,-118,78
IQ:19,160,255,108,122
IQ:20,168,4,112,-115
IQ:21,176,255,-123,-113
IQ:22,184,8,-85,107
IQ:23,192,255,138,71
IQ:24,200,7,101,-149
IQ:25,208,255,-144,-79
IQ:26,216,6,-50,167
IQ:27,224,255,141,36
IQ:28,232,5,-26,-128
IQ:29,240,255,-147,25
IQ:30,248,12,24,150
IQ:31,256,255,155,-56
IQ:32,264,1,-75,-182
IQ:33,272,255,-173,74
IQ:34,280,2,64,153
IQ:35,288,255,134,-99
SW:2
RR:3
SS:3
FR:2402
ME:359
MA:5
KE:358
KA:358
DF_END

Data arrived...
DF_BEGIN
IQ:0,0,11,129,-117
IQ:1,8,11,-120,-130
IQ:2,16,11,-104,136
IQ:3,24,11,142,93
IQ:4,32,11,90,-151
IQ:5,40,11,-158,-76
IQ:6,48,11,-58,158
IQ:7,56,11,170,34
IQ:8,72,12,-150,37
IQ:9,80,255,66,138
IQ:10,88,1,173,-87
IQ:11,96,255,-85,-178
IQ:12,104,2,-144,80
IQ:13,112,255,102,121
IQ:14,120,10,136,-151
IQ:15,128,255,-136,-128
IQ:16,136,3,-82,150
IQ:17,144,255,148,86
IQ:18,152,9,48,-140
IQ:19,160,255,-157,-32
IQ:20,168,4,-15,154
IQ:21,176,255,165,12
IQ:22,184,8,-2,-144
IQ:23,192,255,-153,29
IQ:24,200,7,31,160
IQ:25,208,255,155,-55
IQ:26,216,6,-57,-155
IQ:27,224,255,-132,67
IQ:28,232,5,87,83
IQ:29,240,255,85,-120
IQ:30,248,12,-117,-108
IQ:31,256,255,-82,136
IQ:32,264,1,170,91
IQ:33,272,255,76,-173
IQ:34,280,2,-159,-61
IQ:35,288,255,-41,170
SW:2
RR:3
SS:3
FR:2402
ME:359
MA:5
KE:358
KA:359
DF_END

Data arrived...
DF_BEGIN
IQ:0,0,11,-61,-137
IQ:1,8,11,-129,76
IQ:2,16,11,88,127
IQ:3,24,11,108,-94
IQ:4,32,11,-121,-98
IQ:5,40,11,-96,120
IQ:6,48,11,129,76
IQ:7,56,11,60,-139
IQ:8,72,12,-3,136
IQ:9,80,255,125,-15
IQ:10,88,1,-45,-135
IQ:11,96,255,-131,48
IQ:12,104,2,70,111
IQ:13,112,255,104,-85
IQ:14,120,10,-125,-120
IQ:15,128,255,-130,111
IQ:16,136,3,81,89
IQ:17,144,255,68,-93
IQ:18,152,9,-135,-50
IQ:19,160,255,-45,140
IQ:20,168,4,110,63
IQ:21,176,255,31,-116
IQ:22,184,8,-132,2
IQ:23,192,255,6,140
IQ:24,200,7,139,-2
IQ:25,208,255,-19,-135
IQ:26,216,6,-126,33
IQ:27,224,255,66,118
IQ:28,232,5,140,-77
IQ:29,240,255,-92,-125
IQ:30,248,12,-107,88
IQ:31,256,255,90,91
IQ:32,264,1,68,-120
IQ:33,272,255,-121,-63
IQ:34,280,2,-44,121
IQ:35,288,255,146,29
SW:2
RR:3
SS:3
FR:2480
ME:359
MA:353
KE:358
KA:358
DF_END

Data arrived...
DF_BEGIN
IQ:0,0,11,148,-74
IQ:1,8,11,-99,-131
IQ:2,16,11,-124,111
IQ:3,24,11,134,103
IQ:4,32,11,89,-148
IQ:5,40,11,-153,-76
IQ:6,48,11,-84,152
IQ:7,56,11,158,45
IQ:8,72,12,-76,7
IQ:9,80,255,40,90
IQ:10,88,1,102,-21
IQ:11,96,255,-64,-100
IQ:12,104,2,-131,89
IQ:13,112,255,104,99
IQ:14,120,10,148,-175
IQ:15,128,255,-150,-128
IQ:16,136,3,-85,137
IQ:17,144,255,113,55
IQ:18,152,9,-50,-125
IQ:19,160,255,-167,24
IQ:20,168,4,-51,128
IQ:21,176,255,101,34
IQ:22,184,8,-18,-66
IQ:23,192,255,-94,44
IQ:24,200,7,65,97
IQ:25,208,255,95,-91
IQ:26,216,6,-69,-133
IQ:27,224,255,-93,92
IQ:28,232,5,145,110
IQ:29,240,255,127,-115
IQ:30,248,12,-50,-47
IQ:31,256,255,-50,90
IQ:32,264,1,86,68
IQ:33,272,255,34,-106
IQ:34,280,2,-147,-46
IQ:35,288,255,-35,161
SW:2
RR:3
SS:3
FR:2426
ME:359
MA:353
KE:358
KA:357
DF_END

Data arrived...
DF_BEGIN
IQ:0,0,11,175,16
IQ:1,8,11,9,-179
IQ:2,16,11,-165,20
IQ:3,24,11,51,164
IQ:4,32,11,164,-69
IQ:5,40,11,-74,-165
IQ:6,48,11,-147,88
IQ:7,56,11,103,143
IQ:8,72,12,-69,-26
IQ:9,80,255,-17,100
IQ:10,88,1,108,19
IQ:11,96,255,-1,-115
IQ:12,104,2,-155,-3
IQ:13,112,255,38,144
IQ:14,120,10,223,-64
IQ:15,128,255,-34,-203
IQ:16,136,3,-146,69
IQ:17,144,255,68,104
IQ:18,152,9,40,-147
IQ:19,160,255,-160,-84
IQ:20,168,4,-112,80
IQ:21,176,255,89,72
IQ:22,184,8,21,-85
IQ:23,192,255,-113,-18
IQ:24,200,7,-2,126
IQ:25,208,255,138,-6
IQ:26,216,6,21,-143
IQ:27,224,255,-141,18
IQ:28,232,5,53,176
IQ:29,240,255,170,-28
IQ:30,248,12,-23,-73
IQ:31,256,255,-82,64
IQ:32,264,1,47,93
IQ:33,272,255,89,-71
IQ:34,280,2,-98,-123
IQ:35,288,255,-117,114
SW:2
RR:3
SS:3
FR:2426
ME:359
MA:353
KE:358
KA:357
DF_END

Data arrived...
DF_BEGIN
IQ:0,0,11,-71,-172
IQ:1,8,11,-169,84
IQ:2,16,11,104,154
IQ:3,24,11,132,-119
IQ:4,32,11,-134,-131
IQ:5,40,11,-109,146
IQ:6,48,11,155,107
IQ:7,56,11,86,-164
IQ:8,72,12,5,166
IQ:9,80,255,177,-22
IQ:10,88,1,-31,-208
IQ:11,96,255,-200,44
IQ:12,104,2,29,181
IQ:13,112,255,164,-56
IQ:14,120,10,-103,-182
IQ:15,128,255,-168,101
IQ:16,136,3,134,138
IQ:17,144,255,127,-139
IQ:18,152,9,-130,-92
IQ:19,160,255,-73,152
IQ:20,168,4,159,71
IQ:21,176,255,58,-170
IQ:22,184,8,-157,-32
IQ:23,192,255,-16,162
IQ:24,200,7,180,23
IQ:25,208,255,0,-187
IQ:26,216,6,-180,11
IQ:27,224,255,26,160
IQ:28,232,5,118,-71
IQ:29,240,255,-102,-126
IQ:30,248,12,-139,105
IQ:31,256,255,130,126
IQ:32,264,1,156,-143
IQ:33,272,255,-143,-151
IQ:34,280,2,-128,131
IQ:35,288,255,149,102
SW:2
RR:3
SS:3
FR:2402
ME:359
MA:5
KE:358
KA:358
DF_END

Data arrived...
DF_BEGIN
IQ:0,0,11,152,-11
IQ:1,8,11,-35,-148
IQ:2,16,11,-