DF_END

Data arrived...
DF_BEGIN
IQ:0,0,11,-188,-57
IQ:1,8,11,-41,176
IQ:2,16,11,184,8
IQ:3,24,11,-5,-181
IQ:4,32,11,-185,37
IQ:5,40,11,53,183
IQ:6,48,11,176,-68
IQ:7,56,11,-78,-173
IQ:8,72,12,118,86
IQ:9,80,255,85,-128
IQ:10,88,1,-144,-66
IQ:11,96,255,-57,146
IQ:12,104,2,162,3
IQ:13,112,255,-18,-200
IQ:14,120,10,-284,-43
IQ:15,128,255,-68,251
IQ:16,136,3,112,39
IQ:17,144,255,0,-85
IQ:18,152,9,-81,126
IQ:19,160,255,133,152
IQ:20,168,4,168,-14
IQ:21,176,255,-26,-126
IQ:22,184,8,-55,154
IQ:23,192,255,167,86
IQ:24,200,7,135,-159
IQ:25,208,255,-149,-132
IQ:26,216,6,-91,129
IQ:27,224,255,153,47
IQ:28,232,5,20,-206
IQ:29,240,255,-193,-30
IQ:30,248,12,1,131
IQ:31,256,255,155,-13
IQ:32,264,1,-38,-147
IQ:33,272,255,-146,59
IQ:34,280,2,94,126
IQ:35,288,255,150,-115
SW:2
RR:3
SS:3
FR:2480
ME:359
MA:353
KE:21
KA:67
DF_END

Data arrived...
DF_BEGIN
IQ:0,0,11,157,-14
IQ:1,8,11,-22,-151
IQ:2,16,11,-150,41
IQ:3,24,11,65,142
IQ:4,32,11,135,-85
IQ:5,40,11,-79,-133
IQ:6,48,11,-125,87
IQ:7,56,11,110,102
IQ:8,72,12,35,-78
IQ:9,80,255,-73,-29
IQ:10,88,1,-65,34
IQ:11,96,255,-9,74
IQ:12,104,2,-31,100
IQ:13,112,255,83,53
IQ:14,120,10,97,-61
IQ:15,128,255,-1,-137
IQ:16,136,3,10,-162
IQ:17,144,255,-111,-84
IQ:18,152,9,-98,-44
IQ:19,160,255,-80,15
IQ:20,168,4,-117,-67
IQ:21,176,255,-72,49
IQ:22,184,8,-4,-3
IQ:23,192,255,-18,17
IQ:24,200,7,29,93
IQ:25,208,255,100,6
IQ:26,216,6,28,-42
IQ:27,224,255,-75,5
IQ:28,232,5,-64,133
IQ:29,240,255,108,86
IQ:30,248,12,86,-25
IQ:31,256,255,-14,-76
IQ:32,264,1,-72,-40
IQ:33,272,255,-67,29
IQ:34,280,2,-101,44
IQ:35,288,255,10,135
SW:2
RR:3
SS:3
FR:2402
ME:35
MA:131
KE:22
KA:79
DF_END

Data arrived...
DF_BEGIN
IQ:0,0,11,128,-79
IQ:1,8,11,-104,-112
IQ:2,16,11,-99,116
IQ:3,24,11,123,86
IQ:4,32,11,79,-127
IQ:5,40,11,-143,-56
IQ:6,48,11,-51,149
IQ:7,56,11,149,43
IQ:8,72,12,-16,-96
IQ:9,80,255,-88,-3
IQ:10,88,1,-44,71
IQ:11,96,255,32,67
IQ:12,104,2,25,105
IQ:13,112,255,104,15
IQ:14,120,10,49,-92
IQ:15,128,255,-63,-113
IQ:16,136,3,-82,-151
IQ:17,144,255,-141,-11
IQ:18,152,9,-111,23
IQ:19,160,255,-53,51
IQ:20,168,4,-136,-2
IQ:21,176,255,-42,77
IQ:22,184,8,-4,9
IQ:23,192,255,0,27
IQ:24,200,7,71,71
IQ:25,208,255,80,-36
IQ:26,216,6,-3,-46
IQ:27,224,255,-61,42
IQ:28,232,5,22,142
IQ:29,240,255,129,22
IQ:30,248,12,66,-63
IQ:31,256,255,-64,-62
IQ:32,264,1,-89,14
IQ:33,272,255,-30,66
IQ:34,280,2,-63,86
IQ:35,288,255,69,115
SW:2
RR:3
SS:3
FR:2402
ME:38
MA:131
KE:23
KA:90
DF_END

Data arrived...
DF_BEGIN
IQ:0,0,11,-125,-93
IQ:1,8,11,-69,145
IQ:2,16,11,146,77
IQ:3,24,11,23,-168
IQ:4,32,11,-212,-34
IQ:5,40,11,-36,197
IQ:6,48,11,157,-20
IQ:7,56,11,-67,-168
IQ:8,72,12,78,103
IQ:9,80,255,99,-97
IQ:10,88,1,-125,-102
IQ:11,96,255,-101,133
IQ:12,104,2,139,76
IQ:13,112,255,23,-213
IQ:14,120,10,-251,-134
IQ:15,128,255,-130,239
IQ:16,136,3,114,88
IQ:17,144,255,33,-97
IQ:18,152,9,-100,115
IQ:19,160,255,80,174
IQ:20,168,4,191,25
IQ:21,176,255,14,-136
IQ:22,184,8,-108,127
IQ:23,192,255,128,124
IQ:24,200,7,178,-119
IQ:25,208,255,-111,-145
IQ:26,216,6,-129,133
IQ:27,224,255,115,86
IQ:28,232,5,107,-206
IQ:29,240,255,-180,-74
IQ:30,248,12,-48,150
IQ:31,256,255,155,32
IQ:32,264,1,-7,-176
IQ:33,272,255,-182,3
IQ:34,280,2,60,177
IQ:35,288,255,202,-61
SW:2
RR:3
SS:3
FR:2480
ME:359
MA:353
KE:21
KA:74
DF_END

Data arrived...
DF_BEGIN
IQ:0,0,11,95,168
IQ:1,8,11,169,-96
IQ:2,16,11,-118,-158
IQ:3,24,11,-143,120
IQ:4,32,11,145,125
IQ:5,40,11,102,-172
IQ:6,48,11,-170,-95
IQ:7,56,11,-96,175
IQ:8,72,12,-33,113
IQ:9,80,255,130,70
IQ:10,88,1,185,-200
IQ:11,96,255,-135,-247
IQ:12,104,2,-247,49
IQ:13,112,255,47,325
IQ:14,120,10,384,211
IQ:15,128,255,239,-171
IQ:16,136,3,80,167
IQ:17,144,255,281,62
IQ:18,152,9,301,-265
IQ:19,160,255,-100,-327
IQ:20,168,4,-20,-53
IQ:21,176,255,28,-44
IQ:22,184,8,-276,-368
IQ:23,192,255,-437,109
IQ:24,200,7,-138,446
IQ:25,208,255,377,165
IQ:26,216,6,87,-132
IQ:27,224,255,-133,-125
IQ:28,232,5,-60,22
IQ:29,240,255,10,40
IQ:30,248,12,-102,57
IQ:31,256,255,20,139
IQ:32,264,1,270,38
IQ:33,272,255,112,-264
IQ:34,280,2,-168,-185
IQ:35,288,255,-242,134
SW:2
RR:3
SS:3
FR:2426
ME:47
MA:145
KE:24
KA:89
DF_END

Data arrived...
DF_BEGIN
IQ:0,0,11,-177,43
IQ:1,8,11,58,154
IQ:2,16,11,147,-98
IQ:3,24,11,-118,-132
IQ:4,32,11,-131,112
IQ:5,40,11,130,109
IQ:6,48,11,110,-135
IQ:7,56,11,-147,-93
IQ:8,72,12,-124,-19
IQ:9,80,255,-68,155
IQ:10,88,1,217,165
IQ:11,96,255,235,-160
IQ:12,104,2,-88,-225
IQ:13,112,255,-313,60
IQ:14,120,10,-193,361
IQ:15,128,255,163,193
IQ:16,136,3,-173,108
IQ:17,144,255,-22,293
IQ:18,152,9,252,262
IQ:19,160,255,298,-104
IQ:20,168,4,41,15
IQ:21,176,255,61,10
IQ:22,184,8,342,-323
IQ:23,192,255,-176,-442
IQ:24,200,7,-445,-84
IQ:25,208,255,-156,357
IQ:26,216,6,121,60
IQ:27,224,255,91,-126
IQ:28,232,5,-27,-43
IQ:29,240,255,-35,15
IQ:30,248,12,-71,-104
IQ:31,256,255,-151,52
IQ:32,264,1,-25,274
IQ:33,272,255,261,96
IQ:34,280,2,151,-193
IQ:35,288,255,-164,-205
SW:2
RR:3
SS:3
FR:2426
ME:47
MA:145
KE:26
KA:101
DF_END

Data arrived...
DF_BEGIN
IQ:0,0,11,-19,147
IQ:1,8,11,145,4
IQ:2,16,11,-8,-141
IQ:3,24,11,-141,33
IQ:4,32,11,43,139
IQ:5,40,11,137,-59
IQ:6,48,11,-62,-129
IQ:7,56,11,-119,82
IQ:8,72,12,61,54
IQ:9,80,255,50,-41
IQ:10,88,1,1,-83
IQ:11,96,255,-68,-50
IQ:12,104,2,-101,-61
IQ:13,112,255,-76,87
IQ:14,120,10,38,98
IQ:15,128,255,124,27
IQ:16,136,3,141,68
IQ:17,144,255,119,-69
IQ:18,152,9,79,-98
IQ:19,160,255,-3,-93
IQ:20,168,4,92,-68
IQ:21,176,255,-16,-76
IQ:22,184,8,5,-21
IQ:23,192,255,-35,-32
IQ:24,200,7,-99,16
IQ:25,208,255,-6,93
IQ:26,216,6,28,10
IQ:27,224,255,-1,-64
IQ:28,232,5,-110,-78
IQ:29,240,255,-93,74
IQ:30,248,12,-21,72
IQ:31,256,255,68,26
IQ:32,264,1,68,-45
IQ:33,272,255,-9,-83
IQ:34,280,2,-18,-110
IQ:35,288,255,-136,-44
SW:2
RR:3
SS:3
FR:2402
ME:38
MA:131
KE:28
KA:108
DF_END

Data arrived...
DF_BEGIN
IQ:0,0,11,69,-181
IQ:1,8,11,-173,-52
IQ:2,16,11,-22,178
IQ:3,24,11,180,0
IQ:4,32,11,-46,-187
IQ:5,40,11,-183,45
IQ:6,48,11,65,169
IQ:7,56,11,176,-85
IQ:8,72,12,-83,99
IQ:9,80,255,129,87
IQ:10,88,1,91,-153
IQ:11,96,255,-146,-65
IQ:12,104,2,-13,172
IQ:13,112,255,202,0
IQ:14,120,10,59,-293
IQ:15,128,255,-238,-95
IQ:16,136,3,-37,122
IQ:17,144,255,91,3
IQ:18,152,9,-136,-74
IQ:19,160,255,-156,128
IQ:20,168,4,-4,176
IQ:21,176,255,133,-22
IQ:22,184,8,-159,-57
IQ:23,192,255,-98,179
IQ:24,200,7,153,138
IQ:25,208,255,134,-156
IQ:26,216,6,-140,-107
IQ:27,224,255,-57,141
IQ:28,232,5,225,29
IQ:29,240,255,53,-214
IQ:30,248,12,-131,-21
IQ:31,256,255,5,151
IQ:32,264,1,174,-47
IQ:33,272,255,-36,-164
IQ:34,280,2,-146,83
IQ:35,288,255,113,164
SW:2
RR:3
SS:3
FR:2480
ME:2
MA:5
KE:25
KA:96
DF_END

Data arrived...
DF_BEGIN
IQ:0,0,11,-168,-2
IQ:1,8,11,40,188
IQ:2,16,11,198,-16
IQ:3,24,11,-80,-164
IQ:4,32,11,-182,62
IQ:5,40,11,69,162
IQ:6,48,11,131,-134
IQ:7,56,11,-105,-156
IQ:8,72,12,136,26
IQ:9,80,255,42,-176
IQ:10,88,1,-128,-53
IQ:11,96,255,-11,132
IQ:12,104,2,201,-57
IQ:13,112,255,-41,-161
IQ:14,120,10,-276,37
IQ:15,128,255,-21,242
IQ:16,136,3,140,-3
IQ:17,144,255,-18,-95
IQ:18,152,9,4,145
IQ:19,160,255,203,135
IQ:20,168,4,185,-36
IQ:21,176,255,-50,-114
IQ:22,184,8,-50,171
IQ:23,192,255,196,60
IQ:24,200,7,76,-192
IQ:25,208,255,-179,-88
IQ:26,216,6,-58,137
IQ:27,224,255,168,17
IQ:28,232,5,1,-224
IQ:29,240,255,-200,-4
IQ:30,248,12,30,134
IQ:31,256,255,141,-46
IQ:32,264,1,-75,-132
IQ:33,272,255,-135,81
IQ:34,280,2,123,110
IQ:35,288,255,124,-151
SW:2
RR:3
SS:3
FR:2480
ME:359
MA:353
KE:23
KA:82
DF_END

Data arrived...
DF_BEGIN
IQ:0,0,11,9,-189
IQ:1,8,11,-188,-5
IQ:2,16,11,23,177
IQ:3,24,11,168,-47
IQ:4,32,11,-69,-170
IQ:5,40,11,-183,68
IQ:6,48,11,90,165
IQ:7,56,11,157,-105
IQ:8,72,12,72,-104
IQ:9,80,255,-82,-132
IQ:10,88,1,-253,66
IQ:11,96,255,-6,272
IQ:12,104,2,214,78
IQ:13,112,255,119,-287
IQ:14,120,10,-254,-386
IQ:15,128,255,-305,39
IQ:16,136,3,25,-177
IQ:17,144,255,-212,-160
IQ:18,152,9,-389,91
IQ:19,160,255,-76,339
IQ:20,168,4,-20,78
IQ:21,176,255,-36,29
IQ:22,184,8,52,445
IQ:23,192,255,467,91
IQ:24,200,7,343,-333
IQ:25,208,255,-245,-333
IQ:26,216,6,-155,92
IQ:27,224,255,77,173
IQ:28,232,5,58,27
IQ:29,240,255,-17,-48
IQ:30,248,12,137,6
IQ:31,256,255,60,-137
IQ:32,264,1,-217,-167
IQ:33,272,255,-224,181
IQ:34,280,2,54,234
IQ:35,288,255,274,-5
SW:2
RR:3
SS:3
FR:2426
ME:47
MA:145
KE:25
KA:97
DF_END

Data arrived...
DF_BEGIN
IQ:0,0,11,-22,155
IQ:1,8,11,151,7
IQ:2,16,11,-23,-157
IQ:3,24,11,-153,24
IQ:4,32,11,25,154
IQ:5,40,11,144,-39
IQ:6,48,11,-63,-138
IQ:7,56,11,-129,86
IQ:8,72,12,58,56
IQ:9,80,255,54,-60
IQ:10,88,1,-7,-71
IQ:11,96,255,-65,-40
IQ:12,104,2,-102,-66
IQ:13,112,255,-83,78
IQ:14,120,10,42,97
IQ:15,128,255,122,29
IQ:16,136,3,149,48
IQ:17,144,255,101,-85
IQ:18,152,9,68,-96
IQ:19,160,255,3,-84
IQ:20,168,4,93,-84
IQ:21,176,255,-20,-69
IQ:22,184,8,9,-5
IQ:23,192,255,-15,-30
IQ:24,200,7,-105,19
IQ:25,208,255,-20,87
IQ:26,216,6,33,24
IQ:27,224,255,11,-75
IQ:28,232,5,-109,-80
IQ:29,240,255,-98,92
IQ:30,248,12,-1,79
IQ:31,256,255,73,5
IQ:32,264,1,53,-55
IQ:33,272,255,-7,-76
IQ:34,280,2,-9,-113
IQ:35,288,255,-144,-37
SW:2
RR:3
SS:3
FR:2402
ME:35
MA:131
KE:26
KA:105
DF_END

Data arrived...
DF_BEGIN
IQ:0,0,11,-186,-49
IQ:1,8,11,-38,197
IQ:2,16,11,188,32
IQ:3,24,11,-7,-179
IQ:4,32,11,-189,37
IQ:5,40,11,56,191
IQ:6,48,11,178,-54
IQ:7,56,11,-73,-165
IQ:8,72,12,99,114
IQ:9,80,255,91,-112
IQ:10,88,1,-148,-77
IQ:11,96,255,-73,150
IQ:12,104,2,159,26
IQ:13,112,255,-16,-208
IQ:14,120,10,-290,-74
IQ:15,128,255,-78,252
IQ:16,136,3,120,39
IQ:17,144,255,8,-90
IQ:18,152,9,-86,149
IQ:19,160,255,143,169
IQ:20,168,4,166,5
IQ:21,176,255,-35,-121
IQ:22,184,8,-92,159
IQ:23,192,255,172,115
IQ:24,200,7,147,-132
IQ:25,208,255,-154,-127
IQ:26,216,6,-102,130
IQ:27,224,255,149,65
IQ:28,232,5,57,-212
IQ:29,240,255,-193,-67
IQ:30,248,12,-13,140
IQ:31,256,255,159,-9
IQ:32,264,1,-40,-166
IQ:33,272,255,-159,58
IQ:34,280,2,90,157
IQ:35,288,255,166,-98
SW:2
RR:3
SS:3
FR:2480
ME:359
MA:353
KE:24
KA:91
DF_END

Data arrived...
DF_BEGIN
IQ:0,0,11,-32,193
IQ:1,8,11,198,35
IQ:2,16,11,13,-182
IQ:3,24,11,-178,20
IQ:4,32,11,57,187
IQ:5,40,11,182,-54
IQ:6,48,11,-72,-175
IQ:7,56,11,-162,90
IQ:8,72,12,103,-110
IQ:9,80,255,-127,-75
IQ:10,88,1,-69,154
IQ:11,96,255,159,42
IQ:12,104,2,5,-169
IQ:13,112,255,-202,16
IQ:14,120,10,-64,296
IQ:15,128,255,249,81
IQ:16,136,3,31,-122
IQ:17,144,255,-81,14
IQ:18,152,9,157,71
IQ:19,160,255,146,-162
IQ:20,168,4,-7,-169
IQ:21,176,255,-122,43
IQ:22,184,8,172,61
IQ:23,192,255,102,-166
IQ:24,200,7,-162,-124
IQ:25,208,255,-116,165
IQ:26,216,6,145,85
IQ:27,224,255,47,-164
IQ:28,232,5,-214,-32
IQ:29,240,255,-41,203
IQ:30,248,12,150,5
IQ:31,256,255,-17,-156
IQ:32,264,1,-155,49
IQ:33,272,255,64,146
IQ:34,280,2,141,-98
IQ:35,288,255,-96,-173
SW:2
RR:3
SS:3
FR:2480
ME:359
MA:353
KE:21
KA:74
DF_END

Data arrived...
DF_BEGIN
IQ:0,0,11,151,104
IQ:1,8,11,73,-168
IQ:2,16,11,-176,-58
IQ:3,24,11,-45,185
IQ:4,32,11,189,22
IQ:5,40,11,20,-201
IQ:6,48,11,-194,-7
IQ:7,56,11,26,198
IQ:8,72,12,-8,124
IQ:9,80,255,152,29
IQ:10,88,1,122,-252
IQ:11,96,255,-244,-179
IQ:12,104,2,-208,178
IQ:13,112,255,209,285
IQ:14,120,10,449,-9
IQ:15,128,255,92,-281
IQ:16,136,3,125,139
IQ:17,144,255,287,-73
IQ:18,152,9,154,-377
IQ:19,160,255,-277,-216
IQ:20,168,4,-49,-16
IQ:21,176,255,6,-46
IQ:22,184,8,-402,-248
IQ:23,192,255,-359,338
IQ:24,200,7,119,488
IQ:25,208,255,423,-13
IQ:26,216,6,0,-192
IQ:27,224,255,-200,-42
IQ:28,232,5,-47,68
IQ:29,240,255,41,15
IQ:30,248,12,-90,61
IQ:31,256,255,62,138
IQ:32,264,1,290,-87
IQ:33,272,255,-6,-293
IQ:34,280,2,-246,-65
IQ:35,288,255,-160,265
SW:2
RR:3
SS:3
FR:2426
ME:49
MA:150
KE:24
KA:89
DF_END

Data arrived...
DF_BEGIN
IQ:0,0,11,-87,170
IQ:1,8,11,190,72
IQ:2,16,11,57,-177
IQ:3,24,11,-187,-31
IQ:4,32,11,-10,200
IQ:5,40,11,190,-15
IQ:6,48,11,-32,-194
IQ:7,56,11,-168,41
IQ:8,72,12,-116,43
IQ:9,80,255,0,151
IQ:10,88,1,285,50
IQ:11,96,255,119,-276
IQ:12,104,2,-187,-192
IQ:13,112,255,-266,198
IQ:14,120,10,78,429
IQ:15,128,255,288,55
IQ:16,136,3,-94,140
IQ:17,144,255,113,263
IQ:18,152,9,412,106
IQ:19,160,255,231,-293
IQ:20,168,4,3,-42
IQ:21,176,255,36,-10
IQ:22,184,8,175,-462
IQ:23,192,255,-364,-319
IQ:24,200,7,-457,180
IQ:25,208,255,72,445
IQ:26,216,6,176,0
IQ:27,224,255,-3,-208
IQ:28,232,5,-70,-41
IQ:29,240,255,-26,42
IQ:30,248,12,-88,-76
IQ:31,256,255,-124,85
IQ:32,264,1,120,246
IQ:33,272,255,289,-50
IQ:34,280,2,26,-275
IQ:35,288,255,-285,-110
SW:2
RR:3
SS:3
FR:2426
ME:47
MA:145
KE:26
KA:102
DF_END

Data arrived...
DF_BEGIN
IQ:0,0,11,-160,-74
IQ:1,8,11,-57,161
IQ:2,16,11,173,34
IQ:3,24,11,11,-178
IQ:4,32,11,-165,-10
IQ:5,40,11,0,173
IQ:6,48,11,167,-18
IQ:7,56,11,-36,-158
IQ:8,72,12,-122,56
IQ:9,80,255,41,111
IQ:10,88,1,124,19
IQ:11,96,255,69,-90
IQ:12,104,2,77,-103
IQ:13,112,255,-65,-105
IQ:14,120,10,-114,19
IQ:15,128,255,-77,112
IQ:16,136,3,-137,163
IQ:17,144,255,78,164
IQ:18,152,9,122,102
IQ:19,160,255,95,20
IQ:20,168,4,63,148
IQ:21,176,255,101,9
IQ:22,184,8,32,3
IQ:23,192,255,17,-35
IQ:24,200,7,-1,-109
IQ:25,208,255,-87,-49
IQ:26,216,6,-35,7
IQ:27,224,255,58,38
IQ:28,232,5,130,-90
IQ:29,240,255,-65,-144
IQ:30,248,12,-118,-54
IQ:31,256,255,-56,97
IQ:32,264,1,52,110
IQ:33,272,255,116,1
IQ:34,280,2,135,16
IQ:35,288,255,69,-140
SW:2
RR:3
SS:3
FR:2402
ME:41
MA:131
KE:28
KA:110
DF_END

Data arrived...
DF_BEGIN
IQ:0,0,11,159,96
IQ:1,8,11,74,-169
IQ:2,16,11,-174,-64
IQ:3,24,11,-40,183
IQ:4,32,11,182,26
IQ:5,40,11,14,-183
IQ:6,48,11,-173,9
IQ:7,56,11,42,184
IQ:8,72,12,-70,-122
IQ:9,80,255,-130,86
IQ:10,88,1,107,126
IQ:11,96,255,101,-125
IQ:12,104,2,-156,-56
IQ:13,112,255,-38,197
IQ:14,120,10,273,112
IQ:15,128,255,157,-214
IQ:16,136,3,-121,-65
IQ:17,144,255,-33,88
IQ:18,152,9,97,-122
IQ:19,160,255,-100,-184
IQ:20,168,4,-166,-48
IQ:21,176,255,-13,128
IQ:22,184,8,107,-120
IQ:23,192,255,-136,-139
IQ:24,200,7,-183,100
IQ:25,208,255,119,163
IQ:26,216,6,129,-105
IQ:27,224,255,-133,-89
IQ:28,232,5,-83,210
IQ:29,240,255,179,116
IQ:30,248,12,57,-131
IQ:31,256,255,-146,-41
IQ:32,264,1,-4,167
IQ:33,272,255,162,-10
IQ:34,280,2,-43,-162
IQ:35,288,255,-190,45
SW:2
RR:3
SS:3
FR:2480
ME:359
MA:353
KE:25
KA:95
DF_END

Data arrived...
DF_BEGIN
IQ:0,0,11,-194,12
IQ:1,8,11,6,180
IQ:2,16,11,174,-30
IQ:3,24,11,-72,-171
IQ:4,32,11,-169,85
IQ:5,40,11,92,152
IQ:6,48,11,135,-114
IQ:7,56,11,-131,-137
IQ:8,72,12,120,61
IQ:9,80,255,42,-160
IQ:10,88,1,-164,-24
IQ:11,96,255,-7,170
IQ:12,104,2,154,-46
IQ:13,112,255,-68,-190
IQ:14,120,10,-269,56
IQ:15,128,255,31,253
IQ:16,136,3,138,-16
IQ:17,144,255,-21,-84
IQ:18,152,9,-22,153
IQ:19,160,255,183,87
IQ:20,168,4,157,-59
IQ:21,176,255,-73,-110
IQ:22,184,8,-9,153
IQ:23,192,255,197,14
IQ:24,200,7,84,-200
IQ:25,208,255,-187,-72
IQ:26,216,6,-41,160
IQ:27,224,255,158,-8
IQ:28,232,5,-32,-217
IQ:29,240,255,-211,20
IQ:30,248,12,37,134
IQ:31,256,255,141,-54
IQ:32,264,1,-90,-143
IQ:33,272,255,-137,99
IQ:34,280,2,139,96
IQ:35,288,255,117,-157
SW:2
RR:3
SS:3
FR:2480
ME:359
MA:353
KE:22
KA:75
DF_END

Data arrived...
DF_BEGIN
IQ:0,0,11,30,-174
IQ:1,8,11,-168,-9
IQ:2,16,11,1,172
IQ:3,24,11,172,2
IQ:4,32,11,-35,-169
IQ:5,40,11,-171,41
IQ:6,48,11,74,170
IQ:7,56,11,152,-65
IQ:8,72,12,73,-2
IQ:9,80,255,-8,-102
IQ:10,88,1,-222,-26
IQ:11,96,255,-60,237
IQ:12,104,2,188,115
IQ:13,112,255,181,-223
IQ:14,120,10,-117,-364
IQ:15,128,255,-259,-26
IQ:16,136,3,70,-109
IQ:17,144,255,-103,-229
IQ:18,152,9,-338,-52
IQ:19,160,255,-153,267
IQ:20,168,4,-17,46
IQ:21,176,255,-37,5
IQ:22,184,8,-84,364
IQ:23,192,255,326,192
IQ:24,200,7,361,-193
IQ:25,208,255,-102,-355
IQ:26,216,6,-163,40
IQ:27,224,255,23,193
IQ:28,232,5,87,39
IQ:29,240,255,11,-45
IQ:30,248,12,65,47
IQ:31,256,255,86,-77
IQ:32,264,1,-124,-198
IQ:33,272,255,-240,61
IQ:34,280,2,3,225
IQ:35,288,255,246,50
SW:2
RR:3
SS:3
FR:2426
ME:47
MA:147
KE:24
KA:91
DF_END

Data arrived...
DF_BEGIN
IQ:0,0,11,-171,45
IQ:1,8,11,53,161
IQ:2,16,11,148,-75
IQ:3,24,11,-88,-152
IQ:4,32,11,-140,87
IQ:5,40,11,105,133
IQ:6,48,11,122,-107
IQ:7,56,11,-127,-112
IQ:8,72,12,-60,121
IQ:9,80,255,104,78
IQ:10,88,1,103,-52
IQ:11,96,255,2,-123
IQ:12,104,2,-3,-133
IQ:13,112,255,-110,-44
IQ:14,120,10,-82,75
IQ:15,128,255,3,134
IQ:16,136,3,-29,233
IQ:17,144,255,172,109
IQ:18,152,9,160,6
IQ:19,160,255,61,-52
IQ:20,168,4,145,98
IQ:21,176,255,101,-50
IQ:22,184,8,20,-28
IQ:23,192,255,-7,-39
IQ:24,200,7,-61,-87
IQ:25,208,255,-88,13
IQ:26,216,6,-19,27
IQ:27,224,255,70,-4
IQ:28,232,5,61,-157
IQ:29,240,255,-125,-89
IQ:30,248,12,-137,18
IQ:31,256,255,9,126
IQ:32,264,1,106,67
IQ:33,272,255,93,-64
IQ:34,280,2,101,-80
IQ:35,288,255,-37,-148
SW:2
RR:3
SS:3
FR:2402
ME:41
MA:133
KE:26
KA:102
DF_END

Data arrived...
DF_BEGIN
IQ:0,0,11,55,181
IQ:1,8,11,157,-93
IQ:2,16,11,-114,-142
IQ:3,24,11,-145,131
IQ:4,32,11,126,124
IQ:5,40,11,108,-145
IQ:6,48,11,-164,-84
IQ:7,56,11,-89,162
IQ:8,72,12,9,-143
IQ:9,80,255,-166,10
IQ:10,88,1,12,161
IQ:11,96,255,149,-53
IQ:12,104,2,-106,-152
IQ:13,112,255,-162,123
IQ:14,120,10,139,256
IQ:15,128,255,242,-87
IQ:16,136,3,-58,-136
IQ:17,144,255,-89,54
IQ:18,152,9,144,-32
IQ:19,160,255,26,-212
IQ:20,168,4,-120,-151
IQ:21,176,255,-102,105
IQ:22,184,8,156,-35
IQ:23,192,255,-35,-197
IQ:24,200,7,-221,-4
IQ:25,208,255,-23,203
IQ:26,216,6,170,2
IQ:27,224,255,-53,-156
IQ:28,232,5,-201,115
IQ:29,240,255,98,187
IQ:30,248,12,119,-81
IQ:31,256,255,-106,-132
IQ:32,264,1,-102,124
IQ:33,272,255,125,101
IQ:34,280,2,53,-169
IQ:35,288,255,-200,-79
SW:2
RR:3
SS:3
FR:2480
ME:359
MA:353
KE:23
KA:83
DF_END

Data arrived...