RR:3
SS:3
FR:2426
ME:2
MA:353
KE:10
KA:8
DF_END

Data arrived...
DF_BEGIN
IQ:0,0,11,148,99
IQ:1,8,11,88,-158
IQ:2,16,11,-159,-57
IQ:3,24,11,-49,164
IQ:4,32,11,177,21
IQ:5,40,11,2,-174
IQ:6,48,11,-175,3
IQ:7,56,11,10,176
IQ:8,72,12,-79,-94
IQ:9,80,255,-114,77
IQ:10,88,1,85,105
IQ:11,96,255,106,-96
IQ:12,104,2,-114,-78
IQ:13,112,255,-53,141
IQ:14,120,10,257,105
IQ:15,128,255,146,-210
IQ:16,136,3,-104,-80
IQ:17,144,255,-31,57
IQ:18,152,9,67,-138
IQ:19,160,255,-109,-165
IQ:20,168,4,-169,-64
IQ:21,176,255,-41,107
IQ:22,184,8,47,-116
IQ:23,192,255,-126,-107
IQ:24,200,7,-146,70
IQ:25,208,255,83,134
IQ:26,216,6,119,-87
IQ:27,224,255,-117,-87
IQ:28,232,5,-86,170
IQ:29,240,255,157,94
IQ:30,248,12,40,-109
IQ:31,256,255,-128,-45
IQ:32,264,1,-27,134
IQ:33,272,255,142,22
IQ:34,280,2,-15,-141
IQ:35,288,255,-161,36
SW:2
RR:3
SS:3
FR:2480
ME:359
MA:353
KE:9
KA:5
DF_END

Data arrived...
DF_BEGIN
IQ:0,0,11,-96,148
IQ:1,8,11,144,88
IQ:2,16,11,79,-153
IQ:3,24,11,-162,-65
IQ:4,32,11,-51,162
IQ:5,40,11,183,14
IQ:6,48,11,27,-171
IQ:7,56,11,-180,0
IQ:8,72,12,1,-131
IQ:9,80,255,-152,32
IQ:10,88,1,65,265
IQ:11,96,255,288,-30
IQ:12,104,2,-5,-304
IQ:13,112,255,-334,-33
IQ:14,120,10,-193,298
IQ:15,128,255,162,147
IQ:16,136,3,-193,-42
IQ:17,144,255,-132,246
IQ:18,152,9,173,295
IQ:19,160,255,266,-67
IQ:20,168,4,-51,-22
IQ:21,176,255,-12,104
IQ:22,184,8,361,-43
IQ:23,192,255,58,-375
IQ:24,200,7,-349,-201
IQ:25,208,255,-195,291
IQ:26,216,6,171,80
IQ:27,224,255,114,-164
IQ:28,232,5,-77,-64
IQ:29,240,255,-24,68
IQ:30,248,12,106,-69
IQ:31,256,255,-98,-101
IQ:32,264,1,-161,208
IQ:33,272,255,219,189
IQ:34,280,2,233,-204
IQ:35,288,255,-128,-272
SW:2
RR:3
SS:3
FR:2426
ME:2
MA:353
KE:8
KA:3
DF_END

Data arrived...
DF_BEGIN
IQ:0,0,11,-162,80
IQ:1,8,11,105,152
IQ:2,16,11,136,-127
IQ:3,24,11,-120,-152
IQ:4,32,11,-134,131
IQ:5,40,11,152,103
IQ:6,48,11,91,-173
IQ:7,56,11,-176,-68
IQ:8,72,12,24,-141
IQ:9,80,255,-194,-22
IQ:10,88,1,-18,316
IQ:11,96,255,337,38
IQ:12,104,2,65,-329
IQ:13,112,255,-358,-124
IQ:14,120,10,-319,265
IQ:15,128,255,90,242
IQ:16,136,3,-206,-87
IQ:17,144,255,-224,236
IQ:18,152,9,77,403
IQ:19,160,255,321,44
IQ:20,168,4,-32,-8
IQ:21,176,255,-3,116
IQ:22,184,8,423,9
IQ:23,192,255,104,-452
IQ:24,200,7,-356,-341
IQ:25,208,255,-355,241
IQ:26,216,6,144,171
IQ:27,224,255,175,-122
IQ:28,232,5,-42,-90
IQ:29,240,255,-53,69
IQ:30,248,12,145,-48
IQ:31,256,255,-93,-163
IQ:32,264,1,-281,178
IQ:33,272,255,134,297
IQ:34,280,2,308,-138
IQ:35,288,255,-86,-344
SW:2
RR:3
SS:3
FR:2426
ME:2
MA:353
KE:7
KA:1
DF_END

Data arrived...
DF_BEGIN
IQ:0,0,11,-136,58
IQ:1,8,11,72,130
IQ:2,16,11,123,-93
IQ:3,24,11,-101,-120
IQ:4,32,11,-96,121
IQ:5,40,11,128,81
IQ:6,48,11,68,-133
IQ:7,56,11,-146,-67
IQ:8,72,12,-39,99
IQ:9,80,255,98,29
IQ:10,88,1,80,-94
IQ:11,96,255,-49,-87
IQ:12,104,2,-22,-59
IQ:13,112,255,-64,-7
IQ:14,120,10,-69,80
IQ:15,128,255,30,135
IQ:16,136,3,104,167
IQ:17,144,255,170,-8
IQ:18,152,9,99,-34
IQ:19,160,255,63,-32
IQ:20,168,4,186,42
IQ:21,176,255,61,-99
IQ:22,184,8,-27,0
IQ:23,192,255,3,15
IQ:24,200,7,-35,-67
IQ:25,208,255,-82,7
IQ:26,216,6,-21,45
IQ:27,224,255,74,-16
IQ:28,232,5,28,-166
IQ:29,240,255,-146,-72
IQ:30,248,12,-112,39
IQ:31,256,255,47,95
IQ:32,264,1,120,4
IQ:33,272,255,40,-90
IQ:34,280,2,33,-53
IQ:35,288,255,-36,-87
SW:2
RR:3
SS:3
FR:2402
ME:44
MA:131
KE:10
KA:8
DF_END

Data arrived...
DF_BEGIN
IQ:0,0,11,170,75
IQ:1,8,11,72,-169
IQ:2,16,11,-170,-51
IQ:3,24,11,-15,170
IQ:4,32,11,185,-23
IQ:5,40,11,-28,-185
IQ:6,48,11,-180,45
IQ:7,56,11,53,178
IQ:8,72,12,-68,-104
IQ:9,80,255,-100,81
IQ:10,88,1,115,87
IQ:11,96,255,83,-116
IQ:12,104,2,-135,-65
IQ:13,112,255,-30,157
IQ:14,120,10,264,60
IQ:15,128,255,107,-235
IQ:16,136,3,-114,-81
IQ:17,144,255,-24,63
IQ:18,152,9,50,-140
IQ:19,160,255,-124,-158
IQ:20,168,4,-171,-46
IQ:21,176,255,-32,116
IQ:22,184,8,68,-122
IQ:23,192,255,-139,-97
IQ:24,200,7,-135,109
IQ:25,208,255,113,127
IQ:26,216,6,118,-103
IQ:27,224,255,-123,-76
IQ:28,232,5,-73,196
IQ:29,240,255,159,107
IQ:30,248,12,29,-113
IQ:31,256,255,-147,-26
IQ:32,264,1,-8,136
IQ:33,272,255,142,-20
IQ:34,280,2,-35,-152
IQ:35,288,255,-160,47
SW:2
RR:3
SS:3
FR:2480
ME:359
MA:353
KE:9
KA:5
DF_END

Data arrived...
DF_BEGIN
IQ:0,0,11,156,-100
IQ:1,8,11,-111,-147
IQ:2,16,11,-125,120
IQ:3,24,11,141,119
IQ:4,32,11,108,-149
IQ:5,40,11,-154,-88
IQ:6,48,11,-71,166
IQ:7,56,11,179,66
IQ:8,72,12,-120,1
IQ:9,80,255,23,134
IQ:10,88,1,144,-32
IQ:11,96,255,-37,-140
IQ:12,104,2,-130,59
IQ:13,112,255,104,121
IQ:14,120,10,193,-195
IQ:15,128,255,-145,-213
IQ:16,136,3,-123,51
IQ:17,144,255,30,73
IQ:18,152,9,-63,-134
IQ:19,160,255,-200,-5
IQ:20,168,4,-129,120
IQ:21,176,255,91,62
IQ:22,184,8,-69,-106
IQ:23,192,255,-160,61
IQ:24,200,7,4,168
IQ:25,208,255,174,-8
IQ:26,216,6,-23,-151
IQ:27,224,255,-149,68
IQ:28,232,5,100,177
IQ:29,240,255,172,-71
IQ:30,248,12,-71,-96
IQ:31,256,255,-91,96
IQ:32,264,1,112,78
IQ:33,272,255,74,-120
IQ:34,280,2,-132,-52
IQ:35,288,255,-43,161
SW:2
RR:3
SS:3
FR:2480
ME:359
MA:353
KE:8
KA:3
DF_END

Data arrived...
DF_BEGIN
IQ:0,0,11,-73,-196
IQ:1,8,11,-189,68
IQ:2,16,11,85,159
IQ:3,24,11,160,-93
IQ:4,32,11,-127,-168
IQ:5,40,11,-126,148
IQ:6,48,11,157,111
IQ:7,56,11,85,-161
IQ:8,72,12,112,50
IQ:9,80,255,43,-174
IQ:10,88,1,-311,-70
IQ:11,96,255,-68,326
IQ:12,104,2,332,127
IQ:13,112,255,171,-365
IQ:14,120,10,-182,-378
IQ:15,128,255,-240,52
IQ:16,136,3,91,-205
IQ:17,144,255,-186,-250
IQ:18,152,9,-402,37
IQ:19,160,255,-77,331
IQ:20,168,4,16,-7
IQ:21,176,255,-85,-33
IQ:22,184,8,-90,392
IQ:23,192,255,385,225
IQ:24,200,7,416,-251
IQ:25,208,255,-180,-406
IQ:26,216,6,-200,104
IQ:27,224,255,90,209
IQ:28,232,5,110,-32
IQ:29,240,255,-65,-87
IQ:30,248,12,19,159
IQ:31,256,255,176,-69
IQ:32,264,1,-138,-314
IQ:33,272,255,-320,105
IQ:34,280,2,77,330
IQ:35,288,255,368,-23
SW:2
RR:3
SS:3
FR:2426
ME:2
MA:353
KE:7
KA:2
DF_END

Data arrived...
DF_BEGIN
IQ:0,0,11,-149,-23
IQ:1,8,11,15,165
IQ:2,16,11,162,-11
IQ:3,24,11,-22,-157
IQ:4,32,11,-143,53
IQ:5,40,11,80,144
IQ:6,48,11,145,-65
IQ:7,56,11,-77,-119
IQ:8,72,12,-58,114
IQ:9,80,255,109,57
IQ:10,88,1,115,-71
IQ:11,96,255,-22,-96
IQ:12,104,2,-3,-48
IQ:13,112,255,-47,-53
IQ:14,120,10,-90,34
IQ:15,128,255,-28,147
IQ:16,136,3,27,220
IQ:17,144,255,167,64
IQ:18,152,9,84,17
IQ:19,160,255,59,14
IQ:20,168,4,166,108
IQ:21,176,255,94,-91
IQ:22,184,8,-45,-10
IQ:23,192,255,-11,35
IQ:24,200,7,8,-74
IQ:25,208,255,-81,-45
IQ:26,216,6,-65,22
IQ:27,224,255,76,46
IQ:28,232,5,107,-129
IQ:29,240,255,-111,-124
IQ:30,248,12,-130,-5
IQ:31,256,255,8,110
IQ:32,264,1,118,47
IQ:33,272,255,56,-77
IQ:34,280,2,26,-32
IQ:35,288,255,7,-102
SW:2
RR:3
SS:3
FR:2402
ME:38
MA:128
KE:10
KA:9
DF_END

Data arrived...
DF_BEGIN
IQ:0,0,11,-75,147
IQ:1,8,11,159,69
IQ:2,16,11,34,-147
IQ:3,24,11,-171,-54
IQ:4,32,11,-2,153
IQ:5,40,11,178,-5
IQ:6,48,11,-2,-170
IQ:7,56,11,-172,14
IQ:8,72,12,60,120
IQ:9,80,255,111,-62
IQ:10,88,1,-3,-129
IQ:11,96,255,-77,-22
IQ:12,104,2,-23,-29
IQ:13,112,255,-48,37
IQ:14,120,10,-11,99
IQ:15,128,255,116,92
IQ:16,136,3,210,81
IQ:17,144,255,116,-118
IQ:18,152,9,45,-78
IQ:19,160,255,36,-53
IQ:20,168,4,170,-122
IQ:21,176,255,-39,-145
IQ:22,184,8,-54,11
IQ:23,192,255,11,6
IQ:24,200,7,-65,-66
IQ:25,208,255,-69,47
IQ:26,216,6,-2,54
IQ:27,224,255,56,-65
IQ:28,232,5,-82,-166
IQ:29,240,255,-178,34
IQ:30,248,12,-41,123
IQ:31,256,255,107,42
IQ:32,264,1,86,-87
IQ:33,272,255,-27,-62
IQ:34,280,2,-2,-36
IQ:35,288,255,-76,-48
SW:2
RR:3
SS:3
FR:2402
ME:44
MA:131
KE:13
KA:19
DF_END

Data arrived...
DF_BEGIN
IQ:0,0,11,18,188
IQ:1,8,11,188,-14
IQ:2,16,11,-35,-176
IQ:3,24,11,-170,63
IQ:4,32,11,93,165
IQ:5,40,11,152,-101
IQ:6,48,11,-110,-148
IQ:7,56,11,-137,114
IQ:8,72,12,47,-120
IQ:9,80,255,-132,-50
IQ:10,88,1,-41,123
IQ:11,96,255,146,8
IQ:12,104,2,-8,-148
IQ:13,112,255,-160,30
IQ:14,120,10,45,254
IQ:15,128,255,254,-35
IQ:16,136,3,11,-141
IQ:17,144,255,-66,-6
IQ:18,152,9,162,-23
IQ:19,160,255,87,-197
IQ:20,168,4,-32,-184
IQ:21,176,255,-110,23
IQ:22,184,8,137,-22
IQ:23,192,255,14,-177
IQ:24,200,7,-150,-81
IQ:25,208,255,-63,143
IQ:26,216,6,145,53
IQ:27,224,255,37,-157
IQ:28,232,5,-188,-7
IQ:29,240,255,-3,184
IQ:30,248,12,117,-41
IQ:31,256,255,-46,-136
IQ:32,264,1,-108,62
IQ:33,272,255,88,112
IQ:34,280,2,114,-98
IQ:35,288,255,-108,-126
SW:2
RR:3
SS:3
FR:2480
ME:359
MA:353
KE:12
KA:15
DF_END

Data arrived...
DF_BEGIN
IQ:0,0,11,-46,206
IQ:1,8,11,200,29
IQ:2,16,11,-18,-206
IQ:3,24,11,-211,20
IQ:4,32,11,32,211
IQ:5,40,11,200,-50
IQ:6,48,11,-95,-184
IQ:7,56,11,-175,117
IQ:8,72,12,-121,-111
IQ:9,80,255,-124,175
IQ:10,88,1,332,200
IQ:11,96,255,286,-285
IQ:12,104,2,-265,-284
IQ:13,112,255,-362,286
IQ:14,120,10,60,481
IQ:15,128,255,278,35
IQ:16,136,3,-199,176
IQ:17,144,255,113,360
IQ:18,152,9,444,119
IQ:19,160,255,173,-325
IQ:20,168,4,-11,19
IQ:21,176,255,99,82
IQ:22,184,8,262,-434
IQ:23,192,255,-357,-416
IQ:24,200,7,-541,80
IQ:25,208,255,1,481
IQ:26,216,6,247,-18
IQ:27,224,255,-7,-258
IQ:28,232,5,-118,-2
IQ:29,240,255,38,68
IQ:30,248,12,15,-170
IQ:31,256,255,-218,19
IQ:32,264,1,19,385
IQ:33,272,255,399,17
IQ:34,280,2,70,-378
IQ:35,288,255,-371,-164
SW:2
RR:3
SS:3
FR:2426
ME:2
MA:353
KE:11
KA:11
DF_END

Data arrived...
DF_BEGIN
IQ:0,0,11,0,-161
IQ:1,8,11,-170,22
IQ:2,16,11,36,164
IQ:3,24,11,157,-60
IQ:4,32,11,-65,-154
IQ:5,40,11,-132,93
IQ:6,48,11,112,131
IQ:7,56,11,125,-115
IQ:8,72,12,-113,-62
IQ:9,80,255,-53,108
IQ:10,88,1,85,84
IQ:11,96,255,80,-32
IQ:12,104,2,47,17
IQ:13,112,255,49,-48
IQ:14,120,10,-42,-103
IQ:15,128,255,-162,-19
IQ:16,136,3,-215,59
IQ:17,144,255,-40,153
IQ:18,152,9,-2,83
IQ:19,160,255,-16,57
IQ:20,168,4,-87,176
IQ:21,176,255,104,78
IQ:22,184,8,9,-42
IQ:23,192,255,-25,3
IQ:24,200,7,82,1
IQ:25,208,255,30,-90
IQ:26,216,6,-53,-62
IQ:27,224,255,-26,92
IQ:28,232,5,149,87
IQ:29,240,255,96,-143
IQ:30,248,12,-32,-125
IQ:31,256,255,-119,30
IQ:32,264,1,-21,128
IQ:33,272,255,62,51
IQ:34,280,2,21,49
IQ:35,288,255,104,9
SW:2
RR:3
SS:3
FR:2402
ME:44
MA:131
KE:14
KA:22
DF_END

Data arrived...
DF_BEGIN
IQ:0,0,11,132,-122
IQ:1,8,11,-132,-130
IQ:2,16,11,-125,138
IQ:3,24,11,145,103
IQ:4,32,11,77,-155
IQ:5,40,11,-175,-58
IQ:6,48,11,-45,181
IQ:7,56,11,178,40
IQ:8,72,12,-128,26
IQ:9,80,255,22,141
IQ:10,88,1,121,-44
IQ:11,96,255,-75,-128
IQ:12,104,2,-113,89
IQ:13,112,255,128,91
IQ:14,120,10,189,-217
IQ:15,128,255,-145,-206
IQ:16,136,3,-118,58
IQ:17,144,255,32,59
IQ:18,152,9,-106,-127
IQ:19,160,255,-214,45
IQ:20,168,4,-137,141
IQ:21,176,255,91,82
IQ:22,184,8,-97,-99
IQ:23,192,255,-163,65
IQ:24,200,7,4,154
IQ:25,208,255,149,-40
IQ:26,216,6,-40,-154
IQ:27,224,255,-142,83
IQ:28,232,5,137,171
IQ:29,240,255,177,-110
IQ:30,248,12,-89,-73
IQ:31,256,255,-88,113
IQ:32,264,1,115,59
IQ:33,272,255,62,-134
IQ:34,280,2,-140,-46
IQ:35,288,255,-31,162
SW:2
RR:3
SS:3
FR:2480
ME:359
MA:353
KE:13
KA:18
DF_END

Data arrived...
DF_BEGIN
IQ:0,0,11,-162,48
IQ:1,8,11,47,160
IQ:2,16,11,152,-74
IQ:3,24,11,-95,-152
IQ:4,32,11,-133,93
IQ:5,40,11,95,124
IQ:6,48,11,107,-114
IQ:7,56,11,-120,-112
IQ:8,72,12,9,-177
IQ:9,80,255,-206,32
IQ:10,88,1,-19,376
IQ:11,96,255,380,72
IQ:12,104,2,106,-379
IQ:13,112,255,-403,-185
IQ:14,120,10,-380,235
IQ:15,128,255,41,264
IQ:16,136,3,-285,-119
IQ:17,144,255,-296,255
IQ:18,152,9,52,429
IQ:19,160,255,316,63
IQ:20,168,4,-54,29
IQ:21,176,255,5,154
IQ:22,184,8,514,70
IQ:23,192,255,191,-500
IQ:24,200,7,-335,-429
IQ:25,208,255,-426,239
IQ:26,216,6,145,168
IQ:27,224,255,200,-78
IQ:28,232,5,-26,-33
IQ:29,240,255,-45,51
IQ:30,248,12,114,-115
IQ:31,256,255,-138,-197
IQ:32,264,1,-313,196
IQ:33,272,255,173,364
IQ:34,280,2,378,-131
IQ:35,288,255,-38,-388
SW:2
RR:3
SS:3
FR:2426
ME:2
MA:353
KE:12
KA:14
DF_END

Data arrived...
DF_BEGIN
IQ:0,0,11,-153,-3
IQ:1,8,11,0,150
IQ:2,16,11,143,-14
IQ:3,24,11,-41,-148
IQ:4,32,11,-146,39
IQ:5,40,11,62,132
IQ:6,48,11,126,-68
IQ:7,56,11,-83,-119
IQ:8,72,12,-23,82
IQ:9,80,255,83,21
IQ:10,88,1,62,-44
IQ:11,96,255,-20,-46
IQ:12,104,2,26,-38
IQ:13,112,255,-38,-52
IQ:14,120,10,-100,25
IQ:15,128,255,-19,138
IQ:16,136,3,30,172
IQ:17,144,255,112,41
IQ:18,152,9,41,26
IQ:19,160,255,51,39
IQ:20,168,4,141,74
IQ:21,176,255,63,-82
IQ:22,184,8,-45,3
IQ:23,192,255,18,36
IQ:24,200,7,14,-71
IQ:25,208,255,-87,-29
IQ:26,216,6,-52,44
IQ:27,224,255,79,30
IQ:28,232,5,82,-129
IQ:29,240,255,-109,-102
IQ:30,248,12,-89,29
IQ:31,256,255,36,83
IQ:32,264,1,73,24
IQ:33,272,255,27,-38
IQ:34,280,2,41,-5
IQ:35,288,255,22,-87
SW:2
RR:3
SS:3
FR:2402
ME:33
MA:131
KE:14
KA:26
DF_END

Data arrived...
DF_BEGIN
IQ:0,0,11,-171,16
IQ:1,8,11,12,187
IQ:2,16,11,176,-25
IQ:3,24,11,-48,-161
IQ:4,32,11,-156,82
IQ:5,40,11,89,160
IQ:6,48,11,142,-106
IQ:7,56,11,-111,-142
IQ:8,72,12,108,44
IQ:9,80,255,58,-122
IQ:10,88,1,-124,-28
IQ:11,96,255,-29,139
IQ:12,104,2,145,14
IQ:13,112,255,-29,-151
IQ:14,120,10,-267,43
IQ:15,128,255,7,255
IQ:16,136,3,136,26
IQ:17,144,255,13,-66
IQ:18,152,9,23,167
IQ:19,160,255,191,94
IQ:20,168,4,203,-28
IQ:21,176,255,-26,-121
IQ:22,184,8,29,127
IQ:23,192,255,173,15
IQ:24,200,7,98,-121
IQ:25,208,255,-123,-75
IQ:26,216,6,-68,138
IQ:27,224,255,153,35
IQ:28,232,5,4,-214
IQ:29,240,255,-195,-17
IQ:30,248,12,21,116
IQ:31,256,255,134,-24
IQ:32,264,1,-47,-110
IQ:33,272,255,-111,69
IQ:34,280,2,84,122
IQ:35,288,255,127,-106
SW:2
RR:3
SS:3
FR:2480
ME:359
MA:353
KE:13
KA:20
DF_END

Data arrived...
DF_BEGIN
IQ:0,0,11,-116,-145
IQ:1,8,11,-138,130
IQ:2,16,11,135,109
IQ:3,24,11,85,-154
IQ:4,32,11,-170,-71
IQ:5,40,11,-71,167
IQ:6,48,11,170,66
IQ:7,56,11,29,-167
IQ:8,72,12,31,129
IQ:9,80,255,126,-42
IQ:10,88,1,-54,-138
IQ:11,96,255,-122,69
IQ:12,104,2,72,130
IQ:13,112,255,112,-104
IQ:14,120,10,-216,-173
IQ:15,128,255,-200,177
IQ:16,136,3,54,120
IQ:17,144,255,44,-41
IQ:18,152,9,-138,108
IQ:19,160,255,29,213
IQ:20,168,4,140,143
IQ:21,176,255,77,-90
IQ:22,184,8,-90,89
IQ:23,192,255,77,164
IQ:24,200,7,159,-4
IQ:25,208,255,-19,-156
IQ:26,216,6,-152,42
IQ:27,224,255,68,139
IQ:28,232,5,160,-133
IQ:29,240,255,-118,-147
IQ:30,248,12,-85,99
IQ:31,256,255,105,95
IQ:32,264,1,67,-106
IQ:33,272,255,-131,-70
IQ:34,280,2,-53,140
IQ:35,288,255,141,54
SW:2
RR:3
SS:3
FR:2480
ME:359
MA:353
KE:11
KA:16
DF_END

Data arrived...
DF_BEGIN
IQ:0,0,11,157,26
IQ:1,8,11,3,-151
IQ:2,16,11,-165,7
IQ:3,24,11,39,166
IQ:4,32,11,160,-53
IQ:5,40,11,-79,-142
IQ:6,48,11,-150,63
IQ:7,56,11,81,146
IQ:8,72,12,-46,158
IQ:9,80,255,198,43
IQ:10,88,1,125,-350
IQ:11,96,255,-326,-183
IQ:12,104,2,-194,309
IQ:13,112,255,324,288
IQ:14,120,10,440,-89
IQ:15,128,255,51,-271
IQ:16,136,3,232,187
IQ:17,144,255,346,-164
IQ:18,152,9,89,-405
IQ:19,160,255,-296,-157
IQ:20,168,4,59,0
IQ:21,176,255,30,-160
IQ:22,184,8,-486,-191
IQ:23,192,255,-375,402
IQ:24,200,7,157,543
IQ:25,208,255,449,-84
IQ:26,216,6,-71,-194
IQ:27,224,255,-196,39
IQ:28,232,5,21,50
IQ:29,240,255,41,-42
IQ:30,248,12,-151,49
IQ:31,256,255,91,209
IQ:32,264,1,365,-102
IQ:33,272,255,-47,-367
IQ:34,280,2,-392,21
IQ:35,288,255,-123,374
SW:2
RR:3
SS:3
FR:2426
ME:2
MA:353
KE:11
KA:13
DF_END

Data arrived...
DF_BEGIN
IQ:0,0,11,149,-21
IQ:1,8,11,-37,-152
IQ:2,16,11,-145,54
IQ:3,24,11,70,152
IQ:4,32,11,126,-85
IQ:5,40,11,-89,-139
IQ:6,48,11,-113,110
IQ:7,56,11,122,106
IQ:8,72,12,-3,177
IQ:9,80,255,219,-23
IQ:10,88,1,65,-379
IQ:11,96,255,-363,-104
IQ:12,104,2,-93,373
IQ:13,112,255,403,182
IQ:14,120,10,363,-234
IQ:15,128,255,-72,-243
IQ:16,136,3,296,123
IQ:17,144,255,315,-261
IQ:18,152,9,-59,-416
IQ:19,160,255,-322,-60
IQ:20,168,4,70,-27
IQ:21,176,255,-6,-185
IQ:22,184,8,-504,-85
IQ:23,192,255,-191,506
IQ:24,200,7,340,430
IQ:25,208,255,426,-213
IQ:26,216,6,-138,-177
IQ:27,224,255,-182,86
IQ:28,232,5,44,37
IQ:29,240,255,7,-72
IQ:30,248,12,-144,106
IQ:31,256,255,124,178
IQ:32,264,1,326,-186
IQ:33,272,255,-158,-353
IQ:34,280,2,-372,129
IQ:35,288,255,-7,395
SW:2
RR:3
SS:3
FR:2426
ME:2
MA:353
KE:10
KA:9
DF_END

Data arrived...
DF_BEGIN
IQ:0,0,11,-2,-184
IQ:1,8,11,-184,20
IQ:2,16,11,38,181
IQ:3,24,11,183,-59
IQ:4,32,11,-82,-168
IQ:5,40,11,-169,85
IQ:6,48,11,96,158
IQ:7,56,11,152,-105
IQ:8,72,12,-96,-38
IQ:9,80,255,-31,101
IQ:10,88,1,52,85
IQ:11,96,255,71,-9
IQ:12,104,2,52,32
IQ:13,112,255,63,-61
IQ:14,120,10,-44,-121
IQ:15,128,255,-175,-18
IQ:16,136,3,-204,42
IQ:17,144,255,-49,141
IQ:18,152,9,-37,69
IQ:19,160,255,-32,81
IQ:20,168,4,-82,177
IQ:21,176,255,104,77
IQ:22,184,8,-6,-36
IQ:23,192,255,-32,29
IQ:24,200,7,94,0
IQ:25,208,255,29,-108
IQ:26,216,6,-57,-51
IQ:27,224,255,-30,107
IQ:28,232,5,168,98
IQ:29,240,255,127,-140
IQ:30,248,12,-27,-108
IQ:31,256,255,-110,26
IQ:32,264,1,-33,91
IQ:33,272,255,43,38
IQ:34,280,2,2,61
IQ:35,288,255,109,27
SW:2
RR:3
SS:3
FR:2402
ME:38
MA:131
KE:12
KA:19
DF_END

Data arrived...
DF_BEGIN
IQ:0,0,11,139,-103
IQ:1,8,11,-128,-124
IQ:2,16,11,-113,145
IQ:3,24,11,136,96
IQ:4,32,11,80,-150
IQ:5,40,11,-154,-67
IQ:6,48,11,-55,166
IQ:7,56,11,176,40
IQ:8,72,12,-110,28
IQ:9,80,255,39,124
IQ:10,88,1,123,-33
IQ:11,96,255,-57,-113
IQ:12,104,2,-111,92
IQ:13,112,255,116,105
IQ:14,120,10,181,-205
IQ:15,128,255,-145,-211
IQ:16,136,3,-123,54
IQ:17,144,255,30,43
IQ:18,152,9,-96,-126
IQ:19,160,255,-204,34
IQ:20,168,4,-136,133
IQ:21,176,255,88,95
IQ:22,184,8,-79,-90
IQ:23,192,255,-142,78
IQ:24,200,7,5,154
IQ:25,208,255,151,-9
IQ:26,216,6,-28,-142
IQ:27,224,255,-129,71
IQ:28,232,5,131,172
IQ:29,240,255,167,-97
IQ:30,248,12,-82,-75
IQ:31,256,255,-85,102
IQ:32,264,1,101,80
IQ:33,272,255,68,-112
IQ:34,280,2,-125,-55
IQ:35,288,255,-38,152
SW:2
RR:3
SS:3
FR:2480
ME:35