KE:0
KA:354
DF_END

Data arrived...
DF_BEGIN
IQ:0,0,11,24,210
IQ:1,8,11,223,-46
IQ:2,16,11,-45,-211
IQ:3,24,11,-204,69
IQ:4,32,11,103,182
IQ:5,40,11,187,-148
IQ:6,48,11,-122,-180
IQ:7,56,11,-157,150
IQ:8,72,12,84,-192
IQ:9,80,255,-232,-123
IQ:10,88,1,-70,164
IQ:11,96,255,238,29
IQ:12,104,2,50,-348
IQ:13,112,255,-392,-59
IQ:14,120,10,-213,258
IQ:15,128,255,266,98
IQ:16,136,3,77,-335
IQ:17,144,255,-301,51
IQ:18,152,9,197,500
IQ:19,160,255,483,-155
IQ:20,168,4,-177,-453
IQ:21,176,255,-351,118
IQ:22,184,8,333,87
IQ:23,192,255,98,-351
IQ:24,200,7,-403,23
IQ:25,208,255,-45,457
IQ:26,216,6,278,155
IQ:27,224,255,74,-282
IQ:28,232,5,-391,29
IQ:29,240,255,-33,372
IQ:30,248,12,201,-66
IQ:31,256,255,-58,-257
IQ:32,264,1,-185,46
IQ:33,272,255,118,205
IQ:34,280,2,300,-173
IQ:35,288,255,-148,-302
SW:2
RR:3
SS:3
FR:2426
ME:359
MA:353
KE:0
KA:353
DF_END

Data arrived...
DF_BEGIN
IQ:0,0,11,-186,-63
IQ:1,8,11,-35,193
IQ:2,16,11,197,9
IQ:3,24,11,2,-199
IQ:4,32,11,-201,8
IQ:5,40,11,30,191
IQ:6,48,11,191,-57
IQ:7,56,11,-69,-183
IQ:8,72,12,140,127
IQ:9,80,255,151,-128
IQ:10,88,1,-143,-97
IQ:11,96,255,-92,166
IQ:12,104,2,203,113
IQ:13,112,255,165,-174
IQ:14,120,10,-40,-114
IQ:15,128,255,-95,99
IQ:16,136,3,60,145
IQ:17,144,255,86,-128
IQ:18,152,9,-224,-136
IQ:19,160,255,-126,201
IQ:20,168,4,220,126
IQ:21,176,255,57,-174
IQ:22,184,8,-234,79
IQ:23,192,255,79,228
IQ:24,200,7,220,-104
IQ:25,208,255,-90,-225
IQ:26,216,6,-164,86
IQ:27,224,255,140,132
IQ:28,232,5,191,-237
IQ:29,240,255,-187,-173
IQ:30,248,12,-7,189
IQ:31,256,255,197,27
IQ:32,264,1,-8,-178
IQ:33,272,255,-195,7
IQ:34,280,2,22,225
IQ:35,288,255,222,-18
SW:2
RR:3
SS:3
FR:2402
ME:2
MA:353
KE:0
KA:353
DF_END

Data arrived...
DF_BEGIN
IQ:0,0,11,-130,85
IQ:1,8,11,93,141
IQ:2,16,11,133,-84
IQ:3,24,11,-104,-105
IQ:4,32,11,-94,128
IQ:5,40,11,130,92
IQ:6,48,11,84,-123
IQ:7,56,11,-144,-47
IQ:8,72,12,100,5
IQ:9,80,255,-57,-61
IQ:10,88,1,-84,100
IQ:11,96,255,109,41
IQ:12,104,2,19,-187
IQ:13,112,255,-221,40
IQ:14,120,10,-60,428
IQ:15,128,255,352,103
IQ:16,136,3,50,-216
IQ:17,144,255,-114,21
IQ:18,152,9,269,128
IQ:19,160,255,227,-227
IQ:20,168,4,-96,-282
IQ:21,176,255,-206,52
IQ:22,184,8,117,-114
IQ:23,192,255,-43,-161
IQ:24,200,7,-73,-12
IQ:25,208,255,-13,148
IQ:26,216,6,161,101
IQ:27,224,255,37,-138
IQ:28,232,5,-216,39
IQ:29,240,255,-28,242
IQ:30,248,12,45,93
IQ:31,256,255,31,-84
IQ:32,264,1,-124,-39
IQ:33,272,255,6,124
IQ:34,280,2,170,-88
IQ:35,288,255,-52,-202
SW:2
RR:3
SS:3
FR:2480
ME:7
MA:175
KE:1
KA:353
DF_END

Data arrived...
DF_BEGIN
IQ:0,0,11,-166,-8
IQ:1,8,11,12,169
IQ:2,16,11,159,-23
IQ:3,24,11,-66,-155
IQ:4,32,11,-151,85
IQ:5,40,11,79,147
IQ:6,48,11,132,-106
IQ:7,56,11,-113,-121
IQ:8,72,12,45,94
IQ:9,80,255,-36,-41
IQ:10,88,1,-173,43
IQ:11,96,255,98,77
IQ:12,104,2,57,-240
IQ:13,112,255,-341,16
IQ:14,120,10,-251,622
IQ:15,128,255,493,263
IQ:16,136,3,124,-392
IQ:17,144,255,-272,45
IQ:18,152,9,414,420
IQ:19,160,255,439,-341
IQ:20,168,4,-238,-437
IQ:21,176,255,-310,125
IQ:22,184,8,361,-187
IQ:23,192,255,-24,-385
IQ:24,200,7,-218,60
IQ:25,208,255,18,318
IQ:26,216,6,238,133
IQ:27,224,255,62,-187
IQ:28,232,5,-240,131
IQ:29,240,255,-12,321
IQ:30,248,12,-60,111
IQ:31,256,255,-4,-59
IQ:32,264,1,-141,-93
IQ:33,272,255,-2,140
IQ:34,280,2,226,-72
IQ:35,288,255,-14,-282
SW:2
RR:3
SS:3
FR:2480
ME:13
MA:187
KE:2
KA:350
DF_END

Data arrived...
DF_BEGIN
IQ:0,0,11,122,-75
IQ:1,8,11,-88,-122
IQ:2,16,11,-126,76
IQ:3,24,11,108,105
IQ:4,32,11,87,-123
IQ:5,40,11,-127,-97
IQ:6,48,11,-76,120
IQ:7,56,11,136,56
IQ:8,72,12,-108,11
IQ:9,80,255,30,155
IQ:10,88,1,148,8
IQ:11,96,255,-53,-154
IQ:12,104,2,-208,118
IQ:13,112,255,122,251
IQ:14,120,10,277,17
IQ:15,128,255,-31,-239
IQ:16,136,3,-242,22
IQ:17,144,255,89,152
IQ:18,152,9,185,-294
IQ:19,160,255,-272,-194
IQ:20,168,4,-223,270
IQ:21,176,255,217,195
IQ:22,184,8,-34,-116
IQ:23,192,255,-149,46
IQ:24,200,7,120,153
IQ:25,208,255,246,-105
IQ:26,216,6,14,-223
IQ:27,224,255,-179,27
IQ:28,232,5,146,177
IQ:29,240,255,199,-123
IQ:30,248,12,-62,-63
IQ:31,256,255,-113,115
IQ:32,264,1,89,112
IQ:33,272,255,90,-136
IQ:34,280,2,-213,-111
IQ:35,288,255,-121,198
SW:2
RR:3
SS:3
FR:2426
ME:359
MA:353
KE:2
KA:350
DF_END

Data arrived...
DF_BEGIN
IQ:0,0,11,-118,118
IQ:1,8,11,126,106
IQ:2,16,11,92,-149
IQ:3,24,11,-146,-77
IQ:4,32,11,-69,152
IQ:5,40,11,157,55
IQ:6,48,11,35,-161
IQ:7,56,11,-166,-4
IQ:8,72,12,154,-63
IQ:9,80,255,-50,-170
IQ:10,88,1,-142,70
IQ:11,96,255,85,151
IQ:12,104,2,165,-118
IQ:13,112,255,-69,-205
IQ:14,120,10,-88,-28
IQ:15,128,255,21,109
IQ:16,136,3,126,32
IQ:17,144,255,-46,-110
IQ:18,152,9,-203,108
IQ:19,160,255,115,181
IQ:20,168,4,173,-116
IQ:21,176,255,-111,-115
IQ:22,184,8,-75,207
IQ:23,192,255,205,49
IQ:24,200,7,20,-220
IQ:25,208,255,-212,-35
IQ:26,216,6,-4,166
IQ:27,224,255,165,-55
IQ:28,232,5,-109,-263
IQ:29,240,255,-224,60
IQ:30,248,12,142,83
IQ:31,256,255,113,-147
IQ:32,264,1,-138,-86
IQ:33,272,255,-79,152
IQ:34,280,2,187,67
IQ:35,288,255,62,-186
SW:2
RR:3
SS:3
FR:2402
ME:2
MA:356
KE:2
KA:351
DF_END

Data arrived...
DF_BEGIN
IQ:0,0,11,152,126
IQ:1,8,11,105,-159
IQ:2,16,11,-175,-91
IQ:3,24,11,-84,174
IQ:4,32,11,183,58
IQ:5,40,11,22,-195
IQ:6,48,11,-193,-14
IQ:7,56,11,6,192
IQ:8,72,12,-91,-175
IQ:9,80,255,-199,68
IQ:10,88,1,79,166
IQ:11,96,255,165,-102
IQ:12,104,2,-156,-175
IQ:13,112,255,-234,108
IQ:14,120,10,-54,133
IQ:15,128,255,144,-19
IQ:16,136,3,32,-176
IQ:17,144,255,-148,57
IQ:18,152,9,147,257
IQ:19,160,255,232,-144
IQ:20,168,4,-161,-225
IQ:21,176,255,-143,146
IQ:22,184,8,270,56
IQ:23,192,255,55,-266
IQ:24,200,7,-263,-14
IQ:25,208,255,-11,262
IQ:26,216,6,204,11
IQ:27,224,255,-80,-192
IQ:28,232,5,-298,163
IQ:29,240,255,94,260
IQ:30,248,12,91,-168
IQ:31,256,255,-181,-121
IQ:32,264,1,-83,171
IQ:33,272,255,180,89
IQ:34,280,2,59,-218
IQ:35,288,255,-218,-65
SW:2
RR:3
SS:3
FR:2402
ME:5
MA:5
KE:2
KA:353
DF_END

Data arrived...
DF_BEGIN
IQ:0,0,11,-182,-52
IQ:1,8,11,-45,183
IQ:2,16,11,179,28
IQ:3,24,11,-16,-184
IQ:4,32,11,-183,44
IQ:5,40,11,38,189
IQ:6,48,11,165,-69
IQ:7,56,11,-87,-161
IQ:8,72,12,27,79
IQ:9,80,255,-16,-60
IQ:10,88,1,-165,13
IQ:11,96,255,45,140
IQ:12,104,2,140,-140
IQ:13,112,255,-262,-134
IQ:14,120,10,-454,344
IQ:15,128,255,209,406
IQ:16,136,3,189,-151
IQ:17,144,255,-163,-23
IQ:18,152,9,128,430
IQ:19,160,255,431,-38
IQ:20,168,4,28,-310
IQ:21,176,255,-226,-44
IQ:22,184,8,262,38
IQ:23,192,255,167,-205
IQ:24,200,7,-111,-69
IQ:25,208,255,-118,184
IQ:26,216,6,82,210
IQ:27,224,255,148,-77
IQ:28,232,5,-222,-78
IQ:29,240,255,-180,187
IQ:30,248,12,-59,82
IQ:31,256,255,40,-58
IQ:32,264,1,-101,-103
IQ:33,272,255,-82,113
IQ:34,280,2,201,50
IQ:35,288,255,100,-221
SW:2
RR:3
SS:3
FR:2480
ME:10
MA:181
KE:3
KA:351
DF_END

Data arrived...
DF_BEGIN
IQ:0,0,11,-161,-18
IQ:1,8,11,2,166
IQ:2,16,11,159,-10
IQ:3,24,11,-20,-158
IQ:4,32,11,-159,46
IQ:5,40,11,56,145
IQ:6,48,11,146,-71
IQ:7,56,11,-87,-128
IQ:8,72,12,110,32
IQ:9,80,255,115,-130
IQ:10,88,1,-27,-74
IQ:11,96,255,-75,94
IQ:12,104,2,142,133
IQ:13,112,255,162,-174
IQ:14,120,10,-71,-217
IQ:15,128,255,-160,143
IQ:16,136,3,171,273
IQ:17,144,255,165,-139
IQ:18,152,9,-310,-55
IQ:19,160,255,-16,336
IQ:20,168,4,410,61
IQ:21,176,255,87,-302
IQ:22,184,8,-160,93
IQ:23,192,255,108,179
IQ:24,200,7,100,-214
IQ:25,208,255,-230,-192
IQ:26,216,6,-229,88
IQ:27,224,255,124,144
IQ:28,232,5,101,-253
IQ:29,240,255,-199,-153
IQ:30,248,12,42,97
IQ:31,256,255,167,16
IQ:32,264,1,32,-59
IQ:33,272,255,-126,7
IQ:34,280,2,-17,198
IQ:35,288,255,173,14
SW:2
RR:3
SS:3
FR:2426
ME:359
MA:353
KE:3
KA:351
DF_END

Data arrived...
DF_BEGIN
IQ:0,0,11,44,-181
IQ:1,8,11,-189,-26
IQ:2,16,11,-19,186
IQ:3,24,11,185,9
IQ:4,32,11,-11,-188
IQ:5,40,11,-182,45
IQ:6,48,11,78,174
IQ:7,56,11,166,-81
IQ:8,72,12,-93,145
IQ:9,80,255,139,115
IQ:10,88,1,77,-131
IQ:11,96,255,-146,-83
IQ:12,104,2,-79,165
IQ:13,112,255,163,131
IQ:14,120,10,94,-11
IQ:15,128,255,-76,-93
IQ:16,136,3,-161,22
IQ:17,144,255,78,87
IQ:18,152,9,102,-196
IQ:19,160,255,-188,-95
IQ:20,168,4,-136,221
IQ:21,176,255,174,90
IQ:22,184,8,-27,-222
IQ:23,192,255,-199,53
IQ:24,200,7,89,232
IQ:25,208,255,208,-64
IQ:26,216,6,-75,-150
IQ:27,224,255,-126,112
IQ:28,232,5,219,150
IQ:29,240,255,154,-175
IQ:30,248,12,-172,-2
IQ:31,256,255,-24,180
IQ:32,264,1,154,-16
IQ:33,272,255,-20,-166
IQ:34,280,2,-185,43
IQ:35,288,255,35,191
SW:2
RR:3
SS:3
FR:2402
ME:5
MA:5
KE:3
KA:353
DF_END

Data arrived...
DF_BEGIN
IQ:0,0,11,-180,-5
IQ:1,8,11,10,185
IQ:2,16,11,179,-19
IQ:3,24,11,-43,-176
IQ:4,32,11,-171,57
IQ:5,40,11,84,161
IQ:6,48,11,148,-96
IQ:7,56,11,-109,-140
IQ:8,72,12,176,56
IQ:9,80,255,68,-176
IQ:10,88,1,-180,-50
IQ:11,96,255,-56,179
IQ:12,104,2,212,16
IQ:13,112,255,58,-224
IQ:14,120,10,-85,-97
IQ:15,128,255,-67,115
IQ:16,136,3,85,102
IQ:17,144,255,22,-117
IQ:18,152,9,-238,-31
IQ:19,160,255,-13,228
IQ:20,168,4,230,26
IQ:21,176,255,12,-177
IQ:22,184,8,-190,96
IQ:23,192,255,121,171
IQ:24,200,7,170,-147
IQ:25,208,255,-130,-174
IQ:26,216,6,-127,122
IQ:27,224,255,174,66
IQ:28,232,5,96,-275
IQ:29,240,255,-227,-102
IQ:30,248,12,33,176
IQ:31,256,255,193,-28
IQ:32,264,1,-55,-175
IQ:33,272,255,-182,50
IQ:34,280,2,105,181
IQ:35,288,255,185,-114
SW:2
RR:3
SS:3
FR:2402
ME:5
MA:5
KE:3
KA:356
DF_END

Data arrived...
DF_BEGIN
IQ:0,0,11,76,150
IQ:1,8,11,142,-99
IQ:2,16,11,-112,-119
IQ:3,24,11,-107,141
IQ:4,32,11,143,112
IQ:5,40,11,88,-143
IQ:6,48,11,-160,-73
IQ:7,56,11,-58,164
IQ:8,72,12,1,-97
IQ:9,80,255,-66,61
IQ:10,88,1,98,123
IQ:11,96,255,84,-116
IQ:12,104,2,-210,-23
IQ:13,112,255,8,272
IQ:14,120,10,444,194
IQ:15,128,255,189,-321
IQ:16,136,3,-235,-53
IQ:17,144,255,49,153
IQ:18,152,9,258,-270
IQ:19,160,255,-231,-291
IQ:20,168,4,-287,134
IQ:21,176,255,63,225
IQ:22,184,8,-58,-186
IQ:23,192,255,-214,-4
IQ:24,200,7,-6,143
IQ:25,208,255,188,22
IQ:26,216,6,114,-172
IQ:27,224,255,-147,-48
IQ:28,232,5,34,249
IQ:29,240,255,256,50
IQ:30,248,12,83,-46
IQ:31,256,255,-91,-5
IQ:32,264,1,-3,155
IQ:33,272,255,142,-16
IQ:34,280,2,-95,-187
IQ:35,288,255,-243,59
SW:2
RR:3
SS:3
FR:2480
ME:7
MA:189
KE:4
KA:352
DF_END

Data arrived...
DF_BEGIN
IQ:0,0,11,-10,186
IQ:1,8,11,191,-14
IQ:2,16,11,-27,-176
IQ:3,24,11,-182,44
IQ:4,32,11,71,172
IQ:5,40,11,172,-91
IQ:6,48,11,-88,-159
IQ:7,56,11,-145,111
IQ:8,72,12,71,-145
IQ:9,80,255,-181,-65
IQ:10,88,1,-59,178
IQ:11,96,255,198,28
IQ:12,104,2,-8,-281
IQ:13,112,255,-324,1
IQ:14,120,10,-137,250
IQ:15,128,255,242,79
IQ:16,136,3,70,-240
IQ:17,144,255,-196,43
IQ:18,152,9,201,301
IQ:19,160,255,309,-176
IQ:20,168,4,-123,-311
IQ:21,176,255,-255,79
IQ:22,184,8,138,50
IQ:23,192,255,48,-180
IQ:24,200,7,-206,26
IQ:25,208,255,-19,263
IQ:26,216,6,210,130
IQ:27,224,255,56,-201
IQ:28,232,5,-270,36
IQ:29,240,255,3,284
IQ:30,248,12,156,-26
IQ:31,256,255,-59,-199
IQ:32,264,1,-172,56
IQ:33,272,255,101,169
IQ:34,280,2,219,-190
IQ:35,288,255,-169,-240
SW:2
RR:3
SS:3
FR:2426
ME:359
MA:353
KE:3
KA:352
DF_END

Data arrived...
DF_BEGIN
IQ:0,0,11,65,-174
IQ:1,8,11,-183,-30
IQ:2,16,11,-41,181
IQ:3,24,11,179,5
IQ:4,32,11,-26,-183
IQ:5,40,11,-183,37
IQ:6,48,11,43,175
IQ:7,56,11,173,-62
IQ:8,72,12,-123,166
IQ:9,80,255,145,156
IQ:10,88,1,146,-143
IQ:11,96,255,-154,-129
IQ:12,104,2,-105,208
IQ:13,112,255,183,166
IQ:14,120,10,118,-33
IQ:15,128,255,-84,-85
IQ:16,136,3,-110,74
IQ:17,144,255,142,62
IQ:18,152,9,122,-235
IQ:19,160,255,-208,-108
IQ:20,168,4,-80,198
IQ:21,176,255,172,17
IQ:22,184,8,-63,-252
IQ:23,192,255,-235,48
IQ:24,200,7,113,212
IQ:25,208,255,214,-98
IQ:26,216,6,-98,-165
IQ:27,224,255,-136,143
IQ:28,232,5,224,188
IQ:29,240,255,166,-182
IQ:30,248,12,-197,-21
IQ:31,256,255,-40,212
IQ:32,264,1,195,17
IQ:33,272,255,-26,-202
IQ:34,280,2,-230,48
IQ:35,288,255,33,224
SW:2
RR:3
SS:3
FR:2402
ME:2
MA:359
KE:3
KA:354
DF_END

Data arrived...
DF_BEGIN
IQ:0,0,11,96,188
IQ:1,8,11,168,-105
IQ:2,16,11,-133,-152
IQ:3,24,11,-137,154
IQ:4,32,11,160,128
IQ:5,40,11,100,-163
IQ:6,48,11,-187,-85
IQ:7,56,11,-75,184
IQ:8,72,12,50,-152
IQ:9,80,255,-79,51
IQ:10,88,1,119,162
IQ:11,96,255,85,-124
IQ:12,104,2,-229,-28
IQ:13,112,255,21,309
IQ:14,120,10,567,188
IQ:15,128,255,168,-436
IQ:16,136,3,-340,-21
IQ:17,144,255,77,236
IQ:18,152,9,286,-364
IQ:19,160,255,-322,-302
IQ:20,168,4,-270,287
IQ:21,176,255,184,259
IQ:22,184,8,-127,-229
IQ:23,192,255,-288,6
IQ:24,200,7,3,197
IQ:25,208,255,259,36
IQ:26,216,6,110,-212
IQ:27,224,255,-177,-69
IQ:28,232,5,79,192
IQ:29,240,255,268,-15
IQ:30,248,12,158,-30
IQ:31,256,255,-90,-41
IQ:32,264,1,-43,177
IQ:33,272,255,152,-24
IQ:34,280,2,-102,-204
IQ:35,288,255,-254,95
SW:2
RR:3
SS:3
FR:2480
ME:10
MA:192
KE:4
KA:348
DF_END

Data arrived...
DF_BEGIN
IQ:0,0,11,-16,-166
IQ:1,8,11,-163,58
IQ:2,16,11,59,148
IQ:3,24,11,148,-85
IQ:4,32,11,-90,-139
IQ:5,40,11,-117,108
IQ:6,48,11,127,110
IQ:7,56,11,111,-111
IQ:8,72,12,3,118
IQ:9,80,255,153,48
IQ:10,88,1,30,-102
IQ:11,96,255,-168,-1
IQ:12,104,2,-18,263
IQ:13,112,255,300,59
IQ:14,120,10,209,-185
IQ:15,128,255,-208,-115
IQ:16,136,3,-138,238
IQ:17,144,255,183,19
IQ:18,152,9,-176,-366
IQ:19,160,255,-380,131
IQ:20,168,4,121,369
IQ:21,176,255,296,-68
IQ:22,184,8,-188,-66
IQ:23,192,255,-79,202
IQ:24,200,7,261,-39
IQ:25,208,255,20,-322
IQ:26,216,6,-211,-132
IQ:27,224,255,-46,180
IQ:28,232,5,262,-61
IQ:29,240,255,-5,-266
IQ:30,248,12,-83,78
IQ:31,256,255,86,159
IQ:32,264,1,104,-29
IQ:33,272,255,-89,-120
IQ:34,280,2,-210,152
IQ:35,288,255,123,214
SW:2
RR:3
SS:3
FR:2426
ME:359
MA:353
KE:3
KA:349
DF_END

Data arrived...
DF_BEGIN
IQ:0,0,11,132,-126
IQ:1,8,11,-134,-126
IQ:2,16,11,-110,143
IQ:3,24,11,156,99
IQ:4,32,11,76,-166
IQ:5,40,11,-170,-56
IQ:6,48,11,-50,174
IQ:7,56,11,177,19
IQ:8,72,12,-157,51
IQ:9,80,255,46,185
IQ:10,88,1,146,-35
IQ:11,96,255,-67,-156
IQ:12,104,2,-174,86
IQ:13,112,255,70,210
IQ:14,120,10,128,43
IQ:15,128,255,-28,-128
IQ:16,136,3,-179,-11
IQ:17,144,255,52,144
IQ:18,152,9,221,-117
IQ:19,160,255,-132,-201
IQ:20,168,4,-207,157
IQ:21,176,255,126,155
IQ:22,184,8,77,-215
IQ:23,192,255,-217,-74
IQ:24,200,7,-28,230
IQ:25,208,255,220,40
IQ:26,216,6,26,-177
IQ:27,224,255,-181,47
IQ:28,232,5,93,269
IQ:29,240,255,226,-54
IQ:30,248,12,-141,-91
IQ:31,256,255,-143,129
IQ:32,264,1,114,94
IQ:33,272,255,84,-142
IQ:34,280,2,-178,-86
IQ:35,288,255,-84,180
SW:2
RR:3
SS:3
FR:2402
ME:2
MA:5
KE:3
KA:353
DF_END

Data arrived...
DF_BEGIN
IQ:0,0,11,-139,-152
IQ:1,8,11,-113,155
IQ:2,16,11,178,82
IQ:3,24,11,86,-207
IQ:4,32,11,-185,-82
IQ:5,40,11,-45,191
IQ:6,48,11,202,22
IQ:7,56,11,11,-216
IQ:8,72,12,58,111
IQ:9,80,255,89,-156
IQ:10,88,1,-174,-140
IQ:11,96,255,-60,185
IQ:12,104,2,309,20
IQ:13,112,255,-38,-387
IQ:14,120,10,-600,-138
IQ:15,128,255,-165,446
IQ:16,136,3,376,-22
IQ:17,144,255,-114,-297
IQ:18,152,9,-378,359
IQ:19,160,255,330,384
IQ:20,168,4,338,-323
IQ:21,176,255,-202,-310
IQ:22,184,8,62,297
IQ:23,192,255,357,-8
IQ:24,200,7,25,-320
IQ:25,208,255,-361,-73
IQ:26,216,6,-137,249
IQ:27,224,255,229,42
IQ:28,232,5,-140,-292
IQ:29,240,255,-354,26
IQ:30,248,12,-80,99
IQ:31,256,255,176,-38
IQ:32,264,1,-17,-227
IQ:33,272,255,-199,82
IQ:34,280,2,191,226
IQ:35,288,255,306,-152
SW:2
RR:3
SS:3
FR:2480
ME:353
MA:5
KE:2
KA:355
DF_END

Data arrived...
DF_BEGIN
IQ:0,0,11,-136,105
IQ:1,8,11,124,110
IQ:2,16,11,97,-144
IQ:3,24,11,-139,-98
IQ:4,32,11,-84,148
IQ:5,40,11,149,59
IQ:6,48,11,51,-168
IQ:7,56,11,-171,-52
IQ:8,72,12,133,-91
IQ:9,80,255,-71,-175
IQ:10,88,1,-125,73
IQ:11,96,255,117,130
IQ:12,104,2,176,-174
IQ:13,112,255,-146,-256
IQ:14,120,10,-247,-14
IQ:15,128,255,23,221
IQ:16,136,3,189,-43
IQ:17,144,255,-122,-106
IQ:18,152,9,-178,316
IQ:19,160,255,286,198
IQ:20,168,4,177,-251
IQ:21,176,255,-173,-153
IQ:22,184,8,70,158
IQ:23,192,255,172,-76
IQ:24,200,7,-167,-187
IQ:25,208,255,-248,153
IQ:26,216,6,13,216
IQ:27,224,255,166,-61
IQ:28,232,5,-201,-171
IQ:29,240,255,-200,153
IQ:30,248,12,152,53
IQ:31,256,255,93,-173
IQ:32,264,1,-128,-54
IQ:33,272,255,-58,168
IQ:34,280,2,234,62
IQ:35,288,255,73,-232
SW:2
RR:3
SS:3
FR:2426
ME:359
MA:5
KE:2
KA:357
DF_END

Data arrived...
DF_BEGIN
IQ:0,0,11,-15,-177
IQ:1,8,11,-178,41
IQ:2,16,11,64,173
IQ:3,24,11,162,-65
IQ:4,32,11,-89,-156
IQ:5,40,11,-147,93
IQ:6,48,11,121,134
IQ:7,56,11,119,-129
IQ:8,72,12,-40,168
IQ:9,80,255,170,60
IQ:10,88,1,21,-158
IQ:11,96,255,-170,-25
IQ:12,104,2,14,200
IQ:13,112,255,209,35
IQ:14,120,10,76,-88
IQ:15,128,255,-107,-45
IQ:16,136,3,-103,90
IQ:17,144,255,118,27
IQ:18,152,9,36,-231
IQ:19,160,255,-221,-20
IQ:20,168,4,-34,223
IQ:21,176,255,169,-7
IQ:22,184,8,-118,-178
IQ:23,192,255,-169,114
IQ:24,200,7,156,142
IQ:25,208,255,143,-160
IQ:26,216,6,-118,-112
IQ:27,224,255,-54,166
IQ:28,232,5,270,78
IQ:29,240,255,108,-195
IQ:30,248,12,-160,57
IQ:31,256,255,46,173
IQ:32,264,1,145,-64
IQ:33,272,255,-70,-153
IQ:34,280,2,-161,103
IQ:35,288,255,113,159
SW:2
RR:3
SS:3
FR:2402
ME:5
MA:5
KE:2
KA:358
DF_END

Data arrived...
DF_BEGIN
IQ:0,0,11,35,-184
IQ:1,8,11,-188,-15
IQ:2,16,11,-4,189
IQ:3,24,11,184,-14
IQ:4,32,11,-36,-180
IQ:5,40,11,-175,64
IQ:6,48,11,81,175
IQ:7,56,11,164,-96
IQ:8,72,12,-90,156
IQ:9,80,255,148,115
IQ:10,88,1,83,-138
IQ:11,96,255,-159,-73
IQ:12,104,2,-56,201
IQ:13,112,255,198,99
IQ:14,120,10,121,-67
IQ:15,128,255,-99,-91
IQ:16,136,3,-129,65
IQ:17,144,255,118,52
IQ:18,152,9,65,-230
IQ:19,160,255,-219,-65
IQ:20,168,4,-75,220
IQ:21,176,255,185,27
IQ:22,184,8,-95,-205
IQ:23,192,255,-198,98
IQ:24,200,7,119,188
IQ:25,208,255,181,-118
IQ:26,216,6,-105,-148
IQ:27,224,255,-107,144
IQ:28,232,5,253,136
IQ:29,240,255,141,-184
IQ:30,248,12,-181,21
IQ:31,256,255,-13,192
IQ:32,264,1,154,-22
IQ:33,272,255,-46,-173
IQ:34,280,2,-196,61
IQ:35,288,255,68,205
SW:2
RR:3
SS:3
FR:2402
ME:2
MA:5
KE:2
KA:0
DF_END