KE:357
KA:0
DF_END

Data arrived...
DF_BEGIN
IQ:0,0,11,17,-192
IQ:1,8,11,-202,0
IQ:2,16,11,49,195
IQ:3,24,11,201,-49
IQ:4,32,11,-71,-173
IQ:5,40,11,-192,93
IQ:6,48,11,87,175
IQ:7,56,11,160,-128
IQ:8,72,12,-64,243
IQ:9,80,255,263,109
IQ:10,88,1,17,-223
IQ:11,96,255,-271,-14
IQ:12,104,2,17,356
IQ:13,112,255,447,58
IQ:14,120,10,315,-266
IQ:15,128,255,-267,-239
IQ:16,136,3,-208,203
IQ:17,144,255,237,-5
IQ:18,152,9,-127,-587
IQ:19,160,255,-590,42
IQ:20,168,4,-144,479
IQ:21,176,255,295,119
IQ:22,184,8,-371,-18
IQ:23,192,255,-100,337
IQ:24,200,7,360,-61
IQ:25,208,255,83,-443
IQ:26,216,6,-204,-255
IQ:27,224,255,-108,282
IQ:28,232,5,501,132
IQ:29,240,255,194,-397
IQ:30,248,12,-248,96
IQ:31,256,255,65,296
IQ:32,264,1,180,-102
IQ:33,272,255,-117,-249
IQ:34,280,2,-296,185
IQ:35,288,255,140,347
SW:2
RR:3
SS:3
FR:2426
ME:2
MA:5
KE:358
KA:0
DF_END

Data arrived...
DF_BEGIN
IQ:0,0,11,46,159
IQ:1,8,11,144,-58
IQ:2,16,11,-78,-138
IQ:3,24,11,-135,82
IQ:4,32,11,97,118
IQ:5,40,11,114,-115
IQ:6,48,11,-123,-107
IQ:7,56,11,-106,125
IQ:8,72,12,19,-176
IQ:9,80,255,-160,-43
IQ:10,88,1,-5,146
IQ:11,96,255,151,-7
IQ:12,104,2,-28,-171
IQ:13,112,255,-184,-6
IQ:14,120,10,-43,83
IQ:15,128,255,106,19
IQ:16,136,3,49,-75
IQ:17,144,255,-89,15
IQ:18,152,9,38,179
IQ:19,160,255,185,-30
IQ:20,168,4,-8,-177
IQ:21,176,255,-121,29
IQ:22,184,8,120,121
IQ:23,192,255,121,-118
IQ:24,200,7,-118,-105
IQ:25,208,255,-96,132
IQ:26,216,6,126,69
IQ:27,224,255,33,-155
IQ:28,232,5,-229,-43
IQ:29,240,255,-41,177
IQ:30,248,12,160,-82
IQ:31,256,255,-47,-170
IQ:32,264,1,-127,72
IQ:33,272,255,88,134
IQ:34,280,2,136,-102
IQ:35,288,255,-110,-141
SW:2
RR:3
SS:3
FR:2402
ME:2
MA:2
KE:358
KA:0
DF_END

Data arrived...
DF_BEGIN
IQ:0,0,11,-32,173
IQ:1,8,11,171,-11
IQ:2,16,11,-12,-194
IQ:3,24,11,-192,12
IQ:4,32,11,39,175
IQ:5,40,11,148,-62
IQ:6,48,11,-97,-173
IQ:7,56,11,-167,94
IQ:8,72,12,58,-89
IQ:9,80,255,-175,-29
IQ:10,88,1,-71,164
IQ:11,96,255,159,6
IQ:12,104,2,-60,-255
IQ:13,112,255,-316,152
IQ:14,120,10,32,608
IQ:15,128,255,479,29
IQ:16,136,3,-54,-371
IQ:17,144,255,-226,119
IQ:18,152,9,463,224
IQ:19,160,255,273,-463
IQ:20,168,4,-336,-321
IQ:21,176,255,-272,212
IQ:22,184,8,205,-216
IQ:23,192,255,-142,-301
IQ:24,200,7,-216,53
IQ:25,208,255,65,269
IQ:26,216,6,282,55
IQ:27,224,255,-17,-251
IQ:28,232,5,-325,145
IQ:29,240,255,44,345
IQ:30,248,12,97,11
IQ:31,256,255,-89,-159
IQ:32,264,1,-181,42
IQ:33,272,255,94,149
IQ:34,280,2,173,-195
IQ:35,288,255,-212,-214
SW:2
RR:3
SS:3
FR:2480
ME:356
MA:353
KE:358
KA:359
DF_END

Data arrived...
DF_BEGIN
IQ:0,0,11,99,-76
IQ:1,8,11,-104,-95
IQ:2,16,11,-66,110
IQ:3,24,11,102,58
IQ:4,32,11,56,-118
IQ:5,40,11,-122,-30
IQ:6,48,11,-30,106
IQ:7,56,11,118,17
IQ:8,72,12,-112,139
IQ:9,80,255,103,192
IQ:10,88,1,122,-67
IQ:11,96,255,-144,-149
IQ:12,104,2,-220,217
IQ:13,112,255,239,338
IQ:14,120,10,405,63
IQ:15,128,255,0,-331
IQ:16,136,3,-335,24
IQ:17,144,255,141,201
IQ:18,152,9,335,-447
IQ:19,160,255,-442,-334
IQ:20,168,4,-417,425
IQ:21,176,255,248,338
IQ:22,184,8,-191,-192
IQ:23,192,255,-250,135
IQ:24,200,7,290,224
IQ:25,208,255,357,-256
IQ:26,216,6,12,-318
IQ:27,224,255,-241,124
IQ:28,232,5,329,370
IQ:29,240,255,377,-196
IQ:30,248,12,-147,-18
IQ:31,256,255,-91,207
IQ:32,264,1,120,59
IQ:33,272,255,59,-191
IQ:34,280,2,-305,-82
IQ:35,288,255,-125,281
SW:2
RR:3
SS:3
FR:2426
ME:2
MA:5
KE:358
KA:0
DF_END

Data arrived...
DF_BEGIN
IQ:0,0,11,112,133
IQ:1,8,11,125,-132
IQ:2,16,11,-147,-90
IQ:3,24,11,-91,155
IQ:4,32,11,156,72
IQ:5,40,11,55,-161
IQ:6,48,11,-171,-48
IQ:7,56,11,-27,180
IQ:8,72,12,-59,-168
IQ:9,80,255,-184,54
IQ:10,88,1,51,151
IQ:11,96,255,171,-65
IQ:12,104,2,-89,-171
IQ:13,112,255,-201,87
IQ:14,120,10,-26,119
IQ:15,128,255,120,-14
IQ:16,136,3,19,-143
IQ:17,144,255,-118,49
IQ:18,152,9,105,205
IQ:19,160,255,184,-128
IQ:20,168,4,-125,-199
IQ:21,176,255,-131,113
IQ:22,184,8,204,75
IQ:23,192,255,93,-198
IQ:24,200,7,-214,-49
IQ:25,208,255,-66,203
IQ:26,216,6,165,31
IQ:27,224,255,-34,-167
IQ:28,232,5,-276,93
IQ:29,240,255,56,218
IQ:30,248,12,106,-151
IQ:31,256,255,-148,-125
IQ:32,264,1,-91,137
IQ:33,272,255,152,101
IQ:34,280,2,101,-172
IQ:35,288,255,-175,-102
SW:2
RR:3
SS:3
FR:2402
ME:2
MA:2
KE:359
KA:0
DF_END

Data arrived...
DF_BEGIN
IQ:0,0,11,-103,-138
IQ:1,8,11,-146,110
IQ:2,16,11,120,125
IQ:3,24,11,97,-150
IQ:4,32,11,-157,-100
IQ:5,40,11,-67,168
IQ:6,48,11,174,46
IQ:7,56,11,49,-172
IQ:8,72,12,29,103
IQ:9,80,255,109,-116
IQ:10,88,1,-120,-146
IQ:11,96,255,-93,173
IQ:12,104,2,292,63
IQ:13,112,255,33,-459
IQ:14,120,10,-561,-477
IQ:15,128,255,-364,426
IQ:16,136,3,380,169
IQ:17,144,255,-30,-308
IQ:18,152,9,-600,306
IQ:19,160,255,230,596
IQ:20,168,4,493,-123
IQ:21,176,255,-53,-384
IQ:22,184,8,-9,419
IQ:23,192,255,407,129
IQ:24,200,7,68,-278
IQ:25,208,255,-363,-141
IQ:26,216,6,-232,217
IQ:27,224,255,227,123
IQ:28,232,5,32,-372
IQ:29,240,255,-364,-167
IQ:30,248,12,-87,66
IQ:31,256,255,169,27
IQ:32,264,1,37,-180
IQ:33,272,255,-198,29
IQ:34,280,2,100,285
IQ:35,288,255,338,-44
SW:2
RR:3
SS:3
FR:2480
ME:356
MA:2
KE:358
KA:0
DF_END

Data arrived...
DF_BEGIN
IQ:0,0,11,123,-88
IQ:1,8,11,-89,-108
IQ:2,16,11,-92,101
IQ:3,24,11,96,85
IQ:4,32,11,75,-128
IQ:5,40,11,-121,-59
IQ:6,48,11,-63,123
IQ:7,56,11,119,34
IQ:8,72,12,-45,86
IQ:9,80,255,126,121
IQ:10,88,1,98,-53
IQ:11,96,255,-140,-85
IQ:12,104,2,-115,287
IQ:13,112,255,361,205
IQ:14,120,10,468,-135
IQ:15,128,255,-141,-355
IQ:16,136,3,-363,167
IQ:17,144,255,220,152
IQ:18,152,9,74,-571
IQ:19,160,255,-560,-102
IQ:20,168,4,-198,569
IQ:21,176,255,390,204
IQ:22,184,8,-191,-93
IQ:23,192,255,-149,189
IQ:24,200,7,327,40
IQ:25,208,255,226,-341
IQ:26,216,6,-95,-312
IQ:27,224,255,-191,147
IQ:28,232,5,418,143
IQ:29,240,255,247,-326
IQ:30,248,12,-74,2
IQ:31,256,255,-21,178
IQ:32,264,1,112,58
IQ:33,272,255,-9,-172
IQ:34,280,2,-330,28
IQ:35,288,255,-67,313
SW:2
RR:3
SS:3
FR:2426
ME:359
MA:353
KE:358
KA:359
DF_END

Data arrived...
DF_BEGIN
IQ:0,0,11,-172,25
IQ:1,8,11,44,167
IQ:2,16,11,160,-55
IQ:3,24,11,-72,-156
IQ:4,32,11,-149,91
IQ:5,40,11,98,139
IQ:6,48,11,133,-109
IQ:7,56,11,-121,-124
IQ:8,72,12,169,35
IQ:9,80,255,62,-176
IQ:10,88,1,-148,-40
IQ:11,96,255,-38,168
IQ:12,104,2,193,36
IQ:13,112,255,50,-209
IQ:14,120,10,-86,-94
IQ:15,128,255,-41,120
IQ:16,136,3,122,110
IQ:17,144,255,23,-125
IQ:18,152,9,-244,-10
IQ:19,160,255,-4,222
IQ:20,168,4,239,-19
IQ:21,176,255,-21,-189
IQ:22,184,8,-175,126
IQ:23,192,255,131,173
IQ:24,200,7,156,-163
IQ:25,208,255,-139,-158
IQ:26,216,6,-115,127
IQ:27,224,255,155,62
IQ:28,232,5,65,-275
IQ:29,240,255,-217,-73
IQ:30,248,12,72,166
IQ:31,256,255,196,-34
IQ:32,264,1,-54,-148
IQ:33,272,255,-161,71
IQ:34,280,2,85,176
IQ:35,288,255,179,-89
SW:2
RR:3
SS:3
FR:2402
ME:2
MA:356
KE:359
KA:359
DF_END

Data arrived...
DF_BEGIN
IQ:0,0,11,39,-152
IQ:1,8,11,-159,-33
IQ:2,16,11,-11,172
IQ:3,24,11,156,-13
IQ:4,32,11,-38,-157
IQ:5,40,11,-155,40
IQ:6,48,11,48,161
IQ:7,56,11,141,-58
IQ:8,72,12,-56,72
IQ:9,80,255,121,-8
IQ:10,88,1,-2,-157
IQ:11,96,255,-137,70
IQ:12,104,2,151,188
IQ:13,112,255,246,-246
IQ:14,120,10,-188,-561
IQ:15,128,255,-440,91
IQ:16,136,3,127,276
IQ:17,144,255,111,-184
IQ:18,152,9,-516,-104
IQ:19,160,255,-154,488
IQ:20,168,4,336,147
IQ:21,176,255,115,-226
IQ:22,184,8,-176,308
IQ:23,192,255,209,273
IQ:24,200,7,147,-154
IQ:25,208,255,-181,-237
IQ:26,216,6,-237,47
IQ:27,224,255,63,195
IQ:28,232,5,201,-172
IQ:29,240,255,-141,-253
IQ:30,248,12,-95,-6
IQ:31,256,255,69,102
IQ:32,264,1,108,-96
IQ:33,272,255,-127,-76
IQ:34,280,2,-61,251
IQ:35,288,255,235,155
SW:2
RR:3
SS:3
FR:2480
ME:353
MA:5
KE:358
KA:359
DF_END

Data arrived...
DF_BEGIN
IQ:0,0,11,73,194
IQ:1,8,11,184,-94
IQ:2,16,11,-124,-164
IQ:3,24,11,-153,121
IQ:4,32,11,144,140
IQ:5,40,11,125,-157
IQ:6,48,11,-181,-110
IQ:7,56,11,-103,189
IQ:8,72,12,-4,-143
IQ:9,80,255,-124,96
IQ:10,88,1,127,165
IQ:11,96,255,98,-155
IQ:12,104,2,-311,-41
IQ:13,112,255,-29,462
IQ:14,120,10,581,497
IQ:15,128,255,408,-411
IQ:16,136,3,-332,-159
IQ:17,144,255,59,276
IQ:18,152,9,580,-379
IQ:19,160,255,-195,-611
IQ:20,168,4,-443,103
IQ:21,176,255,48,316
IQ:22,184,8,-42,-452
IQ:23,192,255,-436,-125
IQ:24,200,7,-23,294
IQ:25,208,255,362,95
IQ:26,216,6,227,-208
IQ:27,224,255,-211,-122
IQ:28,232,5,-16,331
IQ:29,240,255,363,107
IQ:30,248,12,127,-53
IQ:31,256,255,-152,-30
IQ:32,264,1,-67,195
IQ:33,272,255,187,-7
IQ:34,280,2,-106,-283
IQ:35,288,255,-345,61
SW:2
RR:3
SS:3
FR:2480
ME:7
MA:189
KE:359
KA:358
DF_END

Data arrived...
DF_BEGIN
IQ:0,0,11,-40,-180
IQ:1,8,11,-171,59
IQ:2,16,11,71,183
IQ:3,24,11,166,-71
IQ:4,32,11,-110,-152
IQ:5,40,11,-149,121
IQ:6,48,11,140,119
IQ:7,56,11,119,-151
IQ:8,72,12,41,169
IQ:9,80,255,249,-44
IQ:10,88,1,39,-180
IQ:11,96,255,-212,41
IQ:12,104,2,161,322
IQ:13,112,255,425,-169
IQ:14,120,10,153,-501
IQ:15,128,255,-389,-96
IQ:16,136,3,-43,406
IQ:17,144,255,266,-145
IQ:18,152,9,-472,-426
IQ:19,160,255,-465,437
IQ:20,168,4,364,521
IQ:21,176,255,421,-192
IQ:22,184,8,-243,96
IQ:23,192,255,64,289
IQ:24,200,7,242,-280
IQ:25,208,255,-154,-425
IQ:26,216,6,-363,-116
IQ:27,224,255,23,291
IQ:28,232,5,458,-193
IQ:29,240,255,-98,-441
IQ:30,248,12,-112,134
IQ:31,256,255,179,181
IQ:32,264,1,143,-92
IQ:33,272,255,-183,-139
IQ:34,280,2,-182,296
IQ:35,288,255,272,241
SW:2
RR:3
SS:3
FR:2426
ME:359
MA:353
KE:359
KA:357
DF_END

Data arrived...
DF_BEGIN
IQ:0,0,11,151,84
IQ:1,8,11,83,-154
IQ:2,16,11,-158,-58
IQ:3,24,11,-47,164
IQ:4,32,11,177,31
IQ:5,40,11,7,-171
IQ:6,48,11,-179,15
IQ:7,56,11,23,173
IQ:8,72,12,-102,-147
IQ:9,80,255,-159,92
IQ:10,88,1,102,118
IQ:11,96,255,121,-119
IQ:12,104,2,-148,-137
IQ:13,112,255,-171,135
IQ:14,120,10,10,117
IQ:15,128,255,108,-67
IQ:16,136,3,-27,-149
IQ:17,144,255,-110,87
IQ:18,152,9,168,163
IQ:19,160,255,134,-168
IQ:20,168,4,-201,-132
IQ:21,176,255,-111,169
IQ:22,184,8,214,36
IQ:23,192,255,17,-214
IQ:24,200,7,-221,10
IQ:25,208,255,10,215
IQ:26,216,6,164,-36
IQ:27,224,255,-103,-154
IQ:28,232,5,-224,172
IQ:29,240,255,126,201
IQ:30,248,12,43,-172
IQ:31,256,255,-169,-80
IQ:32,264,1,-48,143
IQ:33,272,255,167,34
IQ:34,280,2,34,-198
IQ:35,288,255,-209,-32
SW:2
RR:3
SS:3
FR:2402
ME:5
MA:2
KE:0
KA:358
DF_END

Data arrived...
DF_BEGIN
IQ:0,0,11,-78,-155
IQ:1,8,11,-172,75
IQ:2,16,11,88,158
IQ:3,24,11,118,-110
IQ:4,32,11,-127,-123
IQ:5,40,11,-124,132
IQ:6,48,11,144,93
IQ:7,56,11,75,-151
IQ:8,72,12,-14,108
IQ:9,80,255,83,-70
IQ:10,88,1,-120,-136
IQ:11,96,255,-84,133
IQ:12,104,2,240,42
IQ:13,112,255,-12,-350
IQ:14,120,10,-483,-324
IQ:15,128,255,-275,354
IQ:16,136,3,280,95
IQ:17,144,255,-56,-235
IQ:18,152,9,-460,246
IQ:19,160,255,200,447
IQ:20,168,4,312,-137
IQ:21,176,255,-80,-252
IQ:22,184,8,13,347
IQ:23,192,255,321,93
IQ:24,200,7,3,-235
IQ:25,208,255,-311,-50
IQ:26,216,6,-158,202
IQ:27,224,255,161,102
IQ:28,232,5,-13,-237
IQ:29,240,255,-274,-75
IQ:30,248,12,-113,39
IQ:31,256,255,103,46
IQ:32,264,1,43,-141
IQ:33,272,255,-166,8
IQ:34,280,2,78,219
IQ:35,288,255,261,-28
SW:2
RR:3
SS:3
FR:2480
ME:7
MA:195
KE:0
KA:355
DF_END

Data arrived...
DF_BEGIN
IQ:0,0,11,-152,98
IQ:1,8,11,124,130
IQ:2,16,11,118,-153
IQ:3,24,11,-175,-97
IQ:4,32,11,-79,173
IQ:5,40,11,170,61
IQ:6,48,11,43,-186
IQ:7,56,11,-194,-39
IQ:8,72,12,125,-45
IQ:9,80,255,-105,-90
IQ:10,88,1,-122,140
IQ:11,96,255,177,46
IQ:12,104,2,-1,-274
IQ:13,112,255,-374,30
IQ:14,120,10,-215,552
IQ:15,128,255,426,189
IQ:16,136,3,29,-348
IQ:17,144,255,-243,80
IQ:18,152,9,368,396
IQ:19,160,255,411,-304
IQ:20,168,4,-234,-327
IQ:21,176,255,-238,155
IQ:22,184,8,333,-119
IQ:23,192,255,22,-365
IQ:24,200,7,-251,6
IQ:25,208,255,-12,316
IQ:26,216,6,249,119
IQ:27,224,255,46,-232
IQ:28,232,5,-276,50
IQ:29,240,255,-27,303
IQ:30,248,12,93,80
IQ:31,256,255,14,-153
IQ:32,264,1,-183,-14
IQ:33,272,255,46,167
IQ:34,280,2,202,-174
IQ:35,288,255,-117,-315
SW:2
RR:3
SS:3
FR:2480
ME:353
MA:5
KE:0
KA:356
DF_END

Data arrived...
DF_BEGIN
IQ:0,0,11,207,30
IQ:1,8,11,12,-204
IQ:2,16,11,-220,-1
IQ:3,24,11,11,205
IQ:4,32,11,199,-52
IQ:5,40,11,-58,-198
IQ:6,48,11,-195,87
IQ:7,56,11,85,185
IQ:8,72,12,-179,-120
IQ:9,80,255,-71,273
IQ:10,88,1,250,94
IQ:11,96,255,20,-273
IQ:12,104,2,-428,70
IQ:13,112,255,29,521
IQ:14,120,10,441,256
IQ:15,128,255,178,-411
IQ:16,136,3,-399,-89
IQ:17,144,255,68,313
IQ:18,152,9,540,-376
IQ:19,160,255,-303,-523
IQ:20,168,4,-525,279
IQ:21,176,255,145,412
IQ:22,184,8,-72,-339
IQ:23,192,255,-373,-14
IQ:24,200,7,145,351
IQ:25,208,255,489,-48
IQ:26,216,6,206,-320
IQ:27,224,255,-303,-56
IQ:28,232,5,110,473
IQ:29,240,255,490,4
IQ:30,248,12,-32,-205
IQ:31,256,255,-281,69
IQ:32,264,1,52,261
IQ:33,272,255,244,-123
IQ:34,280,2,-292,-308
IQ:35,288,255,-371,220
SW:2
RR:3
SS:3
FR:2426
ME:356
MA:359
KE:359
KA:357
DF_END

Data arrived...
DF_BEGIN
IQ:0,0,11,-121,138
IQ:1,8,11,145,110
IQ:2,16,11,84,-158
IQ:3,24,11,-166,-73
IQ:4,32,11,-62,166
IQ:5,40,11,180,20
IQ:6,48,11,9,-184
IQ:7,56,11,-185,-4
IQ:8,72,12,158,-91
IQ:9,80,255,-83,-174
IQ:10,88,1,-140,104
IQ:11,96,255,118,153
IQ:12,104,2,169,-130
IQ:13,112,255,-123,-194
IQ:14,120,10,-123,10
IQ:15,128,255,40,119
IQ:16,136,3,138,-7
IQ:17,144,255,-83,-106
IQ:18,152,9,-183,161
IQ:19,160,255,155,162
IQ:20,168,4,159,-166
IQ:21,176,255,-139,-116
IQ:22,184,8,-31,213
IQ:23,192,255,218,37
IQ:24,200,7,17,-219
IQ:25,208,255,-215,-15
IQ:26,216,6,13,168
IQ:27,224,255,156,-85
IQ:28,232,5,-132,-267
IQ:29,240,255,-219,83
IQ:30,248,12,160,78
IQ:31,256,255,98,-177
IQ:32,264,1,-163,-67
IQ:33,272,255,-62,169
IQ:34,280,2,207,49
IQ:35,288,255,82,-208
SW:2
RR:3
SS:3
FR:2402
ME:5
MA:5
KE:0
KA:358
DF_END

Data arrived...
DF_BEGIN
IQ:0,0,11,127,161
IQ:1,8,11,135,-143
IQ:2,16,11,-151,-135
IQ:3,24,11,-102,180
IQ:4,32,11,189,92
IQ:5,40,11,83,-187
IQ:6,48,11,-198,-30
IQ:7,56,11,-22,198
IQ:8,72,12,-24,-150
IQ:9,80,255,-114,80
IQ:10,88,1,112,125
IQ:11,96,255,84,-133
IQ:12,104,2,-221,-31
IQ:13,112,255,-9,300
IQ:14,120,10,482,218
IQ:15,128,255,220,-384
IQ:16,136,3,-271,-96
IQ:17,144,255,38,210
IQ:18,152,9,344,-298
IQ:19,160,255,-249,-375
IQ:20,168,4,-336,139
IQ:21,176,255,64,265
IQ:22,184,8,-27,-260
IQ:23,192,255,-273,-76
IQ:24,200,7,-39,167
IQ:25,208,255,233,57
IQ:26,216,6,148,-187
IQ:27,224,255,-182,-94
IQ:28,232,5,-14,266
IQ:29,240,255,289,88
IQ:30,248,12,112,-88
IQ:31,256,255,-135,-42
IQ:32,264,1,-22,171
IQ:33,272,255,165,-20
IQ:34,280,2,-82,-210
IQ:35,288,255,-252,42
SW:2
RR:3
SS:3
FR:2480
ME:356
MA:356
KE:359
KA:357
DF_END

Data arrived...
DF_BEGIN
IQ:0,0,11,-153,-41
IQ:1,8,11,-34,150
IQ:2,16,11,146,9
IQ:3,24,11,-17,-155
IQ:4,32,11,-153,31
IQ:5,40,11,36,144
IQ:6,48,11,148,-57
IQ:7,56,11,-64,-134
IQ:8,72,12,68,84
IQ:9,80,255,34,-104
IQ:10,88,1,-143,-36
IQ:11,96,255,-3,129
IQ:12,104,2,161,-78
IQ:13,112,255,-141,-206
IQ:14,120,10,-402,117
IQ:15,128,255,51,336
IQ:16,136,3,223,-90
IQ:17,144,255,-125,-134
IQ:18,152,9,-136,334
IQ:19,160,255,318,156
IQ:20,168,4,165,-242
IQ:21,176,255,-162,-146
IQ:22,184,8,133,144
IQ:23,192,255,207,-93
IQ:24,200,7,-66,-139
IQ:25,208,255,-193,77
IQ:26,216,6,-23,195
IQ:27,224,255,157,-15
IQ:28,232,5,-115,-164
IQ:29,240,255,-226,77
IQ:30,248,12,-48,100
IQ:31,256,255,103,-26
IQ:32,264,1,-47,-132
IQ:33,272,255,-108,82
IQ:34,280,2,147,101
IQ:35,288,255,147,-156
SW:2
RR:3
SS:3
FR:2480
ME:353
MA:2
KE:359
KA:358
DF_END

Data arrived...
DF_BEGIN
IQ:0,0,11,189,-20
IQ:1,8,11,-47,-182
IQ:2,16,11,-173,29
IQ:3,24,11,70,164
IQ:4,32,11,153,-88
IQ:5,40,11,-98,-162
IQ:6,48,11,-136,108
IQ:7,56,11,137,116
IQ:8,72,12,-183,23
IQ:9,80,255,19,249
IQ:10,88,1,199,-11
IQ:11,96,255,-83,-222
IQ:12,104,2,-343,143
IQ:13,112,255,112,451
IQ:14,120,10,443,182
IQ:15,128,255,97,-369
IQ:16,136,3,-347,-59
IQ:17,144,255,119,255
IQ:18,152,9,442,-424
IQ:19,160,255,-352,-440
IQ:20,168,4,-453,347
IQ:21,176,255,226,376
IQ:22,184,8,-88,-270
IQ:23,192,255,-308,69
IQ:24,200,7,234,304
IQ:25,208,255,467,-122
IQ:26,216,6,116,-329
IQ:27,224,255,-284,7
IQ:28,232,5,194,462
IQ:29,240,255,465,-88
IQ:30,248,12,-107,-137
IQ:31,256,255,-223,140
IQ:32,264,1,123,149
IQ:33,272,255,146,-186
IQ:34,280,2,-316,-200
IQ:35,288,255,-270,266
SW:2
RR:3
SS:3
FR:2426
ME:359
MA:353
KE:359
KA:357
DF_END

Data arrived...
DF_BEGIN
IQ:0,0,11,-106,110
IQ:1,8,11,123,90
IQ:2,16,11,83,-123
IQ:3,24,11,-127,-72
IQ:4,32,11,-43,141
IQ:5,40,11,148,41
IQ:6,48,11,38,-148
IQ:7,56,11,-150,-22
IQ:8,72,12,144,-73
IQ:9,80,255,-62,-153
IQ:10,88,1,-118,67
IQ:11,96,255,83,131
IQ:12,104,2,146,-121
IQ:13,112,255,-75,-186
IQ:14,120,10,-86,-20
IQ:15,128,255,13,93
IQ:16,136,3,100,34
IQ:17,144,255,-44,-84
IQ:18,152,9,-175,110
IQ:19,160,255,103,156
IQ:20,168,4,173,-81
IQ:21,176,255,-77,-111
IQ:22,184,8,-59,174
IQ:23,192,255,169,62
IQ:24,200,7,23,-159
IQ:25,208,255,-165,-26
IQ:26,216,6,-13,135
IQ:27,224,255,148,-43
IQ:28,232,5,-78,-236
IQ:29,240,255,-197,46
IQ:30,248,12,133,87
IQ:31,256,255,109,-132
IQ:32,264,1,-124,-72
IQ:33,272,255,-70,133
IQ:34,280,2,183,74
IQ:35,288,255,75,-164
SW:2
RR:3
SS:3
FR:2402
ME:5
MA:5
KE:359
KA:358
DF_END

Data arrived...
DF_BEGIN
IQ:0,0,11,-182,14
IQ:1,8,11,11,181
IQ:2,16,11,160,-35
IQ:3,24,11,-65,-158
IQ:4,32,11,-176,86
IQ:5,40,11,89,154
IQ:6,48,11,114,-103
IQ:7,56,11,-116,-123
IQ:8,72,12,117,94
IQ:9,80,255,-38,-84
IQ:10,88,1,-190,77
IQ:11,96,255,100,141
IQ:12,104,2,110,-232
IQ:13,112,255,-350,-125
IQ:14,120,10,-439,435
IQ:15,128,255,308,370
IQ:16,136,3,156,-290
IQ:17,144,255,-279,-22
IQ:18,152,9,173,523
IQ:19,160,255,489,-85
IQ:20,168,4,-71,-376
IQ:21,176,255,-296,50
IQ:22,184,8,298,45
IQ:23,192,255,147,-277
IQ:24,200,7,-203,-52
IQ:25,208,255,-144,261
IQ:26,216,6,158,216
IQ:27,224,255,158,-133
IQ:28,232,5,-245,-63
IQ:29,240,255,-185,254
IQ:30,248,12,-42,145
IQ:31,256,255,63,-71
IQ:32,264,1,-168,-94
IQ:33,272,255,-39,172
IQ:34,280,2,263,-27
IQ:35,288,255,45,-299
SW:2
RR:3
SS:3
FR:2480
ME:7
MA:192
KE:0
KA:356
DF_END