DF_END

Data arrived...
DF_BEGIN
IQ:0,0,11,52,-194
IQ:1,8,11,-198,-65
IQ:2,16,11,-37,204
IQ:3,24,11,193,-3
IQ:4,32,11,-19,-222
IQ:5,40,11,-202,24
IQ:6,48,11,59,211
IQ:7,56,11,188,-61
IQ:8,72,12,-124,98
IQ:9,80,255,160,13
IQ:10,88,1,33,-223
IQ:11,96,255,-208,34
IQ:12,104,2,147,273
IQ:13,112,255,384,-244
IQ:14,120,10,3,-763
IQ:15,128,255,-592,-47
IQ:16,136,3,111,380
IQ:17,144,255,212,-220
IQ:18,152,9,-661,-212
IQ:19,160,255,-343,596
IQ:20,168,4,371,292
IQ:21,176,255,227,-267
IQ:22,184,8,-279,365
IQ:23,192,255,247,405
IQ:24,200,7,234,-101
IQ:25,208,255,-129,-323
IQ:26,216,6,-346,-47
IQ:27,224,255,4,260
IQ:28,232,5,300,-204
IQ:29,240,255,-119,-384
IQ:30,248,12,-130,-40
IQ:31,256,255,67,154
IQ:32,264,1,205,-84
IQ:33,272,255,-146,-163
IQ:34,280,2,-159,254
IQ:35,288,255,273,242
SW:2
RR:3
SS:3
FR:2480
ME:353
MA:5
KE:0
KA:357
DF_END

Data arrived...
DF_BEGIN
IQ:0,0,11,189,-17
IQ:1,8,11,-17,-193
IQ:2,16,11,-179,38
IQ:3,24,11,72,154
IQ:4,32,11,162,-89
IQ:5,40,11,-92,-154
IQ:6,48,11,-147,126
IQ:7,56,11,135,128
IQ:8,72,12,-131,-54
IQ:9,80,255,46,157
IQ:10,88,1,207,-50
IQ:11,96,255,-108,-179
IQ:12,104,2,-201,257
IQ:13,112,255,383,231
IQ:14,120,10,681,-320
IQ:15,128,255,-190,-531
IQ:16,136,3,-308,275
IQ:17,144,255,296,95
IQ:18,152,9,-79,-671
IQ:19,160,255,-669,-7
IQ:20,168,4,-117,511
IQ:21,176,255,347,117
IQ:22,184,8,-424,-114
IQ:23,192,255,-312,334
IQ:24,200,7,201,181
IQ:25,208,255,233,-266
IQ:26,216,6,-127,-319
IQ:27,224,255,-227,132
IQ:28,232,5,338,143
IQ:29,240,255,266,-299
IQ:30,248,12,-6,-137
IQ:31,256,255,-114,126
IQ:32,264,1,172,148
IQ:33,272,255,94,-170
IQ:34,280,2,-327,-47
IQ:35,288,255,-112,334
SW:2
RR:3
SS:3
FR:2480
ME:353
MA:5
KE:359
KA:358
DF_END

Data arrived...
DF_BEGIN
IQ:0,0,11,113,-12
IQ:1,8,11,-23,-98
IQ:2,16,11,-103,33
IQ:3,24,11,44,106
IQ:4,32,11,91,-67
IQ:5,40,11,-62,-92
IQ:6,48,11,-75,64
IQ:7,56,11,89,72
IQ:8,72,12,-109,1
IQ:9,80,255,36,179
IQ:10,88,1,97,8
IQ:11,96,255,-85,-111
IQ:12,104,2,-250,193
IQ:13,112,255,229,331
IQ:14,120,10,456,4
IQ:15,128,255,-43,-368
IQ:16,136,3,-428,110
IQ:17,144,255,145,262
IQ:18,152,9,223,-473
IQ:19,160,255,-477,-250
IQ:20,168,4,-285,486
IQ:21,176,255,327,285
IQ:22,184,8,-195,-95
IQ:23,192,255,-202,163
IQ:24,200,7,249,87
IQ:25,208,255,237,-254
IQ:26,216,6,2,-311
IQ:27,224,255,-218,99
IQ:28,232,5,316,279
IQ:29,240,255,360,-202
IQ:30,248,12,-41,-80
IQ:31,256,255,-137,125
IQ:32,264,1,53,87
IQ:33,272,255,50,-141
IQ:34,280,2,-318,-88
IQ:35,288,255,-168,264
SW:2
RR:3
SS:3
FR:2426
ME:356
MA:353
KE:359
KA:357
DF_END

Data arrived...
DF_BEGIN
IQ:0,0,11,39,165
IQ:1,8,11,154,-79
IQ:2,16,11,-89,-163
IQ:3,24,11,-149,94
IQ:4,32,11,110,130
IQ:5,40,11,112,-131
IQ:6,48,11,-132,-114
IQ:7,56,11,-101,138
IQ:8,72,12,21,-171
IQ:9,80,255,-180,-43
IQ:10,88,1,-23,161
IQ:11,96,255,181,0
IQ:12,104,2,-22,-207
IQ:13,112,255,-224,-17
IQ:14,120,10,-70,102
IQ:15,128,255,131,31
IQ:16,136,3,68,-149
IQ:17,144,255,-154,-13
IQ:18,152,9,4,232
IQ:19,160,255,223,-31
IQ:20,168,4,-35,-239
IQ:21,176,255,-193,47
IQ:22,184,8,146,157
IQ:23,192,255,147,-155
IQ:24,200,7,-192,-132
IQ:25,208,255,-138,171
IQ:26,216,6,135,104
IQ:27,224,255,36,-175
IQ:28,232,5,-296,-27
IQ:29,240,255,-44,247
IQ:30,248,12,163,-68
IQ:31,256,255,-57,-186
IQ:32,264,1,-142,71
IQ:33,272,255,83,155
IQ:34,280,2,179,-119
IQ:35,288,255,-119,-172
SW:2
RR:3
SS:3
FR:2402
ME:2
MA:359
KE:359
KA:357
DF_END

Data arrived...
DF_BEGIN
IQ:0,0,11,166,33
IQ:1,8,11,23,-172
IQ:2,16,11,-173,-7
IQ:3,24,11,18,167
IQ:4,32,11,170,-39
IQ:5,40,11,-53,-164
IQ:6,48,11,-157,64
IQ:7,56,11,87,149
IQ:8,72,12,-148,-92
IQ:9,80,255,-118,149
IQ:10,88,1,128,101
IQ:11,96,255,94,-149
IQ:12,104,2,-192,-99
IQ:13,112,255,-131,190
IQ:14,120,10,48,111
IQ:15,128,255,84,-92
IQ:16,136,3,-98,-122
IQ:17,144,255,-68,128
IQ:18,152,9,214,109
IQ:19,160,255,85,-199
IQ:20,168,4,-228,-64
IQ:21,176,255,-24,197
IQ:22,184,8,214,-58
IQ:23,192,255,-47,-216
IQ:24,200,7,-210,93
IQ:25,208,255,76,206
IQ:26,216,6,156,-70
IQ:27,224,255,-145,-102
IQ:28,232,5,-159,246
IQ:29,240,255,195,147
IQ:30,248,12,4,-178
IQ:31,256,255,-194,-32
IQ:32,264,1,-16,163
IQ:33,272,255,175,-11
IQ:34,280,2,-16,-221
IQ:35,288,255,-213,25
SW:2
RR:3
SS:3
FR:2402
ME:2
MA:5
KE:359
KA:358
DF_END

Data arrived...
DF_BEGIN
IQ:0,0,11,50,-158
IQ:1,8,11,-159,-49
IQ:2,16,11,-30,160
IQ:3,24,11,168,18
IQ:4,32,11,-14,-170
IQ:5,40,11,-163,30
IQ:6,48,11,46,162
IQ:7,56,11,152,-61
IQ:8,72,12,-118,103
IQ:9,80,255,151,66
IQ:10,88,1,78,-187
IQ:11,96,255,-187,-37
IQ:12,104,2,47,244
IQ:13,112,255,309,-89
IQ:14,120,10,52,-444
IQ:15,128,255,-346,-45
IQ:16,136,3,61,293
IQ:17,144,255,229,-121
IQ:18,152,9,-297,-262
IQ:19,160,255,-279,270
IQ:20,168,4,243,244
IQ:21,176,255,210,-194
IQ:22,184,8,-207,58
IQ:23,192,255,13,257
IQ:24,200,7,216,21
IQ:25,208,255,29,-256
IQ:26,216,6,-230,-77
IQ:27,224,255,-27,203
IQ:28,232,5,234,-86
IQ:29,240,255,-30,-281
IQ:30,248,12,-152,-41
IQ:31,256,255,39,156
IQ:32,264,1,190,-68
IQ:33,272,255,-85,-187
IQ:34,280,2,-208,155
IQ:35,288,255,134,237
SW:2
RR:3
SS:3
FR:2480
ME:356
MA:2
KE:359
KA:359
DF_END

Data arrived...
DF_BEGIN
IQ:0,0,11,57,82
IQ:1,8,11,58,-52
IQ:2,16,11,-51,-78
IQ:3,24,11,-107,34
IQ:4,32,11,26,66
IQ:5,40,11,105,-49
IQ:6,48,11,-82,-113
IQ:7,56,11,-38,122
IQ:8,72,12,-18,-103
IQ:9,80,255,-102,31
IQ:10,88,1,11,18
IQ:11,96,255,10,68
IQ:12,104,2,-75,-156
IQ:13,112,255,-301,96
IQ:14,120,10,-111,189
IQ:15,128,255,254,87
IQ:16,136,3,-22,-242
IQ:17,144,255,-290,62
IQ:18,152,9,277,206
IQ:19,160,255,225,-142
IQ:20,168,4,-297,-266
IQ:21,176,255,-268,105
IQ:22,184,8,130,-14
IQ:23,192,255,-21,-114
IQ:24,200,7,-201,102
IQ:25,208,255,164,237
IQ:26,216,6,231,95
IQ:27,224,255,0,-106
IQ:28,232,5,-236,38
IQ:29,240,255,45,210
IQ:30,248,12,98,38
IQ:31,256,255,-107,-168
IQ:32,264,1,-95,98
IQ:33,272,255,37,65
IQ:34,280,2,151,-150
IQ:35,288,255,-114,-187
SW:2
RR:3
SS:3
FR:2426
ME:356
MA:5
KE:358
KA:0
DF_END

Data arrived...
DF_BEGIN
IQ:0,0,11,-109,135
IQ:1,8,11,137,101
IQ:2,16,11,85,-152
IQ:3,24,11,-164,-75
IQ:4,32,11,-57,166
IQ:5,40,11,167,33
IQ:6,48,11,15,-173
IQ:7,56,11,-171,-10
IQ:8,72,12,96,-60
IQ:9,80,255,-138,-74
IQ:10,88,1,-103,155
IQ:11,96,255,180,60
IQ:12,104,2,2,-266
IQ:13,112,255,-381,24
IQ:14,120,10,-279,540
IQ:15,128,255,389,239
IQ:16,136,3,66,-292
IQ:17,144,255,-230,81
IQ:18,152,9,355,429
IQ:19,160,255,456,-268
IQ:20,168,4,-140,-345
IQ:21,176,255,-261,65
IQ:22,184,8,348,-123
IQ:23,192,255,32,-371
IQ:24,200,7,-201,-11
IQ:25,208,255,-32,281
IQ:26,216,6,221,169
IQ:27,224,255,98,-232
IQ:28,232,5,-292,-28
IQ:29,240,255,-76,305
IQ:30,248,12,105,67
IQ:31,256,255,6,-154
IQ:32,264,1,-188,4
IQ:33,272,255,41,178
IQ:34,280,2,229,-127
IQ:35,288,255,-100,-281
SW:2
RR:3
SS:3
FR:2480
ME:356
MA:359
KE:358
KA:0
DF_END

Data arrived...
DF_BEGIN
IQ:0,0,11,-161,28
IQ:1,8,11,36,152
IQ:2,16,11,148,-67
IQ:3,24,11,-75,-147
IQ:4,32,11,-143,89
IQ:5,40,11,97,127
IQ:6,48,11,120,-107
IQ:7,56,11,-127,-109
IQ:8,72,12,105,32
IQ:9,80,255,-27,-121
IQ:10,88,1,-160,49
IQ:11,96,255,83,123
IQ:12,104,2,133,-166
IQ:13,112,255,-262,-165
IQ:14,120,10,-458,237
IQ:15,128,255,137,380
IQ:16,136,3,213,-134
IQ:17,144,255,-169,-77
IQ:18,152,9,21,463
IQ:19,160,255,441,79
IQ:20,168,4,127,-290
IQ:21,176,255,-212,-77
IQ:22,184,8,281,101
IQ:23,192,255,215,-215
IQ:24,200,7,-125,-114
IQ:25,208,255,-175,155
IQ:26,216,6,63,222
IQ:27,224,255,179,-82
IQ:28,232,5,-174,-175
IQ:29,240,255,-217,138
IQ:30,248,12,36,101
IQ:31,256,255,92,-106
IQ:32,264,1,-119,-102
IQ:33,272,255,-63,145
IQ:34,280,2,213,27
IQ:35,288,255,91,-233
SW:2
RR:3
SS:3
FR:2480
ME:356
MA:359
KE:358
KA:0
DF_END

Data arrived...
DF_BEGIN
IQ:0,0,11,81,-135
IQ:1,8,11,-140,-58
IQ:2,16,11,-20,143
IQ:3,24,11,149,7
IQ:4,32,11,11,-141
IQ:5,40,11,-147,-10
IQ:6,48,11,-6,152
IQ:7,56,11,146,-32
IQ:8,72,12,-111,178
IQ:9,80,255,185,153
IQ:10,88,1,41,-151
IQ:11,96,255,-205,-104
IQ:12,104,2,-108,285
IQ:13,112,255,355,209
IQ:14,120,10,398,-77
IQ:15,128,255,-103,-321
IQ:16,136,3,-310,32
IQ:17,144,255,150,105
IQ:18,152,9,103,-556
IQ:19,160,255,-536,-159
IQ:20,168,4,-253,476
IQ:21,176,255,294,218
IQ:22,184,8,-262,-135
IQ:23,192,255,-197,236
IQ:24,200,7,373,71
IQ:25,208,255,232,-361
IQ:26,216,6,-87,-275
IQ:27,224,255,-173,174
IQ:28,232,5,396,247
IQ:29,240,255,278,-273
IQ:30,248,12,-213,20
IQ:31,256,255,-59,237
IQ:32,264,1,152,-36
IQ:33,272,255,-58,-229
IQ:34,280,2,-315,59
IQ:35,288,255,-10,314
SW:2
RR:3
SS:3
FR:2426
ME:359
MA:353
KE:358
KA:359
DF_END

Data arrived...
DF_BEGIN
IQ:0,0,11,-105,-131
IQ:1,8,11,-111,118
IQ:2,16,11,119,103
IQ:3,24,11,94,-133
IQ:4,32,11,-144,-71
IQ:5,40,11,-61,152
IQ:6,48,11,154,40
IQ:7,56,11,28,-163
IQ:8,72,12,56,147
IQ:9,80,255,154,-50
IQ:10,88,1,-57,-126
IQ:11,96,255,-142,64
IQ:12,104,2,80,153
IQ:13,112,255,180,-68
IQ:14,120,10,5,-124
IQ:15,128,255,-121,17
IQ:16,136,3,-6,135
IQ:17,144,255,113,-52
IQ:18,152,9,-103,-180
IQ:19,160,255,-158,116
IQ:20,168,4,122,170
IQ:21,176,255,129,-108
IQ:22,184,8,-171,-80
IQ:23,192,255,-58,168
IQ:24,200,7,181,26
IQ:25,208,255,25,-176
IQ:26,216,6,-160,-20
IQ:27,224,255,28,150
IQ:28,232,5,217,-60
IQ:29,240,255,-34,-184
IQ:30,248,12,-97,124
IQ:31,256,255,108,123
IQ:32,264,1,82,-99
IQ:33,272,255,-126,-83
IQ:34,280,2,-82,147
IQ:35,288,255,153,80
SW:2
RR:3
SS:3
FR:2402
ME:5
MA:5
KE:358
KA:0
DF_END

Data arrived...
DF_BEGIN
IQ:0,0,11,8,-194
IQ:1,8,11,-192,28
IQ:2,16,11,47,199
IQ:3,24,11,191,-41
IQ:4,32,11,-63,-186
IQ:5,40,11,-177,68
IQ:6,48,11,82,176
IQ:7,56,11,162,-110
IQ:8,72,12,-92,170
IQ:9,80,255,174,107
IQ:10,88,1,75,-156
IQ:11,96,255,-182,-68
IQ:12,104,2,-56,217
IQ:13,112,255,216,100
IQ:14,120,10,113,-78
IQ:15,128,255,-120,-77
IQ:16,136,3,-111,104
IQ:17,144,255,145,36
IQ:18,152,9,69,-249
IQ:19,160,255,-234,-56
IQ:20,168,4,-48,249
IQ:21,176,255,207,9
IQ:22,184,8,-80,-232
IQ:23,192,255,-219,83
IQ:24,200,7,130,199
IQ:25,208,255,207,-114
IQ:26,216,6,-110,-154
IQ:27,224,255,-115,154
IQ:28,232,5,246,143
IQ:29,240,255,127,-205
IQ:30,248,12,-192,17
IQ:31,256,255,-18,201
IQ:32,264,1,165,-8
IQ:33,272,255,-26,-189
IQ:34,280,2,-219,46
IQ:35,288,255,49,212
SW:2
RR:3
SS:3
FR:2402
ME:2
MA:353
KE:358
KA:359
DF_END

Data arrived...
DF_BEGIN
IQ:0,0,11,65,-168
IQ:1,8,11,-183,-59
IQ:2,16,11,-16,175
IQ:3,24,11,175,-11
IQ:4,32,11,-22,-182
IQ:5,40,11,-185,28
IQ:6,48,11,52,172
IQ:7,56,11,170,-79
IQ:8,72,12,-83,64
IQ:9,80,255,133,5
IQ:10,88,1,50,-176
IQ:11,96,255,-168,22
IQ:12,104,2,96,222
IQ:13,112,255,277,-201
IQ:14,120,10,-106,-588
IQ:15,128,255,-473,35
IQ:16,136,3,128,303
IQ:17,144,255,186,-166
IQ:18,152,9,-478,-131
IQ:19,160,255,-182,443
IQ:20,168,4,364,199
IQ:21,176,255,195,-250
IQ:22,184,8,-169,191
IQ:23,192,255,162,250
IQ:24,200,7,190,-92
IQ:25,208,255,-90,-254
IQ:26,216,6,-270,-4
IQ:27,224,255,39,207
IQ:28,232,5,207,-198
IQ:29,240,255,-135,-284
IQ:30,248,12,-110,-49
IQ:31,256,255,51,122
IQ:32,264,1,164,-59
IQ:33,272,255,-111,-131
IQ:34,280,2,-121,203
IQ:35,288,255,209,192
SW:2
RR:3
SS:3
FR:2480
ME:353
MA:5
KE:358
KA:0
DF_END

Data arrived...
DF_BEGIN
IQ:0,0,11,-52,-126
IQ:1,8,11,-144,53
IQ:2,16,11,78,128
IQ:3,24,11,123,-105
IQ:4,32,11,-86,-111
IQ:5,40,11,-92,101
IQ:6,48,11,126,111
IQ:7,56,11,97,-132
IQ:8,72,12,-2,128
IQ:9,80,255,210,-9
IQ:10,88,1,45,-117
IQ:11,96,255,-175,63
IQ:12,104,2,120,292
IQ:13,112,255,379,-161
IQ:14,120,10,150,-476
IQ:15,128,255,-383,-36
IQ:16,136,3,-43,456
IQ:17,144,255,299,-77
IQ:18,152,9,-426,-363
IQ:19,160,255,-349,416
IQ:20,168,4,466,456
IQ:21,176,255,429,-270
IQ:22,184,8,-224,84
IQ:23,192,255,55,279
IQ:24,200,7,269,-215
IQ:25,208,255,-199,-380
IQ:26,216,6,-345,-137
IQ:27,224,255,3,284
IQ:28,232,5,414,-214
IQ:29,240,255,-65,-418
IQ:30,248,12,-101,87
IQ:31,256,255,142,181
IQ:32,264,1,128,-46
IQ:33,272,255,-140,-110
IQ:34,280,2,-188,265
IQ:35,288,255,239,201
SW:2
RR:3
SS:3
FR:2426
ME:356
MA:356
KE:358
KA:359
DF_END

Data arrived...
DF_BEGIN
IQ:0,0,11,-42,-123
IQ:1,8,11,-119,55
IQ:2,16,11,68,104
IQ:3,24,11,107,-76
IQ:4,32,11,-73,-109
IQ:5,40,11,-90,85
IQ:6,48,11,96,87
IQ:7,56,11,65,-107
IQ:8,72,12,52,90
IQ:9,80,255,179,-25
IQ:10,88,1,12,-85
IQ:11,96,255,-118,72
IQ:12,104,2,151,206
IQ:13,112,255,350,-169
IQ:14,120,10,82,-406
IQ:15,128,255,-358,-8
IQ:16,136,3,-24,408
IQ:17,144,255,257,-82
IQ:18,152,9,-445,-290
IQ:19,160,255,-303,405
IQ:20,168,4,458,403
IQ:21,176,255,376,-232
IQ:22,184,8,-133,143
IQ:23,192,255,112,225
IQ:24,200,7,203,-237
IQ:25,208,255,-234,-322
IQ:26,216,6,-325,-52
IQ:27,224,255,46,224
IQ:28,232,5,330,-267
IQ:29,240,255,-160,-379
IQ:30,248,12,-56,90
IQ:31,256,255,125,138
IQ:32,264,1,73,-36
IQ:33,272,255,-131,-60
IQ:34,280,2,-143,233
IQ:35,288,255,203,186
SW:2
RR:3
SS:3
FR:2426
ME:356
MA:353
KE:357
KA:358
DF_END

Data arrived...
DF_BEGIN
IQ:0,0,11,138,84
IQ:1,8,11,49,-151
IQ:2,16,11,-162,-33
IQ:3,24,11,-29,160
IQ:4,32,11,165,3
IQ:5,40,11,-7,-161
IQ:6,48,11,-164,29
IQ:7,56,11,37,163
IQ:8,72,12,-108,-126
IQ:9,80,255,-138,97
IQ:10,88,1,96,92
IQ:11,96,255,104,-119
IQ:12,104,2,-147,-107
IQ:13,112,255,-163,127
IQ:14,120,10,2,124
IQ:15,128,255,116,-60
IQ:16,136,3,-20,-161
IQ:17,144,255,-111,82
IQ:18,152,9,159,155
IQ:19,160,255,106,-180
IQ:20,168,4,-211,-144
IQ:21,176,255,-109,155
IQ:22,184,8,205,-6
IQ:23,192,255,-2,-205
IQ:24,200,7,-204,14
IQ:25,208,255,19,198
IQ:26,216,6,153,-33
IQ:27,224,255,-88,-143
IQ:28,232,5,-200,175
IQ:29,240,255,132,180
IQ:30,248,12,11,-155
IQ:31,256,255,-165,-51
IQ:32,264,1,-47,128
IQ:33,272,255,149,38
IQ:34,280,2,22,-182
IQ:35,288,255,-186,-19
SW:2
RR:3
SS:3
FR:2402
ME:5
MA:5
KE:358
KA:359
DF_END

Data arrived...
DF_BEGIN
IQ:0,0,11,-122,-155
IQ:1,8,11,-165,131
IQ:2,16,11,147,128
IQ:3,24,11,121,-169
IQ:4,32,11,-186,-120
IQ:5,40,11,-93,183
IQ:6,48,11,189,64
IQ:7,56,11,37,-200
IQ:8,72,12,-5,92
IQ:9,80,255,45,-106
IQ:10,88,1,-148,-94
IQ:11,96,255,-34,177
IQ:12,104,2,253,-20
IQ:13,112,255,-102,-409
IQ:14,120,10,-710,-232
IQ:15,128,255,-247,514
IQ:16,136,3,365,69
IQ:17,144,255,-91,-235
IQ:18,152,9,-428,484
IQ:19,160,255,391,458
IQ:20,168,4,437,-237
IQ:21,176,255,-108,-327
IQ:22,184,8,205,319
IQ:23,192,255,370,-50
IQ:24,200,7,-33,-224
IQ:25,208,255,-313,-16
IQ:26,216,6,-139,258
IQ:27,224,255,245,83
IQ:28,232,5,-66,-349
IQ:29,240,255,-377,-23
IQ:30,248,12,-83,47
IQ:31,256,255,125,-12
IQ:32,264,1,-4,-169
IQ:33,272,255,-169,53
IQ:34,280,2,138,239
IQ:35,288,255,304,-116
SW:2
RR:3
SS:3
FR:2480
ME:7
MA:189
KE:359
KA:358
DF_END

Data arrived...
DF_BEGIN
IQ:0,0,11,91,-42
IQ:1,8,11,-72,-96
IQ:2,16,11,-91,84
IQ:3,24,11,89,67
IQ:4,32,11,44,-92
IQ:5,40,11,-104,-36
IQ:6,48,11,-55,116
IQ:7,56,11,103,26
IQ:8,72,12,-102,112
IQ:9,80,255,72,169
IQ:10,88,1,42,-79
IQ:11,96,255,-134,-119
IQ:12,104,2,-180,151
IQ:13,112,255,153,297
IQ:14,120,10,324,145
IQ:15,128,255,57,-314
IQ:16,136,3,-327,-155
IQ:17,144,255,-12,171
IQ:18,152,9,295,-389
IQ:19,160,255,-384,-344
IQ:20,168,4,-493,301
IQ:21,176,255,98,363
IQ:22,184,8,-188,-144
IQ:23,192,255,-209,130
IQ:24,200,7,250,209
IQ:25,208,255,336,-184
IQ:26,216,6,92,-264
IQ:27,224,255,-209,20
IQ:28,232,5,227,340
IQ:29,240,255,357,-109
IQ:30,248,12,-155,-28
IQ:31,256,255,-107,150
IQ:32,264,1,83,3
IQ:33,272,255,14,-162
IQ:34,280,2,-211,-80
IQ:35,288,255,-121,198
SW:2
RR:3
SS:3
FR:2426
ME:5
MA:5
KE:359
KA:359
DF_END

Data arrived...
DF_BEGIN
IQ:0,0,11,-170,-36
IQ:1,8,11,-19,172
IQ:2,16,11,168,13
IQ:3,24,11,-17,-170
IQ:4,32,11,-175,21
IQ:5,40,11,32,161
IQ:6,48,11,159,-56
IQ:7,56,11,-65,-156
IQ:8,72,12,134,100
IQ:9,80,255,122,-129
IQ:10,88,1,-120,-71
IQ:11,96,255,-81,138
IQ:12,104,2,168,81
IQ:13,112,255,133,-157
IQ:14,120,10,-41,-116
IQ:15,128,255,-105,73
IQ:16,136,3,31,139
IQ:17,144,255,71,-90
IQ:18,152,9,-198,-110
IQ:19,160,255,-92,191
IQ:20,168,4,208,101
IQ:21,176,255,76,-163
IQ:22,184,8,-198,38
IQ:23,192,255,48,193
IQ:24,200,7,183,-65
IQ:25,208,255,-62,-186
IQ:26,216,6,-154,53
IQ:27,224,255,109,110
IQ:28,232,5,174,-210
IQ:29,240,255,-144,-161
IQ:30,248,12,-7,162
IQ:31,256,255,180,33
IQ:32,264,1,2,-140
IQ:33,272,255,-162,4
IQ:34,280,2,4,170
IQ:35,288,255,179,-23
SW:2
RR:3
SS:3
FR:2402
ME:2
MA:353
KE:0
KA:358
DF_END

Data arrived...
DF_BEGIN
IQ:0,0,11,135,-81
IQ:1,8,11,-88,-127
IQ:2,16,11,-127,93
IQ:3,24,11,115,104
IQ:4,32,11,87,-130
IQ:5,40,11,-132,-83
IQ:6,48,11,-76,144
IQ:7,56,11,137,66
IQ:8,72,12,-100,14
IQ:9,80,255,80,90
IQ:10,88,1,118,-103
IQ:11,96,255,-130,-93
IQ:12,104,2,-56,199
IQ:13,112,255,303,61
IQ:14,120,10,363,-372
IQ:15,128,255,-247,-312
IQ:16,136,3,-140,215
IQ:17,144,255,215,7
IQ:18,152,9,-136,-438
IQ:19,160,255,-419,103
IQ:20,168,4,6,327
IQ:21,176,255,226,20
IQ:22,184,8,-291,-27
IQ:23,192,255,-125,258
IQ:24,200,7,169,69
IQ:25,208,255,110,-220
IQ:26,216,6,-143,-179
IQ:27,224,255,-120,152
IQ:28,232,5,244,60
IQ:29,240,255,130,-234
IQ:30,248,12,-60,-75
IQ:31,256,255,-28,131
IQ:32,264,1,143,23
IQ:33,272,255,8,-162
IQ:34,280,2,-198,37
IQ:35,288,255,11,240
SW:2
RR:3
SS:3
FR:2480
ME:356
MA:5
KE:359
KA:358
DF_END

Data arrived...
DF_BEGIN
IQ:0,0,11,143,-93
IQ:1,8,11,-95,-163
IQ:2,16,11,-138,115
IQ:3,24,11,127,119
IQ:4,32,11,121,-131
IQ:5,40,11,-144,-96
IQ:6,48,11,-80,164
IQ:7,56,11,166,56
IQ:8,72,12,-101,32
IQ:9,80,255,99,107
IQ:10,88,1,119,-125
IQ:11,96,255,-162,-90
IQ:12,104,2,-41,243
IQ:13,112,255,372,12
IQ:14,120,10,408,-494
IQ:15,128,255,-319,-360
IQ:16,136,3,-156,275
IQ:17,144,255,243,-8
IQ:18,152,9,-233,-521
IQ:19,160,255,-521,144
IQ:20,168,4,52,379
IQ:21,176,255,278,-32
IQ:22,184,8,-341,29
IQ:23,192,255,-93,353
IQ:24,200,7,203,60
IQ:25,208,255,111,-275
IQ:26,216,6,-186,-207
IQ:27,224,255,-132,192
IQ:28,232,5,309,68
IQ:29,240,255,138,-296
IQ:30,248,12,-68,-65
IQ:31,256,255,-6,152
IQ:32,264,1,179,5
IQ:33,272,255,-31,-183
IQ:34,280,2,-227,85
IQ:35,288,255,40,288
SW:2
RR:3
SS:3
FR:2480
ME:356
MA:5
KE:359
KA:359
DF_END

Data arrived...