IQ:24,200,7,-167,103
IQ:25,208,255,118,138
IQ:26,216,6,116,-139
IQ:27,224,255,-181,-91
IQ:28,232,5,-126,220
IQ:29,240,255,218,106
IQ:30,248,12,90,-200
IQ:31,256,255,-183,-60
IQ:32,264,1,17,222
IQ:33,272,255,206,-12
IQ:34,280,2,-88,-182
IQ:35,288,255,-214,86
SW:2
RR:3
SS:3
FR:2426
ME:2
MA:353
KE:4
KA:329
DF_END

Data arrived...
DF_BEGIN
IQ:0,0,11,131,-101
IQ:1,8,11,-115,-120
IQ:2,16,11,-112,123
IQ:3,24,11,129,104
IQ:4,32,11,86,-137
IQ:5,40,11,-145,-75
IQ:6,48,11,-66,153
IQ:7,56,11,157,48
IQ:8,72,12,-205,-13
IQ:9,80,255,37,188
IQ:10,88,1,242,-81
IQ:11,96,255,-62,-210
IQ:12,104,2,-156,159
IQ:13,112,255,136,182
IQ:14,120,10,126,-66
IQ:15,128,255,-96,-96
IQ:16,136,3,-83,183
IQ:17,144,255,187,91
IQ:18,152,9,82,-126
IQ:19,160,255,-166,-31
IQ:20,168,4,-80,259
IQ:21,176,255,206,110
IQ:22,184,8,34,-158
IQ:23,192,255,-166,-19
IQ:24,200,7,0,152
IQ:25,208,255,165,-13
IQ:26,216,6,-17,-173
IQ:27,224,255,-175,86
IQ:28,232,5,105,255
IQ:29,240,255,239,-78
IQ:30,248,12,-84,-181
IQ:31,256,255,-157,129
IQ:32,264,1,166,198
IQ:33,272,255,152,-143
IQ:34,280,2,-213,-44
IQ:35,288,255,-76,221
SW:2
RR:3
SS:3
FR:2402
ME:359
MA:5
KE:3
KA:332
DF_END

Data arrived...
DF_BEGIN
IQ:0,0,11,-131,67
IQ:1,8,11,79,121
IQ:2,16,11,110,-101
IQ:3,24,11,-118,-95
IQ:4,32,11,-104,118
IQ:5,40,11,117,95
IQ:6,48,11,64,-131
IQ:7,56,11,-147,-48
IQ:8,72,12,135,-34
IQ:9,80,255,-28,-117
IQ:10,88,1,-106,54
IQ:11,96,255,47,98
IQ:12,104,2,42,-50
IQ:13,112,255,-79,-84
IQ:14,120,10,-137,-38
IQ:15,128,255,-19,65
IQ:16,136,3,9,-99
IQ:17,144,255,-98,-44
IQ:18,152,9,-40,30
IQ:19,160,255,59,-7
IQ:20,168,4,-2,-161
IQ:21,176,255,-142,-39
IQ:22,184,8,-52,18
IQ:23,192,255,47,26
IQ:24,200,7,76,-57
IQ:25,208,255,-39,-31
IQ:26,216,6,33,84
IQ:27,224,255,84,-63
IQ:28,232,5,-87,-151
IQ:29,240,255,-132,78
IQ:30,248,12,95,102
IQ:31,256,255,99,-80
IQ:32,264,1,-101,-66
IQ:33,272,255,-63,92
IQ:34,280,2,70,8
IQ:35,288,255,5,-116
SW:2
RR:3
SS:3
FR:2480
ME:10
MA:293
KE:4
KA:328
DF_END

Data arrived...
DF_BEGIN
IQ:0,0,11,189,-3
IQ:1,8,11,-31,-185
IQ:2,16,11,-190,62
IQ:3,24,11,63,186
IQ:4,32,11,178,-74
IQ:5,40,11,-100,-173
IQ:6,48,11,-155,112
IQ:7,56,11,133,140
IQ:8,72,12,-185,-116
IQ:9,80,255,-83,167
IQ:10,88,1,224,29
IQ:11,96,255,24,-194
IQ:12,104,2,-180,74
IQ:13,112,255,62,216
IQ:14,120,10,180,10
IQ:15,128,255,-32,-141
IQ:16,136,3,-152,141
IQ:17,144,255,121,178
IQ:18,152,9,130,-67
IQ:19,160,255,-113,-116
IQ:20,168,4,-164,164
IQ:21,176,255,143,168
IQ:22,184,8,118,-98
IQ:23,192,255,-138,-100
IQ:24,200,7,-131,145
IQ:25,208,255,143,105
IQ:26,216,6,60,-176
IQ:27,224,255,-191,-13
IQ:28,232,5,-28,248
IQ:29,240,255,239,13
IQ:30,248,12,0,-213
IQ:31,256,255,-185,31
IQ:32,264,1,95,205
IQ:33,272,255,189,-84
IQ:34,280,2,-146,-136
IQ:35,288,255,-166,148
SW:2
RR:3
SS:3
FR:2426
ME:2
MA:353
KE:4
KA:330
DF_END

Data arrived...
DF_BEGIN
IQ:0,0,11,191,-31
IQ:1,8,11,-51,-187
IQ:2,16,11,-193,57
IQ:3,24,11,69,174
IQ:4,32,11,167,-95
IQ:5,40,11,-107,-170
IQ:6,48,11,-161,111
IQ:7,56,11,127,146
IQ:8,72,12,-191,-115
IQ:9,80,255,-72,171
IQ:10,88,1,225,19
IQ:11,96,255,20,-202
IQ:12,104,2,-185,75
IQ:13,112,255,56,210
IQ:14,120,10,175,-11
IQ:15,128,255,-29,-142
IQ:16,136,3,-134,157
IQ:17,144,255,142,166
IQ:18,152,9,133,-64
IQ:19,160,255,-112,-107
IQ:20,168,4,-146,179
IQ:21,176,255,164,149
IQ:22,184,8,103,-110
IQ:23,192,255,-144,-81
IQ:24,200,7,-110,155
IQ:25,208,255,158,87
IQ:26,216,6,56,-174
IQ:27,224,255,-192,-16
IQ:28,232,5,-3,241
IQ:29,240,255,236,-4
IQ:30,248,12,3,-224
IQ:31,256,255,-184,25
IQ:32,264,1,102,197
IQ:33,272,255,181,-92
IQ:34,280,2,-156,-119
IQ:35,288,255,-148,174
SW:2
RR:3
SS:3
FR:2426
ME:2
MA:353
KE:3
KA:333
DF_END

Data arrived...
DF_BEGIN
IQ:0,0,11,-25,165
IQ:1,8,11,164,3
IQ:2,16,11,-15,-160
IQ:3,24,11,-163,31
IQ:4,32,11,53,150
IQ:5,40,11,148,-71
IQ:6,48,11,-70,-145
IQ:7,56,11,-140,83
IQ:8,72,12,141,-144
IQ:9,80,255,-166,-109
IQ:10,88,1,-122,233
IQ:11,96,255,192,93
IQ:12,104,2,-29,-220
IQ:13,112,255,-229,5
IQ:14,120,10,-28,134
IQ:15,128,255,131,-17
IQ:16,136,3,-97,-179
IQ:17,144,255,-196,80
IQ:18,152,9,40,152
IQ:19,160,255,128,-103
IQ:20,168,4,-166,-221
IQ:21,176,255,-212,104
IQ:22,184,8,107,115
IQ:23,192,255,112,-131
IQ:24,200,7,-115,-108
IQ:25,208,255,-84,132
IQ:26,216,6,159,91
IQ:27,224,255,63,-188
IQ:28,232,5,-254,-94
IQ:29,240,255,-88,229
IQ:30,248,12,191,60
IQ:31,256,255,22,-194
IQ:32,264,1,-259,-4
IQ:33,272,255,15,201
IQ:34,280,2,167,-137
IQ:35,288,255,-120,-211
SW:2
RR:3
SS:3
FR:2402
ME:2
MA:353
KE:3
KA:335
DF_END

Data arrived...
DF_BEGIN
IQ:0,0,11,-137,79
IQ:1,8,11,77,126
IQ:2,16,11,109,-92
IQ:3,24,11,-108,-104
IQ:4,32,11,-98,118
IQ:5,40,11,130,70
IQ:6,48,11,52,-139
IQ:7,56,11,-150,-42
IQ:8,72,12,131,-47
IQ:9,80,255,-32,-115
IQ:10,88,1,-109,58
IQ:11,96,255,50,94
IQ:12,104,2,35,-53
IQ:13,112,255,-87,-69
IQ:14,120,10,-147,-10
IQ:15,128,255,-16,74
IQ:16,136,3,4,-97
IQ:17,144,255,-98,-41
IQ:18,152,9,-39,36
IQ:19,160,255,58,-9
IQ:20,168,4,-5,-146
IQ:21,176,255,-145,-35
IQ:22,184,8,-56,20
IQ:23,192,255,57,30
IQ:24,200,7,76,-61
IQ:25,208,255,-39,-29
IQ:26,216,6,28,84
IQ:27,224,255,78,-71
IQ:28,232,5,-111,-142
IQ:29,240,255,-134,85
IQ:30,248,12,87,102
IQ:31,256,255,89,-87
IQ:32,264,1,-101,-51
IQ:33,272,255,-62,100
IQ:34,280,2,66,11
IQ:35,288,255,12,-113
SW:2
RR:3
SS:3
FR:2480
ME:7
MA:310
KE:4
KA:332
DF_END

Data arrived...
DF_BEGIN
IQ:0,0,11,121,182
IQ:1,8,11,151,-159
IQ:2,16,11,-152,-91
IQ:3,24,11,-127,182
IQ:4,32,11,159,109
IQ:5,40,11,68,-166
IQ:6,48,11,-168,-96
IQ:7,56,11,-59,218
IQ:8,72,12,-16,-207
IQ:9,80,255,-163,9
IQ:10,88,1,72,220
IQ:11,96,255,197,-118
IQ:12,104,2,-146,-111
IQ:13,112,255,-133,168
IQ:14,120,10,111,162
IQ:15,128,255,118,-95
IQ:16,136,3,-242,-20
IQ:17,144,255,-46,211
IQ:18,152,9,97,66
IQ:19,160,255,15,-158
IQ:20,168,4,-197,-20
IQ:21,176,255,-75,198
IQ:22,184,8,172,44
IQ:23,192,255,-41,-188
IQ:24,200,7,-206,-22
IQ:25,208,255,1,161
IQ:26,216,6,199,-17
IQ:27,224,255,-83,-145
IQ:28,232,5,-230,98
IQ:29,240,255,121,235
IQ:30,248,12,191,-86
IQ:31,256,255,-111,-124
IQ:32,264,1,-136,148
IQ:33,272,255,174,78
IQ:34,280,2,12,-215
IQ:35,288,255,-232,4
SW:2
RR:3
SS:3
FR:2426
ME:2
MA:353
KE:3
KA:335
DF_END

Data arrived...
DF_BEGIN
IQ:0,0,11,141,77
IQ:1,8,11,65,-146
IQ:2,16,11,-163,-52
IQ:3,24,11,-47,156
IQ:4,32,11,161,28
IQ:5,40,11,7,-159
IQ:6,48,11,-162,0
IQ:7,56,11,9,157
IQ:8,72,12,-83,-182
IQ:9,80,255,-164,106
IQ:10,88,1,163,197
IQ:11,96,255,168,-132
IQ:12,104,2,-204,-49
IQ:13,112,255,-93,211
IQ:14,120,10,98,91
IQ:15,128,255,38,-119
IQ:16,136,3,-201,9
IQ:17,144,255,-22,206
IQ:18,152,9,150,27
IQ:19,160,255,-27,-162
IQ:20,168,4,-256,49
IQ:21,176,255,12,232
IQ:22,184,8,142,-59
IQ:23,192,255,-66,-161
IQ:24,200,7,-144,43
IQ:25,208,255,75,132
IQ:26,216,6,143,-91
IQ:27,224,255,-152,-129
IQ:28,232,5,-205,191
IQ:29,240,255,161,179
IQ:30,248,12,123,-160
IQ:31,256,255,-173,-88
IQ:32,264,1,-105,241
IQ:33,272,255,192,81
IQ:34,280,2,-20,-218
IQ:35,288,255,-226,10
SW:2
RR:3
SS:3
FR:2402
ME:359
MA:5
KE:3
KA:338
DF_END

Data arrived...
DF_BEGIN
IQ:0,0,11,165,-20
IQ:1,8,11,-24,-160
IQ:2,16,11,-156,35
IQ:3,24,11,51,151
IQ:4,32,11,150,-66
IQ:5,40,11,-89,-131
IQ:6,48,11,-124,96
IQ:7,56,11,110,117
IQ:8,72,12,-168,-108
IQ:9,80,255,-65,178
IQ:10,88,1,241,73
IQ:11,96,255,62,-201
IQ:12,104,2,-203,71
IQ:13,112,255,46,216
IQ:14,120,10,137,-3
IQ:15,128,255,-57,-122
IQ:16,136,3,-158,134
IQ:17,144,255,96,188
IQ:18,152,9,136,-60
IQ:19,160,255,-118,-117
IQ:20,168,4,-195,182
IQ:21,176,255,136,186
IQ:22,184,8,101,-118
IQ:23,192,255,-143,-102
IQ:24,200,7,-90,121
IQ:25,208,255,141,66
IQ:26,216,6,72,-161
IQ:27,224,255,-191,-31
IQ:28,232,5,-52,267
IQ:29,240,255,237,50
IQ:30,248,12,8,-193
IQ:31,256,255,-193,22
IQ:32,264,1,61,243
IQ:33,272,255,199,-69
IQ:34,280,2,-169,-139
IQ:35,288,255,-164,164
SW:2
RR:3
SS:3
FR:2402
ME:2
MA:353
KE:3
KA:340
DF_END

Data arrived...
DF_BEGIN
IQ:0,0,11,-150,-32
IQ:1,8,11,-22,150
IQ:2,16,11,152,14
IQ:3,24,11,-4,-152
IQ:4,32,11,-154,15
IQ:5,40,11,34,147
IQ:6,48,11,146,-39
IQ:7,56,11,-54,-142
IQ:8,72,12,113,138
IQ:9,80,255,118,-141
IQ:10,88,1,-175,-165
IQ:11,96,255,-121,153
IQ:12,104,2,214,23
IQ:13,112,255,54,-213
IQ:14,120,10,-116,-47
IQ:15,128,255,-1,117
IQ:16,136,3,199,-58
IQ:17,144,255,-26,-197
IQ:18,152,9,-149,14
IQ:19,160,255,64,147
IQ:20,168,4,237,-96
IQ:21,176,255,-55,-224
IQ:22,184,8,-132,68
IQ:23,192,255,94,130
IQ:24,200,7,112,-77
IQ:25,208,255,-108,-96
IQ:26,216,6,-111,123
IQ:27,224,255,164,95
IQ:28,232,5,170,-211
IQ:29,240,255,-171,-144
IQ:30,248,12,-75,161
IQ:31,256,255,175,40
IQ:32,264,1,50,-241
IQ:33,272,255,-191,-38
IQ:34,280,2,83,196
IQ:35,288,255,213,-73
SW:2
RR:3
SS:3
FR:2402
ME:359
MA:5
KE:2
KA:343
DF_END

Data arrived...
DF_BEGIN
IQ:0,0,11,-151,76
IQ:1,8,11,85,149
IQ:2,16,11,130,-97
IQ:3,24,11,-122,-109
IQ:4,32,11,-105,132
IQ:5,40,11,131,95
IQ:6,48,11,72,-151
IQ:7,56,11,-157,-66
IQ:8,72,12,165,-39
IQ:9,80,255,-21,-146
IQ:10,88,1,-121,58
IQ:11,96,255,44,116
IQ:12,104,2,49,-59
IQ:13,112,255,-100,-78
IQ:14,120,10,-163,-14
IQ:15,128,255,-8,84
IQ:16,136,3,15,-111
IQ:17,144,255,-111,-63
IQ:18,152,9,-58,36
IQ:19,160,255,67,0
IQ:20,168,4,4,-167
IQ:21,176,255,-153,-51
IQ:22,184,8,-68,27
IQ:23,192,255,63,20
IQ:24,200,7,65,-90
IQ:25,208,255,-62,-39
IQ:26,216,6,30,98
IQ:27,224,255,106,-67
IQ:28,232,5,-86,-164
IQ:29,240,255,-141,91
IQ:30,248,12,105,125
IQ:31,256,255,118,-88
IQ:32,264,1,-109,-72
IQ:33,272,255,-65,100
IQ:34,280,2,78,10
IQ:35,288,255,14,-128
SW:2
RR:3
SS:3
FR:2480
ME:7
MA:299
KE:3
KA:339
DF_END

Data arrived...
DF_BEGIN
IQ:0,0,11,80,175
IQ:1,8,11,175,-95
IQ:2,16,11,-105,-167
IQ:3,24,11,-151,127
IQ:4,32,11,131,150
IQ:5,40,11,138,-139
IQ:6,48,11,-152,-118
IQ:7,56,11,-99,162
IQ:8,72,12,74,-193
IQ:9,80,255,-182,-33
IQ:10,88,1,19,222
IQ:11,96,255,198,-29
IQ:12,104,2,-104,-168
IQ:13,112,255,-190,109
IQ:14,120,10,60,172
IQ:15,128,255,130,-78
IQ:16,136,3,-188,-119
IQ:17,144,255,-159,153
IQ:18,152,9,106,105
IQ:19,160,255,81,-146
IQ:20,168,4,-204,-113
IQ:21,176,255,-126,185
IQ:22,184,8,127,93
IQ:23,192,255,62,-150
IQ:24,200,7,-175,-78
IQ:25,208,255,-53,162
IQ:26,216,6,181,14
IQ:27,224,255,-31,-197
IQ:28,232,5,-258,36
IQ:29,240,255,9,237
IQ:30,248,12,202,-45
IQ:31,256,255,-58,-177
IQ:32,264,1,-183,126
IQ:33,272,255,120,154
IQ:34,280,2,90,-181
IQ:35,288,255,-200,-110
SW:2
RR:3
SS:3
FR:2426
ME:2
MA:353
KE:2
KA:341
DF_END

Data arrived...
DF_BEGIN
IQ:0,0,11,-156,0
IQ:1,8,11,20,151
IQ:2,16,11,157,-28
IQ:3,24,11,-44,-147
IQ:4,32,11,-142,55
IQ:5,40,11,77,131
IQ:6,48,11,133,-86
IQ:7,56,11,-92,-121
IQ:8,72,12,154,104
IQ:9,80,255,74,-171
IQ:10,88,1,-216,-112
IQ:11,96,255,-77,182
IQ:12,104,2,216,-40
IQ:13,112,255,-2,-222
IQ:14,120,10,-130,-23
IQ:15,128,255,30,116
IQ:16,136,3,173,-110
IQ:17,144,255,-80,-186
IQ:18,152,9,-137,51
IQ:19,160,255,108,129
IQ:20,168,4,220,-140
IQ:21,176,255,-103,-195
IQ:22,184,8,-107,110
IQ:23,192,255,121,101
IQ:24,200,7,75,-112
IQ:25,208,255,-129,-60
IQ:26,216,6,-72,157
IQ:27,224,255,187,38
IQ:28,232,5,104,-248
IQ:29,240,255,-208,-101
IQ:30,248,12,-23,177
IQ:31,256,255,190,-15
IQ:32,264,1,-17,-243
IQ:33,272,255,-191,23
IQ:34,280,2,149,155
IQ:35,288,255,188,-136
SW:2
RR:3
SS:3
FR:2402
ME:2
MA:353
KE:2
KA:343
DF_END

Data arrived...
DF_BEGIN
IQ:0,0,11,28,-161
IQ:1,8,11,-163,-19
IQ:2,16,11,8,160
IQ:3,24,11,154,-20
IQ:4,32,11,-46,-158
IQ:5,40,11,-154,62
IQ:6,48,11,58,154
IQ:7,56,11,142,-70
IQ:8,72,12,-141,125
IQ:9,80,255,148,105
IQ:10,88,1,143,-202
IQ:11,96,255,-171,-111
IQ:12,104,2,-7,220
IQ:13,112,255,220,50
IQ:14,120,10,45,-128
IQ:15,128,255,-133,9
IQ:16,136,3,75,197
IQ:17,144,255,195,-53
IQ:18,152,9,-37,-145
IQ:19,160,255,-156,81
IQ:20,168,4,90,247
IQ:21,176,255,218,-54
IQ:22,184,8,-91,-131
IQ:23,192,255,-134,100
IQ:24,200,7,89,115
IQ:25,208,255,90,-120
IQ:26,216,6,-138,-110
IQ:27,224,255,-87,174
IQ:28,232,5,233,140
IQ:29,240,255,116,-204
IQ:30,248,12,-181,-60
IQ:31,256,255,-31,197
IQ:32,264,1,246,39
IQ:33,272,255,25,-197
IQ:34,280,2,-201,98
IQ:35,288,255,69,227
SW:2
RR:3
SS:3
FR:2402
ME:2
MA:353
KE:2
KA:344
DF_END

Data arrived...
DF_BEGIN
IQ:0,0,11,-65,-160
IQ:1,8,11,-163,59
IQ:2,16,11,87,140
IQ:3,24,11,136,-104
IQ:4,32,11,-119,-130
IQ:5,40,11,-124,126
IQ:6,48,11,133,105
IQ:7,56,11,92,-144
IQ:8,72,12,11,172
IQ:9,80,255,147,-9
IQ:10,88,1,-57,-132
IQ:11,96,255,-132,39
IQ:12,104,2,46,65
IQ:13,112,255,106,-84
IQ:14,120,10,41,-168
IQ:15,128,255,-91,-21
IQ:16,136,3,109,32
IQ:17,144,255,64,-107
IQ:18,152,9,-38,-65
IQ:19,160,255,-23,68
IQ:20,168,4,162,24
IQ:21,176,255,72,-154
IQ:22,184,8,-19,-76
IQ:23,192,255,-34,62
IQ:24,200,7,93,85
IQ:25,208,255,42,-67
IQ:26,216,6,-114,20
IQ:27,224,255,60,116
IQ:28,232,5,179,-69
IQ:29,240,255,-63,-159
IQ:30,248,12,-148,90
IQ:31,256,255,78,123
IQ:32,264,1,89,-120
IQ:33,272,255,-99,-89
IQ:34,280,2,-23,80
IQ:35,288,255,131,34
SW:2
RR:3
SS:3
FR:2480
ME:7
MA:296
KE:3
KA:340
DF_END

Data arrived...
DF_BEGIN
IQ:0,0,11,193,82
IQ:1,8,11,55,-199
IQ:2,16,11,-210,-31
IQ:3,24,11,-12,210
IQ:4,32,11,204,-6
IQ:5,40,11,-23,-210
IQ:6,48,11,-211,33
IQ:7,56,11,57,199
IQ:8,72,12,-129,-180
IQ:9,80,255,-148,138
IQ:10,88,1,190,128
IQ:11,96,255,119,-180
IQ:12,104,2,-199,-53
IQ:13,112,255,-71,222
IQ:14,120,10,172,87
IQ:15,128,255,38,-157
IQ:16,136,3,-228,54
IQ:17,144,255,-5,234
IQ:18,152,9,157,2
IQ:19,160,255,-59,-159
IQ:20,168,4,-234,91
IQ:21,176,255,57,234
IQ:22,184,8,165,-39
IQ:23,192,255,-75,-160
IQ:24,200,7,-180,88
IQ:25,208,255,96,156
IQ:26,216,6,144,-125
IQ:27,224,255,-172,-119
IQ:28,232,5,-156,221
IQ:29,240,255,190,156
IQ:30,248,12,125,-187
IQ:31,256,255,-183,-63
IQ:32,264,1,-20,230
IQ:33,272,255,206,26
IQ:34,280,2,-61,-203
IQ:35,288,255,-230,52
SW:2
RR:3
SS:3
FR:2426
ME:2
MA:353
KE:2
KA:341
DF_END

Data arrived...
DF_BEGIN
IQ:0,0,11,161,27
IQ:1,8,11,6,-172
IQ:2,16,11,-173,0
IQ:3,24,11,17,166
IQ:4,32,11,164,-26
IQ:5,40,11,-48,-157
IQ:6,48,11,-148,70
IQ:7,56,11,80,146
IQ:8,72,12,-123,-150
IQ:9,80,255,-112,153
IQ:10,88,1,205,140
IQ:11,96,255,103,-179
IQ:12,104,2,-224,-20
IQ:13,112,255,-50,223
IQ:14,120,10,135,30
IQ:15,128,255,-17,-139
IQ:16,136,3,-206,67
IQ:17,144,255,42,207
IQ:18,152,9,152,-40
IQ:19,160,255,-85,-166
IQ:20,168,4,-249,101
IQ:21,176,255,61,225
IQ:22,184,8,140,-85
IQ:23,192,255,-104,-136
IQ:24,200,7,-105,99
IQ:25,208,255,122,96
IQ:26,216,6,113,-138
IQ:27,224,255,-178,-97
IQ:28,232,5,-140,231
IQ:29,240,255,207,119
IQ:30,248,12,60,-182
IQ:31,256,255,-192,-34
IQ:32,264,1,-26,247
IQ:33,272,255,199,1
IQ:34,280,2,-118,-206
IQ:35,288,255,-228,75
SW:2
RR:3
SS:3
FR:2402
ME:2
MA:353
KE:2
KA:343
DF_END

Data arrived...
DF_BEGIN
IQ:0,0,11,56,-158
IQ:1,8,11,-157,-44
IQ:2,16,11,-20,161
IQ:3,24,11,173,5
IQ:4,32,11,2,-167
IQ:5,40,11,-167,27
IQ:6,48,11,38,161
IQ:7,56,11,160,-56
IQ:8,72,12,-160,106
IQ:9,80,255,142,130
IQ:10,88,1,178,-181
IQ:11,96,255,-152,-147
IQ:12,104,2,-49,222
IQ:13,112,255,222,65
IQ:14,120,10,63,-124
IQ:15,128,255,-135,-23
IQ:16,136,3,33,207
IQ:17,144,255,209,-30
IQ:18,152,9,-9,-159
IQ:19,160,255,-170,55
IQ:20,168,4,70,264
IQ:21,176,255,232,-30
IQ:22,184,8,-74,-142
IQ:23,192,255,-150,102
IQ:24,200,7,88,111
IQ:25,208,255,121,-110
IQ:26,216,6,-110,-143
IQ:27,224,255,-124,164
IQ:28,232,5,202,189
IQ:29,240,255,160,-177
IQ:30,248,12,-175,-88
IQ:31,256,255,-58,189
IQ:32,264,1,244,60
IQ:33,272,255,53,-199
IQ:34,280,2,-223,59
IQ:35,288,255,19,238
SW:2
RR:3
SS:3
FR:2402
ME:2
MA:353
KE:2
KA:344
DF_END

Data arrived...
DF_BEGIN
IQ:0,0,11,172,-33
IQ:1,8,11,-42,-171
IQ:2,16,11,-163,52
IQ:3,24,11,71,152
IQ:4,32,11,150,-89
IQ:5,40,11,-93,-142
IQ:6,48,11,-129,115
IQ:7,56,11,127,101
IQ:8,72,12,-179,-24
IQ:9,80,255,-24,143
IQ:10,88,1,141,-37
IQ:11,96,255,-21,-134
IQ:12,104,2,-63,51
IQ:13,112,255,67,118
IQ:14,120,10,164,64
IQ:15,128,255,34,-83
IQ:16,136,3,-54,101
IQ:17,144,255,93,82
IQ:18,152,9,66,-33
IQ:19,160,255,-64,-24
IQ:20,168,4,-56,160
IQ:21,176,255,139,91
IQ:22,184,8,77,-8
IQ:23,192,255,-52,-45
IQ:24,200,7,-102,78
IQ:25,208,255,57,57
IQ:26,216,6,-17,-104
IQ:27,224,255,-124,43
IQ:28,232,5,57,189
IQ:29,240,255,168,-42
IQ:30,248,12,-52,-169
IQ:31,256,255,-128,60
IQ:32,264,1,102,101
IQ:33,272,255,101,-88
IQ:34,280,2,-77,-38
IQ:35,288,255,-44,121
SW:2
RR:3
SS:3
FR:2480
ME:7
MA:293
KE:3
KA:339
DF_END

Data arrived...
DF_BEGIN
IQ:0,0,11,159,120
IQ:1,8,11,116,-171
IQ:2,16,11,-178,-96
IQ:3,24,11,-74,188
IQ:4,32,11,195,56
IQ:5,40,11,32,-204
IQ:6,48,11,-202,-14
IQ:7,56,11,-7,210
IQ:8,72,12,-65,-210
IQ:9,80,255,-179,84
IQ:10,88,1,140,177
IQ:11,96,255,161,-128
IQ:12,104,2,-178,-106
IQ:13,112,255,-123,190
IQ:14,120,10,135,134
IQ:15,128,255,86,-131
IQ:16,136,3,-213,-22
IQ:17,144,255,-44,225
IQ:18,152,9,151,48
IQ:19,160,255,-8,-170
IQ:20,168,4,-243,17
IQ:21,176,255,-19,231
IQ:22,184,8,161,-2
IQ:23,192,255,-57,-173
IQ:24,200,7,-199,45
IQ:25,208,255,46,178
IQ:26,216,6,173,-78
IQ:27,224,255,-141,-146
IQ:28,232,5,-200,172
IQ:29,240,255,156,196
IQ:30,248,12,163,-156
IQ:31,256,255,-153,-124
IQ:32,264,1,-93,204
IQ:33,272,255,184,80
IQ:34,280,2,-11,-204
IQ:35,288,255,-233,-16
SW:2
RR:3
SS:3
FR:2426
ME:2
MA:353
KE:3
KA:340
DF_END

Data arrived...
DF_BEGIN
IQ:0,0,11,-158,-43
IQ:1,8,11,-30,159
IQ:2,16,11,160,19
IQ:3,24,11,1,-162
IQ:4,32,11,-166,15
IQ:5,40,11,23,163
IQ:6,48,11,161,-35
IQ:7,56,11,-58,-152
IQ:8,72,12,105,153
IQ:9,80,255,135,-143
IQ:10,88,1,-181,-172
IQ:11,96,255,-133,153
IQ:12,104,2,219,39
IQ:13,112,255,75,-218
IQ:14,120,10,-119,-55
IQ:15,128,255,-9,130
IQ:16,136,3,208,-40
IQ:17,144,255,-7,-208
IQ:18,152,9,-153,8
IQ:19,160,255,55,164
IQ:20,168,4,241,-86
IQ:21,176,255,-45,-231
IQ:22,184,8,-149,64
IQ:23,192,255,82,153
IQ:24,200,7,113,-77
IQ:25,208,255,-117,-104
IQ:26,216,6,-139,117