DF_END

Data arrived...
DF_BEGIN
IQ:0,0,11,135,-100
IQ:1,8,11,-111,-123
IQ:2,16,11,-103,126
IQ:3,24,11,136,89
IQ:4,32,11,84,-153
IQ:5,40,11,-153,-65
IQ:6,48,11,-46,165
IQ:7,56,11,157,37
IQ:8,72,12,-157,67
IQ:9,80,255,47,125
IQ:10,88,1,105,-93
IQ:11,96,255,-72,-101
IQ:12,104,2,-35,71
IQ:13,112,255,114,66
IQ:14,120,10,171,-18
IQ:15,128,255,9,-91
IQ:16,136,3,8,108
IQ:17,144,255,121,30
IQ:18,152,9,51,-51
IQ:19,160,255,-70,9
IQ:20,168,4,39,157
IQ:21,176,255,161,3
IQ:22,184,8,57,-45
IQ:23,192,255,-68,-10
IQ:24,200,7,-66,101
IQ:25,208,255,72,36
IQ:26,216,6,-45,-93
IQ:27,224,255,-78,88
IQ:28,232,5,136,138
IQ:29,240,255,127,-116
IQ:30,248,12,-125,-99
IQ:31,256,255,-81,110
IQ:32,264,1,124,34
IQ:33,272,255,44,-121
IQ:34,280,2,-81,-12
IQ:35,288,255,12,123
SW:2
RR:3
SS:3
FR:2480
ME:7
MA:299
KE:2
KA:338
DF_END

Data arrived...
DF_BEGIN
IQ:0,0,11,-173,-120
IQ:1,8,11,-101,168
IQ:2,16,11,190,81
IQ:3,24,11,80,-199
IQ:4,32,11,-194,-49
IQ:5,40,11,-18,206
IQ:6,48,11,200,13
IQ:7,56,11,-21,-205
IQ:8,72,12,70,218
IQ:9,80,255,177,-95
IQ:10,88,1,-164,-163
IQ:11,96,255,-148,154
IQ:12,104,2,181,74
IQ:13,112,255,91,-203
IQ:14,120,10,-150,-135
IQ:15,128,255,-79,131
IQ:16,136,3,209,-28
IQ:17,144,255,-3,-228
IQ:18,152,9,-158,-28
IQ:19,160,255,5,170
IQ:20,168,4,231,-41
IQ:21,176,255,-24,-230
IQ:22,184,8,-162,13
IQ:23,192,255,45,172
IQ:24,200,7,197,-42
IQ:25,208,255,-74,-178
IQ:26,216,6,-144,116
IQ:27,224,255,162,136
IQ:28,232,5,198,-180
IQ:29,240,255,-170,-179
IQ:30,248,12,-150,166
IQ:31,256,255,171,89
IQ:32,264,1,52,-229
IQ:33,272,255,-210,-53
IQ:34,280,2,15,203
IQ:35,288,255,229,-23
SW:2
RR:3
SS:3
FR:2426
ME:2
MA:353
KE:2
KA:340
DF_END

Data arrived...
DF_BEGIN
IQ:0,0,11,6,-199
IQ:1,8,11,-194,12
IQ:2,16,11,20,193
IQ:3,24,11,193,-44
IQ:4,32,11,-75,-185
IQ:5,40,11,-180,84
IQ:6,48,11,97,166
IQ:7,56,11,161,-112
IQ:8,72,12,-135,160
IQ:9,80,255,163,106
IQ:10,88,1,82,-205
IQ:11,96,255,-187,-63
IQ:12,104,2,16,207
IQ:13,112,255,225,-15
IQ:14,120,10,29,-184
IQ:15,128,255,-150,25
IQ:16,136,3,126,184
IQ:17,144,255,203,-96
IQ:18,152,9,-46,-146
IQ:19,160,255,-135,96
IQ:20,168,4,137,194
IQ:21,176,255,189,-120
IQ:22,184,8,-91,-126
IQ:23,192,255,-126,129
IQ:24,200,7,130,139
IQ:25,208,255,113,-128
IQ:26,216,6,-162,-78
IQ:27,224,255,-41,197
IQ:28,232,5,250,85
IQ:29,240,255,98,-217
IQ:30,248,12,-204,-54
IQ:31,256,255,-18,188
IQ:32,264,1,213,-42
IQ:33,272,255,-46,-193
IQ:34,280,2,-164,117
IQ:35,288,255,119,195
SW:2
RR:3
SS:3
FR:2426
ME:2
MA:353
KE:2
KA:341
DF_END

Data arrived...
DF_BEGIN
IQ:0,0,11,-35,-144
IQ:1,8,11,-146,47
IQ:2,16,11,62,134
IQ:3,24,11,123,-83
IQ:4,32,11,-99,-128
IQ:5,40,11,-107,102
IQ:6,48,11,110,104
IQ:7,56,11,93,-120
IQ:8,72,12,-72,163
IQ:9,80,255,180,47
IQ:10,88,1,58,-231
IQ:11,96,255,-198,-22
IQ:12,104,2,78,206
IQ:13,112,255,217,-58
IQ:14,120,10,-16,-127
IQ:15,128,255,-106,60
IQ:16,136,3,147,149
IQ:17,144,255,160,-131
IQ:18,152,9,-97,-115
IQ:19,160,255,-99,136
IQ:20,168,4,202,175
IQ:21,176,255,153,-153
IQ:22,184,8,-139,-65
IQ:23,192,255,-72,153
IQ:24,200,7,113,61
IQ:25,208,255,39,-139
IQ:26,216,6,-158,-43
IQ:27,224,255,3,197
IQ:28,232,5,268,37
IQ:29,240,255,52,-225
IQ:30,248,12,-178,3
IQ:31,256,255,45,179
IQ:32,264,1,235,-63
IQ:33,272,255,-51,-186
IQ:34,280,2,-143,168
IQ:35,288,255,153,164
SW:2
RR:3
SS:3
FR:2402
ME:359
MA:5
KE:2
KA:343
DF_END

Data arrived...
DF_BEGIN
IQ:0,0,11,168,-21
IQ:1,8,11,-33,-161
IQ:2,16,11,-155,46
IQ:3,24,11,71,147
IQ:4,32,11,143,-84
IQ:5,40,11,-96,-125
IQ:6,48,11,-126,111
IQ:7,56,11,111,116
IQ:8,72,12,-169,-4
IQ:9,80,255,-20,139
IQ:10,88,1,142,-24
IQ:11,96,255,-4,-125
IQ:12,104,2,-63,39
IQ:13,112,255,58,115
IQ:14,120,10,143,65
IQ:15,128,255,41,-75
IQ:16,136,3,-53,93
IQ:17,144,255,86,93
IQ:18,152,9,64,-23
IQ:19,160,255,-63,-22
IQ:20,168,4,-61,149
IQ:21,176,255,133,80
IQ:22,184,8,67,-3
IQ:23,192,255,-49,-40
IQ:24,200,7,-98,58
IQ:25,208,255,51,52
IQ:26,216,6,1,-107
IQ:27,224,255,-123,32
IQ:28,232,5,30,181
IQ:29,240,255,166,-22
IQ:30,248,12,-58,-148
IQ:31,256,255,-133,63
IQ:32,264,1,97,92
IQ:33,272,255,95,-81
IQ:34,280,2,-73,-34
IQ:35,288,255,-57,118
SW:2
RR:3
SS:3
FR:2480
ME:7
MA:299
KE:2
KA:339
DF_END

Data arrived...
DF_BEGIN
IQ:0,0,11,134,-89
IQ:1,8,11,-99,-127
IQ:2,16,11,-111,115
IQ:3,24,11,133,96
IQ:4,32,11,74,-148
IQ:5,40,11,-147,-73
IQ:6,48,11,-60,160
IQ:7,56,11,160,42
IQ:8,72,12,-156,59
IQ:9,80,255,55,134
IQ:10,88,1,116,-71
IQ:11,96,255,-66,-110
IQ:12,104,2,-37,63
IQ:13,112,255,107,76
IQ:14,120,10,162,-7
IQ:15,128,255,15,-81
IQ:16,136,3,-6,106
IQ:17,144,255,115,44
IQ:18,152,9,40,-51
IQ:19,160,255,-66,1
IQ:20,168,4,19,161
IQ:21,176,255,158,25
IQ:22,184,8,62,-33
IQ:23,192,255,-65,-11
IQ:24,200,7,-59,93
IQ:25,208,255,68,14
IQ:26,216,6,-52,-100
IQ:27,224,255,-87,80
IQ:28,232,5,109,146
IQ:29,240,255,127,-107
IQ:30,248,12,-127,-111
IQ:31,256,255,-93,105
IQ:32,264,1,127,47
IQ:33,272,255,54,-116
IQ:34,280,2,-81,-8
IQ:35,288,255,0,130
SW:2
RR:3
SS:3
FR:2480
ME:7
MA:299
KE:3
KA:335
DF_END

Data arrived...
DF_BEGIN
IQ:0,0,11,-52,-185
IQ:1,8,11,-175,70
IQ:2,16,11,71,178
IQ:3,24,11,163,-92
IQ:4,32,11,-108,-155
IQ:5,40,11,-142,128
IQ:6,48,11,135,129
IQ:7,56,11,124,-147
IQ:8,72,12,-83,190
IQ:9,80,255,179,51
IQ:10,88,1,8,-216
IQ:11,96,255,-200,4
IQ:12,104,2,77,185
IQ:13,112,255,204,-72
IQ:14,120,10,-26,-178
IQ:15,128,255,-133,54
IQ:16,136,3,169,132
IQ:17,144,255,168,-145
IQ:18,152,9,-77,-129
IQ:19,160,255,-98,119
IQ:20,168,4,185,140
IQ:21,176,255,158,-153
IQ:22,184,8,-105,-108
IQ:23,192,255,-75,154
IQ:24,200,7,159,98
IQ:25,208,255,72,-156
IQ:26,216,6,-175,-29
IQ:27,224,255,12,197
IQ:28,232,5,252,-6
IQ:29,240,255,-5,-238
IQ:30,248,12,-199,17
IQ:31,256,255,44,180
IQ:32,264,1,194,-99
IQ:33,272,255,-92,-168
IQ:34,280,2,-120,158
IQ:35,288,255,166,144
SW:2
RR:3
SS:3
FR:2426
ME:2
MA:353
KE:3
KA:336
DF_END

Data arrived...
DF_BEGIN
IQ:0,0,11,151,16
IQ:1,8,11,6,-152
IQ:2,16,11,-151,2
IQ:3,24,11,27,147
IQ:4,32,11,145,-39
IQ:5,40,11,-47,-146
IQ:6,48,11,-139,54
IQ:7,56,11,60,134
IQ:8,72,12,-122,-136
IQ:9,80,255,-107,151
IQ:10,88,1,196,123
IQ:11,96,255,83,-175
IQ:12,104,2,-217,7
IQ:13,112,255,-30,227
IQ:14,120,10,120,43
IQ:15,128,255,-8,-123
IQ:16,136,3,-198,72
IQ:17,144,255,45,196
IQ:18,152,9,138,-27
IQ:19,160,255,-81,-140
IQ:20,168,4,-224,117
IQ:21,176,255,78,212
IQ:22,184,8,125,-92
IQ:23,192,255,-103,-129
IQ:24,200,7,-102,85
IQ:25,208,255,108,94
IQ:26,216,6,104,-129
IQ:27,224,255,-171,-83
IQ:28,232,5,-137,232
IQ:29,240,255,194,111
IQ:30,248,12,48,-177
IQ:31,256,255,-179,-25
IQ:32,264,1,-22,241
IQ:33,272,255,194,6
IQ:34,280,2,-111,-186
IQ:35,288,255,-212,79
SW:2
RR:3
SS:3
FR:2402
ME:359
MA:5
KE:2
KA:339
DF_END

Data arrived...
DF_BEGIN
IQ:0,0,11,67,-130
IQ:1,8,11,-142,-66
IQ:2,16,11,-52,148
IQ:3,24,11,150,34
IQ:4,32,11,20,-149
IQ:5,40,11,-151,8
IQ:6,48,11,8,152
IQ:7,56,11,156,-31
IQ:8,72,12,-180,46
IQ:9,80,255,86,154
IQ:10,88,1,203,-127
IQ:11,96,255,-117,-158
IQ:12,104,2,-83,206
IQ:13,112,255,191,109
IQ:14,120,10,75,-106
IQ:15,128,255,-120,-33
IQ:16,136,3,0,201
IQ:17,144,255,203,7
IQ:18,152,9,2,-148
IQ:19,160,255,-170,25
IQ:20,168,4,-2,264
IQ:21,176,255,215,24
IQ:22,184,8,-45,-144
IQ:23,192,255,-154,55
IQ:24,200,7,43,127
IQ:25,208,255,119,-75
IQ:26,216,6,-96,-136
IQ:27,224,255,-137,134
IQ:28,232,5,152,224
IQ:29,240,255,178,-133
IQ:30,248,12,-143,-113
IQ:31,256,255,-85,156
IQ:32,264,1,217,126
IQ:33,272,255,95,-172
IQ:34,280,2,-222,24
IQ:35,288,255,-10,230
SW:2
RR:3
SS:3
FR:2402
ME:2
MA:353
KE:2
KA:341
DF_END

Data arrived...
DF_BEGIN
IQ:0,0,11,145,-97
IQ:1,8,11,-104,-141
IQ:2,16,11,-131,107
IQ:3,24,11,130,98
IQ:4,32,11,92,-148
IQ:5,40,11,-154,-79
IQ:6,48,11,-81,151
IQ:7,56,11,159,50
IQ:8,72,12,-163,49
IQ:9,80,255,42,139
IQ:10,88,1,115,-79
IQ:11,96,255,-69,-114
IQ:12,104,2,-50,61
IQ:13,112,255,106,87
IQ:14,120,10,169,-6
IQ:15,128,255,-10,-93
IQ:16,136,3,-5,103
IQ:17,144,255,121,34
IQ:18,152,9,51,-62
IQ:19,160,255,-75,-8
IQ:20,168,4,-2,155
IQ:21,176,255,156,22
IQ:22,184,8,63,-41
IQ:23,192,255,-69,-22
IQ:24,200,7,-69,102
IQ:25,208,255,75,22
IQ:26,216,6,-46,-106
IQ:27,224,255,-112,69
IQ:28,232,5,91,160
IQ:29,240,255,129,-106
IQ:30,248,12,-122,-121
IQ:31,256,255,-112,109
IQ:32,264,1,126,58
IQ:33,272,255,61,-120
IQ:34,280,2,-86,-12
IQ:35,288,255,-17,129
SW:2
RR:3
SS:3
FR:2480
ME:5
MA:353
KE:2
KA:342
DF_END

Data arrived...
DF_BEGIN
IQ:0,0,11,195,35
IQ:1,8,11,-12,-190
IQ:2,16,11,-224,30
IQ:3,24,11,53,182
IQ:4,32,11,216,-51
IQ:5,40,11,-83,-179
IQ:6,48,11,-198,93
IQ:7,56,11,135,165
IQ:8,72,12,-174,-139
IQ:9,80,255,-75,160
IQ:10,88,1,190,95
IQ:11,96,255,95,-208
IQ:12,104,2,-233,26
IQ:13,112,255,25,225
IQ:14,120,10,168,29
IQ:15,128,255,-9,-167
IQ:16,136,3,-170,111
IQ:17,144,255,97,220
IQ:18,152,9,164,-22
IQ:19,160,255,-110,-157
IQ:20,168,4,-207,126
IQ:21,176,255,104,177
IQ:22,184,8,153,-77
IQ:23,192,255,-120,-122
IQ:24,200,7,-146,148
IQ:25,208,255,140,142
IQ:26,216,6,87,-140
IQ:27,224,255,-210,-74
IQ:28,232,5,-82,235
IQ:29,240,255,238,96
IQ:30,248,12,52,-204
IQ:31,256,255,-200,7
IQ:32,264,1,46,245
IQ:33,272,255,189,-21
IQ:34,280,2,-106,-197
IQ:35,288,255,-215,140
SW:2
RR:3
SS:3
FR:2426
ME:2
MA:353
KE:2
KA:343
DF_END

Data arrived...
DF_BEGIN
IQ:0,0,11,-78,157
IQ:1,8,11,161,80
IQ:2,16,11,61,-171
IQ:3,24,11,-164,-51
IQ:4,32,11,-8,170
IQ:5,40,11,177,23
IQ:6,48,11,2,-176
IQ:7,56,11,-180,8
IQ:8,72,12,194,-50
IQ:9,80,255,-95,-186
IQ:10,88,1,-220,130
IQ:11,96,255,126,178
IQ:12,104,2,95,-218
IQ:13,112,255,-204,-126
IQ:14,120,10,-95,115
IQ:15,128,255,130,52
IQ:16,136,3,2,-219
IQ:17,144,255,-218,-28
IQ:18,152,9,-40,162
IQ:19,160,255,183,-22
IQ:20,168,4,-4,-278
IQ:21,176,255,-231,-22
IQ:22,184,8,40,161
IQ:23,192,255,169,-59
IQ:24,200,7,-48,-148
IQ:25,208,255,-153,63
IQ:26,216,6,89,160
IQ:27,224,255,155,-152
IQ:28,232,5,-153,-246
IQ:29,240,255,-202,136
IQ:30,248,12,148,140
IQ:31,256,255,103,-170
IQ:32,264,1,-225,-115
IQ:33,272,255,-85,196
IQ:34,280,2,232,-30
IQ:35,288,255,0,-250
SW:2
RR:3
SS:3
FR:2402
ME:359
MA:5
KE:2
KA:346
DF_END

Data arrived...
DF_BEGIN
IQ:0,0,11,171,-52
IQ:1,8,11,-63,-164
IQ:2,16,11,-159,69
IQ:3,24,11,103,138
IQ:4,32,11,122,-124
IQ:5,40,11,-128,-132
IQ:6,48,11,-116,123
IQ:7,56,11,139,85
IQ:8,72,12,-199,-69
IQ:9,80,255,-40,200
IQ:10,88,1,249,22
IQ:11,96,255,7,-223
IQ:12,104,2,-206,98
IQ:13,112,255,70,232
IQ:14,120,10,146,-18
IQ:15,128,255,-68,-121
IQ:16,136,3,-151,150
IQ:17,144,255,148,160
IQ:18,152,9,135,-105
IQ:19,160,255,-137,-126
IQ:20,168,4,-162,208
IQ:21,176,255,184,154
IQ:22,184,8,75,-151
IQ:23,192,255,-170,-72
IQ:24,200,7,-59,149
IQ:25,208,255,168,31
IQ:26,216,6,41,-190
IQ:27,224,255,-211,7
IQ:28,232,5,-29,280
IQ:29,240,255,242,8
IQ:30,248,12,-54,-193
IQ:31,256,255,-189,89
IQ:32,264,1,115,234
IQ:33,272,255,195,-103
IQ:34,280,2,-186,-150
IQ:35,288,255,-174,171
SW:2
RR:3
SS:3
FR:2402
ME:2
MA:353
KE:2
KA:347
DF_END

Data arrived...
DF_BEGIN
IQ:0,0,11,167,23
IQ:1,8,11,21,-172
IQ:2,16,11,-161,-8
IQ:3,24,11,25,163
IQ:4,32,11,166,-38
IQ:5,40,11,-54,-162
IQ:6,48,11,-160,61
IQ:7,56,11,78,136
IQ:8,72,12,-154,-74
IQ:9,80,255,-65,124
IQ:10,88,1,138,24
IQ:11,96,255,31,-127
IQ:12,104,2,-77,14
IQ:13,112,255,12,134
IQ:14,120,10,129,126
IQ:15,128,255,65,-59
IQ:16,136,3,-75,76
IQ:17,144,255,55,114
IQ:18,152,9,73,4
IQ:19,160,255,-51,-43
IQ:20,168,4,-97,133
IQ:21,176,255,104,133
IQ:22,184,8,72,17
IQ:23,192,255,-33,-63
IQ:24,200,7,-125,32
IQ:25,208,255,33,76
IQ:26,216,6,38,-94
IQ:27,224,255,-124,-9
IQ:28,232,5,-22,192
IQ:29,240,255,171,8
IQ:30,248,12,-11,-169
IQ:31,256,255,-140,9
IQ:32,264,1,56,124
IQ:33,272,255,123,-46
IQ:34,280,2,-57,-60
IQ:35,288,255,-88,98
SW:2
RR:3
SS:3
FR:2480
ME:7
MA:299
KE:2
KA:342
DF_END

Data arrived...
DF_BEGIN
IQ:0,0,11,125,-124
IQ:1,8,11,-125,-121
IQ:2,16,11,-88,130
IQ:3,24,11,150,74
IQ:4,32,11,72,-152
IQ:5,40,11,-154,-50
IQ:6,48,11,-30,167
IQ:7,56,11,167,22
IQ:8,72,12,-143,74
IQ:9,80,255,68,128
IQ:10,88,1,111,-94
IQ:11,96,255,-74,-108
IQ:12,104,2,-32,76
IQ:13,112,255,105,70
IQ:14,120,10,178,-22
IQ:15,128,255,-7,-92
IQ:16,136,3,18,106
IQ:17,144,255,124,20
IQ:18,152,9,51,-56
IQ:19,160,255,-65,7
IQ:20,168,4,36,157
IQ:21,176,255,170,-7
IQ:22,184,8,55,-50
IQ:23,192,255,-71,-3
IQ:24,200,7,-50,123
IQ:25,208,255,78,30
IQ:26,216,6,-60,-91
IQ:27,224,255,-82,86
IQ:28,232,5,135,129
IQ:29,240,255,124,-120
IQ:30,248,12,-129,-95
IQ:31,256,255,-92,114
IQ:32,264,1,128,34
IQ:33,272,255,37,-122
IQ:34,280,2,-80,6
IQ:35,288,255,21,129
SW:2
RR:3
SS:3
FR:2480
ME:7
MA:296
KE:3
KA:338
DF_END

Data arrived...
DF_BEGIN
IQ:0,0,11,2,-208
IQ:1,8,11,-209,23
IQ:2,16,11,51,196
IQ:3,24,11,201,-69
IQ:4,32,11,-78,-192
IQ:5,40,11,-181,101
IQ:6,48,11,110,180
IQ:7,56,11,162,-120
IQ:8,72,12,-129,188
IQ:9,80,255,179,94
IQ:10,88,1,68,-220
IQ:11,96,255,-208,-39
IQ:12,104,2,23,206
IQ:13,112,255,228,-16
IQ:14,120,10,28,-192
IQ:15,128,255,-165,8
IQ:16,136,3,122,176
IQ:17,144,255,205,-97
IQ:18,152,9,-53,-149
IQ:19,160,255,-132,113
IQ:20,168,4,161,180
IQ:21,176,255,173,-151
IQ:22,184,8,-109,-131
IQ:23,192,255,-110,143
IQ:24,200,7,158,138
IQ:25,208,255,122,-152
IQ:26,216,6,-172,-90
IQ:27,224,255,-50,195
IQ:28,232,5,258,50
IQ:29,240,255,53,-238
IQ:30,248,12,-225,-38
IQ:31,256,255,15,197
IQ:32,264,1,216,-83
IQ:33,272,255,-75,-203
IQ:34,280,2,-156,129
IQ:35,288,255,144,186
SW:2
RR:3
SS:3
FR:2426
ME:2
MA:353
KE:3
KA:339
DF_END

Data arrived...
DF_BEGIN
IQ:0,0,11,-169,-48
IQ:1,8,11,-21,169
IQ:2,16,11,181,14
IQ:3,24,11,7,-180
IQ:4,32,11,-177,8
IQ:5,40,11,27,173
IQ:6,48,11,173,-31
IQ:7,56,11,-45,-172
IQ:8,72,12,113,171
IQ:9,80,255,146,-138
IQ:10,88,1,-196,-176
IQ:11,96,255,-143,163
IQ:12,104,2,229,53
IQ:13,112,255,74,-232
IQ:14,120,10,-135,-64
IQ:15,128,255,-14,143
IQ:16,136,3,217,-38
IQ:17,144,255,-18,-224
IQ:18,152,9,-166,2
IQ:19,160,255,58,174
IQ:20,168,4,265,-71
IQ:21,176,255,-46,-235
IQ:22,184,8,-168,65
IQ:23,192,255,84,162
IQ:24,200,7,145,-72
IQ:25,208,255,-103,-130
IQ:26,216,6,-140,128
IQ:27,224,255,173,110
IQ:28,232,5,162,-237
IQ:29,240,255,-188,-176
IQ:30,248,12,-98,180
IQ:31,256,255,197,61
IQ:32,264,1,67,-255
IQ:33,272,255,-205,-64
IQ:34,280,2,46,227
IQ:35,288,255,246,-41
SW:2
RR:3
SS:3
FR:2402
ME:359
MA:5
KE:2
KA:342
DF_END

Data arrived...
DF_BEGIN
IQ:0,0,11,-73,157
IQ:1,8,11,155,51
IQ:2,16,11,24,-168
IQ:3,24,11,-166,-8
IQ:4,32,11,3,173
IQ:5,40,11,167,-14
IQ:6,48,11,-30,-165
IQ:7,56,11,-170,20
IQ:8,72,12,111,-130
IQ:9,80,255,-108,-95
IQ:10,88,1,-52,137
IQ:11,96,255,115,62
IQ:12,104,2,8,-86
IQ:13,112,255,-135,-21
IQ:14,120,10,-149,94
IQ:15,128,255,39,80
IQ:16,136,3,-61,-99
IQ:17,144,255,-123,32
IQ:18,152,9,-24,65
IQ:19,160,255,52,-37
IQ:20,168,4,-111,-123
IQ:21,176,255,-145,86
IQ:22,184,8,-40,69
IQ:23,192,255,63,-17
IQ:24,200,7,1,-139
IQ:25,208,255,-87,3
IQ:26,216,6,89,58
IQ:27,224,255,37,-111
IQ:28,232,5,-182,-55
IQ:29,240,255,-61,164
IQ:30,248,12,166,30
IQ:31,256,255,30,-138
IQ:32,264,1,-139,23
IQ:33,272,255,14,124
IQ:34,280,2,70,-37
IQ:35,288,255,-65,-110
SW:2
RR:3
SS:3
FR:2480
ME:10
MA:285
KE:3
KA:336
DF_END

Data arrived...
DF_BEGIN
IQ:0,0,11,-18,208
IQ:1,8,11,211,-19
IQ:2,16,11,-24,-214
IQ:3,24,11,-205,50
IQ:4,32,11,67,200
IQ:5,40,11,192,-73
IQ:6,48,11,-94,-190
IQ:7,56,11,-164,125
IQ:8,72,12,156,-170
IQ:9,80,255,-170,-107
IQ:10,88,1,-67,225
IQ:11,96,255,203,47
IQ:12,104,2,-38,-202
IQ:13,112,255,-229,21
IQ:14,120,10,-31,199
IQ:15,128,255,158,-6
IQ:16,136,3,-129,-177
IQ:17,144,255,-211,93
IQ:18,152,9,41,165
IQ:19,160,255,147,-82
IQ:20,168,4,-149,-186
IQ:21,176,255,-192,136
IQ:22,184,8,95,145
IQ:23,192,255,132,-127
IQ:24,200,7,-143,-148
IQ:25,208,255,-121,156
IQ:26,216,6,167,91
IQ:27,224,255,35,-210
IQ:28,232,5,-259,-52
IQ:29,240,255,-57,252
IQ:30,248,12,222,55
IQ:31,256,255,12,-203
IQ:32,264,1,-223,58
IQ:33,272,255,59,204
IQ:34,280,2,165,-115
IQ:35,288,255,-141,-187
SW:2
RR:3
SS:3
FR:2426
ME:2
MA:353
KE:3
KA:338
DF_END

Data arrived...
DF_BEGIN
IQ:0,0,11,-144,114
IQ:1,8,11,128,120
IQ:2,16,11,111,-144
IQ:3,24,11,-149,-103
IQ:4,32,11,-101,149
IQ:5,40,11,164,74
IQ:6,48,11,69,-169
IQ:7,56,11,-172,-61
IQ:8,72,12,207,9
IQ:9,80,255,-46,-202
IQ:10,88,1,-260,61
IQ:11,96,255,46,212
IQ:12,104,2,166,-166
IQ:13,112,255,-147,-195
IQ:14,120,10,-128,76
IQ:15,128,255,113,95
IQ:16,136,3,99,-197
IQ:17,144,255,-188,-117
IQ:18,152,9,-88,143
IQ:19,160,255,176,54
IQ:20,168,4,88,-261
IQ:21,176,255,-225,-93
IQ:22,184,8,-36,172
IQ:23,192,255,185,18
IQ:24,200,7,15,-164
IQ:25,208,255,-175,22
IQ:26,216,6,14,192
IQ:27,224,255,202,-61
IQ:28,232,5,-67,-286
IQ:29,240,255,-247,56
IQ:30,248,12,103,184
IQ:31,256,255,176,-120
IQ:32,264,1,-161,-201
IQ:33,272,255,-154,150
IQ:34,280,2,226,56
IQ:35,288,255,92,-239
SW:2
RR:3
SS:3
FR:2402
ME:359
MA:5
KE:2
KA:341
DF_END

Data arrived...
DF_BEGIN
IQ:0,0,11,167,-28
IQ:1,8,11,-55,-162
IQ:2,16,11,-160,67
IQ:3,24,11,77,146
IQ:4,32,11,136,-100
IQ:5,40,11,-103,-135
IQ:6,48,11,-115,113
IQ:7,56,11,134,101
IQ:8,72,12,-170,-21
IQ:9,80,255,-11,141
IQ:10,88,1,140,-25
IQ:11,96,255,-14,-127
IQ:12,104,2,-61,49
IQ:13,112,255,70,113
IQ:14,120,10,172,62
IQ:15,128,255,42,-86
IQ:16,136,3,-32,107
IQ:17,144,255,98,78
IQ:18,152,9,69,-21
IQ:19,160,255,-65,-30
IQ:20,168,4,-53,155
IQ:21,176,255,143,82
IQ:22,184,8,79,-16
IQ:23,192,255,-52,-41
IQ:24,200,7,-109,67
IQ:25,208,255,54,63
IQ:26,216,6,-7,-109
IQ:27,224,255,-118,36
IQ:28,232,5,48,179
IQ:29,240,255,163,-54
IQ:30,248,12,-63,-155
IQ:31,256,255,-134,61
IQ:32,264,1,103,96
IQ:33,272,255,102,-81
IQ:34,280,2,-81,-40
IQ:35,288,255,-52,119
SW:2
RR:3
SS:3
FR:2480
ME:7
MA:299
KE:3
KA:336
DF_END

Data arrived...