IQ:4,32,11,128,93
IQ:5,40,11,72,-142
IQ:6,48,11,-148,-62
IQ:7,56,11,-51,148
IQ:8,72,12,-52,-138
IQ:9,80,255,-128,43
IQ:10,88,1,56,108
IQ:11,96,255,92,-55
IQ:12,104,2,-59,-44
IQ:13,112,255,-79,89
IQ:14,120,10,-2,158
IQ:15,128,255,77,4
IQ:16,136,3,-113,-1
IQ:17,144,255,-53,105
IQ:18,152,9,38,40
IQ:19,160,255,-12,-66
IQ:20,168,4,-162,3
IQ:21,176,255,-26,151
IQ:22,184,8,34,48
IQ:23,192,255,15,-61
IQ:24,200,7,-72,-74
IQ:25,208,255,-28,43
IQ:26,216,6,92,-32
IQ:27,224,255,-71,-85
IQ:28,232,5,-151,110
IQ:29,240,255,97,130
IQ:30,248,12,108,-107
IQ:31,256,255,-92,-92
IQ:32,264,1,-37,115
IQ:33,272,255,104,40
IQ:34,280,2,7,-73
IQ:35,288,255,-119,-15
SW:2
RR:3
SS:3
FR:2480
ME:7
MA:293
KE:3
KA:340
DF_END

Data arrived...
DF_BEGIN
IQ:0,0,11,-49,-190
IQ:1,8,11,-173,80
IQ:2,16,11,103,165
IQ:3,24,11,152,-114
IQ:4,32,11,-135,-142
IQ:5,40,11,-136,139
IQ:6,48,11,151,113
IQ:7,56,11,99,-167
IQ:8,72,12,-69,210
IQ:9,80,255,182,26
IQ:10,88,1,-27,-220
IQ:11,96,255,-195,43
IQ:12,104,2,112,159
IQ:13,112,255,186,-114
IQ:14,120,10,-39,-180
IQ:15,128,255,-121,66
IQ:16,136,3,180,77
IQ:17,144,255,124,-185
IQ:18,152,9,-89,-118
IQ:19,160,255,-83,125
IQ:20,168,4,201,100
IQ:21,176,255,94,-193
IQ:22,184,8,-128,-82
IQ:23,192,255,-62,150
IQ:24,200,7,178,95
IQ:25,208,255,61,-172
IQ:26,216,6,-182,-10
IQ:27,224,255,33,186
IQ:28,232,5,243,-59
IQ:29,240,255,-54,-241
IQ:30,248,12,-211,53
IQ:31,256,255,63,183
IQ:32,264,1,172,-129
IQ:33,272,255,-132,-152
IQ:34,280,2,-82,175
IQ:35,288,255,193,114
SW:2
RR:3
SS:3
FR:2426
ME:2
MA:353
KE:3
KA:341
DF_END

Data arrived...
DF_BEGIN
IQ:0,0,11,-118,133
IQ:1,8,11,135,111
IQ:2,16,11,92,-148
IQ:3,24,11,-153,-80
IQ:4,32,11,-55,167
IQ:5,40,11,166,46
IQ:6,48,11,29,-167
IQ:7,56,11,-178,-2
IQ:8,72,12,202,-50
IQ:9,80,255,-87,-188
IQ:10,88,1,-232,120
IQ:11,96,255,100,191
IQ:12,104,2,101,-188
IQ:13,112,255,-191,-136
IQ:14,120,10,-110,100
IQ:15,128,255,122,60
IQ:16,136,3,35,-201
IQ:17,144,255,-205,-57
IQ:18,152,9,-62,148
IQ:19,160,255,171,9
IQ:20,168,4,27,-276
IQ:21,176,255,-232,-52
IQ:22,184,8,8,169
IQ:23,192,255,178,-18
IQ:24,200,7,-32,-157
IQ:25,208,255,-156,55
IQ:26,216,6,59,175
IQ:27,224,255,174,-110
IQ:28,232,5,-133,-234
IQ:29,240,255,-197,144
IQ:30,248,12,142,151
IQ:31,256,255,123,-156
IQ:32,264,1,-220,-147
IQ:33,272,255,-124,174
IQ:34,280,2,216,31
IQ:35,288,255,43,-241
SW:2
RR:3
SS:3
FR:2402
ME:2
MA:353
KE:2
KA:342
DF_END

Data arrived...
DF_BEGIN
IQ:0,0,11,-62,150
IQ:1,8,11,158,35
IQ:2,16,11,19,-168
IQ:3,24,11,-165,-12
IQ:4,32,11,11,168
IQ:5,40,11,156,-24
IQ:6,48,11,-40,-160
IQ:7,56,11,-154,43
IQ:8,72,12,167,-111
IQ:9,80,255,-132,-146
IQ:10,88,1,-172,179
IQ:11,96,255,159,134
IQ:12,104,2,23,-212
IQ:13,112,255,-212,-80
IQ:14,120,10,-72,117
IQ:15,128,255,119,29
IQ:16,136,3,-43,-192
IQ:17,144,255,-207,27
IQ:18,152,9,4,147
IQ:19,160,255,156,-61
IQ:20,168,4,-69,-255
IQ:21,176,255,-220,47
IQ:22,184,8,81,142
IQ:23,192,255,153,-79
IQ:24,200,7,-69,-130
IQ:25,208,255,-129,92
IQ:26,216,6,111,131
IQ:27,224,255,110,-163
IQ:28,232,5,-207,-153
IQ:29,240,255,-151,188
IQ:30,248,12,162,100
IQ:31,256,255,58,-185
IQ:32,264,1,-241,-70
IQ:33,272,255,-46,202
IQ:34,280,2,206,-69
IQ:35,288,255,-44,-226
SW:2
RR:3
SS:3
FR:2402
ME:2
MA:353
KE:2
KA:344
DF_END

Data arrived...
DF_BEGIN
IQ:0,0,11,25,156
IQ:1,8,11,157,-37
IQ:2,16,11,-57,-148
IQ:3,24,11,-145,76
IQ:4,32,11,95,136
IQ:5,40,11,121,-107
IQ:6,48,11,-115,-125
IQ:7,56,11,-117,125
IQ:8,72,12,27,-157
IQ:9,80,255,-138,-14
IQ:10,88,1,24,134
IQ:11,96,255,121,-10
IQ:12,104,2,-43,-75
IQ:13,112,255,-116,56
IQ:14,120,10,-61,146
IQ:15,128,255,77,34
IQ:16,136,3,-99,-56
IQ:17,144,255,-83,89
IQ:18,152,9,31,63
IQ:19,160,255,22,-71
IQ:20,168,4,-155,-81
IQ:21,176,255,-103,123
IQ:22,184,8,14,60
IQ:23,192,255,35,-63
IQ:24,200,7,-56,-97
IQ:25,208,255,-52,36
IQ:26,216,6,104,7
IQ:27,224,255,-31,-113
IQ:28,232,5,-189,28
IQ:29,240,255,26,170
IQ:30,248,12,147,-56
IQ:31,256,255,-61,-126
IQ:32,264,1,-102,91
IQ:33,272,255,72,103
IQ:34,280,2,39,-66
IQ:35,288,255,-110,-59
SW:2
RR:3
SS:3
FR:2480
ME:5
MA:353
KE:3
KA:344
DF_END

Data arrived...
DF_BEGIN
IQ:0,0,11,-169,-71
IQ:1,8,11,-65,187
IQ:2,16,11,171,42
IQ:3,24,11,16,-177
IQ:4,32,11,-187,-2
IQ:5,40,11,15,189
IQ:6,48,11,184,-45
IQ:7,56,11,-54,-175
IQ:8,72,12,124,133
IQ:9,80,255,112,-110
IQ:10,88,1,-134,-77
IQ:11,96,255,-64,125
IQ:12,104,2,97,3
IQ:13,112,255,20,-148
IQ:14,120,10,-78,-167
IQ:15,128,255,-83,37
IQ:16,136,3,102,-85
IQ:17,144,255,-41,-133
IQ:18,152,9,-53,-15
IQ:19,160,255,63,41
IQ:20,168,4,171,-120
IQ:21,176,255,-69,-177
IQ:22,184,8,-54,-35
IQ:23,192,255,23,68
IQ:24,200,7,137,50
IQ:25,208,255,16,-73
IQ:26,216,6,-56,101
IQ:27,224,255,140,27
IQ:28,232,5,81,-231
IQ:29,240,255,-202,-72
IQ:30,248,12,-37,174
IQ:31,256,255,156,33
IQ:32,264,1,-12,-156
IQ:33,272,255,-143,8
IQ:34,280,2,49,86
IQ:35,288,255,123,-81
SW:2
RR:3
SS:3
FR:2480
ME:10
MA:296
KE:3
KA:340
DF_END

Data arrived...
DF_BEGIN
IQ:0,0,11,-75,-132
IQ:1,8,11,-130,86
IQ:2,16,11,90,125
IQ:3,24,11,111,-101
IQ:4,32,11,-122,-94
IQ:5,40,11,-82,126
IQ:6,48,11,130,76
IQ:7,56,11,64,-141
IQ:8,72,12,-31,170
IQ:9,80,255,145,14
IQ:10,88,1,-52,-157
IQ:11,96,255,-145,52
IQ:12,104,2,98,98
IQ:13,112,255,128,-99
IQ:14,120,10,-51,-133
IQ:15,128,255,-104,54
IQ:16,136,3,127,67
IQ:17,144,255,84,-129
IQ:18,152,9,-86,-81
IQ:19,160,255,-66,101
IQ:20,168,4,149,69
IQ:21,176,255,75,-141
IQ:22,184,8,-99,-59
IQ:23,192,255,-23,123
IQ:24,200,7,154,29
IQ:25,208,255,19,-144
IQ:26,216,6,-138,15
IQ:27,224,255,36,146
IQ:28,232,5,171,-58
IQ:29,240,255,-68,-168
IQ:30,248,12,-163,59
IQ:31,256,255,73,137
IQ:32,264,1,123,-116
IQ:33,272,255,-104,-109
IQ:34,280,2,-51,128
IQ:35,288,255,151,67
SW:2
RR:3
SS:3
FR:2426
ME:2
MA:353
KE:3
KA:341
DF_END

Data arrived...
DF_BEGIN
IQ:0,0,11,-46,145
IQ:1,8,11,147,33
IQ:2,16,11,23,-151
IQ:3,24,11,-148,-5
IQ:4,32,11,14,150
IQ:5,40,11,149,-18
IQ:6,48,11,-42,-149
IQ:7,56,11,-145,57
IQ:8,72,12,129,-106
IQ:9,80,255,-112,-100
IQ:10,88,1,-71,148
IQ:11,96,255,136,63
IQ:12,104,2,-1,-136
IQ:13,112,255,-167,-11
IQ:14,120,10,-50,132
IQ:15,128,255,117,25
IQ:16,136,3,-51,-136
IQ:17,144,255,-157,36
IQ:18,152,9,6,120
IQ:19,160,255,113,-40
IQ:20,168,4,-69,-145
IQ:21,176,255,-150,65
IQ:22,184,8,37,110
IQ:23,192,255,106,-75
IQ:24,200,7,-86,-128
IQ:25,208,255,-113,86
IQ:26,216,6,112,84
IQ:27,224,255,64,-133
IQ:28,232,5,-163,-89
IQ:29,240,255,-89,153
IQ:30,248,12,153,78
IQ:31,256,255,33,-138
IQ:32,264,1,-166,12
IQ:33,272,255,17,150
IQ:34,280,2,125,-61
IQ:35,288,255,-64,-156
SW:2
RR:3
SS:3
FR:2426
ME:2
MA:353
KE:3
KA:342
DF_END

Data arrived...
DF_BEGIN
IQ:0,0,11,-163,-111
IQ:1,8,11,-86,173
IQ:2,16,11,185,69
IQ:3,24,11,70,-184
IQ:4,32,11,-183,-50
IQ:5,40,11,-23,193
IQ:6,48,11,196,-1
IQ:7,56,11,-22,-190
IQ:8,72,12,69,211
IQ:9,80,255,175,-115
IQ:10,88,1,-154,-228
IQ:11,96,255,-190,128
IQ:12,104,2,206,112
IQ:13,112,255,124,-206
IQ:14,120,10,-127,-114
IQ:15,128,255,-73,143
IQ:16,136,3,214,29
IQ:17,144,255,45,-226
IQ:18,152,9,-175,-44
IQ:19,160,255,4,197
IQ:20,168,4,284,-14
IQ:21,176,255,5,-257
IQ:22,184,8,-179,20
IQ:23,192,255,38,184
IQ:24,200,7,162,-60
IQ:25,208,255,-88,-168
IQ:26,216,6,-174,92
IQ:27,224,255,149,165
IQ:28,232,5,226,-181
IQ:29,240,255,-147,-216
IQ:30,248,12,-139,166
IQ:31,256,255,191,114
IQ:32,264,1,113,-234
IQ:33,272,255,-215,-95
IQ:34,280,2,-7,234
IQ:35,288,255,249,35
SW:2
RR:3
SS:3
FR:2402
ME:2
MA:353
KE:3
KA:343
DF_END

Data arrived...
DF_BEGIN
IQ:0,0,11,-119,83
IQ:1,8,11,101,120
IQ:2,16,11,115,-105
IQ:3,24,11,-119,-99
IQ:4,32,11,-89,129
IQ:5,40,11,134,56
IQ:6,48,11,52,-149
IQ:7,56,11,-145,-54
IQ:8,72,12,150,-47
IQ:9,80,255,-35,-132
IQ:10,88,1,-122,65
IQ:11,96,255,49,113
IQ:12,104,2,44,-67
IQ:13,112,255,-104,-75
IQ:14,120,10,-165,-10
IQ:15,128,255,-10,71
IQ:16,136,3,-4,-116
IQ:17,144,255,-116,-46
IQ:18,152,9,-41,38
IQ:19,160,255,57,-10
IQ:20,168,4,-16,-166
IQ:21,176,255,-165,-32
IQ:22,184,8,-52,21
IQ:23,192,255,61,6
IQ:24,200,7,79,-98
IQ:25,208,255,-56,-46
IQ:26,216,6,40,90
IQ:27,224,255,85,-83
IQ:28,232,5,-115,-163
IQ:29,240,255,-149,94
IQ:30,248,12,96,111
IQ:31,256,255,93,-98
IQ:32,264,1,-124,-62
IQ:33,272,255,-64,105
IQ:34,280,2,88,4
IQ:35,288,255,14,-128
SW:2
RR:3
SS:3
FR:2480
ME:7
MA:299
KE:3
KA:339
DF_END

Data arrived...
DF_BEGIN
IQ:0,0,11,-175,-118
IQ:1,8,11,-93,176
IQ:2,16,11,196,54
IQ:3,24,11,46,-202
IQ:4,32,11,-207,-22
IQ:5,40,11,-13,212
IQ:6,48,11,201,-14
IQ:7,56,11,-32,-208
IQ:8,72,12,102,207
IQ:9,80,255,167,-101
IQ:10,88,1,-169,-150
IQ:11,96,255,-127,157
IQ:12,104,2,184,56
IQ:13,112,255,73,-211
IQ:14,120,10,-163,-103
IQ:15,128,255,-70,145
IQ:16,136,3,198,-30
IQ:17,144,255,-9,-220
IQ:18,152,9,-165,-19
IQ:19,160,255,24,162
IQ:20,168,4,219,-57
IQ:21,176,255,-38,-220
IQ:22,184,8,-169,27
IQ:23,192,255,67,151
IQ:24,200,7,196,-87
IQ:25,208,255,-86,-166
IQ:26,216,6,-143,117
IQ:27,224,255,156,123
IQ:28,232,5,161,-198
IQ:29,240,255,-187,-158
IQ:30,248,12,-126,182
IQ:31,256,255,179,79
IQ:32,264,1,35,-220
IQ:33,272,255,-204,-31
IQ:34,280,2,34,193
IQ:35,288,255,227,-32
SW:2
RR:3
SS:3
FR:2426
ME:2
MA:353
KE:3
KA:340
DF_END

Data arrived...
DF_BEGIN
IQ:0,0,11,-181,1
IQ:1,8,11,22,175
IQ:2,16,11,175,-44
IQ:3,24,11,-55,-174
IQ:4,32,11,-163,66
IQ:5,40,11,93,152
IQ:6,48,11,154,-97
IQ:7,56,11,-115,-142
IQ:8,72,12,180,109
IQ:9,80,255,90,-188
IQ:10,88,1,-244,-91
IQ:11,96,255,-72,209
IQ:12,104,2,220,-30
IQ:13,112,255,-14,-235
IQ:14,120,10,-159,-8
IQ:15,128,255,32,141
IQ:16,136,3,191,-105
IQ:17,144,255,-97,-201
IQ:18,152,9,-157,65
IQ:19,160,255,100,160
IQ:20,168,4,226,-157
IQ:21,176,255,-116,-221
IQ:22,184,8,-138,109
IQ:23,192,255,126,122
IQ:24,200,7,95,-133
IQ:25,208,255,-152,-79
IQ:26,216,6,-98,167
IQ:27,224,255,202,72
IQ:28,232,5,106,-250
IQ:29,240,255,-229,-92
IQ:30,248,12,-22,200
IQ:31,256,255,209,-13
IQ:32,264,1,-29,-261
IQ:33,272,255,-220,27
IQ:34,280,2,128,185
IQ:35,288,255,209,-122
SW:2
RR:3
SS:3
FR:2402
ME:2
MA:353
KE:3
KA:341
DF_END

Data arrived...
DF_BEGIN
IQ:0,0,11,-131,94
IQ:1,8,11,111,122
IQ:2,16,11,100,-125
IQ:3,24,11,-131,-85
IQ:4,32,11,-73,151
IQ:5,40,11,138,71
IQ:6,48,11,50,-153
IQ:7,56,11,-164,-31
IQ:8,72,12,148,-63
IQ:9,80,255,-57,-132
IQ:10,88,1,-111,93
IQ:11,96,255,79,100
IQ:12,104,2,34,-79
IQ:13,112,255,-119,-70
IQ:14,120,10,-165,16
IQ:15,128,255,-1,80
IQ:16,136,3,-20,-119
IQ:17,144,255,-125,-27
IQ:18,152,9,-42,48
IQ:19,160,255,67,-24
IQ:20,168,4,-25,-174
IQ:21,176,255,-168,-30
IQ:22,184,8,-53,41
IQ:23,192,255,70,6
IQ:24,200,7,61,-100
IQ:25,208,255,-64,-28
IQ:26,216,6,47,95
IQ:27,224,255,88,-84
IQ:28,232,5,-134,-135
IQ:29,240,255,-143,113
IQ:30,248,12,115,101
IQ:31,256,255,80,-116
IQ:32,264,1,-139,-45
IQ:33,272,255,-59,117
IQ:34,280,2,81,11
IQ:35,288,255,-3,-131
SW:2
RR:3
SS:3
FR:2480
ME:7
MA:299
KE:3
KA:337
DF_END

Data arrived...
DF_BEGIN
IQ:0,0,11,33,-201
IQ:1,8,11,-199,0
IQ:2,16,11,15,200
IQ:3,24,11,192,-34
IQ:4,32,11,-47,-199
IQ:5,40,11,-187,72
IQ:6,48,11,84,184
IQ:7,56,11,169,-107
IQ:8,72,12,-154,161
IQ:9,80,255,163,111
IQ:10,88,1,65,-206
IQ:11,96,255,-192,-51
IQ:12,104,2,17,191
IQ:13,112,255,216,-5
IQ:14,120,10,31,-185
IQ:15,128,255,-155,-4
IQ:16,136,3,107,174
IQ:17,144,255,199,-91
IQ:18,152,9,-31,-153
IQ:19,160,255,-147,79
IQ:20,168,4,124,186
IQ:21,176,255,181,-128
IQ:22,184,8,-88,-143
IQ:23,192,255,-118,118
IQ:24,200,7,134,145
IQ:25,208,255,116,-134
IQ:26,216,6,-170,-78
IQ:27,224,255,-53,190
IQ:28,232,5,249,71
IQ:29,240,255,72,-233
IQ:30,248,12,-215,-60
IQ:31,256,255,-29,193
IQ:32,264,1,210,-43
IQ:33,272,255,-46,-198
IQ:34,280,2,-144,116
IQ:35,288,255,133,183
SW:2
RR:3
SS:3
FR:2426
ME:2
MA:353
KE:3
KA:339
DF_END

Data arrived...
DF_BEGIN
IQ:0,0,11,163,27
IQ:1,8,11,10,-169
IQ:2,16,11,-172,1
IQ:3,24,11,3,162
IQ:4,32,11,167,-18
IQ:5,40,11,-32,-166
IQ:6,48,11,-156,46
IQ:7,56,11,65,148
IQ:8,72,12,-139,-130
IQ:9,80,255,-122,152
IQ:10,88,1,186,170
IQ:11,96,255,124,-155
IQ:12,104,2,-212,-23
IQ:13,112,255,-43,223
IQ:14,120,10,131,42
IQ:15,128,255,4,-134
IQ:16,136,3,-208,57
IQ:17,144,255,27,210
IQ:18,152,9,151,-20
IQ:19,160,255,-68,-160
IQ:20,168,4,-244,88
IQ:21,176,255,71,215
IQ:22,184,8,139,-94
IQ:23,192,255,-102,-142
IQ:24,200,7,-119,76
IQ:25,208,255,102,106
IQ:26,216,6,128,-118
IQ:27,224,255,-169,-106
IQ:28,232,5,-165,208
IQ:29,240,255,187,140
IQ:30,248,12,67,-173
IQ:31,256,255,-190,-35
IQ:32,264,1,-34,246
IQ:33,272,255,200,34
IQ:34,280,2,-80,-202
IQ:35,288,255,-226,56
SW:2
RR:3
SS:3
FR:2402
ME:359
MA:5
KE:3
KA:341
DF_END

Data arrived...
DF_BEGIN
IQ:0,0,11,-25,165
IQ:1,8,11,166,11
IQ:2,16,11,-9,-160
IQ:3,24,11,-166,34
IQ:4,32,11,41,165
IQ:5,40,11,158,-47
IQ:6,48,11,-69,-144
IQ:7,56,11,-139,87
IQ:8,72,12,68,-149
IQ:9,80,255,-130,-54
IQ:10,88,1,-24,144
IQ:11,96,255,127,33
IQ:12,104,2,-13,-86
IQ:13,112,255,-137,21
IQ:14,120,10,-113,124
IQ:15,128,255,65,56
IQ:16,136,3,-84,-80
IQ:17,144,255,-115,58
IQ:18,152,9,9,70
IQ:19,160,255,43,-61
IQ:20,168,4,-135,-101
IQ:21,176,255,-134,103
IQ:22,184,8,-2,61
IQ:23,192,255,55,-49
IQ:24,200,7,-33,-123
IQ:25,208,255,-69,25
IQ:26,216,6,102,45
IQ:27,224,255,2,-127
IQ:28,232,5,-201,-25
IQ:29,240,255,-17,173
IQ:30,248,12,159,-19
IQ:31,256,255,-10,-143
IQ:32,264,1,-128,56
IQ:33,272,255,50,124
IQ:34,280,2,67,-55
IQ:35,288,255,-92,-92
SW:2
RR:3
SS:3
FR:2480
ME:7
MA:296
KE:3
KA:337
DF_END

Data arrived...
DF_BEGIN
IQ:0,0,11,-180,-56
IQ:1,8,11,-9,185
IQ:2,16,11,213,20
IQ:3,24,11,-11,-204
IQ:4,32,11,-205,2
IQ:5,40,11,40,159
IQ:6,48,11,152,-65
IQ:7,56,11,-62,-177
IQ:8,72,12,153,172
IQ:9,80,255,125,-165
IQ:10,88,1,-211,-97
IQ:11,96,255,-82,182
IQ:12,104,2,158,-1
IQ:13,112,255,59,-233
IQ:14,120,10,-171,-106
IQ:15,128,255,-50,165
IQ:16,136,3,187,-121
IQ:17,144,255,-73,-198
IQ:18,152,9,-147,7
IQ:19,160,255,75,121
IQ:20,168,4,195,-129
IQ:21,176,255,-83,-202
IQ:22,184,8,-171,84
IQ:23,192,255,122,122
IQ:24,200,7,181,-132
IQ:25,208,255,-131,-108
IQ:26,216,6,-112,150
IQ:27,224,255,184,51
IQ:28,232,5,92,-234
IQ:29,240,255,-216,-117
IQ:30,248,12,-68,203
IQ:31,256,255,180,8
IQ:32,264,1,-40,-224
IQ:33,272,255,-217,-1
IQ:34,280,2,106,172
IQ:35,288,255,215,-104
SW:2
RR:3
SS:3
FR:2426
ME:2
MA:353
KE:3
KA:338
DF_END

Data arrived...
DF_BEGIN
IQ:0,0,11,166,-112
IQ:1,8,11,-130,-145
IQ:2,16,11,-125,151
IQ:3,24,11,164,110
IQ:4,32,11,96,-177
IQ:5,40,11,-187,-57
IQ:6,48,11,-49,199
IQ:7,56,11,193,46
IQ:8,72,12,-221,26
IQ:9,80,255,48,184
IQ:10,88,1,194,-114
IQ:11,96,255,-99,-179
IQ:12,104,2,-113,158
IQ:13,112,255,166,144
IQ:14,120,10,160,-104
IQ:15,128,255,-99,-105
IQ:16,136,3,-31,200
IQ:17,144,255,203,75
IQ:18,152,9,78,-130
IQ:19,160,255,-160,-31
IQ:20,168,4,-33,220
IQ:21,176,255,212,56
IQ:22,184,8,27,-152
IQ:23,192,255,-168,3
IQ:24,200,7,0,198
IQ:25,208,255,176,-20
IQ:26,216,6,-57,-173
IQ:27,224,255,-175,88
IQ:28,232,5,114,226
IQ:29,240,255,209,-126
IQ:30,248,12,-113,-187
IQ:31,256,255,-144,123
IQ:32,264,1,191,115
IQ:33,272,255,105,-167
IQ:34,280,2,-188,-31
IQ:35,288,255,-63,219
SW:2
RR:3
SS:3
FR:2426
ME:2
MA:353
KE:3
KA:340
DF_END

Data arrived...
DF_BEGIN
IQ:0,0,11,-156,52
IQ:1,8,11,76,148
IQ:2,16,11,140,-82
IQ:3,24,11,-85,-137
IQ:4,32,11,-129,101
IQ:5,40,11,115,117
IQ:6,48,11,99,-125
IQ:7,56,11,-128,-94
IQ:8,72,12,174,79
IQ:9,80,255,34,-176
IQ:10,88,1,-241,-38
IQ:11,96,255,-32,198
IQ:12,104,2,199,-82
IQ:13,112,255,-37,-219
IQ:14,120,10,-134,8
IQ:15,128,255,68,106
IQ:16,136,3,133,-158
IQ:17,144,255,-131,-162
IQ:18,152,9,-114,83
IQ:19,160,255,136,97
IQ:20,168,4,171,-197
IQ:21,176,255,-156,-170
IQ:22,184,8,-81,134
IQ:23,192,255,151,80
IQ:24,200,7,59,-119
IQ:25,208,255,-140,-37
IQ:26,216,6,-31,165
IQ:27,224,255,195,-19
IQ:28,232,5,24,-268
IQ:29,240,255,-232,-21
IQ:30,248,12,13,189
IQ:31,256,255,184,-47
IQ:32,264,1,-85,-216
IQ:33,272,255,-182,81
IQ:34,280,2,171,120
IQ:35,288,255,151,-171
SW:2
RR:3
SS:3
FR:2402
ME:359
MA:5
KE:2
KA:342
DF_END

Data arrived...
DF_BEGIN
IQ:0,0,11,-138,-104
IQ:1,8,11,-79,151
IQ:2,16,11,151,75
IQ:3,24,11,50,-157
IQ:4,32,11,-161,-48
IQ:5,40,11,-30,161
IQ:6,48,11,172,23
IQ:7,56,11,-2,-164
IQ:8,72,12,61,183
IQ:9,80,255,157,-96
IQ:10,88,1,-134,-208
IQ:11,96,255,-168,118
IQ:12,104,2,203,95
IQ:13,112,255,130,-188
IQ:14,120,10,-103,-92
IQ:15,128,255,-59,120
IQ:16,136,3,209,30
IQ:17,144,255,65,-201
IQ:18,152,9,-144,-40
IQ:19,160,255,1,171
IQ:20,168,4,260,7
IQ:21,176,255,19,-230
IQ:22,184,8,-159,24
IQ:23,192,255,37,173
IQ:24,200,7,141,-28
IQ:25,208,255,-54,-142
IQ:26,216,6,-164,69
IQ:27,224,255,125,148
IQ:28,232,5,220,-162
IQ:29,240,255,-133,-202
IQ:30,248,12,-129,137
IQ:31,256,255,156,105
IQ:32,264,1,136,-211
IQ:33,272,255,-177,-105
IQ:34,280,2,11,218
IQ:35,288,255,232,14
SW:2
RR:3
SS:3
FR:2402
ME:359
MA:5
KE:2
KA:345
DF_END

Data arrived...
DF_BEGIN
IQ:0,0,11,-39,156
IQ:1,8,11,155,20
IQ:2,16,11,-7,-167
IQ:3,24,11,-160,12
IQ:4,32,11,40,159
IQ:5,40,11,156,-48
IQ:6,48,11,-68,-146
IQ:7,56,11,-141,78
IQ:8,72,12,78,-139
IQ:9,80,255,-122,-72
IQ:10,88,1,-22,140
IQ:11,96,255,124,30
IQ:12,104,2,-12,-86
IQ:13,112,255,-138,4
IQ:14,120,10,-116,107
IQ:15,128,255,56,61
IQ:16,136,3,-85,-84
IQ:17,144,255,-114,55
IQ:18,152,9,-1,69
IQ:19,160,255,35,-54
IQ:20,168,4,-135,-109
IQ:21,176,255,-132,96
IQ:22,184,8,-14,65
IQ:23,192,255,57,-44
IQ:24,200,7,-11,-118
IQ:25,208,255,-70,20
IQ:26,216,6,98,34
IQ:27,224,255,2,-124
IQ:28,232,5,-198,-27
IQ:29,240,255,-33,173
IQ:30,248,12,164,-10
IQ:31,256,255,-13,-143
IQ:32,264,1,-127,40
IQ:33,272,255,51,112
IQ:34,280,2,64,-60
IQ:35,288,255,-86,-96
SW:2
RR:3
SS:3
FR:2480
ME:7
MA:299
KE:2
KA:340
DF_END

Data arrived...
DF_BEGIN
IQ:0,0,11,-186,-83
IQ:1,8,11,-67,193
IQ:2,16,11,199,48
IQ:3,24,11,34,-201
IQ:4,32,11,-205,-21
IQ:5,40,11,-9,206
IQ:6,48,11,201,-7
IQ:7,56,11,-45,-