IQ:24,200,7,204,-19
IQ:25,208,255,-12,-185
IQ:26,216,6,-159,65
IQ:27,224,255,99,163
IQ:28,232,5,197,-130
IQ:29,240,255,-124,-195
IQ:30,248,12,-187,117
IQ:31,256,255,128,144
IQ:32,264,1,104,-187
IQ:33,272,255,-175,-77
IQ:34,280,2,10,184
IQ:35,288,255,214,6
SW:2
RR:3
SS:3
FR:2426
ME:2
MA:353
KE:4
KA:333
DF_END

Data arrived...
DF_BEGIN
IQ:0,0,11,-169,67
IQ:1,8,11,100,163
IQ:2,16,11,139,-120
IQ:3,24,11,-135,-140
IQ:4,32,11,-137,128
IQ:5,40,11,145,122
IQ:6,48,11,102,-159
IQ:7,56,11,-170,-95
IQ:8,72,12,211,41
IQ:9,80,255,-6,-209
IQ:10,88,1,-268,10
IQ:11,96,255,8,222
IQ:12,104,2,182,-126
IQ:13,112,255,-109,-208
IQ:14,120,10,-155,49
IQ:15,128,255,72,121
IQ:16,136,3,87,-178
IQ:17,144,255,-190,-118
IQ:18,152,9,-116,131
IQ:19,160,255,167,86
IQ:20,168,4,130,-232
IQ:21,176,255,-202,-122
IQ:22,184,8,-60,165
IQ:23,192,255,173,52
IQ:24,200,7,34,-168
IQ:25,208,255,-180,-15
IQ:26,216,6,-5,188
IQ:27,224,255,204,-48
IQ:28,232,5,-46,-277
IQ:29,240,255,-251,28
IQ:30,248,12,73,202
IQ:31,256,255,184,-99
IQ:32,264,1,-164,-203
IQ:33,272,255,-177,146
IQ:34,280,2,197,87
IQ:35,288,255,127,-208
SW:2
RR:3
SS:3
FR:2402
ME:359
MA:5
KE:3
KA:336
DF_END

Data arrived...
DF_BEGIN
IQ:0,0,11,38,-141
IQ:1,8,11,-150,-13
IQ:2,16,11,3,145
IQ:3,24,11,147,-15
IQ:4,32,11,-26,-153
IQ:5,40,11,-142,46
IQ:6,48,11,60,136
IQ:7,56,11,138,-74
IQ:8,72,12,-85,121
IQ:9,80,255,102,66
IQ:10,88,1,34,-123
IQ:11,96,255,-107,-39
IQ:12,104,2,9,80
IQ:13,112,255,127,-3
IQ:14,120,10,110,-92
IQ:15,128,255,-48,-56
IQ:16,136,3,75,90
IQ:17,144,255,108,-40
IQ:18,152,9,0,-53
IQ:19,160,255,-40,50
IQ:20,168,4,115,121
IQ:21,176,255,135,-71
IQ:22,184,8,10,-47
IQ:23,192,255,-51,33
IQ:24,200,7,-16,99
IQ:25,208,255,57,-3
IQ:26,216,6,-90,-39
IQ:27,224,255,-7,118
IQ:28,232,5,185,36
IQ:29,240,255,36,-171
IQ:30,248,12,-146,-3
IQ:31,256,255,-1,127
IQ:32,264,1,120,-37
IQ:33,272,255,-30,-113
IQ:34,280,2,-70,47
IQ:35,288,255,74,96
SW:2
RR:3
SS:3
FR:2480
ME:7
MA:299
KE:3
KA:332
DF_END

Data arrived...
DF_BEGIN
IQ:0,0,11,-81,168
IQ:1,8,11,176,70
IQ:2,16,11,65,-181
IQ:3,24,11,-184,-45
IQ:4,32,11,-25,186
IQ:5,40,11,193,16
IQ:6,48,11,-9,-187
IQ:7,56,11,-191,39
IQ:8,72,12,191,-108
IQ:9,80,255,-103,-157
IQ:10,88,1,-129,167
IQ:11,96,255,151,102
IQ:12,104,2,3,-177
IQ:13,112,255,-206,-36
IQ:14,120,10,-96,155
IQ:15,128,255,123,64
IQ:16,136,3,-45,-179
IQ:17,144,255,-208,18
IQ:18,152,9,-34,135
IQ:19,160,255,132,-30
IQ:20,168,4,-76,-199
IQ:21,176,255,-209,47
IQ:22,184,8,17,145
IQ:23,192,255,137,-62
IQ:24,200,7,-77,-180
IQ:25,208,255,-152,88
IQ:26,216,6,114,133
IQ:27,224,255,116,-140
IQ:28,232,5,-198,-131
IQ:29,240,255,-119,194
IQ:30,248,12,185,111
IQ:31,256,255,80,-171
IQ:32,264,1,-213,-24
IQ:33,272,255,-15,193
IQ:34,280,2,153,-69
IQ:35,288,255,-65,-208
SW:2
RR:3
SS:3
FR:2426
ME:2
MA:353
KE:3
KA:334
DF_END

Data arrived...
DF_BEGIN
IQ:0,0,11,60,-178
IQ:1,8,11,-185,-49
IQ:2,16,11,-29,186
IQ:3,24,11,193,14
IQ:4,32,11,-6,-185
IQ:5,40,11,-188,31
IQ:6,48,11,32,187
IQ:7,56,11,181,-50
IQ:8,72,12,-153,143
IQ:9,80,255,136,132
IQ:10,88,1,93,-189
IQ:11,96,255,-171,-84
IQ:12,104,2,-3,174
IQ:13,112,255,208,20
IQ:14,120,10,80,-161
IQ:15,128,255,-136,-29
IQ:16,136,3,88,167
IQ:17,144,255,199,-54
IQ:18,152,9,3,-139
IQ:19,160,255,-126,54
IQ:20,168,4,108,182
IQ:21,176,255,195,-84
IQ:22,184,8,-53,-139
IQ:23,192,255,-135,89
IQ:24,200,7,98,171
IQ:25,208,255,145,-100
IQ:26,216,6,-132,-112
IQ:27,224,255,-89,162
IQ:28,232,5,208,112
IQ:29,240,255,101,-205
IQ:30,248,12,-204,-83
IQ:31,256,255,-43,182
IQ:32,264,1,215,-11
IQ:33,272,255,7,-195
IQ:34,280,2,-153,84
IQ:35,288,255,82,203
SW:2
RR:3
SS:3
FR:2426
ME:2
MA:353
KE:3
KA:336
DF_END

Data arrived...
DF_BEGIN
IQ:0,0,11,-180,-57
IQ:1,8,11,-35,187
IQ:2,16,11,193,22
IQ:3,24,11,-3,-192
IQ:4,32,11,-191,5
IQ:5,40,11,26,186
IQ:6,48,11,187,-38
IQ:7,56,11,-56,-179
IQ:8,72,12,136,176
IQ:9,80,255,143,-145
IQ:10,88,1,-222,-148
IQ:11,96,255,-125,190
IQ:12,104,2,218,8
IQ:13,112,255,57,-230
IQ:14,120,10,-140,-75
IQ:15,128,255,-25,140
IQ:16,136,3,186,-61
IQ:17,144,255,-30,-215
IQ:18,152,9,-175,-12
IQ:19,160,255,43,171
IQ:20,168,4,255,-83
IQ:21,176,255,-57,-228
IQ:22,184,8,-157,68
IQ:23,192,255,91,150
IQ:24,200,7,143,-85
IQ:25,208,255,-114,-137
IQ:26,216,6,-132,134
IQ:27,224,255,174,112
IQ:28,232,5,148,-237
IQ:29,240,255,-205,-141
IQ:30,248,12,-110,193
IQ:31,256,255,192,61
IQ:32,264,1,25,-261
IQ:33,272,255,-227,-9
IQ:34,280,2,90,198
IQ:35,288,255,226,-80
SW:2
RR:3
SS:3
FR:2402
ME:2
MA:353
KE:3
KA:338
DF_END

Data arrived...
DF_BEGIN
IQ:0,0,11,100,-115
IQ:1,8,11,-126,-83
IQ:2,16,11,-71,132
IQ:3,24,11,137,52
IQ:4,32,11,36,-147
IQ:5,40,11,-152,-30
IQ:6,48,11,-9,150
IQ:7,56,11,152,-11
IQ:8,72,12,-136,71
IQ:9,80,255,68,110
IQ:10,88,1,91,-99
IQ:11,96,255,-74,-87
IQ:12,104,2,-23,84
IQ:13,112,255,117,48
IQ:14,120,10,150,-37
IQ:15,128,255,-3,-67
IQ:16,136,3,23,112
IQ:17,144,255,116,18
IQ:18,152,9,24,-51
IQ:19,160,255,-66,33
IQ:20,168,4,47,156
IQ:21,176,255,155,-12
IQ:22,184,8,31,-41
IQ:23,192,255,-60,6
IQ:24,200,7,-52,95
IQ:25,208,255,50,22
IQ:26,216,6,-60,-73
IQ:27,224,255,-61,105
IQ:28,232,5,158,107
IQ:29,240,255,99,-136
IQ:30,248,12,-126,-68
IQ:31,256,255,-67,116
IQ:32,264,1,127,16
IQ:33,272,255,15,-116
IQ:34,280,2,-84,15
IQ:35,288,255,24,123
SW:2
RR:3
SS:3
FR:2480
ME:7
MA:299
KE:3
KA:334
DF_END

Data arrived...
DF_BEGIN
IQ:0,0,11,93,170
IQ:1,8,11,154,-108
IQ:2,16,11,-123,-150
IQ:3,24,11,-120,138
IQ:4,32,11,161,94
IQ:5,40,11,95,-174
IQ:6,48,11,-173,-88
IQ:7,56,11,-67,178
IQ:8,72,12,20,-214
IQ:9,80,255,-185,9
IQ:10,88,1,80,202
IQ:11,96,255,173,-75
IQ:12,104,2,-145,-112
IQ:13,112,255,-149,148
IQ:14,120,10,80,163
IQ:15,128,255,105,-80
IQ:16,136,3,-186,-42
IQ:17,144,255,-86,192
IQ:18,152,9,109,92
IQ:19,160,255,45,-137
IQ:20,168,4,-211,-33
IQ:21,176,255,-55,207
IQ:22,184,8,140,40
IQ:23,192,255,13,-163
IQ:24,200,7,-197,-17
IQ:25,208,255,1,178
IQ:26,216,6,173,-32
IQ:27,224,255,-74,-171
IQ:28,232,5,-214,107
IQ:29,240,255,99,209
IQ:30,248,12,195,-97
IQ:31,256,255,-101,-158
IQ:32,264,1,-118,178
IQ:33,272,255,158,115
IQ:34,280,2,31,-177
IQ:35,288,255,-219,-56
SW:2
RR:3
SS:3
FR:2426
ME:2
MA:353
KE:3
KA:336
DF_END

Data arrived...
DF_BEGIN
IQ:0,0,11,40,184
IQ:1,8,11,164,-73
IQ:2,16,11,-99,-161
IQ:3,24,11,-144,115
IQ:4,32,11,131,135
IQ:5,40,11,129,-144
IQ:6,48,11,-144,-124
IQ:7,56,11,-106,147
IQ:8,72,12,46,-216
IQ:9,80,255,-202,-23
IQ:10,88,1,-6,261
IQ:11,96,255,222,-5
IQ:12,104,2,-118,-187
IQ:13,112,255,-209,101
IQ:14,120,10,46,156
IQ:15,128,255,127,-70
IQ:16,136,3,-159,-125
IQ:17,144,255,-155,159
IQ:18,152,9,113,132
IQ:19,160,255,100,-144
IQ:20,168,4,-220,-137
IQ:21,176,255,-138,192
IQ:22,184,8,149,77
IQ:23,192,255,46,-166
IQ:24,200,7,-168,-39
IQ:25,208,255,-22,171
IQ:26,216,6,192,24
IQ:27,224,255,-28,-207
IQ:28,232,5,-273,21
IQ:29,240,255,21,239
IQ:30,248,12,205,-70
IQ:31,256,255,-88,-189
IQ:32,264,1,-222,139
IQ:33,272,255,108,193
IQ:34,280,2,105,-188
IQ:35,288,255,-202,-134
SW:2
RR:3
SS:3
FR:2402
ME:2
MA:353
KE:3
KA:338
DF_END

Data arrived...
DF_BEGIN
IQ:0,0,11,180,50
IQ:1,8,11,32,-188
IQ:2,16,11,-185,-18
IQ:3,24,11,17,187
IQ:4,32,11,187,-30
IQ:5,40,11,-53,-175
IQ:6,48,11,-176,70
IQ:7,56,11,73,173
IQ:8,72,12,-156,-154
IQ:9,80,255,-125,173
IQ:10,88,1,213,147
IQ:11,96,255,131,-181
IQ:12,104,2,-213,-12
IQ:13,112,255,-33,234
IQ:14,120,10,153,52
IQ:15,128,255,10,-145
IQ:16,136,3,-196,59
IQ:17,144,255,46,209
IQ:18,152,9,164,-26
IQ:19,160,255,-74,-164
IQ:20,168,4,-224,131
IQ:21,176,255,111,217
IQ:22,184,8,143,-85
IQ:23,192,255,-115,-141
IQ:24,200,7,-126,104
IQ:25,208,255,133,118
IQ:26,216,6,126,-136
IQ:27,224,255,-181,-95
IQ:28,232,5,-141,243
IQ:29,240,255,209,125
IQ:30,248,12,61,-204
IQ:31,256,255,-207,-26
IQ:32,264,1,0,260
IQ:33,272,255,224,-1
IQ:34,280,2,-97,-195
IQ:35,288,255,-221,89
SW:2
RR:3
SS:3
FR:2402
ME:2
MA:353
KE:3
KA:339
DF_END

Data arrived...
DF_BEGIN
IQ:0,0,11,-77,135
IQ:1,8,11,145,59
IQ:2,16,11,43,-148
IQ:3,24,11,-151,-44
IQ:4,32,11,-29,149
IQ:5,40,11,146,7
IQ:6,48,11,-27,-155
IQ:7,56,11,-160,29
IQ:8,72,12,102,-111
IQ:9,80,255,-94,-107
IQ:10,88,1,-83,104
IQ:11,96,255,98,68
IQ:12,104,2,19,-88
IQ:13,112,255,-121,-35
IQ:14,120,10,-133,69
IQ:15,128,255,29,63
IQ:16,136,3,-47,-106
IQ:17,144,255,-124,6
IQ:18,152,9,-13,51
IQ:19,160,255,65,-46
IQ:20,168,4,-83,-150
IQ:21,176,255,-156,45
IQ:22,184,8,-24,40
IQ:23,192,255,65,-24
IQ:24,200,7,31,-105
IQ:25,208,255,-55,-14
IQ:26,216,6,78,66
IQ:27,224,255,45,-116
IQ:28,232,5,-174,-90
IQ:29,240,255,-85,148
IQ:30,248,12,147,41
IQ:31,256,255,36,-130
IQ:32,264,1,-135,-1
IQ:33,272,255,-3,124
IQ:34,280,2,83,-25
IQ:35,288,255,-45,-118
SW:2
RR:3
SS:3
FR:2480
ME:7
MA:299
KE:3
KA:335
DF_END

Data arrived...
DF_BEGIN
IQ:0,0,11,-182,-65
IQ:1,8,11,-48,182
IQ:2,16,11,186,23
IQ:3,24,11,-3,-189
IQ:4,32,11,-186,20
IQ:5,40,11,30,192
IQ:6,48,11,178,-49
IQ:7,56,11,-72,-181
IQ:8,72,12,146,158
IQ:9,80,255,120,-139
IQ:10,88,1,-191,-92
IQ:11,96,255,-84,168
IQ:12,104,2,180,-15
IQ:13,112,255,9,-208
IQ:14,120,10,-167,-68
IQ:15,128,255,-28,136
IQ:16,136,3,162,-87
IQ:17,144,255,-57,-198
IQ:18,152,9,-144,-3
IQ:19,160,255,46,132
IQ:20,168,4,183,-112
IQ:21,176,255,-94,-188
IQ:22,184,8,-139,51
IQ:23,192,255,88,128
IQ:24,200,7,170,-105
IQ:25,208,255,-104,-145
IQ:26,216,6,-110,133
IQ:27,224,255,170,79
IQ:28,232,5,89,-222
IQ:29,240,255,-215,-98
IQ:30,248,12,-89,193
IQ:31,256,255,182,44
IQ:32,264,1,-19,-211
IQ:33,272,255,-194,12
IQ:34,280,2,95,150
IQ:35,288,255,188,-99
SW:2
RR:3
SS:3
FR:2426
ME:2
MA:353
KE:3
KA:337
DF_END

Data arrived...
DF_BEGIN
IQ:0,0,11,173,32
IQ:1,8,11,18,-184
IQ:2,16,11,-175,3
IQ:3,24,11,29,185
IQ:4,32,11,179,-43
IQ:5,40,11,-51,-179
IQ:6,48,11,-178,55
IQ:7,56,11,87,146
IQ:8,72,12,-156,-149
IQ:9,80,255,-118,170
IQ:10,88,1,227,109
IQ:11,96,255,92,-206
IQ:12,104,2,-215,1
IQ:13,112,255,-3,230
IQ:14,120,10,152,40
IQ:15,128,255,-3,-141
IQ:16,136,3,-187,83
IQ:17,144,255,53,203
IQ:18,152,9,161,-41
IQ:19,160,255,-79,-162
IQ:20,168,4,-226,128
IQ:21,176,255,94,211
IQ:22,184,8,136,-96
IQ:23,192,255,-129,-127
IQ:24,200,7,-114,124
IQ:25,208,255,136,102
IQ:26,216,6,106,-151
IQ:27,224,255,-192,-81
IQ:28,232,5,-121,239
IQ:29,240,255,221,79
IQ:30,248,12,36,-211
IQ:31,256,255,-201,-15
IQ:32,264,1,17,262
IQ:33,272,255,219,-11
IQ:34,280,2,-124,-183
IQ:35,288,255,-216,111
SW:2
RR:3
SS:3
FR:2402
ME:2
MA:353
KE:3
KA:339
DF_END

Data arrived...
DF_BEGIN
IQ:0,0,11,90,-126
IQ:1,8,11,-138,-63
IQ:2,16,11,-50,147
IQ:3,24,11,148,32
IQ:4,32,11,14,-164
IQ:5,40,11,-161,-8
IQ:6,48,11,7,153
IQ:7,56,11,153,-25
IQ:8,72,12,-126,95
IQ:9,80,255,94,95
IQ:10,88,1,74,-115
IQ:11,96,255,-94,-86
IQ:12,104,2,-21,82
IQ:13,112,255,120,37
IQ:14,120,10,143,-50
IQ:15,128,255,-18,-74
IQ:16,136,3,41,105
IQ:17,144,255,120,-15
IQ:18,152,9,18,-59
IQ:19,160,255,-61,41
IQ:20,168,4,87,142
IQ:21,176,255,154,-49
IQ:22,184,8,25,-53
IQ:23,192,255,-61,22
IQ:24,200,7,-33,103
IQ:25,208,255,62,5
IQ:26,216,6,-77,-77
IQ:27,224,255,-54,109
IQ:28,232,5,160,98
IQ:29,240,255,81,-156
IQ:30,248,12,-143,-42
IQ:31,256,255,-41,133
IQ:32,264,1,128,6
IQ:33,272,255,16,-129
IQ:34,280,2,-82,23
IQ:35,288,255,37,119
SW:2
RR:3
SS:3
FR:2480
ME:7
MA:299
KE:3
KA:335
DF_END

Data arrived...
DF_BEGIN
IQ:0,0,11,-145,-74
IQ:1,8,11,-60,146
IQ:2,16,11,148,41
IQ:3,24,11,25,-162
IQ:4,32,11,-168,-13
IQ:5,40,11,4,154
IQ:6,48,11,153,-23
IQ:7,56,11,-38,-157
IQ:8,72,12,101,116
IQ:9,80,255,91,-94
IQ:10,88,1,-119,-69
IQ:11,96,255,-69,97
IQ:12,104,2,81,5
IQ:13,112,255,24,-127
IQ:14,120,10,-74,-130
IQ:15,128,255,-71,38
IQ:16,136,3,106,-45
IQ:17,144,255,-16,-126
IQ:18,152,9,-63,-12
IQ:19,160,255,45,54
IQ:20,168,4,137,-93
IQ:21,176,255,-66,-152
IQ:22,184,8,-56,-19
IQ:23,192,255,28,62
IQ:24,200,7,108,28
IQ:25,208,255,3,-57
IQ:26,216,6,-71,78
IQ:27,224,255,112,38
IQ:28,232,5,84,-176
IQ:29,240,255,-158,-81
IQ:30,248,12,-51,143
IQ:31,256,255,132,32
IQ:32,264,1,-17,-131
IQ:33,272,255,-125,0
IQ:34,280,2,25,79
IQ:35,288,255,113,-53
SW:2
RR:3
SS:3
FR:2480
ME:7
MA:299
KE:3
KA:331
DF_END

Data arrived...
DF_BEGIN
IQ:0,0,11,34,179
IQ:1,8,11,176,-69
IQ:2,16,11,-79,-180
IQ:3,24,11,-166,84
IQ:4,32,11,98,161
IQ:5,40,11,155,-109
IQ:6,48,11,-126,-139
IQ:7,56,11,-114,144
IQ:8,72,12,83,-203
IQ:9,80,255,-171,-44
IQ:10,88,1,16,218
IQ:11,96,255,193,-7
IQ:12,104,2,-93,-161
IQ:13,112,255,-195,77
IQ:14,120,10,12,177
IQ:15,128,255,134,-34
IQ:16,136,3,-159,-110
IQ:17,144,255,-139,154
IQ:18,152,9,85,118
IQ:19,160,255,96,-114
IQ:20,168,4,-181,-109
IQ:21,176,255,-132,171
IQ:22,184,8,110,98
IQ:23,192,255,56,-143
IQ:24,200,7,-176,-82
IQ:25,208,255,-57,164
IQ:26,216,6,180,21
IQ:27,224,255,-9,-179
IQ:28,232,5,-242,31
IQ:29,240,255,35,234
IQ:30,248,12,211,-21
IQ:31,256,255,-55,-174
IQ:32,264,1,-179,115
IQ:33,272,255,107,158
IQ:34,280,2,97,-160
IQ:35,288,255,-176,-130
SW:2
RR:3
SS:3
FR:2426
ME:2
MA:353
KE:3
KA:333
DF_END

Data arrived...
DF_BEGIN
IQ:0,0,11,-118,-131
IQ:1,8,11,-113,134
IQ:2,16,11,146,100
IQ:3,24,11,92,-154
IQ:4,32,11,-163,-66
IQ:5,40,11,-58,172
IQ:6,48,11,176,44
IQ:7,56,11,25,-180
IQ:8,72,12,19,204
IQ:9,80,255,183,-54
IQ:10,88,1,-117,-221
IQ:11,96,255,-194,105
IQ:12,104,2,178,130
IQ:13,112,255,174,-151
IQ:14,120,10,-86,-119
IQ:15,128,255,-79,109
IQ:16,136,3,192,45
IQ:17,144,255,56,-200
IQ:18,152,9,-147,-70
IQ:19,160,255,-44,169
IQ:20,168,4,253,53
IQ:21,176,255,61,-218
IQ:22,184,8,-165,4
IQ:23,192,255,28,165
IQ:24,200,7,157,-22
IQ:25,208,255,-38,-160
IQ:26,216,6,-163,64
IQ:27,224,255,109,170
IQ:28,232,5,243,-119
IQ:29,240,255,-130,-206
IQ:30,248,12,-157,134
IQ:31,256,255,150,133
IQ:32,264,1,157,-193
IQ:33,272,255,-172,-113
IQ:34,280,2,-1,221
IQ:35,288,255,228,59
SW:2
RR:3
SS:3
FR:2402
ME:2
MA:353
KE:3
KA:335
DF_END

Data arrived...
DF_BEGIN
IQ:0,0,11,134,85
IQ:1,8,11,68,-148
IQ:2,16,11,-154,-46
IQ:3,24,11,-36,153
IQ:4,32,11,160,36
IQ:5,40,11,6,-153
IQ:6,48,11,-160,17
IQ:7,56,11,36,153
IQ:8,72,12,-110,-110
IQ:9,80,255,-96,96
IQ:10,88,1,116,68
IQ:11,96,255,63,-104
IQ:12,104,2,-85,-15
IQ:13,112,255,-38,125
IQ:14,120,10,56,144
IQ:15,128,255,63,-30
IQ:16,136,3,-108,51
IQ:17,144,255,19,118
IQ:18,152,9,64,21
IQ:19,160,255,-45,-62
IQ:20,168,4,-148,88
IQ:21,176,255,49,153
IQ:22,184,8,52,27
IQ:23,192,255,-26,-61
IQ:24,200,7,-101,-21
IQ:25,208,255,0,60
IQ:26,216,6,59,-81
IQ:27,224,255,-117,-37
IQ:28,232,5,-67,184
IQ:29,240,255,157,64
IQ:30,248,12,41,-144
IQ:31,256,255,-131,-39
IQ:32,264,1,2,133
IQ:33,272,255,124,-2
IQ:34,280,2,-37,-82
IQ:35,288,255,-116,61
SW:2
RR:3
SS:3
FR:2480
ME:7
MA:296
KE:3
KA:332
DF_END

Data arrived...
DF_BEGIN
IQ:0,0,11,-144,129
IQ:1,8,11,142,130
IQ:2,16,11,115,-153
IQ:3,24,11,-154,-104
IQ:4,32,11,-77,173
IQ:5,40,11,183,61
IQ:6,48,11,51,-183
IQ:7,56,11,-197,-36
IQ:8,72,12,210,-44
IQ:9,80,255,-53,-187
IQ:10,88,1,-186,101
IQ:11,96,255,107,160
IQ:12,104,2,86,-161
IQ:13,112,255,-176,-123
IQ:14,120,10,-144,112
IQ:15,128,255,109,91
IQ:16,136,3,18,-195
IQ:17,144,255,-200,-59
IQ:18,152,9,-67,128
IQ:19,160,255,144,28
IQ:20,168,4,10,-218
IQ:21,176,255,-211,-21
IQ:22,184,8,-17,143
IQ:23,192,255,158,-15
IQ:24,200,7,-7,-194
IQ:25,208,255,-175,34
IQ:26,216,6,58,162
IQ:27,224,255,150,-115
IQ:28,232,5,-118,-225
IQ:29,240,255,-204,102
IQ:30,248,12,127,176
IQ:31,256,255,135,-122
IQ:32,264,1,-190,-101
IQ:33,272,255,-107,163
IQ:34,280,2,180,13
IQ:35,288,255,24,-212
SW:2
RR:3
SS:3
FR:2426
ME:2
MA:353
KE:3
KA:334
DF_END

Data arrived...
DF_BEGIN
IQ:0,0,11,-128,-141
IQ:1,8,11,-125,136
IQ:2,16,11,154,115
IQ:3,24,11,116,-154
IQ:4,32,11,-164,-88
IQ:5,40,11,-76,171
IQ:6,48,11,175,44
IQ:7,56,11,28,-182
IQ:8,72,12,28,215
IQ:9,80,255,195,-68
IQ:10,88,1,-129,-236
IQ:11,96,255,-206,94
IQ:12,104,2,176,134
IQ:13,112,255,168,-168
IQ:14,120,10,-91,-132
IQ:15,128,255,-83,118
IQ:16,136,3,204,53
IQ:17,144,255,80,-205
IQ:18,152,9,-154,-79
IQ:19,160,255,-32,179
IQ:20,168,4,261,66
IQ:21,176,255,60,-223
IQ:22,184,8,-173,-7
IQ:23,192,255,-1,177
IQ:24,200,7,165,-17
IQ:25,208,255,-45,-167
IQ:26,216,6,-178,55
IQ:27,224,255,94,182
IQ:28,232,5,245,-118
IQ:29,240,255,-127,-220
IQ:30,248,12,-162,136
IQ:31,256,255,162,137
IQ:32,264,1,159,-212
IQ:33,272,255,-187,-127
IQ:34,280,2,-26,222
IQ:35,288,255,238,53
SW:2
RR:3
SS:3
FR:2402
ME:2
MA:353
KE:3
KA:335
DF_END

Data arrived...
DF_BEGIN
IQ:0,0,11,114,-148
IQ:1,8,11,-157,-91
IQ:2,16,11,-79,167
IQ:3,24,11,177,63
IQ:4,32,11,51,-181
IQ:5,40,11,-179,-25
IQ:6,48,11,-16,191
IQ:7,56,11,182,18
IQ:8,72,12,-203,70
IQ:9,80,255,117,164
IQ:10,88,1,208,-173
IQ:11,96,255,-134,-197
IQ:12,104,2,-116,192
IQ:13,112,255,192,138
IQ:14,120,10,117,-109
IQ:15,128,255,-130,-74
IQ:16,136,3,-21,206
IQ:17,144,255,209,31
IQ:18,152,9,39,-162
IQ:19,160,255,-187,0
IQ:20,168,4,-5,271
IQ:21,176,255,240,18
IQ:22,184,8,-31,-170
IQ:23,192,255,-178,44
IQ:24,200,7,43,157
IQ:25,208,255,152,-74
IQ:26,216,6,-95,-160
IQ:27,224,255,-154,146
IQ:28,232,5,169,227
IQ:29,240,255,193,-149
IQ:30,248,12,-166,-133
IQ:31,256,255,-104,189
IQ:32,264,1,235,113
IQ:33,272,255,103,-206
IQ:34,280,2,-227,8
IQ:35,288,255,-15,248
SW:2
RR:3
SS:3
FR:2402
ME:359
MA:5
KE:3
KA:338
DF_END

Data arrived...
DF_BEGIN
IQ:0,0,11,93,131
IQ:1,8,11,124,-107
IQ:2,16,11,-112,-108
IQ:3,24,11,-91,134
IQ:4,32,11,145,76
IQ:5,40,11,71,-143
IQ:6,48,11,-151,-54
IQ:7,56,11,-45,158
IQ:8,72,12,-55,-147
IQ:9,80,255,-130,46
IQ:10,88,1,69,118
IQ:11,96,255,101,-61
IQ:12,104,2,-73,-51
IQ:13,112,255,-87,98
IQ:14,120,10,-11,151
IQ:15,128,255,73,0
IQ:16,136,3,-123,-7
IQ:17,144,255,-42,121
IQ:18,152,9,49,39
IQ:19,160,255,-16,-76
IQ:20,168,4,-175,16
IQ:21,176,255,-22,165
IQ:22,184,8,38,42
IQ:23,192,255,5,-68
IQ:24,200,7,-73,-70
IQ:25,208,255,-25,58
IQ:26,216,6,95,-47
IQ:27,224,255,-79,-90