DF_END

Data arrived...
DF_BEGIN
IQ:0,0,11,158,76
IQ:1,8,11,74,-162
IQ:2,16,11,-169,-69
IQ:3,24,11,-51,164
IQ:4,32,11,170,26
IQ:5,40,11,5,-179
IQ:6,48,11,-174,-7
IQ:7,56,11,13,176
IQ:8,72,12,-95,-184
IQ:9,80,255,-173,115
IQ:10,88,1,154,209
IQ:11,96,255,160,-147
IQ:12,104,2,-221,-85
IQ:13,112,255,-127,208
IQ:14,120,10,118,91
IQ:15,128,255,48,-141
IQ:16,136,3,-213,-23
IQ:17,144,255,-35,216
IQ:18,152,9,167,20
IQ:19,160,255,-20,-180
IQ:20,168,4,-268,37
IQ:21,176,255,18,241
IQ:22,184,8,173,-36
IQ:23,192,255,-60,-170
IQ:24,200,7,-150,60
IQ:25,208,255,88,136
IQ:26,216,6,159,-100
IQ:27,224,255,-156,-150
IQ:28,232,5,-216,186
IQ:29,240,255,155,205
IQ:30,248,12,128,-156
IQ:31,256,255,-189,-93
IQ:32,264,1,-93,245
IQ:33,272,255,208,72
IQ:34,280,2,-25,-234
IQ:35,288,255,-247,-5
SW:2
RR:3
SS:3
FR:2402
ME:359
MA:5
KE:3
KA:340
DF_END

Data arrived...
DF_BEGIN
IQ:0,0,11,-139,92
IQ:1,8,11,112,127
IQ:2,16,11,108,-123
IQ:3,24,11,-136,-98
IQ:4,32,11,-70,150
IQ:5,40,11,155,62
IQ:6,48,11,46,-158
IQ:7,56,11,-157,-29
IQ:8,72,12,155,-58
IQ:9,80,255,-49,-135
IQ:10,88,1,-106,99
IQ:11,96,255,61,102
IQ:12,104,2,35,-74
IQ:13,112,255,-114,-75
IQ:14,120,10,-170,19
IQ:15,128,255,5,90
IQ:16,136,3,-3,-104
IQ:17,144,255,-120,-32
IQ:18,152,9,-47,51
IQ:19,160,255,65,-11
IQ:20,168,4,-30,-165
IQ:21,176,255,-167,-22
IQ:22,184,8,-71,34
IQ:23,192,255,65,10
IQ:24,200,7,63,-117
IQ:25,208,255,-75,-36
IQ:26,216,6,55,94
IQ:27,224,255,81,-84
IQ:28,232,5,-132,-126
IQ:29,240,255,-128,124
IQ:30,248,12,113,117
IQ:31,256,255,84,-106
IQ:32,264,1,-128,-34
IQ:33,272,255,-45,117
IQ:34,280,2,83,-1
IQ:35,288,255,1,-128
SW:2
RR:3
SS:3
FR:2480
ME:7
MA:307
KE:3
KA:336
DF_END

Data arrived...
DF_BEGIN
IQ:0,0,11,-197,-27
IQ:1,8,11,24,197
IQ:2,16,11,225,-33
IQ:3,24,11,-42,-191
IQ:4,32,11,-187,84
IQ:5,40,11,94,203
IQ:6,48,11,208,-94
IQ:7,56,11,-119,-203
IQ:8,72,12,154,142
IQ:9,80,255,109,-158
IQ:10,88,1,-248,-81
IQ:11,96,255,-47,208
IQ:12,104,2,186,-59
IQ:13,112,255,-40,-245
IQ:14,120,10,-192,-5
IQ:15,128,255,-3,140
IQ:16,136,3,182,-95
IQ:17,144,255,-93,-190
IQ:18,152,9,-155,64
IQ:19,160,255,94,153
IQ:20,168,4,194,-171
IQ:21,176,255,-137,-176
IQ:22,184,8,-138,114
IQ:23,192,255,131,120
IQ:24,200,7,133,-154
IQ:25,208,255,-161,-114
IQ:26,216,6,-99,192
IQ:27,224,255,222,48
IQ:28,232,5,60,-250
IQ:29,240,255,-247,-87
IQ:30,248,12,-64,215
IQ:31,256,255,194,11
IQ:32,264,1,-16,-232
IQ:33,272,255,-189,55
IQ:34,280,2,100,158
IQ:35,288,255,208,-145
SW:2
RR:3
SS:3
FR:2426
ME:359
MA:5
KE:3
KA:339
DF_END

Data arrived...
DF_BEGIN
IQ:0,0,11,-166,-72
IQ:1,8,11,-62,173
IQ:2,16,11,170,57
IQ:3,24,11,36,-179
IQ:4,32,11,-179,-25
IQ:5,40,11,1,178
IQ:6,48,11,179,-9
IQ:7,56,11,-29,-172
IQ:8,72,12,91,186
IQ:9,80,255,168,-127
IQ:10,88,1,-170,-198
IQ:11,96,255,-166,154
IQ:12,104,2,217,76
IQ:13,112,255,103,-219
IQ:14,120,10,-134,-82
IQ:15,128,255,-48,139
IQ:16,136,3,216,4
IQ:17,144,255,22,-220
IQ:18,152,9,-171,-13
IQ:19,160,255,35,184
IQ:20,168,4,274,-47
IQ:21,176,255,-6,-251
IQ:22,184,8,-169,52
IQ:23,192,255,67,176
IQ:24,200,7,149,-65
IQ:25,208,255,-95,-145
IQ:26,216,6,-167,102
IQ:27,224,255,150,155
IQ:28,232,5,228,-184
IQ:29,240,255,-157,-192
IQ:30,248,12,-120,171
IQ:31,256,255,186,97
IQ:32,264,1,98,-245
IQ:33,272,255,-201,-74
IQ:34,280,2,23,232
IQ:35,288,255,247,6
SW:2
RR:3
SS:3
FR:2402
ME:359
MA:5
KE:2
KA:342
DF_END

Data arrived...
DF_BEGIN
IQ:0,0,11,12,-168
IQ:1,8,11,-165,3
IQ:2,16,11,16,164
IQ:3,24,11,170,-30
IQ:4,32,11,-55,-153
IQ:5,40,11,-147,73
IQ:6,48,11,80,143
IQ:7,56,11,139,-99
IQ:8,72,12,-53,157
IQ:9,80,255,128,56
IQ:10,88,1,16,-142
IQ:11,96,255,-128,-24
IQ:12,104,2,25,75
IQ:13,112,255,131,-33
IQ:14,120,10,104,-143
IQ:15,128,255,-61,-60
IQ:16,136,3,90,67
IQ:17,144,255,97,-72
IQ:18,152,9,-6,-69
IQ:19,160,255,-33,54
IQ:20,168,4,150,77
IQ:21,176,255,116,-120
IQ:22,184,8,13,-73
IQ:23,192,255,-53,41
IQ:24,200,7,38,125
IQ:25,208,255,71,-35
IQ:26,216,6,-101,-21
IQ:27,224,255,14,123
IQ:28,232,5,190,-3
IQ:29,240,255,-19,-172
IQ:30,248,12,-161,30
IQ:31,256,255,29,141
IQ:32,264,1,115,-73
IQ:33,272,255,-60,-119
IQ:34,280,2,-57,56
IQ:35,288,255,101,79
SW:2
RR:3
SS:3
FR:2480
ME:7
MA:299
KE:3
KA:337
DF_END

Data arrived...
DF_BEGIN
IQ:0,0,11,-203,-71
IQ:1,8,11,-41,209
IQ:2,16,11,206,34
IQ:3,24,11,-6,-211
IQ:4,32,11,-216,18
IQ:5,40,11,32,208
IQ:6,48,11,204,-54
IQ:7,56,11,-85,-197
IQ:8,72,12,144,185
IQ:9,80,255,152,-134
IQ:10,88,1,-195,-140
IQ:11,96,255,-101,181
IQ:12,104,2,203,24
IQ:13,112,255,46,-226
IQ:14,120,10,-187,-79
IQ:15,128,255,-41,161
IQ:16,136,3,203,-69
IQ:17,144,255,-48,-230
IQ:18,152,9,-171,9
IQ:19,160,255,52,165
IQ:20,168,4,221,-83
IQ:21,176,255,-80,-219
IQ:22,184,8,-161,62
IQ:23,192,255,107,141
IQ:24,200,7,179,-109
IQ:25,208,255,-123,-154
IQ:26,216,6,-135,147
IQ:27,224,255,176,113
IQ:28,232,5,153,-224
IQ:29,240,255,-209,-133
IQ:30,248,12,-110,202
IQ:31,256,255,197,58
IQ:32,264,1,1,-230
IQ:33,272,255,-220,-2
IQ:34,280,2,69,186
IQ:35,288,255,224,-91
SW:2
RR:3
SS:3
FR:2426
ME:2
MA:353
KE:3
KA:339
DF_END

Data arrived...
DF_BEGIN
IQ:0,0,11,179,-29
IQ:1,8,11,-40,-182
IQ:2,16,11,-166,59
IQ:3,24,11,77,161
IQ:4,32,11,151,-87
IQ:5,40,11,-113,-143
IQ:6,48,11,-138,115
IQ:7,56,11,121,127
IQ:8,72,12,-187,-88
IQ:9,80,255,-55,199
IQ:10,88,1,250,69
IQ:11,96,255,38,-221
IQ:12,104,2,-225,69
IQ:13,112,255,51,240
IQ:14,120,10,149,-3
IQ:15,128,255,-52,-146
IQ:16,136,3,-193,121
IQ:17,144,255,106,186
IQ:18,152,9,147,-87
IQ:19,160,255,-133,-134
IQ:20,168,4,-197,189
IQ:21,176,255,153,188
IQ:22,184,8,109,-140
IQ:23,192,255,-156,-100
IQ:24,200,7,-81,140
IQ:25,208,255,161,68
IQ:26,216,6,66,-178
IQ:27,224,255,-217,-12
IQ:28,232,5,-72,283
IQ:29,240,255,236,77
IQ:30,248,12,4,-206
IQ:31,256,255,-207,22
IQ:32,264,1,68,251
IQ:33,272,255,215,-66
IQ:34,280,2,-170,-167
IQ:35,288,255,-204,142
SW:2
RR:3
SS:3
FR:2402
ME:2
MA:353
KE:2
KA:340
DF_END

Data arrived...
DF_BEGIN
IQ:0,0,11,140,-98
IQ:1,8,11,-121,-123
IQ:2,16,11,-109,124
IQ:3,24,11,135,92
IQ:4,32,11,81,-140
IQ:5,40,11,-148,-72
IQ:6,48,11,-58,158
IQ:7,56,11,165,28
IQ:8,72,12,-150,55
IQ:9,80,255,59,129
IQ:10,88,1,106,-93
IQ:11,96,255,-79,-99
IQ:12,104,2,-32,74
IQ:13,112,255,103,78
IQ:14,120,10,177,-16
IQ:15,128,255,7,-90
IQ:16,136,3,12,109
IQ:17,144,255,122,37
IQ:18,152,9,47,-50
IQ:19,160,255,-66,9
IQ:20,168,4,34,159
IQ:21,176,255,168,-4
IQ:22,184,8,65,-45
IQ:23,192,255,-69,-7
IQ:24,200,7,-60,114
IQ:25,208,255,80,28
IQ:26,216,6,-47,-93
IQ:27,224,255,-80,84
IQ:28,232,5,130,137
IQ:29,240,255,123,-117
IQ:30,248,12,-129,-110
IQ:31,256,255,-86,109
IQ:32,264,1,136,39
IQ:33,272,255,63,-114
IQ:34,280,2,-81,8
IQ:35,288,255,12,135
SW:2
RR:3
SS:3
FR:2480
ME:7
MA:299
KE:3
KA:336
DF_END

Data arrived...
DF_BEGIN
IQ:0,0,11,129,98
IQ:1,8,11,89,-145
IQ:2,16,11,-147,-83
IQ:3,24,11,-74,150
IQ:4,32,11,158,54
IQ:5,40,11,32,-164
IQ:6,48,11,-158,-16
IQ:7,56,11,-5,157
IQ:8,72,12,-95,-139
IQ:9,80,255,-122,72
IQ:10,88,1,107,91
IQ:11,96,255,84,-93
IQ:12,104,2,-78,-30
IQ:13,112,255,-61,123
IQ:14,120,10,30,167
IQ:15,128,255,83,-11
IQ:16,136,3,-108,27
IQ:17,144,255,-10,123
IQ:18,152,9,61,36
IQ:19,160,255,-20,-64
IQ:20,168,4,-158,59
IQ:21,176,255,16,170
IQ:22,184,8,50,54
IQ:23,192,255,-5,-68
IQ:24,200,7,-129,-42
IQ:25,208,255,-11,82
IQ:26,216,6,81,-72
IQ:27,224,255,-99,-60
IQ:28,232,5,-105,159
IQ:29,240,255,144,103
IQ:30,248,12,78,-144
IQ:31,256,255,-128,-68
IQ:32,264,1,-20,138
IQ:33,272,255,123,32
IQ:34,280,2,-25,-82
IQ:35,288,255,-126,31
SW:2
RR:3
SS:3
FR:2480
ME:7
MA:293
KE:3
KA:332
DF_END

Data arrived...
DF_BEGIN
IQ:0,0,11,91,-191
IQ:1,8,11,-204,-73
IQ:2,16,11,-56,211
IQ:3,24,11,203,51
IQ:4,32,11,14,-213
IQ:5,40,11,-218,-14
IQ:6,48,11,8,209
IQ:7,56,11,212,-39
IQ:8,72,12,-209,113
IQ:9,80,255,119,162
IQ:10,88,1,143,-193
IQ:11,96,255,-171,-142
IQ:12,104,2,-69,191
IQ:13,112,255,204,109
IQ:14,120,10,122,-159
IQ:15,128,255,-149,-69
IQ:16,136,3,24,210
IQ:17,144,255,231,-4
IQ:18,152,9,23,-168
IQ:19,160,255,-176,7
IQ:20,168,4,36,237
IQ:21,176,255,230,-12
IQ:22,184,8,-27,-172
IQ:23,192,255,-166,64
IQ:24,200,7,75,191
IQ:25,208,255,164,-107
IQ:26,216,6,-141,-144
IQ:27,224,255,-142,167
IQ:28,232,5,194,180
IQ:29,240,255,156,-188
IQ:30,248,12,-192,-136
IQ:31,256,255,-106,177
IQ:32,264,1,223,61
IQ:33,272,255,35,-204
IQ:34,280,2,-201,53
IQ:35,288,255,45,236
SW:2
RR:3
SS:3
FR:2426
ME:2
MA:353
KE:3
KA:334
DF_END

Data arrived...
DF_BEGIN
IQ:0,0,11,-74,159
IQ:1,8,11,175,48
IQ:2,16,11,41,-179
IQ:3,24,11,-177,-20
IQ:4,32,11,-3,179
IQ:5,40,11,181,-5
IQ:6,48,11,-21,-176
IQ:7,56,11,-175,43
IQ:8,72,12,186,-104
IQ:9,80,255,-137,-156
IQ:10,88,1,-197,180
IQ:11,96,255,158,156
IQ:12,104,2,64,-229
IQ:13,112,255,-214,-105
IQ:14,120,10,-74,124
IQ:15,128,255,144,24
IQ:16,136,3,-19,-222
IQ:17,144,255,-226,-5
IQ:18,152,9,-13,161
IQ:19,160,255,184,-44
IQ:20,168,4,-42,-275
IQ:21,176,255,-241,21
IQ:22,184,8,51,167
IQ:23,192,255,175,-72
IQ:24,200,7,-68,-148
IQ:25,208,255,-138,93
IQ:26,216,6,119,155
IQ:27,224,255,129,-170
IQ:28,232,5,-225,-176
IQ:29,240,255,-173,193
IQ:30,248,12,179,113
IQ:31,256,255,76,-198
IQ:32,264,1,-252,-78
IQ:33,272,255,-49,218
IQ:34,280,2,228,-58
IQ:35,288,255,-34,-245
SW:2
RR:3
SS:3
FR:2402
ME:2
MA:353
KE:3
KA:335
DF_END

Data arrived...
DF_BEGIN
IQ:0,0,11,152,66
IQ:1,8,11,54,-163
IQ:2,16,11,-158,-34
IQ:3,24,11,-21,162
IQ:4,32,11,168,5
IQ:5,40,11,-17,-168
IQ:6,48,11,-164,18
IQ:7,56,11,53,149
IQ:8,72,12,-130,-111
IQ:9,80,255,-99,100
IQ:10,88,1,127,53
IQ:11,96,255,57,-110
IQ:12,104,2,-82,-1
IQ:13,112,255,-7,132
IQ:14,120,10,93,145
IQ:15,128,255,88,-36
IQ:16,136,3,-94,54
IQ:17,144,255,14,124
IQ:18,152,9,64,17
IQ:19,160,255,-35,-53
IQ:20,168,4,-130,92
IQ:21,176,255,70,146
IQ:22,184,8,69,33
IQ:23,192,255,-14,-64
IQ:24,200,7,-130,-8
IQ:25,208,255,13,77
IQ:26,216,6,68,-85
IQ:27,224,255,-111,-36
IQ:28,232,5,-60,173
IQ:29,240,255,174,52
IQ:30,248,12,30,-154
IQ:31,256,255,-136,-17
IQ:32,264,1,35,140
IQ:33,272,255,126,-1
IQ:34,280,2,-37,-71
IQ:35,288,255,-115,68
SW:2
RR:3
SS:3
FR:2480
ME:7
MA:299
KE:3
KA:331
DF_END

Data arrived...
DF_BEGIN
IQ:0,0,11,127,110
IQ:1,8,11,94,-131
IQ:2,16,11,-152,-79
IQ:3,24,11,-62,156
IQ:4,32,11,162,43
IQ:5,40,11,30,-163
IQ:6,48,11,-164,-14
IQ:7,56,11,2,166
IQ:8,72,12,-80,-135
IQ:9,80,255,-115,77
IQ:10,88,1,107,87
IQ:11,96,255,77,-98
IQ:12,104,2,-78,-16
IQ:13,112,255,-47,123
IQ:14,120,10,56,167
IQ:15,128,255,95,-9
IQ:16,136,3,-111,25
IQ:17,144,255,-12,129
IQ:18,152,9,63,38
IQ:19,160,255,-24,-57
IQ:20,168,4,-151,62
IQ:21,176,255,24,168
IQ:22,184,8,51,49
IQ:23,192,255,-13,-68
IQ:24,200,7,-127,-31
IQ:25,208,255,-10,78
IQ:26,216,6,75,-72
IQ:27,224,255,-115,-47
IQ:28,232,5,-104,169
IQ:29,240,255,143,96
IQ:30,248,12,62,-147
IQ:31,256,255,-130,-60
IQ:32,264,1,-13,138
IQ:33,272,255,120,25
IQ:34,280,2,-21,-74
IQ:35,288,255,-129,41
SW:2
RR:3
SS:3
FR:2480
ME:7
MA:299
KE:4
KA:328
DF_END

Data arrived...
DF_BEGIN
IQ:0,0,11,-148,-148
IQ:1,8,11,-130,174
IQ:2,16,11,174,118
IQ:3,24,11,110,-183
IQ:4,32,11,-194,-94
IQ:5,40,11,-71,203
IQ:6,48,11,202,49
IQ:7,56,11,15,-210
IQ:8,72,12,34,231
IQ:9,80,255,195,-53
IQ:10,88,1,-112,-200
IQ:11,96,255,-175,117
IQ:12,104,2,168,120
IQ:13,112,255,147,-181
IQ:14,120,10,-116,-164
IQ:15,128,255,-117,116
IQ:16,136,3,212,23
IQ:17,144,255,63,-221
IQ:18,152,9,-156,-69
IQ:19,160,255,-35,167
IQ:20,168,4,235,30
IQ:21,176,255,45,-233
IQ:22,184,8,-171,-36
IQ:23,192,255,6,184
IQ:24,200,7,213,-7
IQ:25,208,255,-16,-192
IQ:26,216,6,-191,52
IQ:27,224,255,113,176
IQ:28,232,5,219,-140
IQ:29,240,255,-145,-205
IQ:30,248,12,-187,136
IQ:31,256,255,142,147
IQ:32,264,1,102,-205
IQ:33,272,255,-192,-107
IQ:34,280,2,-34,202
IQ:35,288,255,229,50
SW:2
RR:3
SS:3
FR:2426
ME:2
MA:353
KE:3
KA:330
DF_END

Data arrived...
DF_BEGIN
IQ:0,0,11,-101,147
IQ:1,8,11,155,77
IQ:2,16,11,54,-168
IQ:3,24,11,-171,-26
IQ:4,32,11,-23,184
IQ:5,40,11,173,10
IQ:6,48,11,1,-179
IQ:7,56,11,-172,4
IQ:8,72,12,195,-86
IQ:9,80,255,-112,-174
IQ:10,88,1,-218,148
IQ:11,96,255,129,176
IQ:12,104,2,75,-219
IQ:13,112,255,-210,-131
IQ:14,120,10,-93,118
IQ:15,128,255,140,33
IQ:16,136,3,-6,-224
IQ:17,144,255,-219,-16
IQ:18,152,9,-16,167
IQ:19,160,255,188,-22
IQ:20,168,4,-17,-278
IQ:21,176,255,-235,-15
IQ:22,184,8,47,162
IQ:23,192,255,173,-72
IQ:24,200,7,-54,-147
IQ:25,208,255,-144,85
IQ:26,216,6,97,162
IQ:27,224,255,152,-151
IQ:28,232,5,-184,-222
IQ:29,240,255,-186,162
IQ:30,248,12,167,118
IQ:31,256,255,86,-192
IQ:32,264,1,-239,-113
IQ:33,272,255,-82,200
IQ:34,280,2,236,-19
IQ:35,288,255,14,-244
SW:2
RR:3
SS:3
FR:2402
ME:359
MA:5
KE:3
KA:334
DF_END

Data arrived...
DF_BEGIN
IQ:0,0,11,-184,-25
IQ:1,8,11,-23,179
IQ:2,16,11,176,-3
IQ:3,24,11,-28,-178
IQ:4,32,11,-174,42
IQ:5,40,11,63,164
IQ:6,48,11,161,-71
IQ:7,56,11,-81,-149
IQ:8,72,12,155,149
IQ:9,80,255,116,-169
IQ:10,88,1,-218,-137
IQ:11,96,255,-110,192
IQ:12,104,2,226,0
IQ:13,112,255,16,-236
IQ:14,120,10,-151,-39
IQ:15,128,255,6,148
IQ:16,136,3,206,-64
IQ:17,144,255,-52,-212
IQ:18,152,9,-166,36
IQ:19,160,255,92,162
IQ:20,168,4,238,-142
IQ:21,176,255,-98,-222
IQ:22,184,8,-141,110
IQ:23,192,255,121,138
IQ:24,200,7,109,-114
IQ:25,208,255,-139,-98
IQ:26,216,6,-123,150
IQ:27,224,255,191,93
IQ:28,232,5,149,-240
IQ:29,240,255,-215,-121
IQ:30,248,12,-59,199
IQ:31,256,255,203,27
IQ:32,264,1,13,-258
IQ:33,272,255,-221,-11
IQ:34,280,2,114,201
IQ:35,288,255,218,-102
SW:2
RR:3
SS:3
FR:2402
ME:2
MA:353
KE:3
KA:336
DF_END

Data arrived...
DF_BEGIN
IQ:0,0,11,173,-23
IQ:1,8,11,-41,-163
IQ:2,16,11,-162,58
IQ:3,24,11,80,147
IQ:4,32,11,140,-82
IQ:5,40,11,-91,-137
IQ:6,48,11,-124,107
IQ:7,56,11,125,108
IQ:8,72,12,-162,-19
IQ:9,80,255,-13,141
IQ:10,88,1,138,-34
IQ:11,96,255,-15,-133
IQ:12,104,2,-68,38
IQ:13,112,255,55,117
IQ:14,120,10,149,66
IQ:15,128,255,37,-74
IQ:16,136,3,-40,99
IQ:17,144,255,91,84
IQ:18,152,9,68,-23
IQ:19,160,255,-68,-27
IQ:20,168,4,-55,154
IQ:21,176,255,138,90
IQ:22,184,8,74,-12
IQ:23,192,255,-61,-38
IQ:24,200,7,-108,83
IQ:25,208,255,55,59
IQ:26,216,6,-10,-108
IQ:27,224,255,-118,35
IQ:28,232,5,44,183
IQ:29,240,255,161,-39
IQ:30,248,12,-72,-147
IQ:31,256,255,-131,58
IQ:32,264,1,97,99
IQ:33,272,255,95,-91
IQ:34,280,2,-71,-36
IQ:35,288,255,-49,115
SW:2
RR:3
SS:3
FR:2480
ME:7
MA:293
KE:3
KA:331
DF_END

Data arrived...
DF_BEGIN
IQ:0,0,11,146,-32
IQ:1,8,11,-45,-141
IQ:2,16,11,-137,55
IQ:3,24,11,77,129
IQ:4,32,11,126,-83
IQ:5,40,11,-98,-112
IQ:6,48,11,-117,106
IQ:7,56,11,101,104
IQ:8,72,12,-147,-71
IQ:9,80,255,-43,132
IQ:10,88,1,162,13
IQ:11,96,255,6,-151
IQ:12,104,2,-131,58
IQ:13,112,255,52,152
IQ:14,120,10,139,-23
IQ:15,128,255,-35,-113
IQ:16,136,3,-103,108
IQ:17,144,255,109,118
IQ:18,152,9,100,-64
IQ:19,160,255,-92,-81
IQ:20,168,4,-104,138
IQ:21,176,255,123,107
IQ:22,184,8,79,-91
IQ:23,192,255,-112,-58
IQ:24,200,7,-75,129
IQ:25,208,255,120,55
IQ:26,216,6,20,-136
IQ:27,224,255,-149,5
IQ:28,232,5,3,190
IQ:29,240,255,173,5
IQ:30,248,12,-9,-165
IQ:31,256,255,-142,25
IQ:32,264,1,75,145
IQ:33,272,255,128,-73
IQ:34,280,2,-110,-94
IQ:35,288,255,-109,125
SW:2
RR:3
SS:3
FR:2426
ME:359
MA:5
KE:3
KA:335
DF_END

Data arrived...
DF_BEGIN
IQ:0,0,11,-105,-184
IQ:1,8,11,-183,112
IQ:2,16,11,119,170
IQ:3,24,11,147,-155
IQ:4,32,11,-166,-124
IQ:5,40,11,-131,182
IQ:6,48,11,169,115
IQ:7,56,11,83,-190
IQ:8,72,12,-39,217
IQ:9,80,255,195,-10
IQ:10,88,1,-60,-235
IQ:11,96,255,-199,52
IQ:12,104,2,123,166
IQ:13,112,255,192,-123
IQ:14,120,10,-65,-183
IQ:15,128,255,-136,84
IQ:16,136,3,193,89
IQ:17,144,255,116,-200
IQ:18,152,9,-123,-110
IQ:19,160,255,-72,157
IQ:20,168,4,220,72
IQ:21,176,255,86,-220
IQ:22,184,8,-155,-75
IQ:23,192,255,-52,174
IQ:24,200,7,199,60
IQ:25,208,255,32,-187
IQ:26,216,6,-193,6
IQ:27,224,255,69,194
IQ:28,232,5,246,-100
IQ:29,240,255,-73,-236
IQ:30,248,12,-217,83
IQ:31,256,255,91,179
IQ:32,264,1,163,-162
IQ:33,272,255,-163,-139
IQ:34,280,2,-83,192
IQ:35,288,255,210,112
SW:2
RR:3
SS:3
FR:2426
ME:2
MA:353
KE:3
KA:336
DF_END

Data arrived...
DF_BEGIN
IQ:0,0,11,-127,-128
IQ:1,8,11,-114,138
IQ:2,16,11,151,108
IQ:3,24,11,91,-150
IQ:4,32,11,-168,-69
IQ:5,40,11,-60,165
IQ:6,48,11,170,43
IQ:7,56,11,12,-174
IQ:8,72,12,40,200
IQ:9,80,255,188,-92
IQ:10,88,1,-103,-241
IQ:11,96,255,-198,99
IQ:12,104,2,186,145
IQ:13,112,255,161,-178
IQ:14,120,10,-102,-114
IQ:15,128,255,-66,127
IQ:16,136,3,211,67
IQ:17,144,255,69,-204
IQ:18,152,9,-167,-53
IQ:19,160,255,-23,188
IQ:20,168,4,274,46
IQ:21,176,255,61,-238
IQ:22,184,8,-178,7
IQ:23,192,255,15,182
IQ:24,200,7,162,-25
IQ:25,208,255,-58,-163
IQ:26,216,6,-186,57
IQ:27,224,255,98,179
IQ:28,232,5,252,-128
IQ:29,240,255,-127,-220
IQ:30,248,12,-151,142
IQ:31,256,255,157,139
IQ:32,264,1,153,-213
IQ:33,272,255,-185,-122
IQ:34,280,2,-30,231
IQ:35,288,255,235,51
SW:2
RR:3
SS:3
FR:2402
ME:2
MA:353
KE:2
KA:338
DF_END

Data arrived...
DF_BEGIN
IQ:0,0,11,-161,66
IQ:1,8,11,80,149
IQ:2,16,11,140,-94
IQ:3,24,11,-107,-125
IQ:4,32,11,-115,121
IQ:5,40,11,129,106
IQ:6,48,11,96,-134
IQ:7,56,11,-140,-86
IQ:8,72,12,168,-15
IQ:9,80,255,-13,-138
IQ:10,88,1,-129,54
IQ:11,96,255,34,122
IQ:12,104,2,59,-56
IQ:13,112,255,-85,-96
IQ:14,120,10,-162,-20
IQ:15,128,255,-12,88
IQ:16,136,3,20,-109
IQ:17,144,255,-108,-68
IQ:18,152,9,-65,34
IQ:19,160,255,61,10
IQ:20,168,4,3,-163
IQ:21,176,255,-161,-48
IQ:22,184,8,-81,15
IQ:23,192,255,55,34
IQ:24,200,7,87,-94
IQ:25,208,255,-67,-50
IQ:26,216,6,18,103
IQ:27,224,255,107,-52
IQ:28,232,5,-81,-166
IQ:29,240,255,-153,84
IQ:30,248,12,87,137
IQ:31,256,255,113,-83
IQ:32,264,1,-120,-75
IQ:33,272,255,-85,99
IQ:34,280,2,76,27
IQ:35,288,255,27,-125
SW:2
RR:3
SS:3
FR:2480
ME:7
MA:293
KE:3
KA:334
DF_END

Data arrived...