IQ:10,88,1,-176,48
IQ:11,96,255,39,192
IQ:12,104,2,153,-25
IQ:13,112,255,-7,-198
IQ:14,120,10,-100,-146
IQ:15,128,255,-48,60
IQ:16,136,3,109,-37
IQ:17,144,255,-133,-81
IQ:18,152,9,-238,264
IQ:19,160,255,188,237
IQ:20,168,4,116,-101
IQ:21,176,255,-145,-93
IQ:22,184,8,-123,148
IQ:23,192,255,131,90
IQ:24,200,7,-23,-152
IQ:25,208,255,-174,3
IQ:26,216,6,0,142
IQ:27,224,255,172,-40
IQ:28,232,5,-45,-248
IQ:29,240,255,-181,4
IQ:30,248,12,142,99
IQ:31,256,255,125,-144
IQ:32,264,1,-156,-94
IQ:33,272,255,-120,163
IQ:34,280,2,107,116
IQ:35,288,255,102,-147
SW:2
RR:3
SS:3
FR:2480
ME:2
MA:353
KE:10
KA:0
DF_END

Data arrived...
DF_BEGIN
IQ:0,0,11,72,-164
IQ:1,8,11,-166,-52
IQ:2,16,11,-31,168
IQ:3,24,11,183,9
IQ:4,32,11,-1,-165
IQ:5,40,11,-153,22
IQ:6,48,11,49,162
IQ:7,56,11,172,-52
IQ:8,72,12,-41,173
IQ:9,80,255,176,64
IQ:10,88,1,49,-169
IQ:11,96,255,-171,-50
IQ:12,104,2,-81,139
IQ:13,112,255,148,128
IQ:14,120,10,174,22
IQ:15,128,255,-3,-54
IQ:16,136,3,-26,114
IQ:17,144,255,152,-48
IQ:18,152,9,-44,-345
IQ:19,160,255,-280,-3
IQ:20,168,4,23,152
IQ:21,176,255,167,-38
IQ:22,184,8,-34,-206
IQ:23,192,255,-143,49
IQ:24,200,7,141,84
IQ:25,208,255,103,-132
IQ:26,216,6,-103,-81
IQ:27,224,255,-51,174
IQ:28,232,5,215,111
IQ:29,240,255,99,-153
IQ:30,248,12,-157,60
IQ:31,256,255,52,175
IQ:32,264,1,171,-69
IQ:33,272,255,-58,-186
IQ:34,280,2,-145,18
IQ:35,288,255,54,151
SW:2
RR:3
SS:3
FR:2480
ME:2
MA:353
KE:10
KA:359
DF_END

Data arrived...
DF_BEGIN
IQ:0,0,11,-139,-100
IQ:1,8,11,-103,150
IQ:2,16,11,150,89
IQ:3,24,11,52,-161
IQ:4,32,11,-168,-37
IQ:5,40,11,-27,171
IQ:6,48,11,168,8
IQ:7,56,11,-4,-173
IQ:8,72,12,29,130
IQ:9,80,255,142,-55
IQ:10,88,1,-80,-158
IQ:11,96,255,-140,88
IQ:12,104,2,141,155
IQ:13,112,255,198,-99
IQ:14,120,10,33,-120
IQ:15,128,255,-89,1
IQ:16,136,3,60,58
IQ:17,144,255,66,-114
IQ:18,152,9,-124,-147
IQ:19,160,255,-160,116
IQ:20,168,4,91,168
IQ:21,176,255,104,-91
IQ:22,184,8,-209,-14
IQ:23,192,255,-4,202
IQ:24,200,7,222,-12
IQ:25,208,255,8,-218
IQ:26,216,6,-147,-9
IQ:27,224,255,26,121
IQ:28,232,5,141,-97
IQ:29,240,255,-83,-140
IQ:30,248,12,-91,98
IQ:31,256,255,115,86
IQ:32,264,1,66,-164
IQ:33,272,255,-160,-68
IQ:34,280,2,-60,199
IQ:35,288,255,198,47
SW:2
RR:3
SS:3
FR:2426
ME:2
MA:353
KE:9
KA:358
DF_END

Data arrived...
DF_BEGIN
IQ:0,0,11,-48,-140
IQ:1,8,11,-129,64
IQ:2,16,11,81,122
IQ:3,24,11,121,-90
IQ:4,32,11,-101,-105
IQ:5,40,11,-96,105
IQ:6,48,11,116,83
IQ:7,56,11,81,-123
IQ:8,72,12,4,216
IQ:9,80,255,205,40
IQ:10,88,1,32,-180
IQ:11,96,255,-195,-61
IQ:12,104,2,-110,171
IQ:13,112,255,149,135
IQ:14,120,10,86,45
IQ:15,128,255,-27,-69
IQ:16,136,3,-171,-70
IQ:17,144,255,15,33
IQ:18,152,9,96,-270
IQ:19,160,255,-208,-109
IQ:20,168,4,-88,206
IQ:21,176,255,141,73
IQ:22,184,8,-91,-98
IQ:23,192,255,-85,79
IQ:24,200,7,186,4
IQ:25,208,255,78,-193
IQ:26,216,6,-61,-100
IQ:27,224,255,-48,103
IQ:28,232,5,215,92
IQ:29,240,255,71,-140
IQ:30,248,12,-177,137
IQ:31,256,255,83,195
IQ:32,264,1,163,-89
IQ:33,272,255,-66,-185
IQ:34,280,2,-190,37
IQ:35,288,255,25,154
SW:2
RR:3
SS:3
FR:2402
ME:55
MA:173
KE:14
KA:358
DF_END

Data arrived...
DF_BEGIN
IQ:0,0,11,-136,-82
IQ:1,8,11,-59,146
IQ:2,16,11,151,52
IQ:3,24,11,40,-155
IQ:4,32,11,-146,-29
IQ:5,40,11,5,153
IQ:6,48,11,154,-22
IQ:7,56,11,-24,-164
IQ:8,72,12,95,184
IQ:9,80,255,191,-75
IQ:10,88,1,-91,-171
IQ:11,96,255,-178,88
IQ:12,104,2,54,179
IQ:13,112,255,175,6
IQ:14,120,10,29,-14
IQ:15,128,255,-47,4
IQ:16,136,3,-89,27
IQ:17,144,255,24,-24
IQ:18,152,9,-75,-219
IQ:19,160,255,-164,60
IQ:20,168,4,78,147
IQ:21,176,255,95,-52
IQ:22,184,8,-130,5
IQ:23,192,255,9,122
IQ:24,200,7,174,-87
IQ:25,208,255,-51,-184
IQ:26,216,6,-107,-1
IQ:27,224,255,43,124
IQ:28,232,5,194,-65
IQ:29,240,255,-58,-146
IQ:30,248,12,-85,198
IQ:31,256,255,176,115
IQ:32,264,1,88,-168
IQ:33,272,255,-170,-97
IQ:34,280,2,-117,153
IQ:35,288,255,122,89
SW:2
RR:3
SS:3
FR:2402
ME:2
MA:5
KE:13
KA:359
DF_END

Data arrived...
DF_BEGIN
IQ:0,0,11,-136,180
IQ:1,8,11,174,132
IQ:2,16,11,91,-183
IQ:3,24,11,-204,-65
IQ:4,32,11,-69,224
IQ:5,40,11,210,53
IQ:6,48,11,16,-209
IQ:7,56,11,-225,26
IQ:8,72,12,136,-189
IQ:9,80,255,-171,-154
IQ:10,88,1,-129,188
IQ:11,96,255,210,141
IQ:12,104,2,139,-124
IQ:13,112,255,-147,-187
IQ:14,120,10,-171,-100
IQ:15,128,255,-6,66
IQ:16,136,3,99,-119
IQ:17,144,255,-171,-8
IQ:18,152,9,-72,434
IQ:19,160,255,358,127
IQ:20,168,4,35,-180
IQ:21,176,255,-190,5
IQ:22,184,8,8,264
IQ:23,192,255,209,-5
IQ:24,200,7,-145,-121
IQ:25,208,255,-184,120
IQ:26,216,6,102,151
IQ:27,224,255,143,-164
IQ:28,232,5,-192,-222
IQ:29,240,255,-140,181
IQ:30,248,12,233,-20
IQ:31,256,255,-8,-223
IQ:32,264,1,-232,33
IQ:33,272,255,15,252
IQ:34,280,2,191,22
IQ:35,288,255,-28,-202
SW:2
RR:3
SS:3
FR:2480
ME:2
MA:353
KE:12
KA:358
DF_END

Data arrived...
DF_BEGIN
IQ:0,0,11,-148,100
IQ:1,8,11,104,128
IQ:2,16,11,120,-122
IQ:3,24,11,-146,-103
IQ:4,32,11,-95,148
IQ:5,40,11,151,84
IQ:6,48,11,63,-158
IQ:7,56,11,-173,-52
IQ:8,72,12,137,1
IQ:9,80,255,8,-144
IQ:10,88,1,-182,20
IQ:11,96,255,20,179
IQ:12,104,2,199,-63
IQ:13,112,255,-33,-226
IQ:14,120,10,-113,-64
IQ:15,128,255,-19,90
IQ:16,136,3,78,-40
IQ:17,144,255,-82,-106
IQ:18,152,9,-160,84
IQ:19,160,255,95,174
IQ:20,168,4,200,-46
IQ:21,176,255,-58,-131
IQ:22,184,8,-62,203
IQ:23,192,255,199,81
IQ:24,200,7,67,-225
IQ:25,208,255,-208,-91
IQ:26,216,6,-62,140
IQ:27,224,255,131,17
IQ:28,232,5,-39,-161
IQ:29,240,255,-160,24
IQ:30,248,12,67,109
IQ:31,256,255,117,-82
IQ:32,264,1,-136,-119
IQ:33,272,255,-129,128
IQ:34,280,2,172,123
IQ:35,288,255,114,-163
SW:2
RR:3
SS:3
FR:2426
ME:2
MA:353
KE:11
KA:357
DF_END

Data arrived...
DF_BEGIN
IQ:0,0,11,-117,174
IQ:1,8,11,195,90
IQ:2,16,11,104,-192
IQ:3,24,11,-196,-64
IQ:4,32,11,-49,204
IQ:5,40,11,197,23
IQ:6,48,11,7,-214
IQ:7,56,11,-209,15
IQ:8,72,12,248,-173
IQ:9,80,255,-117,-271
IQ:10,88,1,-226,129
IQ:11,96,255,122,260
IQ:12,104,2,255,-72
IQ:13,112,255,-13,-257
IQ:14,120,10,-31,-95
IQ:15,128,255,-37,84
IQ:16,136,3,47,189
IQ:17,144,255,-16,-38
IQ:18,152,9,-347,105
IQ:19,160,255,47,290
IQ:20,168,4,257,-103
IQ:21,176,255,-62,-172
IQ:22,184,8,-17,174
IQ:23,192,255,174,-22
IQ:24,200,7,-151,-244
IQ:25,208,255,-287,57
IQ:26,216,6,-52,166
IQ:27,224,255,169,-41
IQ:28,232,5,-79,-300
IQ:29,240,255,-193,59
IQ:30,248,12,293,78
IQ:31,256,255,160,-241
IQ:32,264,1,-230,-117
IQ:33,272,255,-147,242
IQ:34,280,2,202,158
IQ:35,288,255,133,-179
SW:2
RR:3
SS:3
FR:2402
ME:2
MA:5
KE:10
KA:358
DF_END

Data arrived...
DF_BEGIN
IQ:0,0,11,-160,-27
IQ:1,8,11,-20,180
IQ:2,16,11,154,-2
IQ:3,24,11,-40,-150
IQ:4,32,11,-162,36
IQ:5,40,11,50,142
IQ:6,48,11,143,-68
IQ:7,56,11,-91,-159
IQ:8,72,12,184,19
IQ:9,80,255,6,-178
IQ:10,88,1,-152,-25
IQ:11,96,255,-23,205
IQ:12,104,2,143,49
IQ:13,112,255,90,-145
IQ:14,120,10,-9,-172
IQ:15,128,255,-69,4
IQ:16,136,3,98,19
IQ:17,144,255,-97,-110
IQ:18,152,9,-321,183
IQ:19,160,255,108,294
IQ:20,168,4,144,-19
IQ:21,176,255,-92,-126
IQ:22,184,8,-156,110
IQ:23,192,255,101,143
IQ:24,200,7,58,-126
IQ:25,208,255,-157,-54
IQ:26,216,6,-63,133
IQ:27,224,255,174,1
IQ:28,232,5,67,-237
IQ:29,240,255,-168,-47
IQ:30,248,12,104,145
IQ:31,256,255,140,-85
IQ:32,264,1,-127,-122
IQ:33,272,255,-143,98
IQ:34,280,2,57,135
IQ:35,288,255,158,-64
SW:2
RR:3
SS:3
FR:2480
ME:2
MA:353
KE:9
KA:357
DF_END

Data arrived...
DF_BEGIN
IQ:0,0,11,138,-77
IQ:1,8,11,-90,-133
IQ:2,16,11,-121,102
IQ:3,24,11,110,116
IQ:4,32,11,108,-108
IQ:5,40,11,-127,-85
IQ:6,48,11,-80,137
IQ:7,56,11,140,53
IQ:8,72,12,-116,-20
IQ:9,80,255,-15,129
IQ:10,88,1,161,-10
IQ:11,96,255,-15,-158
IQ:12,104,2,-196,28
IQ:13,112,255,-8,219
IQ:14,120,10,98,94
IQ:15,128,255,48,-77
IQ:16,136,3,-83,17
IQ:17,144,255,69,112
IQ:18,152,9,189,-59
IQ:19,160,255,-41,-206
IQ:20,168,4,-205,15
IQ:21,176,255,29,132
IQ:22,184,8,76,-199
IQ:23,192,255,-193,-90
IQ:24,200,7,-82,218
IQ:25,208,255,190,103
IQ:26,216,6,72,-119
IQ:27,224,255,-127,-21
IQ:28,232,5,17,173
IQ:29,240,255,156,-3
IQ:30,248,12,-51,-112
IQ:31,256,255,-117,57
IQ:32,264,1,110,127
IQ:33,272,255,126,-108
IQ:34,280,2,-152,-128
IQ:35,288,255,-127,140
SW:2
RR:3
SS:3
FR:2426
ME:2
MA:353
KE:9
KA:356
DF_END

Data arrived...
DF_BEGIN
IQ:0,0,11,-4,188
IQ:1,8,11,180,-2
IQ:2,16,11,-33,-181
IQ:3,24,11,-170,50
IQ:4,32,11,68,172
IQ:5,40,11,170,-81
IQ:6,48,11,-80,-167
IQ:7,56,11,-149,98
IQ:8,72,12,107,-240
IQ:9,80,255,-208,-144
IQ:10,88,1,-121,199
IQ:11,96,255,208,139
IQ:12,104,2,171,-167
IQ:13,112,255,-124,-181
IQ:14,120,10,-70,-30
IQ:15,128,255,26,74
IQ:16,136,3,113,84
IQ:17,144,255,-46,-22
IQ:18,152,9,-188,222
IQ:19,160,255,184,160
IQ:20,168,4,109,-187
IQ:21,176,255,-140,-67
IQ:22,184,8,79,145
IQ:23,192,255,133,-75
IQ:24,200,7,-201,-120
IQ:25,208,255,-171,189
IQ:26,216,6,61,135
IQ:27,224,255,110,-126
IQ:28,232,5,-200,-172
IQ:29,240,255,-106,145
IQ:30,248,12,250,-68
IQ:31,256,255,-21,-254
IQ:32,264,1,-224,34
IQ:33,272,255,27,251
IQ:34,280,2,233,23
IQ:35,288,255,7,-193
SW:2
RR:3
SS:3
FR:2402
ME:2
MA:5
KE:8
KA:357
DF_END

Data arrived...
DF_BEGIN
IQ:0,0,11,-25,146
IQ:1,8,11,155,19
IQ:2,16,11,-4,-155
IQ:3,24,11,-147,20
IQ:4,32,11,38,140
IQ:5,40,11,153,-49
IQ:6,48,11,-49,-150
IQ:7,56,11,-131,75
IQ:8,72,12,105,-194
IQ:9,80,255,-164,-130
IQ:10,88,1,-120,151
IQ:11,96,255,155,142
IQ:12,104,2,141,-131
IQ:13,112,255,-82,-161
IQ:14,120,10,-38,-25
IQ:15,128,255,17,53
IQ:16,136,3,66,80
IQ:17,144,255,-30,-20
IQ:18,152,9,-168,166
IQ:19,160,255,123,148
IQ:20,168,4,99,-142
IQ:21,176,255,-96,-65
IQ:22,184,8,57,123
IQ:23,192,255,122,-50
IQ:24,200,7,-160,-116
IQ:25,208,255,-141,139
IQ:26,216,6,48,120
IQ:27,224,255,102,-92
IQ:28,232,5,-127,-161
IQ:29,240,255,-108,94
IQ:30,248,12,213,-17
IQ:31,256,255,30,-204
IQ:32,264,1,-189,0
IQ:33,272,255,2,197
IQ:34,280,2,200,33
IQ:35,288,255,23,-155
SW:2
RR:3
SS:3
FR:2402
ME:2
MA:5
KE:7
KA:358
DF_END

Data arrived...
DF_BEGIN
IQ:0,0,11,-60,-154
IQ:1,8,11,-170,70
IQ:2,16,11,74,158
IQ:3,24,11,140,-103
IQ:4,32,11,-133,-120
IQ:5,40,11,-102,138
IQ:6,48,11,149,98
IQ:7,56,11,85,-152
IQ:8,72,12,64,164
IQ:9,80,255,178,-53
IQ:10,88,1,-79,-174
IQ:11,96,255,-177,76
IQ:12,104,2,50,157
IQ:13,112,255,192,-13
IQ:14,120,10,130,-97
IQ:15,128,255,-60,-42
IQ:16,136,3,37,121
IQ:17,144,255,82,-139
IQ:18,152,9,-273,-234
IQ:19,160,255,-241,191
IQ:20,168,4,108,123
IQ:21,176,255,75,-150
IQ:22,184,8,-193,-109
IQ:23,192,255,-83,154
IQ:24,200,7,158,-29
IQ:25,208,255,-8,-179
IQ:26,216,6,-156,34
IQ:27,224,255,61,163
IQ:28,232,5,235,-73
IQ:29,240,255,-38,-173
IQ:30,248,12,-70,169
IQ:31,256,255,166,104
IQ:32,264,1,80,-164
IQ:33,272,255,-193,-89
IQ:34,280,2,-114,128
IQ:35,288,255,156,83
SW:2
RR:3
SS:3
FR:2480
ME:2
MA:5
KE:6
KA:359
DF_END

Data arrived...
DF_BEGIN
IQ:0,0,11,-144,83
IQ:1,8,11,95,133
IQ:2,16,11,129,-112
IQ:3,24,11,-119,-110
IQ:4,32,11,-94,144
IQ:5,40,11,137,79
IQ:6,48,11,62,-153
IQ:7,56,11,-154,-44
IQ:8,72,12,125,18
IQ:9,80,255,18,-137
IQ:10,88,1,-177,8
IQ:11,96,255,21,166
IQ:12,104,2,196,-67
IQ:13,112,255,-1,-217
IQ:14,120,10,-91,-72
IQ:15,128,255,-39,82
IQ:16,136,3,70,-30
IQ:17,144,255,-79,-109
IQ:18,152,9,-183,48
IQ:19,160,255,74,173
IQ:20,168,4,195,-35
IQ:21,176,255,-52,-116
IQ:22,184,8,-81,192
IQ:23,192,255,184,86
IQ:24,200,7,67,-211
IQ:25,208,255,-191,-92
IQ:26,216,6,-50,124
IQ:27,224,255,125,26
IQ:28,232,5,-34,-156
IQ:29,240,255,-150,21
IQ:30,248,12,68,110
IQ:31,256,255,113,-84
IQ:32,264,1,-124,-121
IQ:33,272,255,-119,134
IQ:34,280,2,173,113
IQ:35,288,255,113,-145
SW:2
RR:3
SS:3
FR:2426
ME:2
MA:353
KE:5
KA:358
DF_END

Data arrived...
DF_BEGIN
IQ:0,0,11,59,158
IQ:1,8,11,168,-84
IQ:2,16,11,-56,-160
IQ:3,24,11,-108,100
IQ:4,32,11,147,111
IQ:5,40,11,43,-145
IQ:6,48,11,-43,-80
IQ:7,56,11,-105,130
IQ:8,72,12,86,-92
IQ:9,80,255,-77,1
IQ:10,88,1,-20,220
IQ:11,96,255,179,-15
IQ:12,104,2,-2,-118
IQ:13,112,255,-255,-82
IQ:14,120,10,-21,120
IQ:15,128,255,62,-34
IQ:16,136,3,-12,-87
IQ:17,144,255,28,15
IQ:18,152,9,-3,204
IQ:19,160,255,208,-18
IQ:20,168,4,66,-238
IQ:21,176,255,-148,67
IQ:22,184,8,179,167
IQ:23,192,255,128,-182
IQ:24,200,7,-208,-116
IQ:25,208,255,-95,229
IQ:26,216,6,49,36
IQ:27,224,255,82,-128
IQ:28,232,5,-173,-14
IQ:29,240,255,-97,166
IQ:30,248,12,157,-81
IQ:31,256,255,-12,-113
IQ:32,264,1,-142,188
IQ:33,272,255,79,99
IQ:34,280,2,229,-141
IQ:35,288,255,-97,-116
SW:2
RR:3
SS:3
FR:2426
ME:2
MA:5
KE:5
KA:359
DF_END

Data arrived...
DF_BEGIN
IQ:0,0,11,-98,126
IQ:1,8,11,136,92
IQ:2,16,11,85,-136
IQ:3,24,11,-143,-67
IQ:4,32,11,-61,154
IQ:5,40,11,158,30
IQ:6,48,11,29,-163
IQ:7,56,11,-170,-13
IQ:8,72,12,213,-106
IQ:9,80,255,-73,-216
IQ:10,88,1,-201,60
IQ:11,96,255,48,210
IQ:12,104,2,212,-15
IQ:13,112,255,49,-204
IQ:14,120,10,-26,-90
IQ:15,128,255,-51,67
IQ:16,136,3,37,161
IQ:17,144,255,12,-42
IQ:18,152,9,-289,53
IQ:19,160,255,20,246
IQ:20,168,4,232,-52
IQ:21,176,255,-36,-156
IQ:22,184,8,-35,138
IQ:23,192,255,139,20
IQ:24,200,7,-85,-205
IQ:25,208,255,-234,23
IQ:26,216,6,-43,125
IQ:27,224,255,134,-16
IQ:28,232,5,-35,-243
IQ:29,240,255,-169,21
IQ:30,248,12,219,76
IQ:31,256,255,137,-176
IQ:32,264,1,-166,-117
IQ:33,272,255,-144,161
IQ:34,280,2,133,155
IQ:35,288,255,116,-119
SW:2
RR:3
SS:3
FR:2402
ME:2
MA:5
KE:4
KA:359
DF_END

Data arrived...
DF_BEGIN
IQ:0,0,11,111,122
IQ:1,8,11,108,-135
IQ:2,16,11,-148,-87
IQ:3,24,11,-83,154
IQ:4,32,11,144,64
IQ:5,40,11,48,-163
IQ:6,48,11,-167,-27
IQ:7,56,11,2,161
IQ:8,72,12,-133,-126
IQ:9,80,255,-138,132
IQ:10,88,1,137,130
IQ:11,96,255,128,-137
IQ:12,104,2,-103,-137
IQ:13,112,255,-153,101
IQ:14,120,10,-94,128
IQ:15,128,255,55,13
IQ:16,136,3,-83,-76
IQ:17,144,255,15,151
IQ:18,152,9,357,67
IQ:19,160,255,126,-274
IQ:20,168,4,-141,-50
IQ:21,176,255,-12,154
IQ:22,184,8,185,39
IQ:23,192,255,10,-159
IQ:24,200,7,-120,95
IQ:25,208,255,97,144
IQ:26,216,6,112,-62
IQ:27,224,255,-129,-125
IQ:28,232,5,-186,141
IQ:29,240,255,117,143
IQ:30,248,12,-18,-179
IQ:31,256,255,-185,-13
IQ:32,264,1,-2,178
IQ:33,272,255,195,8
IQ:34,280,2,35,-153
IQ:35,288,255,-160,-12
SW:2
RR:3
SS:3
FR:2480
ME:2
MA:356
KE:3
KA:359
DF_END

Data arrived...
DF_BEGIN
IQ:0,0,11,-164,17
IQ:1,8,11,29,166
IQ:2,16,11,159,-52
IQ:3,24,11,-107,-151
IQ:4,32,11,-164,87
IQ:5,40,11,108,121
IQ:6,48,11,102,-131
IQ:7,56,11,-164,-101
IQ:8,72,12,179,-40
IQ:9,80,255,-36,-187
IQ:10,88,1,-166,45
IQ:11,96,255,33,196
IQ:12,104,2,169,7
IQ:13,112,255,35,-201
IQ:14,120,10,-71,-148
IQ:15,128,255,-61,44
IQ:16,136,3,123,-37
IQ:17,144,255,-115,-101
IQ:18,152,9,-264,242
IQ:19,160,255,161,246
IQ:20,168,4,125,-91
IQ:21,176,255,-132,-118
IQ:22,184,8,-130,139
IQ:23,192,255,127,85
IQ:24,200,7,-15,-155
IQ:25,208,255,-187,-7
IQ:26,216,6,-9,148
IQ:27,224,255,165,-27
IQ:28,232,5,-38,-233
IQ:29,240,255,-198,-9
IQ:30,248,12,134,112
IQ:31,256,255,109,-124
IQ:32,264,1,-145,-115
IQ:33,272,255,-109,147
IQ:34,280,2,108,125
IQ:35,288,255,84,-128
SW:2
RR:3
SS:3
FR:2480
ME:2
MA:5
KE:3
KA:0
DF_END

Data arrived...
DF_BEGIN
IQ:0,0,11,-74,-142
IQ:1,8,11,-134,88
IQ:2,16,11,102,127
IQ:3,24,11,116,-112
IQ:4,32,11,-124,-99
IQ:5,40,11,-96,136
IQ:6,48,11,135,85
IQ:7,56,11,67,-155
IQ:8,72,12,-21,110
IQ:9,80,255,134,6
IQ:10,88,1,-17,-173
IQ:11,96,255,-172,-4
IQ:12,104,2,27,197
IQ:13,112,255,208,21
IQ:14,120,10,81,-75
IQ:15,128,255,-70,-38
IQ:16,136,3,33,77
IQ:17,144,255,111,-59
IQ:18,152,9,-22,-182
IQ:19,160,255,-177,35
IQ:20,168,4,17,190
IQ:21,176,255,121,-33
IQ:22,184,8,-190,-98
IQ:23,192,255,-104,169
IQ:24,200,7,186,103
IQ:25,208,255,107,-173
IQ:26,216,6,-125,-63
IQ:27,224,255,-42,110
IQ:28,232,5,154,-11
IQ:29,240,255,-4,-149
IQ:30,248,12,-103,60
IQ:31,256,255,67,116
IQ:32,264,1,126,-120
IQ:33,272,255,-110,-133
IQ:34,280,2,-133,149
IQ:35,288,255,137,140
SW:2
RR:3
SS:3
FR:2426
ME:2
MA:353
KE:2
KA:359
DF_END

Data arrived...
DF_BEGIN
IQ:0,0,11,149,81
IQ:1,8,11,68,-162
IQ:2,16,11,-180,-52
IQ:3,24,11,-44,172
IQ:4,32,11,174,22
IQ:5,40,11,2,-177
IQ:6,48,11,-167,-1
IQ:7,56,11,28,176
IQ:8,72,12,-138,-204
IQ:9,80,255,-203,114
IQ:10,88,1,109,189
IQ:11,96,255,198,-104
IQ:12,104,2,-78,-226
IQ:13,112,255,-218,-2
IQ:14,120,10,-68,23
IQ:15,128,255,71,21
IQ:16,136,3,136,-58
IQ:17,144,255,-37,16
IQ:18,152,9,97,256
IQ:19,160,255,229,-63
IQ:20,168,4,-93,-190
IQ:21,176,255,-130,75
IQ:22,184,8,145,-1
IQ:23,192,255,-5,-141
IQ:24,200,7,-191,106
IQ:25,208,255,60,223
IQ:26,216,6,142,26
IQ:27,224,255,-59,-135
IQ:28,232,5,-244,68
IQ:29,240,255,52,156
IQ:30,248,12,46,-256
IQ:31,256,255,-224,-115
IQ:32,264,1,-86,199
IQ:33,272,255,200,114
IQ:34,280,2,124,-168
IQ:35,288,255,-158,-94
SW:2
RR:3
SS:3
FR:2402
ME:2
MA:5
KE:2
KA:0
DF_END

Data arrived...
DF_BEGIN
IQ:0,0,11,-128,176
IQ:1,8,11,183,107
IQ:2,16,11,90,-194
IQ:3,24,11,-204,-60
IQ:4,32,11,-43,205
IQ:5,40,11,211,35
IQ:6,48,11,5,-203
IQ:7,56,11,-205,24
IQ:8,72,12,109,-204
IQ:9,80,255,-195,-123
IQ:10,88,1,-97,209
IQ:11,96,255,209,130
IQ:12,104,2,139,-135
IQ:13,112,255,-147,-177
IQ:14,120,10,-202,-90
IQ:15,128,255,-22,86
IQ:16,136,3,83,-114
IQ:17,144,255,-185,31
IQ:18,152,9,-29,438
IQ:19,160,255,377,79
IQ:20,168,4,5,-178
IQ:21,176,255,-204,25
IQ:22,184,8,-4,255
IQ:23,192,255,193,-3
IQ:24,200,7,-144,-108
IQ:25,208,255,-133,151
IQ:26,216,6,121,142
IQ:27,224,255,103,-184
IQ:28,232,5,-227,-206
IQ:29,240,255,-165,165
IQ:30,248,12,217,-45
IQ:31,256,255,-39,-224
IQ:32,264,1,-216,72
IQ:33,272,255,45,236
IQ:34,280,2,196,21
IQ:35,288,255,-3,-198
SW:2
RR:3
SS:3
FR:2480
ME:2
MA:353
KE:2
KA:359
DF_END

Data arrived...
DF_BEGIN
IQ:0,0,11,-175,148
IQ:1,8,11,147,154
IQ:2,16,11,101,-162
IQ:3,24,11,-203,-95
IQ:4,32,11,-84,199
IQ:5,40,11,187,59
IQ:6,48,11,4,-216
IQ:7,56,11,-225,-25
IQ:8,72,12,127,-177
IQ:9,80,255,-187,-165
IQ:10,88,1,-144,192
IQ:11,96,255,180,160
IQ:12,104,2,146,-128
IQ:13,112,255,-142,-198
IQ:14,120,10,-181,-107
IQ:15,128,255,-40,74
IQ:16,136,3,83,-111
IQ:17,144,255,-210,-14
IQ:18,152,9,-135,439
IQ:19,160,255,316,188
IQ:20,168,4,69,-163
IQ:21,176,255,-208,-12
IQ:22,184,8,-71,269
IQ:23,192,255,173,22
IQ:24,200,7,-138,-151
IQ:25,208,255,-189,127
IQ:26,216,6,81,162
IQ:27,224,255,132,-159
IQ:28,232,5,-192,-250
IQ:29,240,255,-181,153
I