IQ:3,24,11,194,-53
IQ:4,32,11,-64,-208
IQ:5,40,11,-187,91
IQ:6,48,11,131,172
IQ:7,56,11,163,-153
IQ:8,72,12,-275,-126
IQ:9,80,255,0,273
IQ:10,88,1,407,-44
IQ:11,96,255,-37,-314
IQ:12,104,2,-199,267
IQ:13,112,255,227,316
IQ:14,120,10,182,75
IQ:15,128,255,-62,-86
IQ:16,136,3,-117,279
IQ:17,144,255,298,229
IQ:18,152,9,327,-72
IQ:19,160,255,-111,-216
IQ:20,168,4,-136,118
IQ:21,176,255,234,38
IQ:22,184,8,245,-424
IQ:23,192,255,-300,-135
IQ:24,200,7,204,428
IQ:25,208,255,444,-115
IQ:26,216,6,-43,-297
IQ:27,224,255,-339,52
IQ:28,232,5,-57,245
IQ:29,240,255,208,-38
IQ:30,248,12,-69,-285
IQ:31,256,255,-230,157
IQ:32,264,1,250,302
IQ:33,272,255,212,-236
IQ:34,280,2,-318,-36
IQ:35,288,255,-69,266
SW:2
RR:3
SS:3
FR:2480
ME:2
MA:353
KE:16
KA:324
DF_END

Data arrived...
DF_BEGIN
IQ:0,0,11,-47,-145
IQ:1,8,11,-150,66
IQ:2,16,11,78,145
IQ:3,24,11,144,-72
IQ:4,32,11,-106,-126
IQ:5,40,11,-115,119
IQ:6,48,11,128,98
IQ:7,56,11,82,-129
IQ:8,72,12,84,44
IQ:9,80,255,12,13
IQ:10,88,1,38,71
IQ:11,96,255,-10,-54
IQ:12,104,2,-192,-82
IQ:13,112,255,-119,101
IQ:14,120,10,-75,-68
IQ:15,128,255,-179,88
IQ:16,136,3,-169,223
IQ:17,144,255,70,164
IQ:18,152,9,-66,11
IQ:19,160,255,-52,89
IQ:20,168,4,74,175
IQ:21,176,255,202,-20
IQ:22,184,8,74,111
IQ:23,192,255,23,4
IQ:24,200,7,-154,296
IQ:25,208,255,183,151
IQ:26,216,6,-17,-72
IQ:27,224,255,-58,4
IQ:28,232,5,58,-38
IQ:29,240,255,4,-72
IQ:30,248,12,29,98
IQ:31,256,255,67,50
IQ:32,264,1,-69,52
IQ:33,272,255,43,-24
IQ:34,280,2,-45,-196
IQ:35,288,255,-111,-14
SW:2
RR:3
SS:3
FR:2426
ME:41
MA:243
KE:18
KA:313
DF_END

Data arrived...
DF_BEGIN
IQ:0,0,11,-143,100
IQ:1,8,11,109,120
IQ:2,16,11,117,-123
IQ:3,24,11,-132,-95
IQ:4,32,11,-88,141
IQ:5,40,11,152,66
IQ:6,48,11,55,-158
IQ:7,56,11,-159,-48
IQ:8,72,12,236,-53
IQ:9,80,255,-23,-159
IQ:10,88,1,-59,153
IQ:11,96,255,137,90
IQ:12,104,2,-43,-62
IQ:13,112,255,-151,22
IQ:14,120,10,-155,167
IQ:15,128,255,117,153
IQ:16,136,3,98,-3
IQ:17,144,255,-53,-14
IQ:18,152,9,-2,206
IQ:19,160,255,239,71
IQ:20,168,4,198,-105
IQ:21,176,255,-49,-72
IQ:22,184,8,100,165
IQ:23,192,255,180,-14
IQ:24,200,7,-21,-4
IQ:25,208,255,-44,91
IQ:26,216,6,70,137
IQ:27,224,255,135,-95
IQ:28,232,5,-119,-217
IQ:29,240,255,-183,122
IQ:30,248,12,173,140
IQ:31,256,255,114,-121
IQ:32,264,1,-180,32
IQ:33,272,255,-21,153
IQ:34,280,2,16,-72
IQ:35,288,255,-91,-121
SW:2
RR:3
SS:3
FR:2402
ME:2
MA:353
KE:16
KA:319
DF_END

Data arrived...
DF_BEGIN
IQ:0,0,11,-48,179
IQ:1,8,11,168,26
IQ:2,16,11,1,-176
IQ:3,24,11,-182,0
IQ:4,32,11,1,166
IQ:5,40,11,167,-29
IQ:6,48,11,-46,-162
IQ:7,56,11,-152,87
IQ:8,72,12,164,114
IQ:9,80,255,39,-178
IQ:10,88,1,-308,-19
IQ:11,96,255,-32,227
IQ:12,104,2,207,-126
IQ:13,112,255,-80,-258
IQ:14,120,10,-75,-74
IQ:15,128,255,37,50
IQ:16,136,3,122,-172
IQ:17,144,255,-139,-212
IQ:18,152,9,-210,3
IQ:19,160,255,34,145
IQ:20,168,4,107,-43
IQ:21,176,255,-171,-69
IQ:22,184,8,-288,256
IQ:23,192,255,165,188
IQ:24,200,7,-27,-372
IQ:25,208,255,-358,-11
IQ:26,216,6,-33,219
IQ:27,224,255,249,29
IQ:28,232,5,76,-155
IQ:29,240,255,-151,-1
IQ:30,248,12,17,212
IQ:31,256,255,173,-59
IQ:32,264,1,-136,-261
IQ:33,272,255,-212,102
IQ:34,280,2,222,89
IQ:35,288,255,70,-200
SW:2
RR:3
SS:3
FR:2480
ME:2
MA:353
KE:15
KA:325
DF_END

Data arrived...
DF_BEGIN
IQ:0,0,11,-68,212
IQ:1,8,11,208,59
IQ:2,16,11,22,-218
IQ:3,24,11,-208,-5
IQ:4,32,11,51,207
IQ:5,40,11,214,-65
IQ:6,48,11,-69,-204
IQ:7,56,11,-187,97
IQ:8,72,12,217,151
IQ:9,80,255,44,-248
IQ:10,88,1,-382,-48
IQ:11,96,255,-27,301
IQ:12,104,2,271,-173
IQ:13,112,255,-103,-351
IQ:14,120,10,-115,-101
IQ:15,128,255,47,70
IQ:16,136,3,155,-223
IQ:17,144,255,-203,-278
IQ:18,152,9,-276,-13
IQ:19,160,255,40,201
IQ:20,168,4,149,-67
IQ:21,176,255,-211,-71
IQ:22,184,8,-404,306
IQ:23,192,255,202,249
IQ:24,200,7,-85,-467
IQ:25,208,255,-447,12
IQ:26,216,6,2,273
IQ:27,224,255,323,24
IQ:28,232,5,119,-194
IQ:29,240,255,-212,-34
IQ:30,248,12,1,258
IQ:31,256,255,242,-77
IQ:32,264,1,-167,-335
IQ:33,272,255,-248,169
IQ:34,280,2,290,103
IQ:35,288,255,113,-243
SW:2
RR:3
SS:3
FR:2480
ME:5
MA:353
KE:13
KA:330
DF_END

Data arrived...
DF_BEGIN
IQ:0,0,11,137,86
IQ:1,8,11,74,-150
IQ:2,16,11,-166,-61
IQ:3,24,11,-45,164
IQ:4,32,11,171,14
IQ:5,40,11,18,-178
IQ:6,48,11,-183,-3
IQ:7,56,11,4,171
IQ:8,72,12,-170,-189
IQ:9,80,255,-129,101
IQ:10,88,1,180,-38
IQ:11,96,255,29,-163
IQ:12,104,2,9,82
IQ:13,112,255,112,101
IQ:14,120,10,226,75
IQ:15,128,255,107,-187
IQ:16,136,3,-22,-105
IQ:17,144,255,13,24
IQ:18,152,9,194,-112
IQ:19,160,255,-47,-256
IQ:20,168,4,-202,-171
IQ:21,176,255,-91,78
IQ:22,184,8,76,-169
IQ:23,192,255,-106,-138
IQ:24,200,7,31,-19
IQ:25,208,255,70,-31
IQ:26,216,6,91,-105
IQ:27,224,255,-159,-69
IQ:28,232,5,-152,215
IQ:29,240,255,194,109
IQ:30,248,12,70,-245
IQ:31,256,255,-157,-69
IQ:32,264,1,139,119
IQ:33,272,255,145,-75
IQ:34,280,2,-62,39
IQ:35,288,255,-54,121
SW:2
RR:3
SS:3
FR:2402
ME:47
MA:231
KE:17
KA:320
DF_END

Data arrived...
DF_BEGIN
IQ:0,0,11,10,-173
IQ:1,8,11,-166,19
IQ:2,16,11,29,183
IQ:3,24,11,171,-38
IQ:4,32,11,-59,-159
IQ:5,40,11,-154,92
IQ:6,48,11,110,144
IQ:7,56,11,133,-107
IQ:8,72,12,-91,236
IQ:9,80,255,154,59
IQ:10,88,1,-134,-135
IQ:11,96,255,-153,59
IQ:12,104,2,83,-43
IQ:13,112,255,57,-155
IQ:14,120,10,-63,-246
IQ:15,128,255,-223,8
IQ:16,136,3,-82,74
IQ:17,144,255,6,-35
IQ:18,152,9,-207,-112
IQ:19,160,255,-213,177
IQ:20,168,4,-64,255
IQ:21,176,255,90,42
IQ:22,184,8,-208,15
IQ:23,192,255,-50,157
IQ:24,200,7,-25,-35
IQ:25,208,255,-65,-65
IQ:26,216,6,-150,-25
IQ:27,224,255,33,174
IQ:28,232,5,277,22
IQ:29,240,255,15,-228
IQ:30,248,12,-244,43
IQ:31,256,255,41,171
IQ:32,264,1,65,-183
IQ:33,272,255,-132,-94
IQ:34,280,2,76,44
IQ:35,288,255,130,-27
SW:2
RR:3
SS:3
FR:2402
ME:44
MA:231
KE:19
KA:309
DF_END

Data arrived...
DF_BEGIN
IQ:0,0,11,-27,-213
IQ:1,8,11,-197,51
IQ:2,16,11,94,184
IQ:3,24,11,180,-121
IQ:4,32,11,-131,-164
IQ:5,40,11,-148,131
IQ:6,48,11,169,122
IQ:7,56,11,126,-160
IQ:8,72,12,-254,-21
IQ:9,80,255,46,239
IQ:10,88,1,378,-101
IQ:11,96,255,-76,-292
IQ:12,104,2,-179,265
IQ:13,112,255,253,249
IQ:14,120,10,160,40
IQ:15,128,255,-68,-55
IQ:16,136,3,-55,261
IQ:17,144,255,307,123
IQ:18,152,9,245,-105
IQ:19,160,255,-111,-164
IQ:20,168,4,-88,101
IQ:21,176,255,212,-19
IQ:22,184,8,176,-443
IQ:23,192,255,-287,-103
IQ:24,200,7,255,379
IQ:25,208,255,411,-212
IQ:26,216,6,-115,-246
IQ:27,224,255,-304,129
IQ:28,232,5,-6,237
IQ:29,240,255,197,-60
IQ:30,248,12,-94,-247
IQ:31,256,255,-176,161
IQ:32,264,1,297,219
IQ:33,272,255,171,-255
IQ:34,280,2,-321,6
IQ:35,288,255,-2,277
SW:2
RR:3
SS:3
FR:2480
ME:2
MA:353
KE:17
KA:317
DF_END

Data arrived...
DF_BEGIN
IQ:0,0,11,-185,4
IQ:1,8,11,32,161
IQ:2,16,11,192,-28
IQ:3,24,11,-47,-171
IQ:4,32,11,-176,85
IQ:5,40,11,83,169
IQ:6,48,11,140,-113
IQ:7,56,11,-128,-129
IQ:8,72,12,43,-178
IQ:9,80,255,-9,-44
IQ:10,88,1,178,47
IQ:11,96,255,-13,-76
IQ:12,104,2,-190,249
IQ:13,112,255,103,195
IQ:14,120,10,-82,79
IQ:15,128,255,20,196
IQ:16,136,3,248,307
IQ:17,144,255,250,-63
IQ:18,152,9,34,127
IQ:19,160,255,113,90
IQ:20,168,4,239,12
IQ:21,176,255,161,-199
IQ:22,184,8,237,-154
IQ:23,192,255,-5,-60
IQ:24,200,7,333,305
IQ:25,208,255,309,-155
IQ:26,216,6,-101,-30
IQ:27,224,255,-61,73
IQ:28,232,5,-28,-70
IQ:29,240,255,-35,-34
IQ:30,248,12,151,-71
IQ:31,256,255,19,-34
IQ:32,264,1,75,168
IQ:33,272,255,35,-67
IQ:34,280,2,-307,-23
IQ:35,288,255,-72,159
SW:2
RR:3
SS:3
FR:2426
ME:38
MA:240
KE:19
KA:306
DF_END

Data arrived...
DF_BEGIN
IQ:0,0,11,-81,-132
IQ:1,8,11,-113,98
IQ:2,16,11,105,99
IQ:3,24,11,83,-115
IQ:4,32,11,-129,-77
IQ:5,40,11,-71,134
IQ:6,48,11,139,58
IQ:7,56,11,37,-143
IQ:8,72,12,85,184
IQ:9,80,255,127,-32
IQ:10,88,1,-130,14
IQ:11,96,255,-52,101
IQ:12,104,2,-14,-55
IQ:13,112,255,-69,-88
IQ:14,120,10,-163,-120
IQ:15,128,255,-149,117
IQ:16,136,3,-11,114
IQ:17,144,255,7,-9
IQ:18,152,9,-163,40
IQ:19,160,255,-33,208
IQ:20,168,4,99,214
IQ:21,176,255,103,-38
IQ:22,184,8,-124,86
IQ:23,192,255,34,120
IQ:24,200,7,-36,32
IQ:25,208,255,-53,8
IQ:26,216,6,-104,59
IQ:27,224,255,96,92
IQ:28,232,5,169,-134
IQ:29,240,255,-116,-133
IQ:30,248,12,-118,166
IQ:31,256,255,107,101
IQ:32,264,1,-65,-109
IQ:33,272,255,-122,29
IQ:34,280,2,43,-39
IQ:35,288,255,39,-91
SW:2
RR:3
SS:3
FR:2402
ME:47
MA:231
KE:22
KA:295
DF_END

Data arrived...
DF_BEGIN
IQ:0,0,11,-223,-7
IQ:1,8,11,24,230
IQ:2,16,11,207,-17
IQ:3,24,11,-68,-192
IQ:4,32,11,-196,92
IQ:5,40,11,87,188
IQ:6,48,11,170,-128
IQ:7,56,11,-142,-166
IQ:8,72,12,-106,238
IQ:9,80,255,261,-8
IQ:10,88,1,-7,-391
IQ:11,96,255,-304,49
IQ:12,104,2,241,214
IQ:13,112,255,327,-194
IQ:14,120,10,82,-161
IQ:15,128,255,-95,37
IQ:16,136,3,253,120
IQ:17,144,255,216,-255
IQ:18,152,9,-73,-267
IQ:19,160,255,-190,97
IQ:20,168,4,112,132
IQ:21,176,255,7,-223
IQ:22,184,8,-414,-293
IQ:23,192,255,-151,284
IQ:24,200,7,455,-194
IQ:25,208,255,-90,-448
IQ:26,216,6,-273,61
IQ:27,224,255,51,323
IQ:28,232,5,231,31
IQ:29,240,255,-48,-213
IQ:30,248,12,-234,76
IQ:31,256,255,138,213
IQ:32,264,1,282,-259
IQ:33,272,255,-207,-235
IQ:34,280,2,-63,311
IQ:35,288,255,286,54
SW:2
RR:3
SS:3
FR:2480
ME:2
MA:353
KE:20
KA:304
DF_END

Data arrived...
DF_BEGIN
IQ:0,0,11,-120,-87
IQ:1,8,11,-77,135
IQ:2,16,11,138,82
IQ:3,24,11,50,-132
IQ:4,32,11,-156,-32
IQ:5,40,11,-36,147
IQ:6,48,11,128,12
IQ:7,56,11,-4,-157
IQ:8,72,12,120,-138
IQ:9,80,255,-42,-51
IQ:10,88,1,136,172
IQ:11,96,255,51,-104
IQ:12,104,2,-334,15
IQ:13,112,255,-81,249
IQ:14,120,10,-80,38
IQ:15,128,255,-32,110
IQ:16,136,3,-84,361
IQ:17,144,255,237,156
IQ:18,152,9,13,124
IQ:19,160,255,55,149
IQ:20,168,4,145,156
IQ:21,176,255,277,-1
IQ:22,184,8,288,34
IQ:23,192,255,28,-115
IQ:24,200,7,-75,442
IQ:25,208,255,333,166
IQ:26,216,6,-27,-103
IQ:27,224,255,-86,-27
IQ:28,232,5,2,-47
IQ:29,240,255,47,-27
IQ:30,248,12,157,58
IQ:31,256,255,14,6
IQ:32,264,1,-88,189
IQ:33,272,255,111,5
IQ:34,280,2,-225,-239
IQ:35,288,255,-196,83
SW:2
RR:3
SS:3
FR:2426
ME:35
MA:240
KE:22
KA:293
DF_END

Data arrived...
DF_BEGIN
IQ:0,0,11,120,-158
IQ:1,8,11,-181,-90
IQ:2,16,11,-76,185
IQ:3,24,11,197,66
IQ:4,32,11,57,-202
IQ:5,40,11,-196,-18
IQ:6,48,11,-5,199
IQ:7,56,11,208,1
IQ:8,72,12,-221,210
IQ:9,80,255,105,143
IQ:10,88,1,-57,-218
IQ:11,96,255,-187,-20
IQ:12,104,2,130,2
IQ:13,112,255,134,-154
IQ:14,120,10,80,-276
IQ:15,128,255,-217,-121
IQ:16,136,3,-122,-2
IQ:17,144,255,11,-27
IQ:18,152,9,-152,-229
IQ:19,160,255,-308,39
IQ:20,168,4,-229,187
IQ:21,176,255,54,97
IQ:22,184,8,-202,-137
IQ:23,192,255,-158,112
IQ:24,200,7,-2,-62
IQ:25,208,255,-39,-104
IQ:26,216,6,-135,-107
IQ:27,224,255,-87,176
IQ:28,232,5,240,175
IQ:29,240,255,121,-217
IQ:30,248,12,-272,-89
IQ:31,256,255,-68,186
IQ:32,264,1,140,-178
IQ:33,272,255,-100,-169
IQ:34,280,2,76,111
IQ:35,288,255,172,36
SW:2
RR:3
SS:3
FR:2402
ME:47
MA:234
KE:24
KA:283
DF_END

Data arrived...
DF_BEGIN
IQ:0,0,11,31,173
IQ:1,8,11,161,-45
IQ:2,16,11,-66,-160
IQ:3,24,11,-159,70
IQ:4,32,11,91,144
IQ:5,40,11,131,-108
IQ:6,48,11,-108,-128
IQ:7,56,11,-117,139
IQ:8,72,12,38,-254
IQ:9,80,255,-154,-33
IQ:10,88,1,162,127
IQ:11,96,255,146,-97
IQ:12,104,2,-91,59
IQ:13,112,255,-14,184
IQ:14,120,10,104,217
IQ:15,128,255,213,-28
IQ:16,136,3,65,-52
IQ:17,144,255,14,44
IQ:18,152,9,216,74
IQ:19,160,255,159,-217
IQ:20,168,4,17,-229
IQ:21,176,255,-89,-17
IQ:22,184,8,206,-36
IQ:23,192,255,25,-177
IQ:24,200,7,19,48
IQ:25,208,255,91,49
IQ:26,216,6,150,-17
IQ:27,224,255,-51,-165
IQ:28,232,5,-246,18
IQ:29,240,255,44,203
IQ:30,248,12,232,-115
IQ:31,256,255,-63,-157
IQ:32,264,1,-13,213
IQ:33,272,255,158,59
IQ:34,280,2,-98,-47
IQ:35,288,255,-156,60
SW:2
RR:3
SS:3
FR:2402
ME:44
MA:234
KE:27
KA:274
DF_END

Data arrived...
DF_BEGIN
IQ:0,0,11,146,-65
IQ:1,8,11,-88,-118
IQ:2,16,11,-132,104
IQ:3,24,11,113,115
IQ:4,32,11,109,-125
IQ:5,40,11,-145,-90
IQ:6,48,11,-73,169
IQ:7,56,11,154,40
IQ:8,72,12,48,162
IQ:9,80,255,17,19
IQ:10,88,1,-212,42
IQ:11,96,255,53,90
IQ:12,104,2,117,-322
IQ:13,112,255,-201,-174
IQ:14,120,10,0,-95
IQ:15,128,255,-90,-126
IQ:16,136,3,-328,-194
IQ:17,144,255,-228,142
IQ:18,152,9,-97,-67
IQ:19,160,255,-124,-26
IQ:20,168,4,-202,84
IQ:21,176,255,-67,198
IQ:22,184,8,-139,247
IQ:23,192,255,62,40
IQ:24,200,7,-424,-192
IQ:25,208,255,-238,262
IQ:26,216,6,109,12
IQ:27,224,255,39,-80
IQ:28,232,5,53,7
IQ:29,240,255,-4,3
IQ:30,248,12,-116,124
IQ:31,256,255,-5,41
IQ:32,264,1,-152,-136
IQ:33,272,255,-20,81
IQ:34,280,2,321,-111
IQ:35,288,255,35,-224
SW:2
RR:3
SS:3
FR:2426
ME:35
MA:240
KE:28
KA:266
DF_END

Data arrived...
DF_BEGIN
IQ:0,0,11,-177,14
IQ:1,8,11,30,186
IQ:2,16,11,173,-14
IQ:3,24,11,-41,-149
IQ:4,32,11,-171,68
IQ:5,40,11,57,168
IQ:6,48,11,138,-67
IQ:7,56,11,-103,-108
IQ:8,72,12,215,93
IQ:9,80,255,64,-165
IQ:10,88,1,-152,154
IQ:11,96,255,95,140
IQ:12,104,2,-25,-131
IQ:13,112,255,-171,-50
IQ:14,120,10,-256,72
IQ:15,128,255,-24,207
IQ:16,136,3,33,79
IQ:17,144,255,-51,9
IQ:18,152,9,-107,216
IQ:19,160,255,158,192
IQ:20,168,4,231,61
IQ:21,176,255,18,-51
IQ:22,184,8,-17,222
IQ:23,192,255,172,83
IQ:24,200,7,-83,15
IQ:25,208,255,-67,91
IQ:26,216,6,-43,149
IQ:27,224,255,155,-5
IQ:28,232,5,46,-249
IQ:29,240,255,-203,7
IQ:30,248,12,80,228
IQ:31,256,255,187,-17
IQ:32,264,1,-212,-18
IQ:33,272,255,-116,155
IQ:34,280,2,63,-98
IQ:35,288,255,-55,-156
SW:2
RR:3
SS:3
FR:2402
ME:44
MA:234
KE:30
KA:259
DF_END

Data arrived...
DF_BEGIN
IQ:0,0,11,117,136
IQ:1,8,11,135,-138
IQ:2,16,11,-144,-123
IQ:3,24,11,-110,139
IQ:4,32,11,161,74
IQ:5,40,11,63,-187
IQ:6,48,11,-179,-44
IQ:7,56,11,-18,194
IQ:8,72,12,193,-87
IQ:9,80,255,-151,-131
IQ:10,88,1,-181,246
IQ:11,96,255,211,126
IQ:12,104,2,-17,-276
IQ:13,112,255,-301,-51
IQ:14,120,10,-132,59
IQ:15,128,255,88,9
IQ:16,136,3,-74,-235
IQ:17,144,255,-275,16
IQ:18,152,9,-81,197
IQ:19,160,255,164,23
IQ:20,168,4,-9,-154
IQ:21,176,255,-158,118
IQ:22,184,8,95,387
IQ:23,192,255,250,-62
IQ:24,200,7,-345,-105
IQ:25,208,255,-176,319
IQ:26,216,6,208,120
IQ:27,224,255,135,-234
IQ:28,232,5,-118,-150
IQ:29,240,255,-95,152
IQ:30,248,12,192,92
IQ:31,256,255,28,-200
IQ:32,264,1,-316,10
IQ:33,272,255,20,249
IQ:34,280,2,211,-184
IQ:35,288,255,-143,-191
SW:2
RR:3
SS:3
FR:2480
ME:2
MA:353
KE:28
KA:267
DF_END

Data arrived...
DF_BEGIN
IQ:0,0,11,15,-180
IQ:1,8,11,-180,26
IQ:2,16,11,19,183
IQ:3,24,11,174,-34
IQ:4,32,11,-65,-168
IQ:5,40,11,-165,76
IQ:6,48,11,93,162
IQ:7,56,11,149,-107
IQ:8,72,12,-213,-61
IQ:9,80,255,7,215
IQ:10,88,1,315,-21
IQ:11,96,255,-54,-238
IQ:12,104,2,-162,216
IQ:13,112,255,170,252
IQ:14,120,10,137,44
IQ:15,128,255,-62,-74
IQ:16,136,3,-105,215
IQ:17,144,255,223,173
IQ:18,152,9,198,-81
IQ:19,160,255,-105,-138
IQ:20,168,4,-102,108
IQ:21,176,255,191,35
IQ:22,184,8,221,-335
IQ:23,192,255,-241,-127
IQ:24,200,7,119,340
IQ:25,208,255,333,-75
IQ:26,216,6,-65,-228
IQ:27,224,255,-271,62
IQ:28,232,5,-17,214
IQ:29,240,255,196,-33
IQ:30,248,12,-80,-206
IQ:31,256,255,-157,118
IQ:32,264,1,221,227
IQ:33,272,255,181,-188
IQ:34,280,2,-271,-51
IQ:35,288,255,-54,226
SW:2
RR:3
SS:3
FR:2480
ME:2
MA:353
KE:26
KA:276
DF_END

Data arrived...
DF_BEGIN
IQ:0,0,11,42,184
IQ:1,8,11,170,-75
IQ:2,16,11,-96,-180
IQ:3,24,11,-162,113
IQ:4,32,11,122,148
IQ:5,40,11,144,-121
IQ:6,48,11,-145,-138
IQ:7,56,11,-113,154
IQ:8,72,12,-173,-73
IQ:9,80,255,-50,12
IQ:10,88,1,77,-166
IQ:11,96,255,-61,-11
IQ:12,104,2,209,202
IQ:13,112,255,202,-80
IQ:14,120,10,135,54
IQ:15,128,255,175,-59
IQ:16,136,3,300,-243
IQ:17,144,255,-46,-178
IQ:18,152,9,73,-46
IQ:19,160,255,51,-210
IQ:20,168,4,98,-218
IQ:21,176,255,-195,-16
IQ:22,184,8,-230,-273
IQ:23,192,255,-1,-75
IQ:24,200,7,466,-119
IQ:25,208,255,-20,-158
IQ:26,216,6,15,55
IQ:27,224,255,52,46
IQ:28,232,5,-3,54
IQ:29,240,255,28,-12
IQ:30,248,12,-8,-205
IQ:31,256,255,-6,-99
IQ:32,264,1,236,-65
IQ:33,272,255,-6,27
IQ:34,280,2,101,139
IQ:35,288,255,121,135
SW:2
RR:3
SS:3
FR:2426
ME:41
MA:240
KE:28
KA:269
DF_END

Data arrived...
DF_BEGIN
IQ:0,0,11,-52,158
IQ:1,8,11,164,35
IQ:2,16,11,23,-158
IQ:3,24,11,-168,-5
IQ:4,32,11,19,165
IQ:5,40,11,162,-19
IQ:6,48,11,-33,-158
IQ:7,56,11,-155,51
IQ:8,72,12,157,-189
IQ:9,80,255,-121,-94
IQ:10,88,1,89,205
IQ:11,96,255,185,-13
IQ:12,104,2,-128,-18
IQ:13,112,255,-131,153
IQ:14,120,10,-26,252
IQ:15,128,255,207,79
IQ:16,136,3,76,-5
IQ:17,144,255,-14,44
IQ:18,152,9,164,183
IQ:19,160,255,239,-89
IQ:20,168,4,135,-138
IQ:21,176,255,-28,-32
IQ:22,184,8,207,80
IQ:23,192,255,118,-129
IQ:24,200,7,-37,65
IQ:25,208,255,71,121
IQ:26,216,6,138,65
IQ:27,224,255,19,-178
IQ:28,232,5,-239,-89
IQ:29,240,255,-49,213
IQ:30,248,12,251,22
IQ:31,256,255,15,-153
IQ:32,264,1,-128,188
IQ:33,272,255,110,154
IQ:34,280,2,-61,-116
IQ:35,288,255,-186,-26
SW:2
RR:3
SS:3
FR:2402
ME:44
MA:234
KE:29
KA:262
DF_END

Data arrived...
DF_BEGIN
IQ:0,0,11,-174,-135
IQ:1,8,11,-124,172
IQ:2,16,11,186,105
IQ:3,24,11,72,-185
IQ:4,32,11,-201,-62
IQ:5,40,11,-57,204
IQ:6,48,11,209,20
IQ:7,56,11,-11,-231
IQ:8,72,12,-239,117
IQ:9,80,255,206,136
IQ:10,88,1,193,-328
IQ:11,96,255,-281,-146
IQ:12,104,2,36,326
IQ:13,112,255,367,65
IQ:14,120,10,144,-87
IQ:15,128,255,-103,-19
IQ:16,136,3,114,255
IQ:17,144,255,350,-61
IQ:18,152,9,97,-276
IQ:19,160,255,-231,-47
IQ:20,168,4,0,176
IQ:21,176,255,189,-153
IQ:22,184,8,-198,-463
IQ:23,192,255,-332,131
IQ:24,200,7,410,141
IQ:25,208,255,173,-412
IQ:26,216,6,-271,-125
IQ:27,224,255,-167,277
IQ:28,232,5,167,206
IQ:29,240,255,109,-183
IQ:30,248,12,-249,-121
IQ:31,256,255,-43,243
IQ:32,264,1,377,-37
IQ:33,272,255,-35,-316
IQ:34,280,2,-253,195
IQ:35,288,255,150,242
SW:2
RR:3
SS:3
FR:2480
ME:2
MA:353
KE:27
KA:272
DF_END

Data arrived...
DF_BEGIN
IQ:0,0,11,-12,-174
IQ:1,8,11,-176,49
IQ:2,16,11,85,160
IQ:3,24,11,148,-79
IQ:4,32,11,-118,-141
IQ:5,40,11,-148,107
IQ:6,48,11,95,109