KE:27
KA:271
DF_END

Data arrived...
DF_BEGIN
IQ:0,0,11,-168,65
IQ:1,8,11,85,169
IQ:2,16,11,168,-107
IQ:3,24,11,-113,-155
IQ:4,32,11,-141,113
IQ:5,40,11,136,131
IQ:6,48,11,123,-151
IQ:7,56,11,-163,-99
IQ:8,72,12,-42,-157
IQ:9,80,255,-16,-36
IQ:10,88,1,184,-73
IQ:11,96,255,-65,-39
IQ:12,104,2,-51,343
IQ:13,112,255,223,132
IQ:14,120,10,-60,130
IQ:15,128,255,82,202
IQ:16,136,3,410,209
IQ:17,144,255,233,-169
IQ:18,152,9,58,118
IQ:19,160,255,181,66
IQ:20,168,4,291,-104
IQ:21,176,255,80,-288
IQ:22,184,8,130,-231
IQ:23,192,255,-25,-23
IQ:24,200,7,458,233
IQ:25,208,255,225,-292
IQ:26,216,6,-135,19
IQ:27,224,255,-12,100
IQ:28,232,5,-42,-76
IQ:29,240,255,-66,-44
IQ:30,248,12,101,-127
IQ:31,256,255,30,-40
IQ:32,264,1,153,103
IQ:33,272,255,-11,-79
IQ:34,280,2,-339,127
IQ:35,288,255,5,209
SW:2
RR:3
SS:3
FR:2426
ME:38
MA:243
KE:28
KA:267
DF_END

Data arrived...
DF_BEGIN
IQ:0,0,11,-130,81
IQ:1,8,11,91,115
IQ:2,16,11,114,-91
IQ:3,24,11,-103,-108
IQ:4,32,11,-98,108
IQ:5,40,11,119,82
IQ:6,48,11,70,-139
IQ:7,56,11,-136,-48
IQ:8,72,12,215,-44
IQ:9,80,255,5,-146
IQ:10,88,1,-31,134
IQ:11,96,255,86,74
IQ:12,104,2,-54,-15
IQ:13,112,255,-111,40
IQ:14,120,10,-141,156
IQ:15,128,255,93,156
IQ:16,136,3,109,38
IQ:17,144,255,-1,-5
IQ:18,152,9,19,176
IQ:19,160,255,213,61
IQ:20,168,4,228,-74
IQ:21,176,255,-11,-103
IQ:22,184,8,86,143
IQ:23,192,255,147,-12
IQ:24,200,7,-3,27
IQ:25,208,255,-13,73
IQ:26,216,6,38,106
IQ:27,224,255,97,-91
IQ:28,232,5,-119,-189
IQ:29,240,255,-164,93
IQ:30,248,12,165,137
IQ:31,256,255,109,-84
IQ:32,264,1,-122,55
IQ:33,272,255,-3,119
IQ:34,280,2,-25,-53
IQ:35,288,255,-79,-67
SW:2
RR:3
SS:3
FR:2402
ME:47
MA:234
KE:30
KA:262
DF_END

Data arrived...
DF_BEGIN
IQ:0,0,11,-32,171
IQ:1,8,11,174,27
IQ:2,16,11,7,-173
IQ:3,24,11,-176,17
IQ:4,32,11,41,162
IQ:5,40,11,174,-44
IQ:6,48,11,-54,-164
IQ:7,56,11,-149,85
IQ:8,72,12,182,66
IQ:9,80,255,0,-182
IQ:10,88,1,-274,22
IQ:11,96,255,44,221
IQ:12,104,2,173,-164
IQ:13,112,255,-138,-234
IQ:14,120,10,-106,-30
IQ:15,128,255,58,67
IQ:16,136,3,123,-182
IQ:17,144,255,-175,-167
IQ:18,152,9,-180,72
IQ:19,160,255,95,136
IQ:20,168,4,97,-94
IQ:21,176,255,-176,-27
IQ:22,184,8,-194,277
IQ:23,192,255,206,104
IQ:24,200,7,-97,-316
IQ:25,208,255,-317,37
IQ:26,216,6,38,202
IQ:27,224,255,232,-42
IQ:28,232,5,21,-176
IQ:29,240,255,-155,34
IQ:30,248,12,32,183
IQ:31,256,255,159,-99
IQ:32,264,1,-191,-204
IQ:33,272,255,-152,172
IQ:34,280,2,240,56
IQ:35,288,255,82,-194
SW:2
RR:3
SS:3
FR:2480
ME:2
MA:353
KE:27
KA:271
DF_END

Data arrived...
DF_BEGIN
IQ:0,0,11,83,163
IQ:1,8,11,156,-121
IQ:2,16,11,-146,-154
IQ:3,24,11,-131,125
IQ:4,32,11,148,125
IQ:5,40,11,95,-156
IQ:6,48,11,-179,-85
IQ:7,56,11,-60,184
IQ:8,72,12,-103,98
IQ:9,80,255,-13,-8
IQ:10,88,1,-134,-141
IQ:11,96,255,-1,114
IQ:12,104,2,398,-60
IQ:13,112,255,48,-283
IQ:14,120,10,103,26
IQ:15,128,255,180,-145
IQ:16,136,3,83,-443
IQ:17,144,255,-273,-167
IQ:18,152,9,84,-81
IQ:19,160,255,44,-167
IQ:20,168,4,-156,-258
IQ:21,176,255,-323,1
IQ:22,184,8,-288,-45
IQ:23,192,255,4,26
IQ:24,200,7,18,-547
IQ:25,208,255,-383,-132
IQ:26,216,6,53,149
IQ:27,224,255,129,-26
IQ:28,232,5,-44,25
IQ:29,240,255,-45,78
IQ:30,248,12,-127,-29
IQ:31,256,255,-7,-10
IQ:32,264,1,40,-215
IQ:33,272,255,-96,62
IQ:34,280,2,258,292
IQ:35,288,255,209,-94
SW:2
RR:3
SS:3
FR:2426
ME:35
MA:243
KE:28
KA:267
DF_END

Data arrived...
DF_BEGIN
IQ:0,0,11,157,40
IQ:1,8,11,21,-170
IQ:2,16,11,-166,-3
IQ:3,24,11,34,161
IQ:4,32,11,159,-46
IQ:5,40,11,-57,-164
IQ:6,48,11,-156,60
IQ:7,56,11,86,142
IQ:8,72,12,-207,-111
IQ:9,80,255,-91,121
IQ:10,88,1,116,-87
IQ:11,96,255,-28,-122
IQ:12,104,2,32,53
IQ:13,112,255,115,40
IQ:14,120,10,207,-37
IQ:15,128,255,26,-206
IQ:16,136,3,-56,-117
IQ:17,144,255,-3,15
IQ:18,152,9,110,-157
IQ:19,160,255,-137,-186
IQ:20,168,4,-241,-66
IQ:21,176,255,-49,112
IQ:22,184,8,46,-167
IQ:23,192,255,-136,-95
IQ:24,200,7,5,-13
IQ:25,208,255,62,-34
IQ:26,216,6,59,-112
IQ:27,224,255,-148,-16
IQ:28,232,5,-75,234
IQ:29,240,255,192,47
IQ:30,248,12,-24,-236
IQ:31,256,255,-158,-13
IQ:32,264,1,126,48
IQ:33,272,255,91,-91
IQ:34,280,2,-28,47
IQ:35,288,255,14,105
SW:2
RR:3
SS:3
FR:2402
ME:47
MA:229
KE:30
KA:262
DF_END

Data arrived...
DF_BEGIN
IQ:0,0,11,142,97
IQ:1,8,11,80,-169
IQ:2,16,11,-171,-80
IQ:3,24,11,-63,173
IQ:4,32,11,186,45
IQ:5,40,11,18,-175
IQ:6,48,11,-189,-16
IQ:7,56,11,11,176
IQ:8,72,12,-177,-193
IQ:9,80,255,-152,84
IQ:10,88,1,162,-53
IQ:11,96,255,21,-144
IQ:12,104,2,20,71
IQ:13,112,255,107,104
IQ:14,120,10,235,73
IQ:15,128,255,132,-188
IQ:16,136,3,2,-151
IQ:17,144,255,-15,3
IQ:18,152,9,191,-122
IQ:19,160,255,-40,-264
IQ:20,168,4,-204,-205
IQ:21,176,255,-116,71
IQ:22,184,8,114,-151
IQ:23,192,255,-102,-146
IQ:24,200,7,35,-28
IQ:25,208,255,71,-24
IQ:26,216,6,90,-102
IQ:27,224,255,-157,-80
IQ:28,232,5,-160,204
IQ:29,240,255,191,114
IQ:30,248,12,78,-247
IQ:31,256,255,-156,-80
IQ:32,264,1,123,100
IQ:33,272,255,139,-60
IQ:34,280,2,-46,64
IQ:35,288,255,-35,123
SW:2
RR:3
SS:3
FR:2402
ME:47
MA:231
KE:31
KA:257
DF_END

Data arrived...
DF_BEGIN
IQ:0,0,11,-23,-174
IQ:1,8,11,-177,41
IQ:2,16,11,54,173
IQ:3,24,11,155,-85
IQ:4,32,11,-100,-161
IQ:5,40,11,-155,96
IQ:6,48,11,108,142
IQ:7,56,11,127,-132
IQ:8,72,12,-189,-10
IQ:9,80,255,61,182
IQ:10,88,1,253,-77
IQ:11,96,255,-91,-201
IQ:12,104,2,-128,190
IQ:13,112,255,186,177
IQ:14,120,10,105,-10
IQ:15,128,255,-85,-48
IQ:16,136,3,-66,199
IQ:17,144,255,215,120
IQ:18,152,9,140,-91
IQ:19,160,255,-115,-92
IQ:20,168,4,-69,102
IQ:21,176,255,155,-12
IQ:22,184,8,103,-307
IQ:23,192,255,-229,-38
IQ:24,200,7,176,273
IQ:25,208,255,290,-127
IQ:26,216,6,-96,-175
IQ:27,224,255,-205,108
IQ:28,232,5,33,166
IQ:29,240,255,139,-81
IQ:30,248,12,-97,-152
IQ:31,256,255,-112,155
IQ:32,264,1,232,153
IQ:33,272,255,113,-184
IQ:34,280,2,-240,6
IQ:35,288,255,3,198
SW:2
RR:3
SS:3
FR:2480
ME:2
MA:353
KE:29
KA:265
DF_END

Data arrived...
DF_BEGIN
IQ:0,0,11,-134,103
IQ:1,8,11,118,119
IQ:2,16,11,108,-117
IQ:3,24,11,-138,-89
IQ:4,32,11,-72,140
IQ:5,40,11,160,72
IQ:6,48,11,53,-156
IQ:7,56,11,-155,-22
IQ:8,72,12,-86,-84
IQ:9,80,255,-15,-29
IQ:10,88,1,84,-130
IQ:11,96,255,-91,13
IQ:12,104,2,80,307
IQ:13,112,255,226,28
IQ:14,120,10,-28,85
IQ:15,128,255,131,119
IQ:16,136,3,363,-4
IQ:17,144,255,107,-239
IQ:18,152,9,66,59
IQ:19,160,255,148,20
IQ:20,168,4,189,-163
IQ:21,176,255,-79,-251
IQ:22,184,8,-22,-209
IQ:23,192,255,-34,15
IQ:24,200,7,441,-1
IQ:25,208,255,71,-316
IQ:26,216,6,-107,74
IQ:27,224,255,43,96
IQ:28,232,5,-30,-66
IQ:29,240,255,-62,-25
IQ:30,248,12,26,-106
IQ:31,256,255,31,2
IQ:32,264,1,155,-6
IQ:33,272,255,-84,-50
IQ:34,280,2,-191,264
IQ:35,288,255,123,157
SW:2
RR:3
SS:3
FR:2426
ME:35
MA:243
KE:29
KA:262
DF_END

Data arrived...
DF_BEGIN
IQ:0,0,11,97,135
IQ:1,8,11,115,-116
IQ:2,16,11,-140,-91
IQ:3,24,11,-87,143
IQ:4,32,11,155,69
IQ:5,40,11,40,-160
IQ:6,48,11,-165,-48
IQ:7,56,11,-39,155
IQ:8,72,12,-101,-217
IQ:9,80,255,-164,37
IQ:10,88,1,143,22
IQ:11,96,255,54,-115
IQ:12,104,2,-10,52
IQ:13,112,255,51,109
IQ:14,120,10,190,131
IQ:15,128,255,154,-134
IQ:16,136,3,11,-129
IQ:17,144,255,-18,11
IQ:18,152,9,182,-53
IQ:19,160,255,34,-230
IQ:20,168,4,-127,-206
IQ:21,176,255,-110,34
IQ:22,184,8,136,-105
IQ:23,192,255,-48,-157
IQ:24,200,7,16,-2
IQ:25,208,255,72,7
IQ:26,216,6,109,-60
IQ:27,224,255,-122,-94
IQ:28,232,5,-188,156
IQ:29,240,255,135,146
IQ:30,248,12,109,-205
IQ:31,256,255,-118,-100
IQ:32,264,1,76,127
IQ:33,272,255,140,-18
IQ:34,280,2,-52,20
IQ:35,288,255,-73,81
SW:2
RR:3
SS:3
FR:2402
ME:47
MA:231
KE:31
KA:257
DF_END

Data arrived...
DF_BEGIN
IQ:0,0,11,-180,11
IQ:1,8,11,29,178
IQ:2,16,11,173,-46
IQ:3,24,11,-61,-169
IQ:4,32,11,-162,79
IQ:5,40,11,111,149
IQ:6,48,11,148,-113
IQ:7,56,11,-120,-131
IQ:8,72,12,-29,192
IQ:9,80,255,192,-39
IQ:10,88,1,-60,-262
IQ:11,96,255,-209,79
IQ:12,104,2,195,141
IQ:13,112,255,191,-181
IQ:14,120,10,-5,-104
IQ:15,128,255,-55,76
IQ:16,136,3,203,66
IQ:17,144,255,119,-207
IQ:18,152,9,-103,-141
IQ:19,160,255,-99,118
IQ:20,168,4,119,62
IQ:21,176,255,-14,-178
IQ:22,184,8,-310,-91
IQ:23,192,255,-36,220
IQ:24,200,7,305,-171
IQ:25,208,255,-116,-305
IQ:26,216,6,-192,82
IQ:27,224,255,103,212
IQ:28,232,5,181,-29
IQ:29,240,255,-68,-143
IQ:30,248,12,-152,108
IQ:31,256,255,155,112
IQ:32,264,1,148,-233
IQ:33,272,255,-196,-121
IQ:34,280,2,-5,244
IQ:35,288,255,213,9
SW:2
RR:3
SS:3
FR:2480
ME:2
MA:353
KE:28
KA:266
DF_END

Data arrived...
DF_BEGIN
IQ:0,0,11,-150,-57
IQ:1,8,11,-36,149
IQ:2,16,11,151,35
IQ:3,24,11,9,-164
IQ:4,32,11,-165,-7
IQ:5,40,11,23,157
IQ:6,48,11,151,-41
IQ:7,56,11,-43,-155
IQ:8,72,12,174,138
IQ:9,80,255,97,-107
IQ:10,88,1,-135,53
IQ:11,96,255,5,129
IQ:12,104,2,-27,-58
IQ:13,112,255,-114,-74
IQ:14,120,10,-222,-18
IQ:15,128,255,-74,187
IQ:16,136,3,34,116
IQ:17,144,255,7,-15
IQ:18,152,9,-130,119
IQ:19,160,255,87,210
IQ:20,168,4,202,129
IQ:21,176,255,65,-79
IQ:22,184,8,-72,165
IQ:23,192,255,114,108
IQ:24,200,7,-24,7
IQ:25,208,255,-64,30
IQ:26,216,6,-68,110
IQ:27,224,255,144,27
IQ:28,232,5,104,-213
IQ:29,240,255,-185,-77
IQ:30,248,12,-7,228
IQ:31,256,255,157,23
IQ:32,264,1,-134,-65
IQ:33,272,255,-105,87
IQ:34,280,2,36,-46
IQ:35,288,255,20,-115
SW:2
RR:3
SS:3
FR:2402
ME:47
MA:234
KE:30
KA:261
DF_END

Data arrived...
DF_BEGIN
IQ:0,0,11,196,128
IQ:1,8,11,106,-179
IQ:2,16,11,-205,-67
IQ:3,24,11,-55,214
IQ:4,32,11,214,31
IQ:5,40,11,36,-213
IQ:6,48,11,-200,-12
IQ:7,56,11,8,210
IQ:8,72,12,164,-160
IQ:9,80,255,-191,-95
IQ:10,88,1,-123,307
IQ:11,96,255,267,92
IQ:12,104,2,-126,-260
IQ:13,112,255,-312,43
IQ:14,120,10,-80,95
IQ:15,128,255,96,-48
IQ:16,136,3,-144,-208
IQ:17,144,255,-277,101
IQ:18,152,9,-25,210
IQ:19,160,255,172,-38
IQ:20,168,4,-65,-125
IQ:21,176,255,-103,186
IQ:22,184,8,219,353
IQ:23,192,255,234,-160
IQ:24,200,7,-396,-59
IQ:25,208,255,-105,371
IQ:26,216,6,256,62
IQ:27,224,255,85,-261
IQ:28,232,5,-183,-101
IQ:29,240,255,-31,176
IQ:30,248,12,238,20
IQ:31,256,255,-56,-204
IQ:32,264,1,-307,93
IQ:33,272,255,92,245
IQ:34,280,2,179,-228
IQ:35,288,255,-210,-148
SW:2
RR:3
SS:3
FR:2480
ME:2
MA:353
KE:27
KA:271
DF_END

Data arrived...
DF_BEGIN
IQ:0,0,11,60,-16
IQ:1,8,11,-83,-115
IQ:2,16,11,-122,38
IQ:3,24,11,93,47
IQ:4,32,11,128,-60
IQ:5,40,11,-76,-129
IQ:6,48,11,-98,88
IQ:7,56,11,105,168
IQ:8,72,12,14,100
IQ:9,80,255,-3,22
IQ:10,88,1,-97,36
IQ:11,96,255,74,15
IQ:12,104,2,64,-264
IQ:13,112,255,-167,-143
IQ:14,120,10,-17,-67
IQ:15,128,255,4,-182
IQ:16,136,3,-299,-167
IQ:17,144,255,-171,130
IQ:18,152,9,-44,-10
IQ:19,160,255,-185,-40
IQ:20,168,4,-198,18
IQ:21,176,255,-84,219
IQ:22,184,8,-93,174
IQ:23,192,255,32,6
IQ:24,200,7,-295,-199
IQ:25,208,255,-197,257
IQ:26,216,6,120,-124
IQ:27,224,255,43,-103
IQ:28,232,5,23,17
IQ:29,240,255,41,24
IQ:30,248,12,-100,94
IQ:31,256,255,-31,-7
IQ:32,264,1,-83,-44
IQ:33,272,255,7,73
IQ:34,280,2,261,-16
IQ:35,288,255,-20,-137
SW:2
RR:3
SS:3
FR:2426
ME:47
MA:234
KE:29
KA:266
DF_END

Data arrived...
DF_BEGIN
IQ:0,0,11,-79,-136
IQ:1,8,11,-126,89
IQ:2,16,11,104,109
IQ:3,24,11,96,-106
IQ:4,32,11,-123,-100
IQ:5,40,11,-90,117
IQ:6,48,11,136,71
IQ:7,56,11,52,-138
IQ:8,72,12,65,209
IQ:9,80,255,140,-12
IQ:10,88,1,-141,-17
IQ:11,96,255,-66,96
IQ:12,104,2,3,-68
IQ:13,112,255,-45,-103
IQ:14,120,10,-133,-143
IQ:15,128,255,-172,93
IQ:16,136,3,-43,112
IQ:17,144,255,28,7
IQ:18,152,9,-168,5
IQ:19,160,255,-57,205
IQ:20,168,4,69,239
IQ:21,176,255,116,-6
IQ:22,184,8,-137,86
IQ:23,192,255,13,147
IQ:24,200,7,-31,10
IQ:25,208,255,-60,-4
IQ:26,216,6,-101,40
IQ:27,224,255,83,104
IQ:28,232,5,199,-102
IQ:29,240,255,-94,-167
IQ:30,248,12,-144,154
IQ:31,256,255,93,118
IQ:32,264,1,-49,-121
IQ:33,272,255,-115,-3
IQ:34,280,2,58,-29
IQ:35,288,255,55,-91
SW:2
RR:3
SS:3
FR:2402
ME:47
MA:234
KE:31
KA:261
DF_END

Data arrived...
DF_BEGIN
IQ:0,0,11,108,-169
IQ:1,8,11,-182,-88
IQ:2,16,11,-68,190
IQ:3,24,11,202,55
IQ:4,32,11,18,-196
IQ:5,40,11,-197,7
IQ:6,48,11,27,200
IQ:7,56,11,202,-41
IQ:8,72,12,-148,-162
IQ:9,80,255,-84,201
IQ:10,88,1,296,140
IQ:11,96,255,84,-237
IQ:12,104,2,-277,92
IQ:13,112,255,10,313
IQ:14,120,10,94,82
IQ:15,128,255,-41,-103
IQ:16,136,3,-212,145
IQ:17,144,255,126,267
IQ:18,152,9,230,8
IQ:19,160,255,-30,-186
IQ:20,168,4,-140,55
IQ:21,176,255,170,111
IQ:22,184,8,341,-197
IQ:23,192,255,-160,-222
IQ:24,200,7,-62,373
IQ:25,208,255,362,102
IQ:26,216,6,60,-244
IQ:27,224,255,-266,-76
IQ:28,232,5,-121,177
IQ:29,240,255,182,53
IQ:30,248,12,40,-216
IQ:31,256,255,-205,34
IQ:32,264,1,94,323
IQ:33,272,255,255,-91
IQ:34,280,2,-224,-165
IQ:35,288,255,-138,181
SW:2
RR:3
SS:3
FR:2480
ME:2
MA:353
KE:28
KA:271
DF_END

Data arrived...
DF_BEGIN
IQ:0,0,11,181,4
IQ:1,8,11,-27,-189
IQ:2,16,11,-170,47
IQ:3,24,11,71,183
IQ:4,32,11,173,-73
IQ:5,40,11,-106,-160
IQ:6,48,11,-152,112
IQ:7,56,11,123,134
IQ:8,72,12,9,159
IQ:9,80,255,-1,39
IQ:10,88,1,-199,16
IQ:11,96,255,60,60
IQ:12,104,2,149,-360
IQ:13,112,255,-184,-197
IQ:14,120,10,94,-88
IQ:15,128,255,-22,-218
IQ:16,136,3,-322,-304
IQ:17,144,255,-303,94
IQ:18,152,9,-48,-131
IQ:19,160,255,-141,-120
IQ:20,168,4,-275,-14
IQ:21,176,255,-160,244
IQ:22,184,8,-203,178
IQ:23,192,255,38,27
IQ:24,200,7,-368,-359
IQ:25,208,255,-324,204
IQ:26,216,6,127,28
IQ:27,224,255,38,-103
IQ:28,232,5,-1,93
IQ:29,240,255,33,55
IQ:30,248,12,-125,85
IQ:31,256,255,-41,13
IQ:32,264,1,-133,-134
IQ:33,272,255,-14,89
IQ:34,280,2,376,-68
IQ:35,288,255,69,-236
SW:2
RR:3
SS:3
FR:2426
ME:38
MA:243
KE:29
KA:267
DF_END

Data arrived...
DF_BEGIN
IQ:0,0,11,-13,163
IQ:1,8,11,172,-5
IQ:2,16,11,-28,-163
IQ:3,24,11,-173,31
IQ:4,32,11,53,148
IQ:5,40,11,146,-71
IQ:6,48,11,-86,-142
IQ:7,56,11,-139,98
IQ:8,72,12,61,-217
IQ:9,80,255,-147,-58
IQ:10,88,1,81,94
IQ:11,96,255,107,-37
IQ:12,104,2,-36,37
IQ:13,112,255,-37,106
IQ:14,120,10,41,210
IQ:15,128,255,204,-5
IQ:16,136,3,101,-97
IQ:17,144,255,-35,-19
IQ:18,152,9,148,90
IQ:19,160,255,165,-145
IQ:20,168,4,37,-259
IQ:21,176,255,-126,-55
IQ:22,184,8,167,27
IQ:23,192,255,70,-138
IQ:24,200,7,23,-6
IQ:25,208,255,41,45
IQ:26,216,6,120,34
IQ:27,224,255,3,-157
IQ:28,232,5,-225,-43
IQ:29,240,255,-23,193
IQ:30,248,12,214,-75
IQ:31,256,255,-19,-156
IQ:32,264,1,-28,127
IQ:33,272,255,95,76
IQ:34,280,2,-52,-6
IQ:35,288,255,-94,13
SW:2
RR:3
SS:3
FR:2402
ME:47
MA:229
KE:31
KA:261
DF_END

Data arrived...
DF_BEGIN
IQ:0,0,11,191,-59
IQ:1,8,11,-58,-186
IQ:2,16,11,-170,96
IQ:3,24,11,111,153
IQ:4,32,11,145,-148
IQ:5,40,11,-154,-127
IQ:6,48,11,-108,149
IQ:7,56,11,171,92
IQ:8,72,12,-24,-223
IQ:9,80,255,-188,118
IQ:10,88,1,176,274
IQ:11,96,255,224,-130
IQ:12,104,2,-253,-112
IQ:13,112,255,-168,248
IQ:14,120,10,20,121
IQ:15,128,255,26,-87
IQ:16,136,3,-250,-21
IQ:17,144,255,-82,286
IQ:18,152,9,171,151
IQ:19,160,255,93,-169
IQ:20,168,4,-130,-62
IQ:21,176,255,50,181
IQ:22,184,8,380,38
IQ:23,192,255,6,-262
IQ:24,200,7,-278,251
IQ:25,208,255,244,284
IQ:26,216,6,175,-157
IQ:27,224,255,-165,-238
IQ:28,232,5,-201,58
IQ:29,240,255,112,141
IQ:30,248,12,153,-153
IQ:31,256,255,-209,-104
IQ:32,264,1,-128,309
IQ:33,272,255,254,86
IQ:34,280,2,-59,-269
IQ:35,288,255,-231,38
SW:2
RR:3
SS:3
FR:2480
ME:2
MA:353
KE:28
KA:272
DF_END

Data arrived...
DF_BEGIN
IQ:0,0,11,134,72
IQ:1,8,11,57,-149
IQ:2,16,11,-161,-43
IQ:3,24,11,-37,159
IQ:4,32,11,167,-9
IQ:5,40,11,-4,-169
IQ:6,48,11,-168,26
IQ:7,56,11,28,157
IQ:8,72,12,114,-149
IQ:9,80,255,-157,-53
IQ:10,88,1,-84,247
IQ:11,96,255,203,65
IQ:12,104,2,-88,-218
IQ:13,112,255,-254,59
IQ:14,120,10,-56,76
IQ:15,128,255,68,-47
IQ:16,136,3,-128,-163
IQ:17,144,255,-199,115
IQ:18,152,9,-2,190
IQ:19,160,255,138,-36
IQ:20,168,4,-57,-112
IQ:21,176,255,-86,144
IQ:22,184,8,176,244
IQ:23,192,255,142,-162
IQ:24,200,7,-320,-2
IQ:25,208,255,-44,305
IQ:26,216,6,199,42
IQ:27,224,255,47,-218
IQ:28,232,5,-157,-69
IQ:29,240,255,-13,152
IQ:30,248,12,186,-10
IQ:31,256,255,-58,-166
IQ:32,264,1,-236,91
IQ:33,272,255,96,201
IQ:34,280,2,99,-186
IQ:35,288,255,-161,-112
SW:2
RR:3
SS:3
FR:2480
ME:2
MA:353
KE:25
KA:283
DF_END

Data arrived...
DF_BEGIN
IQ:0,0,11,192,-74
IQ:1,8,11,-76,-190
IQ:2,16,11,-167,100
IQ:3,24,11,112,167
IQ:4,32,11,150,-139
IQ:5,40,11,-152,-127
IQ:6,48,11,-109,166
IQ:7,56,11,170,107
IQ:8,72,12,13,146
IQ:9,80,255,-15,44
IQ:10,88,1,-173,68
IQ:11,96,255,96,22
IQ:12,104,2,65,-388
IQ:13,112,255,-239,-142
IQ:14,120,10,76,-103
IQ:15,128,255,-61,-219
IQ:16,136,3,-401,-190
IQ:17,144,255,-229,197
IQ:18,152,9,-67,-102
IQ:19,160,255,-158,-77
IQ:20,168,4,-257,104
IQ:21,176,255,-37,302
IQ:22,184,8,-130,248
IQ:23,192,255,15,0
IQ:24,200,7,-483,-179
IQ:25,208,255,-219,317
IQ:26,216,6,142,-22
IQ:27,224,255,-1,-120
IQ:28,232,5,9,93
IQ:29,240,255,75,50
IQ:30,248,12,-88,98
IQ:31,256,255,-51,23
IQ:32,264,1,-176,-68
IQ:33,272,255,36,84
IQ:34,280,2,333,-200
IQ:35,288,255,-3,-242
SW:2
RR:3
SS:3
FR:2426
ME:38
MA:243
KE:26
KA:277
DF_END

Data arrived...
DF_BEGIN
IQ:0,0,11,79,168
IQ:1,8,11,151,-101
IQ:2,16,11,-103,-154
IQ:3,24,11,-129,112
IQ:4,32,11,134,127
IQ:5,40,11,113,-145
IQ:6,48,11,-157,-89
IQ:7,56,11,-72,159
IQ:8,72,12,-45,-251
IQ:9,80,255,-168,-3
IQ:10,88,1,145,20
IQ:11,96,255,67,-109
IQ:12,104,2,-4,84
IQ:13,112,255,47,124
IQ:14,120,10,155,167
IQ:15,128,255,197,-104
IQ:16,136,3,82,-141
IQ:17,144,255,-25,-12
IQ:18,152,9,190,2
IQ:19,160,255,77,-233
IQ:20,168,4,-83,-300
IQ:21,176,255,-146,0
IQ:22,184,8,155,-101
IQ:23,192,255,-25,-169
IQ:24,200,7,49,-16
IQ:25,208,255,67,2
IQ:26,216,6,128,-29
IQ:27,224,255,-95,-129
IQ:28,232,5,-235,103
IQ:29,240,255,88,189
IQ:30,248,12,177,-170
IQ:31,256,255,-103,-138
IQ:32,264,1,52,142
IQ:33,272,255,139,5
IQ:34,280,2,-72,37
IQ:35,288,255,-73,94
SW:2
RR:3
SS:3
FR:2402
ME:47
MA:231
KE:28
KA:270
DF_END