DF_END

Data arrived...
DF_BEGIN
IQ:0,0,11,58,-156
IQ:1,8,11,-171,-48
IQ:2,16,11,-49,168
IQ:3,24,11,168,27
IQ:4,32,11,13,-176
IQ:5,40,11,-168,14
IQ:6,48,11,18,162
IQ:7,56,11,168,-46
IQ:8,72,12,-137,159
IQ:9,80,255,109,102
IQ:10,88,1,-48,-157
IQ:11,96,255,-145,-20
IQ:12,104,2,63,13
IQ:13,112,255,103,-94
IQ:14,120,10,50,-218
IQ:15,128,255,-193,-84
IQ:16,136,3,-97,40
IQ:17,144,255,16,-26
IQ:18,152,9,-130,-180
IQ:19,160,255,-240,48
IQ:20,168,4,-150,151
IQ:21,176,255,55,67
IQ:22,184,8,-178,-126
IQ:23,192,255,-135,109
IQ:24,200,7,8,-65
IQ:25,208,255,-32,-95
IQ:26,216,6,-107,-81
IQ:27,224,255,-70,138
IQ:28,232,5,184,154
IQ:29,240,255,110,-158
IQ:30,248,12,-211,-38
IQ:31,256,255,-29,147
IQ:32,264,1,104,-118
IQ:33,272,255,-58,-126
IQ:34,280,2,30,54
IQ:35,288,255,127,43
SW:2
RR:3
SS:3
FR:2402
ME:44
MA:234
KE:22
KA:292
DF_END

Data arrived...
DF_BEGIN
IQ:0,0,11,-89,-153
IQ:1,8,11,-160,100
IQ:2,16,11,114,127
IQ:3,24,11,110,-136
IQ:4,32,11,-141,-109
IQ:5,40,11,-79,152
IQ:6,48,11,169,67
IQ:7,56,11,52,-170
IQ:8,72,12,-210,30
IQ:9,80,255,119,165
IQ:10,88,1,232,-186
IQ:11,96,255,-151,-186
IQ:12,104,2,-54,250
IQ:13,112,255,261,112
IQ:14,120,10,126,-47
IQ:15,128,255,-93,-33
IQ:16,136,3,31,216
IQ:17,144,255,269,20
IQ:18,152,9,110,-175
IQ:19,160,255,-172,-44
IQ:20,168,4,-51,155
IQ:21,176,255,178,-65
IQ:22,184,8,-21,-384
IQ:23,192,255,-263,37
IQ:24,200,7,294,190
IQ:25,208,255,228,-266
IQ:26,216,6,-175,-142
IQ:27,224,255,-177,202
IQ:28,232,5,77,186
IQ:29,240,255,140,-107
IQ:30,248,12,-149,-147
IQ:31,256,255,-63,187
IQ:32,264,1,291,75
IQ:33,272,255,31,-239
IQ:34,280,2,-228,110
IQ:35,288,255,71,212
SW:2
RR:3
SS:3
FR:2480
ME:2
MA:353
KE:20
KA:302
DF_END

Data arrived...
DF_BEGIN
IQ:0,0,11,-157,-38
IQ:1,8,11,-22,137
IQ:2,16,11,155,-5
IQ:3,24,11,-19,-150
IQ:4,32,11,-152,40
IQ:5,40,11,37,170
IQ:6,48,11,139,-60
IQ:7,56,11,-75,-145
IQ:8,72,12,38,-93
IQ:9,80,255,-28,-6
IQ:10,88,1,148,36
IQ:11,96,255,-18,-74
IQ:12,104,2,-189,182
IQ:13,112,255,52,181
IQ:14,120,10,-85,41
IQ:15,128,255,-52,163
IQ:16,136,3,111,274
IQ:17,144,255,219,25
IQ:18,152,9,-22,99
IQ:19,160,255,90,83
IQ:20,168,4,191,71
IQ:21,176,255,144,-128
IQ:22,184,8,148,-25
IQ:23,192,255,4,18
IQ:24,200,7,172,277
IQ:25,208,255,196,-58
IQ:26,216,6,-97,-37
IQ:27,224,255,-44,61
IQ:28,232,5,43,-46
IQ:29,240,255,-29,-71
IQ:30,248,12,83,-16
IQ:31,256,255,-12,-11
IQ:32,264,1,52,155
IQ:33,272,255,38,-51
IQ:34,280,2,-262,-68
IQ:35,288,255,-87,129
SW:2
RR:3
SS:3
FR:2426
ME:35
MA:243
KE:21
KA:294
DF_END

Data arrived...
DF_BEGIN
IQ:0,0,11,-154,-105
IQ:1,8,11,-80,150
IQ:2,16,11,163,53
IQ:3,24,11,35,-163
IQ:4,32,11,-187,-20
IQ:5,40,11,-21,182
IQ:6,48,11,176,11
IQ:7,56,11,-14,-177
IQ:8,72,12,150,174
IQ:9,80,255,133,-96
IQ:10,88,1,-155,2
IQ:11,96,255,-51,142
IQ:12,104,2,27,-56
IQ:13,112,255,-62,-130
IQ:14,120,10,-207,-101
IQ:15,128,255,-136,175
IQ:16,136,3,16,104
IQ:17,144,255,-20,-39
IQ:18,152,9,-223,76
IQ:19,160,255,18,254
IQ:20,168,4,132,170
IQ:21,176,255,56,-51
IQ:22,184,8,-147,165
IQ:23,192,255,94,159
IQ:24,200,7,-38,-23
IQ:25,208,255,-114,17
IQ:26,216,6,-108,103
IQ:27,224,255,134,92
IQ:28,232,5,165,-168
IQ:29,240,255,-159,-137
IQ:30,248,12,-89,205
IQ:31,256,255,155,80
IQ:32,264,1,-87,-135
IQ:33,272,255,-143,44
IQ:34,280,2,56,-10
IQ:35,288,255,67,-120
SW:2
RR:3
SS:3
FR:2402
ME:47
MA:234
KE:24
KA:285
DF_END

Data arrived...
DF_BEGIN
IQ:0,0,11,147,-91
IQ:1,8,11,-119,-122
IQ:2,16,11,-110,128
IQ:3,24,11,139,113
IQ:4,32,11,95,-146
IQ:5,40,11,-162,-81
IQ:6,48,11,-74,167
IQ:7,56,11,168,39
IQ:8,72,12,-211,88
IQ:9,80,255,44,152
IQ:10,88,1,41,-143
IQ:11,96,255,-110,-76
IQ:12,104,2,42,28
IQ:13,112,255,124,-31
IQ:14,120,10,165,-159
IQ:15,128,255,-121,-178
IQ:16,136,3,-103,-30
IQ:17,144,255,34,10
IQ:18,152,9,-7,-232
IQ:19,160,255,-247,-67
IQ:20,168,4,-204,79
IQ:21,176,255,29,77
IQ:22,184,8,-111,-178
IQ:23,192,255,-180,36
IQ:24,200,7,17,-47
IQ:25,208,255,9,-95
IQ:26,216,6,-40,-127
IQ:27,224,255,-128,92
IQ:28,232,5,113,211
IQ:29,240,255,176,-93
IQ:30,248,12,-171,-126
IQ:31,256,255,-101,121
IQ:32,264,1,137,-52
IQ:33,272,255,17,-135
IQ:34,280,2,2,56
IQ:35,288,255,69,89
SW:2
RR:3
SS:3
FR:2402
ME:47
MA:231
KE:26
KA:276
DF_END

Data arrived...
DF_BEGIN
IQ:0,0,11,103,-132
IQ:1,8,11,-153,-113
IQ:2,16,11,-73,136
IQ:3,24,11,164,44
IQ:4,32,11,45,-173
IQ:5,40,11,-172,-37
IQ:6,48,11,-5,166
IQ:7,56,11,172,-18
IQ:8,72,12,-94,-179
IQ:9,80,255,-104,159
IQ:10,88,1,260,141
IQ:11,96,255,104,-218
IQ:12,104,2,-241,38
IQ:13,112,255,-19,282
IQ:14,120,10,76,108
IQ:15,128,255,-11,-83
IQ:16,136,3,-170,116
IQ:17,144,255,83,240
IQ:18,152,9,193,57
IQ:19,160,255,-9,-172
IQ:20,168,4,-167,22
IQ:21,176,255,113,140
IQ:22,184,8,339,-184
IQ:23,192,255,-126,-246
IQ:24,200,7,-53,332
IQ:25,208,255,346,108
IQ:26,216,6,83,-192
IQ:27,224,255,-234,-116
IQ:28,232,5,-139,126
IQ:29,240,255,151,77
IQ:30,248,12,79,-182
IQ:31,256,255,-197,-7
IQ:32,264,1,45,283
IQ:33,272,255,232,-62
IQ:34,280,2,-186,-175
IQ:35,288,255,-146,142
SW:2
RR:3
SS:3
FR:2480
ME:2
MA:353
KE:24
KA:286
DF_END

Data arrived...
DF_BEGIN
IQ:0,0,11,47,-73
IQ:1,8,11,-76,-84
IQ:2,16,11,-102,107
IQ:3,24,11,85,46
IQ:4,32,11,27,-95
IQ:5,40,11,-111,-51
IQ:6,48,11,-34,105
IQ:7,56,11,162,20
IQ:8,72,12,46,90
IQ:9,80,255,-86,-23
IQ:10,88,1,-143,103
IQ:11,96,255,68,8
IQ:12,104,2,59,-220
IQ:13,112,255,-273,2
IQ:14,120,10,39,-79
IQ:15,128,255,-60,-148
IQ:16,136,3,-185,-67
IQ:17,144,255,-29,99
IQ:18,152,9,-2,-133
IQ:19,160,255,-172,-46
IQ:20,168,4,-101,71
IQ:21,176,255,-11,211
IQ:22,184,8,-53,171
IQ:23,192,255,-27,43
IQ:24,200,7,-309,-28
IQ:25,208,255,-310,327
IQ:26,216,6,112,-15
IQ:27,224,255,-40,-75
IQ:28,232,5,-38,54
IQ:29,240,255,102,-59
IQ:30,248,12,-83,54
IQ:31,256,255,-17,5
IQ:32,264,1,-82,-103
IQ:33,272,255,-47,88
IQ:34,280,2,212,-95
IQ:35,288,255,36,-242
SW:2
RR:3
SS:3
FR:2426
ME:35
MA:243
KE:25
KA:278
DF_END

Data arrived...
DF_BEGIN
IQ:0,0,11,-134,139
IQ:1,8,11,151,123
IQ:2,16,11,121,-166
IQ:3,24,11,-167,-79
IQ:4,32,11,-82,171
IQ:5,40,11,202,64
IQ:6,48,11,70,-190
IQ:7,56,11,-191,-48
IQ:8,72,12,245,-141
IQ:9,80,255,-48,-154
IQ:10,88,1,21,209
IQ:11,96,255,156,38
IQ:12,104,2,-106,-3
IQ:13,112,255,-144,107
IQ:14,120,10,-143,240
IQ:15,128,255,139,200
IQ:16,136,3,128,74
IQ:17,144,255,21,25
IQ:18,152,9,96,253
IQ:19,160,255,300,26
IQ:20,168,4,287,-92
IQ:21,176,255,9,-121
IQ:22,184,8,168,169
IQ:23,192,255,191,-69
IQ:24,200,7,-3,106
IQ:25,208,255,50,127
IQ:26,216,6,78,124
IQ:27,224,255,103,-142
IQ:28,232,5,-168,-217
IQ:29,240,255,-160,175
IQ:30,248,12,240,124
IQ:31,256,255,98,-158
IQ:32,264,1,-153,141
IQ:33,272,255,60,142
IQ:34,280,2,-54,-111
IQ:35,288,255,-151,-64
SW:2
RR:3
SS:3
FR:2402
ME:47
MA:234
KE:28
KA:270
DF_END

Data arrived...
DF_BEGIN
IQ:0,0,11,142,71
IQ:1,8,11,58,-145
IQ:2,16,11,-134,-50
IQ:3,24,11,-41,156
IQ:4,32,11,152,20
IQ:5,40,11,6,-161
IQ:6,48,11,-157,2
IQ:7,56,11,19,155
IQ:8,72,12,-142,-188
IQ:9,80,255,-113,79
IQ:10,88,1,175,-56
IQ:11,96,255,-5,-161
IQ:12,104,2,-16,111
IQ:13,112,255,126,118
IQ:14,120,10,219,76
IQ:15,128,255,101,-170
IQ:16,136,3,27,-71
IQ:17,144,255,51,-7
IQ:18,152,9,194,-134
IQ:19,160,255,-58,-254
IQ:20,168,4,-141,-176
IQ:21,176,255,-57,28
IQ:22,184,8,106,-201
IQ:23,192,255,-121,-137
IQ:24,200,7,88,0
IQ:25,208,255,101,-62
IQ:26,216,6,88,-102
IQ:27,224,255,-137,-66
IQ:28,232,5,-143,178
IQ:29,240,255,164,106
IQ:30,248,12,81,-227
IQ:31,256,255,-136,-59
IQ:32,264,1,137,105
IQ:33,272,255,121,-100
IQ:34,280,2,-101,48
IQ:35,288,255,-42,147
SW:2
RR:3
SS:3
FR:2402
ME:44
MA:231
KE:29
KA:263
DF_END

Data arrived...
DF_BEGIN
IQ:0,0,11,11,-197
IQ:1,8,11,-205,-7
IQ:2,16,11,2,200
IQ:3,24,11,195,-37
IQ:4,32,11,-47,-189
IQ:5,40,11,-183,75
IQ:6,48,11,90,172
IQ:7,56,11,169,-98
IQ:8,72,12,-188,-89
IQ:9,80,255,1,198
IQ:10,88,1,309,14
IQ:11,96,255,-24,-247
IQ:12,104,2,-195,167
IQ:13,112,255,134,268
IQ:14,120,10,149,40
IQ:15,128,255,-60,-96
IQ:16,136,3,-102,194
IQ:17,144,255,217,168
IQ:18,152,9,202,-58
IQ:19,160,255,-107,-160
IQ:20,168,4,-146,103
IQ:21,176,255,194,48
IQ:22,184,8,207,-331
IQ:23,192,255,-233,-124
IQ:24,200,7,168,326
IQ:25,208,255,367,-83
IQ:26,216,6,-41,-236
IQ:27,224,255,-292,31
IQ:28,232,5,-64,222
IQ:29,240,255,181,-20
IQ:30,248,12,-64,-204
IQ:31,256,255,-193,105
IQ:32,264,1,180,227
IQ:33,272,255,154,-197
IQ:34,280,2,-254,-82
IQ:35,288,255,-85,198
SW:2
RR:3
SS:3
FR:2480
ME:2
MA:353
KE:27
KA:273
DF_END

Data arrived...
DF_BEGIN
IQ:0,0,11,-180,72
IQ:1,8,11,84,154
IQ:2,16,11,151,-120
IQ:3,24,11,-121,-153
IQ:4,32,11,-141,139
IQ:5,40,11,152,116
IQ:6,48,11,106,-158
IQ:7,56,11,-171,-77
IQ:8,72,12,-12,-185
IQ:9,80,255,-39,-13
IQ:10,88,1,212,36
IQ:11,96,255,-9,-99
IQ:12,104,2,-179,228
IQ:13,112,255,123,226
IQ:14,120,10,18,186
IQ:15,128,255,109,129
IQ:16,136,3,193,246
IQ:17,144,255,206,-17
IQ:18,152,9,131,181
IQ:19,160,255,174,12
IQ:20,168,4,183,-85
IQ:21,176,255,58,-166
IQ:22,184,8,245,-165
IQ:23,192,255,0,-98
IQ:24,200,7,358,260
IQ:25,208,255,300,-139
IQ:26,216,6,-76,-47
IQ:27,224,255,-62,31
IQ:28,232,5,-87,-39
IQ:29,240,255,-15,9
IQ:30,248,12,152,-89
IQ:31,256,255,6,-33
IQ:32,264,1,89,202
IQ:33,272,255,86,-43
IQ:34,280,2,-314,-8
IQ:35,288,255,-118,148
SW:2
RR:3
SS:3
FR:2426
ME:38
MA:240
KE:28
KA:267
DF_END

Data arrived...
DF_BEGIN
IQ:0,0,11,168,12
IQ:1,8,11,16,-146
IQ:2,16,11,-142,-3
IQ:3,24,11,4,159
IQ:4,32,11,139,-31
IQ:5,40,11,-54,-150
IQ:6,48,11,-103,92
IQ:7,56,11,73,161
IQ:8,72,12,-204,-111
IQ:9,80,255,-95,127
IQ:10,88,1,144,-49
IQ:11,96,255,-25,-145
IQ:12,104,2,-42,104
IQ:13,112,255,138,103
IQ:14,120,10,248,-45
IQ:15,128,255,63,-195
IQ:16,136,3,-38,-42
IQ:17,144,255,104,59
IQ:18,152,9,175,-167
IQ:19,160,255,-125,-254
IQ:20,168,4,-179,-73
IQ:21,176,255,18,99
IQ:22,184,8,55,-204
IQ:23,192,255,-142,-85
IQ:24,200,7,83,15
IQ:25,208,255,110,-85
IQ:26,216,6,61,-147
IQ:27,224,255,-156,-23
IQ:28,232,5,-38,221
IQ:29,240,255,221,66
IQ:30,248,12,-13,-201
IQ:31,256,255,-173,-10
IQ:32,264,1,135,113
IQ:33,272,255,130,-93
IQ:34,280,2,-116,-6
IQ:35,288,255,-39,124
SW:2
RR:3
SS:3
FR:2402
ME:2
MA:5
KE:26
KA:276
DF_END

Data arrived...
DF_BEGIN
IQ:0,0,11,-14,179
IQ:1,8,11,196,-8
IQ:2,16,11,-25,-185
IQ:3,24,11,-177,52
IQ:4,32,11,77,168
IQ:5,40,11,186,-85
IQ:6,48,11,-101,-152
IQ:7,56,11,-143,117
IQ:8,72,12,195,54
IQ:9,80,255,-23,-210
IQ:10,88,1,-281,41
IQ:11,96,255,53,226
IQ:12,104,2,184,-173
IQ:13,112,255,-128,-254
IQ:14,120,10,-132,-61
IQ:15,128,255,46,69
IQ:16,136,3,95,-202
IQ:17,144,255,-197,-170
IQ:18,152,9,-182,62
IQ:19,160,255,107,120
IQ:20,168,4,134,-102
IQ:21,176,255,-167,-46
IQ:22,184,8,-165,341
IQ:23,192,255,233,98
IQ:24,200,7,-189,-328
IQ:25,208,255,-347,115
IQ:26,216,6,62,204
IQ:27,224,255,271,-65
IQ:28,232,5,54,-209
IQ:29,240,255,-162,-3
IQ:30,248,12,76,185
IQ:31,256,255,150,-139
IQ:32,264,1,-210,-196
IQ:33,272,255,-146,182
IQ:34,280,2,244,33
IQ:35,288,255,28,-201
SW:2
RR:3
SS:3
FR:2480
ME:2
MA:353
KE:23
KA:287
DF_END

Data arrived...
DF_BEGIN
IQ:0,0,11,35,186
IQ:1,8,11,175,-34
IQ:2,16,11,-44,-174
IQ:3,24,11,-194,86
IQ:4,32,11,78,163
IQ:5,40,11,156,-96
IQ:6,48,11,-117,-152
IQ:7,56,11,-130,141
IQ:8,72,12,-187,-73
IQ:9,80,255,-33,53
IQ:10,88,1,144,-192
IQ:11,96,255,-104,-39
IQ:12,104,2,175,289
IQ:13,112,255,287,-4
IQ:14,120,10,168,42
IQ:15,128,255,167,-46
IQ:16,136,3,330,-111
IQ:17,144,255,94,-220
IQ:18,152,9,214,-57
IQ:19,160,255,64,-175
IQ:20,168,4,-2,-176
IQ:21,176,255,-117,-155
IQ:22,184,8,-79,-270
IQ:23,192,255,-99,-27
IQ:24,200,7,365,-205
IQ:25,208,255,-55,-309
IQ:26,216,6,-61,50
IQ:27,224,255,-6,91
IQ:28,232,5,-40,70
IQ:29,240,255,20,-1
IQ:30,248,12,-48,-200
IQ:31,256,255,-64,0
IQ:32,264,1,250,11
IQ:33,272,255,-3,-121
IQ:34,280,2,-163,287
IQ:35,288,255,115,183
SW:2
RR:3
SS:3
FR:2426
ME:38
MA:237
KE:25
KA:279
DF_END

Data arrived...
DF_BEGIN
IQ:0,0,11,-163,-12
IQ:1,8,11,17,177
IQ:2,16,11,170,-24
IQ:3,24,11,-50,-166
IQ:4,32,11,-161,60
IQ:5,40,11,78,140
IQ:6,48,11,142,-81
IQ:7,56,11,-97,-133
IQ:8,72,12,228,94
IQ:9,80,255,66,-142
IQ:10,88,1,-141,126
IQ:11,96,255,66,145
IQ:12,104,2,-34,-104
IQ:13,112,255,-170,-47
IQ:14,120,10,-233,53
IQ:15,128,255,-22,220
IQ:16,136,3,34,76
IQ:17,144,255,-53,18
IQ:18,152,9,-122,232
IQ:19,160,255,152,232
IQ:20,168,4,209,88
IQ:21,176,255,39,-57
IQ:22,184,8,-24,218
IQ:23,192,255,162,61
IQ:24,200,7,-76,31
IQ:25,208,255,-74,101
IQ:26,216,6,-33,138
IQ:27,224,255,175,2
IQ:28,232,5,81,-230
IQ:29,240,255,-191,-48
IQ:30,248,12,45,231
IQ:31,256,255,158,-26
IQ:32,264,1,-185,-47
IQ:33,272,255,-88,144
IQ:34,280,2,70,-77
IQ:35,288,255,-16,-157
SW:2
RR:3
SS:3
FR:2402
ME:44
MA:231
KE:27
KA:271
DF_END

Data arrived...
DF_BEGIN
IQ:0,0,11,116,-135
IQ:1,8,11,-150,-110
IQ:2,16,11,-92,147
IQ:3,24,11,171,83
IQ:4,32,11,51,-173
IQ:5,40,11,-179,-40
IQ:6,48,11,-28,172
IQ:7,56,11,185,1
IQ:8,72,12,-89,-191
IQ:9,80,255,-119,163
IQ:10,88,1,248,173
IQ:11,96,255,107,-212
IQ:12,104,2,-284,26
IQ:13,112,255,-67,295
IQ:14,120,10,74,100
IQ:15,128,255,-5,-86
IQ:16,136,3,-210,89
IQ:17,144,255,55,260
IQ:18,152,9,191,48
IQ:19,160,255,-9,-176
IQ:20,168,4,-161,-8
IQ:21,176,255,114,155
IQ:22,184,8,374,-133
IQ:23,192,255,-113,-252
IQ:24,200,7,-112,342
IQ:25,208,255,312,146
IQ:26,216,6,88,-207
IQ:27,224,255,-242,-128
IQ:28,232,5,-179,116
IQ:29,240,255,139,103
IQ:30,248,12,98,-181
IQ:31,256,255,-207,-19
IQ:32,264,1,7,299
IQ:33,272,255,253,-24
IQ:34,280,2,-160,-213
IQ:35,288,255,-181,132
SW:2
RR:3
SS:3
FR:2480
ME:2
MA:353
KE:24
KA:282
DF_END

Data arrived...
DF_BEGIN
IQ:0,0,11,118,132
IQ:1,8,11,138,-123
IQ:2,16,11,-141,-123
IQ:3,24,11,-112,139
IQ:4,32,11,145,101
IQ:5,40,11,82,-155
IQ:6,48,11,-161,-52
IQ:7,56,11,-35,179
IQ:8,72,12,-106,61
IQ:9,80,255,-42,-12
IQ:10,88,1,-101,-159
IQ:11,96,255,-28,94
IQ:12,104,2,323,-1
IQ:13,112,255,81,-232
IQ:14,120,10,101,-9
IQ:15,128,255,133,-108
IQ:16,136,3,116,-329
IQ:17,144,255,-161,-189
IQ:18,152,9,66,-104
IQ:19,160,255,10,-147
IQ:20,168,4,-107,-195
IQ:21,176,255,-234,-3
IQ:22,184,8,-177,-72
IQ:23,192,255,-6,10
IQ:24,200,7,105,-379
IQ:25,208,255,-248,-133
IQ:26,216,6,22,108
IQ:27,224,255,105,-9
IQ:28,232,5,-67,22
IQ:29,240,255,-41,51
IQ:30,248,12,-97,-53
IQ:31,256,255,-1,-25
IQ:32,264,1,53,-187
IQ:33,272,255,-93,15
IQ:34,280,2,183,254
IQ:35,288,255,175,-40
SW:2
RR:3
SS:3
FR:2426
ME:35
MA:243
KE:25
KA:275
DF_END

Data arrived...
DF_BEGIN
IQ:0,0,11,21,-169
IQ:1,8,11,-176,-3
IQ:2,16,11,23,164
IQ:3,24,11,174,-25
IQ:4,32,11,-35,-169
IQ:5,40,11,-154,60
IQ:6,48,11,71,155
IQ:7,56,11,148,-98
IQ:8,72,12,-116,185
IQ:9,80,255,120,85
IQ:10,88,1,-76,-124
IQ:11,96,255,-133,32
IQ:12,104,2,56,4
IQ:13,112,255,79,-110
IQ:14,120,10,3,-219
IQ:15,128,255,-204,-30
IQ:16,136,3,-93,64
IQ:17,144,255,30,-25
IQ:18,152,9,-156,-151
IQ:19,160,255,-228,123
IQ:20,168,4,-81,211
IQ:21,176,255,84,42
IQ:22,184,8,-196,-39
IQ:23,192,255,-103,147
IQ:24,200,7,-18,-41
IQ:25,208,255,-57,-70
IQ:26,216,6,-128,-55
IQ:27,224,255,-29,164
IQ:28,232,5,229,113
IQ:29,240,255,59,-185
IQ:30,248,12,-211,17
IQ:31,256,255,4,164
IQ:32,264,1,72,-124
IQ:33,272,255,-94,-97
IQ:34,280,2,37,51
IQ:35,288,255,116,28
SW:2
RR:3
SS:3
FR:2402
ME:47
MA:229
KE:27
KA:267
DF_END

Data arrived...
DF_BEGIN
IQ:0,0,11,-30,186
IQ:1,8,11,187,26
IQ:2,16,11,13,-184
IQ:3,24,11,-182,15
IQ:4,32,11,41,176
IQ:5,40,11,162,-65
IQ:6,48,11,-79,-159
IQ:7,56,11,-150,105
IQ:8,72,12,191,91
IQ:9,80,255,17,-201
IQ:10,88,1,-304,-21
IQ:11,96,255,1,246
IQ:12,104,2,205,-171
IQ:13,112,255,-130,-277
IQ:14,120,10,-126,-66
IQ:15,128,255,51,74
IQ:16,136,3,131,-192
IQ:17,144,255,-200,-182
IQ:18,152,9,-208,63
IQ:19,160,255,92,134
IQ:20,168,4,104,-107
IQ:21,176,255,-181,-71
IQ:22,184,8,-223,297
IQ:23,192,255,219,139
IQ:24,200,7,-133,-317
IQ:25,208,255,-354,54
IQ:26,216,6,14,229
IQ:27,224,255,269,-24
IQ:28,232,5,91,-176
IQ:29,240,255,-183,14
IQ:30,248,12,25,216
IQ:31,256,255,177,-95
IQ:32,264,1,-184,-239
IQ:33,272,255,-201,147
IQ:34,280,2,249,91
IQ:35,288,255,84,-216
SW:2
RR:3
SS:3
FR:2480
ME:2
MA:353
KE:25
KA:278
DF_END

Data arrived...
DF_BEGIN
IQ:0,0,11,147,128
IQ:1,8,11,92,-147
IQ:2,16,11,-167,-78
IQ:3,24,11,-68,173
IQ:4,32,11,172,58
IQ:5,40,11,18,-174
IQ:6,48,11,-176,-10
IQ:7,56,11,7,182
IQ:8,72,12,182,-104
IQ:9,80,255,-169,-102
IQ:10,88,1,-156,259
IQ:11,96,255,215,120
IQ:12,104,2,-64,-265
IQ:13,112,255,-291,-24
IQ:14,120,10,-110,85
IQ:15,128,255,106,-15
IQ:16,136,3,-130,-197
IQ:17,144,255,-271,71
IQ:18,152,9,-54,199
IQ:19,160,255,174,-13
IQ:20,168,4,-16,-144
IQ:21,176,255,-128,125
IQ:22,184,8,171,346
IQ:23,192,255,221,-133
IQ:24,200,7,-351,-54
IQ:25,208,255,-128,337
IQ:26,216,6,209,86
IQ:27,224,255,118,-232
IQ:28,232,5,-118,-161
IQ:29,240,255,-87,146
IQ:30,248,12,188,82
IQ:31,256,255,-19,-200
IQ:32,264,1,-310,49
IQ:33,272,255,50,249
IQ:34,280,2,205,-173
IQ:35,288,255,-146,-176
SW:2
RR:3
SS:3
FR:2480
ME:2
MA:353
KE:22
KA:289
DF_END

Data arrived...
DF_BEGIN
IQ:0,0,11,-53,172
IQ:1,8,11,175,41
IQ:2,16,11,34,-195
IQ:3,24,11,-177,-16
IQ:4,32,11,5,196
IQ:5,40,11,176,-13
IQ:6,48,11,-36,-157
IQ:7,56,11,-160,63
IQ:8,72,12,-95,-44
IQ:9,80,255,-2,-47
IQ:10,88,1,56,-192
IQ:11,96,255,-97,26
IQ:12,104,2,251,230
IQ:13,112,255,230,-98
IQ:14,120,10,61,50
IQ:15,128,255,165,50
IQ:16,136,3,332,-123
IQ:17,144,255,42,-245
IQ:18,152,9,118,-4
IQ:19,160,255,121,-65
IQ:20,168,4,89,-201
IQ:21,176,255,-148,-178
IQ:22,184,8,-68,-160
IQ:23,192,255,19,7
IQ:24,200,7,339,-193
IQ:25,208,255,-75,-284
IQ:26,216,6,-73,96
IQ:27,224,255,77,64
IQ:28,232,5,-62,-49
IQ:29,240,255,-77,7
IQ:30,248,12,-30,-100
IQ:31,256,255,31,-27
IQ:32,264,1,174,-98
IQ:33,272,255,-89,-64
IQ:34,280,2,-60,324
IQ:35,288,255,171,97
SW:2
RR:3
SS:3
FR:2426
ME:35
MA:243
KE:23
KA:282
DF_END

Data arrived...