IQ:17,144,255,80,273
IQ:18,152,9,-130,8
IQ:19,160,255,-123,133
IQ:20,168,4,0,286
IQ:21,176,255,221,172
IQ:22,184,8,174,238
IQ:23,192,255,45,6
IQ:24,200,7,-293,384
IQ:25,208,255,192,296
IQ:26,216,6,14,-127
IQ:27,224,255,-89,-39
IQ:28,232,5,77,-30
IQ:29,240,255,24,-58
IQ:30,248,12,72,150
IQ:31,256,255,27,29
IQ:32,264,1,-150,83
IQ:33,272,255,51,20
IQ:34,280,2,-31,-343
IQ:35,288,255,-178,-75
SW:2
RR:3
SS:3
FR:2426
ME:38
MA:243
KE:23
KA:285
DF_END

Data arrived...
DF_BEGIN
IQ:0,0,11,-158,-75
IQ:1,8,11,-60,158
IQ:2,16,11,171,26
IQ:3,24,11,17,-170
IQ:4,32,11,-176,-4
IQ:5,40,11,21,161
IQ:6,48,11,166,-38
IQ:7,56,11,-48,-163
IQ:8,72,12,177,141
IQ:9,80,255,120,-102
IQ:10,88,1,-129,53
IQ:11,96,255,-6,132
IQ:12,104,2,-22,-46
IQ:13,112,255,-92,-79
IQ:14,120,10,-222,-32
IQ:15,128,255,-83,196
IQ:16,136,3,60,121
IQ:17,144,255,7,-28
IQ:18,152,9,-147,131
IQ:19,160,255,73,218
IQ:20,168,4,221,116
IQ:21,176,255,72,-108
IQ:22,184,8,-90,161
IQ:23,192,255,120,120
IQ:24,200,7,-1,20
IQ:25,208,255,-57,14
IQ:26,216,6,-73,101
IQ:27,224,255,144,37
IQ:28,232,5,92,-229
IQ:29,240,255,-191,-79
IQ:30,248,12,-10,219
IQ:31,256,255,156,36
IQ:32,264,1,-111,-86
IQ:33,272,255,-114,57
IQ:34,280,2,26,-38
IQ:35,288,255,23,-108
SW:2
RR:3
SS:3
FR:2402
ME:47
MA:229
KE:26
KA:276
DF_END

Data arrived...
DF_BEGIN
IQ:0,0,11,110,-138
IQ:1,8,11,-138,-88
IQ:2,16,11,-51,147
IQ:3,24,11,172,26
IQ:4,32,11,31,-166
IQ:5,40,11,-161,-1
IQ:6,48,11,29,157
IQ:7,56,11,175,-30
IQ:8,72,12,-160,-121
IQ:9,80,255,-37,187
IQ:10,88,1,276,59
IQ:11,96,255,45,-230
IQ:12,104,2,-219,82
IQ:13,112,255,61,253
IQ:14,120,10,112,56
IQ:15,128,255,-38,-99
IQ:16,136,3,-133,161
IQ:17,144,255,163,208
IQ:18,152,9,216,-34
IQ:19,160,255,-55,-174
IQ:20,168,4,-130,43
IQ:21,176,255,158,95
IQ:22,184,8,271,-224
IQ:23,192,255,-165,-179
IQ:24,200,7,35,321
IQ:25,208,255,323,28
IQ:26,216,6,26,-225
IQ:27,224,255,-233,-49
IQ:28,232,5,-70,163
IQ:29,240,255,177,29
IQ:30,248,12,3,-200
IQ:31,256,255,-184,56
IQ:32,264,1,132,260
IQ:33,272,255,202,-129
IQ:34,280,2,-189,-117
IQ:35,288,255,-118,168
SW:2
RR:3
SS:3
FR:2480
ME:2
MA:353
KE:23
KA:288
DF_END

Data arrived...
DF_BEGIN
IQ:0,0,11,163,-125
IQ:1,8,11,-134,-128
IQ:2,16,11,-126,157
IQ:3,24,11,159,138
IQ:4,32,11,105,-154
IQ:5,40,11,-188,-76
IQ:6,48,11,-60,164
IQ:7,56,11,197,24
IQ:8,72,12,80,131
IQ:9,80,255,35,32
IQ:10,88,1,-166,92
IQ:11,96,255,60,19
IQ:12,104,2,-24,-329
IQ:13,112,255,-223,-86
IQ:14,120,10,16,-169
IQ:15,128,255,-155,-181
IQ:16,136,3,-403,-100
IQ:17,144,255,-155,219
IQ:18,152,9,-101,-99
IQ:19,160,255,-174,-30
IQ:20,168,4,-224,138
IQ:21,176,255,-19,277
IQ:22,184,8,-116,261
IQ:23,192,255,32,35
IQ:24,200,7,-492,-101
IQ:25,208,255,-171,306
IQ:26,216,6,113,-56
IQ:27,224,255,-8,-86
IQ:28,232,5,77,61
IQ:29,240,255,61,8
IQ:30,248,12,-82,130
IQ:31,256,255,-3,41
IQ:32,264,1,-177,-76
IQ:33,272,255,-2,73
IQ:34,280,2,287,-180
IQ:35,288,255,-31,-185
SW:2
RR:3
SS:3
FR:2426
ME:38
MA:243
KE:24
KA:281
DF_END

Data arrived...
DF_BEGIN
IQ:0,0,11,122,115
IQ:1,8,11,98,-150
IQ:2,16,11,-152,-77
IQ:3,24,11,-82,148
IQ:4,32,11,164,65
IQ:5,40,11,45,-168
IQ:6,48,11,-169,-19
IQ:7,56,11,-9,164
IQ:8,72,12,-113,-194
IQ:9,80,255,-145,61
IQ:10,88,1,135,-11
IQ:11,96,255,48,-116
IQ:12,104,2,-1,47
IQ:13,112,255,71,97
IQ:14,120,10,196,114
IQ:15,128,255,150,-152
IQ:16,136,3,-1,-134
IQ:17,144,255,-20,23
IQ:18,152,9,182,-58
IQ:19,160,255,6,-239
IQ:20,168,4,-166,-196
IQ:21,176,255,-95,77
IQ:22,184,8,129,-126
IQ:23,192,255,-60,-172
IQ:24,200,7,2,-24
IQ:25,208,255,59,5
IQ:26,216,6,103,-80
IQ:27,224,255,-126,-80
IQ:28,232,5,-151,174
IQ:29,240,255,165,135
IQ:30,248,12,91,-199
IQ:31,256,255,-141,-81
IQ:32,264,1,72,111
IQ:33,272,255,118,-29
IQ:34,280,2,-40,23
IQ:35,288,255,-63,80
SW:2
RR:3
SS:3
FR:2402
ME:49
MA:229
KE:27
KA:273
DF_END

Data arrived...
DF_BEGIN
IQ:0,0,11,-118,-118
IQ:1,8,11,-117,119
IQ:2,16,11,126,95
IQ:3,24,11,70,-146
IQ:4,32,11,-152,-68
IQ:5,40,11,-51,154
IQ:6,48,11,155,40
IQ:7,56,11,2,-155
IQ:8,72,12,-160,121
IQ:9,80,255,164,98
IQ:10,88,1,125,-248
IQ:11,96,255,-215,-77
IQ:12,104,2,43,243
IQ:13,112,255,267,7
IQ:14,120,10,84,-82
IQ:15,128,255,-94,23
IQ:16,136,3,109,183
IQ:17,144,255,246,-89
IQ:18,152,9,13,-209
IQ:19,160,255,-196,20
IQ:20,168,4,18,147
IQ:21,176,255,125,-127
IQ:22,184,8,-122,-332
IQ:23,192,255,-192,102
IQ:24,200,7,318,85
IQ:25,208,255,133,-293
IQ:26,216,6,-197,-85
IQ:27,224,255,-109,224
IQ:28,232,5,135,108
IQ:29,240,255,65,-148
IQ:30,248,12,-198,-58
IQ:31,256,255,5,191
IQ:32,264,1,259,-49
IQ:33,272,255,-57,-235
IQ:34,280,2,-175,135
IQ:35,288,255,144,168
SW:2
RR:3
SS:3
FR:2480
ME:2
MA:353
KE:24
KA:283
DF_END

Data arrived...
DF_BEGIN
IQ:0,0,11,-110,-38
IQ:1,8,11,5,101
IQ:2,16,11,117,-1
IQ:3,24,11,10,-115
IQ:4,32,11,-128,-16
IQ:5,40,11,2,110
IQ:6,48,11,98,-51
IQ:7,56,11,-38,-81
IQ:8,72,12,17,-54
IQ:9,80,255,-66,-26
IQ:10,88,1,73,57
IQ:11,96,255,-85,-58
IQ:12,104,2,-165,100
IQ:13,112,255,-3,130
IQ:14,120,10,-58,-46
IQ:15,128,255,-28,131
IQ:16,136,3,81,197
IQ:17,144,255,151,2
IQ:18,152,9,-79,117
IQ:19,160,255,65,107
IQ:20,168,4,135,72
IQ:21,176,255,122,-98
IQ:22,184,8,171,-40
IQ:23,192,255,29,-32
IQ:24,200,7,99,241
IQ:25,208,255,113,-126
IQ:26,216,6,-34,-16
IQ:27,224,255,-40,19
IQ:28,232,5,-3,-70
IQ:29,240,255,7,-54
IQ:30,248,12,93,4
IQ:31,256,255,27,-4
IQ:32,264,1,-10,43
IQ:33,272,255,49,-12
IQ:34,280,2,-188,-93
IQ:35,288,255,-35,108
SW:2
RR:3
SS:3
FR:2426
ME:44
MA:240
KE:26
KA:276
DF_END

Data arrived...
DF_BEGIN
IQ:0,0,11,175,-100
IQ:1,8,11,-118,-171
IQ:2,16,11,-146,146
IQ:3,24,11,153,149
IQ:4,32,11,134,-153
IQ:5,40,11,-182,-111
IQ:6,48,11,-94,183
IQ:7,56,11,198,72
IQ:8,72,12,-270,50
IQ:9,80,255,-7,187
IQ:10,88,1,55,-161
IQ:11,96,255,-104,-93
IQ:12,104,2,65,0
IQ:13,112,255,131,-26
IQ:14,120,10,182,-172
IQ:15,128,255,-121,-227
IQ:16,136,3,-156,-47
IQ:17,144,255,13,38
IQ:18,152,9,2,-214
IQ:19,160,255,-281,-79
IQ:20,168,4,-279,128
IQ:21,176,255,39,136
IQ:22,184,8,-77,-195
IQ:23,192,255,-200,-8
IQ:24,200,7,-16,-30
IQ:25,208,255,8,-64
IQ:26,216,6,-35,-154
IQ:27,224,255,-141,90
IQ:28,232,5,133,259
IQ:29,240,255,231,-101
IQ:30,248,12,-187,-192
IQ:31,256,255,-174,101
IQ:32,264,1,160,-42
IQ:33,272,255,41,-147
IQ:34,280,2,12,47
IQ:35,288,255,89,97
SW:2
RR:3
SS:3
FR:2402
ME:47
MA:229
KE:28
KA:269
DF_END

Data arrived...
DF_BEGIN
IQ:0,0,11,121,-128
IQ:1,8,11,-136,-105
IQ:2,16,11,-93,154
IQ:3,24,11,147,76
IQ:4,32,11,63,-159
IQ:5,40,11,-163,-44
IQ:6,48,11,-43,177
IQ:7,56,11,173,24
IQ:8,72,12,-195,110
IQ:9,80,255,53,155
IQ:10,88,1,-1,-131
IQ:11,96,255,-112,-51
IQ:12,104,2,42,-2
IQ:13,112,255,85,-64
IQ:14,120,10,122,-198
IQ:15,128,255,-150,-130
IQ:16,136,3,-131,11
IQ:17,144,255,17,29
IQ:18,152,9,-47,-174
IQ:19,160,255,-233,-6
IQ:20,168,4,-184,179
IQ:21,176,255,73,96
IQ:22,184,8,-118,-130
IQ:23,192,255,-163,47
IQ:24,200,7,-29,-19
IQ:25,208,255,10,-58
IQ:26,216,6,-60,-114
IQ:27,224,255,-100,109
IQ:28,232,5,169,161
IQ:29,240,255,131,-168
IQ:30,248,12,-208,-100
IQ:31,256,255,-96,126
IQ:32,264,1,105,-72
IQ:33,272,255,-10,-137
IQ:34,280,2,29,39
IQ:35,288,255,73,56
SW:2
RR:3
SS:3
FR:2402
ME:49
MA:229
KE:31
KA:261
DF_END

Data arrived...
DF_BEGIN
IQ:0,0,11,0,201
IQ:1,8,11,200,-9
IQ:2,16,11,-51,-183
IQ:3,24,11,-178,72
IQ:4,32,11,65,187
IQ:5,40,11,164,-78
IQ:6,48,11,-128,-147
IQ:7,56,11,-154,130
IQ:8,72,12,231,29
IQ:9,80,255,-53,-220
IQ:10,88,1,-325,99
IQ:11,96,255,120,235
IQ:12,104,2,152,-231
IQ:13,112,255,-210,-236
IQ:14,120,10,-157,-5
IQ:15,128,255,95,61
IQ:16,136,3,44,-254
IQ:17,144,255,-297,-120
IQ:18,152,9,-186,152
IQ:19,160,255,168,140
IQ:20,168,4,97,-158
IQ:21,176,255,-224,-6
IQ:22,184,8,-126,394
IQ:23,192,255,281,65
IQ:24,200,7,-247,-311
IQ:25,208,255,-349,190
IQ:26,216,6,117,228
IQ:27,224,255,257,-132
IQ:28,232,5,-28,-222
IQ:29,240,255,-195,70
IQ:30,248,12,109,194
IQ:31,256,255,130,-185
IQ:32,264,1,-281,-177
IQ:33,272,255,-116,252
IQ:34,280,2,280,-18
IQ:35,288,255,6,-259
SW:2
RR:3
SS:3
FR:2480
ME:2
MA:353
KE:28
KA:270
DF_END

Data arrived...
DF_BEGIN
IQ:0,0,11,76,-149
IQ:1,8,11,-159,-66
IQ:2,16,11,-54,159
IQ:3,24,11,164,22
IQ:4,32,11,26,-178
IQ:5,40,11,-171,-18
IQ:6,48,11,1,175
IQ:7,56,11,163,-35
IQ:8,72,12,-158,156
IQ:9,80,255,101,123
IQ:10,88,1,-42,-119
IQ:11,96,255,-124,-22
IQ:12,104,2,48,-19
IQ:13,112,255,79,-79
IQ:14,120,10,69,-203
IQ:15,128,255,-185,-97
IQ:16,136,3,-128,37
IQ:17,144,255,23,20
IQ:18,152,9,-100,-153
IQ:19,160,255,-230,56
IQ:20,168,4,-152,218
IQ:21,176,255,95,88
IQ:22,184,8,-140,-99
IQ:23,192,255,-153,83
IQ:24,200,7,-36,-2
IQ:25,208,255,-9,-47
IQ:26,216,6,-89,-90
IQ:27,224,255,-46,126
IQ:28,232,5,212,115
IQ:29,240,255,96,-181
IQ:30,248,12,-213,-49
IQ:31,256,255,-50,142
IQ:32,264,1,75,-103
IQ:33,272,255,-59,-112
IQ:34,280,2,44,25
IQ:35,288,255,91,18
SW:2
RR:3
SS:3
FR:2402
ME:52
MA:229
KE:31
KA:263
DF_END

Data arrived...
DF_BEGIN
IQ:0,0,11,144,-69
IQ:1,8,11,-74,-153
IQ:2,16,11,-136,77
IQ:3,24,11,106,113
IQ:4,32,11,112,-112
IQ:5,40,11,-115,-109
IQ:6,48,11,-72,130
IQ:7,56,11,144,64
IQ:8,72,12,-55,-201
IQ:9,80,255,-151,105
IQ:10,88,1,187,190
IQ:11,96,255,163,-154
IQ:12,104,2,-221,-55
IQ:13,112,255,-111,231
IQ:14,120,10,54,105
IQ:15,128,255,21,-87
IQ:16,136,3,-208,26
IQ:17,144,255,-26,254
IQ:18,152,9,185,92
IQ:19,160,255,47,-173
IQ:20,168,4,-139,-50
IQ:21,176,255,62,168
IQ:22,184,8,344,11
IQ:23,192,255,-6,-224
IQ:24,200,7,-174,262
IQ:25,208,255,236,216
IQ:26,216,6,149,-151
IQ:27,224,255,-158,-181
IQ:28,232,5,-159,93
IQ:29,240,255,127,102
IQ:30,248,12,126,-156
IQ:31,256,255,-183,-61
IQ:32,264,1,-52,258
IQ:33,272,255,225,35
IQ:34,280,2,-74,-214
IQ:35,288,255,-188,77
SW:2
RR:3
SS:3
FR:2480
ME:2
MA:353
KE:29
KA:272
DF_END

Data arrived...
DF_BEGIN
IQ:0,0,11,-13,-207
IQ:1,8,11,-193,0
IQ:2,16,11,19,190
IQ:3,24,11,192,-61
IQ:4,32,11,-74,-173
IQ:5,40,11,-173,89
IQ:6,48,11,107,160
IQ:7,56,11,151,-115
IQ:8,72,12,171,78
IQ:9,80,255,51,-15
IQ:10,88,1,-74,185
IQ:11,96,255,68,-7
IQ:12,104,2,-238,-235
IQ:13,112,255,-237,85
IQ:14,120,10,-102,-129
IQ:15,128,255,-227,20
IQ:16,136,3,-328,228
IQ:17,144,255,32,273
IQ:18,152,9,-142,-13
IQ:19,160,255,-133,115
IQ:20,168,4,-35,252
IQ:21,176,255,169,198
IQ:22,184,8,102,291
IQ:23,192,255,63,25
IQ:24,200,7,-400,242
IQ:25,208,255,109,329
IQ:26,216,6,21,-88
IQ:27,224,255,-56,-57
IQ:28,232,5,91,-24
IQ:29,240,255,18,-44
IQ:30,248,12,44,185
IQ:31,256,255,41,38
IQ:32,264,1,-184,44
IQ:33,272,255,24,53
IQ:34,280,2,51,-320
IQ:35,288,255,-167,-113
SW:2
RR:3
SS:3
FR:2426
ME:38
MA:243
KE:30
KA:266
DF_END

Data arrived...
DF_BEGIN
IQ:0,0,11,105,138
IQ:1,8,11,120,-111
IQ:2,16,11,-119,-115
IQ:3,24,11,-100,139
IQ:4,32,11,149,80
IQ:5,40,11,70,-156
IQ:6,48,11,-155,-74
IQ:7,56,11,-42,160
IQ:8,72,12,-91,-209
IQ:9,80,255,-153,21
IQ:10,88,1,131,14
IQ:11,96,255,65,-98
IQ:12,104,2,3,42
IQ:13,112,255,38,103
IQ:14,120,10,172,144
IQ:15,128,255,162,-113
IQ:16,136,3,34,-139
IQ:17,144,255,-24,16
IQ:18,152,9,180,-17
IQ:19,160,255,47,-232
IQ:20,168,4,-139,-225
IQ:21,176,255,-131,40
IQ:22,184,8,153,-94
IQ:23,192,255,-27,-164
IQ:24,200,7,19,-32
IQ:25,208,255,49,12
IQ:26,216,6,113,-43
IQ:27,224,255,-93,-105
IQ:28,232,5,-193,125
IQ:29,240,255,127,171
IQ:30,248,12,129,-177
IQ:31,256,255,-113,-116
IQ:32,264,1,46,117
IQ:33,272,255,112,11
IQ:34,280,2,-36,18
IQ:35,288,255,-72,71
SW:2
RR:3
SS:3
FR:2402
ME:47
MA:229
KE:32
KA:260
DF_END

Data arrived...
DF_BEGIN
IQ:0,0,11,-24,175
IQ:1,8,11,161,1
IQ:2,16,11,-26,-164
IQ:3,24,11,-173,46
IQ:4,32,11,56,166
IQ:5,40,11,156,-78
IQ:6,48,11,-82,-160
IQ:7,56,11,-134,91
IQ:8,72,12,73,-215
IQ:9,80,255,-137,-76
IQ:10,88,1,86,96
IQ:11,96,255,123,-24
IQ:12,104,2,-36,27
IQ:13,112,255,-42,98
IQ:14,120,10,19,230
IQ:15,128,255,210,9
IQ:16,136,3,96,-88
IQ:17,144,255,-26,-12
IQ:18,152,9,153,97
IQ:19,160,255,179,-166
IQ:20,168,4,60,-250
IQ:21,176,255,-129,-33
IQ:22,184,8,183,22
IQ:23,192,255,102,-130
IQ:24,200,7,27,-18
IQ:25,208,255,30,36
IQ:26,216,6,111,54
IQ:27,224,255,2,-141
IQ:28,232,5,-233,-15
IQ:29,240,255,-10,202
IQ:30,248,12,209,-64
IQ:31,256,255,-11,-162
IQ:32,264,1,-48,124
IQ:33,272,255,89,80
IQ:34,280,2,-32,0
IQ:35,288,255,-98,21
SW:2
RR:3
SS:3
FR:2402
ME:47
MA:229
KE:33
KA:255
DF_END

Data arrived...
DF_BEGIN
IQ:0,0,11,-125,-161
IQ:1,8,11,-156,128
IQ:2,16,11,150,118
IQ:3,24,11,95,-187
IQ:4,32,11,-173,-90
IQ:5,40,11,-61,191
IQ:6,48,11,192,29
IQ:7,56,11,2,-207
IQ:8,72,12,-203,145
IQ:9,80,255,206,98
IQ:10,88,1,166,-297
IQ:11,96,255,-261,-112
IQ:12,104,2,45,270
IQ:13,112,255,301,9
IQ:14,120,10,115,-95
IQ:15,128,255,-110,18
IQ:16,136,3,112,230
IQ:17,144,255,297,-64
IQ:18,152,9,29,-254
IQ:19,160,255,-227,4
IQ:20,168,4,0,169
IQ:21,176,255,161,-138
IQ:22,184,8,-148,-387
IQ:23,192,255,-261,127
IQ:24,200,7,366,105
IQ:25,208,255,121,-361
IQ:26,216,6,-229,-110
IQ:27,224,255,-131,249
IQ:28,232,5,159,143
IQ:29,240,255,88,-206
IQ:30,248,12,-227,-83
IQ:31,256,255,5,218
IQ:32,264,1,312,-82
IQ:33,272,255,-43,-277
IQ:34,280,2,-203,187
IQ:35,288,255,164,189
SW:2
RR:3
SS:3
FR:2480
ME:5
MA:356
KE:31
KA:264
DF_END

Data arrived...
DF_BEGIN
IQ:0,0,11,-114,-158
IQ:1,8,11,-147,131
IQ:2,16,11,131,125
IQ:3,24,11,98,-160
IQ:4,32,11,-173,-107
IQ:5,40,11,-80,189
IQ:6,48,11,187,59
IQ:7,56,11,40,-191
IQ:8,72,12,176,-56
IQ:9,80,255,45,-37
IQ:10,88,1,59,165
IQ:11,96,255,52,-44
IQ:12,104,2,-332,-47
IQ:13,112,255,-124,201
IQ:14,120,10,-170,-24
IQ:15,128,255,-164,158
IQ:16,136,3,-94,385
IQ:17,144,255,187,175
IQ:18,152,9,-112,85
IQ:19,160,255,-52,174
IQ:20,168,4,96,235
IQ:21,176,255,254,21
IQ:22,184,8,255,148
IQ:23,192,255,54,-19
IQ:24,200,7,-131,470
IQ:25,208,255,275,200
IQ:26,216,6,-40,-110
IQ:27,224,255,-70,1
IQ:28,232,5,53,-83
IQ:29,240,255,-4,-56
IQ:30,248,12,118,106
IQ:31,256,255,49,1
IQ:32,264,1,-107,146
IQ:33,272,255,66,11
IQ:34,280,2,-142,-298
IQ:35,288,255,-185,4
SW:2
RR:3
SS:3
FR:2426
ME:38
MA:240
KE:32
KA:260
DF_END

Data arrived...
DF_BEGIN
IQ:0,0,11,118,-117
IQ:1,8,11,-125,-112
IQ:2,16,11,-97,139
IQ:3,24,11,143,86
IQ:4,32,11,75,-158
IQ:5,40,11,-163,-62
IQ:6,48,11,-45,167
IQ:7,56,11,155,15
IQ:8,72,12,-195,115
IQ:9,80,255,41,162
IQ:10,88,1,7,-122
IQ:11,96,255,-108,-50
IQ:12,104,2,49,-13
IQ:13,112,255,101,-49
IQ:14,120,10,140,-170
IQ:15,128,255,-143,-163
IQ:16,136,3,-128,-13
IQ:17,144,255,12,23
IQ:18,152,9,-27,-171
IQ:19,160,255,-220,-16
IQ:20,168,4,-230,139
IQ:21,176,255,55,111
IQ:22,184,8,-120,-136
IQ:23,192,255,-163,40
IQ:24,200,7,-28,-21
IQ:25,208,255,7,-54
IQ:26,216,6,-63,-115
IQ:27,224,255,-89,95
IQ:28,232,5,160,168
IQ:29,240,255,144,-140
IQ:30,248,12,-193,-128
IQ:31,256,255,-103,110
IQ:32,264,1,103,-68
IQ:33,272,255,-9,-114
IQ:34,280,2,29,30
IQ:35,288,255,83,44
SW:2
RR:3
SS:3
FR:2402
ME:49
MA:231
KE:33
KA:255
DF_END

Data arrived...
DF_BEGIN
IQ:0,0,11,-164,34
IQ:1,8,11,32,162
IQ:2,16,11,150,-26
IQ:3,24,11,-61,-142
IQ:4,32,11,-130,72
IQ:5,40,11,86,119
IQ:6,48,11,119,-98
IQ:7,56,11,-103,-110
IQ:8,72,12,-4,198
IQ:9,80,255,167,-48
IQ:10,88,1,-113,-244
IQ:11,96,255,-195,122
IQ:12,104,2,207,100
IQ:13,112,255,153,-208
IQ:14,120,10,-4,-119
IQ:15,128,255,-52,78
IQ:16,136,3,194,53
IQ:17,144,255,75,-234
IQ:18,152,9,-139,-164
IQ:19,160,255,-111,128
IQ:20,168,4,122,81
IQ:21,176,255,-5,-174
IQ:22,184,8,-314,-101
IQ:23,192,255,-59,230
IQ:24,200,7,253,-181
IQ:25,208,255,-142,-266
IQ:26,216,6,-190,95
IQ:27,224,255,109,213
IQ:28,232,5,183,-36
IQ:29,240,255,-83,-129
IQ:30,248,12,-168,104
IQ:31,256,255,147,101
IQ:32,264,1,108,-248
IQ:33,272,255,-204,-109
IQ:34,280,2,-4,220
IQ:35,288,255,200,8
SW:2
RR:3
SS:3
FR:2480
ME:2
MA:353
KE:30
KA:265
DF_END

Data arrived...
DF_BEGIN
IQ:0,0,11,-152,-50
IQ:1,8,11,-45,163
IQ:2,16,11,152,25
IQ:3,24,11,-3,-160
IQ:4,32,11,-163,12
IQ:5,40,11,31,151
IQ:6,48,11,149,-43
IQ:7,56,11,-52,-146
IQ:8,72,12,-91,173
IQ:9,80,255,186,9
IQ:10,88,1,-3,-276
IQ:11,96,255,-232,14
IQ:12,104,2,130,189
IQ:13,112,255,243,-97
IQ:14,120,10,38,-116
IQ:15,128,255,-78,46
IQ:16,136,3,169,124
IQ:17,144,255,180,-172
IQ:18,152,9,-69,-186
IQ:19,160,255,-154,98
IQ:20,168,4,73,129
IQ:21,176,255,58,-168
IQ:22,184,8,-268,-225
IQ:23,192,255,-142,185
IQ:24,200,7,313,-73
IQ:25,208,255,-19,-311
IQ:26,216,6,-213,6
IQ:27,224,255,6,241
IQ:28,232,5,181,37
IQ:29,240,255,-17,-158
IQ:30,248,12,-194,65
IQ:31,256,255,101,169
IQ:32,264,1,203,-168
IQ:33,272,255,-152,-173
IQ:34,280,2,-102,208
IQ:35,288,255,184,71
SW:2
RR:3
SS:3
FR:2480
ME:2
MA:353
KE:27
KA:277
DF_END

Data arrived...
DF_BEGIN
IQ:0,0,11,-153,114
IQ:1,8,11,131,134
IQ:2,16,11,113,-156
IQ:3,24,11,-132,-132
IQ:4,32,11,-93,172
IQ:5,40,11,184,67
IQ:6,48,11,59,-182
IQ:7,56,11,-189,-39
IQ:8,72,12,-70,-176
IQ:9,80,255,-51,-40
IQ:10,88,1,175,-62
IQ:11,96,255,-55,-35
IQ:12,104,2,-31,327
IQ:13,112,255,195,134
IQ:14,120,10,-57,166
IQ:15,128,255,127,180
IQ:16,136,3,382,101
IQ:17,144,255,179,-193
IQ:18,152,9,97,123
IQ:19,160,255,188,47
IQ:20,168,4,221,-128
IQ:21,176,255,15,-256
IQ:22,184,8,132,-278
IQ:23,192,255,-42,-67
IQ:24,200,7,459,140
IQ:25,208,255,218,-272
IQ:26,216,6,-97,20
IQ:27,224,255,-4,63
IQ:28,232,5,-80,-52
IQ:29,240,255,-26,6
IQ:30,248,12,107,-143
IQ:31,256,255,3,-52
IQ:32,264,1,144,115
IQ:33,272,255,7,-46
IQ:34,280,2,-291,169
IQ:35,288,255,-3,189
SW:2
RR:3
SS:3
FR:2426
ME:38
MA:243
KE:28
KA:272
DF_END

Data arrived...
DF_BEGIN
IQ:0,0,11,190,86
IQ:1,8,11,74,-205
IQ:2,16,11,-217,-45
IQ:3,24,11,-44,214
IQ:4,32,11,213,23
IQ:5,40,11,4,-212
IQ:6,48,11,-220,3
IQ:7,56,11,28,210
IQ:8,72,12,-191,-204
IQ:9,80,255,-151,119
IQ:10,88,1,171,-43
IQ:11,96,255,23,-172
IQ:12,104,2,-3,45
IQ:13,112,255,106,109
IQ:14,120,10,282,61
IQ:15,128,255,122,-226
IQ:16,136,3,-42,-146
IQ:17,144,255,-7,41
IQ:18,152,9,194,-149
IQ:19,160,255,-83,-295
IQ:20,168,4,-273,-