IQ:21,176,255,-62,119
IQ:22,184,8,68,-186
IQ:23,192,255,-147,-114
IQ:24,200,7,25,-10
IQ:25,208,255,66,-37
IQ:26,216,6,79,-122
IQ:27,224,255,-159,-29
IQ:28,232,5,-79,248
IQ:29,240,255,216,47
IQ:30,248,12,-18,-247
IQ:31,256,255,-168,-11
IQ:32,264,1,160,31
IQ:33,272,255,107,-111
IQ:34,280,2,-24,55
IQ:35,288,255,-1,119
SW:2
RR:3
SS:3
FR:2402
ME:47
MA:234
KE:27
KA:278
DF_END

Data arrived...
DF_BEGIN
IQ:0,0,11,-121,115
IQ:1,8,11,124,120
IQ:2,16,11,98,-117
IQ:3,24,11,-143,-70
IQ:4,32,11,-57,171
IQ:5,40,11,161,52
IQ:6,48,11,28,-156
IQ:7,56,11,-154,4
IQ:8,72,12,59,211
IQ:9,80,255,149,-121
IQ:10,88,1,-232,-211
IQ:11,96,255,-148,197
IQ:12,104,2,272,-28
IQ:13,112,255,62,-257
IQ:14,120,10,9,-128
IQ:15,128,255,-6,35
IQ:16,136,3,193,-48
IQ:17,144,255,-31,-251
IQ:18,152,9,-231,-52
IQ:19,160,255,-15,216
IQ:20,168,4,146,45
IQ:21,176,255,-82,-123
IQ:22,184,8,-354,113
IQ:23,192,255,88,248
IQ:24,200,7,171,-285
IQ:25,208,255,-261,-182
IQ:26,216,6,-99,185
IQ:27,224,255,211,152
IQ:28,232,5,181,-101
IQ:29,240,255,-123,-109
IQ:30,248,12,-115,168
IQ:31,256,255,186,41
IQ:32,264,1,33,-287
IQ:33,272,255,-238,-5
IQ:34,280,2,166,207
IQ:35,288,255,162,-129
SW:2
RR:3
SS:3
FR:2480
ME:2
MA:353
KE:24
KA:289
DF_END

Data arrived...
DF_BEGIN
IQ:0,0,11,164,133
IQ:1,8,11,107,-182
IQ:2,16,11,-208,-76
IQ:3,24,11,-76,211
IQ:4,32,11,213,33
IQ:5,40,11,31,-226
IQ:6,48,11,-208,-22
IQ:7,56,11,18,208
IQ:8,72,12,-129,59
IQ:9,80,255,-28,43
IQ:10,88,1,-92,-120
IQ:11,96,255,-2,45
IQ:12,104,2,270,-69
IQ:13,112,255,48,-182
IQ:14,120,10,194,21
IQ:15,128,255,157,-187
IQ:16,136,3,25,-374
IQ:17,144,255,-197,-131
IQ:18,152,9,135,-145
IQ:19,160,255,-42,-236
IQ:20,168,4,-224,-195
IQ:21,176,255,-268,59
IQ:22,184,8,-262,-116
IQ:23,192,255,-57,17
IQ:24,200,7,33,-485
IQ:25,208,255,-336,-128
IQ:26,216,6,69,69
IQ:27,224,255,42,-16
IQ:28,232,5,-84,124
IQ:29,240,255,59,88
IQ:30,248,12,-134,-72
IQ:31,256,255,-47,2
IQ:32,264,1,46,-139
IQ:33,272,255,-50,7
IQ:34,280,2,220,203
IQ:35,288,255,144,-50
SW:2
RR:3
SS:3
FR:2426
ME:38
MA:243
KE:25
KA:283
DF_END

Data arrived...
DF_BEGIN
IQ:0,0,11,-49,-187
IQ:1,8,11,-167,95
IQ:2,16,11,94,173
IQ:3,24,11,161,-118
IQ:4,32,11,-132,-165
IQ:5,40,11,-146,135
IQ:6,48,11,173,125
IQ:7,56,11,102,-168
IQ:8,72,12,111,-37
IQ:9,80,255,32,11
IQ:10,88,1,81,163
IQ:11,96,255,40,-88
IQ:12,104,2,-329,-74
IQ:13,112,255,-133,183
IQ:14,120,10,-136,-117
IQ:15,128,255,-236,82
IQ:16,136,3,-215,367
IQ:17,144,255,127,246
IQ:18,152,9,-140,81
IQ:19,160,255,-81,209
IQ:20,168,4,117,290
IQ:21,176,255,314,82
IQ:22,184,8,256,165
IQ:23,192,255,46,-16
IQ:24,200,7,-244,500
IQ:25,208,255,304,270
IQ:26,216,6,-37,-137
IQ:27,224,255,-99,-10
IQ:28,232,5,82,-68
IQ:29,240,255,15,-83
IQ:30,248,12,91,65
IQ:31,256,255,16,21
IQ:32,264,1,-82,138
IQ:33,272,255,82,-29
IQ:34,280,2,-128,-300
IQ:35,288,255,-187,12
SW:2
RR:3
SS:3
FR:2426
ME:38
MA:243
KE:26
KA:278
DF_END

Data arrived...
DF_BEGIN
IQ:0,0,11,-121,133
IQ:1,8,11,146,96
IQ:2,16,11,71,-161
IQ:3,24,11,-164,-50
IQ:4,32,11,-45,176
IQ:5,40,11,177,41
IQ:6,48,11,43,-178
IQ:7,56,11,-183,2
IQ:8,72,12,185,-149
IQ:9,80,255,-64,-145
IQ:10,88,1,43,118
IQ:11,96,255,123,20
IQ:12,104,2,-32,47
IQ:13,112,255,-54,78
IQ:14,120,10,-63,213
IQ:15,128,255,186,119
IQ:16,136,3,176,-14
IQ:17,144,255,18,-54
IQ:18,152,9,111,141
IQ:19,160,255,220,-65
IQ:20,168,4,168,-234
IQ:21,176,255,-102,-131
IQ:22,184,8,116,78
IQ:23,192,255,126,-60
IQ:24,200,7,69,-10
IQ:25,208,255,9,9
IQ:26,216,6,60,96
IQ:27,224,255,62,-113
IQ:28,232,5,-197,-128
IQ:29,240,255,-107,178
IQ:30,248,12,214,69
IQ:31,256,255,82,-133
IQ:32,264,1,-78,95
IQ:33,272,255,42,115
IQ:34,280,2,-55,2
IQ:35,288,255,-78,-25
SW:2
RR:3
SS:3
FR:2402
ME:52
MA:234
KE:29
KA:271
DF_END

Data arrived...
DF_BEGIN
IQ:0,0,11,66,199
IQ:1,8,11,196,-89
IQ:2,16,11,-106,-168
IQ:3,24,11,-177,123
IQ:4,32,11,147,148
IQ:5,40,11,141,-138
IQ:6,48,11,-161,-117
IQ:7,56,11,-100,173
IQ:8,72,12,305,-28
IQ:9,80,255,-119,-256
IQ:10,88,1,-337,209
IQ:11,96,255,186,256
IQ:12,104,2,92,-313
IQ:13,112,255,-319,-216
IQ:14,120,10,-228,-14
IQ:15,128,255,67,74
IQ:16,136,3,-12,-293
IQ:17,144,255,-363,-37
IQ:18,152,9,-189,220
IQ:19,160,255,208,131
IQ:20,168,4,85,-166
IQ:21,176,255,-222,67
IQ:22,184,8,-46,489
IQ:23,192,255,334,-11
IQ:24,200,7,-374,-301
IQ:25,208,255,-355,327
IQ:26,216,6,183,228
IQ:27,224,255,267,-212
IQ:28,232,5,-71,-246
IQ:29,240,255,-178,132
IQ:30,248,12,204,208
IQ:31,256,255,110,-245
IQ:32,264,1,-367,-120
IQ:33,272,255,-93,323
IQ:34,280,2,312,-100
IQ:35,288,255,-62,-277
SW:2
RR:3
SS:3
FR:2480
ME:2
MA:353
KE:26
KA:281
DF_END

Data arrived...
DF_BEGIN
IQ:0,0,11,-158,121
IQ:1,8,11,116,150
IQ:2,16,11,123,-133
IQ:3,24,11,-158,-109
IQ:4,32,11,-84,173
IQ:5,40,11,173,73
IQ:6,48,11,52,-190
IQ:7,56,11,-191,-24
IQ:8,72,12,129,276
IQ:9,80,255,161,-180
IQ:10,88,1,-344,-187
IQ:11,96,255,-170,277
IQ:12,104,2,313,1
IQ:13,112,255,74,-376
IQ:14,120,10,-65,-217
IQ:15,128,255,-64,90
IQ:16,136,3,258,-72
IQ:17,144,255,-77,-324
IQ:18,152,9,-276,-81
IQ:19,160,255,-33,254
IQ:20,168,4,199,19
IQ:21,176,255,-126,-198
IQ:22,184,8,-473,179
IQ:23,192,255,145,324
IQ:24,200,7,143,-464
IQ:25,208,255,-416,-265
IQ:26,216,6,-155,241
IQ:27,224,255,289,189
IQ:28,232,5,216,-157
IQ:29,240,255,-188,-119
IQ:30,248,12,-123,254
IQ:31,256,255,247,0
IQ:32,264,1,-29,-389
IQ:33,272,255,-333,17
IQ:34,280,2,174,257
IQ:35,288,255,220,-160
SW:2
RR:3
SS:3
FR:2480
ME:2
MA:353
KE:23
KA:292
DF_END

Data arrived...
DF_BEGIN
IQ:0,0,11,46,162
IQ:1,8,11,157,-65
IQ:2,16,11,-81,-148
IQ:3,24,11,-145,79
IQ:4,32,11,91,136
IQ:5,40,11,117,-112
IQ:6,48,11,-121,-120
IQ:7,56,11,-111,121
IQ:8,72,12,0,-239
IQ:9,80,255,-140,-28
IQ:10,88,1,145,42
IQ:11,96,255,88,-85
IQ:12,104,2,-9,94
IQ:13,112,255,42,113
IQ:14,120,10,127,179
IQ:15,128,255,201,-63
IQ:16,136,3,113,-112
IQ:17,144,255,-5,-35
IQ:18,152,9,184,19
IQ:19,160,255,132,-207
IQ:20,168,4,2,-300
IQ:21,176,255,-150,-42
IQ:22,184,8,151,-67
IQ:23,192,255,22,-144
IQ:24,200,7,83,-15
IQ:25,208,255,48,-16
IQ:26,216,6,115,-1
IQ:27,224,255,-62,-124
IQ:28,232,5,-236,58
IQ:29,240,255,52,194
IQ:30,248,12,181,-125
IQ:31,256,255,-60,-139
IQ:32,264,1,55,136
IQ:33,272,255,116,19
IQ:34,280,2,-74,48
IQ:35,288,255,-61,77
SW:2
RR:3
SS:3
FR:2402
ME:47
MA:234
KE:25
KA:284
DF_END

Data arrived...
DF_BEGIN
IQ:0,0,11,185,103
IQ:1,8,11,84,-204
IQ:2,16,11,-192,-62
IQ:3,24,11,-34,204
IQ:4,32,11,218,35
IQ:5,40,11,10,-208
IQ:6,48,11,-208,25
IQ:7,56,11,38,209
IQ:8,72,12,-162,-205
IQ:9,80,255,-160,89
IQ:10,88,1,170,-36
IQ:11,96,255,43,-166
IQ:12,104,2,-13,61
IQ:13,112,255,86,121
IQ:14,120,10,252,96
IQ:15,128,255,141,-196
IQ:16,136,3,-21,-120
IQ:17,144,255,12,36
IQ:18,152,9,190,-115
IQ:19,160,255,-51,-274
IQ:20,168,4,-200,-188
IQ:21,176,255,-102,68
IQ:22,184,8,155,-176
IQ:23,192,255,-101,-167
IQ:24,200,7,37,7
IQ:25,208,255,101,-20
IQ:26,216,6,120,-106
IQ:27,224,255,-151,-95
IQ:28,232,5,-170,226
IQ:29,240,255,195,121
IQ:30,248,12,66,-247
IQ:31,256,255,-176,-72
IQ:32,264,1,131,116
IQ:33,272,255,147,-71
IQ:34,280,2,-69,24
IQ:35,288,255,-69,132
SW:2
RR:3
SS:3
FR:2402
ME:47
MA:231
KE:28
KA:276
DF_END

Data arrived...
DF_BEGIN
IQ:0,0,11,136,-89
IQ:1,8,11,-95,-120
IQ:2,16,11,-110,111
IQ:3,24,11,121,110
IQ:4,32,11,100,-134
IQ:5,40,11,-138,-74
IQ:6,48,11,-50,152
IQ:7,56,11,157,39
IQ:8,72,12,-57,-154
IQ:9,80,255,-112,123
IQ:10,88,1,196,183
IQ:11,96,255,129,-176
IQ:12,104,2,-231,-40
IQ:13,112,255,-78,240
IQ:14,120,10,19,97
IQ:15,128,255,-8,-51
IQ:16,136,3,-194,80
IQ:17,144,255,19,235
IQ:18,152,9,175,59
IQ:19,160,255,31,-164
IQ:20,168,4,-109,-20
IQ:21,176,255,78,127
IQ:22,184,8,327,-34
IQ:23,192,255,-69,-216
IQ:24,200,7,-145,291
IQ:25,208,255,257,183
IQ:26,216,6,116,-165
IQ:27,224,255,-181,-142
IQ:28,232,5,-156,87
IQ:29,240,255,114,99
IQ:30,248,12,95,-151
IQ:31,256,255,-170,-29
IQ:32,264,1,-36,241
IQ:33,272,255,223,-15
IQ:34,280,2,-110,-211
IQ:35,288,255,-196,75
SW:2
RR:3
SS:3
FR:2480
ME:2
MA:353
KE:25
KA:286
DF_END

Data arrived...
DF_BEGIN
IQ:0,0,11,-27,-170
IQ:1,8,11,-168,50
IQ:2,16,11,65,153
IQ:3,24,11,151,-71
IQ:4,32,11,-80,-147
IQ:5,40,11,-138,103
IQ:6,48,11,120,135
IQ:7,56,11,120,-125
IQ:8,72,12,105,41
IQ:9,80,255,62,-16
IQ:10,88,1,-16,83
IQ:11,96,255,-2,-24
IQ:12,104,2,-174,-90
IQ:13,112,255,-100,65
IQ:14,120,10,-117,-118
IQ:15,128,255,-203,40
IQ:16,136,3,-165,237
IQ:17,144,255,79,153
IQ:18,152,9,-131,20
IQ:19,160,255,-82,147
IQ:20,168,4,68,223
IQ:21,176,255,193,61
IQ:22,184,8,106,138
IQ:23,192,255,31,25
IQ:24,200,7,-204,257
IQ:25,208,255,121,176
IQ:26,216,6,-32,-67
IQ:27,224,255,-52,21
IQ:28,232,5,103,-37
IQ:29,240,255,-1,-73
IQ:30,248,12,15,107
IQ:31,256,255,33,50
IQ:32,264,1,-80,33
IQ:33,272,255,22,-10
IQ:34,280,2,-40,-198
IQ:35,288,255,-80,-12
SW:2
RR:3
SS:3
FR:2426
ME:44
MA:240
KE:27
KA:279
DF_END

Data arrived...
DF_BEGIN
IQ:0,0,11,-37,176
IQ:1,8,11,182,30
IQ:2,16,11,21,-177
IQ:3,24,11,-178,-4
IQ:4,32,11,27,169
IQ:5,40,11,174,-36
IQ:6,48,11,-48,-177
IQ:7,56,11,-161,54
IQ:8,72,12,127,-187
IQ:9,80,255,-116,-89
IQ:10,88,1,92,155
IQ:11,96,255,153,-31
IQ:12,104,2,-77,7
IQ:13,112,255,-82,129
IQ:14,120,10,12,234
IQ:15,128,255,201,50
IQ:16,136,3,93,-43
IQ:17,144,255,-3,8
IQ:18,152,9,157,145
IQ:19,160,255,218,-116
IQ:20,168,4,117,-210
IQ:21,176,255,-83,-57
IQ:22,184,8,170,60
IQ:23,192,255,111,-122
IQ:24,200,7,9,30
IQ:25,208,255,44,73
IQ:26,216,6,122,41
IQ:27,224,255,9,-145
IQ:28,232,5,-242,-64
IQ:29,240,255,-51,199
IQ:30,248,12,222,-6
IQ:31,256,255,5,-160
IQ:32,264,1,-96,158
IQ:33,272,255,105,115
IQ:34,280,2,-56,-67
IQ:35,288,255,-142,-10
SW:2
RR:3
SS:3
FR:2402
ME:47
MA:231
KE:29
KA:272
DF_END

Data arrived...
DF_BEGIN
IQ:0,0,11,-170,-50
IQ:1,8,11,-25,184
IQ:2,16,11,179,26
IQ:3,24,11,1,-169
IQ:4,32,11,-180,4
IQ:5,40,11,42,168
IQ:6,48,11,174,-50
IQ:7,56,11,-62,-160
IQ:8,72,12,184,147
IQ:9,80,255,102,-112
IQ:10,88,1,-176,78
IQ:11,96,255,15,160
IQ:12,104,2,1,-98
IQ:13,112,255,-126,-104
IQ:14,120,10,-236,-10
IQ:15,128,255,-50,214
IQ:16,136,3,35,107
IQ:17,144,255,-32,-16
IQ:18,152,9,-147,162
IQ:19,160,255,97,224
IQ:20,168,4,205,123
IQ:21,176,255,50,-74
IQ:22,184,8,-66,171
IQ:23,192,255,120,99
IQ:24,200,7,-25,-3
IQ:25,208,255,-79,38
IQ:26,216,6,-57,123
IQ:27,224,255,153,29
IQ:28,232,5,88,-223
IQ:29,240,255,-200,-60
IQ:30,248,12,-5,231
IQ:31,256,255,154,18
IQ:32,264,1,-162,-103
IQ:33,272,255,-124,102
IQ:34,280,2,73,-41
IQ:35,288,255,19,-142
SW:2
RR:3
SS:3
FR:2402
ME:44
MA:231
KE:31
KA:264
DF_END

Data arrived...
DF_BEGIN
IQ:0,0,11,174,65
IQ:1,8,11,42,-176
IQ:2,16,11,-189,-45
IQ:3,24,11,-16,187
IQ:4,32,11,192,-32
IQ:5,40,11,-20,-188
IQ:6,48,11,-184,45
IQ:7,56,11,69,170
IQ:8,72,12,130,-183
IQ:9,80,255,-220,-36
IQ:10,88,1,-51,324
IQ:11,96,255,270,9
IQ:12,104,2,-147,-252
IQ:13,112,255,-316,108
IQ:14,120,10,-91,113
IQ:15,128,255,72,-34
IQ:16,136,3,-194,-152
IQ:17,144,255,-213,177
IQ:18,152,9,94,228
IQ:19,160,255,187,-115
IQ:20,168,4,-75,-137
IQ:21,176,255,-60,169
IQ:22,184,8,323,248
IQ:23,192,255,184,-229
IQ:24,200,7,-396,19
IQ:25,208,255,-35,385
IQ:26,216,6,234,22
IQ:27,224,255,2,-298
IQ:28,232,5,-228,-97
IQ:29,240,255,-41,192
IQ:30,248,12,214,-11
IQ:31,256,255,-88,-205
IQ:32,264,1,-291,156
IQ:33,272,255,123,234
IQ:34,280,2,109,-268
IQ:35,288,255,-231,-112
SW:2
RR:3
SS:3
FR:2480
ME:2
MA:353
KE:28
KA:273
DF_END

Data arrived...
DF_BEGIN
IQ:0,0,11,-119,95
IQ:1,8,11,109,112
IQ:2,16,11,97,-114
IQ:3,24,11,-132,-86
IQ:4,32,11,-73,133
IQ:5,40,11,133,62
IQ:6,48,11,50,-144
IQ:7,56,11,-134,-40
IQ:8,72,12,-14,-68
IQ:9,80,255,-18,-41
IQ:10,88,1,42,-66
IQ:11,96,255,-33,23
IQ:12,104,2,53,190
IQ:13,112,255,124,14
IQ:14,120,10,-29,112
IQ:15,128,255,111,117
IQ:16,136,3,264,12
IQ:17,144,255,84,-165
IQ:18,152,9,48,55
IQ:19,160,255,114,2
IQ:20,168,4,134,-153
IQ:21,176,255,-59,-169
IQ:22,184,8,9,-140
IQ:23,192,255,-2,-4
IQ:24,200,7,290,-20
IQ:25,208,255,15,-207
IQ:26,216,6,-56,66
IQ:27,224,255,42,48
IQ:28,232,5,-53,-55
IQ:29,240,255,-54,16
IQ:30,248,12,45,-49
IQ:31,256,255,32,-37
IQ:32,264,1,77,7
IQ:33,272,255,-40,-17
IQ:34,280,2,-128,159
IQ:35,288,255,46,85
SW:2
RR:3
SS:3
FR:2426
ME:41
MA:243
KE:30
KA:268
DF_END

Data arrived...
DF_BEGIN
IQ:0,0,11,-138,93
IQ:1,8,11,100,140
IQ:2,16,11,120,-120
IQ:3,24,11,-135,-102
IQ:4,32,11,-101,141
IQ:5,40,11,144,86
IQ:6,48,11,85,-152
IQ:7,56,11,-157,-60
IQ:8,72,12,197,-53
IQ:9,80,255,-29,-134
IQ:10,88,1,-36,140
IQ:11,96,255,98,77
IQ:12,104,2,-27,-29
IQ:13,112,255,-110,11
IQ:14,120,10,-137,140
IQ:15,128,255,105,150
IQ:16,136,3,107,8
IQ:17,144,255,-27,-31
IQ:18,152,9,18,174
IQ:19,160,255,206,56
IQ:20,168,4,183,-90
IQ:21,176,255,-49,-85
IQ:22,184,8,44,144
IQ:23,192,255,136,-8
IQ:24,200,7,-6,-11
IQ:25,208,255,-41,55
IQ:26,216,6,34,125
IQ:27,224,255,115,-76
IQ:28,232,5,-101,-181
IQ:29,240,255,-149,90
IQ:30,248,12,147,130
IQ:31,256,255,107,-94
IQ:32,264,1,-137,41
IQ:33,272,255,-5,132
IQ:34,280,2,12,-31
IQ:35,288,255,-55,-91
SW:2
RR:3
SS:3
FR:2402
ME:5
MA:353
KE:27
KA:278
DF_END

Data arrived...
DF_BEGIN
IQ:0,0,11,188,-79
IQ:1,8,11,-89,-185
IQ:2,16,11,-171,113
IQ:3,24,11,153,154
IQ:4,32,11,141,-153
IQ:5,40,11,-166,-117
IQ:6,48,11,-105,167
IQ:7,56,11,185,63
IQ:8,72,12,0,-273
IQ:9,80,255,-208,98
IQ:10,88,1,191,328
IQ:11,96,255,244,-194
IQ:12,104,2,-327,-92
IQ:13,112,255,-196,317
IQ:14,120,10,-9,197
IQ:15,128,255,53,-72
IQ:16,136,3,-275,15
IQ:17,144,255,-62,346
IQ:18,152,9,236,202
IQ:19,160,255,125,-220
IQ:20,168,4,-161,-97
IQ:21,176,255,40,200
IQ:22,184,8,489,47
IQ:23,192,255,17,-328
IQ:24,200,7,-305,345
IQ:25,208,255,294,327
IQ:26,216,6,225,-178
IQ:27,224,255,-208,-273
IQ:28,232,5,-275,65
IQ:29,240,255,105,194
IQ:30,248,12,196,-175
IQ:31,256,255,-220,-125
IQ:32,264,1,-126,343
IQ:33,272,255,315,69
IQ:34,280,2,-89,-307
IQ:35,288,255,-265,63
SW:2
RR:3
SS:3
FR:2480
ME:2
MA:353
KE:24
KA:288
DF_END

Data arrived...
DF_BEGIN
IQ:0,0,11,111,-94
IQ:1,8,11,-103,-104
IQ:2,16,11,-87,105
IQ:3,24,11,124,75
IQ:4,32,11,65,-125
IQ:5,40,11,-140,-51
IQ:6,48,11,-40,144
IQ:7,56,11,149,20
IQ:8,72,12,22,69
IQ:9,80,255,14,34
IQ:10,88,1,-54,57
IQ:11,96,255,33,-12
IQ:12,104,2,-45,-179
IQ:13,112,255,-116,-6
IQ:14,120,10,49,-116
IQ:15,128,255,-112,-121
IQ:16,136,3,-247,0
IQ:17,144,255,-72,151
IQ:18,152,9,-60,-63
IQ:19,160,255,-131,-6
IQ:20,168,4,-140,149
IQ:21,176,255,59,183
IQ:22,184,8,-30,129
IQ:23,192,255,-5,6
IQ:24,200,7,-285,0
IQ:25,208,255,-48,200
IQ:26,216,6,54,-60
IQ:27,224,255,-40,-46
IQ:28,232,5,57,64
IQ:29,240,255,67,-23
IQ:30,248,12,-47,55
IQ:31,256,255,-32,39
IQ:32,264,1,-78,-17
IQ:33,272,255,31,4
IQ:34,280,2,109,-152
IQ:35,288,255,-47,-78
SW:2
RR:3
SS:3
FR:2426
ME:41
MA:243
KE:26
KA:281
DF_END

Data arrived...
DF_BEGIN
IQ:0,0,11,91,-153
IQ:1,8,11,-166,-69
IQ:2,16,11,-47,180
IQ:3,24,11,181,37
IQ:4,32,11,20,-184
IQ:5,40,11,-185,-4
IQ:6,48,11,19,185
IQ:7,56,11,176,-34
IQ:8,72,12,-149,183
IQ:9,80,255,93,116
IQ:10,88,1,-75,-126
IQ:11,96,255,-133,7
IQ:12,104,2,48,-47
IQ:13,112,255,56,-100
IQ:14,120,10,11,-220
IQ:15,128,255,-214,-87
IQ:16,136,3,-164,30
IQ:17,144,255,-3,34
IQ:18,152,9,-131,-135
IQ:19,160,255,-221,92
IQ:20,168,4,-145,249
IQ:21,176,255,112,106
IQ:22,184,8,-127,-55
IQ:23,192,255,-114,92
IQ:24,200,7,-62,19
IQ:25,208,255,-16,-27
IQ:26,216,6,-96,-75
IQ:27,224,255,-43,130
IQ:28,232,5,228,91
IQ:29,240,255,81,-197
IQ:30,248,12,-221,-22
IQ:31,256,255,-44,152
IQ:32,264,1,68,-133
IQ:33,272,255,-69,-119
IQ:34,280,2,61,30
IQ:35,288,255,97,13
SW:2
RR:3
SS:3
FR:2402
ME:47
MA:229
KE:28
KA:273
DF_END

Data arrived...
DF_BEGIN
IQ:0,0,11,-118,159
IQ:1,8,11,161,103
IQ:2,16,11,72,-194
IQ:3,24,11,-193,-65
IQ:4,32,11,-51,190
IQ:5,40,11,175,29
IQ:6,48,11,16,-199
IQ:7,56,11,-200,-4
IQ:8,72,12,123,238
IQ:9,80,255,138,-198
IQ:10,88,1,-334,-204
IQ:11,96,255,-155,260
IQ:12,104,2,331,-79
IQ:13,112,255,16,-399
IQ:14,120,10,-82,-187
IQ:15,128,255,-24,88
IQ:16,136,3,228,-156
IQ:17,144,255,-124,-320
IQ:18,152,9,-308,-35
IQ:19,160,255,-6,305
IQ:20,168,4,196,57
IQ:21,176,255,-108,-150
IQ:22,184,8,-386,266
IQ:23,192,255,186,267
IQ:24,200,7,93,-425
IQ:25,208,255,-400,-179
IQ:26,216,6,-132,241
IQ:27,224,255,316,135
IQ:28,232,5,229,-218
IQ:29,240,255,-197,-165
IQ:30,248,12,-101,235
IQ:31,256,255,233,-7
IQ:32,264,1,-87,-400
IQ:33,272,255,-322,61
IQ:34,280,2,246,238
IQ:35,288,255,227,-181
SW:2
RR:3
SS:3
FR:2480
ME:2
MA:353
KE:25
KA:283
DF_END

Data arrived...
DF_BEGIN
IQ:0,0,11,58,143
IQ:1,8,11,131,-76
IQ:2,16,11,-92,-125
IQ:3,24,11,-115,112
IQ:4,32,11,124,87
IQ:5,40,11,83,-122
IQ:6,48,11,-134,-62
IQ:7,56,11,-64,149
IQ:8,72,12,174,-22
IQ:9,80,255,-88,-140
IQ:10,88,1,-206,153
IQ:11,96,255,130,171
IQ:12,104,2,60,-224
IQ:13,112,255,-229,-126
IQ:14,120,10,-124,4
IQ:15,128,255,43,27
IQ:16,136,3,-35,-178
IQ:17,144,255,-238,-11
IQ:18,152,9,-101,178
IQ:19,160,255,159,77
IQ:20,168,4,42,-88
IQ:21,176,255,-129,68
IQ:22,184,8,0,332
IQ:23,192,255,226,-12
IQ:24,200,7,-254,-188
IQ:25,208,255,-233,200
IQ:26,216,6,127,141
IQ:27,224,255,172,-148
IQ:28,232,5,-59,-165
IQ:29,240,255,-129,95
IQ:30,248,12,125,136
IQ:31,256,255,52,-147
IQ:32,264,1,-255,-44
IQ:33,272,255,-38,214
IQ:34,280,2,214,-62
IQ:35,288,255,-58,-187
SW:2
RR:3
SS:3
FR:2480
ME:2
MA:353
KE:23
KA:294
DF_END

Data arrived...
DF_BEGIN
IQ:0,0,11,16,-190
IQ:1,8,11,-188,-31
IQ:2,16,11,3,185
IQ:3,24,11,187,-38
IQ:4,32,11,-48,-174
IQ:5,40,11,-189,76
IQ:6,48,11,66,172
IQ:7,56,11,157,-89
IQ:8,72,12,-111,229
IQ:9,80,255,146,89
IQ:10,88,1,-117,-169
IQ:11,96,255,-170,57
IQ:12,104,2,93,-19
IQ:13,112,255,82,-158
IQ:14,120,10,-21,-269
IQ:15,128,255,-237,-14
IQ:16,136,3,-97,57
IQ:17,144,255,5,-35
IQ:18,152,9,-203,-151
IQ:19,160,255,-245,157
IQ:20,168,4,-112,259
IQ:21,176,255,99,71
IQ:22,184,8,-224,-39
IQ:23,192,255,-81,177
IQ:24,2