IQ:5,40,11,153,75
IQ:6,48,11,70,-154
IQ:7,56,11,-163,-54
IQ:8,72,12,102,162
IQ:9,80,255,155,-78
IQ:10,88,1,-41,-109
IQ:11,96,255,-76,29
IQ:12,104,2,32,-54
IQ:13,112,255,-64,-73
IQ:14,120,10,-118,74
IQ:15,128,255,45,148
IQ:16,136,3,67,43
IQ:17,144,255,1,-45
IQ:18,152,9,-61,72
IQ:19,160,255,45,94
IQ:20,168,4,27,9
IQ:21,176,255,-46,-4
IQ:22,184,8,-38,128
IQ:23,192,255,145,40
IQ:24,200,7,75,-177
IQ:25,208,255,-152,-97
IQ:26,216,6,-50,100
IQ:27,224,255,100,60
IQ:28,232,5,47,-50
IQ:29,240,255,-82,-7
IQ:30,248,12,-75,182
IQ:31,256,255,146,77
IQ:32,264,1,63,-112
IQ:33,272,255,-67,-52
IQ:34,280,2,67,-2
IQ:35,288,255,20,-107
SW:2
RR:3
SS:3
FR:2426
ME:2
MA:5
KE:18
KA:30
DF_END

Data arrived...
DF_BEGIN
IQ:0,0,11,-132,95
IQ:1,8,11,105,112
IQ:2,16,11,100,-123
IQ:3,24,11,-129,-84
IQ:4,32,11,-85,135
IQ:5,40,11,144,69
IQ:6,48,11,49,-152
IQ:7,56,11,-157,-42
IQ:8,72,12,195,112
IQ:9,80,255,130,-165
IQ:10,88,1,-90,-90
IQ:11,96,255,-69,79
IQ:12,104,2,59,-21
IQ:13,112,255,-54,-80
IQ:14,120,10,-119,78
IQ:15,128,255,51,145
IQ:16,136,3,82,21
IQ:17,144,255,-28,-61
IQ:18,152,9,-89,101
IQ:19,160,255,84,117
IQ:20,168,4,55,-5
IQ:21,176,255,-55,-13
IQ:22,184,8,-2,142
IQ:23,192,255,172,-5
IQ:24,200,7,41,-210
IQ:25,208,255,-191,-54
IQ:26,216,6,-29,134
IQ:27,224,255,129,35
IQ:28,232,5,35,-81
IQ:29,240,255,-106,28
IQ:30,248,12,32,217
IQ:31,256,255,209,5
IQ:32,264,1,33,-128
IQ:33,272,255,-103,-11
IQ:34,280,2,48,38
IQ:35,288,255,24,-87
SW:2
RR:3
SS:3
FR:2402
ME:359
MA:353
KE:15
KA:24
DF_END

Data arrived...
DF_BEGIN
IQ:0,0,11,-136,-26
IQ:1,8,11,-19,131
IQ:2,16,11,134,2
IQ:3,24,11,-17,-135
IQ:4,32,11,-133,42
IQ:5,40,11,41,130
IQ:6,48,11,123,-50
IQ:7,56,11,-71,-119
IQ:8,72,12,-22,109
IQ:9,80,255,74,48
IQ:10,88,1,21,6
IQ:11,96,255,20,18
IQ:12,104,2,79,3
IQ:13,112,255,9,-75
IQ:14,120,10,-118,-19
IQ:15,128,255,-46,79
IQ:16,136,3,18,-20
IQ:17,144,255,-53,-29
IQ:18,152,9,-98,79
IQ:19,160,255,28,87
IQ:20,168,4,4,-56
IQ:21,176,255,-66,-44
IQ:22,184,8,-80,65
IQ:23,192,255,63,69
IQ:24,200,7,124,-8
IQ:25,208,255,8,-111
IQ:26,216,6,-44,4
IQ:27,224,255,6,6
IQ:28,232,5,-21,-50
IQ:29,240,255,-75,-13
IQ:30,248,12,-111,26
IQ:31,256,255,-7,73
IQ:32,264,1,-7,5
IQ:33,272,255,-8,18
IQ:34,280,2,39,61
IQ:35,288,255,62,-62
SW:2
RR:3
SS:3
FR:2480
ME:52
MA:94
KE:19
KA:31
DF_END

Data arrived...
DF_BEGIN
IQ:0,0,11,-164,-31
IQ:1,8,11,-20,162
IQ:2,16,11,155,-6
IQ:3,24,11,-17,-160
IQ:4,32,11,-160,19
IQ:5,40,11,34,155
IQ:6,48,11,145,-57
IQ:7,56,11,-77,-146
IQ:8,72,12,-41,195
IQ:9,80,255,162,42
IQ:10,88,1,36,-128
IQ:11,96,255,-81,-32
IQ:12,104,2,60,-9
IQ:13,112,255,8,-91
IQ:14,120,10,-123,-36
IQ:15,128,255,-81,129
IQ:16,136,3,11,85
IQ:17,144,255,30,-30
IQ:18,152,9,-103,8
IQ:19,160,255,-50,96
IQ:20,168,4,6,29
IQ:21,176,255,-22,-30
IQ:22,184,8,-112,67
IQ:23,192,255,67,137
IQ:24,200,7,181,-48
IQ:25,208,255,-37,-172
IQ:26,216,6,-109,29
IQ:27,224,255,34,111
IQ:28,232,5,76,3
IQ:29,240,255,-58,-68
IQ:30,248,12,-189,75
IQ:31,256,255,50,169
IQ:32,264,1,123,-26
IQ:33,272,255,-15,-88
IQ:34,280,2,45,46
IQ:35,288,255,78,-68
SW:2
RR:3
SS:3
FR:2426
ME:359
MA:353
KE:17
KA:26
DF_END

Data arrived...
DF_BEGIN
IQ:0,0,11,-124,-96
IQ:1,8,11,-82,137
IQ:2,16,11,149,72
IQ:3,24,11,57,-150
IQ:4,32,11,-150,-42
IQ:5,40,11,-17,158
IQ:6,48,11,164,11
IQ:7,56,11,-8,-162
IQ:8,72,12,-42,219
IQ:9,80,255,200,52
IQ:10,88,1,63,-122
IQ:11,96,255,-91,-46
IQ:12,104,2,40,48
IQ:13,112,255,61,-72
IQ:14,120,10,-106,-107
IQ:15,128,255,-137,90
IQ:16,136,3,14,85
IQ:17,144,255,45,-56
IQ:18,152,9,-132,-68
IQ:19,160,255,-90,116
IQ:20,168,4,21,48
IQ:21,176,255,0,-59
IQ:22,184,8,-153,33
IQ:23,192,255,32,172
IQ:24,200,7,216,-1
IQ:25,208,255,15,-206
IQ:26,216,6,-143,-4
IQ:27,224,255,-14,139
IQ:28,232,5,88,10
IQ:29,240,255,-52,-96
IQ:30,248,12,-209,79
IQ:31,256,255,43,206
IQ:32,264,1,130,-7
IQ:33,272,255,-20,-99
IQ:34,280,2,-26,68
IQ:35,288,255,100,8
SW:2
RR:3
SS:3
FR:2402
ME:359
MA:353
KE:15
KA:22
DF_END

Data arrived...
DF_BEGIN
IQ:0,0,11,170,-19
IQ:1,8,11,-32,-170
IQ:2,16,11,-167,48
IQ:3,24,11,61,152
IQ:4,32,11,146,-88
IQ:5,40,11,-108,-140
IQ:6,48,11,-136,100
IQ:7,56,11,118,124
IQ:8,72,12,-99,-192
IQ:9,80,255,-184,79
IQ:10,88,1,28,123
IQ:11,96,255,97,-34
IQ:12,104,2,-74,-17
IQ:13,112,255,2,102
IQ:14,120,10,153,-3
IQ:15,128,255,41,-160
IQ:16,136,3,-80,-55
IQ:17,144,255,2,82
IQ:18,152,9,149,-37
IQ:19,160,255,-7,-144
IQ:20,168,4,-53,-17
IQ:21,176,255,49,48
IQ:22,184,8,89,-139
IQ:23,192,255,-151,-114
IQ:24,200,7,-169,156
IQ:25,208,255,128,164
IQ:26,216,6,110,-91
IQ:27,224,255,-89,-108
IQ:28,232,5,-68,55
IQ:29,240,255,105,20
IQ:30,248,12,99,-202
IQ:31,256,255,-166,-124
IQ:32,264,1,-93,80
IQ:33,272,255,68,61
IQ:34,280,2,-29,-68
IQ:35,288,255,-80,65
SW:2
RR:3
SS:3
FR:2402
ME:359
MA:353
KE:13
KA:17
DF_END

Data arrived...
DF_BEGIN
IQ:0,0,11,-190,-66
IQ:1,8,11,-51,182
IQ:2,16,11,186,24
IQ:3,24,11,7,-193
IQ:4,32,11,-196,0
IQ:5,40,11,13,184
IQ:6,48,11,178,-45
IQ:7,56,11,-80,-177
IQ:8,72,12,-51,134
IQ:9,80,255,72,74
IQ:10,88,1,-3,14
IQ:11,96,255,21,27
IQ:12,104,2,102,9
IQ:13,112,255,17,-115
IQ:14,120,10,-160,-52
IQ:15,128,255,-71,94
IQ:16,136,3,33,-40
IQ:17,144,255,-64,-52
IQ:18,152,9,-141,89
IQ:19,160,255,26,120
IQ:20,168,4,47,-78
IQ:21,176,255,-64,-71
IQ:22,184,8,-110,84
IQ:23,192,255,87,112
IQ:24,200,7,172,13
IQ:25,208,255,31,-117
IQ:26,216,6,-50,18
IQ:27,224,255,10,13
IQ:28,232,5,-23,-82
IQ:29,240,255,-118,-21
IQ:30,248,12,-145,43
IQ:31,256,255,-15,106
IQ:32,264,1,-22,5
IQ:33,272,255,-14,33
IQ:34,280,2,43,95
IQ:35,288,255,109,-65
SW:2
RR:3
SS:3
FR:2480
ME:52
MA:97
KE:17
KA:25
DF_END

Data arrived...
DF_BEGIN
IQ:0,0,11,-27,169
IQ:1,8,11,162,6
IQ:2,16,11,-12,-174
IQ:3,24,11,-166,24
IQ:4,32,11,44,164
IQ:5,40,11,155,-60
IQ:6,48,11,-83,-152
IQ:7,56,11,-148,95
IQ:8,72,12,204,8
IQ:9,80,255,8,-183
IQ:10,88,1,-136,-23
IQ:11,96,255,-23,89
IQ:12,104,2,-16,-65
IQ:13,112,255,-89,15
IQ:14,120,10,4,135
IQ:15,128,255,150,50
IQ:16,136,3,85,-25
IQ:17,144,255,-28,-38
IQ:18,152,9,13,92
IQ:19,160,255,108,19
IQ:20,168,4,24,-21
IQ:21,176,255,-44,24
IQ:22,184,8,92,97
IQ:23,192,255,111,-105
IQ:24,200,7,-81,-181
IQ:25,208,255,-163,44
IQ:26,216,6,47,108
IQ:27,224,255,114,-49
IQ:28,232,5,-30,-76
IQ:29,240,255,-60,77
IQ:30,248,12,103,176
IQ:31,256,255,157,-96
IQ:32,264,1,-69,-113
IQ:33,272,255,-97,41
IQ:34,280,2,42,-48
IQ:35,288,255,-74,-78
SW:2
RR:3
SS:3
FR:2426
ME:2
MA:5
KE:15
KA:23
DF_END

Data arrived...
DF_BEGIN
IQ:0,0,11,77,-150
IQ:1,8,11,-153,-62
IQ:2,16,11,-46,164
IQ:3,24,11,163,19
IQ:4,32,11,0,-163
IQ:5,40,11,-172,7
IQ:6,48,11,7,167
IQ:7,56,11,164,-34
IQ:8,72,12,-214,-6
IQ:9,80,255,-45,200
IQ:10,88,1,108,54
IQ:11,96,255,25,-93
IQ:12,104,2,-47,49
IQ:13,112,255,85,45
IQ:14,120,10,82,-132
IQ:15,128,255,-112,-123
IQ:16,136,3,-90,26
IQ:17,144,255,66,45
IQ:18,152,9,47,-142
IQ:19,160,255,-128,-74
IQ:20,168,4,-38,32
IQ:21,176,255,63,-9
IQ:22,184,8,-67,-147
IQ:23,192,255,-172,66
IQ:24,200,7,39,219
IQ:25,208,255,201,-6
IQ:26,216,6,-33,-133
IQ:27,224,255,-145,24
IQ:28,232,5,11,88
IQ:29,240,255,84,-75
IQ:30,248,12,-103,-186
IQ:31,256,255,-194,69
IQ:32,264,1,6,117
IQ:33,272,255,92,-30
IQ:34,280,2,-69,-15
IQ:35,288,255,24,101
SW:2
RR:3
SS:3
FR:2402
ME:359
MA:353
KE:14
KA:19
DF_END

Data arrived...
DF_BEGIN
IQ:0,0,11,191,29
IQ:1,8,11,3,-175
IQ:2,16,11,-179,14
IQ:3,24,11,32,172
IQ:4,32,11,182,-41
IQ:5,40,11,-60,-166
IQ:6,48,11,-157,81
IQ:7,56,11,95,150
IQ:8,72,12,36,-160
IQ:9,80,255,-92,-53
IQ:10,88,1,7,-9
IQ:11,96,255,-17,-33
IQ:12,104,2,-111,17
IQ:13,112,255,16,113
IQ:14,120,10,160,7
IQ:15,128,255,30,-99
IQ:16,136,3,-21,47
IQ:17,144,255,73,53
IQ:18,152,9,125,-103
IQ:19,160,255,-46,-110
IQ:20,168,4,-17,79
IQ:21,176,255,78,43
IQ:22,184,8,94,-106
IQ:23,192,255,-97,-116
IQ:24,200,7,-153,19
IQ:25,208,255,5,128
IQ:26,216,6,46,-26
IQ:27,224,255,-22,-23
IQ:28,232,5,35,60
IQ:29,240,255,121,-4
IQ:30,248,12,145,-67
IQ:31,256,255,-2,-113
IQ:32,264,1,6,2
IQ:33,272,255,9,-38
IQ:34,280,2,-77,-90
IQ:35,288,255,-88,93
SW:2
RR:3
SS:3
FR:2480
ME:7
MA:271
KE:13
KA:10
DF_END

Data arrived...
DF_BEGIN
IQ:0,0,11,-109,-121
IQ:1,8,11,-117,118
IQ:2,16,11,129,97
IQ:3,24,11,96,-143
IQ:4,32,11,-152,-78
IQ:5,40,11,-64,161
IQ:6,48,11,155,61
IQ:7,56,11,21,-164
IQ:8,72,12,-134,182
IQ:9,80,255,136,125
IQ:10,88,1,98,-104
IQ:11,96,255,-66,-78
IQ:12,104,2,46,34
IQ:13,112,255,59,-79
IQ:14,120,10,-94,-100
IQ:15,128,255,-150,62
IQ:16,136,3,-38,83
IQ:17,144,255,54,-8
IQ:18,152,9,-85,-60
IQ:19,160,255,-90,66
IQ:20,168,4,-9,35
IQ:21,176,255,12,-43
IQ:22,184,8,-132,-8
IQ:23,192,255,-20,148
IQ:24,200,7,176,61
IQ:25,208,255,64,-169
IQ:26,216,6,-109,-37
IQ:27,224,255,-47,120
IQ:28,232,5,69,52
IQ:29,240,255,-7,-107
IQ:30,248,12,-220,-35
IQ:31,256,255,-41,180
IQ:32,264,1,144,33
IQ:33,272,255,30,-106
IQ:34,280,2,5,60
IQ:35,288,255,104,-3
SW:2
RR:3
SS:3
FR:2426
ME:2
MA:5
KE:11
KA:8
DF_END

Data arrived...
DF_BEGIN
IQ:0,0,11,-118,110
IQ:1,8,11,132,97
IQ:2,16,11,86,-131
IQ:3,24,11,-143,-82
IQ:4,32,11,-71,148
IQ:5,40,11,153,35
IQ:6,48,11,31,-165
IQ:7,56,11,-160,-22
IQ:8,72,12,191,87
IQ:9,80,255,97,-173
IQ:10,88,1,-86,-88
IQ:11,96,255,-55,66
IQ:12,104,2,49,-35
IQ:13,112,255,-68,-74
IQ:14,120,10,-118,90
IQ:15,128,255,66,143
IQ:16,136,3,88,3
IQ:17,144,255,-45,-64
IQ:18,152,9,-79,123
IQ:19,160,255,102,104
IQ:20,168,4,48,-10
IQ:21,176,255,-60,-2
IQ:22,184,8,11,159
IQ:23,192,255,176,-1
IQ:24,200,7,26,-208
IQ:25,208,255,-192,-41
IQ:26,216,6,-28,132
IQ:27,224,255,124,32
IQ:28,232,5,13,-86
IQ:29,240,255,-91,41
IQ:30,248,12,57,203
IQ:31,256,255,203,-8
IQ:32,264,1,37,-123
IQ:33,272,255,-89,-8
IQ:34,280,2,54,30
IQ:35,288,255,8,-91
SW:2
RR:3
SS:3
FR:2402
ME:359
MA:353
KE:10
KA:5
DF_END

Data arrived...
DF_BEGIN
IQ:0,0,11,93,-170
IQ:1,8,11,-169,-87
IQ:2,16,11,-52,178
IQ:3,24,11,187,44
IQ:4,32,11,19,-188
IQ:5,40,11,-190,-2
IQ:6,48,11,21,176
IQ:7,56,11,186,-42
IQ:8,72,12,-132,-64
IQ:9,80,255,-87,72
IQ:10,88,1,-20,0
IQ:11,96,255,-39,19
IQ:12,104,2,-24,107
IQ:13,112,255,106,25
IQ:14,120,10,78,-140
IQ:15,128,255,-75,-84
IQ:16,136,3,25,42
IQ:17,144,255,65,-53
IQ:18,152,9,-58,-155
IQ:19,160,255,-128,23
IQ:20,168,4,72,40
IQ:21,176,255,61,-57
IQ:22,184,8,-74,-113
IQ:23,192,255,-125,64
IQ:24,200,7,-33,171
IQ:25,208,255,120,43
IQ:26,216,6,-16,-51
IQ:27,224,255,-15,11
IQ:28,232,5,71,-12
IQ:29,240,255,32,-109
IQ:30,248,12,-15,-150
IQ:31,256,255,-105,-35
IQ:32,264,1,-15,-17
IQ:33,272,255,-33,-16
IQ:34,280,2,-95,44
IQ:35,288,255,42,136
SW:2
RR:3
SS:3
FR:2480
ME:52
MA:94
KE:14
KA:13
DF_END

Data arrived...
DF_BEGIN
IQ:0,0,11,-166,-8
IQ:1,8,11,8,171
IQ:2,16,11,170,-9
IQ:3,24,11,-40,-166
IQ:4,32,11,-165,41
IQ:5,40,11,56,157
IQ:6,48,11,151,-73
IQ:7,56,11,-90,-139
IQ:8,72,12,1,219
IQ:9,80,255,187,13
IQ:10,88,1,20,-139
IQ:11,96,255,-90,-19
IQ:12,104,2,60,-11
IQ:13,112,255,0,-89
IQ:14,120,10,-135,-17
IQ:15,128,255,-56,142
IQ:16,136,3,32,94
IQ:17,144,255,38,-38
IQ:18,152,9,-94,10
IQ:19,160,255,-30,103
IQ:20,168,4,21,30
IQ:21,176,255,-26,-36
IQ:22,184,8,-90,85
IQ:23,192,255,102,114
IQ:24,200,7,181,-77
IQ:25,208,255,-54,-168
IQ:26,216,6,-113,48
IQ:27,224,255,58,114
IQ:28,232,5,77,-26
IQ:29,240,255,-77,-64
IQ:30,248,12,-177,121
IQ:31,256,255,95,160
IQ:32,264,1,118,-70
IQ:33,272,255,-48,-97
IQ:34,280,2,34,41
IQ:35,288,255,69,-83
SW:2
RR:3
SS:3
FR:2426
ME:359
MA:353
KE:12
KA:10
DF_END

Data arrived...
DF_BEGIN
IQ:0,0,11,49,148
IQ:1,8,11,142,-75
IQ:2,16,11,-81,-138
IQ:3,24,11,-130,91
IQ:4,32,11,110,116
IQ:5,40,11,102,-120
IQ:6,48,11,-128,-100
IQ:7,56,11,-89,130
IQ:8,72,12,155,-150
IQ:9,80,255,-132,-151
IQ:10,88,1,-119,50
IQ:11,96,255,45,83
IQ:12,104,2,-5,-61
IQ:13,112,255,-93,21
IQ:14,120,10,31,142
IQ:15,128,255,164,-2
IQ:16,136,3,51,-81
IQ:17,144,255,-74,9
IQ:18,152,9,77,115
IQ:19,160,255,139,-48
IQ:20,168,4,12,-56
IQ:21,176,255,-33,42
IQ:22,184,8,139,49
IQ:23,192,255,58,-167
IQ:24,200,7,-178,-122
IQ:25,208,255,-124,147
IQ:26,216,6,112,78
IQ:27,224,255,78,-106
IQ:28,232,5,-64,-54
IQ:29,240,255,-1,98
IQ:30,248,12,207,44
IQ:31,256,255,74,-188
IQ:32,264,1,-101,-81
IQ:33,272,255,-44,77
IQ:34,280,2,45,-35
IQ:35,288,255,-76,-46
SW:2
RR:3
SS:3
FR:2402
ME:359
MA:353
KE:10
KA:6
DF_END

Data arrived...
DF_BEGIN
IQ:0,0,11,-65,-144
IQ:1,8,11,-138,80
IQ:2,16,11,84,133
IQ:3,24,11,118,-98
IQ:4,32,11,-115,-110
IQ:5,40,11,-105,120
IQ:6,48,11,122,100
IQ:7,56,11,71,-137
IQ:8,72,12,-146,147
IQ:9,80,255,114,156
IQ:10,88,1,111,-53
IQ:11,96,255,-48,-75
IQ:12,104,2,-4,52
IQ:13,112,255,86,-31
IQ:14,120,10,-34,-137
IQ:15,128,255,-159,8
IQ:16,136,3,-35,76
IQ:17,144,255,69,-18
IQ:18,152,9,-78,-115
IQ:19,160,255,-129,57
IQ:20,168,4,-15,54
IQ:21,176,255,28,-34
IQ:22,184,8,-137,-42
IQ:23,192,255,-50,158
IQ:24,200,7,172,112
IQ:25,208,255,116,-151
IQ:26,216,6,-103,-73
IQ:27,224,255,-74,103
IQ:28,232,5,62,53
IQ:29,240,255,-4,-100
IQ:30,248,12,-210,-33
IQ:31,256,255,-69,192
IQ:32,264,1,102,60
IQ:33,272,255,45,-81
IQ:34,280,2,-41,34
IQ:35,288,255,79,35
SW:2
RR:3
SS:3
FR:2402
ME:359
MA:353
KE:9
KA:4
DF_END

Data arrived...
DF_BEGIN
IQ:0,0,11,-111,85
IQ:1,8,11,99,93
IQ:2,16,11,86,-114
IQ:3,24,11,-110,-81
IQ:4,32,11,-66,127
IQ:5,40,11,133,45
IQ:6,48,11,25,-138
IQ:7,56,11,-145,-20
IQ:8,72,12,76,88
IQ:9,80,255,86,-22
IQ:10,88,1,13,7
IQ:11,96,255,31,-8
IQ:12,104,2,51,-72
IQ:13,112,255,-66,-50
IQ:14,120,10,-84,83
IQ:15,128,255,33,76
IQ:16,136,3,-10,-34
IQ:17,144,255,-59,22
IQ:18,152,9,5,109
IQ:19,160,255,87,12
IQ:20,168,4,-31,-44
IQ:21,176,255,-60,22
IQ:22,184,8,18,101
IQ:23,192,255,106,2
IQ:24,200,7,85,-93
IQ:25,208,255,-62,-70
IQ:26,216,6,-7,37
IQ:27,224,255,20,1
IQ:28,232,5,-47,-12
IQ:29,240,255,-55,66
IQ:30,248,12,-41,123
IQ:31,256,255,67,56
IQ:32,264,1,1,10
IQ:33,272,255,16,20
IQ:34,280,2,81,0
IQ:35,288,255,-4,-98
SW:2
RR:3
SS:3
FR:2480
ME:52
MA:94
KE:13
KA:12
DF_END

Data arrived...
DF_BEGIN
IQ:0,0,11,50,-186
IQ:1,8,11,-184,-14
IQ:2,16,11,5,183
IQ:3,24,11,183,-36
IQ:4,32,11,-45,-186
IQ:5,40,11,-175,53
IQ:6,48,11,75,168
IQ:7,56,11,159,-95
IQ:8,72,12,-160,-29
IQ:9,80,255,-56,104
IQ:10,88,1,-16,9
IQ:11,96,255,-24,24
IQ:12,104,2,10,107
IQ:13,112,255,102,-7
IQ:14,120,10,24,-160
IQ:15,128,255,-103,-71
IQ:16,136,3,37,30
IQ:17,144,255,37,-65
IQ:18,152,9,-98,-118
IQ:19,160,255,-103,50
IQ:20,168,4,71,16
IQ:21,176,255,38,-80
IQ:22,184,8,-99,-83
IQ:23,192,255,-107,106
IQ:24,200,7,16,180
IQ:25,208,255,128,2
IQ:26,216,6,-23,-40
IQ:27,224,255,-22,13
IQ:28,232,5,64,-36
IQ:29,240,255,-8,-112
IQ:30,248,12,-69,-153
IQ:31,256,255,-118,4
IQ:32,264,1,-14,-5
IQ:33,272,255,-29,-4
IQ:34,280,2,-85,66
IQ:35,288,255,84,105
SW:2
RR:3
SS:3
FR:2480
ME:52
MA:94
KE:17
KA:21
DF_END

Data arrived...
DF_BEGIN
IQ:0,0,11,88,140
IQ:1,8,11,124,-107
IQ:2,16,11,-115,-115
IQ:3,24,11,-102,136
IQ:4,32,11,150,85
IQ:5,40,11,75,-154
IQ:6,48,11,-145,-63
IQ:7,56,11,-51,160
IQ:8,72,12,152,-133
IQ:9,80,255,-106,-144
IQ:10,88,1,-104,67
IQ:11,96,255,47,71
IQ:12,104,2,-52,-28
IQ:13,112,255,-59,74
IQ:14,120,10,90,93
IQ:15,128,255,142,-59
IQ:16,136,3,50,-76
IQ:17,144,255,-40,-2
IQ:18,152,9,80,50
IQ:19,160,255,80,-60
IQ:20,168,4,6,-26
IQ:21,176,255,0,45
IQ:22,184,8,127,6
IQ:23,192,255,14,-150
IQ:24,200,7,-178,-66
IQ:25,208,255,-85,148
IQ:26,216,6,105,28
IQ:27,224,255,54,-114
IQ:28,232,5,-56,-45
IQ:29,240,255,2,94
IQ:30,248,12,190,61
IQ:31,256,255,60,-166
IQ:32,264,1,-117,-33
IQ:33,272,255,-32,86
IQ:34,280,2,-6,-66
IQ:35,288,255,-108,-5
SW:2
RR:3
SS:3
FR:2426
ME:359
MA:353
KE:15
KA:17
DF_END

Data arrived...
DF_BEGIN
IQ:0,0,11,-154,39
IQ:1,8,11,52,145
IQ:2,16,11,147,-64
IQ:3,24,11,-69,-142
IQ:4,32,11,-134,85
IQ:5,40,11,94,124
IQ:6,48,11,114,-108
IQ:7,56,11,-124,-103
IQ:8,72,12,123,178
IQ:9,80,255,186,-90
IQ:10,88,1,-30,-130
IQ:11,96,255,-87,26
IQ:12,104,2,61,1
IQ:13,112,255,-18,-97
IQ:14,120,10,-151,10
IQ:15,128,255,-27,162
IQ:16,136,3,66,58
IQ:17,144,255,-9,-69
IQ:18,152,9,-134,62
IQ:19,160,255,29,149
IQ:20,168,4,56,29
IQ:21,176,255,-34,-34
IQ:22,184,8,-61,141
IQ:23,192,255,157,77
IQ:24,200,7,135,-155
IQ:25,208,255,-131,-146
IQ:26,216,6,-92,94
IQ:27,224,255,94,95
IQ:28,232,5,67,-61
IQ:29,240,255,-103,-23
IQ:30,248,12,-76,201
IQ:31,256,255,176,91
IQ:32,264,1,88,-98
IQ:33,272,255,-79,-64
IQ:34,280,2,34,52
IQ:35,288,255,56,-69
SW:2
RR:3
SS:3
FR:2402
ME:359
MA:353
KE:13
KA:14
DF_END

Data arrived...
DF_BEGIN
IQ:0,0,11,4,154
IQ:1,8,11,160,-18
IQ:2,16,11,-17,-153
IQ:3,24,11,-139,48
IQ:4,32,11,67,137
IQ:5,40,11,133,-73
IQ:6,48,11,-98,-115
IQ:7,56,11,-113,105
IQ:8,72,12,120,-13
IQ:9,80,255,20,-83
IQ:10,88,1,16,5
IQ:11,96,255,31,-25
IQ:12,104,2,-20,-89
IQ:13,112,255,-87,13
IQ:14,120,10,6,132
IQ:15,128,255,99,17
IQ:16,136,3,-28,-19
IQ:17,144,255,-27,63
IQ:18,152,9,99,79
IQ:19,160,255,77,-54
IQ:20,168,4,-59,-14
IQ:21,176,255,-19,72
IQ:22,184,8,100,49
IQ:23,192,255,70,-95
IQ:24,200,7,-41,-126
IQ:25,208,255,-96,16
IQ:26,216,6,34,28
IQ:27,224,255,13,-19
IQ:28,232,5,-49,36
IQ:29,240,255,21,88
IQ:30,248,12,84,89
IQ:31,256,255,81,-28
IQ:32,264,1,1,7
IQ:33,272,255,41,6
IQ:34,280,2,63,-61
IQ:35,288,255,-86,-72
SW:2
RR:3
SS:3
FR:2480
ME:2
MA:353
KE:12
KA:11
DF_END

Data arrived...
DF_BEGIN
IQ:0,0,11,-41,-172
IQ:1,8,11,-159,61
IQ:2,16,11,82,148
IQ:3,24,11,144,-90
IQ:4,32,11,-123,-119
IQ:5,40,11,-117,130
IQ:6,48,11,134,104
IQ:7,56,11,79,-148
I