IQ:31,256,255,-54,-94
IQ:32,264,1,-13,-16
IQ:33,272,255,-6,-30
IQ:34,280,2,-94,-59
IQ:35,288,255,-62,117
SW:2
RR:3
SS:3
FR:2480
ME:55
MA:89
KE:22
KA:65
DF_END

Data arrived...
DF_BEGIN
IQ:0,0,11,146,81
IQ:1,8,11,60,-163
IQ:2,16,11,-171,-40
IQ:3,24,11,-26,178
IQ:4,32,11,177,11
IQ:5,40,11,-4,-186
IQ:6,48,11,-176,4
IQ:7,56,11,39,177
IQ:8,72,12,127,-219
IQ:9,80,255,-184,-124
IQ:10,88,1,-97,128
IQ:11,96,255,75,93
IQ:12,104,2,-49,32
IQ:13,112,255,-3,89
IQ:14,120,10,127,49
IQ:15,128,255,128,-106
IQ:16,136,3,47,-117
IQ:17,144,255,-62,-18
IQ:18,152,9,77,40
IQ:19,160,255,82,-90
IQ:20,168,4,20,-65
IQ:21,176,255,0,19
IQ:22,184,8,117,-49
IQ:23,192,255,-40,-161
IQ:24,200,7,-206,7
IQ:25,208,255,-3,188
IQ:26,216,6,130,7
IQ:27,224,255,24,-145
IQ:28,232,5,-83,-58
IQ:29,240,255,26,97
IQ:30,248,12,253,-16
IQ:31,256,255,14,-227
IQ:32,264,1,-160,-11
IQ:33,272,255,-21,112
IQ:34,280,2,-50,-23
IQ:35,288,255,-94,65
SW:2
RR:3
SS:3
FR:2426
ME:13
MA:108
KE:20
KA:70
DF_END

Data arrived...
DF_BEGIN
IQ:0,0,11,-134,-94
IQ:1,8,11,-75,142
IQ:2,16,11,154,62
IQ:3,24,11,36,-161
IQ:4,32,11,-164,-28
IQ:5,40,11,-23,159
IQ:6,48,11,164,8
IQ:7,56,11,-9,-172
IQ:8,72,12,-44,185
IQ:9,80,255,170,68
IQ:10,88,1,66,-94
IQ:11,96,255,-70,-46
IQ:12,104,2,48,48
IQ:13,112,255,59,-80
IQ:14,120,10,-120,-95
IQ:15,128,255,-130,87
IQ:16,136,3,18,68
IQ:17,144,255,39,-64
IQ:18,152,9,-137,-48
IQ:19,160,255,-70,121
IQ:20,168,4,8,24
IQ:21,176,255,-16,-57
IQ:22,184,8,-156,55
IQ:23,192,255,43,178
IQ:24,200,7,193,-9
IQ:25,208,255,3,-187
IQ:26,216,6,-127,4
IQ:27,224,255,-6,122
IQ:28,232,5,79,0
IQ:29,240,255,-58,-80
IQ:30,248,12,-191,81
IQ:31,256,255,36,185
IQ:32,264,1,114,9
IQ:33,272,255,-15,-80
IQ:34,280,2,-8,68
IQ:35,288,255,98,-12
SW:2
RR:3
SS:3
FR:2402
ME:359
MA:353
KE:18
KA:61
DF_END

Data arrived...
DF_BEGIN
IQ:0,0,11,-174,9
IQ:1,8,11,16,192
IQ:2,16,11,172,-32
IQ:3,24,11,-50,-172
IQ:4,32,11,-167,71
IQ:5,40,11,95,160
IQ:6,48,11,151,-92
IQ:7,56,11,-118,-132
IQ:8,72,12,7,160
IQ:9,80,255,127,42
IQ:10,88,1,21,-7
IQ:11,96,255,15,14
IQ:12,104,2,110,-11
IQ:13,112,255,-7,-101
IQ:14,120,10,-141,24
IQ:15,128,255,-25,116
IQ:16,136,3,39,-19
IQ:17,144,255,-49,-29
IQ:18,152,9,-97,119
IQ:19,160,255,61,103
IQ:20,168,4,17,-56
IQ:21,176,255,-70,-33
IQ:22,184,8,-79,113
IQ:23,192,255,114,100
IQ:24,200,7,183,-52
IQ:25,208,255,-19,-145
IQ:26,216,6,-55,32
IQ:27,224,255,16,35
IQ:28,232,5,-19,-57
IQ:29,240,255,-107,5
IQ:30,248,12,-139,92
IQ:31,256,255,31,123
IQ:32,264,1,23,15
IQ:33,272,255,5,24
IQ:34,280,2,74,77
IQ:35,288,255,88,-81
SW:2
RR:3
SS:3
FR:2480
ME:55
MA:89
KE:22
KA:65
DF_END

Data arrived...
DF_BEGIN
IQ:0,0,11,117,-150
IQ:1,8,11,-164,-83
IQ:2,16,11,-76,178
IQ:3,24,11,175,57
IQ:4,32,11,39,-182
IQ:5,40,11,-183,-12
IQ:6,48,11,13,196
IQ:7,56,11,190,-14
IQ:8,72,12,-221,-133
IQ:9,80,255,-135,187
IQ:10,88,1,124,112
IQ:11,96,255,106,-74
IQ:12,104,2,19,56
IQ:13,112,255,90,15
IQ:14,120,10,68,-126
IQ:15,128,255,-117,-135
IQ:16,136,3,-113,-51
IQ:17,144,255,-16,56
IQ:18,152,9,50,-82
IQ:19,160,255,-79,-92
IQ:20,168,4,-59,-29
IQ:21,176,255,22,-3
IQ:22,184,8,-38,-136
IQ:23,192,255,-172,31
IQ:24,200,7,-22,223
IQ:25,208,255,200,32
IQ:26,216,6,23,-137
IQ:27,224,255,-142,-43
IQ:28,232,5,-59,66
IQ:29,240,255,89,-23
IQ:30,248,12,-13,-253
IQ:31,256,255,-227,-7
IQ:32,264,1,-16,159
IQ:33,272,255,117,33
IQ:34,280,2,-33,46
IQ:35,288,255,58,99
SW:2
RR:3
SS:3
FR:2426
ME:10
MA:91
KE:20
KA:68
DF_END

Data arrived...
DF_BEGIN
IQ:0,0,11,-131,-75
IQ:1,8,11,-57,144
IQ:2,16,11,147,37
IQ:3,24,11,27,-148
IQ:4,32,11,-149,-25
IQ:5,40,11,-3,155
IQ:6,48,11,155,-8
IQ:7,56,11,-14,-152
IQ:8,72,12,-40,191
IQ:9,80,255,176,50
IQ:10,88,1,66,-102
IQ:11,96,255,-82,-46
IQ:12,104,2,45,41
IQ:13,112,255,45,-76
IQ:14,120,10,-120,-84
IQ:15,128,255,-125,101
IQ:16,136,3,21,85
IQ:17,144,255,38,-61
IQ:18,152,9,-137,-45
IQ:19,160,255,-86,114
IQ:20,168,4,11,39
IQ:21,176,255,-9,-50
IQ:22,184,8,-142,64
IQ:23,192,255,47,171
IQ:24,200,7,190,-15
IQ:25,208,255,6,-176
IQ:26,216,6,-120,1
IQ:27,224,255,-2,128
IQ:28,232,5,84,6
IQ:29,240,255,-48,-84
IQ:30,248,12,-186,67
IQ:31,256,255,42,179
IQ:32,264,1,115,0
IQ:33,272,255,-6,-88
IQ:34,280,2,-17,61
IQ:35,288,255,90,0
SW:2
RR:3
SS:3
FR:2402
ME:359
MA:353
KE:18
KA:59
DF_END

Data arrived...
DF_BEGIN
IQ:0,0,11,153,56
IQ:1,8,11,42,-166
IQ:2,16,11,-158,-26
IQ:3,24,11,-1,157
IQ:4,32,11,164,-10
IQ:5,40,11,-19,-166
IQ:6,48,11,-167,31
IQ:7,56,11,43,156
IQ:8,72,12,1,-202
IQ:9,80,255,-188,-20
IQ:10,88,1,-45,118
IQ:11,96,255,87,22
IQ:12,104,2,-68,-42
IQ:13,112,255,-36,90
IQ:14,120,10,134,60
IQ:15,128,255,97,-131
IQ:16,136,3,-45,-79
IQ:17,144,255,-40,82
IQ:18,152,9,144,27
IQ:19,160,255,58,-130
IQ:20,168,4,-37,-35
IQ:21,176,255,16,56
IQ:22,184,8,147,-79
IQ:23,192,255,-82,-165
IQ:24,200,7,-190,44
IQ:25,208,255,32,180
IQ:26,216,6,121,-34
IQ:27,224,255,-26,-134
IQ:28,232,5,-85,16
IQ:29,240,255,73,74
IQ:30,248,12,173,-114
IQ:31,256,255,-85,-177
IQ:32,264,1,-119,23
IQ:33,272,255,33,82
IQ:34,280,2,4,-82
IQ:35,288,255,-97,32
SW:2
RR:3
SS:3
FR:2402
ME:359
MA:353
KE:16
KA:50
DF_END

Data arrived...
DF_BEGIN
IQ:0,0,11,75,-174
IQ:1,8,11,-184,-68
IQ:2,16,11,-43,187
IQ:3,24,11,185,10
IQ:4,32,11,-10,-199
IQ:5,40,11,-184,13
IQ:6,48,11,46,187
IQ:7,56,11,183,-60
IQ:8,72,12,-131,-68
IQ:9,80,255,-78,84
IQ:10,88,1,-10,23
IQ:11,96,255,-20,19
IQ:12,104,2,-34,98
IQ:13,112,255,89,39
IQ:14,120,10,51,-159
IQ:15,128,255,-103,-88
IQ:16,136,3,7,34
IQ:17,144,255,58,-43
IQ:18,152,9,-48,-151
IQ:19,160,255,-126,6
IQ:20,168,4,46,31
IQ:21,176,255,61,-52
IQ:22,184,8,-62,-135
IQ:23,192,255,-142,59
IQ:24,200,7,-23,183
IQ:25,208,255,141,37
IQ:26,216,6,-7,-59
IQ:27,224,255,-36,-4
IQ:28,232,5,53,-16
IQ:29,240,255,24,-95
IQ:30,248,12,-26,-142
IQ:31,256,255,-116,-29
IQ:32,264,1,-26,4
IQ:33,272,255,-20,-8
IQ:34,280,2,-96,30
IQ:35,288,255,51,101
SW:2
RR:3
SS:3
FR:2480
ME:52
MA:89
KE:19
KA:55
DF_END

Data arrived...
DF_BEGIN
IQ:0,0,11,-183,41
IQ:1,8,11,53,175
IQ:2,16,11,155,-79
IQ:3,24,11,-107,-144
IQ:4,32,11,-139,123
IQ:5,40,11,124,131
IQ:6,48,11,120,-136
IQ:7,56,11,-146,-102
IQ:8,72,12,58,243
IQ:9,80,255,221,-38
IQ:10,88,1,4,-159
IQ:11,96,255,-121,-20
IQ:12,104,2,22,-56
IQ:13,112,255,-52,-71
IQ:14,120,10,-134,38
IQ:15,128,255,-6,180
IQ:16,136,3,46,127
IQ:17,144,255,54,-20
IQ:18,152,9,-83,22
IQ:19,160,255,-2,117
IQ:20,168,4,11,76
IQ:21,176,255,-13,-8
IQ:22,184,8,-65,125
IQ:23,192,255,145,79
IQ:24,200,7,146,-156
IQ:25,208,255,-124,-163
IQ:26,216,6,-107,77
IQ:27,224,255,72,118
IQ:28,232,5,85,4
IQ:29,240,255,-77,-34
IQ:30,248,12,-172,191
IQ:31,256,255,139,172
IQ:32,264,1,118,-102
IQ:33,272,255,-65,-105
IQ:34,280,2,42,-25
IQ:35,288,255,12,-105
SW:2
RR:3
SS:3
FR:2426
ME:16
MA:103
KE:19
KA:61
DF_END

Data arrived...
DF_BEGIN
IQ:0,0,11,90,-179
IQ:1,8,11,-184,-73
IQ:2,16,11,-55,190
IQ:3,24,11,199,35
IQ:4,32,11,23,-199
IQ:5,40,11,-194,8
IQ:6,48,11,16,200
IQ:7,56,11,194,-37
IQ:8,72,12,-141,-84
IQ:9,80,255,-82,88
IQ:10,88,1,4,19
IQ:11,96,255,-23,3
IQ:12,104,2,-66,102
IQ:13,112,255,96,59
IQ:14,120,10,69,-166
IQ:15,128,255,-96,-113
IQ:16,136,3,-11,51
IQ:17,144,255,68,-27
IQ:18,152,9,-44,-163
IQ:19,160,255,-147,-6
IQ:20,168,4,25,49
IQ:21,176,255,76,-34
IQ:22,184,8,-55,-148
IQ:23,192,255,-155,51
IQ:24,200,7,-15,192
IQ:25,208,255,159,42
IQ:26,216,6,-3,-69
IQ:27,224,255,-56,4
IQ:28,232,5,44,15
IQ:29,240,255,52,-87
IQ:30,248,12,-23,-159
IQ:31,256,255,-127,-24
IQ:32,264,1,-13,24
IQ:33,272,255,-5,-18
IQ:34,280,2,-113,0
IQ:35,288,255,24,132
SW:2
RR:3
SS:3
FR:2480
ME:356
MA:5
KE:16
KA:53
DF_END

Data arrived...
DF_BEGIN
IQ:0,0,11,-186,-36
IQ:1,8,11,-12,175
IQ:2,16,11,181,-17
IQ:3,24,11,-28,-175
IQ:4,32,11,-180,37
IQ:5,40,11,57,174
IQ:6,48,11,159,-78
IQ:7,56,11,-100,-151
IQ:8,72,12,-50,237
IQ:9,80,255,210,70
IQ:10,88,1,79,-151
IQ:11,96,255,-97,-75
IQ:12,104,2,42,-39
IQ:13,112,255,-26,-85
IQ:14,120,10,-147,-2
IQ:15,128,255,-72,168
IQ:16,136,3,-4,131
IQ:17,144,255,59,-8
IQ:18,152,9,-94,4
IQ:19,160,255,-55,113
IQ:20,168,4,-10,71
IQ:21,176,255,-3,-6
IQ:22,184,8,-120,95
IQ:23,192,255,97,148
IQ:24,200,7,185,-79
IQ:25,208,255,-66,-182
IQ:26,216,6,-123,33
IQ:27,224,255,14,148
IQ:28,232,5,86,38
IQ:29,240,255,-40,-73
IQ:30,248,12,-229,96
IQ:31,256,255,73,200
IQ:32,264,1,164,-44
IQ:33,272,255,-6,-124
IQ:34,280,2,53,13
IQ:35,288,255,71,-89
SW:2
RR:3
SS:3
FR:2426
ME:13
MA:100
KE:15
KA:58
DF_END

Data arrived...
DF_BEGIN
IQ:0,0,11,-110,114
IQ:1,8,11,129,96
IQ:2,16,11,100,-125
IQ:3,24,11,-133,-74
IQ:4,32,11,-62,143
IQ:5,40,11,156,44
IQ:6,48,11,40,-156
IQ:7,56,11,-161,-26
IQ:8,72,12,183,96
IQ:9,80,255,109,-164
IQ:10,88,1,-85,-97
IQ:11,96,255,-61,62
IQ:12,104,2,61,-44
IQ:13,112,255,-75,-78
IQ:14,120,10,-110,96
IQ:15,128,255,70,138
IQ:16,136,3,85,-2
IQ:17,144,255,-47,-60
IQ:18,152,9,-80,121
IQ:19,160,255,100,103
IQ:20,168,4,37,-9
IQ:21,176,255,-64,5
IQ:22,184,8,24,164
IQ:23,192,255,186,-11
IQ:24,200,7,30,-192
IQ:25,208,255,-174,-30
IQ:26,216,6,-10,127
IQ:27,224,255,127,24
IQ:28,232,5,17,-83
IQ:29,240,255,-101,39
IQ:30,248,12,30,210
IQ:31,256,255,191,10
IQ:32,264,1,32,-120
IQ:33,272,255,-83,-10
IQ:34,280,2,66,24
IQ:35,288,255,19,-101
SW:2
RR:3
SS:3
FR:2402
ME:359
MA:353
KE:13
KA:50
DF_END

Data arrived...
DF_BEGIN
IQ:0,0,11,182,75
IQ:1,8,11,49,-190
IQ:2,16,11,-180,-33
IQ:3,24,11,-15,189
IQ:4,32,11,193,-12
IQ:5,40,11,-38,-186
IQ:6,48,11,-180,66
IQ:7,56,11,71,187
IQ:8,72,12,58,-138
IQ:9,80,255,-96,-78
IQ:10,88,1,-20,8
IQ:11,96,255,-6,-19
IQ:12,104,2,-112,-46
IQ:13,112,255,-29,100
IQ:14,120,10,163,49
IQ:15,128,255,82,-120
IQ:16,136,3,-49,-1
IQ:17,144,255,36,59
IQ:18,152,9,150,-77
IQ:19,160,255,-21,-142
IQ:20,168,4,-47,37
IQ:21,176,255,39,71
IQ:22,184,8,131,-76
IQ:23,192,255,-75,-144
IQ:24,200,7,-189,0
IQ:25,208,255,-34,146
IQ:26,216,6,58,-11
IQ:27,224,255,-7,-52
IQ:28,232,5,-15,50
IQ:29,240,255,86,42
IQ:30,248,12,152,-34
IQ:31,256,255,2,-120
IQ:32,264,1,-15,-16
IQ:33,272,255,8,-19
IQ:34,280,2,-22,-108
IQ:35,288,255,-124,47
SW:2
RR:3
SS:3
FR:2480
ME:356
MA:5
KE:11
KA:43
DF_END

Data arrived...
DF_BEGIN
IQ:0,0,11,-61,174
IQ:1,8,11,167,42
IQ:2,16,11,6,-173
IQ:3,24,11,-180,-3
IQ:4,32,11,3,169
IQ:5,40,11,177,-45
IQ:6,48,11,-46,-171
IQ:7,56,11,-159,63
IQ:8,72,12,241,84
IQ:9,80,255,98,-200
IQ:10,88,1,-145,-86
IQ:11,96,255,-81,97
IQ:12,104,2,-39,-32
IQ:13,112,255,-78,5
IQ:14,120,10,-35,134
IQ:15,128,255,144,106
IQ:16,136,3,136,24
IQ:17,144,255,5,-74
IQ:18,152,9,-21,81
IQ:19,160,255,99,70
IQ:20,168,4,85,18
IQ:21,176,255,-3,-5
IQ:22,184,8,76,125
IQ:23,192,255,158,-65
IQ:24,200,7,-37,-206
IQ:25,208,255,-197,7
IQ:26,216,6,9,121
IQ:27,224,255,151,1
IQ:28,232,5,66,-84
IQ:29,240,255,-74,30
IQ:30,248,12,78,253
IQ:31,256,255,208,-50
IQ:32,264,1,-31,-174
IQ:33,272,255,-143,-12
IQ:34,280,2,5,-43
IQ:35,288,255,-78,-59
SW:2
RR:3
SS:3
FR:2426
ME:16
MA:103
KE:12
KA:50
DF_END

Data arrived...
DF_BEGIN
IQ:0,0,11,-27,-157
IQ:1,8,11,-155,32
IQ:2,16,11,52,145
IQ:3,24,11,142,-70
IQ:4,32,11,-82,-140
IQ:5,40,11,-129,94
IQ:6,48,11,101,118
IQ:7,56,11,109,-119
IQ:8,72,12,-186,89
IQ:9,80,255,68,177
IQ:10,88,1,118,-20
IQ:11,96,255,-28,-86
IQ:12,104,2,6,68
IQ:13,112,255,100,-11
IQ:14,120,10,-1,-142
IQ:15,128,255,-153,-27
IQ:16,136,3,-42,66
IQ:17,144,255,75,-9
IQ:18,152,9,-55,-134
IQ:19,160,255,-140,15
IQ:20,168,4,-13,34
IQ:21,176,255,33,-47
IQ:22,184,8,-139,-77
IQ:23,192,255,-106,150
IQ:24,200,7,131,141
IQ:25,208,255,134,-124
IQ:26,216,6,-83,-98
IQ:27,224,255,-90,88
IQ:28,232,5,53,68
IQ:29,240,255,32,-98
IQ:30,248,12,-183,-106
IQ:31,256,255,-101,156
IQ:32,264,1,88,88
IQ:33,272,255,62,-65
IQ:34,280,2,-57,44
IQ:35,288,255,70,73
SW:2
RR:3
SS:3
FR:2402
ME:359
MA:353
KE:10
KA:42
DF_END

Data arrived...
DF_BEGIN
IQ:0,0,11,112,-114
IQ:1,8,11,-120,-108
IQ:2,16,11,-95,128
IQ:3,24,11,136,88
IQ:4,32,11,67,-144
IQ:5,40,11,-150,-47
IQ:6,48,11,-31,157
IQ:7,56,11,161,38
IQ:8,72,12,-169,-106
IQ:9,80,255,-107,147
IQ:10,88,1,80,78
IQ:11,96,255,55,-61
IQ:12,104,2,-56,46
IQ:13,112,255,64,88
IQ:14,120,10,116,-85
IQ:15,128,255,-68,-136
IQ:16,136,3,-78,3
IQ:17,144,255,62,53
IQ:18,152,9,89,-119
IQ:19,160,255,-87,-114
IQ:20,168,4,-33,12
IQ:21,176,255,59,-4
IQ:22,184,8,-27,-164
IQ:23,192,255,-180,17
IQ:24,200,7,-44,192
IQ:25,208,255,169,59
IQ:26,216,6,18,-121
IQ:27,224,255,-125,-20
IQ:28,232,5,-7,81
IQ:29,240,255,98,-45
IQ:30,248,12,-13,-210
IQ:31,256,255,-183,-12
IQ:32,264,1,-26,106
IQ:33,272,255,79,1
IQ:34,280,2,-66,-31
IQ:35,288,255,-22,99
SW:2
RR:3
SS:3
FR:2402
ME:359
MA:353
KE:8
KA:35
DF_END

Data arrived...
DF_BEGIN
IQ:0,0,11,146,17
IQ:1,8,11,15,-156
IQ:2,16,11,-146,-4
IQ:3,24,11,14,137
IQ:4,32,11,145,-40
IQ:5,40,11,-51,-141
IQ:6,48,11,-136,57
IQ:7,56,11,80,125
IQ:8,72,12,16,-114
IQ:9,80,255,-84,-42
IQ:10,88,1,-9,0
IQ:11,96,255,-15,-21
IQ:12,104,2,-92,-6
IQ:13,112,255,-3,77
IQ:14,120,10,134,-3
IQ:15,128,255,35,-102
IQ:16,136,3,-40,13
IQ:17,144,255,41,39
IQ:18,152,9,108,-72
IQ:19,160,255,-39,-97
IQ:20,168,4,-31,41
IQ:21,176,255,49,40
IQ:22,184,8,82,-85
IQ:23,192,255,-73,-100
IQ:24,200,7,-135,28
IQ:25,208,255,11,105
IQ:26,216,6,39,-27
IQ:27,224,255,-16,-34
IQ:28,232,5,2,35
IQ:29,240,255,74,2
IQ:30,248,12,99,-56
IQ:31,256,255,-18,-88
IQ:32,264,1,-8,-12
IQ:33,272,255,8,-21
IQ:34,280,2,-47,-76
IQ:35,288,255,-85,57
SW:2
RR:3
SS:3
FR:2480
ME:58
MA:86
KE:13
KA:41
DF_END

Data arrived...
DF_BEGIN
IQ:0,0,11,-123,80
IQ:1,8,11,93,107
IQ:2,16,11,98,-102
IQ:3,24,11,-119,-89
IQ:4,32,11,-76,122
IQ:5,40,11,135,72
IQ:6,48,11,55,-137
IQ:7,56,11,-140,-42
IQ:8,72,12,110,157
IQ:9,80,255,145,-104
IQ:10,88,1,-53,-122
IQ:11,96,255,-102,33
IQ:12,104,2,8,-33
IQ:13,112,255,-58,-46
IQ:14,120,10,-92,73
IQ:15,128,255,34,147
IQ:16,136,3,74,72
IQ:17,144,255,26,-45
IQ:18,152,9,-61,52
IQ:19,160,255,38,87
IQ:20,168,4,43,30
IQ:21,176,255,-22,-17
IQ:22,184,8,-20,115
IQ:23,192,255,138,25
IQ:24,200,7,65,-158
IQ:25,208,255,-142,-75
IQ:26,216,6,-56,87
IQ:27,224,255,99,68
IQ:28,232,5,64,-37
IQ:29,240,255,-77,-15
IQ:30,248,12,-56,181
IQ:31,256,255,160,64
IQ:32,264,1,61,-116
IQ:33,272,255,-79,-59
IQ:34,280,2,37,-7
IQ:35,288,255,-3,-84
SW:2
RR:3
SS:3
FR:2426
ME:7
MA:91
KE:12
KA:48
DF_END

Data arrived...
DF_BEGIN
IQ:0,0,11,150,-9
IQ:1,8,11,-18,-150
IQ:2,16,11,-147,34
IQ:3,24,11,53,137
IQ:4,32,11,141,-62
IQ:5,40,11,-78,-132
IQ:6,48,11,-125,80
IQ:7,56,11,87,114
IQ:8,72,12,-56,-187
IQ:9,80,255,-185,55
IQ:10,88,1,0,127
IQ:11,96,255,87,-9
IQ:12,104,2,-64,-13
IQ:13,112,255,-4,95
IQ:14,120,10,128,-3
IQ:15,128,255,38,-144
IQ:16,136,3,-52,-60
IQ:17,144,255,-1,66
IQ:18,152,9,132,-30
IQ:19,160,255,2,-136
IQ:20,168,4,-28,-22
IQ:21,176,255,35,30
IQ:22,184,8,75,-130
IQ:23,192,255,-138,-105
IQ:24,200,7,-145,117
IQ:25,208,255,98,137
IQ:26,216,6,98,-73
IQ:27,224,255,-61,-102
IQ:28,232,5,-72,43
IQ:29,240,255,87,37
IQ:30,248,12,116,-160
IQ:31,256,255,-134,-129
IQ:32,264,1,-106,70
IQ:33,272,255,57,75
IQ:34,280,2,-24,-55
IQ:35,288,255,-72,68
SW:2
RR:3
SS:3
FR:2402
ME:359
MA:353
KE:11
KA:40
DF_END

Data arrived...
DF_BEGIN
IQ:0,0,11,-35,-145
IQ:1,8,11,-136,41
IQ:2,16,11,58,136
IQ:3,24,11,127,-77
IQ:4,32,11,-86,-120
IQ:5,40,11,-101,102
IQ:6,48,11,119,94
IQ:7,56,11,83,-127
IQ:8,72,12,-113,23
IQ:9,80,255,-4,83
IQ:10,88,1,1,-3
IQ:11,96,255,-18,26
IQ:12,104,2,35,96
IQ:13,112,255,85,-27
IQ:14,120,10,-49,-121
IQ:15,128,255,-101,4
IQ:16,136,3,39,31
IQ:17,144,255,24,-69
IQ:18,152,9,-122,-56
IQ:19,160,255,-73,77
IQ:20,168,4,57,12
IQ:21,176,255,18,-75
IQ:22,184,8,-110,-37
IQ:23,192,255,-57,114
IQ:24,200,7,84,103
IQ:25,208,255,89,-48
IQ:26,216,6,-37,-25
IQ:27,224,255,-10,30
IQ:28,232,5,48,-26
IQ:29,240,255,-22,-85
IQ:30,248,12,-83,-78
IQ:31,256,255,-71,38
IQ:32,264,1,1,-1
IQ:33,272,255,-26,-4
IQ:34,280,2,-63,72
IQ:35,288,255,92,49
SW:2
RR:3
SS:3
FR:2480
ME:359
MA:5
KE:9
KA:34
DF_END

Data arrived...
DF_BEGIN
IQ:0,0,11,142,-106
IQ:1,8,11,-121,-132
IQ:2,16,11,-116,136
IQ:3,24,11,142,107
IQ:4,32,11,86,-154
IQ:5,40,11,-160,-76
IQ:6,48,11,-51,167
IQ:7,56,11,167,36
IQ:8,72,12,-127,-211
IQ:9,80,255,-192,104
IQ:10,88,1,75,161
IQ:11,96,255,129,-31
IQ:12,104,2,-7,58
IQ:13,112,255,72,46
IQ:14,120,10,96,-101
IQ:15,128,255,-56,-173
IQ:16,136,3,-93,-96
IQ:17,144,255,-40,49
IQ:18,152,9,61,-60
IQ:19,160,255,-54,-108
IQ:20,168,4,-53,-67
IQ:21,176,255,7,-1
IQ:22,184,8,21,-148
IQ:23,192,255,-166,-33
IQ:24,200,7,-83,196
IQ:25,208,255,163,98
IQ:26,216,6,67,-110
IQ:27,224,255,-114,-91
IQ:28,232,5,-91,33
IQ:29,240,255,79,18
IQ:30,248,12,93,-231
IQ:31,256,255,-198,-97
IQ:32,264,1,-88,153
IQ:33,272,255,99,94
IQ:34,280,2,-51,25
IQ:35,288,255,17,107
SW:2
RR:3
SS:3
FR:2426
ME:10
MA:91
KE:9
KA:41
DF_END

Data arrived...
DF_BEGIN
IQ:0,0,11,57,136
IQ:1,8,11,143,-73
IQ:2,16,11,-75,-139
IQ:3,24,11,-119,93
IQ:4,32,11,98,121
IQ:5,40,11,108,-109
IQ:6,48,11,-126,-107
IQ:7,56,11,-87,124
IQ:8,72,12,148,-147
IQ:9,80,255,-117,-157
IQ:10,88,1,-119,40
IQ:11,96,255,31,88
IQ:12,104,2,-7,-57
IQ:13,112,255,-83,23
IQ:14,120,10,34,138
IQ:15,128,255,147,14
IQ:16,136,3,38,-71
IQ:17,144,255,-66,18
IQ:18,152,9,59,115
IQ:19,160,255,123,-38
IQ:20,168,4,11,-35
IQ:21,176,255,-24,48
IQ:22,184,8,144,29
IQ:23,192,255,67,-164
IQ:24,200,7,-139,-118
IQ:25,208,255,-116,137
IQ:26,216,6,101,73
IQ:27,224,255,75,-101
IQ:28,232,5,-65,-55
IQ:29,240,255,-3,101
IQ:30,248,12,205,57
IQ:31,256,255,93,-174
IQ:32,264,1,-95,-75
IQ:33,272,255,-45,73