DF_END

Data arrived...
DF_BEGIN
IQ:0,0,11,-11,-182
IQ:1,8,11,-180,33
IQ:2,16,11,48,177
IQ:3,24,11,161,-70
IQ:4,32,11,-83,-157
IQ:5,40,11,-144,110
IQ:6,48,11,108,143
IQ:7,56,11,140,-116
IQ:8,72,12,-150,149
IQ:9,80,255,163,117
IQ:10,88,1,101,-200
IQ:11,96,255,-182,-90
IQ:12,104,2,-6,137
IQ:13,112,255,174,-1
IQ:14,120,10,35,-181
IQ:15,128,255,-154,-13
IQ:16,136,3,85,166
IQ:17,144,255,191,-77
IQ:18,152,9,-57,-174
IQ:19,160,255,-194,84
IQ:20,168,4,69,242
IQ:21,176,255,221,-68
IQ:22,184,8,-108,-176
IQ:23,192,255,-157,134
IQ:24,200,7,162,124
IQ:25,208,255,129,-157
IQ:26,216,6,-152,-123
IQ:27,224,255,-124,153
IQ:28,232,5,123,119
IQ:29,240,255,67,-142
IQ:30,248,12,-199,-56
IQ:31,256,255,-38,204
IQ:32,264,1,229,20
IQ:33,272,255,37,-203
IQ:34,280,2,-119,51
IQ:35,288,255,72,156
SW:2
RR:3
SS:3
FR:2402
ME:2
MA:353
KE:1
KA:353
DF_END

Data arrived...
DF_BEGIN
IQ:0,0,11,-158,98
IQ:1,8,11,103,142
IQ:2,16,11,126,-122
IQ:3,24,11,-124,-117
IQ:4,32,11,-98,143
IQ:5,40,11,152,102
IQ:6,48,11,85,-160
IQ:7,56,11,-162,-81
IQ:8,72,12,166,59
IQ:9,80,255,2,-180
IQ:10,88,1,-271,-30
IQ:11,96,255,-37,189
IQ:12,104,2,77,-174
IQ:13,112,255,-199,-163
IQ:14,120,10,-225,81
IQ:15,128,255,104,169
IQ:16,136,3,214,-261
IQ:17,144,255,-193,-250
IQ:18,152,9,-186,160
IQ:19,160,255,198,193
IQ:20,168,4,294,-141
IQ:21,176,255,-108,-207
IQ:22,184,8,-175,170
IQ:23,192,255,150,146
IQ:24,200,7,66,-195
IQ:25,208,255,-197,-62
IQ:26,216,6,-52,173
IQ:27,224,255,185,64
IQ:28,232,5,80,-108
IQ:29,240,255,-125,-23
IQ:30,248,12,-7,158
IQ:31,256,255,169,-53
IQ:32,264,1,-55,-263
IQ:33,272,255,-180,37
IQ:34,280,2,177,14
IQ:35,288,255,70,-211
SW:2
RR:3
SS:3
FR:2426
ME:2
MA:353
KE:1
KA:353
DF_END

Data arrived...
DF_BEGIN
IQ:0,0,11,-37,165
IQ:1,8,11,159,16
IQ:2,16,11,-3,-170
IQ:3,24,11,-171,26
IQ:4,32,11,31,160
IQ:5,40,11,166,-46
IQ:6,48,11,-66,-151
IQ:7,56,11,-146,86
IQ:8,72,12,141,-80
IQ:9,80,255,-126,-110
IQ:10,88,1,-162,174
IQ:11,96,255,114,124
IQ:12,104,2,-54,-129
IQ:13,112,255,-199,21
IQ:14,120,10,-86,192
IQ:15,128,255,148,18
IQ:16,136,3,-97,-249
IQ:17,144,255,-260,34
IQ:18,152,9,4,211
IQ:19,160,255,220,-23
IQ:20,168,4,31,-277
IQ:21,176,255,-225,-35
IQ:22,184,8,25,203
IQ:23,192,255,179,-47
IQ:24,200,7,-103,-144
IQ:25,208,255,-135,114
IQ:26,216,6,109,130
IQ:27,224,255,138,-101
IQ:28,232,5,-59,-122
IQ:29,240,255,-78,89
IQ:30,248,12,134,93
IQ:31,256,255,59,-155
IQ:32,264,1,-222,-68
IQ:33,272,255,-74,161
IQ:34,280,2,97,-98
IQ:35,288,255,-97,-173
SW:2
RR:3
SS:3
FR:2426
ME:5
MA:353
KE:1
KA:353
DF_END

Data arrived...
DF_BEGIN
IQ:0,0,11,-121,-114
IQ:1,8,11,-104,128
IQ:2,16,11,143,90
IQ:3,24,11,76,-152
IQ:4,32,11,-160,-67
IQ:5,40,11,-67,156
IQ:6,48,11,157,64
IQ:7,56,11,29,-161
IQ:8,72,12,-11,187
IQ:9,80,255,182,-12
IQ:10,88,1,-25,-193
IQ:11,96,255,-186,12
IQ:12,104,2,56,113
IQ:13,112,255,134,-88
IQ:14,120,10,-71,-155
IQ:15,128,255,-126,77
IQ:16,136,3,134,91
IQ:17,144,255,108,-148
IQ:18,152,9,-139,-104
IQ:19,160,255,-105,154
IQ:20,168,4,170,146
IQ:21,176,255,111,-159
IQ:22,184,8,-176,-60
IQ:23,192,255,-54,174
IQ:24,200,7,179,17
IQ:25,208,255,-2,-187
IQ:26,216,6,-175,1
IQ:27,224,255,-5,180
IQ:28,232,5,150,5
IQ:29,240,255,-32,-150
IQ:30,248,12,-175,57
IQ:31,256,255,80,169
IQ:32,264,1,169,-100
IQ:33,272,255,-90,-156
IQ:34,280,2,-74,104
IQ:35,288,255,137,83
SW:2
RR:3
SS:3
FR:2402
ME:359
MA:5
KE:1
KA:354
DF_END

Data arrived...
DF_BEGIN
IQ:0,0,11,153,-145
IQ:1,8,11,-132,-151
IQ:2,16,11,-96,147
IQ:3,24,11,186,84
IQ:4,32,11,88,-192
IQ:5,40,11,-172,-69
IQ:6,48,11,-34,184
IQ:7,56,11,213,20
IQ:8,72,12,-282,-45
IQ:9,80,255,-46,265
IQ:10,88,1,200,27
IQ:11,96,255,29,-214
IQ:12,104,2,-154,1
IQ:13,112,255,60,166
IQ:14,120,10,232,-46
IQ:15,128,255,-34,-197
IQ:16,136,3,-120,127
IQ:17,144,255,170,187
IQ:18,152,9,266,-66
IQ:19,160,255,-104,-186
IQ:20,168,4,-188,255
IQ:21,176,255,214,142
IQ:22,184,8,8,-321
IQ:23,192,255,-307,-74
IQ:24,200,7,-42,114
IQ:25,208,255,185,-7
IQ:26,216,6,29,-240
IQ:27,224,255,-238,-51
IQ:28,232,5,-45,158
IQ:29,240,255,165,-30
IQ:30,248,12,-83,-284
IQ:31,256,255,-274,35
IQ:32,264,1,44,191
IQ:33,272,255,186,-81
IQ:34,280,2,-52,-160
IQ:35,288,255,-102,100
SW:2
RR:3
SS:3
FR:2480
ME:359
MA:353
KE:1
KA:354
DF_END

Data arrived...
DF_BEGIN
IQ:0,0,11,202,18
IQ:1,8,11,7,-206
IQ:2,16,11,-202,3
IQ:3,24,11,54,178
IQ:4,32,11,191,-85
IQ:5,40,11,-70,-196
IQ:6,48,11,-180,88
IQ:7,56,11,116,157
IQ:8,72,12,-138,-243
IQ:9,80,255,-243,119
IQ:10,88,1,109,177
IQ:11,96,255,159,-111
IQ:12,104,2,-114,-134
IQ:13,112,255,-107,140
IQ:14,120,10,157,147
IQ:15,128,255,93,-171
IQ:16,136,3,-183,-11
IQ:17,144,255,-28,257
IQ:18,152,9,218,153
IQ:19,160,255,51,-206
IQ:20,168,4,-315,8
IQ:21,176,255,3,244
IQ:22,184,8,221,-222
IQ:23,192,255,-171,-265
IQ:24,200,7,-152,20
IQ:25,208,255,103,124
IQ:26,216,6,187,-141
IQ:27,224,255,-116,-209
IQ:28,232,5,-171,60
IQ:29,240,255,110,105
IQ:30,248,12,156,-226
IQ:31,256,255,-210,-181
IQ:32,264,1,-120,159
IQ:33,272,255,175,91
IQ:34,280,2,78,-137
IQ:35,288,255,-154,-32
SW:2
RR:3
SS:3
FR:2480
ME:2
MA:5
KE:1
KA:355
DF_END

Data arrived...
DF_BEGIN
IQ:0,0,11,-81,-154
IQ:1,8,11,-145,69
IQ:2,16,11,103,130
IQ:3,24,11,120,-120
IQ:4,32,11,-117,-114
IQ:5,40,11,-90,139
IQ:6,48,11,127,96
IQ:7,56,11,65,-146
IQ:8,72,12,-55,159
IQ:9,80,255,176,27
IQ:10,88,1,15,-232
IQ:11,96,255,-184,-19
IQ:12,104,2,120,38
IQ:13,112,255,115,-155
IQ:14,120,10,-40,-202
IQ:15,128,255,-137,63
IQ:16,136,3,225,115
IQ:17,144,255,162,-189
IQ:18,152,9,-134,-139
IQ:19,160,255,-150,154
IQ:20,168,4,172,235
IQ:21,176,255,192,-107
IQ:22,184,8,-143,-113
IQ:23,192,255,-114,148
IQ:24,200,7,141,59
IQ:25,208,255,48,-160
IQ:26,216,6,-167,-49
IQ:27,224,255,-42,174
IQ:28,232,5,127,60
IQ:29,240,255,16,-124
IQ:30,248,12,-177,-3
IQ:31,256,255,33,157
IQ:32,264,1,222,-79
IQ:33,272,255,-38,-170
IQ:34,280,2,9,134
IQ:35,288,255,179,56
SW:2
RR:3
SS:3
FR:2426
ME:5
MA:353
KE:1
KA:355
DF_END

Data arrived...
DF_BEGIN
IQ:0,0,11,-127,153
IQ:1,8,11,156,119
IQ:2,16,11,106,-159
IQ:3,24,11,-172,-82
IQ:4,32,11,-72,185
IQ:5,40,11,185,50
IQ:6,48,11,45,-192
IQ:7,56,11,-190,-22
IQ:8,72,12,220,-14
IQ:9,80,255,-49,-203
IQ:10,88,1,-232,73
IQ:11,96,255,39,212
IQ:12,104,2,123,-97
IQ:13,112,255,-131,-143
IQ:14,120,10,-178,107
IQ:15,128,255,111,133
IQ:16,136,3,104,-190
IQ:17,144,255,-199,-107
IQ:18,152,9,-113,180
IQ:19,160,255,207,92
IQ:20,168,4,145,-230
IQ:21,176,255,-196,-128
IQ:22,184,8,-53,221
IQ:23,192,255,219,41
IQ:24,200,7,-21,-210
IQ:25,208,255,-222,5
IQ:26,216,6,-2,212
IQ:27,224,255,208,-6
IQ:28,232,5,-3,-187
IQ:29,240,255,-167,41
IQ:30,248,12,93,205
IQ:31,256,255,193,-96
IQ:32,264,1,-139,-193
IQ:33,272,255,-174,132
IQ:34,280,2,138,70
IQ:35,288,255,79,-168
SW:2
RR:3
SS:3
FR:2402
ME:2
MA:353
KE:1
KA:355
DF_END

Data arrived...
DF_BEGIN
IQ:0,0,11,-44,219
IQ:1,8,11,217,30
IQ:2,16,11,6,-223
IQ:3,24,11,-220,26
IQ:4,32,11,35,214
IQ:5,40,11,204,-57
IQ:6,48,11,-71,-206
IQ:7,56,11,-195,93
IQ:8,72,12,274,-127
IQ:9,80,255,-113,-268
IQ:10,88,1,-214,65
IQ:11,96,255,98,183
IQ:12,104,2,169,-99
IQ:13,112,255,-149,-100
IQ:14,120,10,-170,189
IQ:15,128,255,163,153
IQ:16,136,3,53,-189
IQ:17,144,255,-280,-57
IQ:18,152,9,-209,223
IQ:19,160,255,218,99
IQ:20,168,4,59,-327
IQ:21,176,255,-247,-13
IQ:22,184,8,163,265
IQ:23,192,255,302,-119
IQ:24,200,7,-26,-184
IQ:25,208,255,-174,76
IQ:26,216,6,113,233
IQ:27,224,255,249,-81
IQ:28,232,5,-37,-161
IQ:29,240,255,-131,104
IQ:30,248,12,199,211
IQ:31,256,255,205,-205
IQ:32,264,1,-154,-149
IQ:33,272,255,-143,168
IQ:34,280,2,140,111
IQ:35,288,255,66,-157
SW:2
RR:3
SS:3
FR:2480
ME:359
MA:353
KE:1
KA:354
DF_END

Data arrived...
DF_BEGIN
IQ:0,0,11,-194,-99
IQ:1,8,11,-86,208
IQ:2,16,11,212,78
IQ:3,24,11,61,-226
IQ:4,32,11,-226,-23
IQ:5,40,11,-1,221
IQ:6,48,11,220,-37
IQ:7,56,11,-31,-231
IQ:8,72,12,59,306
IQ:9,80,255,282,-32
IQ:10,88,1,-24,-226
IQ:11,96,255,-207,21
IQ:12,104,2,49,179
IQ:13,112,255,155,-125
IQ:14,120,10,-155,-213
IQ:15,128,255,-203,123
IQ:16,136,3,161,90
IQ:17,144,255,124,-245
IQ:18,152,9,-186,-262
IQ:19,160,255,-151,185
IQ:20,168,4,296,105
IQ:21,176,255,73,-272
IQ:22,184,8,-290,97
IQ:23,192,255,34,306
IQ:24,200,7,178,24
IQ:25,208,255,-35,-195
IQ:26,216,6,-255,52
IQ:27,224,255,35,255
IQ:28,232,5,159,-2
IQ:29,240,255,-88,-142
IQ:30,248,12,-269,164
IQ:31,256,255,139,256
IQ:32,264,1,188,-108
IQ:33,272,255,-138,-170
IQ:34,280,2,-143,120
IQ:35,288,255,135,101
SW:2
RR:3
SS:3
FR:2480
ME:359
MA:353
KE:1
KA:354
DF_END

Data arrived...
DF_BEGIN
IQ:0,0,11,-152,31
IQ:1,8,11,56,151
IQ:2,16,11,144,-74
IQ:3,24,11,-76,-154
IQ:4,32,11,-141,90
IQ:5,40,11,104,123
IQ:6,48,11,114,-109
IQ:7,56,11,-119,-117
IQ:8,72,12,133,97
IQ:9,80,255,60,-150
IQ:10,88,1,-217,-72
IQ:11,96,255,-69,155
IQ:12,104,2,115,-82
IQ:13,112,255,-90,-171
IQ:14,120,10,-199,-15
IQ:15,128,255,33,149
IQ:16,136,3,198,-153
IQ:17,144,255,-117,-214
IQ:18,152,9,-173,77
IQ:19,160,255,117,174
IQ:20,168,4,254,-73
IQ:21,176,255,-55,-197
IQ:22,184,8,-158,111
IQ:23,192,255,116,133
IQ:24,200,7,104,-129
IQ:25,208,255,-128,-106
IQ:26,216,6,-73,142
IQ:27,224,255,154,80
IQ:28,232,5,76,-114
IQ:29,240,255,-133,-44
IQ:30,248,12,-33,161
IQ:31,256,255,158,1
IQ:32,264,1,-33,-216
IQ:33,272,255,-170,5
IQ:34,280,2,120,72
IQ:35,288,255,123,-143
SW:2
RR:3
SS:3
FR:2426
ME:2
MA:353
KE:1
KA:354
DF_END

Data arrived...
DF_BEGIN
IQ:0,0,11,138,78
IQ:1,8,11,64,-139
IQ:2,16,11,-153,-46
IQ:3,24,11,-30,160
IQ:4,32,11,153,14
IQ:5,40,11,3,-158
IQ:6,48,11,-164,0
IQ:7,56,11,14,158
IQ:8,72,12,-66,-168
IQ:9,80,255,-165,78
IQ:10,88,1,96,165
IQ:11,96,255,153,-73
IQ:12,104,2,-99,-70
IQ:13,112,255,-93,130
IQ:14,120,10,107,128
IQ:15,128,255,93,-109
IQ:16,136,3,-158,-40
IQ:17,144,255,-49,173
IQ:18,152,9,152,55
IQ:19,160,255,43,-176
IQ:20,168,4,-204,-73
IQ:21,176,255,-55,175
IQ:22,184,8,182,-3
IQ:23,192,255,-9,-184
IQ:24,200,7,-162,57
IQ:25,208,255,50,179
IQ:26,216,6,163,-41
IQ:27,224,255,-56,-160
IQ:28,232,5,-136,49
IQ:29,240,255,79,117
IQ:30,248,12,131,-124
IQ:31,256,255,-130,-120
IQ:32,264,1,-122,148
IQ:33,272,255,122,120
IQ:34,280,2,38,-123
IQ:35,288,255,-150,-39
SW:2
RR:3
SS:3
FR:2402
ME:2
MA:353
KE:1
KA:354
DF_END

Data arrived...
DF_BEGIN
IQ:0,0,11,-79,191
IQ:1,8,11,189,51
IQ:2,16,11,60,-199
IQ:3,24,11,-201,-21
IQ:4,32,11,-8,194
IQ:5,40,11,208,-10
IQ:6,48,11,-38,-208
IQ:7,56,11,-204,39
IQ:8,72,12,267,-75
IQ:9,80,255,-63,-277
IQ:10,88,1,-215,17
IQ:11,96,255,57,197
IQ:12,104,2,148,-63
IQ:13,112,255,-116,-142
IQ:14,120,10,-200,126
IQ:15,128,255,130,159
IQ:16,136,3,69,-191
IQ:17,144,255,-248,-129
IQ:18,152,9,-220,173
IQ:19,160,255,167,126
IQ:20,168,4,97,-306
IQ:21,176,255,-250,-106
IQ:22,184,8,106,265
IQ:23,192,255,301,-61
IQ:24,200,7,13,-160
IQ:25,208,255,-183,50
IQ:26,216,6,73,226
IQ:27,224,255,235,-48
IQ:28,232,5,-4,-167
IQ:29,240,255,-137,86
IQ:30,248,12,180,236
IQ:31,256,255,244,-148
IQ:32,264,1,-121,-174
IQ:33,272,255,-168,113
IQ:34,280,2,111,110
IQ:35,288,255,83,-139
SW:2
RR:3
SS:3
FR:2480
ME:359
MA:353
KE:1
KA:354
DF_END

Data arrived...
DF_BEGIN
IQ:0,0,11,160,70
IQ:1,8,11,39,-178
IQ:2,16,11,-181,-28
IQ:3,24,11,-6,184
IQ:4,32,11,176,-15
IQ:5,40,11,-29,-170
IQ:6,48,11,-172,51
IQ:7,56,11,46,171
IQ:8,72,12,-76,-190
IQ:9,80,255,-151,128
IQ:10,88,1,210,219
IQ:11,96,255,182,-150
IQ:12,104,2,-191,76
IQ:13,112,255,29,262
IQ:14,120,10,210,89
IQ:15,128,255,23,-191
IQ:16,136,3,-347,88
IQ:17,144,255,13,329
IQ:18,152,9,220,-31
IQ:19,160,255,-48,-277
IQ:20,168,4,-356,-91
IQ:21,176,255,-59,267
IQ:22,184,8,270,-42
IQ:23,192,255,-38,-249
IQ:24,200,7,-174,103
IQ:25,208,255,114,167
IQ:26,216,6,169,-131
IQ:27,224,255,-116,-184
IQ:28,232,5,-193,52
IQ:29,240,255,76,143
IQ:30,248,12,159,-131
IQ:31,256,255,-160,-104
IQ:32,264,1,-112,278
IQ:33,272,255,198,92
IQ:34,280,2,-134,-152
IQ:35,288,255,-229,83
SW:2
RR:3
SS:3
FR:2426
ME:2
MA:353
KE:1
KA:354
DF_END

Data arrived...
DF_BEGIN
IQ:0,0,11,134,-83
IQ:1,8,11,-90,-133
IQ:2,16,11,-124,101
IQ:3,24,11,113,111
IQ:4,32,11,106,-118
IQ:5,40,11,-130,-91
IQ:6,48,11,-89,136
IQ:7,56,11,139,74
IQ:8,72,12,-181,-37
IQ:9,80,255,-31,173
IQ:10,88,1,188,11
IQ:11,96,255,16,-171
IQ:12,104,2,-121,46
IQ:13,112,255,66,146
IQ:14,120,10,158,-25
IQ:15,128,255,-45,-133
IQ:16,136,3,-133,110
IQ:17,144,255,111,131
IQ:18,152,9,127,-102
IQ:19,160,255,-132,-122
IQ:20,168,4,-184,134
IQ:21,176,255,109,157
IQ:22,184,8,101,-145
IQ:23,192,255,-155,-86
IQ:24,200,7,-56,168
IQ:25,208,255,176,58
IQ:26,216,6,53,-156
IQ:27,224,255,-165,-46
IQ:28,232,5,-50,135
IQ:29,240,255,134,5
IQ:30,248,12,-21,-179
IQ:31,256,255,-170,28
IQ:32,264,1,44,189
IQ:33,272,255,163,-40
IQ:34,280,2,-85,-98
IQ:35,288,255,-114,108
SW:2
RR:3
SS:3
FR:2402
ME:2
MA:353
KE:1
KA:354
DF_END

Data arrived...
DF_BEGIN
IQ:0,0,11,63,-205
IQ:1,8,11,-218,-70
IQ:2,16,11,-62,211
IQ:3,24,11,213,24
IQ:4,32,11,4,-205
IQ:5,40,11,-221,15
IQ:6,48,11,44,203
IQ:7,56,11,201,-78
IQ:8,72,12,-276,89
IQ:9,80,255,81,270
IQ:10,88,1,203,-36
IQ:11,96,255,-72,-183
IQ:12,104,2,-139,73
IQ:13,112,255,123,119
IQ:14,120,10,181,-142
IQ:15,128,255,-135,-146
IQ:16,136,3,-52,180
IQ:17,144,255,242,107
IQ:18,152,9,237,-151
IQ:19,160,255,-163,-133
IQ:20,168,4,-71,312
IQ:21,176,255,257,28
IQ:22,184,8,-160,-250
IQ:23,192,255,-310,91
IQ:24,200,7,14,137
IQ:25,208,255,152,-77
IQ:26,216,6,-78,-234
IQ:27,224,255,-227,61
IQ:28,232,5,15,159
IQ:29,240,255,124,-104
IQ:30,248,12,-190,-228
IQ:31,256,255,-225,177
IQ:32,264,1,124,157
IQ:33,272,255,141,-145
IQ:34,280,2,-128,-105
IQ:35,288,255,-60,130
SW:2
RR:3
SS:3
FR:2480
ME:359
MA:353
KE:1
KA:354
DF_END

Data arrived...
DF_BEGIN
IQ:0,0,11,118,106
IQ:1,8,11,91,-125
IQ:2,16,11,-127,-92
IQ:3,24,11,-76,136
IQ:4,32,11,140,66
IQ:5,40,11,53,-143
IQ:6,48,11,-144,-40
IQ:7,56,11,-2,153
IQ:8,72,12,-9,-172
IQ:9,80,255,-151,34
IQ:10,88,1,68,193
IQ:11,96,255,166,-33
IQ:12,104,2,-115,-20
IQ:13,112,255,-78,150
IQ:14,120,10,73,173
IQ:15,128,255,119,-83
IQ:16,136,3,-195,-82
IQ:17,144,255,-108,180
IQ:18,152,9,135,99
IQ:19,160,255,75,-161
IQ:20,168,4,-195,-134
IQ:21,176,255,-124,150
IQ:22,184,8,155,63
IQ:23,192,255,34,-163
IQ:24,200,7,-160,-35
IQ:25,208,255,-22,155
IQ:26,216,6,154,-8
IQ:27,224,255,-25,-160
IQ:28,232,5,-123,0
IQ:29,240,255,39,120
IQ:30,248,12,146,-62
IQ:31,256,255,-88,-126
IQ:32,264,1,-144,130
IQ:33,272,255,92,139
IQ:34,280,2,-13,-113
IQ:35,288,255,-160,-14
SW:2
RR:3
SS:3
FR:2426
ME:5
MA:353
KE:1
KA:353
DF_END

Data arrived...
DF_BEGIN
IQ:0,0,11,-150,79
IQ:1,8,11,86,141
IQ:2,16,11,129,-103
IQ:3,24,11,-116,-117
IQ:4,32,11,-106,131
IQ:5,40,11,133,96
IQ:6,48,11,91,-139
IQ:7,56,11,-151,-67
IQ:8,72,12,178,23
IQ:9,80,255,-6,-183
IQ:10,88,1,-202,-2
IQ:11,96,255,-23,174
IQ:12,104,2,124,-35
IQ:13,112,255,-47,-151
IQ:14,120,10,-164,26
IQ:15,128,255,37,136
IQ:16,136,3,112,-107
IQ:17,144,255,-122,-136
IQ:18,152,9,-129,109
IQ:19,160,255,132,129
IQ:20,168,4,178,-129
IQ:21,176,255,-126,-150
IQ:22,184,8,-119,144
IQ:23,192,255,147,104
IQ:24,200,7,70,-161
IQ:25,208,255,-176,-40
IQ:26,216,6,-43,163
IQ:27,224,255,161,53
IQ:28,232,5,34,-139
IQ:29,240,255,-147,-4
IQ:30,248,12,29,181
IQ:31,256,255,175,-43
IQ:32,264,1,-49,-189
IQ:33,272,255,-176,53
IQ:34,280,2,78,102
IQ:35,288,255,118,-103
SW:2
RR:3
SS:3
FR:2402
ME:2
MA:353
KE:1
KA:353
DF_END

Data arrived...
DF_BEGIN
IQ:0,0,11,-187,-40
IQ:1,8,11,-37,171
IQ:2,16,11,181,-14
IQ:3,24,11,-5,-188
IQ:4,32,11,-172,18
IQ:5,40,11,46,183
IQ:6,48,11,177,-49
IQ:7,56,11,-62,-176
IQ:8,72,12,108,246
IQ:9,80,255,252,-75
IQ:10,88,1,-61,-183
IQ:11,96,255,-170,89
IQ:12,104,2,68,107
IQ:13,112,255,109,-128
IQ:14,120,10,-124,-152
IQ:15,128,255,-105,123
IQ:16,136,3,182,-1
IQ:17,144,255,66,-253
IQ:18,152,9,-155,-190
IQ:19,160,255,-94,165
IQ:20,168,4,309,52
IQ:21,176,255,45,-233
IQ:22,184,8,-240,183
IQ:23,192,255,120,279
IQ:24,200,7,103,-22
IQ:25,208,255,-77,-121
IQ:26,216,6,-193,109
IQ:27,224,255,80,200
IQ:28,232,5,158,-20
IQ:29,240,255,-99,-121
IQ:30,248,12,-196,197
IQ:31,256,255,177,201
IQ:32,264,1,133,-150
IQ:33,272,255,-138,-148
IQ:34,280,2,-86,102
IQ:35,288,255,133,47
SW:2
RR:3
SS:3
FR:2480
ME:359
MA:353
KE:1
KA:353
DF_END

Data arrived...
DF_BEGIN
IQ:0,0,11,-37,178
IQ:1,8,11,175,7
IQ:2,16,11,-11,-193
IQ:3,24,11,-190,17
IQ:4,32,11,48,177
IQ:5,40,11,171,-70
IQ:6,48,11,-102,-150
IQ:7,56,11,-151,113
IQ:8,72,12,217,-139
IQ:9,80,255,-134,-210
IQ:10,88,1,-161,101
IQ:11,96,255,105,151
IQ:12,104,2,102,-80
IQ:13,112,255,-131,-89
IQ:14,120,10,-122,149
IQ:15,128,255,147,79
IQ:16,136,3,-7,-164
IQ:17,144,255,-257,-16
IQ:18,152,9,-166,202
IQ:19,160,255,169,47
IQ:20,168,4,-40,-280
IQ:21,176,255,-266,5
IQ:22,184,8,211,220
IQ:23,192,255,228,-167
IQ:24,200,7,-25,-95
IQ:25,208,255,-88,99
IQ:26,216,6,101,186
IQ:27,224,255,200,-107
IQ:28,232,5,-75,-165
IQ:29,240,255,-73,131
IQ:30,248,12,232,127
IQ:31,256,255,175,-206
IQ:32,264,1,-153,-103
IQ:33,272,255,-82,183
IQ:34,280,2,129,39
IQ:35,288,255,16,-128
SW:2
RR:3
SS:3
FR:2480
ME:2
MA:5
KE:1
KA:354
DF_END

Data arrived...
DF_BEGIN
IQ:0,0,11,-22,174
IQ:1,8,11,180,18
IQ:2,16,11,-1,-184
IQ:3,24,11,-190,3
IQ:4,32,11,49,168
IQ:5,40,11,168,-63
IQ:6,48,11,-79,-161
IQ:7,56,11,-157,85
IQ:8,72,12,144,-119
IQ:9,80,255,-141,-123
IQ:10,88,1,-146,168
IQ:11,96,255,130,125
IQ:12,104,2,-31,-129
IQ:13,112,255,-190,18
IQ:14,120,10,-96,201
IQ:15,128,255,151,69
IQ:16,136,3,-38,-227
IQ:17,144,255,-235,25
IQ:18,152,9,-1,205
IQ:19,160,255,205,-27
IQ:20,168,4,12,-262
IQ:21,176,255,-226,-15
IQ:22,184,8,19,196
IQ:23,192,255,172,-54
IQ:24,200,7,-90,-167
IQ:25,208,255,-158,92
IQ:26,216,6,115,135
IQ:27,224,255,133,-124
IQ:28,232,5,-82,-123
IQ:29,240,255,-87,112
IQ:30,248,12,158,96
IQ:31,256,255,53,-178
IQ:32,264,1,-212,-56
IQ:33,272,255,-64,173
IQ:34,280,2,120,-74
IQ:35,288,255,-85,-170
SW:2
RR:3
SS:3
FR:2426
ME:5
MA:353
KE:1
KA:354
DF_END

Data arrived...