KE:0
KA:354
DF_END

Data arrived...
DF_BEGIN
IQ:0,0,11,-167,45
IQ:1,8,11,80,157
IQ:2,16,11,160,-88
IQ:3,24,11,-86,-147
IQ:4,32,11,-128,100
IQ:5,40,11,115,123
IQ:6,48,11,129,-132
IQ:7,56,11,-128,-108
IQ:8,72,12,145,73
IQ:9,80,255,49,-155
IQ:10,88,1,-196,-73
IQ:11,96,255,-78,145
IQ:12,104,2,127,-86
IQ:13,112,255,-88,-201
IQ:14,120,10,-200,4
IQ:15,128,255,11,172
IQ:16,136,3,222,-88
IQ:17,144,255,-78,-218
IQ:18,152,9,-185,64
IQ:19,160,255,77,192
IQ:20,168,4,234,-26
IQ:21,176,255,-60,-193
IQ:22,184,8,-161,119
IQ:23,192,255,129,147
IQ:24,200,7,121,-142
IQ:25,208,255,-129,-106
IQ:26,216,6,-85,147
IQ:27,224,255,136,87
IQ:28,232,5,66,-116
IQ:29,240,255,-142,-36
IQ:30,248,12,-51,157
IQ:31,256,255,161,-3
IQ:32,264,1,29,-220
IQ:33,272,255,-171,-27
IQ:34,280,2,99,107
IQ:35,288,255,140,-120
SW:2
RR:3
SS:3
FR:2426
ME:2
MA:353
KE:0
KA:354
DF_END

Data arrived...
DF_BEGIN
IQ:0,0,11,-152,-150
IQ:1,8,11,-123,159
IQ:2,16,11,169,133
IQ:3,24,11,113,-175
IQ:4,32,11,-192,-88
IQ:5,40,11,-82,214
IQ:6,48,11,206,62
IQ:7,56,11,38,-214
IQ:8,72,12,-19,198
IQ:9,80,255,219,-31
IQ:10,88,1,7,-278
IQ:11,96,255,-206,10
IQ:12,104,2,151,120
IQ:13,112,255,179,-192
IQ:14,120,10,-96,-243
IQ:15,128,255,-180,113
IQ:16,136,3,243,191
IQ:17,144,255,205,-209
IQ:18,152,9,-190,-174
IQ:19,160,255,-175,193
IQ:20,168,4,184,212
IQ:21,176,255,162,-167
IQ:22,184,8,-201,-139
IQ:23,192,255,-117,197
IQ:24,200,7,192,67
IQ:25,208,255,30,-210
IQ:26,216,6,-223,-19
IQ:27,224,255,-22,208
IQ:28,232,5,165,14
IQ:29,240,255,-44,-165
IQ:30,248,12,-203,60
IQ:31,256,255,79,192
IQ:32,264,1,244,-97
IQ:33,272,255,-75,-208
IQ:34,280,2,-65,178
IQ:35,288,255,223,81
SW:2
RR:3
SS:3
FR:2426
ME:2
MA:353
KE:0
KA:354
DF_END

Data arrived...
DF_BEGIN
IQ:0,0,11,172,63
IQ:1,8,11,32,-181
IQ:2,16,11,-181,-25
IQ:3,24,11,5,187
IQ:4,32,11,180,-1
IQ:5,40,11,-36,-186
IQ:6,48,11,-182,32
IQ:7,56,11,48,171
IQ:8,72,12,-89,-178
IQ:9,80,255,-179,106
IQ:10,88,1,114,202
IQ:11,96,255,174,-94
IQ:12,104,2,-135,-78
IQ:13,112,255,-100,170
IQ:14,120,10,159,126
IQ:15,128,255,92,-147
IQ:16,136,3,-203,-22
IQ:17,144,255,-34,215
IQ:18,152,9,185,49
IQ:19,160,255,20,-207
IQ:20,168,4,-245,-74
IQ:21,176,255,-57,202
IQ:22,184,8,200,-26
IQ:23,192,255,-33,-201
IQ:24,200,7,-211,50
IQ:25,208,255,61,202
IQ:26,216,6,179,-67
IQ:27,224,255,-84,-181
IQ:28,232,5,-151,65
IQ:29,240,255,100,116
IQ:30,248,12,127,-156
IQ:31,256,255,-165,-127
IQ:32,264,1,-141,186
IQ:33,272,255,153,128
IQ:34,280,2,19,-154
IQ:35,288,255,-186,-5
SW:2
RR:3
SS:3
FR:2402
ME:2
MA:353
KE:1
KA:354
DF_END

Data arrived...
DF_BEGIN
IQ:0,0,11,-166,146
IQ:1,8,11,153,159
IQ:2,16,11,155,-146
IQ:3,24,11,-171,-132
IQ:4,32,11,-87,195
IQ:5,40,11,184,90
IQ:6,48,11,70,-215
IQ:7,56,11,-213,-59
IQ:8,72,12,284,34
IQ:9,80,255,49,-290
IQ:10,88,1,-209,-77
IQ:11,96,255,-52,224
IQ:12,104,2,183,32
IQ:13,112,255,-20,-198
IQ:14,120,10,-252,36
IQ:15,128,255,35,224
IQ:16,136,3,160,-111
IQ:17,144,255,-172,-205
IQ:18,152,9,-303,58
IQ:19,160,255,103,203
IQ:20,168,4,235,-240
IQ:21,176,255,-200,-199
IQ:22,184,8,-15,262
IQ:23,192,255,273,47
IQ:24,200,7,95,-133
IQ:25,208,255,-167,-35
IQ:26,216,6,-61,252
IQ:27,224,255,244,98
IQ:28,232,5,83,-184
IQ:29,240,255,-181,-1
IQ:30,248,12,62,285
IQ:31,256,255,285,-51
IQ:32,264,1,-15,-233
IQ:33,272,255,-231,38
IQ:34,280,2,20,197
IQ:35,288,255,146,-78
SW:2
RR:3
SS:3
FR:2480
ME:359
MA:353
KE:0
KA:354
DF_END

Data arrived...
DF_BEGIN
IQ:0,0,11,-83,140
IQ:1,8,11,159,69
IQ:2,16,11,49,-165
IQ:3,24,11,-164,-29
IQ:4,32,11,-22,175
IQ:5,40,11,171,6
IQ:6,48,11,6,-178
IQ:7,56,11,-164,17
IQ:8,72,12,174,-33
IQ:9,80,255,-73,-158
IQ:10,88,1,-200,87
IQ:11,96,255,79,152
IQ:12,104,2,28,-163
IQ:13,112,255,-191,-83
IQ:14,120,10,-146,146
IQ:15,128,255,138,96
IQ:16,136,3,62,-243
IQ:17,144,255,-240,-89
IQ:18,152,9,-92,180
IQ:19,160,255,193,70
IQ:20,168,4,110,-194
IQ:21,176,255,-176,-69
IQ:22,184,8,-41,196
IQ:23,192,255,179,28
IQ:24,200,7,-15,-189
IQ:25,208,255,-175,30
IQ:26,216,6,46,162
IQ:27,224,255,167,-45
IQ:28,232,5,-46,-129
IQ:29,240,255,-122,78
IQ:30,248,12,97,135
IQ:31,256,255,116,-129
IQ:32,264,1,-158,-142
IQ:33,272,255,-119,127
IQ:34,280,2,159,-19
IQ:35,288,255,0,-192
SW:2
RR:3
SS:3
FR:2426
ME:2
MA:353
KE:1
KA:354
DF_END

Data arrived...
DF_BEGIN
IQ:0,0,11,-100,-152
IQ:1,8,11,-146,115
IQ:2,16,11,129,137
IQ:3,24,11,127,-129
IQ:4,32,11,-138,-125
IQ:5,40,11,-96,157
IQ:6,48,11,168,74
IQ:7,56,11,65,-171
IQ:8,72,12,-69,185
IQ:9,80,255,198,41
IQ:10,88,1,59,-225
IQ:11,96,255,-191,-50
IQ:12,104,2,58,140
IQ:13,112,255,181,-75
IQ:14,120,10,-13,-201
IQ:15,128,255,-163,51
IQ:16,136,3,143,121
IQ:17,144,255,163,-156
IQ:18,152,9,-102,-171
IQ:19,160,255,-161,141
IQ:20,168,4,137,218
IQ:21,176,255,176,-112
IQ:22,184,8,-170,-108
IQ:23,192,255,-98,183
IQ:24,200,7,195,87
IQ:25,208,255,76,-199
IQ:26,216,6,-185,-65
IQ:27,224,255,-71,188
IQ:28,232,5,156,47
IQ:29,240,255,4,-163
IQ:30,248,12,-203,20
IQ:31,256,255,30,216
IQ:32,264,1,222,-9
IQ:33,272,255,-44,-183
IQ:34,280,2,-108,114
IQ:35,288,255,129,128
SW:2
RR:3
SS:3
FR:2402
ME:2
MA:353
KE:1
KA:353
DF_END

Data arrived...
DF_BEGIN
IQ:0,0,11,-155,-93
IQ:1,8,11,-86,139
IQ:2,16,11,143,67
IQ:3,24,11,59,-170
IQ:4,32,11,-160,-60
IQ:5,40,11,-33,171
IQ:6,48,11,158,13
IQ:7,56,11,1,-174
IQ:8,72,12,29,210
IQ:9,80,255,215,-52
IQ:10,88,1,8,-191
IQ:11,96,255,-178,0
IQ:12,104,2,3,145
IQ:13,112,255,146,-62
IQ:14,120,10,-72,-201
IQ:15,128,255,-165,70
IQ:16,136,3,101,87
IQ:17,144,255,112,-164
IQ:18,152,9,-121,-216
IQ:19,160,255,-144,99
IQ:20,168,4,237,112
IQ:21,176,255,99,-203
IQ:22,184,8,-208,49
IQ:23,192,255,8,222
IQ:24,200,7,109,29
IQ:25,208,255,-5,-139
IQ:26,216,6,-202,7
IQ:27,224,255,-15,187
IQ:28,232,5,155,4
IQ:29,240,255,-44,-142
IQ:30,248,12,-201,90
IQ:31,256,255,97,183
IQ:32,264,1,146,-76
IQ:33,272,255,-78,-170
IQ:34,280,2,-142,54
IQ:35,288,255,69,98
SW:2
RR:3
SS:3
FR:2480
ME:359
MA:353
KE:0
KA:353
DF_END

Data arrived...
DF_BEGIN
IQ:0,0,11,-83,146
IQ:1,8,11,144,78
IQ:2,16,11,66,-163
IQ:3,24,11,-168,-54
IQ:4,32,11,-37,157
IQ:5,40,11,172,15
IQ:6,48,11,16,-175
IQ:7,56,11,-175,-11
IQ:8,72,12,176,-48
IQ:9,80,255,-72,-172
IQ:10,88,1,-204,81
IQ:11,96,255,50,169
IQ:12,104,2,69,-138
IQ:13,112,255,-183,-93
IQ:14,120,10,-164,121
IQ:15,128,255,131,105
IQ:16,136,3,77,-249
IQ:17,144,255,-220,-114
IQ:18,152,9,-107,179
IQ:19,160,255,191,100
IQ:20,168,4,123,-188
IQ:21,176,255,-165,-101
IQ:22,184,8,-59,191
IQ:23,192,255,188,33
IQ:24,200,7,9,-183
IQ:25,208,255,-176,3
IQ:26,216,6,47,174
IQ:27,224,255,180,-41
IQ:28,232,5,-29,-134
IQ:29,240,255,-124,71
IQ:30,248,12,86,154
IQ:31,256,255,137,-118
IQ:32,264,1,-147,-175
IQ:33,272,255,-138,110
IQ:34,280,2,171,2
IQ:35,288,255,35,-196
SW:2
RR:3
SS:3
FR:2426
ME:2
MA:353
KE:1
KA:353
DF_END

Data arrived...
DF_BEGIN
IQ:0,0,11,-169,-78
IQ:1,8,11,-56,181
IQ:2,16,11,180,34
IQ:3,24,11,20,-185
IQ:4,32,11,-184,-17
IQ:5,40,11,-3,187
IQ:6,48,11,188,-15
IQ:7,56,11,-23,-183
IQ:8,72,12,61,197
IQ:9,80,255,187,-83
IQ:10,88,1,-100,-207
IQ:11,96,255,-186,78
IQ:12,104,2,129,90
IQ:13,112,255,111,-164
IQ:14,120,10,-143,-144
IQ:15,128,255,-105,141
IQ:16,136,3,192,51
IQ:17,144,255,64,-216
IQ:18,152,9,-175,-92
IQ:19,160,255,-61,203
IQ:20,168,4,236,104
IQ:21,176,255,84,-194
IQ:22,184,8,-203,-14
IQ:23,192,255,-3,207
IQ:24,200,7,209,-36
IQ:25,208,255,-35,-220
IQ:26,216,6,-183,45
IQ:27,224,255,53,193
IQ:28,232,5,163,-33
IQ:29,240,255,-73,-144
IQ:30,248,12,-157,117
IQ:31,256,255,145,151
IQ:32,264,1,179,-146
IQ:33,272,255,-137,-143
IQ:34,280,2,-44,154
IQ:35,288,255,177,59
SW:2
RR:3
SS:3
FR:2402
ME:2
MA:353
KE:1
KA:353
DF_END

Data arrived...
DF_BEGIN
IQ:0,0,11,-62,215
IQ:1,8,11,226,43
IQ:2,16,11,8,-220
IQ:3,24,11,-221,10
IQ:4,32,11,34,218
IQ:5,40,11,209,-44
IQ:6,48,11,-64,-210
IQ:7,56,11,-208,88
IQ:8,72,12,243,-152
IQ:9,80,255,-147,-263
IQ:10,88,1,-220,69
IQ:11,96,255,80,195
IQ:12,104,2,171,-99
IQ:13,112,255,-127,-136
IQ:14,120,10,-181,165
IQ:15,128,255,151,150
IQ:16,136,3,58,-184
IQ:17,144,255,-252,-85
IQ:18,152,9,-193,226
IQ:19,160,255,209,109
IQ:20,168,4,18,-334
IQ:21,176,255,-282,-47
IQ:22,184,8,120,235
IQ:23,192,255,271,-105
IQ:24,200,7,-20,-169
IQ:25,208,255,-167,80
IQ:26,216,6,105,227
IQ:27,224,255,232,-100
IQ:28,232,5,-39,-190
IQ:29,240,255,-132,93
IQ:30,248,12,226,182
IQ:31,256,255,188,-227
IQ:32,264,1,-146,-168
IQ:33,272,255,-143,176
IQ:34,280,2,144,127
IQ:35,288,255,67,-149
SW:2
RR:3
SS:3
FR:2480
ME:359
MA:353
KE:0
KA:353
DF_END

Data arrived...
DF_BEGIN
IQ:0,0,11,-159,-37
IQ:1,8,11,-25,154
IQ:2,16,11,163,4
IQ:3,24,11,-12,-162
IQ:4,32,11,-157,24
IQ:5,40,11,52,155
IQ:6,48,11,150,-58
IQ:7,56,11,-81,-136
IQ:8,72,12,86,137
IQ:9,80,255,127,-130
IQ:10,88,1,-136,-171
IQ:11,96,255,-121,95
IQ:12,104,2,153,-11
IQ:13,112,255,-1,-203
IQ:14,120,10,-178,-92
IQ:15,128,255,-33,157
IQ:16,136,3,259,-18
IQ:17,144,255,34,-242
IQ:18,152,9,-196,-17
IQ:19,160,255,-5,210
IQ:20,168,4,216,47
IQ:21,176,255,28,-174
IQ:22,184,8,-187,10
IQ:23,192,255,35,174
IQ:24,200,7,165,-72
IQ:25,208,255,-88,-139
IQ:26,216,6,-143,110
IQ:27,224,255,93,136
IQ:28,232,5,106,-67
IQ:29,240,255,-101,-86
IQ:30,248,12,-106,124
IQ:31,256,255,155,64
IQ:32,264,1,82,-199
IQ:33,272,255,-146,-94
IQ:34,280,2,65,143
IQ:35,288,255,186,-44
SW:2
RR:3
SS:3
FR:2426
ME:2
MA:353
KE:1
KA:353
DF_END

Data arrived...
DF_BEGIN
IQ:0,0,11,-107,-157
IQ:1,8,11,-144,120
IQ:2,16,11,136,128
IQ:3,24,11,127,-142
IQ:4,32,11,-159,-101
IQ:5,40,11,-100,158
IQ:6,48,11,164,80
IQ:7,56,11,35,-178
IQ:8,72,12,-53,206
IQ:9,80,255,202,35
IQ:10,88,1,28,-235
IQ:11,96,255,-207,-11
IQ:12,104,2,70,136
IQ:13,112,255,169,-100
IQ:14,120,10,-58,-202
IQ:15,128,255,-163,59
IQ:16,136,3,146,137
IQ:17,144,255,172,-145
IQ:18,152,9,-98,-173
IQ:19,160,255,-144,158
IQ:20,168,4,152,215
IQ:21,176,255,165,-141
IQ:22,184,8,-177,-109
IQ:23,192,255,-91,178
IQ:24,200,7,207,71
IQ:25,208,255,58,-213
IQ:26,216,6,-199,-46
IQ:27,224,255,-42,196
IQ:28,232,5,162,35
IQ:29,240,255,1,-169
IQ:30,248,12,-203,30
IQ:31,256,255,54,205
IQ:32,264,1,230,-63
IQ:33,272,255,-47,-204
IQ:34,280,2,-113,110
IQ:35,288,255,139,111
SW:2
RR:3
SS:3
FR:2402
ME:2
MA:359
KE:1
KA:353
DF_END

Data arrived...
DF_BEGIN
IQ:0,0,11,-17,-186
IQ:1,8,11,-184,49
IQ:2,16,11,63,174
IQ:3,24,11,173,-73
IQ:4,32,11,-86,-175
IQ:5,40,11,-165,94
IQ:6,48,11,110,150
IQ:7,56,11,140,-125
IQ:8,72,12,-141,141
IQ:9,80,255,167,116
IQ:10,88,1,129,-200
IQ:11,96,255,-167,-120
IQ:12,104,2,-7,158
IQ:13,112,255,196,25
IQ:14,120,10,60,-195
IQ:15,128,255,-181,-25
IQ:16,136,3,52,188
IQ:17,144,255,218,-52
IQ:18,152,9,-13,-202
IQ:19,160,255,-207,53
IQ:20,168,4,34,265
IQ:21,176,255,215,-29
IQ:22,184,8,-97,-184
IQ:23,192,255,-167,123
IQ:24,200,7,152,156
IQ:25,208,255,161,-148
IQ:26,216,6,-146,-141
IQ:27,224,255,-154,134
IQ:28,232,5,112,112
IQ:29,240,255,73,-149
IQ:30,248,12,-191,-78
IQ:31,256,255,-60,201
IQ:32,264,1,227,67
IQ:33,272,255,49,-202
IQ:34,280,2,-154,29
IQ:35,288,255,48,182
SW:2
RR:3
SS:3
FR:2402
ME:2
MA:353
KE:1
KA:353
DF_END

Data arrived...
DF_BEGIN
IQ:0,0,11,-70,-157
IQ:1,8,11,-144,93
IQ:2,16,11,102,137
IQ:3,24,11,140,-117
IQ:4,32,11,-131,-120
IQ:5,40,11,-115,138
IQ:6,48,11,138,103
IQ:7,56,11,92,-142
IQ:8,72,12,-63,168
IQ:9,80,255,179,32
IQ:10,88,1,58,-220
IQ:11,96,255,-171,-60
IQ:12,104,2,87,135
IQ:13,112,255,183,-93
IQ:14,120,10,-20,-210
IQ:15,128,255,-171,53
IQ:16,136,3,146,191
IQ:17,144,255,222,-126
IQ:18,152,9,-87,-178
IQ:19,160,255,-193,108
IQ:20,168,4,72,223
IQ:21,176,255,176,-98
IQ:22,184,8,-126,-160
IQ:23,192,255,-123,133
IQ:24,200,7,159,97
IQ:25,208,255,73,-175
IQ:26,216,6,-174,-49
IQ:27,224,255,-68,173
IQ:28,232,5,121,56
IQ:29,240,255,6,-129
IQ:30,248,12,-176,11
IQ:31,256,255,24,185
IQ:32,264,1,216,-24
IQ:33,272,255,-36,-175
IQ:34,280,2,-91,126
IQ:35,288,255,158,127
SW:2
RR:3
SS:3
FR:2426
ME:2
MA:353
KE:1
KA:353
DF_END

Data arrived...
DF_BEGIN
IQ:0,0,11,-142,170
IQ:1,8,11,182,123
IQ:2,16,11,89,-192
IQ:3,24,11,-198,-70
IQ:4,32,11,-71,203
IQ:5,40,11,206,44
IQ:6,48,11,26,-220
IQ:7,56,11,-214,-8
IQ:8,72,12,202,-32
IQ:9,80,255,-62,-209
IQ:10,88,1,-267,74
IQ:11,96,255,60,201
IQ:12,104,2,83,-197
IQ:13,112,255,-218,-136
IQ:14,120,10,-208,163
IQ:15,128,255,157,146
IQ:16,136,3,121,-287
IQ:17,144,255,-276,-134
IQ:18,152,9,-129,218
IQ:19,160,255,237,126
IQ:20,168,4,184,-215
IQ:21,176,255,-189,-125
IQ:22,184,8,-81,239
IQ:23,192,255,215,64
IQ:24,200,7,16,-230
IQ:25,208,255,-214,0
IQ:26,216,6,29,216
IQ:27,224,255,212,-34
IQ:28,232,5,-26,-170
IQ:29,240,255,-151,63
IQ:30,248,12,106,192
IQ:31,256,255,184,-121
IQ:32,264,1,-158,-210
IQ:33,272,255,-169,122
IQ:34,280,2,202,13
IQ:35,288,255,49,-244
SW:2
RR:3
SS:3
FR:2426
ME:2
MA:353
KE:1
KA:353
DF_END

Data arrived...
DF_BEGIN
IQ:0,0,11,163,-86
IQ:1,8,11,-108,-150
IQ:2,16,11,-141,118
IQ:3,24,11,126,126
IQ:4,32,11,118,-151
IQ:5,40,11,-158,-88
IQ:6,48,11,-70,171
IQ:7,56,11,173,68
IQ:8,72,12,-192,-66
IQ:9,80,255,-44,201
IQ:10,88,1,231,34
IQ:11,96,255,38,-196
IQ:12,104,2,-147,54
IQ:13,112,255,68,189
IQ:14,120,10,192,-21
IQ:15,128,255,-44,-167
IQ:16,136,3,-148,128
IQ:17,144,255,136,174
IQ:18,152,9,167,-103
IQ:19,160,255,-146,-162
IQ:20,168,4,-216,141
IQ:21,176,255,125,180
IQ:22,184,8,133,-160
IQ:23,192,255,-170,-116
IQ:24,200,7,-100,195
IQ:25,208,255,192,90
IQ:26,216,6,60,-183
IQ:27,224,255,-198,-56
IQ:28,232,5,-55,159
IQ:29,240,255,160,12
IQ:30,248,12,5,-205
IQ:31,256,255,-209,24
IQ:32,264,1,37,228
IQ:33,272,255,192,-40
IQ:34,280,2,-116,-114
IQ:35,288,255,-146,121
SW:2
RR:3
SS:3
FR:2402
ME:2
MA:5
KE:1
KA:354
DF_END

Data arrived...
DF_BEGIN
IQ:0,0,11,-85,-180
IQ:1,8,11,-143,96
IQ:2,16,11,140,128
IQ:3,24,11,117,-146
IQ:4,32,11,-139,-109
IQ:5,40,11,-89,151
IQ:6,48,11,176,69
IQ:7,56,11,80,-171
IQ:8,72,12,-85,255
IQ:9,80,255,249,109
IQ:10,88,1,121,-176
IQ:11,96,255,-170,-81
IQ:12,104,2,-44,166
IQ:13,112,255,167,4
IQ:14,120,10,21,-221
IQ:15,128,255,-200,-28
IQ:16,136,3,62,155
IQ:17,144,255,200,-114
IQ:18,152,9,22,-297
IQ:19,160,255,-191,66
IQ:20,168,4,199,247
IQ:21,176,255,226,-144
IQ:22,184,8,-228,-94
IQ:23,192,255,-123,243
IQ:24,200,7,83,101
IQ:25,208,255,61,-135
IQ:26,216,6,-199,-85
IQ:27,224,255,-120,200
IQ:28,232,5,144,109
IQ:29,240,255,45,-140
IQ:30,248,12,-242,-13
IQ:31,256,255,-32,258
IQ:32,264,1,199,49
IQ:33,272,255,19,-212
IQ:34,280,2,-173,-24
IQ:35,288,255,34,131
SW:2
RR:3
SS:3
FR:2480
ME:359
MA:353
KE:1
KA:354
DF_END

Data arrived...
DF_BEGIN
IQ:0,0,11,150,63
IQ:1,8,11,54,-165
IQ:2,16,11,-162,-55
IQ:3,24,11,-23,164
IQ:4,32,11,181,-1
IQ:5,40,11,9,-176
IQ:6,48,11,-176,2
IQ:7,56,11,15,165
IQ:8,72,12,-45,-157
IQ:9,80,255,-161,82
IQ:10,88,1,89,196
IQ:11,96,255,136,-69
IQ:12,104,2,-165,-32
IQ:13,112,255,-76,199
IQ:14,120,10,142,149
IQ:15,128,255,91,-141
IQ:16,136,3,-251,-70
IQ:17,144,255,-88,236
IQ:18,152,9,185,83
IQ:19,160,255,51,-205
IQ:20,168,4,-197,-102
IQ:21,176,255,-63,179
IQ:22,184,8,191,38
IQ:23,192,255,29,-179
IQ:24,200,7,-179,12
IQ:25,208,255,34,169
IQ:26,216,6,166,-67
IQ:27,224,255,-55,-173
IQ:28,232,5,-126,42
IQ:29,240,255,66,113
IQ:30,248,12,128,-106
IQ:31,256,255,-137,-112
IQ:32,264,1,-151,162
IQ:33,272,255,122,124
IQ:34,280,2,-25,-165
IQ:35,288,255,-208,3
SW:2
RR:3
SS:3
FR:2426
ME:2
MA:353
KE:1
KA:354
DF_END

Data arrived...
DF_BEGIN
IQ:0,0,11,58,-171
IQ:1,8,11,-182,-36
IQ:2,16,11,-38,180
IQ:3,24,11,184,19
IQ:4,32,11,4,-178
IQ:5,40,11,-179,-1
IQ:6,48,11,22,181
IQ:7,56,11,175,-41
IQ:8,72,12,-186,58
IQ:9,80,255,95,180
IQ:10,88,1,201,-112
IQ:11,96,255,-93,-182
IQ:12,104,2,-84,129
IQ:13,112,255,166,100
IQ:14,120,10,127,-151
IQ:15,128,255,-148,-101
IQ:16,136,3,-49,197
IQ:17,144,255,204,64
IQ:18,152,9,73,-182
IQ:19,160,255,-207,-46
IQ:20,168,4,-88,244
IQ:21,176,255,197,59
IQ:22,184,8,-13,-199
IQ:23,192,255,-194,30
IQ:24,200,7,56,207
IQ:25,208,255,210,-51
IQ:26,216,6,-47,-189
IQ:27,224,255,-179,60
IQ:28,232,5,59,152
IQ:29,240,255,139,-87
IQ:30,248,12,-112,-170
IQ:31,256,255,-145,138
IQ:32,264,1,158,167
IQ:33,272,255,131,-150
IQ:34,280,2,-150,-41
IQ:35,288,255,-36,175
SW:2
RR:3
SS:3
FR:2402
ME:359
MA:5
KE:1
KA:355
DF_END

Data arrived...
DF_BEGIN
IQ:0,0,11,-58,-169
IQ:1,8,11,-163,73
IQ:2,16,11,81,156
IQ:3,24,11,146,-97
IQ:4,32,11,-112,-141
IQ:5,40,11,-140,108
IQ:6,48,11,135,120
IQ:7,56,11,104,-139
IQ:8,72,12,-104,159
IQ:9,80,255,177,91
IQ:10,88,1,110,-202
IQ:11,96,255,-173,-83
IQ:12,104,2,27,150
IQ:13,112,255,196,-7
IQ:14,120,10,31,-188
IQ:15,128,255,-164,9
IQ:16,136,3,93,166
IQ:17,144,255,191,-90
IQ:18,152,9,-47,-182
IQ:19,160,255,-194,85
IQ:20,168,4,65,247
IQ:21,176,255,195,-63
IQ:22,184,8,-132,-138
IQ:23,192,255,-133,144
IQ:24,200,7,164,124
IQ:25,208,255,125,-169
IQ:26,216,6,-166,-102
IQ:27,224,255,-108,159
IQ:28,232,5,133,94
IQ:29,240,255,55,-143
IQ:30,248,12,-192,-46
IQ:31,256,255,-17,198
IQ:32,264,1,228,21
IQ:33,272,255,20,-197
IQ:34,280,2,-133,66
IQ:35,288,255,93,154
SW:2
RR:3
SS:3
FR:2402
ME:2
MA:353
KE:1
KA:355
DF_END

Data arrived...
DF_BEGIN
IQ:0,0,11,174,100
IQ:1,8,11,94,-192
IQ:2,16,11,-183,-86
IQ:3,24,11,-48,190
IQ:4,32,11,193,14
IQ:5,40,11,17,-214
IQ:6,48,11,-200,6
IQ:7,56,11,13,193
IQ:8,72,12,-60,-269
IQ:9,80,255,-270,34
IQ:10,88,1,-30,228
IQ:11,96,255,208,-14
IQ:12,104,2,-8,-175
IQ:13,112,255,-159,73
IQ:14,120,10,94,211
IQ:15,128,255,192,-86
IQ:16,136,3,-134,-123
IQ:17,144,255,-155,203
IQ:18,152,9,134,251
IQ:19,160,255,144,-152
IQ:20,168,4,-293,-140
IQ:21,176,255,-134,236
IQ:22,184,8,248,-45
IQ:23,192,255,-1,-284
IQ:24,200,7,-142,-42
IQ:25,208,255,19,161
IQ:26,216,6,230,-22
IQ:27,224,255,-14,-255
IQ:28,232,5,-197,-33
IQ:29,240,255,58,161
IQ:30,248,12,230,-121
IQ:31,256,255,-115,-255
IQ:32,264,1,-192,67
IQ:33,272,255,112,179
IQ:34,280,2,161,-94
IQ:35,288,255,-107,-125
SW:2
RR:3
SS:3
FR:2480
ME:359
MA:353
KE:0
KA:355
DF_END