IQ:27,224,255,-161,41
IQ:28,232,5,28,136
IQ:29,240,255,123,-57
IQ:30,248,12,-106,-134
IQ:31,256,255,-126,118
IQ:32,264,1,141,129
IQ:33,272,255,119,-119
IQ:34,280,2,-119,-42
IQ:35,288,255,-35,145
SW:2
RR:3
SS:3
FR:2402
ME:2
MA:353
KE:1
KA:353
DF_END

Data arrived...
DF_BEGIN
IQ:0,0,11,134,20
IQ:1,8,11,5,-170
IQ:2,16,11,-164,-2
IQ:3,24,11,5,147
IQ:4,32,11,139,-33
IQ:5,40,11,-42,-164
IQ:6,48,11,-149,44
IQ:7,56,11,62,130
IQ:8,72,12,-135,-236
IQ:9,80,255,-248,111
IQ:10,88,1,74,188
IQ:11,96,255,155,-97
IQ:12,104,2,-88,-128
IQ:13,112,255,-102,118
IQ:14,120,10,129,128
IQ:15,128,255,88,-131
IQ:16,136,3,-173,-14
IQ:17,144,255,-70,234
IQ:18,152,9,188,177
IQ:19,160,255,61,-178
IQ:20,168,4,-316,6
IQ:21,176,255,-10,229
IQ:22,184,8,163,-220
IQ:23,192,255,-162,-259
IQ:24,200,7,-120,-16
IQ:25,208,255,72,95
IQ:26,216,6,174,-114
IQ:27,224,255,-91,-209
IQ:28,232,5,-156,38
IQ:29,240,255,83,106
IQ:30,248,12,155,-222
IQ:31,256,255,-209,-173
IQ:32,264,1,-132,142
IQ:33,272,255,147,121
IQ:34,280,2,82,-123
IQ:35,288,255,-140,-50
SW:2
RR:3
SS:3
FR:2480
ME:359
MA:353
KE:0
KA:353
DF_END

Data arrived...
DF_BEGIN
IQ:0,0,11,-67,-141
IQ:1,8,11,-123,83
IQ:2,16,11,93,123
IQ:3,24,11,113,-99
IQ:4,32,11,-110,-103
IQ:5,40,11,-90,120
IQ:6,48,11,133,72
IQ:7,56,11,88,-134
IQ:8,72,12,-52,153
IQ:9,80,255,170,18
IQ:10,88,1,-2,-209
IQ:11,96,255,-171,-25
IQ:12,104,2,121,91
IQ:13,112,255,155,-124
IQ:14,120,10,-25,-170
IQ:15,128,255,-134,58
IQ:16,136,3,184,165
IQ:17,144,255,169,-175
IQ:18,152,9,-114,-154
IQ:19,160,255,-152,132
IQ:20,168,4,113,218
IQ:21,176,255,161,-91
IQ:22,184,8,-124,-139
IQ:23,192,255,-111,117
IQ:24,200,7,143,59
IQ:25,208,255,60,-161
IQ:26,216,6,-159,-41
IQ:27,224,255,-37,157
IQ:28,232,5,122,48
IQ:29,240,255,18,-125
IQ:30,248,12,-168,7
IQ:31,256,255,40,155
IQ:32,264,1,199,-76
IQ:33,272,255,-46,-165
IQ:34,280,2,-41,139
IQ:35,288,255,154,91
SW:2
RR:3
SS:3
FR:2426
ME:2
MA:353
KE:1
KA:353
DF_END

Data arrived...
DF_BEGIN
IQ:0,0,11,197,32
IQ:1,8,11,3,-196
IQ:2,16,11,-197,14
IQ:3,24,11,21,192
IQ:4,32,11,193,-51
IQ:5,40,11,-65,-189
IQ:6,48,11,-176,79
IQ:7,56,11,90,174
IQ:8,72,12,-151,-158
IQ:9,80,255,-143,157
IQ:10,88,1,191,151
IQ:11,96,255,144,-162
IQ:12,104,2,-151,-53
IQ:13,112,255,-42,185
IQ:14,120,10,181,75
IQ:15,128,255,44,-168
IQ:16,136,3,-200,28
IQ:17,144,255,24,219
IQ:18,152,9,187,-7
IQ:19,160,255,-45,-217
IQ:20,168,4,-265,30
IQ:21,176,255,30,234
IQ:22,184,8,203,-80
IQ:23,192,255,-92,-193
IQ:24,200,7,-163,136
IQ:25,208,255,141,154
IQ:26,216,6,164,-129
IQ:27,224,255,-127,-165
IQ:28,232,5,-135,126
IQ:29,240,255,143,109
IQ:30,248,12,96,-199
IQ:31,256,255,-202,-85
IQ:32,264,1,-75,222
IQ:33,272,255,203,70
IQ:34,280,2,-4,-151
IQ:35,288,255,-187,36
SW:2
RR:3
SS:3
FR:2402
ME:2
MA:353
KE:1
KA:353
DF_END

Data arrived...
DF_BEGIN
IQ:0,0,11,193,39
IQ:1,8,11,23,-198
IQ:2,16,11,-198,-5
IQ:3,24,11,20,191
IQ:4,32,11,194,-38
IQ:5,40,11,-60,-186
IQ:6,48,11,-194,60
IQ:7,56,11,60,193
IQ:8,72,12,-114,-195
IQ:9,80,255,-164,136
IQ:10,88,1,169,160
IQ:11,96,255,155,-150
IQ:12,104,2,-145,-56
IQ:13,112,255,-66,185
IQ:14,120,10,168,97
IQ:15,128,255,71,-156
IQ:16,136,3,-196,7
IQ:17,144,255,13,225
IQ:18,152,9,196,21
IQ:19,160,255,-23,-218
IQ:20,168,4,-274,-21
IQ:21,176,255,-22,234
IQ:22,184,8,216,-49
IQ:23,192,255,-63,-203
IQ:24,200,7,-184,107
IQ:25,208,255,109,189
IQ:26,216,6,183,-96
IQ:27,224,255,-117,-173
IQ:28,232,5,-159,98
IQ:29,240,255,125,127
IQ:30,248,12,133,-175
IQ:31,256,255,-189,-108
IQ:32,264,1,-99,216
IQ:33,272,255,194,89
IQ:34,280,2,0,-154
IQ:35,288,255,-192,19
SW:2
RR:3
SS:3
FR:2402
ME:2
MA:353
KE:1
KA:353
DF_END

Data arrived...
DF_BEGIN
IQ:0,0,11,-60,127
IQ:1,8,11,141,42
IQ:2,16,11,34,-144
IQ:3,24,11,-159,-13
IQ:4,32,11,-2,162
IQ:5,40,11,140,-15
IQ:6,48,11,-36,-141
IQ:7,56,11,-142,54
IQ:8,72,12,242,-67
IQ:9,80,255,-80,-244
IQ:10,88,1,-203,34
IQ:11,96,255,48,165
IQ:12,104,2,128,-47
IQ:13,112,255,-88,-117
IQ:14,120,10,-147,85
IQ:15,128,255,103,115
IQ:16,136,3,35,-140
IQ:17,144,255,-218,-45
IQ:18,152,9,-196,168
IQ:19,160,255,156,107
IQ:20,168,4,54,-281
IQ:21,176,255,-226,-39
IQ:22,184,8,162,228
IQ:23,192,255,257,-85
IQ:24,200,7,6,-100
IQ:25,208,255,-117,55
IQ:26,216,6,90,194
IQ:27,224,255,200,-74
IQ:28,232,5,-24,-142
IQ:29,240,255,-116,80
IQ:30,248,12,171,191
IQ:31,256,255,189,-137
IQ:32,264,1,-106,-157
IQ:33,272,255,-138,107
IQ:34,280,2,95,103
IQ:35,288,255,62,-107
SW:2
RR:3
SS:3
FR:2480
ME:359
MA:353
KE:1
KA:353
DF_END

Data arrived...
DF_BEGIN
IQ:0,0,11,90,150
IQ:1,8,11,145,-102
IQ:2,16,11,-112,-149
IQ:3,24,11,-132,115
IQ:4,32,11,141,102
IQ:5,40,11,96,-154
IQ:6,48,11,-154,-85
IQ:7,56,11,-81,166
IQ:8,72,12,67,-193
IQ:9,80,255,-188,-13
IQ:10,88,1,8,266
IQ:11,96,255,195,28
IQ:12,104,2,-156,-94
IQ:13,112,255,-162,162
IQ:14,120,10,55,207
IQ:15,128,255,149,-93
IQ:16,136,3,-250,-168
IQ:17,144,255,-201,209
IQ:18,152,9,148,167
IQ:19,160,255,165,-181
IQ:20,168,4,-150,-254
IQ:21,176,255,-187,129
IQ:22,184,8,165,146
IQ:23,192,255,113,-162
IQ:24,200,7,-189,-53
IQ:25,208,255,-56,183
IQ:26,216,6,181,37
IQ:27,224,255,27,-195
IQ:28,232,5,-139,-59
IQ:29,240,255,-5,152
IQ:30,248,12,206,-13
IQ:31,256,255,-51,-187
IQ:32,264,1,-243,110
IQ:33,272,255,68,177
IQ:34,280,2,26,-182
IQ:35,288,255,-216,-89
SW:2
RR:3
SS:3
FR:2426
ME:5
MA:353
KE:1
KA:353
DF_END

Data arrived...
DF_BEGIN
IQ:0,0,11,-119,-132
IQ:1,8,11,-133,124
IQ:2,16,11,138,121
IQ:3,24,11,91,-147
IQ:4,32,11,-155,-81
IQ:5,40,11,-60,172
IQ:6,48,11,164,49
IQ:7,56,11,21,-175
IQ:8,72,12,-5,199
IQ:9,80,255,179,-41
IQ:10,88,1,-62,-255
IQ:11,96,255,-204,28
IQ:12,104,2,179,48
IQ:13,112,255,125,-206
IQ:14,120,10,-97,-198
IQ:15,128,255,-124,118
IQ:16,136,3,276,134
IQ:17,144,255,166,-228
IQ:18,152,9,-182,-122
IQ:19,160,255,-112,212
IQ:20,168,4,212,205
IQ:21,176,255,147,-171
IQ:22,184,8,-195,-109
IQ:23,192,255,-74,187
IQ:24,200,7,197,5
IQ:25,208,255,11,-202
IQ:26,216,6,-187,21
IQ:27,224,255,13,192
IQ:28,232,5,155,20
IQ:29,240,255,-41,-147
IQ:30,248,12,-184,66
IQ:31,256,255,99,159
IQ:32,264,1,213,-152
IQ:33,272,255,-105,-173
IQ:34,280,2,18,180
IQ:35,288,255,225,40
SW:2
RR:3
SS:3
FR:2426
ME:5
MA:353
KE:1
KA:353
DF_END

Data arrived...
DF_BEGIN
IQ:0,0,11,-109,159
IQ:1,8,11,172,97
IQ:2,16,11,82,-179
IQ:3,24,11,-187,-72
IQ:4,32,11,-64,185
IQ:5,40,11,189,40
IQ:6,48,11,23,-199
IQ:7,56,11,-196,-10
IQ:8,72,12,219,-44
IQ:9,80,255,-75,-203
IQ:10,88,1,-224,96
IQ:11,96,255,63,207
IQ:12,104,2,112,-104
IQ:13,112,255,-134,-143
IQ:14,120,10,-170,94
IQ:15,128,255,105,129
IQ:16,136,3,74,-184
IQ:17,144,255,-206,-83
IQ:18,152,9,-92,173
IQ:19,160,255,205,72
IQ:20,168,4,125,-240
IQ:21,176,255,-207,-114
IQ:22,184,8,-41,215
IQ:23,192,255,214,25
IQ:24,200,7,-17,-206
IQ:25,208,255,-214,38
IQ:26,216,6,36,203
IQ:27,224,255,210,-26
IQ:28,232,5,-38,-179
IQ:29,240,255,-154,83
IQ:30,248,12,122,184
IQ:31,256,255,175,-128
IQ:32,264,1,-159,-176
IQ:33,272,255,-156,139
IQ:34,280,2,140,58
IQ:35,288,255,65,-181
SW:2
RR:3
SS:3
FR:2402
ME:359
MA:5
KE:1
KA:354
DF_END

Data arrived...
DF_BEGIN
IQ:0,0,11,155,-4
IQ:1,8,11,-1,-147
IQ:2,16,11,-148,22
IQ:3,24,11,47,142
IQ:4,32,11,136,-59
IQ:5,40,11,-66,-135
IQ:6,48,11,-118,83
IQ:7,56,11,89,135
IQ:8,72,12,-157,-201
IQ:9,80,255,-180,157
IQ:10,88,1,100,163
IQ:11,96,255,130,-128
IQ:12,104,2,-96,-92
IQ:13,112,255,-79,116
IQ:14,120,10,173,102
IQ:15,128,255,68,-132
IQ:16,136,3,-141,31
IQ:17,144,255,-1,237
IQ:18,152,9,226,114
IQ:19,160,255,40,-176
IQ:20,168,4,-287,37
IQ:21,176,255,34,226
IQ:22,184,8,128,-236
IQ:23,192,255,-203,-191
IQ:24,200,7,-108,21
IQ:25,208,255,89,90
IQ:26,216,6,153,-135
IQ:27,224,255,-118,-171
IQ:28,232,5,-134,72
IQ:29,240,255,117,93
IQ:30,248,12,117,-232
IQ:31,256,255,-213,-136
IQ:32,264,1,-75,172
IQ:33,272,255,163,90
IQ:34,280,2,74,-117
IQ:35,288,255,-127,-28
SW:2
RR:3
SS:3
FR:2480
ME:359
MA:353
KE:1
KA:354
DF_END

Data arrived...
DF_BEGIN
IQ:0,0,11,114,-98
IQ:1,8,11,-87,-113
IQ:2,16,11,-105,105
IQ:3,24,11,106,105
IQ:4,32,11,74,-122
IQ:5,40,11,-132,-76
IQ:6,48,11,-49,132
IQ:7,56,11,147,44
IQ:8,72,12,-161,-23
IQ:9,80,255,2,157
IQ:10,88,1,216,-19
IQ:11,96,255,-12,-162
IQ:12,104,2,-63,139
IQ:13,112,255,151,121
IQ:14,120,10,163,-56
IQ:15,128,255,-85,-107
IQ:16,136,3,-124,215
IQ:17,144,255,185,146
IQ:18,152,9,126,-138
IQ:19,160,255,-171,-116
IQ:20,168,4,-184,165
IQ:21,176,255,130,133
IQ:22,184,8,96,-160
IQ:23,192,255,-157,-79
IQ:24,200,7,-30,149
IQ:25,208,255,157,14
IQ:26,216,6,2,-165
IQ:27,224,255,-154,10
IQ:28,232,5,-30,118
IQ:29,240,255,114,-10
IQ:30,248,12,-15,-169
IQ:31,256,255,-146,55
IQ:32,264,1,112,169
IQ:33,272,255,144,-84
IQ:34,280,2,-146,9
IQ:35,288,255,-53,177
SW:2
RR:3
SS:3
FR:2426
ME:2
MA:353
KE:1
KA:354
DF_END

Data arrived...
DF_BEGIN
IQ:0,0,11,81,120
IQ:1,8,11,118,-103
IQ:2,16,11,-103,-102
IQ:3,24,11,-86,93
IQ:4,32,11,137,61
IQ:5,40,11,41,-144
IQ:6,48,11,-80,66
IQ:7,56,11,-65,133
IQ:8,72,12,30,-169
IQ:9,80,255,-171,1
IQ:10,88,1,32,214
IQ:11,96,255,169,-11
IQ:12,104,2,-190,-35
IQ:13,112,255,-128,111
IQ:14,120,10,51,177
IQ:15,128,255,118,-100
IQ:16,136,3,-224,-155
IQ:17,144,255,-139,204
IQ:18,152,9,148,120
IQ:19,160,255,107,-191
IQ:20,168,4,-165,-152
IQ:21,176,255,-143,166
IQ:22,184,8,149,98
IQ:23,192,255,-74,-197
IQ:24,200,7,-128,-34
IQ:25,208,255,-62,183
IQ:26,216,6,151,18
IQ:27,224,255,119,-5
IQ:28,232,5,-117,-23
IQ:29,240,255,-16,104
IQ:30,248,12,155,6
IQ:31,256,255,-129,-131
IQ:32,264,1,-183,143
IQ:33,272,255,85,154
IQ:34,280,2,1,-193
IQ:35,288,255,-170,-82
SW:2
RR:3
SS:3
FR:2426
ME:10
MA:16
KE:2
KA:356
DF_END

Data arrived...
DF_BEGIN
IQ:0,0,11,-116,-105
IQ:1,8,11,-99,118
IQ:2,16,11,131,85
IQ:3,24,11,80,-140
IQ:4,32,11,-141,-62
IQ:5,40,11,-46,150
IQ:6,48,11,147,46
IQ:7,56,11,21,-155
IQ:8,72,12,17,169
IQ:9,80,255,169,-30
IQ:10,88,1,-43,-183
IQ:11,96,255,-166,39
IQ:12,104,2,75,90
IQ:13,112,255,109,-107
IQ:14,120,10,-71,-145
IQ:15,128,255,-108,81
IQ:16,136,3,143,78
IQ:17,144,255,99,-142
IQ:18,152,9,-126,-92
IQ:19,160,255,-79,155
IQ:20,168,4,173,122
IQ:21,176,255,113,-148
IQ:22,184,8,-159,-57
IQ:23,192,255,-49,158
IQ:24,200,7,158,-4
IQ:25,208,255,-6,-181
IQ:26,216,6,-160,-4
IQ:27,224,255,11,166
IQ:28,232,5,141,-1
IQ:29,240,255,-32,-136
IQ:30,248,12,-157,65
IQ:31,256,255,90,145
IQ:32,264,1,150,-119
IQ:33,272,255,-96,-146
IQ:34,280,2,-62,100
IQ:35,288,255,128,67
SW:2
RR:3
SS:3
FR:2402
ME:2
MA:353
KE:2
KA:356
DF_END

Data arrived...
DF_BEGIN
IQ:0,0,11,118,-109
IQ:1,8,11,-113,-118
IQ:2,16,11,-104,118
IQ:3,24,11,132,80
IQ:4,32,11,87,-135
IQ:5,40,11,-130,-59
IQ:6,48,11,-28,153
IQ:7,56,11,152,38
IQ:8,72,12,-263,-46
IQ:9,80,255,-43,242
IQ:10,88,1,180,70
IQ:11,96,255,32,-188
IQ:12,104,2,-147,-27
IQ:13,112,255,13,143
IQ:14,120,10,197,-16
IQ:15,128,255,-25,-171
IQ:16,136,3,-105,107
IQ:17,144,255,144,179
IQ:18,152,9,248,-41
IQ:19,160,255,-88,-175
IQ:20,168,4,-196,215
IQ:21,176,255,178,162
IQ:22,184,8,-42,-276
IQ:23,192,255,-286,-21
IQ:24,200,7,-72,76
IQ:25,208,255,113,0
IQ:26,216,6,25,-218
IQ:27,224,255,-214,-56
IQ:28,232,5,-53,143
IQ:29,240,255,151,-10
IQ:30,248,12,-49,-256
IQ:31,256,255,-238,30
IQ:32,264,1,22,194
IQ:33,272,255,190,-39
IQ:34,280,2,-21,-146
IQ:35,288,255,-116,50
SW:2
RR:3
SS:3
FR:2480
ME:359
MA:353
KE:2
KA:355
DF_END

Data arrived...
DF_BEGIN
IQ:0,0,11,-102,119
IQ:1,8,11,124,97
IQ:2,16,11,62,-138
IQ:3,24,11,-144,-51
IQ:4,32,11,-41,152
IQ:5,40,11,149,31
IQ:6,48,11,5,-156
IQ:7,56,11,-142,5
IQ:8,72,12,258,-26
IQ:9,80,255,0,-249
IQ:10,88,1,-192,-25
IQ:11,96,255,-6,189
IQ:12,104,2,130,-1
IQ:13,112,255,-61,-132
IQ:14,120,10,-177,56
IQ:15,128,255,67,149
IQ:16,136,3,76,-135
IQ:17,144,255,-183,-144
IQ:18,152,9,-260,52
IQ:19,160,255,98,120
IQ:20,168,4,109,-276
IQ:21,176,255,-210,-111
IQ:22,184,8,88,268
IQ:23,192,255,280,-26
IQ:24,200,7,52,-93
IQ:25,208,255,-131,30
IQ:26,216,6,9,196
IQ:27,224,255,209,11
IQ:28,232,5,32,-146
IQ:29,240,255,-135,37
IQ:30,248,12,98,234
IQ:31,256,255,228,-87
IQ:32,264,1,-66,-177
IQ:33,272,255,-175,71
IQ:34,280,2,44,131
IQ:35,288,255,105,-67
SW:2
RR:3
SS:3
FR:2480
ME:359
MA:353
KE:1
KA:355
DF_END

Data arrived...
DF_BEGIN
IQ:0,0,11,59,-116
IQ:1,8,11,-150,-16
IQ:2,16,11,-25,140
IQ:3,24,11,150,24
IQ:4,32,11,-13,-154
IQ:5,40,11,-218,-18
IQ:6,48,11,31,149
IQ:7,56,11,131,-52
IQ:8,72,12,-259,29
IQ:9,80,255,85,143
IQ:10,88,1,165,-134
IQ:11,96,255,-123,-105
IQ:12,104,2,-75,179
IQ:13,112,255,232,1
IQ:14,120,10,102,-158
IQ:15,128,255,-138,-61
IQ:16,136,3,-39,326
IQ:17,144,255,222,-9
IQ:18,152,9,19,-180
IQ:19,160,255,-197,10
IQ:20,168,4,-87,219
IQ:21,176,255,182,89
IQ:22,184,8,5,-198
IQ:23,192,255,-171,37
IQ:24,200,7,82,211
IQ:25,208,255,134,-86
IQ:26,216,6,-76,-142
IQ:27,224,255,-143,81
IQ:28,232,5,105,78
IQ:29,240,255,84,-96
IQ:30,248,12,-99,-123
IQ:31,256,255,-87,159
IQ:32,264,1,99,92
IQ:33,272,255,77,-146
IQ:34,280,2,-128,64
IQ:35,288,255,70,140
SW:2
RR:3
SS:3
FR:2426
ME:2
MA:353
KE:1
KA:355
DF_END

Data arrived...
DF_BEGIN
IQ:0,0,11,-56,193
IQ:1,8,11,194,12
IQ:2,16,11,-11,-193
IQ:3,24,11,-199,16
IQ:4,32,11,26,200
IQ:5,40,11,190,-50
IQ:6,48,11,-75,-187
IQ:7,56,11,-178,91
IQ:8,72,12,183,-120
IQ:9,80,255,-142,-171
IQ:10,88,1,-153,169
IQ:11,96,255,152,159
IQ:12,104,2,49,-146
IQ:13,112,255,-191,-67
IQ:14,120,10,-113,167
IQ:15,128,255,162,50
IQ:16,136,3,-26,-203
IQ:17,144,255,-231,2
IQ:18,152,9,-28,198
IQ:19,160,255,212,-19
IQ:20,168,4,6,-276
IQ:21,176,255,-225,-10
IQ:22,184,8,72,213
IQ:23,192,255,202,-80
IQ:24,200,7,-104,-182
IQ:25,208,255,-179,123
IQ:26,216,6,115,161
IQ:27,224,255,164,-136
IQ:28,232,5,-106,-147
IQ:29,240,255,-116,134
IQ:30,248,12,183,122
IQ:31,256,255,92,-198
IQ:32,264,1,-217,-96
IQ:33,272,255,-83,195
IQ:34,280,2,161,-14
IQ:35,288,255,-9,-193
SW:2
RR:3
SS:3
FR:2402
ME:2
MA:353
KE:1
KA:355
DF_END

Data arrived...
DF_BEGIN
IQ:0,0,11,-199,-21
IQ:1,8,11,-18,200
IQ:2,16,11,189,-14
IQ:3,24,11,-24,-204
IQ:4,32,11,-200,17
IQ:5,40,11,57,182
IQ:6,48,11,186,-81
IQ:7,56,11,-77,-188
IQ:8,72,12,133,177
IQ:9,80,255,156,-146
IQ:10,88,1,-173,-155
IQ:11,96,255,-154,151
IQ:12,104,2,144,62
IQ:13,112,255,52,-183
IQ:14,120,10,-179,-107
IQ:15,128,255,-67,161
IQ:16,136,3,205,-3
IQ:17,144,255,14,-220
IQ:18,152,9,-193,-17
IQ:19,160,255,27,221
IQ:20,168,4,271,13
IQ:21,176,255,-3,-236
IQ:22,184,8,-214,55
IQ:23,192,255,88,196
IQ:24,200,7,171,-130
IQ:25,208,255,-122,-182
IQ:26,216,6,-170,121
IQ:27,224,255,123,171
IQ:28,232,5,155,-99
IQ:29,240,255,-131,-114
IQ:30,248,12,-114,194
IQ:31,256,255,194,102
IQ:32,264,1,86,-229
IQ:33,272,255,-200,-93
IQ:34,280,2,1,154
IQ:35,288,255,187,-11
SW:2
RR:3
SS:3
FR:2402
ME:359
MA:5
KE:1
KA:356
DF_END

Data arrived...
DF_BEGIN
IQ:0,0,11,-138,-48
IQ:1,8,11,-63,145
IQ:2,16,11,140,43
IQ:3,24,11,17,-144
IQ:4,32,11,-164,-8
IQ:5,40,11,-4,159
IQ:6,48,11,156,0
IQ:7,56,11,-22,-133
IQ:8,72,12,65,262
IQ:9,80,255,246,-36
IQ:10,88,1,-15,-176
IQ:11,96,255,-163,48
IQ:12,104,2,61,154
IQ:13,112,255,136,-71
IQ:14,120,10,-87,-151
IQ:15,128,255,-141,95
IQ:16,136,3,151,58
IQ:17,144,255,79,-197
IQ:18,152,9,-148,-218
IQ:19,160,255,-114,137
IQ:20,168,4,297,91
IQ:21,176,255,76,-215
IQ:22,184,8,-222,145
IQ:23,192,255,73,281
IQ:24,200,7,107,45
IQ:25,208,255,-30,-108
IQ:26,216,6,-194,67
IQ:27,224,255,37,238
IQ:28,232,5,160,29
IQ:29,240,255,-69,-111
IQ:30,248,12,-205,165
IQ:31,256,255,117,230
IQ:32,264,1,162,-83
IQ:33,272,255,-121,-140
IQ:34,280,2,-109,98
IQ:35,288,255,120,75
SW:2
RR:3
SS:3
FR:2480
ME:359
MA:353
KE:1
KA:356
DF_END

Data arrived...
DF_BEGIN
IQ:0,0,11,-40,-113
IQ:1,8,11,-79,54
IQ:2,16,11,50,98
IQ:3,24,11,92,-69
IQ:4,32,11,-74,-90
IQ:5,40,11,-62,86
IQ:6,48,11,133,135
IQ:7,56,11,116,-168
IQ:8,72,12,12,179
IQ:9,80,255,119,69
IQ:10,88,1,41,-204
IQ:11,96,255,-119,27
IQ:12,104,2,73,65
IQ:13,112,255,194,-71
IQ:14,120,10,-63,-105
IQ:15,128,255,-102,64
IQ:16,136,3,188,146
IQ:17,144,255,135,-157
IQ:18,152,9,-85,-107
IQ:19,160,255,-103,71
IQ:20,168,4,85,198
IQ:21,176,255,137,-54
IQ:22,184,8,-98,-93
IQ:23,192,255,-128,102
IQ:24,200,7,77,23
IQ:25,208,255,25,-111
IQ:26,216,6,-144,-62
IQ:27,224,255,1,101
IQ:28,232,5,21,9
IQ:29,240,255,44,-36
IQ:30,248,12,-178,-3
IQ:31,256,255,20,118
IQ:32,264,1,179,-58
IQ:33,272,255,15,-22
IQ:34,280,2,-17,92
IQ:35,288,255,124,67
SW:2
RR:3
SS:3
FR:2426
ME:2
MA:353
KE:1
KA:355
DF_END

Data arrived...
DF_BEGIN
IQ:0,0,11,104,-167
IQ:1,8,11,-178,-86
IQ:2,16,11,-83,174
IQ:3,24,11,182,79
IQ:4,32,11,47,-190
IQ:5,40,11,-196,-42
IQ:6,48,11,-25,194
IQ:7,56,11,191,-10
IQ:8,72,12,-209,65
IQ:9,80,255,72,203
IQ:10,88,1,216,-106
IQ:11,96,255,-76,-211
IQ:12,104,2,-106,113
IQ:13,112,255,149,123
IQ:14,120,10,159,-121
IQ:15,128,255,-124,-116
IQ:16,136,3,-67,193
IQ:17,144,255,203,82
IQ:18,152,9,95,-178
IQ:19,160,255,-205,-59
IQ:20,168,4,-109,251
IQ:21,176,255,212,98
IQ:22,184,8,27,-222
IQ:23,192,255,-216,-17
IQ:24,200,7,29,205
IQ:25,208,255,214,-37
IQ:26,216,6,-23,-201
IQ:27,224,255,-208,36
IQ:28,232,5,25,183
IQ:29,240,255,156,-76
IQ:30,248,12,-136,-173
IQ:31,256,255,-167,144
IQ:32,264,1,161,168
IQ:33,272,255,154,-154
IQ:34,280,2,-148,-52
IQ:35,288,255,-58,181
SW:2
RR:3
SS:3
FR:2402
ME:2
MA:353
KE:1
KA:355
DF_END

Data arrived...
DF_BEGIN
IQ:0,0,11,-89,111
IQ:1,8,11,128,76
IQ:2,16,11,65,-146
IQ:3,24,11,-151,-51
IQ:4,32,11,-42,154
IQ:5,40,11,148,38
IQ:6,48,11,9,-150
IQ:7,56,11,-161,8
IQ:8,72,12,248,-27
IQ:9,80,255,-21,-238
IQ:10,88,1,-192,3
IQ:11,96,255,36,204
IQ:12,104,2,149,-23
IQ:13,112,255,-67,-144
IQ:14,120,10,-180,58
IQ:15,128,255,72,149
IQ:16,136,3,69,-124
IQ:17,144,255,-191,-131
IQ:18,152,9,-244,96
IQ:19,160,255,115,133
IQ:20,168,4,118,-277
IQ:21,176,255,-197,-105
IQ:22,184,8,115,252
IQ:23,192,255,289,-26
IQ:24,200,7,45,-79
IQ:25,208,255,-120,26
IQ:26,216,6,15,214
IQ:27,224,255,207,10
IQ:28,232,5,40,-146
IQ:29,240,255,-153,51
IQ:30,248,12,99,