IQ:25,208,255,31,-148
IQ:26,216,6,-179,-10
IQ:27,224,255,-9,172
IQ:28,232,5,139,83
IQ:29,240,255,14,-106
IQ:30,248,12,-159,9
IQ:31,256,255,149,88
IQ:32,264,1,171,-81
IQ:33,272,255,-54,-132
IQ:34,280,2,-43,173
IQ:35,288,255,112,82
SW:2
RR:3
SS:3
FR:2426
ME:5
MA:5
KE:2
KA:358
DF_END

Data arrived...
DF_BEGIN
IQ:0,0,11,-132,-130
IQ:1,8,11,-116,143
IQ:2,16,11,160,95
IQ:3,24,11,77,-167
IQ:4,32,11,-169,-80
IQ:5,40,11,-62,179
IQ:6,48,11,177,56
IQ:7,56,11,48,-181
IQ:8,72,12,-8,204
IQ:9,80,255,204,-15
IQ:10,88,1,-20,-225
IQ:11,96,255,-205,14
IQ:12,104,2,73,131
IQ:13,112,255,160,-93
IQ:14,120,10,-62,-178
IQ:15,128,255,-151,76
IQ:16,136,3,150,110
IQ:17,144,255,128,-160
IQ:18,152,9,-127,-128
IQ:19,160,255,-109,163
IQ:20,168,4,193,172
IQ:21,176,255,162,-149
IQ:22,184,8,-180,-95
IQ:23,192,255,-73,193
IQ:24,200,7,194,39
IQ:25,208,255,40,-201
IQ:26,216,6,-186,-40
IQ:27,224,255,-32,191
IQ:28,232,5,172,16
IQ:29,240,255,-15,-169
IQ:30,248,12,-202,55
IQ:31,256,255,63,197
IQ:32,264,1,210,-79
IQ:33,272,255,-62,-190
IQ:34,280,2,-101,104
IQ:35,288,255,138,112
SW:2
RR:3
SS:3
FR:2402
ME:359
MA:5
KE:2
KA:359
DF_END

Data arrived...
DF_BEGIN
IQ:0,0,11,77,172
IQ:1,8,11,152,-77
IQ:2,16,11,-88,-168
IQ:3,24,11,-166,92
IQ:4,32,11,108,155
IQ:5,40,11,125,-120
IQ:6,48,11,-141,-130
IQ:7,56,11,-105,151
IQ:8,72,12,157,-213
IQ:9,80,255,-192,-173
IQ:10,88,1,-140,157
IQ:11,96,255,150,139
IQ:12,104,2,79,-146
IQ:13,112,255,-157,-41
IQ:14,120,10,-44,228
IQ:15,128,255,196,20
IQ:16,136,3,-14,-204
IQ:17,144,255,-253,49
IQ:18,152,9,-48,291
IQ:19,160,255,244,-7
IQ:20,168,4,-93,-314
IQ:21,176,255,-267,73
IQ:22,184,8,214,190
IQ:23,192,255,202,-199
IQ:24,200,7,-124,-120
IQ:25,208,255,-132,144
IQ:26,216,6,178,133
IQ:27,224,255,187,-170
IQ:28,232,5,-86,-101
IQ:29,240,255,-48,131
IQ:30,248,12,241,106
IQ:31,256,255,107,-237
IQ:32,264,1,-213,-89
IQ:33,272,255,-89,183
IQ:34,280,2,145,34
IQ:35,288,255,4,-161
SW:2
RR:3
SS:3
FR:2480
ME:359
MA:353
KE:2
KA:358
DF_END

Data arrived...
DF_BEGIN
IQ:0,0,11,-135,-59
IQ:1,8,11,-43,130
IQ:2,16,11,126,32
IQ:3,24,11,78,-118
IQ:4,32,11,-133,-20
IQ:5,40,11,-16,132
IQ:6,48,11,106,7
IQ:7,56,11,-26,-129
IQ:8,72,12,26,166
IQ:9,80,255,103,33
IQ:10,88,1,-109,-184
IQ:11,96,255,-173,85
IQ:12,104,2,155,-8
IQ:13,112,255,123,-211
IQ:14,120,10,-103,-140
IQ:15,128,255,-69,111
IQ:16,136,3,254,-29
IQ:17,144,255,82,-275
IQ:18,152,9,-181,-21
IQ:19,160,255,-30,173
IQ:20,168,4,260,205
IQ:21,176,255,107,-144
IQ:22,184,8,-211,-53
IQ:23,192,255,-67,197
IQ:24,200,7,115,-61
IQ:25,208,255,-95,-186
IQ:26,216,6,-137,58
IQ:27,224,255,61,148
IQ:28,232,5,168,13
IQ:29,240,255,-45,-90
IQ:30,248,12,-144,64
IQ:31,256,255,108,164
IQ:32,264,1,155,-149
IQ:33,272,255,-113,-145
IQ:34,280,2,123,60
IQ:35,288,255,173,26
SW:2
RR:3
SS:3
FR:2426
ME:2
MA:353
KE:2
KA:358
DF_END

Data arrived...
DF_BEGIN
IQ:0,0,11,146,-112
IQ:1,8,11,-120,-138
IQ:2,16,11,-123,130
IQ:3,24,11,144,117
IQ:4,32,11,110,-139
IQ:5,40,11,-159,-96
IQ:6,48,11,-97,163
IQ:7,56,11,162,72
IQ:8,72,12,-200,-34
IQ:9,80,255,-42,204
IQ:10,88,1,208,30
IQ:11,96,255,9,-197
IQ:12,104,2,-136,53
IQ:13,112,255,81,165
IQ:14,120,10,186,-39
IQ:15,128,255,-52,-154
IQ:16,136,3,-147,111
IQ:17,144,255,116,167
IQ:18,152,9,140,-90
IQ:19,160,255,-140,-142
IQ:20,168,4,-202,155
IQ:21,176,255,122,182
IQ:22,184,8,110,-169
IQ:23,192,255,-168,-108
IQ:24,200,7,-79,172
IQ:25,208,255,186,72
IQ:26,216,6,72,-173
IQ:27,224,255,-179,-76
IQ:28,232,5,-75,159
IQ:29,240,255,159,24
IQ:30,248,12,-11,-207
IQ:31,256,255,-198,32
IQ:32,264,1,43,226
IQ:33,272,255,194,-22
IQ:34,280,2,-80,-121
IQ:35,288,255,-146,113
SW:2
RR:3
SS:3
FR:2402
ME:359
MA:5
KE:1
KA:359
DF_END

Data arrived...
DF_BEGIN
IQ:0,0,11,160,56
IQ:1,8,11,33,-173
IQ:2,16,11,-181,-13
IQ:3,24,11,-2,188
IQ:4,32,11,154,-8
IQ:5,40,11,-32,-157
IQ:6,48,11,-176,32
IQ:7,56,11,53,171
IQ:8,72,12,-104,-256
IQ:9,80,255,-248,64
IQ:10,88,1,37,218
IQ:11,96,255,183,-72
IQ:12,104,2,-89,-135
IQ:13,112,255,-120,126
IQ:14,120,10,145,147
IQ:15,128,255,128,-153
IQ:16,136,3,-171,-84
IQ:17,144,255,-114,226
IQ:18,152,9,195,203
IQ:19,160,255,126,-201
IQ:20,168,4,-294,-117
IQ:21,176,255,-84,231
IQ:22,184,8,267,-96
IQ:23,192,255,-52,-292
IQ:24,200,7,-155,10
IQ:25,208,255,57,184
IQ:26,216,6,223,-32
IQ:27,224,255,-23,-223
IQ:28,232,5,-146,-2
IQ:29,240,255,101,130
IQ:30,248,12,225,-138
IQ:31,256,255,-113,-222
IQ:32,264,1,-192,101
IQ:33,272,255,116,173
IQ:34,280,2,114,-100
IQ:35,288,255,-120,-90
SW:2
RR:3
SS:3
FR:2480
ME:359
MA:353
KE:1
KA:358
DF_END

Data arrived...
DF_BEGIN
IQ:0,0,11,15,181
IQ:1,8,11,175,-32
IQ:2,16,11,-24,-180
IQ:3,24,11,-166,46
IQ:4,32,11,50,150
IQ:5,40,11,166,-86
IQ:6,48,11,-98,-139
IQ:7,56,11,-139,93
IQ:8,72,12,198,-200
IQ:9,80,255,-169,-222
IQ:10,88,1,-194,90
IQ:11,96,255,106,167
IQ:12,104,2,108,-113
IQ:13,112,255,-159,-72
IQ:14,120,10,-109,180
IQ:15,128,255,170,74
IQ:16,136,3,7,-192
IQ:17,144,255,-242,-24
IQ:18,152,9,-134,248
IQ:19,160,255,231,61
IQ:20,168,4,37,-319
IQ:21,176,255,-239,-22
IQ:22,184,8,161,230
IQ:23,192,255,245,-142
IQ:24,200,7,-69,-152
IQ:25,208,255,-162,97
IQ:26,216,6,114,189
IQ:27,224,255,206,-83
IQ:28,232,5,-35,-129
IQ:29,240,255,-82,114
IQ:30,248,12,210,175
IQ:31,256,255,184,-186
IQ:32,264,1,-152,-149
IQ:33,272,255,-145,159
IQ:34,280,2,123,70
IQ:35,288,255,59,-133
SW:2
RR:3
SS:3
FR:2480
ME:359
MA:353
KE:0
KA:357
DF_END

Data arrived...
DF_BEGIN
IQ:0,0,11,-52,78
IQ:1,8,11,132,35
IQ:2,16,11,12,-136
IQ:3,24,11,-133,-13
IQ:4,32,11,-57,110
IQ:5,40,11,150,-11
IQ:6,48,11,-13,-124
IQ:7,56,11,-113,1
IQ:8,72,12,180,-49
IQ:9,80,255,-85,-151
IQ:10,88,1,-33,129
IQ:11,96,255,59,150
IQ:12,104,2,-14,-126
IQ:13,112,255,-199,-70
IQ:14,120,10,-95,185
IQ:15,128,255,130,64
IQ:16,136,3,10,-260
IQ:17,144,255,-210,-15
IQ:18,152,9,-45,180
IQ:19,160,255,255,49
IQ:20,168,4,104,-228
IQ:21,176,255,-96,-159
IQ:22,184,8,-55,207
IQ:23,192,255,180,42
IQ:24,200,7,-92,-167
IQ:25,208,255,-158,-15
IQ:26,216,6,4,130
IQ:27,224,255,177,-26
IQ:28,232,5,40,-129
IQ:29,240,255,-128,3
IQ:30,248,12,66,136
IQ:31,256,255,154,-104
IQ:32,264,1,-74,-100
IQ:33,272,255,-127,115
IQ:34,280,2,108,-33
IQ:35,288,255,-36,-230
SW:2
RR:3
SS:3
FR:2426
ME:2
MA:353
KE:0
KA:357
DF_END

Data arrived...
DF_BEGIN
IQ:0,0,11,65,-148
IQ:1,8,11,-150,-51
IQ:2,16,11,-40,171
IQ:3,24,11,165,33
IQ:4,32,11,7,-170
IQ:5,40,11,-169,14
IQ:6,48,11,4,162
IQ:7,56,11,160,-19
IQ:8,72,12,-197,40
IQ:9,80,255,92,150
IQ:10,88,1,219,-142
IQ:11,96,255,-93,-175
IQ:12,104,2,-2,172
IQ:13,112,255,218,66
IQ:14,120,10,112,-142
IQ:15,128,255,-133,-50
IQ:16,136,3,20,313
IQ:17,144,255,278,54
IQ:18,152,9,9,-223
IQ:19,160,255,-268,-42
IQ:20,168,4,-127,282
IQ:21,176,255,210,100
IQ:22,184,8,36,-247
IQ:23,192,255,-222,-21
IQ:24,200,7,53,145
IQ:25,208,255,173,-80
IQ:26,216,6,-69,-194
IQ:27,224,255,-193,70
IQ:28,232,5,-16,170
IQ:29,240,255,155,-33
IQ:30,248,12,-98,-176
IQ:31,256,255,-129,115
IQ:32,264,1,195,153
IQ:33,272,255,145,-146
IQ:34,280,2,-176,35
IQ:35,288,255,-9,212
SW:2
RR:3
SS:3
FR:2426
ME:2
MA:353
KE:0
KA:356
DF_END

Data arrived...
DF_BEGIN
IQ:0,0,11,-166,80
IQ:1,8,11,98,152
IQ:2,16,11,152,-116
IQ:3,24,11,-117,-141
IQ:4,32,11,-124,131
IQ:5,40,11,141,111
IQ:6,48,11,100,-149
IQ:7,56,11,-160,-84
IQ:8,72,12,194,63
IQ:9,80,255,61,-204
IQ:10,88,1,-213,-57
IQ:11,96,255,-45,184
IQ:12,104,2,140,-48
IQ:13,112,255,-53,-179
IQ:14,120,10,-185,7
IQ:15,128,255,28,157
IQ:16,136,3,143,-106
IQ:17,144,255,-112,-169
IQ:18,152,9,-157,70
IQ:19,160,255,111,150
IQ:20,168,4,220,-120
IQ:21,176,255,-116,-185
IQ:22,184,8,-131,146
IQ:23,192,255,151,132
IQ:24,200,7,100,-163
IQ:25,208,255,-166,-99
IQ:26,216,6,-91,163
IQ:27,224,255,171,91
IQ:28,232,5,72,-156
IQ:29,240,255,-163,-38
IQ:30,248,12,-21,201
IQ:31,256,255,209,6
IQ:32,264,1,6,-215
IQ:33,272,255,-197,9
IQ:34,280,2,70,131
IQ:35,288,255,154,-90
SW:2
RR:3
SS:3
FR:2402
ME:2
MA:353
KE:1
KA:356
DF_END

Data arrived...
DF_BEGIN
IQ:0,0,11,83,166
IQ:1,8,11,154,-114
IQ:2,16,11,-127,-109
IQ:3,24,11,-106,144
IQ:4,32,11,145,113
IQ:5,40,11,79,-163
IQ:6,48,11,-167,-62
IQ:7,56,11,-66,168
IQ:8,72,12,88,-264
IQ:9,80,255,-249,-114
IQ:10,88,1,-103,193
IQ:11,96,255,192,79
IQ:12,104,2,35,-155
IQ:13,112,255,-186,-13
IQ:14,120,10,32,208
IQ:15,128,255,198,-39
IQ:16,136,3,-105,-171
IQ:17,144,255,-234,99
IQ:18,152,9,29,266
IQ:19,160,255,206,-89
IQ:20,168,4,-164,-283
IQ:21,176,255,-227,119
IQ:22,184,8,245,115
IQ:23,192,255,135,-263
IQ:24,200,7,-148,-109
IQ:25,208,255,-75,183
IQ:26,216,6,198,104
IQ:27,224,255,108,-197
IQ:28,232,5,-120,-76
IQ:29,240,255,-15,144
IQ:30,248,12,271,27
IQ:31,256,255,26,-260
IQ:32,264,1,-220,-59
IQ:33,272,255,-32,205
IQ:34,280,2,156,8
IQ:35,288,255,-45,-147
SW:2
RR:3
SS:3
FR:2480
ME:359
MA:353
KE:0
KA:355
DF_END

Data arrived...
DF_BEGIN
IQ:0,0,11,-46,-183
IQ:1,8,11,-174,42
IQ:2,16,11,61,191
IQ:3,24,11,174,-65
IQ:4,32,11,-81,-164
IQ:5,40,11,-159,100
IQ:6,48,11,114,150
IQ:7,56,11,132,-115
IQ:8,72,12,-197,187
IQ:9,80,255,171,199
IQ:10,88,1,164,-132
IQ:11,96,255,-139,-156
IQ:12,104,2,-89,124
IQ:13,112,255,164,51
IQ:14,120,10,70,-204
IQ:15,128,255,-210,-42
IQ:16,136,3,9,200
IQ:17,144,255,266,0
IQ:18,152,9,107,-266
IQ:19,160,255,-231,-18
IQ:20,168,4,39,312
IQ:21,176,255,255,-25
IQ:22,184,8,-191,-227
IQ:23,192,255,-257,156
IQ:24,200,7,62,150
IQ:25,208,255,152,-116
IQ:26,216,6,-145,-193
IQ:27,224,255,-198,117
IQ:28,232,5,57,126
IQ:29,240,255,85,-128
IQ:30,248,12,-234,-164
IQ:31,256,255,-150,215
IQ:32,264,1,184,115
IQ:33,272,255,113,-168
IQ:34,280,2,-129,-60
IQ:35,288,255,-21,146
SW:2
RR:3
SS:3
FR:2480
ME:359
MA:353
KE:0
KA:355
DF_END

Data arrived...
DF_BEGIN
IQ:0,0,11,118,136
IQ:1,8,11,121,-124
IQ:2,16,11,-140,-105
IQ:3,24,11,-96,148
IQ:4,32,11,149,72
IQ:5,40,11,85,-157
IQ:6,48,11,-158,-58
IQ:7,56,11,-63,162
IQ:8,72,12,25,-191
IQ:9,80,255,-203,19
IQ:10,88,1,32,260
IQ:11,96,255,202,-7
IQ:12,104,2,-165,-74
IQ:13,112,255,-142,182
IQ:14,120,10,65,200
IQ:15,128,255,115,-96
IQ:16,136,3,-269,-145
IQ:17,144,255,-181,231
IQ:18,152,9,175,139
IQ:19,160,255,145,-210
IQ:20,168,4,-212,-248
IQ:21,176,255,-199,151
IQ:22,184,8,208,144
IQ:23,192,255,115,-198
IQ:24,200,7,-164,-12
IQ:25,208,255,11,206
IQ:26,216,6,194,11
IQ:27,224,255,30,-225
IQ:28,232,5,-162,-83
IQ:29,240,255,-25,152
IQ:30,248,12,202,-3
IQ:31,256,255,-61,-172
IQ:32,264,1,-260,99
IQ:33,272,255,45,201
IQ:34,280,2,45,-172
IQ:35,288,255,-196,-88
SW:2
RR:3
SS:3
FR:2426
ME:2
MA:353
KE:0
KA:355
DF_END

Data arrived...
DF_BEGIN
IQ:0,0,11,176,34
IQ:1,8,11,18,-184
IQ:2,16,11,-181,-1
IQ:3,24,11,14,185
IQ:4,32,11,185,-20
IQ:5,40,11,-35,-178
IQ:6,48,11,-179,27
IQ:7,56,11,45,174
IQ:8,72,12,-108,-171
IQ:9,80,255,-168,127
IQ:10,88,1,134,167
IQ:11,96,255,145,-119
IQ:12,104,2,-126,-59
IQ:13,112,255,-62,166
IQ:14,120,10,152,112
IQ:15,128,255,80,-136
IQ:16,136,3,-185,-9
IQ:17,144,255,-31,208
IQ:18,152,9,165,25
IQ:19,160,255,5,-194
IQ:20,168,4,-248,-36
IQ:21,176,255,-47,206
IQ:22,184,8,186,-35
IQ:23,192,255,-39,-198
IQ:24,200,7,-173,72
IQ:25,208,255,77,182
IQ:26,216,6,175,-59
IQ:27,224,255,-67,-180
IQ:28,232,5,-161,57
IQ:29,240,255,89,129
IQ:30,248,12,151,-139
IQ:31,256,255,-143,-136
IQ:32,264,1,-129,172
IQ:33,272,255,154,115
IQ:34,280,2,22,-140
IQ:35,288,255,-178,-27
SW:2
RR:3
SS:3
FR:2402
ME:359
MA:5
KE:0
KA:355
DF_END

Data arrived...
DF_BEGIN
IQ:0,0,11,91,152
IQ:1,8,11,152,-101
IQ:2,16,11,-122,-134
IQ:3,24,11,-100,127
IQ:4,32,11,139,100
IQ:5,40,11,86,-151
IQ:6,48,11,-164,-79
IQ:7,56,11,-69,159
IQ:8,72,12,103,-252
IQ:9,80,255,-235,-124
IQ:10,88,1,-113,182
IQ:11,96,255,174,90
IQ:12,104,2,44,-142
IQ:13,112,255,-157,3
IQ:14,120,10,3,198
IQ:15,128,255,202,-24
IQ:16,136,3,-67,-164
IQ:17,144,255,-233,112
IQ:18,152,9,-8,289
IQ:19,160,255,231,-52
IQ:20,168,4,-118,-286
IQ:21,176,255,-228,115
IQ:22,184,8,253,124
IQ:23,192,255,179,-246
IQ:24,200,7,-127,-112
IQ:25,208,255,-102,165
IQ:26,216,6,172,127
IQ:27,224,255,139,-176
IQ:28,232,5,-103,-94
IQ:29,240,255,-21,147
IQ:30,248,12,277,54
IQ:31,256,255,75,-249
IQ:32,264,1,-200,-51
IQ:33,272,255,-31,209
IQ:34,280,2,159,8
IQ:35,288,255,-22,-136
SW:2
RR:3
SS:3
FR:2480
ME:2
MA:5
KE:0
KA:356
DF_END

Data arrived...
DF_BEGIN
IQ:0,0,11,-5,-129
IQ:1,8,11,-140,64
IQ:2,16,11,59,136
IQ:3,24,11,118,-64
IQ:4,32,11,-94,52
IQ:5,40,11,-108,56
IQ:6,48,11,86,97
IQ:7,56,11,90,-116
IQ:8,72,12,-115,116
IQ:9,80,255,143,87
IQ:10,88,1,121,-182
IQ:11,96,255,-166,-71
IQ:12,104,2,93,119
IQ:13,112,255,132,-77
IQ:14,120,10,-45,-184
IQ:15,128,255,-131,7
IQ:16,136,3,133,215
IQ:17,144,255,210,-167
IQ:18,152,9,-17,-226
IQ:19,160,255,-226,57
IQ:20,168,4,32,249
IQ:21,176,255,185,-65
IQ:22,184,8,-64,-194
IQ:23,192,255,-204,92
IQ:24,200,7,131,97
IQ:25,208,255,121,-137
IQ:26,216,6,-125,-91
IQ:27,224,255,-116,127
IQ:28,232,5,106,83
IQ:29,240,255,73,-80
IQ:30,248,12,-119,-78
IQ:31,256,255,-35,162
IQ:32,264,1,117,16
IQ:33,272,255,51,-158
IQ:34,280,2,-115,82
IQ:35,288,255,136,135
SW:2
RR:3
SS:3
FR:2426
ME:7
MA:24
KE:1
KA:359
DF_END

Data arrived...
DF_BEGIN
IQ:0,0,11,-165,-74
IQ:1,8,11,-50,173
IQ:2,16,11,177,44
IQ:3,24,11,28,-182
IQ:4,32,11,-186,-14
IQ:5,40,11,1,178
IQ:6,48,11,177,-18
IQ:7,56,11,-40,-177
IQ:8,72,12,69,186
IQ:9,80,255,173,-98
IQ:10,88,1,-110,-192
IQ:11,96,255,-161,105
IQ:12,104,2,118,79
IQ:13,112,255,99,-156
IQ:14,120,10,-128,-134
IQ:15,128,255,-100,120
IQ:16,136,3,183,25
IQ:17,144,255,59,-194
IQ:18,152,9,-155,-66
IQ:19,160,255,-29,189
IQ:20,168,4,241,77
IQ:21,176,255,75,-207
IQ:22,184,8,-196,-14
IQ:23,192,255,-1,203
IQ:24,200,7,182,-32
IQ:25,208,255,-52,-190
IQ:26,216,6,-178,46
IQ:27,224,255,62,184
IQ:28,232,5,171,-57
IQ:29,240,255,-76,-148
IQ:30,248,12,-167,115
IQ:31,256,255,125,157
IQ:32,264,1,162,-142
IQ:33,272,255,-138,-135
IQ:34,280,2,-39,136
IQ:35,288,255,162,51
SW:2
RR:3
SS:3
FR:2402
ME:2
MA:353
KE:1
KA:358
DF_END

Data arrived...
DF_BEGIN
IQ:0,0,11,151,-74
IQ:1,8,11,-100,-146
IQ:2,16,11,-147,101
IQ:3,24,11,109,133
IQ:4,32,11,117,-127
IQ:5,40,11,-136,-106
IQ:6,48,11,-99,147
IQ:7,56,11,147,84
IQ:8,72,12,-183,-85
IQ:9,80,255,-64,183
IQ:10,88,1,207,30
IQ:11,96,255,20,-187
IQ:12,104,2,-137,54
IQ:13,112,255,44,181
IQ:14,120,10,174,8
IQ:15,128,255,-26,-149
IQ:16,136,3,-135,112
IQ:17,144,255,113,160
IQ:18,152,9,151,-69
IQ:19,160,255,-114,-155
IQ:20,168,4,-232,105
IQ:21,176,255,95,185
IQ:22,184,8,116,-154
IQ:23,192,255,-161,-113
IQ:24,200,7,-92,163
IQ:25,208,255,165,98
IQ:26,216,6,91,-162
IQ:27,224,255,-170,-89
IQ:28,232,5,-74,145
IQ:29,240,255,158,33
IQ:30,248,12,13,-200
IQ:31,256,255,-199,-12
IQ:32,264,1,-5,211
IQ:33,272,255,185,-1
IQ:34,280,2,-76,-126
IQ:35,288,255,-155,74
SW:2
RR:3
SS:3
FR:2402
ME:2
MA:353
KE:1
KA:358
DF_END

Data arrived...
DF_BEGIN
IQ:0,0,11,111,-139
IQ:1,8,11,-153,-100
IQ:2,16,11,-88,167
IQ:3,24,11,165,84
IQ:4,32,11,47,-171
IQ:5,40,11,-183,-29
IQ:6,48,11,-33,189
IQ:7,56,11,182,6
IQ:8,72,12,-283,-5
IQ:9,80,255,-58,270
IQ:10,88,1,211,32
IQ:11,96,255,34,-220
IQ:12,104,2,-149,14
IQ:13,112,255,50,166
IQ:14,120,10,187,-89
IQ:15,128,255,-84,-181
IQ:16,136,3,-133,149
IQ:17,144,255,186,192
IQ:18,152,9,271,-79
IQ:19,160,255,-135,-177
IQ:20,168,4,-219,233
IQ:21,176,255,180,184
IQ:22,184,8,41,-281
IQ:23,192,255,-289,-69
IQ:24,200,7,-38,159
IQ:25,208,255,200,25
IQ:26,216,6,30,-235
IQ:27,224,255,-225,-72
IQ:28,232,5,-53,118
IQ:29,240,255,147,-34
IQ:30,248,12,-52,-267
IQ:31,256,255,-264,34
IQ:32,264,1,46,202
IQ:33,272,255,199,-43
IQ:34,280,2,-45,-170
IQ:35,288,255,-131,83
SW:2
RR:3
SS:3
FR:2480
ME:2
MA:5
KE:1
KA:359
DF_END

Data arrived...
DF_BEGIN
IQ:0,0,11,139,-163
IQ:1,8,11,-89,-89
IQ:2,16,11,-79,108
IQ:3,24,11,105,79
IQ:4,32,11,53,-144
IQ:5,40,11,-142,-57
IQ:6,48,11,-54,137
IQ:7,56,11,0,106
IQ:8,72,12,-175,-51
IQ:9,80,255,-46,145
IQ:10,88,1,120,43
IQ:11,96,255,32,-167
IQ:12,104,2,-69,155
IQ:13,112,255,154,166
IQ:14,120,10,133,-39
IQ:15,128,255,-53,-81
IQ:16,136,3,-153,216
IQ:17,144,255,281,311
IQ:18,152,9,111,-142
IQ:19,160,255,-159,-138
IQ:20,168,4,-208,109
IQ:21,176,255,118,57
IQ:22,184,8,130,-164
IQ:23,192,255,-106,-122
IQ:24,200,7,42,162
IQ:25,208,255,103,11
IQ:26,216,6,35,-150
IQ:27,224,255,-160,-54
IQ:28,232,5,18,24
IQ:29,240,255,84,7
IQ:30,248,12,-17,-164
IQ:31,256,255,-77,80
IQ:32,264,1,78,208
IQ:33,272,255,150,-58
IQ:34,280,2,-146,-45
IQ:35,288,255,-82,49
SW:2
RR:3
SS:3
FR:2426
ME:10
MA:234
KE:2
KA:353
DF_END

Data arrived...
DF_BEGIN
IQ:0,0,11,113,76
IQ:1,8,11,58,-119
IQ:2,16,11,-140,-36
IQ:3,24,11,-86,277
IQ:4,32,11,129,20
IQ:5,40,11,19,-149
IQ:6,48,11,-120,-14
IQ:7,56,11,44,151
IQ:8,72,12,-26,-161
IQ:9,80,255,-165,131
IQ:10,88,1,106,158
IQ:11,96,255,140,-78
IQ:12,104,2,-158,5
IQ:13,112,255,-121,186
IQ:14,120,10,96,127
IQ:15,128,255,80,-118
IQ:16,136,3,-263,-81
IQ:17,144,255,-82,228
IQ:18,152,9,172,40
IQ:19,160,255,44,-178
IQ:20,168,4,-213,-220
IQ:21,176,255,-79,179
IQ:22,184,8,191,57
IQ:23,192,255,-1,-138
IQ:24,200,7,-165,25
IQ:25,208,255,21,158
IQ:26,216,6,155,-41
IQ:27,224,255,65,-296
IQ:28,232,5,-158,-7
IQ:29,240,255,25,120
IQ:30,248,12,185,-69
IQ:31,256,255,-17,-150
IQ:32,264,1,-164,144
IQ:33,272,255,92,138
IQ:34,280,2,-54,-34
IQ:35,288,255,-156,-9
SW:2
RR:3
SS:3
FR:2426
ME:5
MA:353
KE:2
KA:353
DF_END

Data arrived...
DF_BEGIN
IQ:0,0,11,-41,-167
IQ:1,8,11,-166,52
IQ:2,16,11,65,156
IQ:3,24,11,150,-85
IQ:4,32,11,-99,-145
IQ:5,40,11,-121,120
IQ:6,48,11,136,110
IQ:7,56,11,105,-144
IQ:8,72,12,-130,163
IQ:9,80,255,164,108
IQ:10,88,1,109,-183
IQ:11,96,255,-161,-89
IQ:12,104,2,12,142
IQ:13,112,255,180,-5
IQ:14,120,10,27,-177
IQ:15,128,255,-151,-10
IQ:16,136,3,87,157
IQ:17,144,255,182,-84
IQ:18,152,9,-44,-165
IQ:19,160,255,-167,77
IQ:20,168,4,81,240
IQ:21,176,255,206,-51
IQ:22,184,8,-104,-158
IQ:23,192,255,-157,121
IQ:24,200,7,133,123
IQ:25,208,255,119,-152
IQ:26,216,6,-133,-127
IQ:27,224,255,-124,141
IQ:28,232,5