IQ:3,24,11,158,-58
IQ:4,32,11,-67,-148
IQ:5,40,11,-112,95
IQ:6,48,11,99,133
IQ:7,56,11,127,-84
IQ:8,72,12,-116,113
IQ:9,80,255,134,64
IQ:10,88,1,65,-137
IQ:11,96,255,-155,-36
IQ:12,104,2,-45,139
IQ:13,112,255,160,-23
IQ:14,120,10,-156,-72
IQ:15,128,255,-114,181
IQ:16,136,3,164,34
IQ:17,144,255,37,-210
IQ:18,152,9,-309,-40
IQ:19,160,255,-36,285
IQ:20,168,4,346,-62
IQ:21,176,255,15,-397
IQ:22,184,8,-399,-153
IQ:23,192,255,-125,339
IQ:24,200,7,417,34
IQ:25,208,255,74,-371
IQ:26,216,6,-259,32
IQ:27,224,255,142,326
IQ:28,232,5,474,-74
IQ:29,240,255,1,-423
IQ:30,248,12,-163,-46
IQ:31,256,255,56,171
IQ:32,264,1,134,8
IQ:33,272,255,-90,-114
IQ:34,280,2,-162,71
IQ:35,288,255,95,169
SW:2
RR:3
SS:3
FR:2426
ME:356
MA:2
KE:359
KA:5
DF_END

Data arrived...
DF_BEGIN
IQ:0,0,11,-116,103
IQ:1,8,11,108,116
IQ:2,16,11,109,-116
IQ:3,24,11,-126,-85
IQ:4,32,11,-70,140
IQ:5,40,11,141,53
IQ:6,48,11,56,-148
IQ:7,56,11,-150,-36
IQ:8,72,12,192,-22
IQ:9,80,255,-57,-177
IQ:10,88,1,-158,65
IQ:11,96,255,104,142
IQ:12,104,2,127,-106
IQ:13,112,255,-121,-87
IQ:14,120,10,1,136
IQ:15,128,255,192,-1
IQ:16,136,3,6,-164
IQ:17,144,255,-180,54
IQ:18,152,9,100,214
IQ:19,160,255,230,-114
IQ:20,168,4,-141,-241
IQ:21,176,255,-294,130
IQ:22,184,8,44,314
IQ:23,192,255,253,-81
IQ:24,200,7,-204,-262
IQ:25,208,255,-257,173
IQ:26,216,6,158,169
IQ:27,224,255,123,-231
IQ:28,232,5,-325,-195
IQ:29,240,255,-233,262
IQ:30,248,12,120,132
IQ:31,256,255,106,-156
IQ:32,264,1,-133,-80
IQ:33,272,255,-45,162
IQ:34,280,2,167,43
IQ:35,288,255,18,-182
SW:2
RR:3
SS:3
FR:2402
ME:356
MA:5
KE:358
KA:5
DF_END

Data arrived...
DF_BEGIN
IQ:0,0,11,-136,97
IQ:1,8,11,76,138
IQ:2,16,11,137,-96
IQ:3,24,11,-121,-104
IQ:4,32,11,-92,140
IQ:5,40,11,134,88
IQ:6,48,11,55,-141
IQ:7,56,11,-154,-50
IQ:8,72,12,119,-2
IQ:9,80,255,3,-147
IQ:10,88,1,-160,-38
IQ:11,96,255,-62,142
IQ:12,104,2,117,22
IQ:13,112,255,-34,-113
IQ:14,120,10,-287,46
IQ:15,128,255,-30,244
IQ:16,136,3,153,-34
IQ:17,144,255,-81,-203
IQ:18,152,9,-316,22
IQ:19,160,255,-26,283
IQ:20,168,4,187,24
IQ:21,176,255,10,-200
IQ:22,184,8,-161,-96
IQ:23,192,255,-44,119
IQ:24,200,7,194,-20
IQ:25,208,255,-3,-138
IQ:26,216,6,-81,84
IQ:27,224,255,87,120
IQ:28,232,5,128,-8
IQ:29,240,255,0,-57
IQ:30,248,12,93,110
IQ:31,256,255,124,-73
IQ:32,264,1,-56,-141
IQ:33,272,255,-151,45
IQ:34,280,2,48,109
IQ:35,288,255,76,-67
SW:2
RR:3
SS:3
FR:2480
ME:10
MA:16
KE:359
KA:6
DF_END

Data arrived...
DF_BEGIN
IQ:0,0,11,-159,8
IQ:1,8,11,22,157
IQ:2,16,11,153,-30
IQ:3,24,11,-53,-151
IQ:4,32,11,-146,62
IQ:5,40,11,82,129
IQ:6,48,11,131,-95
IQ:7,56,11,-85,-137
IQ:8,72,12,148,102
IQ:9,80,255,57,-166
IQ:10,88,1,-165,-52
IQ:11,96,255,-35,167
IQ:12,104,2,175,23
IQ:13,112,255,-16,-155
IQ:14,120,10,-111,117
IQ:15,128,255,134,149
IQ:16,136,3,139,-109
IQ:17,144,255,-164,-107
IQ:18,152,9,-101,236
IQ:19,160,255,249,102
IQ:20,168,4,93,-264
IQ:21,176,255,-295,-105
IQ:22,184,8,-192,272
IQ:23,192,255,238,120
IQ:24,200,7,27,-339
IQ:25,208,255,-310,-58
IQ:26,216,6,-10,242
IQ:27,224,255,273,-52
IQ:28,232,5,-78,-364
IQ:29,240,255,-343,16
IQ:30,248,12,-16,180
IQ:31,256,255,164,-44
IQ:32,264,1,-43,-165
IQ:33,272,255,-160,74
IQ:34,280,2,76,154
IQ:35,288,255,145,-105
SW:2
RR:3
SS:3
FR:2402
ME:356
MA:5
KE:359
KA:6
DF_END

Data arrived...
DF_BEGIN
IQ:0,0,11,-137,-77
IQ:1,8,11,-55,150
IQ:2,16,11,155,54
IQ:3,24,11,54,-160
IQ:4,32,11,-154,-39
IQ:5,40,11,-12,163
IQ:6,48,11,161,-15
IQ:7,56,11,-22,-162
IQ:8,72,12,92,171
IQ:9,80,255,141,-113
IQ:10,88,1,-111,-129
IQ:11,96,255,-111,141
IQ:12,104,2,136,87
IQ:13,112,255,55,-138
IQ:14,120,10,-139,38
IQ:15,128,255,58,181
IQ:16,136,3,162,-51
IQ:17,144,255,-101,-151
IQ:18,152,9,-200,158
IQ:19,160,255,165,209
IQ:20,168,4,198,-201
IQ:21,176,255,-215,-233
IQ:22,184,8,-290,146
IQ:23,192,255,157,227
IQ:24,200,7,209,-251
IQ:25,208,255,-239,-204
IQ:26,216,6,-125,209
IQ:27,224,255,263,68
IQ:28,232,5,109,-358
IQ:29,240,255,-310,-174
IQ:30,248,12,-103,150
IQ:31,256,255,176,37
IQ:32,264,1,43,-164
IQ:33,272,255,-175,1
IQ:34,280,2,26,164
IQ:35,288,255,186,-29
SW:2
RR:3
SS:3
FR:2402
ME:356
MA:5
KE:359
KA:6
DF_END

Data arrived...
DF_BEGIN
IQ:0,0,11,58,-156
IQ:1,8,11,-162,-48
IQ:2,16,11,-37,169
IQ:3,24,11,161,9
IQ:4,32,11,-18,-175
IQ:5,40,11,-165,39
IQ:6,48,11,54,163
IQ:7,56,11,159,-55
IQ:8,72,12,-87,97
IQ:9,80,255,107,118
IQ:10,88,1,141,-81
IQ:11,96,255,-63,-141
IQ:12,104,2,-102,62
IQ:13,112,255,94,89
IQ:14,120,10,172,-223
IQ:15,128,255,-149,-187
IQ:16,136,3,-108,131
IQ:17,144,255,192,105
IQ:18,152,9,230,-205
IQ:19,160,255,-158,-228
IQ:20,168,4,-155,117
IQ:21,176,255,134,140
IQ:22,184,8,183,-28
IQ:23,192,255,-49,-106
IQ:24,200,7,-138,150
IQ:25,208,255,92,105
IQ:26,216,6,-4,-118
IQ:27,224,255,-146,-30
IQ:28,232,5,-78,97
IQ:29,240,255,38,40
IQ:30,248,12,-142,-8
IQ:31,256,255,-63,147
IQ:32,264,1,133,67
IQ:33,272,255,84,-137
IQ:34,280,2,-113,-38
IQ:35,288,255,-2,108
SW:2
RR:3
SS:3
FR:2480
ME:10
MA:16
KE:0
KA:7
DF_END

Data arrived...
DF_BEGIN
IQ:0,0,11,-128,90
IQ:1,8,11,93,115
IQ:2,16,11,94,-108
IQ:3,24,11,-130,-71
IQ:4,32,11,-64,131
IQ:5,40,11,150,52
IQ:6,48,11,52,-147
IQ:7,56,11,-148,-33
IQ:8,72,12,156,52
IQ:9,80,255,-25,-155
IQ:10,88,1,-127,-4
IQ:11,96,255,73,130
IQ:12,104,2,173,-51
IQ:13,112,255,-83,-99
IQ:14,120,10,-9,206
IQ:15,128,255,219,26
IQ:16,136,3,-53,-169
IQ:17,144,255,-220,100
IQ:18,152,9,100,321
IQ:19,160,255,301,-76
IQ:20,168,4,-182,-314
IQ:21,176,255,-385,177
IQ:22,184,8,20,402
IQ:23,192,255,347,-84
IQ:24,200,7,-145,-410
IQ:25,208,255,-368,96
IQ:26,216,6,144,237
IQ:27,224,255,216,-260
IQ:28,232,5,-278,-382
IQ:29,240,255,-370,182
IQ:30,248,12,54,150
IQ:31,256,255,122,-107
IQ:32,264,1,-86,-97
IQ:33,272,255,-56,144
IQ:34,280,2,133,102
IQ:35,288,255,74,-150
SW:2
RR:3
SS:3
FR:2426
ME:356
MA:353
KE:359
KA:6
DF_END

Data arrived...
DF_BEGIN
IQ:0,0,11,131,109
IQ:1,8,11,93,-141
IQ:2,16,11,-145,-77
IQ:3,24,11,-60,154
IQ:4,32,11,164,32
IQ:5,40,11,30,-169
IQ:6,48,11,-163,-33
IQ:7,56,11,-11,164
IQ:8,72,12,-63,-196
IQ:9,80,255,-167,88
IQ:10,88,1,80,150
IQ:11,96,255,139,-122
IQ:12,104,2,-114,-120
IQ:13,112,255,-80,139
IQ:14,120,10,144,-22
IQ:15,128,255,-5,-203
IQ:16,136,3,-172,-5
IQ:17,144,255,55,178
IQ:18,152,9,215,-127
IQ:19,160,255,-132,-239
IQ:20,168,4,-236,143
IQ:21,176,255,165,263
IQ:22,184,8,318,-83
IQ:23,192,255,-108,-261
IQ:24,200,7,-252,232
IQ:25,208,255,215,236
IQ:26,216,6,153,-189
IQ:27,224,255,-256,-119
IQ:28,232,5,-199,307
IQ:29,240,255,274,199
IQ:30,248,12,121,-155
IQ:31,256,255,-174,-107
IQ:32,264,1,-84,142
IQ:33,272,255,170,25
IQ:34,280,2,23,-175
IQ:35,288,255,-186,5
SW:2
RR:3
SS:3
FR:2402
ME:356
MA:2
KE:359
KA:5
DF_END

Data arrived...
DF_BEGIN
IQ:0,0,11,-1,-173
IQ:1,8,11,-173,10
IQ:2,16,11,15,178
IQ:3,24,11,172,-32
IQ:4,32,11,-36,-156
IQ:5,40,11,-164,66
IQ:6,48,11,91,129
IQ:7,56,11,151,-86
IQ:8,72,12,-181,118
IQ:9,80,255,147,102
IQ:10,88,1,99,-111
IQ:11,96,255,-193,-38
IQ:12,104,2,-105,169
IQ:13,112,255,159,-5
IQ:14,120,10,-196,-155
IQ:15,128,255,-212,182
IQ:16,136,3,196,98
IQ:17,144,255,115,-279
IQ:18,152,9,-369,-186
IQ:19,160,255,-164,359
IQ:20,168,4,457,99
IQ:21,176,255,160,-479
IQ:22,184,8,-384,-337
IQ:23,192,255,-271,351
IQ:24,200,7,453,215
IQ:25,208,255,203,-402
IQ:26,216,6,-327,-69
IQ:27,224,255,-19,399
IQ:28,232,5,540,125
IQ:29,240,255,152,-475
IQ:30,248,12,-159,-96
IQ:31,256,255,-27,191
IQ:32,264,1,139,11
IQ:33,272,255,-78,-159
IQ:34,280,2,-206,39
IQ:35,288,255,68,189
SW:2
RR:3
SS:3
FR:2426
ME:356
MA:5
KE:359
KA:5
DF_END

Data arrived...
DF_BEGIN
IQ:0,0,11,-157,28
IQ:1,8,11,53,147
IQ:2,16,11,135,-79
IQ:3,24,11,-91,-144
IQ:4,32,11,-128,103
IQ:5,40,11,104,126
IQ:6,48,11,120,-109
IQ:7,56,11,-125,-107
IQ:8,72,12,148,131
IQ:9,80,255,71,-174
IQ:10,88,1,-135,-57
IQ:11,96,255,14,171
IQ:12,104,2,196,20
IQ:13,112,255,-34,-147
IQ:14,120,10,-80,224
IQ:15,128,255,233,111
IQ:16,136,3,-1,-200
IQ:17,144,255,-297,13
IQ:18,152,9,-14,385
IQ:19,160,255,371,-35
IQ:20,168,4,-118,-418
IQ:21,176,255,-495,22
IQ:22,184,8,-176,469
IQ:23,192,255,413,90
IQ:24,200,7,22,-528
IQ:25,208,255,-455,-76
IQ:26,216,6,49,318
IQ:27,224,255,361,-152
IQ:28,232,5,-127,-541
IQ:29,240,255,-485,37
IQ:30,248,12,-44,186
IQ:31,256,255,182,-47
IQ:32,264,1,-20,-150
IQ:33,272,255,-122,125
IQ:34,280,2,79,181
IQ:35,288,255,154,-117
SW:2
RR:3
SS:3
FR:2426
ME:353
MA:5
KE:358
KA:5
DF_END

Data arrived...
DF_BEGIN
IQ:0,0,11,168,-18
IQ:1,8,11,-43,-165
IQ:2,16,11,-150,63
IQ:3,24,11,91,141
IQ:4,32,11,148,-86
IQ:5,40,11,-105,-129
IQ:6,48,11,-135,109
IQ:7,56,11,116,127
IQ:8,72,12,-181,-85
IQ:9,80,255,-44,183
IQ:10,88,1,173,41
IQ:11,96,255,-16,-186
IQ:12,104,2,-177,25
IQ:13,112,255,58,152
IQ:14,120,10,98,-137
IQ:15,128,255,-162,-133
IQ:16,136,3,-129,139
IQ:17,144,255,182,91
IQ:18,152,9,59,-257
IQ:19,160,255,-275,-76
IQ:20,168,4,-59,282
IQ:21,176,255,324,88
IQ:22,184,8,175,-291
IQ:23,192,255,-264,-82
IQ:24,200,7,17,350
IQ:25,208,255,321,-2
IQ:26,216,6,-31,-260
IQ:27,224,255,-267,93
IQ:28,232,5,119,359
IQ:29,240,255,339,-73
IQ:30,248,12,-44,-191
IQ:31,256,255,-180,84
IQ:32,264,1,90,147
IQ:33,272,255,142,-116
IQ:34,280,2,-128,-146
IQ:35,288,255,-140,138
SW:2
RR:3
SS:3
FR:2402
ME:356
MA:5
KE:358
KA:5
DF_END

Data arrived...
DF_BEGIN
IQ:0,0,11,65,154
IQ:1,8,11,151,-89
IQ:2,16,11,-101,-132
IQ:3,24,11,-124,113
IQ:4,32,11,134,115
IQ:5,40,11,97,-132
IQ:6,48,11,-149,-82
IQ:7,56,11,-73,149
IQ:8,72,12,-10,-141
IQ:9,80,255,-164,-12
IQ:10,88,1,-51,164
IQ:11,96,255,147,59
IQ:12,104,2,14,-127
IQ:13,112,255,-135,19
IQ:14,120,10,42,291
IQ:15,128,255,247,7
IQ:16,136,3,-32,-174
IQ:17,144,255,-210,67
IQ:18,152,9,20,328
IQ:19,160,255,283,29
IQ:20,168,4,20,-207
IQ:21,176,255,-208,-22
IQ:22,184,8,-107,146
IQ:23,192,255,115,30
IQ:24,200,7,-11,-203
IQ:25,208,255,-149,1
IQ:26,216,6,82,81
IQ:27,224,255,112,-97
IQ:28,232,5,-38,-125
IQ:29,240,255,-64,9
IQ:30,248,12,123,-83
IQ:31,256,255,-69,-138
IQ:32,264,1,-144,70
IQ:33,272,255,51,156
IQ:34,280,2,111,-51
IQ:35,288,255,-81,-83
SW:2
RR:3
SS:3
FR:2480
ME:10
MA:10
KE:359
KA:5
DF_END

Data arrived...
DF_BEGIN
IQ:0,0,11,150,-53
IQ:1,8,11,-63,-144
IQ:2,16,11,-130,69
IQ:3,24,11,92,124
IQ:4,32,11,113,-110
IQ:5,40,11,-111,-101
IQ:6,48,11,-84,126
IQ:7,56,11,140,86
IQ:8,72,12,-118,-3
IQ:9,80,255,-41,147
IQ:10,88,1,128,82
IQ:11,96,255,91,-121
IQ:12,104,2,-108,-48
IQ:13,112,255,-8,123
IQ:14,120,10,292,9
IQ:15,128,255,65,-235
IQ:16,136,3,-169,-15
IQ:17,144,255,27,213
IQ:18,152,9,320,47
IQ:19,160,255,82,-272
IQ:20,168,4,-189,-49
IQ:21,176,255,-52,196
IQ:22,184,8,127,130
IQ:23,192,255,69,-100
IQ:24,200,7,-186,-17
IQ:25,208,255,-17,144
IQ:26,216,6,100,-56
IQ:27,224,255,-69,-130
IQ:28,232,5,-126,-15
IQ:29,240,255,-15,62
IQ:30,248,12,-59,-110
IQ:31,256,255,-133,40
IQ:32,264,1,22,147
IQ:33,272,255,149,-6
IQ:34,280,2,-22,-123
IQ:35,288,255,-85,45
SW:2
RR:3
SS:3
FR:2480
ME:10
MA:16
KE:0
KA:6
DF_END

Data arrived...
DF_BEGIN
IQ:0,0,11,-132,77
IQ:1,8,11,93,137
IQ:2,16,11,120,-119
IQ:3,24,11,-122,-101
IQ:4,32,11,-87,134
IQ:5,40,11,143,79
IQ:6,48,11,51,-151
IQ:7,56,11,-158,-54
IQ:8,72,12,186,84
IQ:9,80,255,15,-173
IQ:10,88,1,-150,-9
IQ:11,96,255,55,160
IQ:12,104,2,191,-37
IQ:13,112,255,-76,-124
IQ:14,120,10,-16,235
IQ:15,128,255,262,50
IQ:16,136,3,-38,-170
IQ:17,144,255,-243,101
IQ:18,152,9,111,377
IQ:19,160,255,354,-99
IQ:20,168,4,-227,-336
IQ:21,176,255,-443,231
IQ:22,184,8,18,502
IQ:23,192,255,430,-73
IQ:24,200,7,-171,-485
IQ:25,208,255,-445,114
IQ:26,216,6,159,280
IQ:27,224,255,270,-271
IQ:28,232,5,-331,-472
IQ:29,240,255,-464,152
IQ:30,248,12,32,191
IQ:31,256,255,144,-112
IQ:32,264,1,-91,-124
IQ:33,272,255,-81,150
IQ:34,280,2,145,128
IQ:35,288,255,96,-150
SW:2
RR:3
SS:3
FR:2426
ME:356
MA:353
KE:359
KA:5
DF_END

Data arrived...
DF_BEGIN
IQ:0,0,11,158,64
IQ:1,8,11,29,-159
IQ:2,16,11,-170,-16
IQ:3,24,11,-4,164
IQ:4,32,11,172,-9
IQ:5,40,11,-19,-168
IQ:6,48,11,-167,26
IQ:7,56,11,49,162
IQ:8,72,12,-115,-158
IQ:9,80,255,-113,153
IQ:10,88,1,134,99
IQ:11,96,255,56,-155
IQ:12,104,2,-166,-57
IQ:13,112,255,-21,150
IQ:14,120,10,106,-87
IQ:15,128,255,-101,-164
IQ:16,136,3,-144,73
IQ:17,144,255,120,136
IQ:18,152,9,140,-193
IQ:19,160,255,-221,-136
IQ:20,168,4,-139,240
IQ:21,176,255,258,172
IQ:22,184,8,252,-202
IQ:23,192,255,-210,-179
IQ:24,200,7,-119,295
IQ:25,208,255,288,124
IQ:26,216,6,88,-234
IQ:27,224,255,-259,-29
IQ:28,232,5,-41,359
IQ:29,240,255,337,74
IQ:30,248,12,56,-175
IQ:31,256,255,-185,-11
IQ:32,264,1,-13,165
IQ:33,272,255,168,-42
IQ:34,280,2,-37,-170
IQ:35,288,255,-183,61
SW:2
RR:3
SS:3
FR:2402
ME:356
MA:5
KE:359
KA:5
DF_END

Data arrived...
DF_BEGIN
IQ:0,0,11,167,38
IQ:1,8,11,14,-162
IQ:2,16,11,-175,17
IQ:3,24,11,23,168
IQ:4,32,11,165,-37
IQ:5,40,11,-51,-163
IQ:6,48,11,-149,54
IQ:7,56,11,78,140
IQ:8,72,12,-133,-141
IQ:9,80,255,-98,159
IQ:10,88,1,142,87
IQ:11,96,255,38,-175
IQ:12,104,2,-177,-37
IQ:13,112,255,-3,163
IQ:14,120,10,124,-88
IQ:15,128,255,-110,-166
IQ:16,136,3,-156,89
IQ:17,144,255,138,122
IQ:18,152,9,118,-221
IQ:19,160,255,-232,-146
IQ:20,168,4,-151,240
IQ:21,176,255,262,173
IQ:22,184,8,218,-248
IQ:23,192,255,-218,-178
IQ:24,200,7,-95,322
IQ:25,208,255,305,94
IQ:26,216,6,35,-248
IQ:27,224,255,-278,30
IQ:28,232,5,30,362
IQ:29,240,255,339,16
IQ:30,248,12,14,-193
IQ:31,256,255,-192,25
IQ:32,264,1,3,168
IQ:33,272,255,158,-64
IQ:34,280,2,-80,-164
IQ:35,288,255,-178,88
SW:2
RR:3
SS:3
FR:2402
ME:356
MA:5
KE:359
KA:5
DF_END

Data arrived...
DF_BEGIN
IQ:0,0,11,148,-65
IQ:1,8,11,-77,-147
IQ:2,16,11,-146,82
IQ:3,24,11,93,122
IQ:4,32,11,108,-119
IQ:5,40,11,-129,-104
IQ:6,48,11,-96,132
IQ:7,56,11,140,80
IQ:8,72,12,-129,-13
IQ:9,80,255,-27,149
IQ:10,88,1,155,67
IQ:11,96,255,68,-148
IQ:12,104,2,-125,-27
IQ:13,112,255,2,133
IQ:14,120,10,291,-17
IQ:15,128,255,31,-244
IQ:16,136,3,-186,4
IQ:17,144,255,46,217
IQ:18,152,9,323,-19
IQ:19,160,255,32,-292
IQ:20,168,4,-213,-44
IQ:21,176,255,-40,206
IQ:22,184,8,144,108
IQ:23,192,255,45,-122
IQ:24,200,7,-197,-19
IQ:25,208,255,-13,147
IQ:26,216,6,91,-75
IQ:27,224,255,-91,-132
IQ:28,232,5,-145,26
IQ:29,240,255,-2,76
IQ:30,248,12,-69,-108
IQ:31,256,255,-143,50
IQ:32,264,1,30,169
IQ:33,272,255,161,-23
IQ:34,280,2,-54,-113
IQ:35,288,255,-92,70
SW:2
RR:3
SS:3
FR:2480
ME:10
MA:13
KE:0
KA:6
DF_END

Data arrived...
DF_BEGIN
IQ:0,0,11,-46,-164
IQ:1,8,11,-162,36
IQ:2,16,11,68,159
IQ:3,24,11,139,-81
IQ:4,32,11,-116,-132
IQ:5,40,11,-129,121
IQ:6,48,11,135,105
IQ:7,56,11,88,-140
IQ:8,72,12,-143,176
IQ:9,80,255,175,66
IQ:10,88,1,60,-152
IQ:11,96,255,-186,18
IQ:12,104,2,-21,225
IQ:13,112,255,137,-33
IQ:14,120,10,-225,-49
IQ:15,128,255,-106,229
IQ:16,136,3,168,14
IQ:17,144,255,-43,-266
IQ:18,152,9,-398,3
IQ:19,160,255,-28,340
IQ:20,168,4,391,-140
IQ:21,176,255,-60,-472
IQ:22,184,8,-499,-90
IQ:23,192,255,-57,448
IQ:24,200,7,510,-47
IQ:25,208,255,-23,-451
IQ:26,216,6,-313,86
IQ:27,224,255,177,372
IQ:28,232,5,531,-143
IQ:29,240,255,-84,-507
IQ:30,248,12,-211,-31
IQ:31,256,255,63,192
IQ:32,264,1,158,-39
IQ:33,272,255,-127,-135
IQ:34,280,2,-203,106
IQ:35,288,255,141,150
SW:2
RR:3
SS:3
FR:2426
ME:356
MA:353
KE:359
KA:4
DF_END

Data arrived...
DF_BEGIN
IQ:0,0,11,158,66
IQ:1,8,11,52,-156
IQ:2,16,11,-167,-43
IQ:3,24,11,-26,162
IQ:4,32,11,166,-9
IQ:5,40,11,-41,-160
IQ:6,48,11,-161,41
IQ:7,56,11,45,173
IQ:8,72,12,-52,-208
IQ:9,80,255,-149,94
IQ:10,88,1,82,137
IQ:11,96,255,91,-152
IQ:12,104,2,-147,-153
IQ:13,112,255,-54,119
IQ:14,120,10,142,-149
IQ:15,128,255,-133,-209
IQ:16,136,3,-94,144
IQ:17,144,255,237,95
IQ:18,152,9,198,-330
IQ:19,160,255,-286,-212
IQ:20,168,4,-112,368
IQ:21,176,255,422,191
IQ:22,184,8,344,-346
IQ:23,192,255,-333,-279
IQ:24,200,7,-256,437
IQ:25,208,255,376,263
IQ:26,216,6,100,-300
IQ:27,224,255,-388,-33
IQ:28,232,5,-128,510
IQ:29,240,255,455,208
IQ:30,248,12,133,-162
IQ:31,256,255,-177,-54
IQ:32,264,1,-49,153
IQ:33,272,255,168,-29
IQ:34,280,2,15,-212
IQ:35,288,255,-194,15
SW:2
RR:3
SS:3
FR:2426
ME:356
MA:353
KE:359
KA:3
DF_END

Data arrived...
DF_BEGIN
IQ:0,0,11,-38,173
IQ:1,8,11,174,15
IQ:2,16,11,1,-182
IQ:3,24,11,-182,14
IQ:4,32,11,52,175
IQ:5,40,11,177,-45
IQ:6,48,11,-71,-164
IQ:7,56,11,-160,93
IQ:8,72,12,212,-126
IQ:9,80,255,-140,-158
IQ:10,88,1,-128,131
IQ:11,96,255,179,48
IQ:12,104,2,97,-202
IQ:13,112,255,-149,-23
IQ:14,120,10,162,90
IQ:15,128,255,150,-187
IQ:16,136,3,-171,-67
IQ:17,144,255,-56,260
IQ:18,152,9,360,114
IQ:19,160,255,110,-338
IQ:20,168,4,-410,-22
IQ:21,176,255,-110,483
IQ:22,184,8,408,276
IQ:23,192,255,195,-396
IQ:24,200,7,-472,-162
IQ:25,208,255,-139,427
IQ:26,216,6,318,28
IQ:27,224,255,-73,-412
IQ:28,232,5,-572,-39
IQ:29,240,255,-101,513
IQ:30,248,12,214,109
IQ:31,256,255,29,-205
IQ:32,264,1,-189,-9
IQ:33,272,255,65,181
IQ:34,280,2,208,-57
IQ:35,288,255,-80,-193
SW:2
RR:3
SS:3
FR:2426
ME:356
MA:356
KE:359
KA:2
DF_END

Data arrived...
DF_BEGIN
IQ:0,0,11,-10,166
IQ:1,8,11,164,-14
IQ:2,16,11,-33,-166
IQ:3,24,11,-164,45
IQ:4,32,11,50,157
IQ:5,40,11,149,-72
IQ:6,48,11,-85,-145
IQ:7,56,11,-125,102
IQ:8,72,12,117,-160
IQ:9,80,255,-175,-88
IQ:10,88,1,-63,157
IQ:11,96,255,178,25
IQ:12,104,2,23,-175
IQ:13,112,255,-165,21
IQ:14,120,10,106,113
IQ:15,128,255,147,-135
IQ:16,136,3,-107,-131
IQ:17,144,255,-101,159
IQ:18,152,9,243,105
IQ:19,160,255,122,-249
IQ:20,168,4,-261,-90
IQ:21,176,255,-107,302
IQ:22,184,8,262,204
IQ:23,192,255,142,-248
IQ:24,200,7,-335,-57
IQ:25,208,255,-68,325
IQ:26,216,6,244,24
IQ:27,224,255,-41,-274
IQ:28,232,5,-373,37
IQ:29,240,255,3,341
IQ:30,248,12,197,3
IQ:31,256,255,-36,-187
IQ:32,264,1,-166,42
IQ:33,272,255,88,152
IQ:34,280,2,151,-86
IQ:35,288,255,-106,-154
SW:2
RR:3
SS:3
FR:2402
ME:356
MA:5
KE:358
KA:2
DF_END

Data arrived...
DF_BEGIN
IQ:0,0,11,-107,105
IQ:1,8,11,120,99
IQ:2,16,11,81,-124
IQ:3,24,11,-142,-79
IQ:4,32,11,-66,138
IQ:5,40,11,145,56
IQ:6,48,11,43,-149
IQ:7,56,11,-150,-32
IQ:8,72,12,110,-33
IQ:9,80,255,-6,-145
IQ:10,88,1,-153,-29
IQ:11,96,255,-30,142
IQ:12,104,2,119,-11
IQ:13,112,255,-43,-125
IQ:14,120,10,-261,99
IQ:15,128,255,28,239
IQ:16,136,3,172,-48
IQ:17,144,255,-88,-196
I