IQ:8,72,12,113,119
IQ:9,80,255,80,-122
IQ:10,88,1,-104,-39
IQ:11,96,255,-3,154
IQ:12,104,2,153,65
IQ:13,112,255,0,-119
IQ:14,120,10,-108,161
IQ:15,128,255,174,161
IQ:16,136,3,64,-139
IQ:17,144,255,-234,-45
IQ:18,152,9,-133,313
IQ:19,160,255,301,111
IQ:20,168,4,25,-359
IQ:21,176,255,-405,-94
IQ:22,184,8,-234,336
IQ:23,192,255,334,144
IQ:24,200,7,118,-392
IQ:25,208,255,-355,-125
IQ:26,216,6,-19,272
IQ:27,224,255,336,-13
IQ:28,232,5,46,-445
IQ:29,240,255,-392,-71
IQ:30,248,12,-56,147
IQ:31,256,255,159,-15
IQ:32,264,1,-11,-107
IQ:33,272,255,-130,79
IQ:34,280,2,24,164
IQ:35,288,255,136,-59
SW:2
RR:3
SS:3
FR:2426
ME:356
MA:353
KE:2
KA:3
DF_END

Data arrived...
DF_BEGIN
IQ:0,0,11,-46,-170
IQ:1,8,11,-154,75
IQ:2,16,11,82,142
IQ:3,24,11,141,-106
IQ:4,32,11,-104,-137
IQ:5,40,11,-130,113
IQ:6,48,11,129,112
IQ:7,56,11,103,-147
IQ:8,72,12,-62,191
IQ:9,80,255,187,32
IQ:10,88,1,13,-190
IQ:11,96,255,-190,18
IQ:12,104,2,35,176
IQ:13,112,255,156,-75
IQ:14,120,10,-141,-83
IQ:15,128,255,-122,174
IQ:16,136,3,151,112
IQ:17,144,255,66,-196
IQ:18,152,9,-253,-50
IQ:19,160,255,-38,268
IQ:20,168,4,292,-7
IQ:21,176,255,26,-336
IQ:22,184,8,-310,-169
IQ:23,192,255,-99,261
IQ:24,200,7,323,-62
IQ:25,208,255,-57,-331
IQ:26,216,6,-250,49
IQ:27,224,255,127,259
IQ:28,232,5,356,-149
IQ:29,240,255,-114,-332
IQ:30,248,12,-196,48
IQ:31,256,255,88,172
IQ:32,264,1,170,-96
IQ:33,272,255,-118,-149
IQ:34,280,2,-133,132
IQ:35,288,255,157,131
SW:2
RR:3
SS:3
FR:2402
ME:356
MA:5
KE:1
KA:3
DF_END

Data arrived...
DF_BEGIN
IQ:0,0,11,101,138
IQ:1,8,11,143,-108
IQ:2,16,11,-108,-135
IQ:3,24,11,-112,123
IQ:4,32,11,138,116
IQ:5,40,11,92,-142
IQ:6,48,11,-156,-72
IQ:7,56,11,-45,156
IQ:8,72,12,-19,-138
IQ:9,80,255,-157,-8
IQ:10,88,1,-37,157
IQ:11,96,255,144,56
IQ:12,104,2,8,-108
IQ:13,112,255,-134,32
IQ:14,120,10,24,288
IQ:15,128,255,227,24
IQ:16,136,3,-24,-163
IQ:17,144,255,-196,56
IQ:18,152,9,-1,302
IQ:19,160,255,253,23
IQ:20,168,4,15,-198
IQ:21,176,255,-189,-17
IQ:22,184,8,-87,118
IQ:23,192,255,86,33
IQ:24,200,7,13,-165
IQ:25,208,255,-124,-15
IQ:26,216,6,74,76
IQ:27,224,255,102,-89
IQ:28,232,5,-35,-124
IQ:29,240,255,-53,4
IQ:30,248,12,111,-84
IQ:31,256,255,-68,-139
IQ:32,264,1,-152,37
IQ:33,272,255,25,142
IQ:34,280,2,98,-54
IQ:35,288,255,-73,-84
SW:2
RR:3
SS:3
FR:2480
ME:10
MA:7
KE:2
KA:3
DF_END

Data arrived...
DF_BEGIN
IQ:0,0,11,-83,133
IQ:1,8,11,136,70
IQ:2,16,11,46,-148
IQ:3,24,11,-157,-15
IQ:4,32,11,-31,151
IQ:5,40,11,148,-6
IQ:6,48,11,-15,-158
IQ:7,56,11,-142,25
IQ:8,72,12,160,-46
IQ:9,80,255,-78,-122
IQ:10,88,1,-97,62
IQ:11,96,255,124,83
IQ:12,104,2,141,-99
IQ:13,112,255,-84,-59
IQ:14,120,10,76,187
IQ:15,128,255,231,-46
IQ:16,136,3,-100,-141
IQ:17,144,255,-178,156
IQ:18,152,9,201,274
IQ:19,160,255,260,-186
IQ:20,168,4,-296,-225
IQ:21,176,255,-313,278
IQ:22,184,8,129,392
IQ:23,192,255,342,-147
IQ:24,200,7,-243,-339
IQ:25,208,255,-279,234
IQ:26,216,6,211,176
IQ:27,224,255,148,-302
IQ:28,232,5,-355,-312
IQ:29,240,255,-272,284
IQ:30,248,12,112,108
IQ:31,256,255,84,-131
IQ:32,264,1,-105,-30
IQ:33,272,255,0,145
IQ:34,280,2,133,79
IQ:35,288,255,39,-154
SW:2
RR:3
SS:3
FR:2426
ME:356
MA:353
KE:1
KA:2
DF_END

Data arrived...
DF_BEGIN
IQ:0,0,11,-27,-169
IQ:1,8,11,-170,45
IQ:2,16,11,66,160
IQ:3,24,11,156,-72
IQ:4,32,11,-82,-145
IQ:5,40,11,-138,99
IQ:6,48,11,110,125
IQ:7,56,11,121,-125
IQ:8,72,12,-133,157
IQ:9,80,255,166,70
IQ:10,88,1,56,-183
IQ:11,96,255,-191,-16
IQ:12,104,2,12,186
IQ:13,112,255,166,-45
IQ:14,120,10,-117,-117
IQ:15,128,255,-137,152
IQ:16,136,3,137,133
IQ:17,144,255,103,-183
IQ:18,152,9,-239,-116
IQ:19,160,255,-118,237
IQ:20,168,4,285,80
IQ:21,176,255,99,-301
IQ:22,184,8,-300,-189
IQ:23,192,255,-135,257
IQ:24,200,7,335,51
IQ:25,208,255,49,-319
IQ:26,216,6,-253,-2
IQ:27,224,255,70,266
IQ:28,232,5,387,-74
IQ:29,240,255,-15,-362
IQ:30,248,12,-197,-11
IQ:31,256,255,51,192
IQ:32,264,1,184,-53
IQ:33,272,255,-87,-172
IQ:34,280,2,-157,95
IQ:35,288,255,114,158
SW:2
RR:3
SS:3
FR:2402
ME:356
MA:5
KE:1
KA:2
DF_END

Data arrived...
DF_BEGIN
IQ:0,0,11,-159,62
IQ:1,8,11,84,147
IQ:2,16,11,141,-99
IQ:3,24,11,-115,-126
IQ:4,32,11,-130,128
IQ:5,40,11,134,100
IQ:6,48,11,80,-150
IQ:7,56,11,-161,-86
IQ:8,72,12,139,-4
IQ:9,80,255,24,-153
IQ:10,88,1,-145,-74
IQ:11,96,255,-68,124
IQ:12,104,2,107,12
IQ:13,112,255,-14,-123
IQ:14,120,10,-291,3
IQ:15,128,255,-46,231
IQ:16,136,3,151,-2
IQ:17,144,255,-49,-203
IQ:18,152,9,-310,-24
IQ:19,160,255,-62,254
IQ:20,168,4,188,43
IQ:21,176,255,57,-182
IQ:22,184,8,-99,-114
IQ:23,192,255,-47,82
IQ:24,200,7,168,27
IQ:25,208,255,13,-116
IQ:26,216,6,-83,66
IQ:27,224,255,70,112
IQ:28,232,5,116,-13
IQ:29,240,255,-5,-54
IQ:30,248,12,59,134
IQ:31,256,255,142,-41
IQ:32,264,1,-33,-163
IQ:33,272,255,-147,15
IQ:34,280,2,36,110
IQ:35,288,255,100,-57
SW:2
RR:3
SS:3
FR:2480
ME:10
MA:7
KE:1
KA:3
DF_END

Data arrived...
DF_BEGIN
IQ:0,0,11,155,-73
IQ:1,8,11,-73,-163
IQ:2,16,11,-141,107
IQ:3,24,11,115,138
IQ:4,32,11,142,-102
IQ:5,40,11,-124,-110
IQ:6,48,11,-110,133
IQ:7,56,11,138,101
IQ:8,72,12,-134,-10
IQ:9,80,255,-48,159
IQ:10,88,1,136,78
IQ:11,96,255,64,-123
IQ:12,104,2,-110,-26
IQ:13,112,255,10,122
IQ:14,120,10,293,5
IQ:15,128,255,61,-233
IQ:16,136,3,-165,-3
IQ:17,144,255,13,204
IQ:18,152,9,287,68
IQ:19,160,255,80,-246
IQ:20,168,4,-185,-45
IQ:21,176,255,-60,186
IQ:22,184,8,94,107
IQ:23,192,255,47,-82
IQ:24,200,7,-166,-32
IQ:25,208,255,-27,115
IQ:26,216,6,82,-60
IQ:27,224,255,-71,-117
IQ:28,232,5,-123,-9
IQ:29,240,255,-15,54
IQ:30,248,12,-64,-134
IQ:31,256,255,-146,34
IQ:32,264,1,18,156
IQ:33,272,255,146,-4
IQ:34,280,2,-26,-116
IQ:35,288,255,-88,53
SW:2
RR:3
SS:3
FR:2480
ME:10
MA:359
KE:2
KA:2
DF_END

Data arrived...
DF_BEGIN
IQ:0,0,11,109,115
IQ:1,8,11,89,-122
IQ:2,16,11,-125,-77
IQ:3,24,11,-73,134
IQ:4,32,11,147,61
IQ:5,40,11,52,-150
IQ:6,48,11,-145,-18
IQ:7,56,11,-12,157
IQ:8,72,12,12,-162
IQ:9,80,255,-152,29
IQ:10,88,1,29,101
IQ:11,96,255,118,-88
IQ:12,104,2,-38,-159
IQ:13,112,255,-88,80
IQ:14,120,10,191,-19
IQ:15,128,255,10,-222
IQ:16,136,3,-157,44
IQ:17,144,255,110,207
IQ:18,152,9,323,-118
IQ:19,160,255,-92,-319
IQ:20,168,4,-292,182
IQ:21,176,255,170,367
IQ:22,184,8,410,-39
IQ:23,192,255,-92,-345
IQ:24,200,7,-382,185
IQ:25,208,255,135,349
IQ:26,216,6,234,-150
IQ:27,224,255,-239,-238
IQ:28,232,5,-402,229
IQ:29,240,255,150,364
IQ:30,248,12,140,-48
IQ:31,256,255,-97,-124
IQ:32,264,1,-74,82
IQ:33,272,255,142,59
IQ:34,280,2,110,-121
IQ:35,288,255,-139,-56
SW:2
RR:3
SS:3
FR:2426
ME:356
MA:353
KE:2
KA:1
DF_END

Data arrived...
DF_BEGIN
IQ:0,0,11,142,-108
IQ:1,8,11,-113,-136
IQ:2,16,11,-113,116
IQ:3,24,11,139,87
IQ:4,32,11,85,-152
IQ:5,40,11,-151,-86
IQ:6,48,11,-62,166
IQ:7,56,11,165,52
IQ:8,72,12,-211,2
IQ:9,80,255,52,182
IQ:10,88,1,191,-48
IQ:11,96,255,-78,-180
IQ:12,104,2,-163,86
IQ:13,112,255,106,122
IQ:14,120,10,50,-157
IQ:15,128,255,-201,-55
IQ:16,136,3,-69,179
IQ:17,144,255,200,15
IQ:18,152,9,-35,-264
IQ:19,160,255,-272,43
IQ:20,168,4,76,287
IQ:21,176,255,334,-53
IQ:22,184,8,51,-341
IQ:23,192,255,-284,2
IQ:24,200,7,126,307
IQ:25,208,255,293,-135
IQ:26,216,6,-110,-233
IQ:27,224,255,-213,178
IQ:28,232,5,257,285
IQ:29,240,255,301,-201
IQ:30,248,12,-102,-166
IQ:31,256,255,-146,136
IQ:32,264,1,134,150
IQ:33,272,255,100,-160
IQ:34,280,2,-164,-94
IQ:35,288,255,-85,187
SW:2
RR:3
SS:3
FR:2402
ME:356
MA:5
KE:1
KA:2
DF_END

Data arrived...
DF_BEGIN
IQ:0,0,11,137,104
IQ:1,8,11,80,-148
IQ:2,16,11,-160,-69
IQ:3,24,11,-49,163
IQ:4,32,11,175,24
IQ:5,40,11,12,-167
IQ:6,48,11,-172,16
IQ:7,56,11,24,170
IQ:8,72,12,-83,-119
IQ:9,80,255,-151,48
IQ:10,88,1,19,159
IQ:11,96,255,146,-8
IQ:12,104,2,-47,-98
IQ:13,112,255,-98,78
IQ:14,120,10,165,239
IQ:15,128,255,214,-88
IQ:16,136,3,-103,-120
IQ:17,144,255,-146,150
IQ:18,152,9,143,268
IQ:19,160,255,242,-89
IQ:20,168,4,-88,-184
IQ:21,176,255,-178,61
IQ:22,184,8,-44,137
IQ:23,192,255,96,-5
IQ:24,200,7,-63,-153
IQ:25,208,255,-102,54
IQ:26,216,6,105,28
IQ:27,224,255,51,-127
IQ:28,232,5,-73,-103
IQ:29,240,255,-43,22
IQ:30,248,12,73,-125
IQ:31,256,255,-113,-107
IQ:32,264,1,-103,109
IQ:33,272,255,97,112
IQ:34,280,2,68,-92
IQ:35,288,255,-94,-54
SW:2
RR:3
SS:3
FR:2480
ME:13
MA:10
KE:2
KA:2
DF_END

Data arrived...
DF_BEGIN
IQ:0,0,11,-72,133
IQ:1,8,11,124,73
IQ:2,16,11,58,-133
IQ:3,24,11,-135,-39
IQ:4,32,11,-29,147
IQ:5,40,11,152,28
IQ:6,48,11,-2,-146
IQ:7,56,11,-150,20
IQ:8,72,12,160,-17
IQ:9,80,255,-48,-133
IQ:10,88,1,-90,50
IQ:11,96,255,123,88
IQ:12,104,2,148,-63
IQ:13,112,255,-85,-65
IQ:14,120,10,63,197
IQ:15,128,255,215,-29
IQ:16,136,3,-72,-132
IQ:17,144,255,-181,141
IQ:18,152,9,164,300
IQ:19,160,255,278,-143
IQ:20,168,4,-239,-263
IQ:21,176,255,-350,211
IQ:22,184,8,90,398
IQ:23,192,255,327,-113
IQ:24,200,7,-240,-347
IQ:25,208,255,-333,163
IQ:26,216,6,169,194
IQ:27,224,255,177,-283
IQ:28,232,5,-319,-329
IQ:29,240,255,-321,244
IQ:30,248,12,80,124
IQ:31,256,255,83,-122
IQ:32,264,1,-95,-51
IQ:33,272,255,-23,150
IQ:34,280,2,137,88
IQ:35,288,255,43,-140
SW:2
RR:3
SS:3
FR:2426
ME:356
MA:353
KE:2
KA:1
DF_END

Data arrived...
DF_BEGIN
IQ:0,0,11,156,66
IQ:1,8,11,54,-164
IQ:2,16,11,-175,-28
IQ:3,24,11,-11,170
IQ:4,32,11,180,-19
IQ:5,40,11,-42,-174
IQ:6,48,11,-174,40
IQ:7,56,11,56,161
IQ:8,72,12,-51,-172
IQ:9,80,255,-145,94
IQ:10,88,1,68,85
IQ:11,96,255,75,-162
IQ:12,104,2,-130,-150
IQ:13,112,255,-45,126
IQ:14,120,10,207,-129
IQ:15,128,255,-96,-265
IQ:16,136,3,-140,122
IQ:17,144,255,217,164
IQ:18,152,9,287,-287
IQ:19,160,255,-268,-282
IQ:20,168,4,-213,375
IQ:21,176,255,386,321
IQ:22,184,8,439,-239
IQ:23,192,255,-251,-356
IQ:24,200,7,-328,367
IQ:25,208,255,299,310
IQ:26,216,6,157,-268
IQ:27,224,255,-379,-98
IQ:28,232,5,-287,477
IQ:29,240,255,370,292
IQ:30,248,12,118,-114
IQ:31,256,255,-162,-65
IQ:32,264,1,-24,105
IQ:33,272,255,180,-21
IQ:34,280,2,71,-173
IQ:35,288,255,-169,-10
SW:2
RR:3
SS:3
FR:2426
ME:356
MA:353
KE:1
KA:0
DF_END

Data arrived...
DF_BEGIN
IQ:0,0,11,-165,-60
IQ:1,8,11,-41,176
IQ:2,16,11,177,12
IQ:3,24,11,-8,-184
IQ:4,32,11,-176,6
IQ:5,40,11,30,172
IQ:6,48,11,173,-43
IQ:7,56,11,-54,-162
IQ:8,72,12,122,160
IQ:9,80,255,123,-145
IQ:10,88,1,-143,-124
IQ:11,96,255,-84,174
IQ:12,104,2,174,62
IQ:13,112,255,31,-162
IQ:14,120,10,-138,66
IQ:15,128,255,97,176
IQ:16,136,3,180,-59
IQ:17,144,255,-104,-161
IQ:18,152,9,-166,187
IQ:19,160,255,213,162
IQ:20,168,4,177,-240
IQ:21,176,255,-246,-196
IQ:22,184,8,-277,198
IQ:23,192,255,207,198
IQ:24,200,7,122,-311
IQ:25,208,255,-284,-155
IQ:26,216,6,-102,233
IQ:27,224,255,266,44
IQ:28,232,5,70,-375
IQ:29,240,255,-343,-80
IQ:30,248,12,-85,189
IQ:31,256,255,195,45
IQ:32,264,1,15,-187
IQ:33,272,255,-190,25
IQ:34,280,2,31,175
IQ:35,288,255,191,-55
SW:2
RR:3
SS:3
FR:2402
ME:356
MA:5
KE:0
KA:1
DF_END

Data arrived...
DF_BEGIN
IQ:0,0,11,-83,157
IQ:1,8,11,155,71
IQ:2,16,11,43,-160
IQ:3,24,11,-170,-18
IQ:4,32,11,13,169
IQ:5,40,11,176,-12
IQ:6,48,11,-28,-170
IQ:7,56,11,-170,39
IQ:8,72,12,108,-95
IQ:9,80,255,-78,-131
IQ:10,88,1,-144,51
IQ:11,96,255,28,138
IQ:12,104,2,92,-49
IQ:13,112,255,-96,-92
IQ:14,120,10,-213,194
IQ:15,128,255,113,196
IQ:16,136,3,106,-113
IQ:17,144,255,-166,-114
IQ:18,152,9,-244,176
IQ:19,160,255,118,225
IQ:20,168,4,173,-90
IQ:21,176,255,-79,-163
IQ:22,184,8,-154,-13
IQ:23,192,255,13,102
IQ:24,200,7,143,-78
IQ:25,208,255,-57,-97
IQ:26,216,6,-16,95
IQ:27,224,255,127,37
IQ:28,232,5,77,-85
IQ:29,240,255,-26,-36
IQ:30,248,12,133,43
IQ:31,256,255,74,-138
IQ:32,264,1,-127,-96
IQ:33,272,255,-86,112
IQ:34,280,2,98,54
IQ:35,288,255,24,-101
SW:2
RR:3
SS:3
FR:2480
ME:10
MA:10
KE:1
KA:1
DF_END

Data arrived...
DF_BEGIN
IQ:0,0,11,-126,-78
IQ:1,8,11,-84,140
IQ:2,16,11,144,54
IQ:3,24,11,42,-148
IQ:4,32,11,-146,-38
IQ:5,40,11,-17,152
IQ:6,48,11,153,12
IQ:7,56,11,-19,-153
IQ:8,72,12,8,164
IQ:9,80,255,135,-58
IQ:10,88,1,-57,-94
IQ:11,96,255,-103,120
IQ:12,104,2,64,151
IQ:13,112,255,65,-96
IQ:14,120,10,-195,48
IQ:15,128,255,32,220
IQ:16,136,3,141,-79
IQ:17,144,255,-148,-197
IQ:18,152,9,-295,188
IQ:19,160,255,157,290
IQ:20,168,4,257,-261
IQ:21,176,255,-252,-329
IQ:22,184,8,-410,102
IQ:23,192,255,125,340
IQ:24,200,7,361,-213
IQ:25,208,255,-176,-315
IQ:26,216,6,-201,188
IQ:27,224,255,266,214
IQ:28,232,5,351,-298
IQ:29,240,255,-209,-328
IQ:30,248,12,-128,86
IQ:31,256,255,126,85
IQ:32,264,1,46,-93
IQ:33,272,255,-155,-19
IQ:34,280,2,-87,139
IQ:35,288,255,140,40
SW:2
RR:3
SS:3
FR:2426
ME:356
MA:356
KE:1
KA:1
DF_END

Data arrived...
DF_BEGIN
IQ:0,0,11,38,-149
IQ:1,8,11,-138,-15
IQ:2,16,11,-10,146
IQ:3,24,11,155,-2
IQ:4,32,11,-23,-155
IQ:5,40,11,-150,19
IQ:6,48,11,49,135
IQ:7,56,11,132,-57
IQ:8,72,12,-148,58
IQ:9,80,255,93,107
IQ:10,88,1,73,-75
IQ:11,96,255,-141,-57
IQ:12,104,2,-112,123
IQ:13,112,255,114,20
IQ:14,120,10,-128,-173
IQ:15,128,255,-215,93
IQ:16,136,3,112,108
IQ:17,144,255,134,-199
IQ:18,152,9,-268,-220
IQ:19,160,255,-211,248
IQ:20,168,4,330,148
IQ:21,176,255,234,-336
IQ:22,184,8,-244,-337
IQ:23,192,255,-274,227
IQ:24,200,7,336,247
IQ:25,208,255,247,-276
IQ:26,216,6,-241,-120
IQ:27,224,255,-65,327
IQ:28,232,5,423,186
IQ:29,240,255,238,-328
IQ:30,248,12,-115,-114
IQ:31,256,255,-61,143
IQ:32,264,1,96,27
IQ:33,272,255,-42,-148
IQ:34,280,2,-166,-48
IQ:35,288,255,1,144
SW:2
RR:3
SS:3
FR:2426
ME:356
MA:359
KE:0
KA:1
DF_END

Data arrived...
DF_BEGIN
IQ:0,0,11,-76,163
IQ:1,8,11,168,52
IQ:2,16,11,30,-185
IQ:3,24,11,-178,-27
IQ:4,32,11,-22,173
IQ:5,40,11,178,-9
IQ:6,48,11,-19,-179
IQ:7,56,11,-180,40
IQ:8,72,12,186,-93
IQ:9,80,255,-132,-154
IQ:10,88,1,-153,126
IQ:11,96,255,156,110
IQ:12,104,2,99,-167
IQ:13,112,255,-164,-59
IQ:14,120,10,28,161
IQ:15,128,255,195,-54
IQ:16,136,3,-45,-194
IQ:17,144,255,-178,97
IQ:18,152,9,165,203
IQ:19,160,255,238,-168
IQ:20,168,4,-187,-234
IQ:21,176,255,-259,202
IQ:22,184,8,150,310
IQ:23,192,255,236,-164
IQ:24,200,7,-287,-182
IQ:25,208,255,-193,273
IQ:26,216,6,208,160
IQ:27,224,255,113,-270
IQ:28,232,5,-365,-136
IQ:29,240,255,-188,309
IQ:30,248,12,162,112
IQ:31,256,255,69,-194
IQ:32,264,1,-196,-68
IQ:33,272,255,-19,189
IQ:34,280,2,191,-1
IQ:35,288,255,-28,-198
SW:2
RR:3
SS:3
FR:2402
ME:356
MA:5
KE:0
KA:1
DF_END

Data arrived...
DF_BEGIN
IQ:0,0,11,159,68
IQ:1,8,11,50,-163
IQ:2,16,11,-163,-35
IQ:3,24,11,-10,176
IQ:4,32,11,176,-4
IQ:5,40,11,-4,-170
IQ:6,48,11,-171,37
IQ:7,56,11,48,166
IQ:8,72,12,-98,-102
IQ:9,80,255,-138,77
IQ:10,88,1,64,143
IQ:11,96,255,133,-48
IQ:12,104,2,-71,-85
IQ:13,112,255,-76,100
IQ:14,120,10,224,182
IQ:15,128,255,205,-120
IQ:16,136,3,-102,-118
IQ:17,144,255,-119,166
IQ:18,152,9,180,227
IQ:19,160,255,211,-143
IQ:20,168,4,-81,-180
IQ:21,176,255,-151,92
IQ:22,184,8,-9,148
IQ:23,192,255,90,-12
IQ:24,200,7,-103,-127
IQ:25,208,255,-96,71
IQ:26,216,6,99,1
IQ:27,224,255,22,-126
IQ:28,232,5,-90,-81
IQ:29,240,255,-31,31
IQ:30,248,12,41,-136
IQ:31,256,255,-133,-78
IQ:32,264,1,-92,122
IQ:33,272,255,118,84
IQ:34,280,2,51,-97
IQ:35,288,255,-105,-17
SW:2
RR:3
SS:3
FR:2480
ME:10
MA:10
KE:0
KA:2
DF_END

Data arrived...
DF_BEGIN
IQ:0,0,11,114,145
IQ:1,8,11,136,-140
IQ:2,16,11,-160,-126
IQ:3,24,11,-96,156
IQ:4,32,11,177,86
IQ:5,40,11,65,-159
IQ:6,48,11,-178,-48
IQ:7,56,11,-42,180
IQ:8,72,12,52,-180
IQ:9,80,255,-181,26
IQ:10,88,1,30,118
IQ:11,96,255,158,-123
IQ:12,104,2,-36,-187
IQ:13,112,255,-109,82
IQ:14,120,10,249,7
IQ:15,128,255,33,-282
IQ:16,136,3,-192,35
IQ:17,144,255,105,274
IQ:18,152,9,416,-109
IQ:19,160,255,-60,-384
IQ:20,168,4,-382,186
IQ:21,176,255,169,456
IQ:22,184,8,507,-32
IQ:23,192,255,-66,-449
IQ:24,200,7,-474,149
IQ:25,208,255,105,429
IQ:26,216,6,293,-178
IQ:27,224,255,-296,-303
IQ:28,232,5,-467,303
IQ:29,240,255,144,459
IQ:30,248,12,199,-55
IQ:31,256,255,-122,-132
IQ:32,264,1,-82,94
IQ:33,272,255,174,65
IQ:34,280,2,131,-138
IQ:35,288,255,-182,-84
SW:2
RR:3
SS:3
FR:2426
ME:356
MA:356
KE:0
KA:1
DF_END

Data arrived...
DF_BEGIN
IQ:0,0,11,-105,-111
IQ:1,8,11,-83,128
IQ:2,16,11,137,91
IQ:3,24,11,77,-151
IQ:4,32,11,-134,-65
IQ:5,40,11,-54,142
IQ:6,48,11,145,36
IQ:7,56,11,21,-154
IQ:8,72,12,-20,162
IQ:9,80,255,142,-49
IQ:10,88,1,-39,-106
IQ:11,96,255,-114,102
IQ:12,104,2,49,160
IQ:13,112,255,85,-79
IQ:14,120,10,-195,15
IQ:15,128,255,-8,231
IQ:16,136,3,149,-48
IQ:17,144,255,-107,-204
IQ:18,152,9,-323,113
IQ:19,160,255,106,301
IQ:20,168,4,293,-217
IQ:21,176,255,-185,-374
IQ:22,184,8,-413,30
IQ:23,192,255,92,339
IQ:24,200,7,363,-195
IQ:25,208,255,-148,-349
IQ:26,216,6,-217,156
IQ:27,224,255,261,221
IQ:28,232,5,353,-291
IQ:29,240,255,-203,-338
IQ:30,248,12,-141,62
IQ:31,256,255,103,119
IQ:32,264,1,77,-86
IQ:33,272,255,-146,-29
IQ:34,280,2,-93,140
IQ:35,288,255,139,67
SW:2
RR:3
SS:3
FR:2426
ME:356
MA:5
KE:359
KA:1
DF_END

Data arrived...
DF_BEGIN
IQ:0,0,11,-145,-104
IQ:1,8,11,-78,163
IQ:2,16,11,170,74
IQ:3,24,11,55,-166
IQ:4,32,11,-186,-36
IQ:5,40,11,-20,181
IQ:6,48,11,184,17
IQ:7,56,11,-6,-186
IQ:8,72,12,55,198
IQ:9,80,255,159,-108
IQ:10,88,1,-116,-165
IQ:11,96,255,-142,140
IQ:12,104,2,160,117
IQ:13,112,255,81,-165
IQ:14,120,10,-166,7
IQ:15,128,255,25,205
IQ:16,136,3,197,-18
IQ:17,144,255,-70,-201
IQ:18,152,9,-241,116
IQ:19,160,255,125,266
IQ:20,168,4,262,-144
IQ:21,176,255,-173,-284
IQ:22,184,8,-335,102
IQ:23,192,255,112,265
IQ:24,200,7,240,-240
IQ:25,208,255,-214,-251
IQ:26,216,6,-178,192
IQ:27,224,255,243,147
IQ:28,232,5,176,-332
IQ:29,240,255,-300,-198
IQ:30,248,12,-130,161
IQ:31,256,255,182,92
IQ:32,264,1,86,-174
IQ:33,272,255,-194,-43
IQ:34,280,2,-23,189
IQ:35,288,255,207,7
SW:2
RR:3
SS:3
FR:2402
ME:356
MA:5
KE:359
KA:2
DF_END

Data arrived...
DF_BEGIN
IQ:0,0,11,53,156
IQ:1,8,11,153,-72
IQ:2,16,11,-88,-140
IQ:3,24,11,-120,102
IQ:4,32,11,131,111
IQ:5,40,11,104,-138
IQ:6,48,11,-133,-102
IQ:7,56,11,-88,144
IQ:8,72,12,11,-127
IQ:9,80,255,-146,-39
IQ:10,88,1,-66,138
IQ:11,96,255,136,66
IQ:12,104,2,24,-112
IQ:13,112,255,-117,5
IQ:14,120,10,21,279
IQ:15,128,255,242,39
IQ:16,136,3,3,-164
IQ:17,144,255,-197,37
IQ:18,152,9,-18,294
IQ:19,160,255,264,50
IQ:20,168,4,55,-189
IQ:21,176,255,-183,-52
IQ:22,184,8,-107,108
IQ:23,1