IQ:32,264,1,-69,-158
IQ:33,272,255,-154,67
IQ:34,280,2,67,105
IQ:35,288,255,74,-94
SW:2
RR:3
SS:3
FR:2480
ME:10
MA:13
KE:2
KA:4
DF_END

Data arrived...
DF_BEGIN
IQ:0,0,11,206,-32
IQ:1,8,11,-38,-211
IQ:2,16,11,-209,50
IQ:3,24,11,71,202
IQ:4,32,11,198,-101
IQ:5,40,11,-109,-187
IQ:6,48,11,-167,133
IQ:7,56,11,145,160
IQ:8,72,12,-149,-156
IQ:9,80,255,-92,176
IQ:10,88,1,140,69
IQ:11,96,255,11,-201
IQ:12,104,2,-201,-79
IQ:13,112,255,19,153
IQ:14,120,10,125,-211
IQ:15,128,255,-200,-187
IQ:16,136,3,-77,166
IQ:17,144,255,270,63
IQ:18,152,9,115,-385
IQ:19,160,255,-371,-146
IQ:20,168,4,-12,410
IQ:21,176,255,476,59
IQ:22,184,8,240,-440
IQ:23,192,255,-428,-152
IQ:24,200,7,-130,530
IQ:25,208,255,451,144
IQ:26,216,6,3,-343
IQ:27,224,255,-386,94
IQ:28,232,5,29,568
IQ:29,240,255,500,67
IQ:30,248,12,54,-212
IQ:31,256,255,-205,24
IQ:32,264,1,28,151
IQ:33,272,255,163,-103
IQ:34,280,2,-43,-212
IQ:35,288,255,-188,75
SW:2
RR:3
SS:3
FR:2426
ME:356
MA:356
KE:1
KA:3
DF_END

Data arrived...
DF_BEGIN
IQ:0,0,11,143,-56
IQ:1,8,11,-63,-138
IQ:2,16,11,-130,82
IQ:3,24,11,102,118
IQ:4,32,11,109,-106
IQ:5,40,11,-120,-101
IQ:6,48,11,-90,123
IQ:7,56,11,131,73
IQ:8,72,12,-160,-77
IQ:9,80,255,-51,149
IQ:10,88,1,114,45
IQ:11,96,255,-36,-138
IQ:12,104,2,-171,-9
IQ:13,112,255,35,105
IQ:14,120,10,8,-164
IQ:15,128,255,-192,-58
IQ:16,136,3,-7,128
IQ:17,144,255,193,-44
IQ:18,152,9,-47,-302
IQ:19,160,255,-284,27
IQ:20,168,4,166,267
IQ:21,176,255,364,-126
IQ:22,184,8,39,-395
IQ:23,192,255,-348,2
IQ:24,200,7,56,406
IQ:25,208,255,365,-33
IQ:26,216,6,-94,-237
IQ:27,224,255,-273,165
IQ:28,232,5,178,405
IQ:29,240,255,382,-103
IQ:30,248,12,-6,-171
IQ:31,256,255,-145,56
IQ:32,264,1,41,114
IQ:33,272,255,88,-116
IQ:34,280,2,-102,-144
IQ:35,288,255,-104,118
SW:2
RR:3
SS:3
FR:2426
ME:356
MA:353
KE:0
KA:2
DF_END

Data arrived...
DF_BEGIN
IQ:0,0,11,-94,136
IQ:1,8,11,161,61
IQ:2,16,11,50,-174
IQ:3,24,11,-173,-32
IQ:4,32,11,-36,174
IQ:5,40,11,170,25
IQ:6,48,11,1,-182
IQ:7,56,11,-166,21
IQ:8,72,12,187,-88
IQ:9,80,255,-107,-157
IQ:10,88,1,-154,101
IQ:11,96,255,133,114
IQ:12,104,2,92,-148
IQ:13,112,255,-155,-61
IQ:14,120,10,37,167
IQ:15,128,255,218,-27
IQ:16,136,3,-11,-185
IQ:17,144,255,-191,71
IQ:18,152,9,133,240
IQ:19,160,255,236,-156
IQ:20,168,4,-164,-246
IQ:21,176,255,-265,202
IQ:22,184,8,117,331
IQ:23,192,255,256,-130
IQ:24,200,7,-279,-208
IQ:25,208,255,-217,253
IQ:26,216,6,206,152
IQ:27,224,255,118,-263
IQ:28,232,5,-342,-177
IQ:29,240,255,-191,296
IQ:30,248,12,176,102
IQ:31,256,255,71,-191
IQ:32,264,1,-173,-57
IQ:33,272,255,-17,179
IQ:34,280,2,178,8
IQ:35,288,255,-9,-194
SW:2
RR:3
SS:3
FR:2402
ME:356
MA:5
KE:0
KA:2
DF_END

Data arrived...
DF_BEGIN
IQ:0,0,11,-169,-44
IQ:1,8,11,-34,167
IQ:2,16,11,164,-2
IQ:3,24,11,-18,-173
IQ:4,32,11,-174,33
IQ:5,40,11,43,172
IQ:6,48,11,162,-55
IQ:7,56,11,-84,-151
IQ:8,72,12,108,95
IQ:9,80,255,136,-103
IQ:10,88,1,-77,-171
IQ:11,96,255,-154,73
IQ:12,104,2,93,97
IQ:13,112,255,77,-127
IQ:14,120,10,-262,-164
IQ:15,128,255,-190,184
IQ:16,136,3,154,102
IQ:17,144,255,77,-220
IQ:18,152,9,-271,-194
IQ:19,160,255,-212,195
IQ:20,168,4,155,142
IQ:21,176,255,150,-156
IQ:22,184,8,-31,-177
IQ:23,192,255,-96,73
IQ:24,200,7,179,112
IQ:25,208,255,88,-133
IQ:26,216,6,-129,15
IQ:27,224,255,9,160
IQ:28,232,5,132,57
IQ:29,240,255,28,-59
IQ:30,248,12,-18,149
IQ:31,256,255,159,58
IQ:32,264,1,81,-172
IQ:33,272,255,-148,-81
IQ:34,280,2,-26,133
IQ:35,288,255,132,0
SW:2
RR:3
SS:3
FR:2480
ME:10
MA:10
KE:1
KA:3
DF_END

Data arrived...
DF_BEGIN
IQ:0,0,11,-188,-74
IQ:1,8,11,-41,194
IQ:2,16,11,197,24
IQ:3,24,11,-1,-194
IQ:4,32,11,-208,19
IQ:5,40,11,42,199
IQ:6,48,11,185,-52
IQ:7,56,11,-62,-195
IQ:8,72,12,77,207
IQ:9,80,255,147,-124
IQ:10,88,1,-110,-123
IQ:11,96,255,-85,173
IQ:12,104,2,153,131
IQ:13,112,255,27,-141
IQ:14,120,10,-136,160
IQ:15,128,255,138,214
IQ:16,136,3,108,-126
IQ:17,144,255,-242,-104
IQ:18,152,9,-210,323
IQ:19,160,255,292,183
IQ:20,168,4,78,-389
IQ:21,176,255,-443,-178
IQ:22,184,8,-356,326
IQ:23,192,255,322,261
IQ:24,200,7,252,-458
IQ:25,208,255,-384,-259
IQ:26,216,6,-97,304
IQ:27,224,255,394,36
IQ:28,232,5,113,-545
IQ:29,240,255,-440,-191
IQ:30,248,12,-125,153
IQ:31,256,255,196,45
IQ:32,264,1,25,-171
IQ:33,272,255,-183,44
IQ:34,280,2,-39,207
IQ:35,288,255,194,-39
SW:2
RR:3
SS:3
FR:2426
ME:356
MA:356
KE:0
KA:2
DF_END

Data arrived...
DF_BEGIN
IQ:0,0,11,32,157
IQ:1,8,11,150,-50
IQ:2,16,11,-61,-157
IQ:3,24,11,-140,75
IQ:4,32,11,105,127
IQ:5,40,11,118,-111
IQ:6,48,11,-116,-118
IQ:7,56,11,-111,130
IQ:8,72,12,101,-141
IQ:9,80,255,-147,-35
IQ:10,88,1,-41,124
IQ:11,96,255,149,-28
IQ:12,104,2,4,-172
IQ:13,112,255,-111,31
IQ:14,120,10,163,45
IQ:15,128,255,83,-189
IQ:16,136,3,-126,-17
IQ:17,144,255,18,207
IQ:18,152,9,317,11
IQ:19,160,255,0,-290
IQ:20,168,4,-300,109
IQ:21,176,255,69,382
IQ:22,184,8,387,96
IQ:23,192,255,36,-351
IQ:24,200,7,-432,26
IQ:25,208,255,-6,364
IQ:26,216,6,251,-97
IQ:27,224,255,-150,-291
IQ:28,232,5,-421,136
IQ:29,240,255,85,374
IQ:30,248,12,174,9
IQ:31,256,255,-42,-154
IQ:32,264,1,-120,46
IQ:33,272,255,106,104
IQ:34,280,2,158,-71
IQ:35,288,255,-98,-132
SW:2
RR:3
SS:3
FR:2426
ME:356
MA:356
KE:0
KA:1
DF_END

Data arrived...
DF_BEGIN
IQ:0,0,11,32,-170
IQ:1,8,11,-174,-12
IQ:2,16,11,3,168
IQ:3,24,11,166,-21
IQ:4,32,11,-39,-165
IQ:5,40,11,-160,56
IQ:6,48,11,59,162
IQ:7,56,11,153,-84
IQ:8,72,12,-137,150
IQ:9,80,255,167,105
IQ:10,88,1,88,-157
IQ:11,96,255,-176,-64
IQ:12,104,2,-59,170
IQ:13,112,255,168,5
IQ:14,120,10,-87,-149
IQ:15,128,255,-191,92
IQ:16,136,3,85,168
IQ:17,144,255,150,-143
IQ:18,152,9,-222,-150
IQ:19,160,255,-164,243
IQ:20,168,4,242,172
IQ:21,176,255,195,-271
IQ:22,184,8,-228,-267
IQ:23,192,255,-194,213
IQ:24,200,7,318,119
IQ:25,208,255,122,-308
IQ:26,216,6,-250,-80
IQ:27,224,255,-10,283
IQ:28,232,5,394,28
IQ:29,240,255,80,-353
IQ:30,248,12,-189,-53
IQ:31,256,255,-7,205
IQ:32,264,1,179,-6
IQ:33,272,255,-34,-186
IQ:34,280,2,-170,43
IQ:35,288,255,81,171
SW:2
RR:3
SS:3
FR:2402
ME:356
MA:359
KE:359
KA:1
DF_END

Data arrived...
DF_BEGIN
IQ:0,0,11,-137,-102
IQ:1,8,11,-84,159
IQ:2,16,11,157,80
IQ:3,24,11,60,-164
IQ:4,32,11,-162,-38
IQ:5,40,11,-28,168
IQ:6,48,11,177,14
IQ:7,56,11,-17,-177
IQ:8,72,12,62,137
IQ:9,80,255,162,-44
IQ:10,88,1,-4,-187
IQ:11,96,255,-172,4
IQ:12,104,2,44,123
IQ:13,112,255,120,-93
IQ:14,120,10,-184,-242
IQ:15,128,255,-241,111
IQ:16,136,3,104,149
IQ:17,144,255,164,-163
IQ:18,152,9,-154,-295
IQ:19,160,255,-257,121
IQ:20,168,4,90,204
IQ:21,176,255,203,-81
IQ:22,184,8,11,-181
IQ:23,192,255,-124,25
IQ:24,200,7,116,168
IQ:25,208,255,120,-83
IQ:26,216,6,-131,-33
IQ:27,224,255,-58,153
IQ:28,232,5,90,105
IQ:29,240,255,43,-40
IQ:30,248,12,-82,134
IQ:31,256,255,135,102
IQ:32,264,1,118,-143
IQ:33,272,255,-120,-133
IQ:34,280,2,-78,108
IQ:35,288,255,118,44
SW:2
RR:3
SS:3
FR:2480
ME:10
MA:10
KE:0
KA:2
DF_END

Data arrived...
DF_BEGIN
IQ:0,0,11,-13,178
IQ:1,8,11,168,-12
IQ:2,16,11,-53,-162
IQ:3,24,11,-168,65
IQ:4,32,11,77,156
IQ:5,40,11,151,-93
IQ:6,48,11,-106,-134
IQ:7,56,11,-127,126
IQ:8,72,12,55,-129
IQ:9,80,255,-155,-82
IQ:10,88,1,-118,139
IQ:11,96,255,126,113
IQ:12,104,2,46,-126
IQ:13,112,255,-156,-28
IQ:14,120,10,-77,305
IQ:15,128,255,237,104
IQ:16,136,3,36,-180
IQ:17,144,255,-228,-18
IQ:18,152,9,-96,325
IQ:19,160,255,271,113
IQ:20,168,4,100,-200
IQ:21,176,255,-194,-87
IQ:22,184,8,-139,122
IQ:23,192,255,99,73
IQ:24,200,7,61,-200
IQ:25,208,255,-158,-53
IQ:26,216,6,49,119
IQ:27,224,255,144,-70
IQ:28,232,5,-2,-137
IQ:29,240,255,-69,3
IQ:30,248,12,152,-19
IQ:31,256,255,4,-165
IQ:32,264,1,-190,-23
IQ:33,272,255,-36,171
IQ:34,280,2,131,-12
IQ:35,288,255,-35,-127
SW:2
RR:3
SS:3
FR:2480
ME:10
MA:13
KE:1
KA:3
DF_END

Data arrived...
DF_BEGIN
IQ:0,0,11,-125,-110
IQ:1,8,11,-90,147
IQ:2,16,11,151,88
IQ:3,24,11,76,-151
IQ:4,32,11,-163,-47
IQ:5,40,11,-28,165
IQ:6,48,11,173,12
IQ:7,56,11,10,-162
IQ:8,72,12,-10,181
IQ:9,80,255,150,-56
IQ:10,88,1,-41,-130
IQ:11,96,255,-106,116
IQ:12,104,2,86,144
IQ:13,112,255,72,-101
IQ:14,120,10,-163,67
IQ:15,128,255,52,202
IQ:16,136,3,123,-69
IQ:17,144,255,-148,-148
IQ:18,152,9,-229,194
IQ:19,160,255,189,236
IQ:20,168,4,181,-269
IQ:21,176,255,-278,-270
IQ:22,184,8,-381,120
IQ:23,192,255,191,297
IQ:24,200,7,350,-271
IQ:25,208,255,-231,-304
IQ:26,216,6,-168,204
IQ:27,224,255,294,145
IQ:28,232,5,254,-367
IQ:29,240,255,-296,-267
IQ:30,248,12,-154,90
IQ:31,256,255,127,102
IQ:32,264,1,74,-106
IQ:33,272,255,-156,-29
IQ:34,280,2,-91,146
IQ:35,288,255,159,43
SW:2
RR:3
SS:3
FR:2426
ME:356
MA:353
KE:1
KA:2
DF_END

Data arrived...
DF_BEGIN
IQ:0,0,11,86,156
IQ:1,8,11,142,-107
IQ:2,16,11,-114,-138
IQ:3,24,11,-125,117
IQ:4,32,11,134,100
IQ:5,40,11,86,-145
IQ:6,48,11,-160,-78
IQ:7,56,11,-83,151
IQ:8,72,12,24,-203
IQ:9,80,255,-195,0
IQ:10,88,1,21,186
IQ:11,96,255,169,-64
IQ:12,104,2,-84,-165
IQ:13,112,255,-137,96
IQ:14,120,10,161,51
IQ:15,128,255,100,-199
IQ:16,136,3,-171,-83
IQ:17,144,255,-32,210
IQ:18,152,9,264,1
IQ:19,160,255,-32,-283
IQ:20,168,4,-302,38
IQ:21,176,255,31,327
IQ:22,184,8,345,69
IQ:23,192,255,17,-297
IQ:24,200,7,-339,97
IQ:25,208,255,70,319
IQ:26,216,6,234,-93
IQ:27,224,255,-171,-234
IQ:28,232,5,-343,198
IQ:29,240,255,128,343
IQ:30,248,12,175,-71
IQ:31,256,255,-126,-163
IQ:32,264,1,-138,118
IQ:33,272,255,141,119
IQ:34,280,2,108,-148
IQ:35,288,255,-170,-104
SW:2
RR:3
SS:3
FR:2402
ME:356
MA:5
KE:0
KA:2
DF_END

Data arrived...
DF_BEGIN
IQ:0,0,11,-143,110
IQ:1,8,11,120,119
IQ:2,16,11,101,-138
IQ:3,24,11,-163,-97
IQ:4,32,11,-82,166
IQ:5,40,11,160,58
IQ:6,48,11,43,-168
IQ:7,56,11,-178,-26
IQ:8,72,12,141,-36
IQ:9,80,255,-25,-169
IQ:10,88,1,-196,-3
IQ:11,96,255,-26,172
IQ:12,104,2,132,-25
IQ:13,112,255,-66,-134
IQ:14,120,10,-288,122
IQ:15,128,255,55,259
IQ:16,136,3,163,-62
IQ:17,144,255,-120,-202
IQ:18,152,9,-315,87
IQ:19,160,255,57,281
IQ:20,168,4,211,-51
IQ:21,176,255,-60,-212
IQ:22,184,8,-180,-67
IQ:23,192,255,6,118
IQ:24,200,7,181,-87
IQ:25,208,255,-59,-145
IQ:26,216,6,-71,114
IQ:27,224,255,129,91
IQ:28,232,5,120,-69
IQ:29,240,255,-34,-57
IQ:30,248,12,91,110
IQ:31,256,255,130,-93
IQ:32,264,1,-93,-160
IQ:33,272,255,-156,68
IQ:34,280,2,83,104
IQ:35,288,255,79,-104
SW:2
RR:3
SS:3
FR:2480
ME:10
MA:10
KE:1
KA:3
DF_END

Data arrived...
DF_BEGIN
IQ:0,0,11,-96,186
IQ:1,8,11,205,71
IQ:2,16,11,50,-202
IQ:3,24,11,-211,-16
IQ:4,32,11,-7,214
IQ:5,40,11,209,-15
IQ:6,48,11,-26,-210
IQ:7,56,11,-201,64
IQ:8,72,12,220,-56
IQ:9,80,255,-110,-178
IQ:10,88,1,-126,95
IQ:11,96,255,168,105
IQ:12,104,2,167,-138
IQ:13,112,255,-134,-72
IQ:14,120,10,110,192
IQ:15,128,255,246,-85
IQ:16,136,3,-113,-132
IQ:17,144,255,-160,207
IQ:18,152,9,298,263
IQ:19,160,255,241,-283
IQ:20,168,4,-386,-138
IQ:21,176,255,-271,403
IQ:22,184,8,286,413
IQ:23,192,255,336,-321
IQ:24,200,7,-386,-378
IQ:25,208,255,-334,333
IQ:26,216,6,289,165
IQ:27,224,255,78,-385
IQ:28,232,5,-515,-207
IQ:29,240,255,-257,428
IQ:30,248,12,163,155
IQ:31,256,255,73,-186
IQ:32,264,1,-151,-45
IQ:33,272,255,4,201
IQ:34,280,2,199,68
IQ:35,288,255,-3,-197
SW:2
RR:3
SS:3
FR:2426
ME:356
MA:356
KE:1
KA:2
DF_END

Data arrived...
DF_BEGIN
IQ:0,0,11,-27,-177
IQ:1,8,11,-182,29
IQ:2,16,11,53,164
IQ:3,24,11,163,-81
IQ:4,32,11,-90,-154
IQ:5,40,11,-143,101
IQ:6,48,11,118,134
IQ:7,56,11,129,-122
IQ:8,72,12,-140,119
IQ:9,80,255,149,93
IQ:10,88,1,65,-120
IQ:11,96,255,-171,2
IQ:12,104,2,-78,161
IQ:13,112,255,129,6
IQ:14,120,10,-152,-103
IQ:15,128,255,-144,154
IQ:16,136,3,142,46
IQ:17,144,255,31,-206
IQ:18,152,9,-319,-84
IQ:19,160,255,-80,307
IQ:20,168,4,336,-17
IQ:21,176,255,17,-398
IQ:22,184,8,-367,-209
IQ:23,192,255,-120,332
IQ:24,200,7,433,64
IQ:25,208,255,78,-391
IQ:26,216,6,-269,5
IQ:27,224,255,93,314
IQ:28,232,5,460,-36
IQ:29,240,255,23,-404
IQ:30,248,12,-185,-40
IQ:31,256,255,23,171
IQ:32,264,1,126,-19
IQ:33,272,255,-76,-138
IQ:34,280,2,-171,34
IQ:35,288,255,84,141
SW:2
RR:3
SS:3
FR:2426
ME:356
MA:356
KE:0
KA:1
DF_END

Data arrived...
DF_BEGIN
IQ:0,0,11,103,129
IQ:1,8,11,124,-115
IQ:2,16,11,-123,-114
IQ:3,24,11,-93,140
IQ:4,32,11,146,77
IQ:5,40,11,70,-155
IQ:6,48,11,-160,-61
IQ:7,56,11,-44,163
IQ:8,72,12,-1,-204
IQ:9,80,255,-177,48
IQ:10,88,1,54,168
IQ:11,96,255,161,-86
IQ:12,104,2,-96,-161
IQ:13,112,255,-114,116
IQ:14,120,10,170,19
IQ:15,128,255,30,-210
IQ:16,136,3,-195,-51
IQ:17,144,255,-3,210
IQ:18,152,9,275,-27
IQ:19,160,255,-50,-282
IQ:20,168,4,-280,82
IQ:21,176,255,97,314
IQ:22,184,8,357,15
IQ:23,192,255,-30,-280
IQ:24,200,7,-287,183
IQ:25,208,255,172,295
IQ:26,216,6,227,-132
IQ:27,224,255,-195,-208
IQ:28,232,5,-287,259
IQ:29,240,255,201,283
IQ:30,248,12,154,-117
IQ:31,256,255,-149,-143
IQ:32,264,1,-125,132
IQ:33,272,255,153,98
IQ:34,280,2,64,-162
IQ:35,288,255,-185,-62
SW:2
RR:3
SS:3
FR:2402
ME:356
MA:5
KE:359
KA:2
DF_END

Data arrived...
DF_BEGIN
IQ:0,0,11,-118,127
IQ:1,8,11,148,103
IQ:2,16,11,88,-149
IQ:3,24,11,-165,-70
IQ:4,32,11,-46,172
IQ:5,40,11,172,36
IQ:6,48,11,16,-175
IQ:7,56,11,-181,-2
IQ:8,72,12,135,-54
IQ:9,80,255,-43,-170
IQ:10,88,1,-194,5
IQ:11,96,255,-19,169
IQ:12,104,2,122,-42
IQ:13,112,255,-83,-130
IQ:14,120,10,-260,164
IQ:15,128,255,91,244
IQ:16,136,3,164,-103
IQ:17,144,255,-148,-176
IQ:18,152,9,-303,144
IQ:19,160,255,87,277
IQ:20,168,4,205,-66
IQ:21,176,255,-74,-196
IQ:22,184,8,-185,-36
IQ:23,192,255,18,116
IQ:24,200,7,169,-116
IQ:25,208,255,-75,-140
IQ:26,216,6,-48,123
IQ:27,224,255,147,71
IQ:28,232,5,104,-89
IQ:29,240,255,-47,-43
IQ:30,248,12,130,84
IQ:31,256,255,122,-129
IQ:32,264,1,-109,-145
IQ:33,272,255,-139,101
IQ:34,280,2,112,82
IQ:35,288,255,68,-109
SW:2
RR:3
SS:3
FR:2480
ME:10
MA:13
KE:0
KA:3
DF_END

Data arrived...
DF_BEGIN
IQ:0,0,11,166,-4
IQ:1,8,11,-24,-165
IQ:2,16,11,-165,39
IQ:3,24,11,61,155
IQ:4,32,11,156,-81
IQ:5,40,11,-85,-160
IQ:6,48,11,-122,101
IQ:7,56,11,128,118
IQ:8,72,12,-113,-154
IQ:9,80,255,-96,135
IQ:10,88,1,119,65
IQ:11,96,255,15,-151
IQ:12,104,2,-165,-51
IQ:13,112,255,7,127
IQ:14,120,10,94,-149
IQ:15,128,255,-160,-140
IQ:16,136,3,-56,120
IQ:17,144,255,216,21
IQ:18,152,9,80,-307
IQ:19,160,255,-289,-53
IQ:20,168,4,13,340
IQ:21,176,255,376,77
IQ:22,184,8,208,-348
IQ:23,192,255,-333,-137
IQ:24,200,7,-79,423
IQ:25,208,255,373,78
IQ:26,216,6,-13,-272
IQ:27,224,255,-323,85
IQ:28,232,5,16,454
IQ:29,240,255,399,41
IQ:30,248,12,48,-176
IQ:31,256,255,-171,13
IQ:32,264,1,14,126
IQ:33,272,255,130,-88
IQ:34,280,2,-42,-175
IQ:35,288,255,-145,72
SW:2
RR:3
SS:3
FR:2426
ME:356
MA:353
KE:0
KA:2
DF_END

Data arrived...
DF_BEGIN
IQ:0,0,11,-98,137
IQ:1,8,11,137,79
IQ:2,16,11,63,-154
IQ:3,24,11,-164,-37
IQ:4,32,11,-35,160
IQ:5,40,11,157,16
IQ:6,48,11,-6,-174
IQ:7,56,11,-161,6
IQ:8,72,12,174,-31
IQ:9,80,255,-67,-153
IQ:10,88,1,-107,63
IQ:11,96,255,123,88
IQ:12,104,2,138,-98
IQ:13,112,255,-106,-64
IQ:14,120,10,72,157
IQ:15,128,255,206,-53
IQ:16,136,3,-71,-111
IQ:17,144,255,-147,153
IQ:18,152,9,195,230
IQ:19,160,255,229,-207
IQ:20,168,4,-275,-168
IQ:21,176,255,-250,295
IQ:22,184,8,196,338
IQ:23,192,255,283,-210
IQ:24,200,7,-324,-284
IQ:25,208,255,-289,259
IQ:26,216,6,209,159
IQ:27,224,255,97,-305
IQ:28,232,5,-389,-222
IQ:29,240,255,-255,295
IQ:30,248,12,108,143
IQ:31,256,255,94,-142
IQ:32,264,1,-107,-61
IQ:33,272,255,-2,152
IQ:34,280,2,169,72
IQ:35,288,255,34,-160
SW:2
RR:3
SS:3
FR:2426
ME:356
MA:359
KE:0
KA:1
DF_END

Data arrived...
DF_BEGIN
IQ:0,0,11,-98,144
IQ:1,8,11,155,73
IQ:2,16,11,65,-163
IQ:3,24,11,-164,-59
IQ:4,32,11,-47,167
IQ:5,40,11,165,18
IQ:6,48,11,8,-181
IQ:7,56,11,-178,4
IQ:8,72,12,195,-67
IQ:9,80,255,-106,-163
IQ:10,88,1,-148,111
IQ:11,96,255,140,123
IQ:12,104,2,116,-146
IQ:13,112,255,-154,-79
IQ:14,120,10,8,178
IQ:15,128,255,210,-15
IQ:16,136,3,-8,-195
IQ:17,144,255,-196,69
IQ:18,152,9,129,244
IQ:19,160,255,274,-118
IQ:20,168,4,-151,-264
IQ:21,176,255,-284,164
IQ:22,184,8,125,331
IQ:23,192,255,271,-138
IQ:24,200,7,-250,-246
IQ:25,208,255,-247,222
IQ:26,216,6,203,163
IQ:27,224,255,134,-256
IQ:28,232,5,-329,-233
IQ:29,240,255,-222,273
IQ:30,248,12,157,115
IQ:31,256,255,79,-185
IQ:32,264,1,-167,-75
IQ:33,272,255,-17,182
IQ:34,280,2,178,20
IQ:35,288,255,2,-201
SW:2
RR:3
SS:3
FR:2402
ME:356
MA:5
KE:359
KA:2
DF_END

Data arrived...
DF_BEGIN
IQ:0,0,11,86,-159
IQ:1,8,11,-162,-58
IQ:2,16,11,-45,164
IQ:3,24,11,171,20
IQ:4,32,11,1,-183
IQ:5,40,11,-179,11
IQ:6,48,11,32,175
IQ:7,56,11,173,-43
IQ:8,72,12,-117,84
IQ:9,80,255,76,153
IQ:10,88,1,178,-53
IQ:11,96,255,-46,-168
IQ:12,104,2,-112,74
IQ:13,112,255,103,102
IQ:14,120,10,192,-229
IQ:15,128,255,-151,-222
IQ:16,136,3,-138,126
IQ:17,144,255,185,129
IQ:18,152,9,249,-226
IQ:19,160,255,-171,-239
IQ:20,168,4,-186,123
IQ:21,176,255,123,177
IQ:22,184,8,183,-15
IQ:23,192,255,-59,-114
IQ:24,200,7,-144,150
IQ:25,208,255,107,114
IQ:26,216,6,-7,-133
IQ:27,224,255,-167,-28
IQ:28,232,5,-88,114
IQ:29,240,255,53,31
IQ:30,248,12,-141,-56
IQ:31,256,255,-86,149
IQ:32,264,1,145,121
IQ:33,272,255,109,-127
IQ:34,280,2,-115,-54
IQ:35,288,255,-19,127
SW:2
RR:3
SS:3
FR:2480
ME:10
MA:13
KE:0
KA:3
DF_END

Data arrived...
DF_BEGIN
IQ:0,0,11,-166,24
IQ:1,8,11,60,161
IQ:2,16,11,167,-63
IQ:3,24,11,-84,-146
IQ:4,32,11,-136,110
IQ:5,40,11,111,135
IQ:6,48,11,114,-116
IQ:7,56,11,-132,-111
IQ:8,72,12,156,110
IQ:9,80,255,51,-161
IQ:10,88,1,-132,-41
IQ:11,96,255,13,157
IQ:12,104,2,180,28
IQ:13,112,255,-28,-120
IQ:14,120,10,-71,173
IQ:15,128,255,185,101
IQ:16,136,3,24,-134
IQ:17,144,255,-222,-2
IQ:18,152,9,-46,307
IQ:19,160,255,297,29
IQ:20,168,4,-96,-311
IQ:21,176,255,-397,45
IQ:22,184,8,-127,394
IQ:23,192,255,356,47
IQ:24,200,7,-43,-438
IQ:25,208,255,-384,-6
IQ:26,216,6,71,265
IQ:27,224,255,301,-146
IQ:28,232,5,-111,-444
IQ:29,240,255,-405,28
IQ:30,248,12,-24,177
IQ:31,256,255,162,-37
IQ:32,264,1,-45,-123
IQ:33,272,255,-120,112
IQ:34,280,2,76,163
IQ:35,288,255,119,-109
SW:2
RR:3
SS:3
FR:2426
ME:356
MA:359
KE:0
KA:2
DF_END

Data arrived...