IQ:32,264,1,78,139
IQ:33,272,255,126,-159
IQ:34,280,2,-85,-198
IQ:35,288,255,-126,129
SW:2
RR:3
SS:3
FR:2426
ME:356
MA:356
KE:1
KA:4
DF_END

Data arrived...
DF_BEGIN
IQ:0,0,11,151,-87
IQ:1,8,11,-98,-143
IQ:2,16,11,-134,104
IQ:3,24,11,122,110
IQ:4,32,11,100,-137
IQ:5,40,11,-148,-82
IQ:6,48,11,-79,150
IQ:7,56,11,150,66
IQ:8,72,12,-199,-1
IQ:9,80,255,36,181
IQ:10,88,1,165,-45
IQ:11,96,255,-80,-173
IQ:12,104,2,-164,77
IQ:13,112,255,107,128
IQ:14,120,10,41,-163
IQ:15,128,255,-204,-63
IQ:16,136,3,-65,173
IQ:17,144,255,196,18
IQ:18,152,9,-16,-265
IQ:19,160,255,-283,38
IQ:20,168,4,65,292
IQ:21,176,255,338,-40
IQ:22,184,8,46,-340
IQ:23,192,255,-282,22
IQ:24,200,7,128,320
IQ:25,208,255,306,-115
IQ:26,216,6,-96,-232
IQ:27,224,255,-214,181
IQ:28,232,5,242,294
IQ:29,240,255,298,-183
IQ:30,248,12,-85,-181
IQ:31,256,255,-148,121
IQ:32,264,1,128,121
IQ:33,272,255,104,-158
IQ:34,280,2,-148,-84
IQ:35,288,255,-64,178
SW:2
RR:3
SS:3
FR:2402
ME:359
MA:359
KE:1
KA:3
DF_END

Data arrived...
DF_BEGIN
IQ:0,0,11,87,136
IQ:1,8,11,139,-107
IQ:2,16,11,-120,-111
IQ:3,24,11,-97,143
IQ:4,32,11,146,89
IQ:5,40,11,68,-155
IQ:6,48,11,-155,-70
IQ:7,56,11,-52,161
IQ:8,72,12,-28,-149
IQ:9,80,255,-161,10
IQ:10,88,1,-33,167
IQ:11,96,255,160,41
IQ:12,104,2,-2,-125
IQ:13,112,255,-130,43
IQ:14,120,10,94,280
IQ:15,128,255,242,-20
IQ:16,136,3,-49,-166
IQ:17,144,255,-203,100
IQ:18,152,9,62,314
IQ:19,160,255,276,-31
IQ:20,168,4,-22,-207
IQ:21,176,255,-203,7
IQ:22,184,8,-79,160
IQ:23,192,255,104,27
IQ:24,200,7,-46,-173
IQ:25,208,255,-128,38
IQ:26,216,6,102,57
IQ:27,224,255,99,-126
IQ:28,232,5,-61,-131
IQ:29,240,255,-58,18
IQ:30,248,12,107,-103
IQ:31,256,255,-90,-130
IQ:32,264,1,-152,88
IQ:33,272,255,61,154
IQ:34,280,2,103,-74
IQ:35,288,255,-94,-81
SW:2
RR:3
SS:3
FR:2480
ME:10
MA:10
KE:2
KA:4
DF_END

Data arrived...
DF_BEGIN
IQ:0,0,11,-220,37
IQ:1,8,11,55,222
IQ:2,16,11,213,-69
IQ:3,24,11,-93,-194
IQ:4,32,11,-190,137
IQ:5,40,11,135,189
IQ:6,48,11,172,-137
IQ:7,56,11,-176,-139
IQ:8,72,12,175,54
IQ:9,80,255,91,-190
IQ:10,88,1,-181,-137
IQ:11,96,255,-138,162
IQ:12,104,2,146,76
IQ:13,112,255,33,-177
IQ:14,120,10,-382,-46
IQ:15,128,255,-126,313
IQ:16,136,3,224,65
IQ:17,144,255,17,-293
IQ:18,152,9,-409,-113
IQ:19,160,255,-137,357
IQ:20,168,4,260,104
IQ:21,176,255,102,-247
IQ:22,184,8,-138,-201
IQ:23,192,255,-102,122
IQ:24,200,7,247,76
IQ:25,208,255,39,-186
IQ:26,216,6,-146,87
IQ:27,224,255,84,193
IQ:28,232,5,191,25
IQ:29,240,255,19,-81
IQ:30,248,12,37,188
IQ:31,256,255,204,-15
IQ:32,264,1,5,-225
IQ:33,272,255,-213,-31
IQ:34,280,2,15,167
IQ:35,288,255,150,-41
SW:2
RR:3
SS:3
FR:2480
ME:10
MA:13
KE:2
KA:4
DF_END

Data arrived...
DF_BEGIN
IQ:0,0,11,-123,115
IQ:1,8,11,120,102
IQ:2,16,11,90,-139
IQ:3,24,11,-151,-74
IQ:4,32,11,-71,151
IQ:5,40,11,162,63
IQ:6,48,11,52,-169
IQ:7,56,11,-167,-21
IQ:8,72,12,204,38
IQ:9,80,255,-11,-186
IQ:10,88,1,-137,21
IQ:11,96,255,108,124
IQ:12,104,2,172,-73
IQ:13,112,255,-92,-92
IQ:14,120,10,68,192
IQ:15,128,255,227,-39
IQ:16,136,3,-78,-137
IQ:17,144,255,-185,158
IQ:18,152,9,170,335
IQ:19,160,255,295,-168
IQ:20,168,4,-323,-251
IQ:21,176,255,-368,286
IQ:22,184,8,119,461
IQ:23,192,255,397,-127
IQ:24,200,7,-229,-445
IQ:25,208,255,-400,211
IQ:26,216,6,194,245
IQ:27,224,255,207,-325
IQ:28,232,5,-386,-377
IQ:29,240,255,-367,281
IQ:30,248,12,86,199
IQ:31,256,255,128,-126
IQ:32,264,1,-111,-93
IQ:33,272,255,-51,160
IQ:34,280,2,158,91
IQ:35,288,255,65,-171
SW:2
RR:3
SS:3
FR:2426
ME:356
MA:5
KE:2
KA:4
DF_END

Data arrived...
DF_BEGIN
IQ:0,0,11,-52,161
IQ:1,8,11,162,29
IQ:2,16,11,14,-175
IQ:3,24,11,-163,-2
IQ:4,32,11,31,162
IQ:5,40,11,164,-46
IQ:6,48,11,-49,-165
IQ:7,56,11,-160,62
IQ:8,72,12,155,-124
IQ:9,80,255,-147,-117
IQ:10,88,1,-102,151
IQ:11,96,255,171,49
IQ:12,104,2,54,-162
IQ:13,112,255,-158,-24
IQ:14,120,10,64,129
IQ:15,128,255,169,-92
IQ:16,136,3,-82,-157
IQ:17,144,255,-144,126
IQ:18,152,9,186,152
IQ:19,160,255,139,-234
IQ:20,168,4,-247,-146
IQ:21,176,255,-186,256
IQ:22,184,8,200,284
IQ:23,192,255,216,-175
IQ:24,200,7,-306,-117
IQ:25,208,255,-129,300
IQ:26,216,6,233,96
IQ:27,224,255,18,-270
IQ:28,232,5,-361,-43
IQ:29,240,255,-64,334
IQ:30,248,12,187,63
IQ:31,256,255,9,-187
IQ:32,264,1,-181,-13
IQ:33,272,255,28,177
IQ:34,280,2,166,-53
IQ:35,288,255,-67,-183
SW:2
RR:3
SS:3
FR:2402
ME:359
MA:359
KE:1
KA:4
DF_END

Data arrived...
DF_BEGIN
IQ:0,0,11,-93,-145
IQ:1,8,11,-143,106
IQ:2,16,11,122,127
IQ:3,24,11,115,-132
IQ:4,32,11,-146,-115
IQ:5,40,11,-98,145
IQ:6,48,11,158,79
IQ:7,56,11,70,-166
IQ:8,72,12,8,211
IQ:9,80,255,193,-35
IQ:10,88,1,-58,-192
IQ:11,96,255,-183,83
IQ:12,104,2,86,155
IQ:13,112,255,121,-115
IQ:14,120,10,-166,-44
IQ:15,128,255,-56,203
IQ:16,136,3,180,48
IQ:17,144,255,2,-211
IQ:18,152,9,-261,50
IQ:19,160,255,37,289
IQ:20,168,4,283,-54
IQ:21,176,255,-65,-329
IQ:22,184,8,-360,-38
IQ:23,192,255,-10,289
IQ:24,200,7,319,-140
IQ:25,208,255,-124,-317
IQ:26,216,6,-245,100
IQ:27,224,255,192,213
IQ:28,232,5,298,-243
IQ:29,240,255,-198,-302
IQ:30,248,12,-174,108
IQ:31,256,255,140,143
IQ:32,264,1,135,-142
IQ:33,272,255,-166,-102
IQ:34,280,2,-76,169
IQ:35,288,255,199,72
SW:2
RR:3
SS:3
FR:2402
ME:356
MA:5
KE:1
KA:4
DF_END

Data arrived...
DF_BEGIN
IQ:0,0,11,125,113
IQ:1,8,11,104,-127
IQ:2,16,11,-132,-85
IQ:3,24,11,-65,146
IQ:4,32,11,160,70
IQ:5,40,11,45,-153
IQ:6,48,11,-164,-13
IQ:7,56,11,1,172
IQ:8,72,12,-39,-125
IQ:9,80,255,-159,22
IQ:10,88,1,-6,175
IQ:11,96,255,163,10
IQ:12,104,2,-23,-119
IQ:13,112,255,-120,62
IQ:14,120,10,142,256
IQ:15,128,255,235,-59
IQ:16,136,3,-76,-157
IQ:17,144,255,-170,131
IQ:18,152,9,127,304
IQ:19,160,255,285,-72
IQ:20,168,4,-45,-206
IQ:21,176,255,-191,39
IQ:22,184,8,-35,173
IQ:23,192,255,115,3
IQ:24,200,7,-83,-159
IQ:25,208,255,-116,64
IQ:26,216,6,117,41
IQ:27,224,255,74,-141
IQ:28,232,5,-76,-118
IQ:29,240,255,-64,27
IQ:30,248,12,83,-112
IQ:31,256,255,-116,-112
IQ:32,264,1,-132,109
IQ:33,272,255,93,139
IQ:34,280,2,82,-93
IQ:35,288,255,-98,-63
SW:2
RR:3
SS:3
FR:2480
ME:10
MA:13
KE:2
KA:5
DF_END

Data arrived...
DF_BEGIN
IQ:0,0,11,-184,-91
IQ:1,8,11,-91,181
IQ:2,16,11,178,53
IQ:3,24,11,44,-179
IQ:4,32,11,-191,-31
IQ:5,40,11,-24,199
IQ:6,48,11,192,3
IQ:7,56,11,-19,-202
IQ:8,72,12,45,263
IQ:9,80,255,184,-99
IQ:10,88,1,-75,-136
IQ:11,96,255,-102,166
IQ:12,104,2,123,165
IQ:13,112,255,59,-117
IQ:14,120,10,-163,176
IQ:15,128,255,136,256
IQ:16,136,3,108,-129
IQ:17,144,255,-261,-130
IQ:18,152,9,-288,342
IQ:19,160,255,307,272
IQ:20,168,4,131,-435
IQ:21,176,255,-479,-265
IQ:22,184,8,-438,342
IQ:23,192,255,316,380
IQ:24,200,7,378,-456
IQ:25,208,255,-387,-357
IQ:26,216,6,-163,310
IQ:27,224,255,437,115
IQ:28,232,5,252,-560
IQ:29,240,255,-500,-272
IQ:30,248,12,-195,144
IQ:31,256,255,190,117
IQ:32,264,1,67,-139
IQ:33,272,255,-194,30
IQ:34,280,2,-63,210
IQ:35,288,255,188,40
SW:2
RR:3
SS:3
FR:2426
ME:353
MA:5
KE:1
KA:5
DF_END

Data arrived...
DF_BEGIN
IQ:0,0,11,143,77
IQ:1,8,11,72,-147
IQ:2,16,11,-154,-59
IQ:3,24,11,-40,162
IQ:4,32,11,164,27
IQ:5,40,11,11,-159
IQ:6,48,11,-160,5
IQ:7,56,11,25,159
IQ:8,72,12,-98,-171
IQ:9,80,255,-149,111
IQ:10,88,1,104,136
IQ:11,96,255,101,-144
IQ:12,104,2,-144,-83
IQ:13,112,255,-58,142
IQ:14,120,10,133,-35
IQ:15,128,255,-51,-186
IQ:16,136,3,-169,33
IQ:17,144,255,95,154
IQ:18,152,9,183,-156
IQ:19,160,255,-172,-193
IQ:20,168,4,-202,198
IQ:21,176,255,205,230
IQ:22,184,8,294,-133
IQ:23,192,255,-148,-237
IQ:24,200,7,-183,272
IQ:25,208,255,259,192
IQ:26,216,6,132,-201
IQ:27,224,255,-260,-54
IQ:28,232,5,-91,365
IQ:29,240,255,315,140
IQ:30,248,12,97,-157
IQ:31,256,255,-183,-43
IQ:32,264,1,-40,168
IQ:33,272,255,172,13
IQ:34,280,2,1,-173
IQ:35,288,255,-186,15
SW:2
RR:3
SS:3
FR:2402
ME:356
MA:5
KE:0
KA:5
DF_END

Data arrived...
DF_BEGIN
IQ:0,0,11,-176,-32
IQ:1,8,11,-19,179
IQ:2,16,11,175,4
IQ:3,24,11,-22,-167
IQ:4,32,11,-167,50
IQ:5,40,11,61,163
IQ:6,48,11,158,-75
IQ:7,56,11,-81,-159
IQ:8,72,12,111,81
IQ:9,80,255,117,-120
IQ:10,88,1,-94,-140
IQ:11,96,255,-135,95
IQ:12,104,2,93,75
IQ:13,112,255,54,-128
IQ:14,120,10,-283,-114
IQ:15,128,255,-161,210
IQ:16,136,3,155,91
IQ:17,144,255,88,-208
IQ:18,152,9,-268,-191
IQ:19,160,255,-166,229
IQ:20,168,4,173,137
IQ:21,176,255,130,-168
IQ:22,184,8,-54,-182
IQ:23,192,255,-94,67
IQ:24,200,7,176,92
IQ:25,208,255,71,-131
IQ:26,216,6,-130,11
IQ:27,224,255,1,159
IQ:28,232,5,129,51
IQ:29,240,255,25,-57
IQ:30,248,12,-7,141
IQ:31,256,255,157,42
IQ:32,264,1,47,-164
IQ:33,272,255,-153,-61
IQ:34,280,2,-31,121
IQ:35,288,255,121,5
SW:2
RR:3
SS:3
FR:2480
ME:10
MA:13
KE:1
KA:6
DF_END

Data arrived...
DF_BEGIN
IQ:0,0,11,84,184
IQ:1,8,11,174,-110
IQ:2,16,11,-138,-153
IQ:3,24,11,-126,150
IQ:4,32,11,165,119
IQ:5,40,11,107,-171
IQ:6,48,11,-183,-104
IQ:7,56,11,-76,193
IQ:8,72,12,120,-213
IQ:9,80,255,-207,-13
IQ:10,88,1,28,193
IQ:11,96,255,193,-108
IQ:12,104,2,-43,-238
IQ:13,112,255,-149,91
IQ:14,120,10,255,-27
IQ:15,128,255,36,-316
IQ:16,136,3,-212,65
IQ:17,144,255,135,288
IQ:18,152,9,452,-102
IQ:19,160,255,-86,-438
IQ:20,168,4,-404,249
IQ:21,176,255,233,539
IQ:22,184,8,596,36
IQ:23,192,255,-88,-515
IQ:24,200,7,-597,205
IQ:25,208,255,107,544
IQ:26,216,6,326,-196
IQ:27,224,255,-334,-346
IQ:28,232,5,-559,327
IQ:29,240,255,201,540
IQ:30,248,12,248,-17
IQ:31,256,255,-122,-182
IQ:32,264,1,-135,114
IQ:33,272,255,182,107
IQ:34,280,2,163,-152
IQ:35,288,255,-172,-129
SW:2
RR:3
SS:3
FR:2426
ME:356
MA:2
KE:1
KA:5
DF_END

Data arrived...
DF_BEGIN
IQ:0,0,11,105,135
IQ:1,8,11,137,-121
IQ:2,16,11,-135,-136
IQ:3,24,11,-107,135
IQ:4,32,11,151,103
IQ:5,40,11,69,-152
IQ:6,48,11,-155,-95
IQ:7,56,11,-48,157
IQ:8,72,12,59,-208
IQ:9,80,255,-184,4
IQ:10,88,1,14,155
IQ:11,96,255,180,-68
IQ:12,104,2,-25,-194
IQ:13,112,255,-117,79
IQ:14,120,10,209,-40
IQ:15,128,255,1,-252
IQ:16,136,3,-162,45
IQ:17,144,255,103,230
IQ:18,152,9,358,-108
IQ:19,160,255,-123,-321
IQ:20,168,4,-310,284
IQ:21,176,255,224,428
IQ:22,184,8,469,-15
IQ:23,192,255,-67,-421
IQ:24,200,7,-480,171
IQ:25,208,255,114,436
IQ:26,216,6,266,-158
IQ:27,224,255,-286,-277
IQ:28,232,5,-430,307
IQ:29,240,255,222,420
IQ:30,248,12,204,-26
IQ:31,256,255,-100,-163
IQ:32,264,1,-111,80
IQ:33,272,255,165,79
IQ:34,280,2,133,-137
IQ:35,288,255,-148,-90
SW:2
RR:3
SS:3
FR:2426
ME:356
MA:5
KE:0
KA:5
DF_END

Data arrived...
DF_BEGIN
IQ:0,0,11,152,-25
IQ:1,8,11,-48,-152
IQ:2,16,11,-145,68
IQ:3,24,11,81,140
IQ:4,32,11,129,-90
IQ:5,40,11,-112,-126
IQ:6,48,11,-121,110
IQ:7,56,11,122,103
IQ:8,72,12,-188,-77
IQ:9,80,255,-35,178
IQ:10,88,1,182,14
IQ:11,96,255,-24,-186
IQ:12,104,2,-165,35
IQ:13,112,255,72,146
IQ:14,120,10,82,-134
IQ:15,128,255,-165,-101
IQ:16,136,3,-96,139
IQ:17,144,255,177,45
IQ:18,152,9,16,-255
IQ:19,160,255,-279,-16
IQ:20,168,4,-17,287
IQ:21,176,255,314,39
IQ:22,184,8,131,-310
IQ:23,192,255,-270,-72
IQ:24,200,7,45,330
IQ:25,208,255,309,-40
IQ:26,216,6,-51,-229
IQ:27,224,255,-241,132
IQ:28,232,5,163,353
IQ:29,240,255,343,-75
IQ:30,248,12,-29,-189
IQ:31,256,255,-168,83
IQ:32,264,1,81,157
IQ:33,272,255,136,-112
IQ:34,280,2,-121,-121
IQ:35,288,255,-124,136
SW:2
RR:3
SS:3
FR:2402
ME:356
MA:5
KE:359
KA:5
DF_END

Data arrived...
DF_BEGIN
IQ:0,0,11,-56,-165
IQ:1,8,11,-154,63
IQ:2,16,11,96,133
IQ:3,24,11,134,-118
IQ:4,32,11,-124,-121
IQ:5,40,11,-109,138
IQ:6,48,11,139,92
IQ:7,56,11,70,-149
IQ:8,72,12,-21,141
IQ:9,80,255,158,38
IQ:10,88,1,78,-158
IQ:11,96,255,-138,-81
IQ:12,104,2,-28,114
IQ:13,112,255,128,-7
IQ:14,120,10,-25,-294
IQ:15,128,255,-245,-51
IQ:16,136,3,3,174
IQ:17,144,255,223,-38
IQ:18,152,9,11,-320
IQ:19,160,255,-275,-53
IQ:20,168,4,-29,198
IQ:21,176,255,208,26
IQ:22,184,8,117,-127
IQ:23,192,255,-106,-46
IQ:24,200,7,-1,188
IQ:25,208,255,140,1
IQ:26,216,6,-77,-94
IQ:27,224,255,-133,84
IQ:28,232,5,11,137
IQ:29,240,255,61,5
IQ:30,248,12,-134,71
IQ:31,256,255,60,146
IQ:32,264,1,164,-53
IQ:33,272,255,-18,-163
IQ:34,280,2,-121,29
IQ:35,288,255,57,95
SW:2
RR:3
SS:3
FR:2480
ME:10
MA:13
KE:0
KA:6
DF_END

Data arrived...
DF_BEGIN
IQ:0,0,11,-24,174
IQ:1,8,11,173,1
IQ:2,16,11,-12,-177
IQ:3,24,11,-177,31
IQ:4,32,11,52,158
IQ:5,40,11,171,-69
IQ:6,48,11,-75,-161
IQ:7,56,11,-139,103
IQ:8,72,12,177,-127
IQ:9,80,255,-151,-119
IQ:10,88,1,-78,135
IQ:11,96,255,195,33
IQ:12,104,2,79,-168
IQ:13,112,255,-139,-7
IQ:14,120,10,172,95
IQ:15,128,255,169,-191
IQ:16,136,3,-149,-66
IQ:17,144,255,-45,252
IQ:18,152,9,346,137
IQ:19,160,255,136,-331
IQ:20,168,4,-412,7
IQ:21,176,255,-108,463
IQ:22,184,8,411,238
IQ:23,192,255,170,-397
IQ:24,200,7,-498,-149
IQ:25,208,255,-144,436
IQ:26,216,6,314,26
IQ:27,224,255,-76,-396
IQ:28,232,5,-542,-25
IQ:29,240,255,-65,477
IQ:30,248,12,189,81
IQ:31,256,255,1,-188
IQ:32,264,1,-146,15
IQ:33,272,255,79,161
IQ:34,280,2,185,-20
IQ:35,288,255,-70,-157
SW:2
RR:3
SS:3
FR:2426
ME:356
MA:353
KE:0
KA:5
DF_END

Data arrived...
DF_BEGIN
IQ:0,0,11,-181,26
IQ:1,8,11,44,176
IQ:2,16,11,176,-71
IQ:3,24,11,-91,-176
IQ:4,32,11,-163,85
IQ:5,40,11,115,142
IQ:6,48,11,119,-136
IQ:7,56,11,-156,-116
IQ:8,72,12,152,153
IQ:9,80,255,79,-174
IQ:10,88,1,-146,-53
IQ:11,96,255,-9,185
IQ:12,104,2,171,53
IQ:13,112,255,-39,-128
IQ:14,120,10,-67,223
IQ:15,128,255,236,135
IQ:16,136,3,33,-179
IQ:17,144,255,-279,-8
IQ:18,152,9,-67,402
IQ:19,160,255,368,75
IQ:20,168,4,-69,-423
IQ:21,176,255,-488,-25
IQ:22,184,8,-179,440
IQ:23,192,255,422,102
IQ:24,200,7,72,-531
IQ:25,208,255,-456,-73
IQ:26,216,6,31,329
IQ:27,224,255,388,-138
IQ:28,232,5,-69,-555
IQ:29,240,255,-475,-9
IQ:30,248,12,-45,200
IQ:31,256,255,189,-31
IQ:32,264,1,-47,-148
IQ:33,272,255,-152,123
IQ:34,280,2,63,177
IQ:35,288,255,135,-111
SW:2
RR:3
SS:3
FR:2426
ME:356
MA:353
KE:359
KA:3
DF_END

Data arrived...
DF_BEGIN
IQ:0,0,11,110,-111
IQ:1,8,11,-126,-95
IQ:2,16,11,-89,129
IQ:3,24,11,132,84
IQ:4,32,11,70,-140
IQ:5,40,11,-142,-65
IQ:6,48,11,-43,146
IQ:7,56,11,150,11
IQ:8,72,12,-185,27
IQ:9,80,255,64,168
IQ:10,88,1,163,-71
IQ:11,96,255,-111,-143
IQ:12,104,2,-132,116
IQ:13,112,255,127,86
IQ:14,120,10,-5,-144
IQ:15,128,255,-186,-1
IQ:16,136,3,-5,173
IQ:17,144,255,188,-59
IQ:18,152,9,-102,-227
IQ:19,160,255,-253,85
IQ:20,168,4,122,251
IQ:21,176,255,290,-121
IQ:22,184,8,-31,-339
IQ:23,192,255,-271,60
IQ:24,200,7,217,247
IQ:25,208,255,256,-186
IQ:26,216,6,-155,-172
IQ:27,224,255,-150,224
IQ:28,232,5,286,211
IQ:29,240,255,216,-260
IQ:30,248,12,-121,-141
IQ:31,256,255,-107,148
IQ:32,264,1,139,105
IQ:33,272,255,60,-161
IQ:34,280,2,-174,-39
IQ:35,288,255,-25,185
SW:2
RR:3
SS:3
FR:2402
ME:356
MA:5
KE:359
KA:4
DF_END

Data arrived...
DF_BEGIN
IQ:0,0,11,-166,-14
IQ:1,8,11,-1,172
IQ:2,16,11,164,-29
IQ:3,24,11,-51,-166
IQ:4,32,11,-155,64
IQ:5,40,11,85,147
IQ:6,48,11,140,-97
IQ:7,56,11,-112,-132
IQ:8,72,12,133,52
IQ:9,80,255,88,-142
IQ:10,88,1,-123,-124
IQ:11,96,255,-119,104
IQ:12,104,2,93,74
IQ:13,112,255,35,-127
IQ:14,120,10,-284,-68
IQ:15,128,255,-95,223
IQ:16,136,3,180,55
IQ:17,144,255,35,-222
IQ:18,152,9,-294,-138
IQ:19,160,255,-151,238
IQ:20,168,4,183,107
IQ:21,176,255,107,-174
IQ:22,184,8,-85,-149
IQ:23,192,255,-76,89
IQ:24,200,7,185,65
IQ:25,208,255,43,-129
IQ:26,216,6,-114,31
IQ:27,224,255,47,143
IQ:28,232,5,127,27
IQ:29,240,255,21,-62
IQ:30,248,12,29,147
IQ:31,256,255,156,6
IQ:32,264,1,4,-175
IQ:33,272,255,-163,-43
IQ:34,280,2,5,122
IQ:35,288,255,121,-39
SW:2
RR:3
SS:3
FR:2480
ME:10
MA:13
KE:0
KA:4
DF_END

Data arrived...
DF_BEGIN
IQ:0,0,11,153,12
IQ:1,8,11,3,-150
IQ:2,16,11,-139,10
IQ:3,24,11,18,145
IQ:4,32,11,145,-37
IQ:5,40,11,-60,-143
IQ:6,48,11,-136,60
IQ:7,56,11,77,127
IQ:8,72,12,-72,-165
IQ:9,80,255,-123,103
IQ:10,88,1,92,81
IQ:11,96,255,47,-158
IQ:12,104,2,-140,-103
IQ:13,112,255,-19,108
IQ:14,120,10,109,-154
IQ:15,128,255,-142,-157
IQ:16,136,3,-68,127
IQ:17,144,255,206,78
IQ:18,152,9,155,-280
IQ:19,160,255,-257,-143
IQ:20,168,4,-47,345
IQ:21,176,255,364,162
IQ:22,184,8,275,-280
IQ:23,192,255,-289,-221
IQ:24,200,7,-200,382
IQ:25,208,255,336,177
IQ:26,216,6,66,-264
IQ:27,224,255,-326,-8
IQ:28,232,5,-85,428
IQ:29,240,255,375,118
IQ:30,248,12,102,-140
IQ:31,256,255,-148,-35
IQ:32,264,1,0,120
IQ:33,272,255,150,-51
IQ:34,280,2,11,-178
IQ:35,288,255,-148,33
SW:2
RR:3
SS:3
FR:2426
ME:356
MA:359
KE:359
KA:4
DF_END

Data arrived...
DF_BEGIN
IQ:0,0,11,53,162
IQ:1,8,11,146,-68
IQ:2,16,11,-83,-142
IQ:3,24,11,-129,101
IQ:4,32,11,109,127
IQ:5,40,11,115,-116
IQ:6,48,11,-129,-101
IQ:7,56,11,-95,134
IQ:8,72,12,62,-182
IQ:9,80,255,-190,-17
IQ:10,88,1,-20,173
IQ:11,96,255,172,-26
IQ:12,104,2,-49,-164
IQ:13,112,255,-143,76
IQ:14,120,10,134,69
IQ:15,128,255,83,-179
IQ:16,136,3,-163,-84
IQ:17,144,255,-47,184
IQ:18,152,9,251,-8
IQ:19,160,255,-6,-280
IQ:20,168,4,-296,16
IQ:21,176,255,-10,329
IQ:22,184,8,329,95
IQ:23,192,255,52,-279
IQ:24,200,7,-327,86
IQ:25,208,255,42,320
IQ:26,216,6,239,-52
IQ:27,224,255,-139,-228
IQ:28,232,5,-321,181
IQ:29,240,255,136,309
IQ:30,248,12,184,-54
IQ:31,256,255,-98,-169
IQ:32,264,1,-153,88
IQ:33,272,255,119,138
IQ:34,280,2,118,-131
IQ:35,288,255,-159,-95
SW:2
RR:3
SS:3
FR:2402
ME:356
MA:5
KE:359
KA:4
DF_END

Data arrived...
DF_BEGIN
IQ:0,0,11,-165,13
IQ:1,8,11,29,154
IQ:2,16,11,153,-52
IQ:3,24,11,-66,-153
IQ:4,32,11,-142,73
IQ:5,40,11,98,135
IQ:6,48,11,137,-101
IQ:7,56,11,-123,-115
IQ:8,72,12,173,88
IQ:9,80,255,46,-182
IQ:10,88,1,-171,-43
IQ:11,96,255,-2,181
IQ:12,104,2,178,-19
IQ:13,112,255,-38,-155
IQ:14,120,10,-90,117
IQ:15,128,255,147,119
IQ:16,136,3,108,-135
IQ:17,144,255,-174,-73
IQ:18,152,9,-49,250
IQ:19,160,255,265,56
IQ:20,168,4,55,-287
IQ:21,176,255,-303,-81
IQ:22,184,8,-166,293
IQ:23,192,255,258,79
IQ:24,200,7,-30,-328
IQ:25,208,255,-321,15
IQ:26,216,6,26,242
IQ:27,224,255,262,-93
IQ:28,232,5,-105,-355
IQ:29,240,255,-347,63
IQ:30,248,12,15,195
IQ:31,256,255,172,-74
IQ:32,264,1,-83,-158
IQ:33,272,255,-141,108
IQ:34,280,2,122,130
IQ:35,288,255,134,-133
SW:2
RR:3
SS:3
FR:2402
ME:356
MA:5
KE:359
KA:4
DF_END

Data arrived...