IQ:21,176,255,61,10
IQ:22,184,8,39,-217
IQ:23,192,255,-184,-77
IQ:24,200,7,-124,92
IQ:25,208,255,29,89
IQ:26,216,6,-25,-32
IQ:27,224,255,-20,15
IQ:28,232,5,47,-21
IQ:29,240,255,63,-52
IQ:30,248,12,103,-73
IQ:31,256,255,-14,-102
IQ:32,264,1,-25,-53
IQ:33,272,255,-57,-8
IQ:34,280,2,-57,47
IQ:35,288,255,26,126
SW:2
RR:3
SS:3
FR:2480
ME:69
MA:38
KE:28
KA:7
DF_END

Data arrived...
DF_BEGIN
IQ:0,0,11,-59,87
IQ:1,8,11,117,2
IQ:2,16,11,24,-167
IQ:3,24,11,-123,-55
IQ:4,32,11,0,110
IQ:5,40,11,120,-14
IQ:6,48,11,-36,-141
IQ:7,56,11,-123,61
IQ:8,72,12,74,-17
IQ:9,80,255,6,-75
IQ:10,88,1,-67,59
IQ:11,96,255,86,18
IQ:12,104,2,35,-152
IQ:13,112,255,-149,-82
IQ:14,120,10,29,42
IQ:15,128,255,86,-33
IQ:16,136,3,22,-188
IQ:17,144,255,-201,14
IQ:18,152,9,60,217
IQ:19,160,255,235,-28
IQ:20,168,4,93,-159
IQ:21,176,255,-103,3
IQ:22,184,8,-24,255
IQ:23,192,255,207,64
IQ:24,200,7,85,-164
IQ:25,208,255,-136,-15
IQ:26,216,6,131,77
IQ:27,224,255,76,-23
IQ:28,232,5,28,35
IQ:29,240,255,1,40
IQ:30,248,12,84,37
IQ:31,256,255,25,-74
IQ:32,264,1,-65,8
IQ:33,272,255,-11,83
IQ:34,280,2,178,-25
IQ:35,288,255,-31,-168
SW:2
RR:3
SS:3
FR:2426
ME:5
MA:5
KE:26
KA:7
DF_END

Data arrived...
DF_BEGIN
IQ:0,0,11,-83,-140
IQ:1,8,11,-131,91
IQ:2,16,11,119,110
IQ:3,24,11,101,-122
IQ:4,32,11,-137,-96
IQ:5,40,11,-77,139
IQ:6,48,11,136,66
IQ:7,56,11,46,-159
IQ:8,72,12,-21,101
IQ:9,80,255,88,-17
IQ:10,88,1,-60,-78
IQ:11,96,255,-72,94
IQ:12,104,2,164,134
IQ:13,112,255,154,-126
IQ:14,120,10,-59,-32
IQ:15,128,255,-18,142
IQ:16,136,3,230,155
IQ:17,144,255,134,-179
IQ:18,152,9,-256,-62
IQ:19,160,255,-134,263
IQ:20,168,4,76,214
IQ:21,176,255,94,-102
IQ:22,184,8,-265,-160
IQ:23,192,255,-177,219
IQ:24,200,7,142,199
IQ:25,208,255,113,-86
IQ:26,216,6,-168,42
IQ:27,224,255,-20,126
IQ:28,232,5,-37,-17
IQ:29,240,255,-90,-18
IQ:30,248,12,-112,18
IQ:31,256,255,40,79
IQ:32,264,1,57,-87
IQ:33,272,255,-125,-32
IQ:34,280,2,-61,203
IQ:35,288,255,198,107
SW:2
RR:3
SS:3
FR:2426
ME:2
MA:353
KE:23
KA:6
DF_END

Data arrived...
DF_BEGIN
IQ:0,0,11,76,-173
IQ:1,8,11,-167,-81
IQ:2,16,11,-69,166
IQ:3,24,11,173,36
IQ:4,32,11,-2,-176
IQ:5,40,11,-191,7
IQ:6,48,11,-18,183
IQ:7,56,11,176,-13
IQ:8,72,12,-135,46
IQ:9,80,255,90,118
IQ:10,88,1,122,-136
IQ:11,96,255,-170,-118
IQ:12,104,2,-144,244
IQ:13,112,255,213,154
IQ:14,120,10,42,-127
IQ:15,128,255,-194,-15
IQ:16,136,3,-119,271
IQ:17,144,255,245,47
IQ:18,152,9,-16,-306
IQ:19,160,255,-319,-31
IQ:20,168,4,-92,235
IQ:21,176,255,222,41
IQ:22,184,8,49,-287
IQ:23,192,255,-257,-50
IQ:24,200,7,-43,235
IQ:25,208,255,188,5
IQ:26,216,6,-93,-189
IQ:27,224,255,-190,56
IQ:28,232,5,23,91
IQ:29,240,255,69,-84
IQ:30,248,12,-105,-112
IQ:31,256,255,-93,127
IQ:32,264,1,154,85
IQ:33,272,255,38,-196
IQ:34,280,2,-285,-52
IQ:35,288,255,-75,274
SW:2
RR:3
SS:3
FR:2402
ME:2
MA:5
KE:21
KA:5
DF_END

Data arrived...
DF_BEGIN
IQ:0,0,11,90,151
IQ:1,8,11,146,-102
IQ:2,16,11,-113,-137
IQ:3,24,11,-125,131
IQ:4,32,11,128,120
IQ:5,40,11,104,-139
IQ:6,48,11,-163,-94
IQ:7,56,11,-65,166
IQ:8,72,12,18,-148
IQ:9,80,255,-152,36
IQ:10,88,1,57,179
IQ:11,96,255,177,-95
IQ:12,104,2,-152,-247
IQ:13,112,255,-242,100
IQ:14,120,10,77,98
IQ:15,128,255,109,-161
IQ:16,136,3,-186,-235
IQ:17,144,255,-192,176
IQ:18,152,9,260,142
IQ:19,160,255,181,-260
IQ:20,168,4,-154,-197
IQ:21,176,255,-145,162
IQ:22,184,8,213,195
IQ:23,192,255,157,-201
IQ:24,200,7,-189,-163
IQ:25,208,255,-105,163
IQ:26,216,6,206,15
IQ:27,224,255,41,-195
IQ:28,232,5,-83,-15
IQ:29,240,255,42,97
IQ:30,248,12,133,-49
IQ:31,256,255,-92,-136
IQ:32,264,1,-144,111
IQ:33,272,255,149,130
IQ:34,280,2,173,-219
IQ:35,288,255,-202,-194
SW:2
RR:3
SS:3
FR:2402
ME:2
MA:353
KE:19
KA:4
DF_END

Data arrived...
DF_BEGIN
IQ:0,0,11,144,116
IQ:1,8,11,114,-145
IQ:2,16,11,-144,-94
IQ:3,24,11,-78,163
IQ:4,32,11,164,63
IQ:5,40,11,34,-181
IQ:6,48,11,-175,-30
IQ:7,56,11,-3,178
IQ:8,72,12,78,-101
IQ:9,80,255,-35,-94
IQ:10,88,1,-26,-47
IQ:11,96,255,-57,-2
IQ:12,104,2,-48,54
IQ:13,112,255,-1,95
IQ:14,120,10,-67,142
IQ:15,128,255,51,67
IQ:16,136,3,-71,-3
IQ:17,144,255,-2,0
IQ:18,152,9,-17,-127
IQ:19,160,255,-121,-51
IQ:20,168,4,-100,-35
IQ:21,176,255,13,45
IQ:22,184,8,211,-114
IQ:23,192,255,-37,-210
IQ:24,200,7,-136,-64
IQ:25,208,255,-54,74
IQ:26,216,6,12,-43
IQ:27,224,255,-17,-20
IQ:28,232,5,36,33
IQ:29,240,255,72,7
IQ:30,248,12,127,39
IQ:31,256,255,62,-75
IQ:32,264,1,31,-50
IQ:33,272,255,-24,-54
IQ:34,280,2,-73,-28
IQ:35,288,255,-104,81
SW:2
RR:3
SS:3
FR:2480
ME:75
MA:38
KE:24
KA:7
DF_END

Data arrived...
DF_BEGIN
IQ:0,0,11,4,-154
IQ:1,8,11,-154,10
IQ:2,16,11,12,160
IQ:3,24,11,164,-32
IQ:4,32,11,-45,-148
IQ:5,40,11,-152,58
IQ:6,48,11,56,141
IQ:7,56,11,127,-96
IQ:8,72,12,-87,73
IQ:9,80,255,85,36
IQ:10,88,1,-9,-100
IQ:11,96,255,-130,26
IQ:12,104,2,49,203
IQ:13,112,255,192,-12
IQ:14,120,10,-36,-58
IQ:15,128,255,-108,115
IQ:16,136,3,76,254
IQ:17,144,255,202,-81
IQ:18,152,9,-185,-192
IQ:19,160,255,-271,136
IQ:20,168,4,-57,209
IQ:21,176,255,134,-17
IQ:22,184,8,-87,-293
IQ:23,192,255,-260,70
IQ:24,200,7,1,231
IQ:25,208,255,140,-3
IQ:26,216,6,-145,-72
IQ:27,224,255,-92,88
IQ:28,232,5,-30,-37
IQ:29,240,255,-69,-68
IQ:30,248,12,-101,-60
IQ:31,256,255,-14,92
IQ:32,264,1,85,-43
IQ:33,272,255,-70,-101
IQ:34,280,2,-186,105
IQ:35,288,255,88,197
SW:2
RR:3
SS:3
FR:2426
ME:2
MA:353
KE:22
KA:6
DF_END

Data arrived...
DF_BEGIN
IQ:0,0,11,-145,-112
IQ:1,8,11,-85,157
IQ:2,16,11,175,73
IQ:3,24,11,70,-164
IQ:4,32,11,-178,-47
IQ:5,40,11,-34,176
IQ:6,48,11,190,18
IQ:7,56,11,-5,-183
IQ:8,72,12,42,140
IQ:9,80,255,132,-89
IQ:10,88,1,-129,-145
IQ:11,96,255,-119,154
IQ:12,104,2,249,156
IQ:13,112,255,186,-189
IQ:14,120,10,-118,-48
IQ:15,128,255,-38,191
IQ:16,136,3,260,98
IQ:17,144,255,74,-259
IQ:18,152,9,-309,-30
IQ:19,160,255,-79,319
IQ:20,168,4,209,148
IQ:21,176,255,79,-207
IQ:22,184,8,-275,-107
IQ:23,192,255,-64,250
IQ:24,200,7,237,79
IQ:25,208,255,25,-189
IQ:26,216,6,-200,78
IQ:27,224,255,44,196
IQ:28,232,5,91,-23
IQ:29,240,255,-77,-77
IQ:30,248,12,-109,97
IQ:31,256,255,128,90
IQ:32,264,1,88,-169
IQ:33,272,255,-202,-56
IQ:34,280,2,-73,280
IQ:35,288,255,268,99
SW:2
RR:3
SS:3
FR:2402
ME:2
MA:356
KE:20
KA:5
DF_END

Data arrived...
DF_BEGIN
IQ:0,0,11,-15,-179
IQ:1,8,11,-181,16
IQ:2,16,11,26,174
IQ:3,24,11,161,-67
IQ:4,32,11,-73,-168
IQ:5,40,11,-155,73
IQ:6,48,11,86,157
IQ:7,56,11,147,-92
IQ:8,72,12,-126,-7
IQ:9,80,255,-48,86
IQ:10,88,1,-23,57
IQ:11,96,255,29,42
IQ:12,104,2,84,9
IQ:13,112,255,73,-56
IQ:14,120,10,147,-44
IQ:15,128,255,19,-75
IQ:16,136,3,49,43
IQ:17,144,255,9,-3
IQ:18,152,9,-90,105
IQ:19,160,255,22,134
IQ:20,168,4,36,88
IQ:21,176,255,22,-54
IQ:22,184,8,-201,-95
IQ:23,192,255,-116,164
IQ:24,200,7,38,146
IQ:25,208,255,103,-5
IQ:26,216,6,-39,8
IQ:27,224,255,4,14
IQ:28,232,5,3,-51
IQ:29,240,255,-42,-60
IQ:30,248,12,-43,-115
IQ:31,256,255,-94,-17
IQ:32,264,1,-64,5
IQ:33,272,255,-30,56
IQ:34,280,2,26,75
IQ:35,288,255,129,23
SW:2
RR:3
SS:3
FR:2480
ME:63
MA:38
KE:24
KA:8
DF_END

Data arrived...
DF_BEGIN
IQ:0,0,11,-54,-168
IQ:1,8,11,-164,59
IQ:2,16,11,75,153
IQ:3,24,11,151,-99
IQ:4,32,11,-109,-134
IQ:5,40,11,-130,114
IQ:6,48,11,133,107
IQ:7,56,11,97,-143
IQ:8,72,12,-115,31
IQ:9,80,255,-17,90
IQ:10,88,1,2,61
IQ:11,96,255,55,27
IQ:12,104,2,76,-26
IQ:13,112,255,47,-82
IQ:14,120,10,130,-78
IQ:15,128,255,8,-75
IQ:16,136,3,48,26
IQ:17,144,255,-2,-9
IQ:18,152,9,-55,121
IQ:19,160,255,85,99
IQ:20,168,4,83,64
IQ:21,176,255,7,-58
IQ:22,184,8,-221,-22
IQ:23,192,255,-49,188
IQ:24,200,7,94,124
IQ:25,208,255,94,-33
IQ:26,216,6,-36,21
IQ:27,224,255,10,17
IQ:28,232,5,-21,-54
IQ:29,240,255,-69,-42
IQ:30,248,12,-78,-101
IQ:31,256,255,-102,16
IQ:32,264,1,-58,25
IQ:33,272,255,-7,59
IQ:34,280,2,55,60
IQ:35,288,255,131,-15
SW:2
RR:3
SS:3
FR:2480
ME:69
MA:38
KE:29
KA:11
DF_END

Data arrived...
DF_BEGIN
IQ:0,0,11,-38,161
IQ:1,8,11,165,17
IQ:2,16,11,19,-162
IQ:3,24,11,-162,-24
IQ:4,32,11,15,160
IQ:5,40,11,163,-19
IQ:6,48,11,-38,-164
IQ:7,56,11,-161,52
IQ:8,72,12,93,-57
IQ:9,80,255,-73,-73
IQ:10,88,1,-34,104
IQ:11,96,255,128,12
IQ:12,104,2,9,-209
IQ:13,112,255,-190,-29
IQ:14,120,10,18,62
IQ:15,128,255,129,-78
IQ:16,136,3,-15,-268
IQ:17,144,255,-217,38
IQ:18,152,9,128,236
IQ:19,160,255,296,-40
IQ:20,168,4,128,-198
IQ:21,176,255,-128,-27
IQ:22,184,8,45,316
IQ:23,192,255,279,5
IQ:24,200,7,52,-230
IQ:25,208,255,-147,-22
IQ:26,216,6,136,96
IQ:27,224,255,112,-81
IQ:28,232,5,19,29
IQ:29,240,255,46,74
IQ:30,248,12,94,77
IQ:31,256,255,29,-91
IQ:32,264,1,-103,25
IQ:33,272,255,45,120
IQ:34,280,2,195,-82
IQ:35,288,255,-55,-216
SW:2
RR:3
SS:3
FR:2426
ME:2
MA:353
KE:26
KA:9
DF_END

Data arrived...
DF_BEGIN
IQ:0,0,11,151,93
IQ:1,8,11,90,-162
IQ:2,16,11,-169,-80
IQ:3,24,11,-59,175
IQ:4,32,11,179,36
IQ:5,40,11,12,-178
IQ:6,48,11,-191,-21
IQ:7,56,11,-2,175
IQ:8,72,12,-40,-139
IQ:9,80,255,-125,99
IQ:10,88,1,125,138
IQ:11,96,255,114,-162
IQ:12,104,2,-241,-154
IQ:13,112,255,-171,192
IQ:14,120,10,116,48
IQ:15,128,255,28,-184
IQ:16,136,3,-271,-108
IQ:17,144,255,-69,253
IQ:18,152,9,313,20
IQ:19,160,255,80,-311
IQ:20,168,4,-211,-124
IQ:21,176,255,-72,210
IQ:22,184,8,265,84
IQ:23,192,255,69,-252
IQ:24,200,7,-229,-69
IQ:25,208,255,-14,187
IQ:26,216,6,196,-72
IQ:27,224,255,-38,-186
IQ:28,232,5,-76,18
IQ:29,240,255,73,72
IQ:30,248,12,99,-107
IQ:31,256,255,-134,-91
IQ:32,264,1,-79,157
IQ:33,272,255,196,53
IQ:34,280,2,52,-280
IQ:35,288,255,-271,-74
SW:2
RR:3
SS:3
FR:2402
ME:2
MA:356
KE:24
KA:8
DF_END

Data arrived...
DF_BEGIN
IQ:0,0,11,180,39
IQ:1,8,11,25,-183
IQ:2,16,11,-181,-10
IQ:3,24,11,4,176
IQ:4,32,11,181,-29
IQ:5,40,11,-40,-177
IQ:6,48,11,-176,61
IQ:7,56,11,66,164
IQ:8,72,12,-113,-105
IQ:9,80,255,-89,137
IQ:10,88,1,162,87
IQ:11,96,255,55,-188
IQ:12,104,2,-283,-39
IQ:13,112,255,-68,245
IQ:14,120,10,134,-12
IQ:15,128,255,-52,-190
IQ:16,136,3,-291,-20
IQ:17,144,255,7,256
IQ:18,152,9,281,-91
IQ:19,160,255,-81,-309
IQ:20,168,4,-258,0
IQ:21,176,255,28,221
IQ:22,184,8,284,-36
IQ:23,192,255,-25,-258
IQ:24,200,7,-242,25
IQ:25,208,255,55,178
IQ:26,216,6,152,-158
IQ:27,224,255,-119,-166
IQ:28,232,5,-69,47
IQ:29,240,255,110,34
IQ:30,248,12,53,-140
IQ:31,256,255,-148,-38
IQ:32,264,1,-9,181
IQ:33,272,255,193,-34
IQ:34,280,2,-63,-276
IQ:35,288,255,-281,19
SW:2
RR:3
SS:3
FR:2402
ME:2
MA:2
KE:21
KA:7
DF_END

Data arrived...
DF_BEGIN
IQ:0,0,11,-118,94
IQ:1,8,11,101,101
IQ:2,16,11,83,-120
IQ:3,24,11,-134,-82
IQ:4,32,11,-59,136
IQ:5,40,11,129,39
IQ:6,48,11,28,-157
IQ:7,56,11,-154,-27
IQ:8,72,12,62,64
IQ:9,80,255,74,-30
IQ:10,88,1,36,-21
IQ:11,96,255,-5,-49
IQ:12,104,2,-54,-56
IQ:13,112,255,-79,-16
IQ:14,120,10,-112,-74
IQ:15,128,255,-67,30
IQ:16,136,3,-1,-59
IQ:17,144,255,-9,-13
IQ:18,152,9,102,-15
IQ:19,160,255,52,-99
IQ:20,168,4,24,-75
IQ:21,176,255,-50,15
IQ:22,184,8,62,175
IQ:23,192,255,161,-29
IQ:24,200,7,57,-106
IQ:25,208,255,-72,-46
IQ:26,216,6,26,10
IQ:27,224,255,8,-20
IQ:28,232,5,-34,21
IQ:29,240,255,-13,61
IQ:30,248,12,-53,97
IQ:31,256,255,46,53
IQ:32,264,1,27,20
IQ:33,272,255,40,-23
IQ:34,280,2,21,-56
IQ:35,288,255,-67,-94
SW:2
RR:3
SS:3
FR:2480
ME:83
MA:38
KE:27
KA:10
DF_END

Data arrived...
DF_BEGIN
IQ:0,0,11,44,138
IQ:1,8,11,155,-48
IQ:2,16,11,-58,-143
IQ:3,24,11,-144,74
IQ:4,32,11,92,125
IQ:5,40,11,120,-103
IQ:6,48,11,-105,-114
IQ:7,56,11,-108,117
IQ:8,72,12,55,-81
IQ:9,80,255,-83,-24
IQ:10,88,1,27,95
IQ:11,96,255,112,-64
IQ:12,104,2,-102,-179
IQ:13,112,255,-177,60
IQ:14,120,10,49,39
IQ:15,128,255,68,-124
IQ:16,136,3,-149,-220
IQ:17,144,255,-184,128
IQ:18,152,9,221,134
IQ:19,160,255,211,-204
IQ:20,168,4,-24,-212
IQ:21,176,255,-136,61
IQ:22,184,8,160,257
IQ:23,192,255,235,-143
IQ:24,200,7,-61,-225
IQ:25,208,255,-129,38
IQ:26,216,6,160,26
IQ:27,224,255,70,-101
IQ:28,232,5,40,22
IQ:29,240,255,81,44
IQ:30,248,12,107,25
IQ:31,256,255,-3,-81
IQ:32,264,1,-81,58
IQ:33,272,255,86,77
IQ:34,280,2,124,-165
IQ:35,288,255,-148,-162
SW:2
RR:3
SS:3
FR:2426
ME:2
MA:353
KE:24
KA:9
DF_END

Data arrived...
DF_BEGIN
IQ:0,0,11,156,100
IQ:1,8,11,93,-165
IQ:2,16,11,-163,-62
IQ:3,24,11,-46,182
IQ:4,32,11,181,32
IQ:5,40,11,5,-195
IQ:6,48,11,-186,-10
IQ:7,56,11,6,185
IQ:8,72,12,-50,-135
IQ:9,80,255,-131,96
IQ:10,88,1,126,139
IQ:11,96,255,108,-156
IQ:12,104,2,-245,-142
IQ:13,112,255,-160,207
IQ:14,120,10,119,55
IQ:15,128,255,24,-191
IQ:16,136,3,-273,-121
IQ:17,144,255,-69,248
IQ:18,152,9,307,8
IQ:19,160,255,63,-313
IQ:20,168,4,-231,-111
IQ:21,176,255,-55,228
IQ:22,184,8,280,92
IQ:23,192,255,67,-249
IQ:24,200,7,-246,-72
IQ:25,208,255,-28,201
IQ:26,216,6,197,-78
IQ:27,224,255,-51,-205
IQ:28,232,5,-92,13
IQ:29,240,255,85,74
IQ:30,248,12,114,-104
IQ:31,256,255,-130,-94
IQ:32,264,1,-96,166
IQ:33,272,255,183,65
IQ:34,280,2,34,-284
IQ:35,288,255,-280,-76
SW:2
RR:3
SS:3
FR:2402
ME:2
MA:359
KE:21
KA:8
DF_END

Data arrived...
DF_BEGIN
IQ:0,0,11,135,-126
IQ:1,8,11,-128,-104
IQ:2,16,11,-83,148
IQ:3,24,11,169,71
IQ:4,32,11,63,-161
IQ:5,40,11,-160,-44
IQ:6,48,11,-14,177
IQ:7,56,11,183,20
IQ:8,72,12,-88,-77
IQ:9,80,255,-84,39
IQ:10,88,1,-52,27
IQ:11,96,255,3,66
IQ:12,104,2,73,55
IQ:13,112,255,106,6
IQ:14,120,10,137,82
IQ:15,128,255,72,-26
IQ:16,136,3,4,67
IQ:17,144,255,8,-3
IQ:18,152,9,-132,12
IQ:19,160,255,-59,121
IQ:20,168,4,-25,102
IQ:21,176,255,62,-18
IQ:22,184,8,-73,-211
IQ:23,192,255,-194,29
IQ:24,200,7,-54,132
IQ:25,208,255,86,49
IQ:26,216,6,-41,-9
IQ:27,224,255,-5,27
IQ:28,232,5,42,-41
IQ:29,240,255,13,-85
IQ:30,248,12,60,-111
IQ:31,256,255,-51,-63
IQ:32,264,1,-35,-44
IQ:33,272,255,-57,23
IQ:34,280,2,-32,84
IQ:35,288,255,87,111
SW:2
RR:3
SS:3
FR:2480
ME:75
MA:38
KE:26
KA:11
DF_END

Data arrived...
DF_BEGIN
IQ:0,0,11,13,-220
IQ:1,8,11,-238,-14
IQ:2,16,11,-14,211
IQ:3,24,11,211,-35
IQ:4,32,11,-55,-216
IQ:5,40,11,-215,61
IQ:6,48,11,78,203
IQ:7,56,11,171,-116
IQ:8,72,12,-150,-40
IQ:9,80,255,-79,93
IQ:10,88,1,-47,50
IQ:11,96,255,27,66
IQ:12,104,2,90,16
IQ:13,112,255,80,-68
IQ:14,120,10,184,-41
IQ:15,128,255,27,-82
IQ:16,136,3,49,56
IQ:17,144,255,-1,-6
IQ:18,152,9,-149,101
IQ:19,160,255,2,164
IQ:20,168,4,26,112
IQ:21,176,255,33,-63
IQ:22,184,8,-231,-170
IQ:23,192,255,-193,170
IQ:24,200,7,19,176
IQ:25,208,255,109,5
IQ:26,216,6,-67,17
IQ:27,224,255,-9,22
IQ:28,232,5,-3,-72
IQ:29,240,255,-64,-89
IQ:30,248,12,-54,-161
IQ:31,256,255,-127,-37
IQ:32,264,1,-94,-8
IQ:33,272,255,-49,65
IQ:34,280,2,11,85
IQ:35,288,255,145,50
SW:2
RR:3
SS:3
FR:2480
ME:69
MA:38
KE:31
KA:14
DF_END

Data arrived...
DF_BEGIN
IQ:0,0,11,131,-77
IQ:1,8,11,-85,-133
IQ:2,16,11,-125,82
IQ:3,24,11,112,105
IQ:4,32,11,89,-106
IQ:5,40,11,-121,-90
IQ:6,48,11,-83,123
IQ:7,56,11,132,73
IQ:8,72,12,-96,-22
IQ:9,80,255,-2,83
IQ:10,88,1,84,-42
IQ:11,96,255,-85,-80
IQ:12,104,2,-156,139
IQ:13,112,255,95,157
IQ:14,120,10,19,-53
IQ:15,128,255,-140,-30
IQ:16,136,3,-182,197
IQ:17,144,255,158,138
IQ:18,152,9,58,-248
IQ:19,160,255,-248,-144
IQ:20,168,4,-207,47
IQ:21,176,255,83,98
IQ:22,184,8,183,-238
IQ:23,192,255,-197,-176
IQ:24,200,7,-213,107
IQ:25,208,255,59,120
IQ:26,216,6,-16,-148
IQ:27,224,255,-114,-38
IQ:28,232,5,20,-47
IQ:29,240,255,26,-86
IQ:30,248,12,-4,-102
IQ:31,256,255,-68,27
IQ:32,264,1,80,54
IQ:33,272,255,49,-112
IQ:34,280,2,-187,-88
IQ:35,288,255,-104,183
SW:2
RR:3
SS:3
FR:2426
ME:2
MA:353
KE:28
KA:12
DF_END

Data arrived...
DF_BEGIN
IQ:0,0,11,-195,15
IQ:1,8,11,36,185
IQ:2,16,11,171,-55
IQ:3,24,11,-75,-181
IQ:4,32,11,-178,73
IQ:5,40,11,95,158
IQ:6,48,11,148,-107
IQ:7,56,11,-129,-142
IQ:8,72,12,137,74
IQ:9,80,255,45,-157
IQ:10,88,1,-186,-36
IQ:11,96,255,-4,194
IQ:12,104,2,282,-33
IQ:13,112,255,-10,-267
IQ:14,120,10,-123,42
IQ:15,128,255,96,172
IQ:16,136,3,286,-90
IQ:17,144,255,-97,-235
IQ:18,152,9,-246,185
IQ:19,160,255,136,296
IQ:20,168,4,249,-47
IQ:21,176,255,-100,-204
IQ:22,184,8,-274,123
IQ:23,192,255,109,238
IQ:24,200,7,219,-114
IQ:25,208,255,-113,-172
IQ:26,216,6,-99,196
IQ:27,224,255,167,115
IQ:28,232,5,53,-75
IQ:29,240,255,-117,-17
IQ:30,248,12,-17,156
IQ:31,256,255,158,-16
IQ:32,264,1,-31,-186
IQ:33,272,255,-181,76
IQ:34,280,2,155,243
IQ:35,288,255,258,-121
SW:2
RR:3
SS:3
FR:2402
ME:2
MA:353
KE:25
KA:10
DF_END

Data arrived...
DF_BEGIN
IQ:0,0,11,24,170
IQ:1,8,11,182,-33
IQ:2,16,11,-40,-175
IQ:3,24,11,-161,63
IQ:4,32,11,83,167
IQ:5,40,11,158,-80
IQ:6,48,11,-94,-142
IQ:7,56,11,-135,118
IQ:8,72,12,118,-7
IQ:9,80,255,33,-83
IQ:10,88,1,22,-57
IQ:11,96,255,-54,-43
IQ:12,104,2,-81,17
IQ:13,112,255,-70,68
IQ:14,120,10,-149,52
IQ:15,128,255,-25,74
IQ:16,136,3,-41,-48
IQ:17,144,255,0,1
IQ:18,152,9,75,-119
IQ:19,160,255,-45,-129
IQ:20,168,4,-60,-73
IQ:21,176,255,-12,55
IQ:22,184,8,217,69
IQ:23,192,255,93,-179
IQ:24,200,7,-65,-134
IQ:25,208,255,-88,10
IQ:26,216,6,45,-14
IQ:27,224,255,-15,-28
IQ:28,232,5,1,55
IQ:29,240,255,49,51
IQ:30,248,12,53,105
IQ:31,256,255,85,6
IQ:32,264,1,59,0
IQ:33,272,255,20,-59
IQ:34,280,2,-38,-79
IQ:35,288,255,-129,-8
SW:2
RR:3
SS:3
FR:2480
ME:66
MA:38
KE:30
KA:13
DF_END

Data arrived...
DF_BEGIN
IQ:0,0,11,127,-138
IQ:1,8,11,-150,-107
IQ:2,16,11,-86,163
IQ:3,24,11,169,73
IQ:4,32,11,64,-171
IQ:5,40,11,-177,-53
IQ:6,48,11,-43,183
IQ:7,56,11,172,44
IQ:8,72,12,-124,4
IQ:9,80,255,34,95
IQ:10,88,1,78,-92
IQ:11,96,255,-132,-71
IQ:12,104,2,-104,224
IQ:13,112,255,177,126
IQ:14,120,10,-13,-74
IQ:15,128,255,-169,24
IQ:16,136,3,-130,299
IQ:17,144,255,248,63
IQ:18,152,9,-20,-313
IQ:19,160,255,-332,-68
IQ:20,168,4,-223,147
IQ:21,176,255,129,96
IQ:22,184,8,140,-329
IQ:23,192,255,-289,-143
IQ:24,200,7,-181