KE:17
KA:4
DF_END

Data arrived...
DF_BEGIN
IQ:0,0,11,170,74
IQ:1,8,11,55,-177
IQ:2,16,11,-181,-41
IQ:3,24,11,-26,186
IQ:4,32,11,185,13
IQ:5,40,11,-8,-191
IQ:6,48,11,-192,23
IQ:7,56,11,41,180
IQ:8,72,12,-86,-127
IQ:9,80,255,-119,123
IQ:10,88,1,152,107
IQ:11,96,255,81,-187
IQ:12,104,2,-269,-99
IQ:13,112,255,-127,232
IQ:14,120,10,127,28
IQ:15,128,255,-7,-197
IQ:16,136,3,-278,-64
IQ:17,144,255,-17,257
IQ:18,152,9,301,-53
IQ:19,160,255,0,-322
IQ:20,168,4,-243,-67
IQ:21,176,255,-21,224
IQ:22,184,8,293,45
IQ:23,192,255,31,-261
IQ:24,200,7,-254,-6
IQ:25,208,255,4,203
IQ:26,216,6,173,-115
IQ:27,224,255,-102,-172
IQ:28,232,5,-80,48
IQ:29,240,255,101,53
IQ:30,248,12,90,-123
IQ:31,256,255,-145,-69
IQ:32,264,1,-52,177
IQ:33,272,255,192,11
IQ:34,280,2,-15,-282
IQ:35,288,255,-284,-10
SW:2
RR:3
SS:3
FR:2402
ME:2
MA:353
KE:15
KA:3
DF_END

Data arrived...
DF_BEGIN
IQ:0,0,11,-143,-67
IQ:1,8,11,-83,136
IQ:2,16,11,127,48
IQ:3,24,11,21,-143
IQ:4,32,11,-155,-9
IQ:5,40,11,-7,151
IQ:6,48,11,141,-11
IQ:7,56,11,-19,-148
IQ:8,72,12,-62,84
IQ:9,80,255,33,73
IQ:10,88,1,22,39
IQ:11,96,255,41,-10
IQ:12,104,2,29,-51
IQ:13,112,255,-27,-76
IQ:14,120,10,20,-118
IQ:15,128,255,-45,-43
IQ:16,136,3,48,-6
IQ:17,144,255,-5,-6
IQ:18,152,9,26,106
IQ:19,160,255,114,33
IQ:20,168,4,80,3
IQ:21,176,255,-40,-30
IQ:22,184,8,-154,120
IQ:23,192,255,73,153
IQ:24,200,7,103,21
IQ:25,208,255,18,-65
IQ:26,216,6,-12,43
IQ:27,224,255,15,14
IQ:28,232,5,-36,-22
IQ:29,240,255,-65,8
IQ:30,248,12,-104,-14
IQ:31,256,255,-43,66
IQ:32,264,1,-21,43
IQ:33,272,255,18,49
IQ:34,280,2,50,22
IQ:35,288,255,58,-75
SW:2
RR:3
SS:3
FR:2480
ME:72
MA:38
KE:20
KA:6
DF_END

Data arrived...
DF_BEGIN
IQ:0,0,11,68,-143
IQ:1,8,11,-147,-60
IQ:2,16,11,-31,148
IQ:3,24,11,158,8
IQ:4,32,11,5,-155
IQ:5,40,11,-163,-3
IQ:6,48,11,15,159
IQ:7,56,11,150,-39
IQ:8,72,12,-101,38
IQ:9,80,255,64,71
IQ:10,88,1,42,-89
IQ:11,96,255,-120,-8
IQ:12,104,2,-39,204
IQ:13,112,255,176,56
IQ:14,120,10,-18,-54
IQ:15,128,255,-126,65
IQ:16,136,3,-4,273
IQ:17,144,255,208,-8
IQ:18,152,9,-107,-231
IQ:19,160,255,-286,33
IQ:20,168,4,-123,179
IQ:21,176,255,131,38
IQ:22,184,8,0,-306
IQ:23,192,255,-279,-21
IQ:24,200,7,-109,215
IQ:25,208,255,127,50
IQ:26,216,6,-95,-114
IQ:27,224,255,-121,60
IQ:28,232,5,-16,-42
IQ:29,240,255,-44,-70
IQ:30,248,12,-85,-85
IQ:31,256,255,-54,68
IQ:32,264,1,99,-5
IQ:33,272,255,-25,-117
IQ:34,280,2,-211,43
IQ:35,288,255,15,221
SW:2
RR:3
SS:3
FR:2426
ME:2
MA:353
KE:18
KA:4
DF_END

Data arrived...
DF_BEGIN
IQ:0,0,11,-93,-133
IQ:1,8,11,-132,91
IQ:2,16,11,105,131
IQ:3,24,11,116,-111
IQ:4,32,11,-124,-91
IQ:5,40,11,-70,145
IQ:6,48,11,149,58
IQ:7,56,11,68,-141
IQ:8,72,12,-30,118
IQ:9,80,255,91,-6
IQ:10,88,1,-56,-90
IQ:11,96,255,-96,86
IQ:12,104,2,166,132
IQ:13,112,255,156,-110
IQ:14,120,10,-58,-20
IQ:15,128,255,-17,144
IQ:16,136,3,225,147
IQ:17,144,255,105,-181
IQ:18,152,9,-259,-54
IQ:19,160,255,-132,259
IQ:20,168,4,81,196
IQ:21,176,255,92,-108
IQ:22,184,8,-261,-156
IQ:23,192,255,-161,218
IQ:24,200,7,147,189
IQ:25,208,255,112,-85
IQ:26,216,6,-158,45
IQ:27,224,255,-21,127
IQ:28,232,5,-39,-4
IQ:29,240,255,-86,-4
IQ:30,248,12,-119,24
IQ:31,256,255,36,82
IQ:32,264,1,48,-85
IQ:33,272,255,-116,-42
IQ:34,280,2,-73,201
IQ:35,288,255,195,114
SW:2
RR:3
SS:3
FR:2426
ME:2
MA:353
KE:16
KA:3
DF_END

Data arrived...
DF_BEGIN
IQ:0,0,11,-167,-71
IQ:1,8,11,-54,181
IQ:2,16,11,179,46
IQ:3,24,11,26,-177
IQ:4,32,11,-184,1
IQ:5,40,11,18,189
IQ:6,48,11,177,-38
IQ:7,56,11,-54,-184
IQ:8,72,12,74,133
IQ:9,80,255,119,-112
IQ:10,88,1,-151,-112
IQ:11,96,255,-89,174
IQ:12,104,2,264,96
IQ:13,112,255,121,-239
IQ:14,120,10,-131,-35
IQ:15,128,255,20,191
IQ:16,136,3,285,33
IQ:17,144,255,7,-268
IQ:18,152,9,-305,46
IQ:19,160,255,3,318
IQ:20,168,4,248,74
IQ:21,176,255,16,-228
IQ:22,184,8,-296,-27
IQ:23,192,255,-22,266
IQ:24,200,7,258,14
IQ:25,208,255,-1,-197
IQ:26,216,6,-179,116
IQ:27,224,255,75,192
IQ:28,232,5,86,-38
IQ:29,240,255,-89,-69
IQ:30,248,12,-87,124
IQ:31,256,255,154,50
IQ:32,264,1,42,-186
IQ:33,272,255,-206,-26
IQ:34,280,2,-24,283
IQ:35,288,255,281,28
SW:2
RR:3
SS:3
FR:2402
ME:5
MA:5
KE:15
KA:3
DF_END

Data arrived...
DF_BEGIN
IQ:0,0,11,-26,-148
IQ:1,8,11,-136,43
IQ:2,16,11,75,128
IQ:3,24,11,128,-80
IQ:4,32,11,-88,-124
IQ:5,40,11,-108,91
IQ:6,48,11,106,96
IQ:7,56,11,91,-124
IQ:8,72,12,-93,20
IQ:9,80,255,-20,69
IQ:10,88,1,-10,43
IQ:11,96,255,41,17
IQ:12,104,2,73,-17
IQ:13,112,255,45,-65
IQ:14,120,10,118,-61
IQ:15,128,255,5,-70
IQ:16,136,3,52,30
IQ:17,144,255,13,-1
IQ:18,152,9,-52,96
IQ:19,160,255,59,103
IQ:20,168,4,62,50
IQ:21,176,255,17,-49
IQ:22,184,8,-181,-37
IQ:23,192,255,-70,153
IQ:24,200,7,59,103
IQ:25,208,255,82,-26
IQ:26,216,6,-29,22
IQ:27,224,255,12,14
IQ:28,232,5,-3,-43
IQ:29,240,255,-44,-47
IQ:30,248,12,-59,-83
IQ:31,256,255,-70,8
IQ:32,264,1,-42,19
IQ:33,272,255,-3,44
IQ:34,280,2,47,48
IQ:35,288,255,111,-12
SW:2
RR:3
SS:3
FR:2480
ME:75
MA:38
KE:21
KA:7
DF_END

Data arrived...
DF_BEGIN
IQ:0,0,11,-90,139
IQ:1,8,11,131,84
IQ:2,16,11,61,-149
IQ:3,24,11,-157,-49
IQ:4,32,11,-42,155
IQ:5,40,11,155,37
IQ:6,48,11,20,-158
IQ:7,56,11,-162,-3
IQ:8,72,12,117,-6
IQ:9,80,255,-36,-87
IQ:10,88,1,-56,80
IQ:11,96,255,117,41
IQ:12,104,2,53,-200
IQ:13,112,255,-160,-112
IQ:14,120,10,-3,51
IQ:15,128,255,131,-33
IQ:16,136,3,65,-257
IQ:17,144,255,-219,-45
IQ:18,152,9,35,259
IQ:19,160,255,286,28
IQ:20,168,4,171,-147
IQ:21,176,255,-125,-61
IQ:22,184,8,-47,304
IQ:23,192,255,272,60
IQ:24,200,7,119,-211
IQ:25,208,255,-127,-70
IQ:26,216,6,88,126
IQ:27,224,255,130,-32
IQ:28,232,5,11,47
IQ:29,240,255,17,88
IQ:30,248,12,52,104
IQ:31,256,255,55,-60
IQ:32,264,1,-103,-14
IQ:33,272,255,18,125
IQ:34,280,2,208,-27
IQ:35,288,255,16,-217
SW:2
RR:3
SS:3
FR:2426
ME:2
MA:353
KE:19
KA:5
DF_END

Data arrived...
DF_BEGIN
IQ:0,0,11,3,186
IQ:1,8,11,173,-29
IQ:2,16,11,-48,-180
IQ:3,24,11,-177,51
IQ:4,32,11,81,169
IQ:5,40,11,158,-93
IQ:6,48,11,-107,-164
IQ:7,56,11,-151,105
IQ:8,72,12,79,-127
IQ:9,80,255,-154,-47
IQ:10,88,1,-45,192
IQ:11,96,255,194,22
IQ:12,104,2,-23,-269
IQ:13,112,255,-259,-6
IQ:14,120,10,38,122
IQ:15,128,255,177,-86
IQ:16,136,3,-60,-277
IQ:17,144,255,-239,88
IQ:18,152,9,171,258
IQ:19,160,255,280,-147
IQ:20,168,4,-40,-255
IQ:21,176,255,-209,82
IQ:22,184,8,104,269
IQ:23,192,255,244,-107
IQ:24,200,7,-85,-225
IQ:25,208,255,-165,104
IQ:26,216,6,191,102
IQ:27,224,255,128,-153
IQ:28,232,5,-62,-58
IQ:29,240,255,-18,109
IQ:30,248,12,147,24
IQ:31,256,255,-13,-159
IQ:32,264,1,-176,45
IQ:33,272,255,90,185
IQ:34,280,2,253,-131
IQ:35,288,255,-94,-271
SW:2
RR:3
SS:3
FR:2402
ME:2
MA:359
KE:17
KA:5
DF_END

Data arrived...
DF_BEGIN
IQ:0,0,11,-174,-80
IQ:1,8,11,-88,174
IQ:2,16,11,158,71
IQ:3,24,11,32,-171
IQ:4,32,11,-191,-30
IQ:5,40,11,-13,177
IQ:6,48,11,172,-9
IQ:7,56,11,-24,-179
IQ:8,72,12,-69,100
IQ:9,80,255,36,81
IQ:10,88,1,33,42
IQ:11,96,255,68,-11
IQ:12,104,2,30,-79
IQ:13,112,255,-39,-91
IQ:14,120,10,28,-154
IQ:15,128,255,-57,-54
IQ:16,136,3,64,-18
IQ:17,144,255,-7,-10
IQ:18,152,9,40,132
IQ:19,160,255,139,36
IQ:20,168,4,87,11
IQ:21,176,255,-39,-41
IQ:22,184,8,-206,133
IQ:23,192,255,61,190
IQ:24,200,7,135,40
IQ:25,208,255,41,-71
IQ:26,216,6,-14,48
IQ:27,224,255,18,13
IQ:28,232,5,-54,-28
IQ:29,240,255,-87,21
IQ:30,248,12,-130,-16
IQ:31,256,255,-72,69
IQ:32,264,1,-41,54
IQ:33,272,255,31,60
IQ:34,280,2,74,10
IQ:35,288,255,75,-98
SW:2
RR:3
SS:3
FR:2480
ME:69
MA:38
KE:22
KA:8
DF_END

Data arrived...
DF_BEGIN
IQ:0,0,11,-89,118
IQ:1,8,11,135,69
IQ:2,16,11,51,-145
IQ:3,24,11,-149,-40
IQ:4,32,11,-33,140
IQ:5,40,11,147,27
IQ:6,48,11,2,-149
IQ:7,56,11,-148,13
IQ:8,72,12,77,54
IQ:9,80,255,64,-40
IQ:10,88,1,40,-23
IQ:11,96,255,-2,-45
IQ:12,104,2,-55,-46
IQ:13,112,255,-76,13
IQ:14,120,10,-120,-38
IQ:15,128,255,-49,40
IQ:16,136,3,-11,-59
IQ:17,144,255,-6,3
IQ:18,152,9,102,-21
IQ:19,160,255,40,-109
IQ:20,168,4,6,-77
IQ:21,176,255,-47,32
IQ:22,184,8,99,167
IQ:23,192,255,165,-53
IQ:24,200,7,32,-103
IQ:25,208,255,-64,-30
IQ:26,216,6,35,11
IQ:27,224,255,11,-24
IQ:28,232,5,-29,36
IQ:29,240,255,1,59
IQ:30,248,12,-12,100
IQ:31,256,255,49,51
IQ:32,264,1,38,25
IQ:33,272,255,44,-30
IQ:34,280,2,18,-67
IQ:35,288,255,-79,-76
SW:2
RR:3
SS:3
FR:2480
ME:69
MA:38
KE:28
KA:12
DF_END

Data arrived...
DF_BEGIN
IQ:0,0,11,-31,-155
IQ:1,8,11,-152,35
IQ:2,16,11,50,145
IQ:3,24,11,137,-69
IQ:4,32,11,-74,-138
IQ:5,40,11,-119,86
IQ:6,48,11,96,113
IQ:7,56,11,108,-104
IQ:8,72,12,-68,87
IQ:9,80,255,81,38
IQ:10,88,1,-14,-97
IQ:11,96,255,-104,49
IQ:12,104,2,101,188
IQ:13,112,255,181,-55
IQ:14,120,10,-45,-29
IQ:15,128,255,-69,116
IQ:16,136,3,136,228
IQ:17,144,255,167,-109
IQ:18,152,9,-209,-129
IQ:19,160,255,-215,181
IQ:20,168,4,-18,225
IQ:21,176,255,131,-38
IQ:22,184,8,-154,-271
IQ:23,192,255,-247,125
IQ:24,200,7,40,230
IQ:25,208,255,141,-26
IQ:26,216,6,-148,-27
IQ:27,224,255,-70,104
IQ:28,232,5,-47,-23
IQ:29,240,255,-75,-43
IQ:30,248,12,-103,-34
IQ:31,256,255,5,83
IQ:32,264,1,75,-57
IQ:33,272,255,-83,-77
IQ:34,280,2,-136,158
IQ:35,288,255,146,157
SW:2
RR:3
SS:3
FR:2426
ME:2
MA:353
KE:25
KA:10
DF_END

Data arrived...
DF_BEGIN
IQ:0,0,11,168,-90
IQ:1,8,11,-130,-146
IQ:2,16,11,-140,130
IQ:3,24,11,139,134
IQ:4,32,11,125,-147
IQ:5,40,11,-153,-111
IQ:6,48,11,-101,169
IQ:7,56,11,165,89
IQ:8,72,12,-162,-14
IQ:9,80,255,22,161
IQ:10,88,1,180,-60
IQ:11,96,255,-96,-184
IQ:12,104,2,-246,155
IQ:13,112,255,121,240
IQ:14,120,10,107,-86
IQ:15,128,255,-166,-99
IQ:16,136,3,-218,202
IQ:17,144,255,190,185
IQ:18,152,9,158,-255
IQ:19,160,255,-265,-190
IQ:20,168,4,-206,144
IQ:21,176,255,187,144
IQ:22,184,8,199,-226
IQ:23,192,255,-213,-164
IQ:24,200,7,-194,176
IQ:25,208,255,157,118
IQ:26,216,6,11,-221
IQ:27,224,255,-205,-29
IQ:28,232,5,-13,91
IQ:29,240,255,107,-45
IQ:30,248,12,-57,-143
IQ:31,256,255,-142,84
IQ:32,264,1,121,148
IQ:33,272,255,129,-157
IQ:34,280,2,-219,-164
IQ:35,288,255,-196,212
SW:2
RR:3
SS:3
FR:2402
ME:2
MA:353
KE:23
KA:8
DF_END

Data arrived...
DF_BEGIN
IQ:0,0,11,170,89
IQ:1,8,11,58,-167
IQ:2,16,11,-182,-37
IQ:3,24,11,-35,173
IQ:4,32,11,183,4
IQ:5,40,11,-10,-186
IQ:6,48,11,-172,30
IQ:7,56,11,61,168
IQ:8,72,12,48,-109
IQ:9,80,255,-59,-66
IQ:10,88,1,-31,-49
IQ:11,96,255,-68,14
IQ:12,104,2,-38,80
IQ:13,112,255,40,94
IQ:14,120,10,-11,152
IQ:15,128,255,59,37
IQ:16,136,3,-66,22
IQ:17,144,255,11,9
IQ:18,152,9,-58,-126
IQ:19,160,255,-144,-11
IQ:20,168,4,-103,11
IQ:21,176,255,43,45
IQ:22,184,8,169,-169
IQ:23,192,255,-113,-177
IQ:24,200,7,-140,-6
IQ:25,208,255,-23,81
IQ:26,216,6,0,-54
IQ:27,224,255,-36,-10
IQ:28,232,5,45,20
IQ:29,240,255,73,-15
IQ:30,248,12,125,-25
IQ:31,256,255,37,-85
IQ:32,264,1,23,-59
IQ:33,272,255,-39,-60
IQ:34,280,2,-82,-7
IQ:35,288,255,-74,110
SW:2
RR:3
SS:3
FR:2480
ME:80
MA:38
KE:29
KA:11
DF_END

Data arrived...
DF_BEGIN
IQ:0,0,11,-160,76
IQ:1,8,11,98,151
IQ:2,16,11,144,-107
IQ:3,24,11,-119,-129
IQ:4,32,11,-127,137
IQ:5,40,11,135,103
IQ:6,48,11,74,-172
IQ:7,56,11,-166,-69
IQ:8,72,12,50,102
IQ:9,80,255,95,1
IQ:10,88,1,60,4
IQ:11,96,255,32,-61
IQ:12,104,2,-27,-80
IQ:13,112,255,-97,-24
IQ:14,120,10,-114,-114
IQ:15,128,255,-70,-1
IQ:16,136,3,34,-63
IQ:17,144,255,-8,-4
IQ:18,152,9,127,37
IQ:19,160,255,100,-106
IQ:20,168,4,57,-88
IQ:21,176,255,-66,11
IQ:22,184,8,-3,236
IQ:23,192,255,199,53
IQ:24,200,7,94,-104
IQ:25,208,255,-52,-67
IQ:26,216,6,39,31
IQ:27,224,255,30,-24
IQ:28,232,5,-42,20
IQ:29,240,255,-35,67
IQ:30,248,12,-74,95
IQ:31,256,255,27,80
IQ:32,264,1,20,52
IQ:33,272,255,61,-8
IQ:34,280,2,52,-73
IQ:35,288,255,-42,-129
SW:2
RR:3
SS:3
FR:2480
ME:80
MA:38
KE:34
KA:14
DF_END

Data arrived...
DF_BEGIN
IQ:0,0,11,-149,34
IQ:1,8,11,53,138
IQ:2,16,11,134,-64
IQ:3,24,11,-87,-125
IQ:4,32,11,-122,96
IQ:5,40,11,112,108
IQ:6,48,11,97,-115
IQ:7,56,11,-122,-89
IQ:8,72,12,102,47
IQ:9,80,255,28,-93
IQ:10,88,1,-86,25
IQ:11,96,255,69,96
IQ:12,104,2,170,-111
IQ:13,112,255,-76,-165
IQ:14,120,10,-35,45
IQ:15,128,255,128,31
IQ:16,136,3,197,-178
IQ:17,144,255,-148,-144
IQ:18,152,9,-97,235
IQ:19,160,255,219,180
IQ:20,168,4,216,-18
IQ:21,176,255,-69,-122
IQ:22,184,8,-230,193
IQ:23,192,255,154,215
IQ:24,200,7,220,-90
IQ:25,208,255,-54,-135
IQ:26,216,6,10,154
IQ:27,224,255,114,39
IQ:28,232,5,-24,45
IQ:29,240,255,-30,68
IQ:30,248,12,-14,110
IQ:31,256,255,77,-24
IQ:32,264,1,-64,-67
IQ:33,272,255,-52,100
IQ:34,280,2,185,93
IQ:35,288,255,152,-162
SW:2
RR:3
SS:3
FR:2426
ME:2
MA:353
KE:31
KA:12
DF_END

Data arrived...
DF_BEGIN
IQ:0,0,11,121,-87
IQ:1,8,11,-100,-111
IQ:2,16,11,-115,102
IQ:3,24,11,110,95
IQ:4,32,11,73,-123
IQ:5,40,11,-134,-66
IQ:6,48,11,-61,136
IQ:7,56,11,139,49
IQ:8,72,12,-128,6
IQ:9,80,255,30,124
IQ:10,88,1,137,-55
IQ:11,96,255,-92,-135
IQ:12,104,2,-181,135
IQ:13,112,255,98,169
IQ:14,120,10,66,-74
IQ:15,128,255,-140,-76
IQ:16,136,3,-151,167
IQ:17,144,255,169,117
IQ:18,152,9,88,-222
IQ:19,160,255,-215,-141
IQ:20,168,4,-158,126
IQ:21,176,255,144,110
IQ:22,184,8,143,-189
IQ:23,192,255,-176,-124
IQ:24,200,7,-114,154
IQ:25,208,255,142,61
IQ:26,216,6,-11,-173
IQ:27,224,255,-164,-15
IQ:28,232,5,-6,74
IQ:29,240,255,75,-43
IQ:30,248,12,-60,-116
IQ:31,256,255,-110,80
IQ:32,264,1,106,101
IQ:33,272,255,79,-137
IQ:34,280,2,-205,-108
IQ:35,288,255,-136,185
SW:2
RR:3
SS:3
FR:2402
ME:5
MA:5
KE:29
KA:12
DF_END

Data arrived...
DF_BEGIN
IQ:0,0,11,-194,37
IQ:1,8,11,47,190
IQ:2,16,11,186,-70
IQ:3,24,11,-82,-179
IQ:4,32,11,-166,97
IQ:5,40,11,131,155
IQ:6,48,11,145,-118
IQ:7,56,11,-142,-135
IQ:8,72,12,146,66
IQ:9,80,255,21,-164
IQ:10,88,1,-196,-2
IQ:11,96,255,22,218
IQ:12,104,2,281,-51
IQ:13,112,255,-43,-263
IQ:14,120,10,-135,51
IQ:15,128,255,108,164
IQ:16,136,3,277,-101
IQ:17,144,255,-115,-238
IQ:18,152,9,-252,191
IQ:19,160,255,186,272
IQ:20,168,4,253,-80
IQ:21,176,255,-95,-211
IQ:22,184,8,-265,131
IQ:23,192,255,134,226
IQ:24,200,7,213,-144
IQ:25,208,255,-121,-166
IQ:26,216,6,-88,200
IQ:27,224,255,191,90
IQ:28,232,5,46,-82
IQ:29,240,255,-119,0
IQ:30,248,12,-17,165
IQ:31,256,255,160,-28
IQ:32,264,1,-63,-187
IQ:33,272,255,-172,110
IQ:34,280,2,171,230
IQ:35,288,255,253,-139
SW:2
RR:3
SS:3
FR:2402
ME:2
MA:356
KE:26
KA:10
DF_END

Data arrived...
DF_BEGIN
IQ:0,0,11,116,98
IQ:1,8,11,89,-122
IQ:2,16,11,-127,-90
IQ:3,24,11,-68,136
IQ:4,32,11,141,48
IQ:5,40,11,42,-141
IQ:6,48,11,-144,-18
IQ:7,56,11,-10,151
IQ:8,72,12,67,-74
IQ:9,80,255,-24,-70
IQ:10,88,1,-20,-55
IQ:11,96,255,-53,-8
IQ:12,104,2,-48,51
IQ:13,112,255,-3,78
IQ:14,120,10,-53,115
IQ:15,128,255,32,46
IQ:16,136,3,-59,6
IQ:17,144,255,5,7
IQ:18,152,9,-7,-111
IQ:19,160,255,-112,-51
IQ:20,168,4,-84,-18
IQ:21,176,255,22,43
IQ:22,184,8,171,-78
IQ:23,192,255,-46,-165
IQ:24,200,7,-108,-33
IQ:25,208,255,-34,56
IQ:26,216,6,17,-44
IQ:27,224,255,-13,-15
IQ:28,232,5,28,34
IQ:29,240,255,63,7
IQ:30,248,12,94,26
IQ:31,256,255,49,-46
IQ:32,264,1,32,-33
IQ:33,272,255,-20,-46
IQ:34,280,2,-68,-18
IQ:35,288,255,-87,69
SW:2
RR:3
SS:3
FR:2480
ME:72
MA:38
KE:31
KA:13
DF_END

Data arrived...
DF_BEGIN
IQ:0,0,11,-203,-105
IQ:1,8,11,-75,201
IQ:2,16,11,205,37
IQ:3,24,11,49,-223
IQ:4,32,11,-220,-23
IQ:5,40,11,-5,207
IQ:6,48,11,218,-34
IQ:7,56,11,-28,-228
IQ:8,72,12,46,142
IQ:9,80,255,96,-74
IQ:10,88,1,-124,-50
IQ:11,96,255,-30,140
IQ:12,104,2,260,26
IQ:13,112,255,60,-259
IQ:14,120,10,-64,13
IQ:15,128,255,71,174
IQ:16,136,3,365,16
IQ:17,144,255,10,-306
IQ:18,152,9,-352,131
IQ:19,160,255,41,409
IQ:20,168,4,271,157
IQ:21,176,255,39,-221
IQ:22,184,8,-450,-47
IQ:23,192,255,-85,388
IQ:24,200,7,313,140
IQ:25,208,255,93,-192
IQ:26,216,6,-169,155
IQ:27,224,255,34,192
IQ:28,232,5,-103,20
IQ:29,240,255,-96,43
IQ:30,248,12,-109,90
IQ:31,256,255,72,79
IQ:32,264,1,-32,-165
IQ:33,272,255,-97,41
IQ:34,280,2,63,316
IQ:35,288,255,257,-29
SW:2
RR:3
SS:3
FR:2426
ME:2
MA:353
KE:28
KA:11
DF_END

Data arrived...
DF_BEGIN
IQ:0,0,11,-36,158
IQ:1,8,11,155,12
IQ:2,16,11,-14,-147
IQ:3,24,11,-145,18
IQ:4,32,11,33,162
IQ:5,40,11,140,-38
IQ:6,48,11,-56,-142
IQ:7,56,11,-150,64
IQ:8,72,12,100,-60
IQ:9,80,255,-65,-55
IQ:10,88,1,-23,90
IQ:11,96,255,114,-26
IQ:12,104,2,-36,-198
IQ:13,112,255,-185,6
IQ:14,120,10,20,47
IQ:15,128,255,91,-98
IQ:16,136,3,-71,-252
IQ:17,144,255,-212,61
IQ:18,152,9,166,195
IQ:19,160,255,264,-115
IQ:20,168,4,93,-207
IQ:21,176,255,-140,-5
IQ:22,184,8,54,293
IQ:23,192,255,259,-73
IQ:24,200,7,25,-251
IQ:25,208,255,-143,-13
IQ:26,216,6,144,66
IQ:27,224,255,99,-74
IQ:28,232,5,37,34
IQ:29,240,255,47,59
IQ:30,248,12,86,85
IQ:31,256,255,24,-85
IQ:32,264,1,-88,30
IQ:33,272,255,50,94
IQ:34,280,2,165,-118
IQ:35,288,255,-96,-206
SW:2
RR:3
SS:3
FR:2426
ME:2
MA:353
KE:25
KA:9
DF_END

Data arrived...
DF_BEGIN
IQ:0,0,11,25,-160
IQ:1,8,11,-153,-7
IQ:2,16,11,18,165
IQ:3,24,11,144,-21
IQ:4,32,11,-21,-150
IQ:5,40,11,-155,26
IQ:6,48,11,107,38
IQ:7,56,11,124,-61
IQ:8,72,12,-79,98
IQ:9,80,255,180,44
IQ:10,88,1,32,-113
IQ:11,96,255,-172,-5
IQ:12,104,2,-8,218
IQ:13,112,255,130,83
IQ:14,120,10,-7,-123
IQ:15,128,255,-128,25
IQ:16,136,3,-15,219
IQ:17,144,255,161,-20
IQ:18,152,9,-119,-209
IQ:19,160,255,-222,100
IQ:20,168,4,-54,211
IQ:21,176,255,200,-35
IQ:22,184,8,-59,-212
IQ:23,192,255,-185,35
IQ:24,200,7,18,183
IQ:25,208,255,162,-71
IQ:26,216,6,-138,-102
IQ:27,224,255,-101,73
IQ:28,232,5,49,53
IQ:29,240,255,30,-98
IQ:30,248,12,-121,-37
IQ:31,256,255,-26,128
IQ:32,264,1,149,-2
IQ:33,272,255,-35,-158
IQ:34,280,2,-213,67
IQ:35,288,255,43,223
SW:2
RR:3
SS:3
FR:2402
ME:5
MA:5
KE:22
KA:9
DF_END