DF_END

Data arrived...
DF_BEGIN
IQ:0,0,11,158,-106
IQ:1,8,11,-119,-147
IQ:2,16,11,-141,132
IQ:3,24,11,135,130
IQ:4,32,11,116,-153
IQ:5,40,11,-158,-108
IQ:6,48,11,-95,173
IQ:7,56,11,172,68
IQ:8,72,12,-160,3
IQ:9,80,255,26,166
IQ:10,88,1,177,-58
IQ:11,96,255,-106,-168
IQ:12,104,2,-226,185
IQ:13,112,255,121,238
IQ:14,120,10,105,-93
IQ:15,128,255,-162,-107
IQ:16,136,3,-215,191
IQ:17,144,255,205,174
IQ:18,152,9,153,-272
IQ:19,160,255,-259,-193
IQ:20,168,4,-201,156
IQ:21,176,255,181,155
IQ:22,184,8,196,-220
IQ:23,192,255,-216,-163
IQ:24,200,7,-169,195
IQ:25,208,255,162,102
IQ:26,216,6,-21,-213
IQ:27,224,255,-201,-14
IQ:28,232,5,-17,89
IQ:29,240,255,102,-48
IQ:30,248,12,-52,-152
IQ:31,256,255,-130,98
IQ:32,264,1,130,140
IQ:33,272,255,126,-158
IQ:34,280,2,-245,-171
IQ:35,288,255,-185,225
SW:2
RR:3
SS:3
FR:2402
ME:2
MA:353
KE:18
KA:5
DF_END

Data arrived...
DF_BEGIN
IQ:0,0,11,111,104
IQ:1,8,11,86,-114
IQ:2,16,11,-126,-80
IQ:3,24,11,-71,134
IQ:4,32,11,129,54
IQ:5,40,11,34,-139
IQ:6,48,11,-148,-30
IQ:7,56,11,-20,151
IQ:8,72,12,68,-68
IQ:9,80,255,-20,-74
IQ:10,88,1,-23,-46
IQ:11,96,255,-53,-3
IQ:12,104,2,-48,43
IQ:13,112,255,5,79
IQ:14,120,10,-50,109
IQ:15,128,255,32,54
IQ:16,136,3,-53,4
IQ:17,144,255,-2,14
IQ:18,152,9,-19,-110
IQ:19,160,255,-104,-56
IQ:20,168,4,-83,-23
IQ:21,176,255,19,49
IQ:22,184,8,173,-84
IQ:23,192,255,-45,-156
IQ:24,200,7,-106,-34
IQ:25,208,255,-41,55
IQ:26,216,6,8,-33
IQ:27,224,255,-14,-11
IQ:28,232,5,27,25
IQ:29,240,255,66,9
IQ:30,248,12,86,36
IQ:31,256,255,57,-57
IQ:32,264,1,31,-40
IQ:33,272,255,-24,-51
IQ:34,280,2,-67,-23
IQ:35,288,255,-90,63
SW:2
RR:3
SS:3
FR:2480
ME:69
MA:38
KE:23
KA:8
DF_END

Data arrived...
DF_BEGIN
IQ:0,0,11,57,137
IQ:1,8,11,132,-69
IQ:2,16,11,-91,-118
IQ:3,24,11,-98,107
IQ:4,32,11,122,90
IQ:5,40,11,92,-117
IQ:6,48,11,-131,-74
IQ:7,56,11,-72,138
IQ:8,72,12,84,-53
IQ:9,80,255,-4,-74
IQ:10,88,1,-4,-55
IQ:11,96,255,-51,-33
IQ:12,104,2,-63,29
IQ:13,112,255,-31,75
IQ:14,120,10,-90,92
IQ:15,128,255,14,56
IQ:16,136,3,-50,-22
IQ:17,144,255,0,8
IQ:18,152,9,30,-119
IQ:19,160,255,-76,-87
IQ:20,168,4,-63,-52
IQ:21,176,255,5,44
IQ:22,184,8,181,-13
IQ:23,192,255,24,-163
IQ:24,200,7,-82,-84
IQ:25,208,255,-62,39
IQ:26,216,6,29,-23
IQ:27,224,255,-9,-17
IQ:28,232,5,20,36
IQ:29,240,255,54,21
IQ:30,248,12,82,58
IQ:31,256,255,73,-28
IQ:32,264,1,46,-22
IQ:33,272,255,2,-50
IQ:34,280,2,-56,-40
IQ:35,288,255,-99,35
SW:2
RR:3
SS:3
FR:2480
ME:72
MA:38
KE:28
KA:11
DF_END

Data arrived...
DF_BEGIN
IQ:0,0,11,143,-71
IQ:1,8,11,-83,-126
IQ:2,16,11,-121,98
IQ:3,24,11,111,110
IQ:4,32,11,96,-116
IQ:5,40,11,-122,-93
IQ:6,48,11,-78,137
IQ:7,56,11,141,63
IQ:8,72,12,-106,-31
IQ:9,80,255,2,86
IQ:10,88,1,75,-56
IQ:11,96,255,-97,-81
IQ:12,104,2,-119,157
IQ:13,112,255,135,139
IQ:14,120,10,21,-50
IQ:15,128,255,-135,-15
IQ:16,136,3,-144,222
IQ:17,144,255,183,100
IQ:18,152,9,47,-243
IQ:19,160,255,-257,-106
IQ:20,168,4,-217,76
IQ:21,176,255,77,114
IQ:22,184,8,186,-243
IQ:23,192,255,-210,-179
IQ:24,200,7,-203,136
IQ:25,208,255,71,122
IQ:26,216,6,-26,-160
IQ:27,224,255,-122,-32
IQ:28,232,5,0,-57
IQ:29,240,255,0,-86
IQ:30,248,12,-21,-114
IQ:31,256,255,-76,36
IQ:32,264,1,85,54
IQ:33,272,255,36,-106
IQ:34,280,2,-200,-69
IQ:35,288,255,-106,196
SW:2
RR:3
SS:3
FR:2426
ME:5
MA:359
KE:26
KA:10
DF_END

Data arrived...
DF_BEGIN
IQ:0,0,11,-134,-61
IQ:1,8,11,-48,137
IQ:2,16,11,142,28
IQ:3,24,11,31,-151
IQ:4,32,11,-151,-23
IQ:5,40,11,1,145
IQ:6,48,11,152,-19
IQ:7,56,11,-28,-141
IQ:8,72,12,71,95
IQ:9,80,255,81,-101
IQ:10,88,1,-116,-91
IQ:11,96,255,-68,134
IQ:12,104,2,209,75
IQ:13,112,255,88,-184
IQ:14,120,10,-100,-20
IQ:15,128,255,1,150
IQ:16,136,3,228,49
IQ:17,144,255,17,-204
IQ:18,152,9,-236,38
IQ:19,160,255,7,253
IQ:20,168,4,190,57
IQ:21,176,255,15,-181
IQ:22,184,8,-227,-26
IQ:23,192,255,0,206
IQ:24,200,7,192,-4
IQ:25,208,255,-28,-157
IQ:26,216,6,-139,94
IQ:27,224,255,78,145
IQ:28,232,5,71,-30
IQ:29,240,255,-69,-56
IQ:30,248,12,-71,98
IQ:31,256,255,114,48
IQ:32,264,1,36,-144
IQ:33,272,255,-153,-21
IQ:34,280,2,15,220
IQ:35,288,255,222,14
SW:2
RR:3
SS:3
FR:2402
ME:2
MA:353
KE:23
KA:8
DF_END

Data arrived...
DF_BEGIN
IQ:0,0,11,179,-17
IQ:1,8,11,-16,-184
IQ:2,16,11,-179,48
IQ:3,24,11,60,164
IQ:4,32,11,161,-81
IQ:5,40,11,-103,-153
IQ:6,48,11,-151,105
IQ:7,56,11,120,141
IQ:8,72,12,2,-121
IQ:9,80,255,-78,-39
IQ:10,88,1,-59,-27
IQ:11,96,255,-44,52
IQ:12,104,2,-11,83
IQ:13,112,255,73,63
IQ:14,120,10,58,146
IQ:15,128,255,64,21
IQ:16,136,3,-51,51
IQ:17,144,255,7,6
IQ:18,152,9,-107,-96
IQ:19,160,255,-139,50
IQ:20,168,4,-88,49
IQ:21,176,255,61,28
IQ:22,184,8,78,-222
IQ:23,192,255,-167,-117
IQ:24,200,7,-131,40
IQ:25,208,255,9,81
IQ:26,216,6,-27,-44
IQ:27,224,255,-27,10
IQ:28,232,5,47,-10
IQ:29,240,255,60,-50
IQ:30,248,12,109,-59
IQ:31,256,255,2,-94
IQ:32,264,1,2,-63
IQ:33,272,255,-55,-27
IQ:34,280,2,-80,43
IQ:35,288,255,-10,139
SW:2
RR:3
SS:3
FR:2480
ME:72
MA:38
KE:29
KA:11
DF_END

Data arrived...
DF_BEGIN
IQ:0,0,11,58,133
IQ:1,8,11,128,-78
IQ:2,16,11,-98,-120
IQ:3,24,11,-112,109
IQ:4,32,11,115,95
IQ:5,40,11,88,-123
IQ:6,48,11,-136,-93
IQ:7,56,11,-81,131
IQ:8,72,12,33,-102
IQ:9,80,255,-90,-10
IQ:10,88,1,49,83
IQ:11,96,255,90,-89
IQ:12,104,2,-147,-147
IQ:13,112,255,-150,101
IQ:14,120,10,50,23
IQ:15,128,255,23,-133
IQ:16,136,3,-196,-184
IQ:17,144,255,-112,165
IQ:18,152,9,251,42
IQ:19,160,255,138,-245
IQ:20,168,4,-77,-209
IQ:21,176,255,-106,100
IQ:22,184,8,229,194
IQ:23,192,255,188,-204
IQ:24,200,7,-112,-209
IQ:25,208,255,-123,83
IQ:26,216,6,146,-27
IQ:27,224,255,39,-120
IQ:28,232,5,50,2
IQ:29,240,255,87,10
IQ:30,248,12,117,-5
IQ:31,256,255,-29,-84
IQ:32,264,1,-55,69
IQ:33,272,255,112,54
IQ:34,280,2,75,-187
IQ:35,288,255,-203,-101
SW:2
RR:3
SS:3
FR:2426
ME:2
MA:353
KE:26
KA:10
DF_END

Data arrived...
DF_BEGIN
IQ:0,0,11,212,94
IQ:1,8,11,82,-137
IQ:2,16,11,-166,-58
IQ:3,24,11,-44,184
IQ:4,32,11,214,42
IQ:5,40,11,7,-178
IQ:6,48,11,-198,2
IQ:7,56,11,6,165
IQ:8,72,12,-58,-143
IQ:9,80,255,-109,70
IQ:10,88,1,154,21
IQ:11,96,255,36,-135
IQ:12,104,2,-242,-31
IQ:13,112,255,-80,227
IQ:14,120,10,74,-9
IQ:15,128,255,-69,-139
IQ:16,136,3,-321,-10
IQ:17,144,255,-30,243
IQ:18,152,9,299,-132
IQ:19,160,255,-3,-353
IQ:20,168,4,-205,-152
IQ:21,176,255,-89,168
IQ:22,184,8,376,51
IQ:23,192,255,33,-341
IQ:24,200,7,-261,-114
IQ:25,208,255,-65,147
IQ:26,216,6,134,-115
IQ:27,224,255,-42,-148
IQ:28,232,5,90,-50
IQ:29,240,255,78,-47
IQ:30,248,12,121,-86
IQ:31,256,255,-89,-46
IQ:32,264,1,-67,123
IQ:33,272,255,127,-27
IQ:34,280,2,-63,-243
IQ:35,288,255,-269,11
SW:2
RR:3
SS:3
FR:2426
ME:2
MA:353
KE:24
KA:8
DF_END

Data arrived...
DF_BEGIN
IQ:0,0,11,-174,-72
IQ:1,8,11,-41,188
IQ:2,16,11,186,20
IQ:3,24,11,12,-192
IQ:4,32,11,-195,-4
IQ:5,40,11,17,191
IQ:6,48,11,181,-44
IQ:7,56,11,-48,-192
IQ:8,72,12,81,125
IQ:9,80,255,117,-126
IQ:10,88,1,-158,-98
IQ:11,96,255,-80,186
IQ:12,104,2,277,67
IQ:13,112,255,100,-251
IQ:14,120,10,-135,-26
IQ:15,128,255,23,186
IQ:16,136,3,294,38
IQ:17,144,255,3,-265
IQ:18,152,9,-305,69
IQ:19,160,255,11,321
IQ:20,168,4,251,57
IQ:21,176,255,3,-230
IQ:22,184,8,-300,8
IQ:23,192,255,2,272
IQ:24,200,7,250,5
IQ:25,208,255,-33,-195
IQ:26,216,6,-167,124
IQ:27,224,255,106,181
IQ:28,232,5,86,-51
IQ:29,240,255,-102,-47
IQ:30,248,12,-77,134
IQ:31,256,255,155,64
IQ:32,264,1,39,-189
IQ:33,272,255,-206,-4
IQ:34,280,2,29,291
IQ:35,288,255,291,10
SW:2
RR:3
SS:3
FR:2402
ME:2
MA:353
KE:21
KA:6
DF_END

Data arrived...
DF_BEGIN
IQ:0,0,11,-61,-171
IQ:1,8,11,-153,91
IQ:2,16,11,106,153
IQ:3,24,11,139,-124
IQ:4,32,11,-129,-134
IQ:5,40,11,-110,133
IQ:6,48,11,157,108
IQ:7,56,11,95,-159
IQ:8,72,12,-105,45
IQ:9,80,255,-1,88
IQ:10,88,1,-3,66
IQ:11,96,255,75,34
IQ:12,104,2,78,-31
IQ:13,112,255,39,-89
IQ:14,120,10,112,-95
IQ:15,128,255,-9,-74
IQ:16,136,3,65,19
IQ:17,144,255,1,-14
IQ:18,152,9,-56,132
IQ:19,160,255,97,111
IQ:20,168,4,80,60
IQ:21,176,255,-8,-51
IQ:22,184,8,-225,22
IQ:23,192,255,-23,205
IQ:24,200,7,100,105
IQ:25,208,255,74,-35
IQ:26,216,6,-33,31
IQ:27,224,255,20,30
IQ:28,232,5,-12,-46
IQ:29,240,255,-68,-33
IQ:30,248,12,-97,-80
IQ:31,256,255,-91,24
IQ:32,264,1,-58,21
IQ:33,272,255,1,63
IQ:34,280,2,60,57
IQ:35,288,255,131,-40
SW:2
RR:3
SS:3
FR:2480
ME:69
MA:38
KE:26
KA:9
DF_END

Data arrived...
DF_BEGIN
IQ:0,0,11,180,44
IQ:1,8,11,36,-177
IQ:2,16,11,-176,-10
IQ:3,24,11,1,176
IQ:4,32,11,187,-24
IQ:5,40,11,-40,-173
IQ:6,48,11,-174,53
IQ:7,56,11,63,169
IQ:8,72,12,24,-105
IQ:9,80,255,-59,-63
IQ:10,88,1,-53,-44
IQ:11,96,255,-74,27
IQ:12,104,2,-27,77
IQ:13,112,255,47,85
IQ:14,120,10,2,150
IQ:15,128,255,55,30
IQ:16,136,3,-61,32
IQ:17,144,255,4,2
IQ:18,152,9,-76,-123
IQ:19,160,255,-144,0
IQ:20,168,4,-97,32
IQ:21,176,255,52,35
IQ:22,184,8,128,-189
IQ:23,192,255,-140,-167
IQ:24,200,7,-138,1
IQ:25,208,255,0,74
IQ:26,216,6,-9,-49
IQ:27,224,255,-37,2
IQ:28,232,5,55,17
IQ:29,240,255,72,-31
IQ:30,248,12,110,-27
IQ:31,256,255,38,-77
IQ:32,264,1,12,-65
IQ:33,272,255,-52,-45
IQ:34,280,2,-95,16
IQ:35,288,255,-47,138
SW:2
RR:3
SS:3
FR:2480
ME:75
MA:38
KE:31
KA:12
DF_END

Data arrived...
DF_BEGIN
IQ:0,0,11,137,-48
IQ:1,8,11,-71,-128
IQ:2,16,11,-125,87
IQ:3,24,11,85,122
IQ:4,32,11,109,-95
IQ:5,40,11,-113,-96
IQ:6,48,11,-89,122
IQ:7,56,11,122,85
IQ:8,72,12,-121,-35
IQ:9,80,255,-13,129
IQ:10,88,1,146,-23
IQ:11,96,255,-53,-150
IQ:12,104,2,-204,99
IQ:13,112,255,51,204
IQ:14,120,10,98,-52
IQ:15,128,255,-104,-104
IQ:16,136,3,-183,124
IQ:17,144,255,127,159
IQ:18,152,9,149,-188
IQ:19,160,255,-179,-182
IQ:20,168,4,-173,96
IQ:21,176,255,115,128
IQ:22,184,8,178,-151
IQ:23,192,255,-141,-151
IQ:24,200,7,-145,143
IQ:25,208,255,126,93
IQ:26,216,6,22,-164
IQ:27,224,255,-154,-44
IQ:28,232,5,-24,77
IQ:29,240,255,88,-29
IQ:30,248,12,-22,-119
IQ:31,256,255,-119,53
IQ:32,264,1,77,121
IQ:33,272,255,112,-109
IQ:34,280,2,-154,-163
IQ:35,288,255,-185,134
SW:2
RR:3
SS:3
FR:2402
ME:2
MA:353
KE:29
KA:11
DF_END

Data arrived...
DF_BEGIN
IQ:0,0,11,93,-119
IQ:1,8,11,-130,-72
IQ:2,16,11,-58,142
IQ:3,24,11,146,43
IQ:4,32,11,29,-146
IQ:5,40,11,-149,-16
IQ:6,48,11,-21,147
IQ:7,56,11,150,5
IQ:8,72,12,-107,50
IQ:9,80,255,72,98
IQ:10,88,1,99,-107
IQ:11,96,255,-138,-86
IQ:12,104,2,-114,190
IQ:13,112,255,162,119
IQ:14,120,10,39,-111
IQ:15,128,255,-148,-18
IQ:16,136,3,-71,210
IQ:17,144,255,199,60
IQ:18,152,9,20,-239
IQ:19,160,255,-247,-40
IQ:20,168,4,-82,180
IQ:21,176,255,178,37
IQ:22,184,8,53,-228
IQ:23,192,255,-198,-54
IQ:24,200,7,-42,189
IQ:25,208,255,157,-1
IQ:26,216,6,-73,-156
IQ:27,224,255,-158,45
IQ:28,232,5,16,70
IQ:29,240,255,59,-67
IQ:30,248,12,-85,-82
IQ:31,256,255,-65,112
IQ:32,264,1,134,67
IQ:33,272,255,50,-146
IQ:34,280,2,-219,-36
IQ:35,288,255,-59,215
SW:2
RR:3
SS:3
FR:2402
ME:2
MA:353
KE:26
KA:9
DF_END

Data arrived...
DF_BEGIN
IQ:0,0,11,117,150
IQ:1,8,11,134,-123
IQ:2,16,11,-136,-117
IQ:3,24,11,-85,163
IQ:4,32,11,167,79
IQ:5,40,11,50,-169
IQ:6,48,11,-186,-49
IQ:7,56,11,-39,169
IQ:8,72,12,76,-74
IQ:9,80,255,-24,-79
IQ:10,88,1,-13,-65
IQ:11,96,255,-74,-6
IQ:12,104,2,-67,62
IQ:13,112,255,-11,104
IQ:14,120,10,-79,126
IQ:15,128,255,31,60
IQ:16,136,3,-79,-2
IQ:17,144,255,-2,3
IQ:18,152,9,0,-151
IQ:19,160,255,-121,-87
IQ:20,168,4,-100,-26
IQ:21,176,255,23,58
IQ:22,184,8,224,-76
IQ:23,192,255,-27,-200
IQ:24,200,7,-121,-76
IQ:25,208,255,-57,51
IQ:26,216,6,18,-41
IQ:27,224,255,-27,-13
IQ:28,232,5,32,45
IQ:29,240,255,83,20
IQ:30,248,12,106,38
IQ:31,256,255,63,-42
IQ:32,264,1,46,-39
IQ:33,272,255,-11,-72
IQ:34,280,2,-79,-35
IQ:35,288,255,-113,77
SW:2
RR:3
SS:3
FR:2480
ME:80
MA:38
KE:31
KA:12
DF_END

Data arrived...
DF_BEGIN
IQ:0,0,11,-142,-41
IQ:1,8,11,-29,140
IQ:2,16,11,150,17
IQ:3,24,11,10,-156
IQ:4,32,11,-148,12
IQ:5,40,11,24,154
IQ:6,48,11,147,-27
IQ:7,56,11,-45,-145
IQ:8,72,12,46,96
IQ:9,80,255,60,-74
IQ:10,88,1,-94,-13
IQ:11,96,255,5,117
IQ:12,104,2,209,-13
IQ:13,112,255,31,-184
IQ:14,120,10,-44,19
IQ:15,128,255,84,101
IQ:16,136,3,261,-31
IQ:17,144,255,-37,-211
IQ:18,152,9,-220,127
IQ:19,160,255,62,277
IQ:20,168,4,196,108
IQ:21,176,255,34,-136
IQ:22,184,8,-305,5
IQ:23,192,255,-4,270
IQ:24,200,7,231,45
IQ:25,208,255,39,-139
IQ:26,216,6,-84,128
IQ:27,224,255,59,108
IQ:28,232,5,-45,22
IQ:29,240,255,-62,51
IQ:30,248,12,-68,84
IQ:31,256,255,78,30
IQ:32,264,1,-21,-94
IQ:33,272,255,-106,48
IQ:34,280,2,96,184
IQ:35,288,255,213,-60
SW:2
RR:3
SS:3
FR:2426
ME:2
MA:353
KE:28
KA:10
DF_END

Data arrived...
DF_BEGIN
IQ:0,0,11,-48,-134
IQ:1,8,11,-131,67
IQ:2,16,11,73,129
IQ:3,24,11,115,-88
IQ:4,32,11,-103,-103
IQ:5,40,11,-94,119
IQ:6,48,11,126,74
IQ:7,56,11,64,-141
IQ:8,72,12,-33,116
IQ:9,80,255,125,0
IQ:10,88,1,-27,-150
IQ:11,96,255,-141,65
IQ:12,104,2,100,203
IQ:13,112,255,198,-52
IQ:14,120,10,-55,-91
IQ:15,128,255,-109,103
IQ:16,136,3,123,184
IQ:17,144,255,158,-128
IQ:18,152,9,-193,-132
IQ:19,160,255,-182,180
IQ:20,168,4,94,170
IQ:21,176,255,131,-115
IQ:22,184,8,-147,-174
IQ:23,192,255,-154,142
IQ:24,200,7,124,146
IQ:25,208,255,94,-118
IQ:26,216,6,-171,-25
IQ:27,224,255,-47,156
IQ:28,232,5,72,20
IQ:29,240,255,-24,-84
IQ:30,248,12,-127,26
IQ:31,256,255,40,120
IQ:32,264,1,133,-64
IQ:33,272,255,-108,-112
IQ:34,280,2,-156,159
IQ:35,288,255,134,173
SW:2
RR:3
SS:3
FR:2402
ME:5
MA:5
KE:25
KA:9
DF_END

Data arrived...
DF_BEGIN
IQ:0,0,11,179,54
IQ:1,8,11,23,-183
IQ:2,16,11,-196,5
IQ:3,24,11,7,198
IQ:4,32,11,194,-16
IQ:5,40,11,-49,-192
IQ:6,48,11,-186,44
IQ:7,56,11,62,177
IQ:8,72,12,-93,-129
IQ:9,80,255,-102,123
IQ:10,88,1,170,87
IQ:11,96,255,59,-200
IQ:12,104,2,-275,-91
IQ:13,112,255,-69,246
IQ:14,120,10,142,3
IQ:15,128,255,-28,-197
IQ:16,136,3,-297,-28
IQ:17,144,255,23,259
IQ:18,152,9,305,-92
IQ:19,160,255,-44,-320
IQ:20,168,4,-262,-35
IQ:21,176,255,3,238
IQ:22,184,8,294,-6
IQ:23,192,255,-36,-265
IQ:24,200,7,-252,37
IQ:25,208,255,58,188
IQ:26,216,6,172,-152
IQ:27,224,255,-128,-177
IQ:28,232,5,-76,48
IQ:29,240,255,97,39
IQ:30,248,12,67,-150
IQ:31,256,255,-161,-46
IQ:32,264,1,-9,197
IQ:33,272,255,203,-33
IQ:34,280,2,-53,-279
IQ:35,288,255,-297,42
SW:2
RR:3
SS:3
FR:2402
ME:2
MA:353
KE:23
KA:8
DF_END

Data arrived...
DF_BEGIN
IQ:0,0,11,-181,14
IQ:1,8,11,33,179
IQ:2,16,11,167,-44
IQ:3,24,11,-54,-169
IQ:4,32,11,-170,73
IQ:5,40,11,81,153
IQ:6,48,11,139,-112
IQ:7,56,11,-127,-139
IQ:8,72,12,19,97
IQ:9,80,255,81,43
IQ:10,88,1,53,37
IQ:11,96,255,62,-40
IQ:12,104,2,1,-87
IQ:13,112,255,-83,-66
IQ:14,120,10,-52,-143
IQ:15,128,255,-56,-19
IQ:16,136,3,43,-49
IQ:17,144,255,-23,-4
IQ:18,152,9,115,85
IQ:19,160,255,139,-54
IQ:20,168,4,77,-58
IQ:21,176,255,-57,-16
IQ:22,184,8,-96,215
IQ:23,192,255,167,115
IQ:24,200,7,115,-59
IQ:25,208,255,-41,-77
IQ:26,216,6,24,48
IQ:27,224,255,29,-16
IQ:28,232,5,-63,2
IQ:29,240,255,-57,55
IQ:30,248,12,-111,54
IQ:31,256,255,0,78
IQ:32,264,1,-2,67
IQ:33,272,255,57,37
IQ:34,280,2,84,-40
IQ:35,288,255,12,-132
SW:2
RR:3
SS:3
FR:2480
ME:72
MA:38
KE:27
KA:10
DF_END

Data arrived...
DF_BEGIN
IQ:0,0,11,-159,-18
IQ:1,8,11,4,153
IQ:2,16,11,155,-20
IQ:3,24,11,-23,-156
IQ:4,32,11,-147,48
IQ:5,40,11,59,144
IQ:6,48,11,133,-82
IQ:7,56,11,-89,-126
IQ:8,72,12,67,94
IQ:9,80,255,54,-65
IQ:10,88,1,-96,-3
IQ:11,96,255,28,111
IQ:12,104,2,199,-56
IQ:13,112,255,-6,-193
IQ:14,120,10,-48,24
IQ:15,128,255,100,86
IQ:16,136,3,237,-97
IQ:17,144,255,-115,-178
IQ:18,152,9,-174,189
IQ:19,160,255,130,261
IQ:20,168,4,205,40
IQ:21,176,255,-31,-134
IQ:22,184,8,-287,133
IQ:23,192,255,89,258
IQ:24,200,7,247,-16
IQ:25,208,255,-4,-157
IQ:26,216,6,-53,152
IQ:27,224,255,82,79
IQ:28,232,5,-31,33
IQ:29,240,255,-50,73
IQ:30,248,12,-61,93
IQ:31,256,255,78,20
IQ:32,264,1,-40,-89
IQ:33,272,255,-87,82
IQ:34,280,2,140,158
IQ:35,288,255,180,-137
SW:2
RR:3
SS:3
FR:2426
ME:2
MA:353
KE:24
KA:8
DF_END

Data arrived...
DF_BEGIN
IQ:0,0,11,-10,-145
IQ:1,8,11,-150,20
IQ:2,16,11,26,145
IQ:3,24,11,140,-57
IQ:4,32,11,-70,-130
IQ:5,40,11,-145,68
IQ:6,48,11,73,131
IQ:7,56,11,114,-95
IQ:8,72,12,-73,66
IQ:9,80,255,73,40
IQ:10,88,1,-10,-87
IQ:11,96,255,-113,48
IQ:12,104,2,93,177
IQ:13,112,255,184,-35
IQ:14,120,10,-30,-35
IQ:15,128,255,-67,119
IQ:16,136,3,118,236
IQ:17,144,255,179,-114
IQ:18,152,9,-199,-159
IQ:19,160,255,-234,166
IQ:20,168,4,-35,219
IQ:21,176,255,129,-33
IQ:22,184,8,-138,-256
IQ:23,192,255,-254,113
IQ:24,200,7,20,235
IQ:25,208,255,140,-16
IQ:26,216,6,-146,-44
IQ:27,224,255,-83,89
IQ:28,232,5,-43,-25
IQ:29,240,255,-74,-42
IQ:30,248,12,-117,-52
IQ:31,256,255,-5,85
IQ:32,264,1,82,-47
IQ:33,272,255,-85,-92
IQ:34,280,2,-139,155
IQ:35,288,255,124,167
SW:2
RR:3
SS:3
FR:2426
ME:5
MA:353
KE:22
KA:7
DF_END

Data arrived...
DF_BEGIN
IQ:0,0,11,164,-100
IQ:1,8,11,-128,-153
IQ:2,16,11,-141,129
IQ:3,24,11,138,131
IQ:4,32,11,113,-149
IQ:5,40,11,-167,-97
IQ:6,48,11,-89,179
IQ:7,56,11,180,80
IQ:8,72,12,-145,-33
IQ:9,80,255,29,160
IQ:10,88,1,186,-66
IQ:11,96,255,-93,-175
IQ:12,104,2,-264,155
IQ:13,112,255,90,245
IQ:14,120,10,106,-90
IQ:15,128,255,-163,-126
IQ:16,136,3,-218,200
IQ:17,144,255,193,182
IQ:18,152,9,165,-259
IQ:19,160,255,-267,-198
IQ:20,168,4,-211,148
IQ:21,176,255,174,155
IQ:22,184,8,217,-208
IQ:23,192,255,-200,-161
IQ:24,200,7,-156,198
IQ:25,208,255,178,95
IQ:26,216,6,6,-228
IQ:27,224,255,-212,-44
IQ:28,232,5,-10,96
IQ:29,240,255,109,-41
IQ:30,248,12,-46,-150
IQ:31,256,255,-149,89
IQ:32,264,1,118,148
IQ:33,272,255,128,-156
IQ:34,280,2,-246,-153
IQ:35,288,255,-217,205
SW:2
RR:3
SS:3
FR:2402
ME:2
MA:353
KE:19
KA:5
DF_END

Data arrived...