SS:3
FR:2402
ME:24
MA:147
KE:18
KA:141
DF_END

Data arrived...
DF_BEGIN
IQ:0,0,11,111,106
IQ:1,8,11,99,-120
IQ:2,16,11,-126,-84
IQ:3,24,11,-68,140
IQ:4,32,11,145,58
IQ:5,40,11,47,-141
IQ:6,48,11,-155,-34
IQ:7,56,11,-22,152
IQ:8,72,12,13,-80
IQ:9,80,255,-84,-2
IQ:10,88,1,-25,102
IQ:11,96,255,91,22
IQ:12,104,2,41,-76
IQ:13,112,255,-27,-6
IQ:14,120,10,119,126
IQ:15,128,255,131,-77
IQ:16,136,3,-41,-97
IQ:17,144,255,-14,18
IQ:18,152,9,171,-77
IQ:19,160,255,-17,-185
IQ:20,168,4,-133,-76
IQ:21,176,255,-73,54
IQ:22,184,8,11,-120
IQ:23,192,255,-101,-54
IQ:24,200,7,-51,63
IQ:25,208,255,54,72
IQ:26,216,6,43,-8
IQ:27,224,255,-36,-38
IQ:28,232,5,-78,67
IQ:29,240,255,69,83
IQ:30,248,12,80,-19
IQ:31,256,255,-32,-74
IQ:32,264,1,-103,29
IQ:33,272,255,12,92
IQ:34,280,2,81,-9
IQ:35,288,255,-32,-37
SW:2
RR:3
SS:3
FR:2480
ME:13
MA:142
KE:17
KA:141
DF_END

Data arrived...
DF_BEGIN
IQ:0,0,11,150,85
IQ:1,8,11,50,-152
IQ:2,16,11,-170,-34
IQ:3,24,11,-30,166
IQ:4,32,11,171,21
IQ:5,40,11,-1,-165
IQ:6,48,11,-160,20
IQ:7,56,11,47,167
IQ:8,72,12,13,-208
IQ:9,80,255,-191,12
IQ:10,88,1,63,251
IQ:11,96,255,265,-44
IQ:12,104,2,-2,-310
IQ:13,112,255,-220,-77
IQ:14,120,10,138,20
IQ:15,128,255,73,-164
IQ:16,136,3,-177,-133
IQ:17,144,255,-131,72
IQ:18,152,9,-9,-98
IQ:19,160,255,-113,-90
IQ:20,168,4,-241,13
IQ:21,176,255,-88,181
IQ:22,184,8,-30,-29
IQ:23,192,255,-33,-21
IQ:24,200,7,21,53
IQ:25,208,255,73,62
IQ:26,216,6,114,51
IQ:27,224,255,5,-55
IQ:28,232,5,-95,158
IQ:29,240,255,149,158
IQ:30,248,12,195,-88
IQ:31,256,255,-112,-161
IQ:32,264,1,-196,166
IQ:33,272,255,167,208
IQ:34,280,2,295,-132
IQ:35,288,255,-66,-219
SW:2
RR:3
SS:3
FR:2426
ME:16
MA:139
KE:17
KA:141
DF_END

Data arrived...
DF_BEGIN
IQ:0,0,11,-21,172
IQ:1,8,11,175,18
IQ:2,16,11,-8,-168
IQ:3,24,11,-169,14
IQ:4,32,11,33,163
IQ:5,40,11,169,-58
IQ:6,48,11,-63,-148
IQ:7,56,11,-143,84
IQ:8,72,12,203,-57
IQ:9,80,255,-71,-186
IQ:10,88,1,-236,115
IQ:11,96,255,131,232
IQ:12,104,2,296,-115
IQ:13,112,255,-41,-222
IQ:14,120,10,55,145
IQ:15,128,255,188,6
IQ:16,136,3,77,-217
IQ:17,144,255,-110,-119
IQ:18,152,9,91,-31
IQ:19,160,255,45,-133
IQ:20,168,4,-111,-215
IQ:21,176,255,-208,-21
IQ:22,184,8,19,-37
IQ:23,192,255,18,-38
IQ:24,200,7,-55,23
IQ:25,208,255,-40,85
IQ:26,216,6,-7,130
IQ:27,224,255,55,-23
IQ:28,232,5,-192,-46
IQ:29,240,255,-97,187
IQ:30,248,12,146,147
IQ:31,256,255,110,-172
IQ:32,264,1,-237,-125
IQ:33,272,255,-160,233
IQ:34,280,2,227,227
IQ:35,288,255,180,-138
SW:2
RR:3
SS:3
FR:2426
ME:13
MA:136
KE:17
KA:140
DF_END

Data arrived...
DF_BEGIN
IQ:0,0,11,-186,-8
IQ:1,8,11,23,175
IQ:2,16,11,184,-48
IQ:3,24,11,-57,-182
IQ:4,32,11,-180,69
IQ:5,40,11,65,175
IQ:6,48,11,174,-76
IQ:7,56,11,-98,-142
IQ:8,72,12,42,228
IQ:9,80,255,214,-25
IQ:10,88,1,-50,-234
IQ:11,96,255,-224,79
IQ:12,104,2,133,337
IQ:13,112,255,253,-19
IQ:14,120,10,-104,91
IQ:15,128,255,54,181
IQ:16,136,3,316,76
IQ:17,144,255,166,-164
IQ:18,152,9,98,25
IQ:19,160,255,124,-7
IQ:20,168,4,254,-134
IQ:21,176,255,17,-265
IQ:22,184,8,33,-131
IQ:23,192,255,-76,-27
IQ:24,200,7,-108,-28
IQ:25,208,255,-88,-6
IQ:26,216,6,-140,-43
IQ:27,224,255,-18,66
IQ:28,232,5,28,-142
IQ:29,240,255,-161,-76
IQ:30,248,12,-178,148
IQ:31,256,255,141,161
IQ:32,264,1,173,-169
IQ:33,272,255,-178,-146
IQ:34,280,2,-219,278
IQ:35,288,255,174,196
SW:2
RR:3
SS:3
FR:2402
ME:24
MA:147
KE:17
KA:141
DF_END

Data arrived...
DF_BEGIN
IQ:0,0,11,30,-153
IQ:1,8,11,-154,-26
IQ:2,16,11,-13,155
IQ:3,24,11,167,-6
IQ:4,32,11,-20,-151
IQ:5,40,11,-146,42
IQ:6,48,11,50,153
IQ:7,56,11,141,-52
IQ:8,72,12,-80,21
IQ:9,80,255,41,82
IQ:10,88,1,108,-17
IQ:11,96,255,-17,-87
IQ:12,104,2,-84,7
IQ:13,112,255,16,32
IQ:14,120,10,49,-163
IQ:15,128,255,-130,-65
IQ:16,136,3,-78,83
IQ:17,144,255,21,8
IQ:18,152,9,-136,-119
IQ:19,160,255,-160,89
IQ:20,168,4,-18,159
IQ:21,176,255,83,46
IQ:22,184,8,-118,50
IQ:23,192,255,8,107
IQ:24,200,7,95,11
IQ:25,208,255,36,-84
IQ:26,216,6,-26,-35
IQ:27,224,255,-10,53
IQ:28,232,5,110,43
IQ:29,240,255,56,-96
IQ:30,248,12,-53,-60
IQ:31,256,255,-49,66
IQ:32,264,1,77,73
IQ:33,272,255,78,-65
IQ:34,280,2,-42,-78
IQ:35,288,255,-8,51
SW:2
RR:3
SS:3
FR:2480
ME:13
MA:139
KE:17
KA:141
DF_END

Data arrived...
DF_BEGIN
IQ:0,0,11,-45,-148
IQ:1,8,11,-148,53
IQ:2,16,11,67,136
IQ:3,24,11,112,-100
IQ:4,32,11,-115,-107
IQ:5,40,11,-97,112
IQ:6,48,11,130,88
IQ:7,56,11,80,-133
IQ:8,72,12,-49,67
IQ:9,80,255,81,41
IQ:10,88,1,70,-76
IQ:11,96,255,-71,-64
IQ:12,104,2,-63,51
IQ:13,112,255,32,16
IQ:14,120,10,-56,-162
IQ:15,128,255,-153,17
IQ:16,136,3,-7,100
IQ:17,144,255,19,-8
IQ:18,152,9,-185,10
IQ:19,160,255,-46,174
IQ:20,168,4,93,126
IQ:21,176,255,90,-24
IQ:22,184,8,-66,104
IQ:23,192,255,64,89
IQ:24,200,7,79,-40
IQ:25,208,255,-26,-87
IQ:26,216,6,-50,-14
IQ:27,224,255,15,45
IQ:28,232,5,106,-39
IQ:29,240,255,-27,-113
IQ:30,248,12,-86,-20
IQ:31,256,255,-5,83
IQ:32,264,1,101,17
IQ:33,272,255,19,-96
IQ:34,280,2,-78,-35
IQ:35,288,255,9,38
SW:2
RR:3
SS:3
FR:2480
ME:13
MA:131
KE:16
KA:140
DF_END

Data arrived...
DF_BEGIN
IQ:0,0,11,-160,-59
IQ:1,8,11,-50,158
IQ:2,16,11,171,15
IQ:3,24,11,9,-176
IQ:4,32,11,-166,3
IQ:5,40,11,30,174
IQ:6,48,11,174,-46
IQ:7,56,11,-58,-159
IQ:8,72,12,35,206
IQ:9,80,255,200,-29
IQ:10,88,1,-79,-246
IQ:11,96,255,-251,85
IQ:12,104,2,60,312
IQ:13,112,255,229,24
IQ:14,120,10,-146,25
IQ:15,128,255,-22,177
IQ:16,136,3,212,88
IQ:17,144,255,127,-88
IQ:18,152,9,28,91
IQ:19,160,255,116,76
IQ:20,168,4,238,-54
IQ:21,176,255,62,-194
IQ:22,184,8,31,31
IQ:23,192,255,42,11
IQ:24,200,7,-22,-53
IQ:25,208,255,-74,-58
IQ:26,216,6,-113,-49
IQ:27,224,255,-1,53
IQ:28,232,5,94,-174
IQ:29,240,255,-174,-132
IQ:30,248,12,-178,121
IQ:31,256,255,126,134
IQ:32,264,1,165,-206
IQ:33,272,255,-201,-184
IQ:34,280,2,-262,182
IQ:35,288,255,116,205
SW:2
RR:3
SS:3
FR:2426
ME:13
MA:136
KE:16
KA:139
DF_END

Data arrived...
DF_BEGIN
IQ:0,0,11,-15,225
IQ:1,8,11,220,-4
IQ:2,16,11,-27,-208
IQ:3,24,11,-220,52
IQ:4,32,11,84,199
IQ:5,40,11,209,-97
IQ:6,48,11,-101,-194
IQ:7,56,11,-169,137
IQ:8,72,12,267,-42
IQ:9,80,255,-49,-255
IQ:10,88,1,-276,79
IQ:11,96,255,116,263
IQ:12,104,2,404,-151
IQ:13,112,255,-6,-321
IQ:14,120,10,101,118
IQ:15,128,255,214,-52
IQ:16,136,3,79,-385
IQ:17,144,255,-208,-202
IQ:18,152,9,31,-110
IQ:19,160,255,-14,-154
IQ:20,168,4,-190,-304
IQ:21,176,255,-316,-40
IQ:22,184,8,-156,-20
IQ:23,192,255,-26,106
IQ:24,200,7,-25,120
IQ:25,208,255,-4,105
IQ:26,216,6,-36,168
IQ:27,224,255,80,25
IQ:28,232,5,-172,-40
IQ:29,240,255,-104,199
IQ:30,248,12,162,216
IQ:31,256,255,189,-152
IQ:32,264,1,-217,-194
IQ:33,272,255,-180,215
IQ:34,280,2,340,286
IQ:35,288,255,242,-184
SW:2
RR:3
SS:3
FR:2402
ME:24
MA:142
KE:17
KA:139
DF_END

Data arrived...
DF_BEGIN
IQ:0,0,11,-153,46
IQ:1,8,11,65,139
IQ:2,16,11,138,-72
IQ:3,24,11,-85,-124
IQ:4,32,11,-121,101
IQ:5,40,11,113,108
IQ:6,48,11,96,-124
IQ:7,56,11,-126,-92
IQ:8,72,12,63,54
IQ:9,80,255,43,-75
IQ:10,88,1,-81,-74
IQ:11,96,255,-65,69
IQ:12,104,2,59,76
IQ:13,112,255,19,-30
IQ:14,120,10,-167,59
IQ:15,128,255,7,146
IQ:16,136,3,101,13
IQ:17,144,255,-8,-20
IQ:18,152,9,-24,182
IQ:19,160,255,175,79
IQ:20,168,4,132,-82
IQ:21,176,255,-14,-88
IQ:22,184,8,93,86
IQ:23,192,255,98,-62
IQ:24,200,7,-37,-78
IQ:25,208,255,-90,23
IQ:26,216,6,-16,43
IQ:27,224,255,54,-11
IQ:28,232,5,-19,-109
IQ:29,240,255,-117,18
IQ:30,248,12,-16,83
IQ:31,256,255,87,-1
IQ:32,264,1,23,-102
IQ:33,272,255,-99,-28
IQ:34,280,2,-43,73
IQ:35,288,255,37,-14
SW:2
RR:3
SS:3
FR:2480
ME:10
MA:136
KE:16
KA:139
DF_END

Data arrived...
DF_BEGIN
IQ:0,0,11,-144,-83
IQ:1,8,11,-51,143
IQ:2,16,11,166,13
IQ:3,24,11,17,-168
IQ:4,32,11,-167,-3
IQ:5,40,11,9,167
IQ:6,48,11,164,-14
IQ:7,56,11,-32,-170
IQ:8,72,12,-1,208
IQ:9,80,255,188,-11
IQ:10,88,1,-67,-249
IQ:11,96,255,-265,58
IQ:12,104,2,-2,318
IQ:13,112,255,223,53
IQ:14,120,10,-155,-4
IQ:15,128,255,-70,171
IQ:16,136,3,186,123
IQ:17,144,255,142,-80
IQ:18,152,9,22,96
IQ:19,160,255,116,88
IQ:20,168,4,237,-19
IQ:21,176,255,79,-186
IQ:22,184,8,24,29
IQ:23,192,255,25,21
IQ:24,200,7,-14,-50
IQ:25,208,255,-63,-67
IQ:26,216,6,-115,-55
IQ:27,224,255,-4,54
IQ:28,232,5,96,-175
IQ:29,240,255,-156,-159
IQ:30,248,12,-188,92
IQ:31,256,255,93,171
IQ:32,264,1,201,-156
IQ:33,272,255,-164,-207
IQ:34,280,2,-284,148
IQ:35,288,255,68,215
SW:2
RR:3
SS:3
FR:2426
ME:16
MA:142
KE:16
KA:139
DF_END

Data arrived...
DF_BEGIN
IQ:0,0,11,191,122
IQ:1,8,11,97,-204
IQ:2,16,11,-197,-101
IQ:3,24,11,-68,202
IQ:4,32,11,220,71
IQ:5,40,11,33,-220
IQ:6,48,11,-230,-23
IQ:7,56,11,10,220
IQ:8,72,12,120,-231
IQ:9,80,255,-229,-93
IQ:10,88,1,-63,281
IQ:11,96,255,288,48
IQ:12,104,2,75,-430
IQ:13,112,255,-283,-160
IQ:14,120,10,158,-9
IQ:15,128,255,78,-217
IQ:16,136,3,-293,-260
IQ:17,144,255,-280,76
IQ:18,152,9,-71,-91
IQ:19,160,255,-136,-64
IQ:20,168,4,-352,16
IQ:21,176,255,-175,273
IQ:22,184,8,-99,116
IQ:23,192,255,61,85
IQ:24,200,7,90,93
IQ:25,208,255,86,46
IQ:26,216,6,116,123
IQ:27,224,255,60,-54
IQ:28,232,5,-114,125
IQ:29,240,255,122,200
IQ:30,248,12,277,-39
IQ:31,256,255,-20,-251
IQ:32,264,1,-281,52
IQ:33,272,255,87,272
IQ:34,280,2,402,-130
IQ:35,288,255,-63,-301
SW:2
RR:3
SS:3
FR:2402
ME:24
MA:150
KE:16
KA:140
DF_END

Data arrived...
DF_BEGIN
IQ:0,0,11,129,-49
IQ:1,8,11,-58,-135
IQ:2,16,11,-138,39
IQ:3,24,11,65,125
IQ:4,32,11,117,-86
IQ:5,40,11,-97,-110
IQ:6,48,11,-110,100
IQ:7,56,11,104,93
IQ:8,72,12,-97,-153
IQ:9,80,255,-139,81
IQ:10,88,1,91,166
IQ:11,96,255,150,-113
IQ:12,104,2,-170,-212
IQ:13,112,255,-195,61
IQ:14,120,10,57,-86
IQ:15,128,255,-85,-118
IQ:16,136,3,-257,35
IQ:17,144,255,-93,163
IQ:18,152,9,-78,-5
IQ:19,160,255,-86,38
IQ:20,168,4,-155,168
IQ:21,176,255,51,193
IQ:22,184,8,16,102
IQ:23,192,255,75,-1
IQ:24,200,7,86,-4
IQ:25,208,255,55,-23
IQ:26,216,6,113,-3
IQ:27,224,255,2,-53
IQ:28,232,5,13,110
IQ:29,240,255,145,15
IQ:30,248,12,101,-146
IQ:31,256,255,-131,-99
IQ:32,264,1,-94,162
IQ:33,272,255,172,70
IQ:34,280,2,94,-265
IQ:35,288,255,-178,-97
SW:2
RR:3
SS:3
FR:2402
ME:24
MA:147
KE:17
KA:141
DF_END

Data arrived...
DF_BEGIN
IQ:0,0,11,159,-31
IQ:1,8,11,-44,-148
IQ:2,16,11,-140,64
IQ:3,24,11,70,148
IQ:4,32,11,133,-83
IQ:5,40,11,-87,-125
IQ:6,48,11,-112,110
IQ:7,56,11,124,98
IQ:8,72,12,-57,-57
IQ:9,80,255,-49,77
IQ:10,88,1,66,88
IQ:11,96,255,79,-59
IQ:12,104,2,-47,-67
IQ:13,112,255,-22,33
IQ:14,120,10,174,-35
IQ:15,128,255,19,-153
IQ:16,136,3,-102,-25
IQ:17,144,255,5,31
IQ:18,152,9,31,-180
IQ:19,160,255,-167,-92
IQ:20,168,4,-142,55
IQ:21,176,255,8,91
IQ:22,184,8,-93,-82
IQ:23,192,255,-101,57
IQ:24,200,7,27,88
IQ:25,208,255,91,1
IQ:26,216,6,17,-47
IQ:27,224,255,-55,13
IQ:28,232,5,17,116
IQ:29,240,255,112,5
IQ:30,248,12,34,-78
IQ:31,256,255,-81,-20
IQ:32,264,1,-29,93
IQ:33,272,255,91,30
IQ:34,280,2,49,-74
IQ:35,288,255,-46,6
SW:2
RR:3
SS:3
FR:2480
ME:13
MA:139
KE:17
KA:141
DF_END

Data arrived...
DF_BEGIN
IQ:0,0,11,-68,158
IQ:1,8,11,162,61
IQ:2,16,11,35,-172
IQ:3,24,11,-171,-34
IQ:4,32,11,-15,176
IQ:5,40,11,172,1
IQ:6,48,11,-19,-169
IQ:7,56,11,-162,45
IQ:8,72,12,211,-28
IQ:9,80,255,-34,-195
IQ:10,88,1,-246,80
IQ:11,96,255,63,265
IQ:12,104,2,327,-7
IQ:13,112,255,56,-224
IQ:14,120,10,-2,158
IQ:15,128,255,180,68
IQ:16,136,3,129,-190
IQ:17,144,255,-80,-130
IQ:18,152,9,96,-9
IQ:19,160,255,95,-111
IQ:20,168,4,-29,-226
IQ:21,176,255,-191,-64
IQ:22,184,8,33,-19
IQ:23,192,255,33,-27
IQ:24,200,7,-54,15
IQ:25,208,255,-66,74
IQ:26,216,6,-42,125
IQ:27,224,255,54,0
IQ:28,232,5,-171,-95
IQ:29,240,255,-155,164
IQ:30,248,12,98,188
IQ:31,256,255,164,-104
IQ:32,264,1,-174,-188
IQ:33,272,255,-215,172
IQ:34,280,2,146,290
IQ:35,288,255,211,-86
SW:2
RR:3
SS:3
FR:2426
ME:13
MA:139
KE:16
KA:140
DF_END

Data arrived...
DF_BEGIN
IQ:0,0,11,80,-168
IQ:1,8,11,-174,-74
IQ:2,16,11,-50,175
IQ:3,24,11,181,36
IQ:4,32,11,24,-181
IQ:5,40,11,-197,1
IQ:6,48,11,18,191
IQ:7,56,11,179,-24
IQ:8,72,12,-219,-61
IQ:9,80,255,-71,206
IQ:10,88,1,230,48
IQ:11,96,255,25,-245
IQ:12,104,2,-362,-26
IQ:13,112,255,-98,248
IQ:14,120,10,-23,-129
IQ:15,128,255,-180,-46
IQ:16,136,3,-201,257
IQ:17,144,255,80,223
IQ:18,152,9,-69,79
IQ:19,160,255,-56,107
IQ:20,168,4,24,288
IQ:21,176,255,239,123
IQ:22,184,8,114,67
IQ:23,192,255,62,-71
IQ:24,200,7,59,-83
IQ:25,208,255,32,-66
IQ:26,216,6,91,-112
IQ:27,224,255,-46,-51
IQ:28,232,5,104,83
IQ:29,240,255,136,-112
IQ:30,248,12,-64,-227
IQ:31,256,255,-216,41
IQ:32,264,1,55,240
IQ:33,272,255,211,-95
IQ:34,280,2,-159,-335
IQ:35,288,255,-248,55
SW:2
RR:3
SS:3
FR:2402
ME:24
MA:147
KE:17
KA:141
DF_END

Data arrived...
DF_BEGIN
IQ:0,0,11,-141,-59
IQ:1,8,11,-50,144
IQ:2,16,11,150,21
IQ:3,24,11,-3,-153
IQ:4,32,11,-149,21
IQ:5,40,11,36,154
IQ:6,48,11,149,-36
IQ:7,56,11,-62,-140
IQ:8,72,12,21,73
IQ:9,80,255,81,-31
IQ:10,88,1,-3,-103
IQ:11,96,255,-98,7
IQ:12,104,2,-3,84
IQ:13,112,255,23,-13
IQ:14,120,10,-168,-59
IQ:15,128,255,-76,125
IQ:16,136,3,68,75
IQ:17,144,255,7,-29
IQ:18,152,9,-112,147
IQ:19,160,255,96,163
IQ:20,168,4,152,16
IQ:21,176,255,38,-82
IQ:22,184,8,35,112
IQ:23,192,255,108,-5
IQ:24,200,7,11,-91
IQ:25,208,255,-85,-42
IQ:26,216,6,-40,28
IQ:27,224,255,49,17
IQ:28,232,5,48,-101
IQ:29,240,255,-95,-51
IQ:30,248,12,-68,52
IQ:31,256,255,59,55
IQ:32,264,1,78,-71
IQ:33,272,255,-60,-76
IQ:34,280,2,-70,33
IQ:35,288,255,38,22
SW:2
RR:3
SS:3
FR:2480
ME:13
MA:128
KE:17
KA:140
DF_END

Data arrived...
DF_BEGIN
IQ:0,0,11,-62,-140
IQ:1,8,11,-134,78
IQ:2,16,11,90,125
IQ:3,24,11,123,-103
IQ:4,32,11,-112,-110
IQ:5,40,11,-90,111
IQ:6,48,11,133,76
IQ:7,56,11,65,-142
IQ:8,72,12,-49,58
IQ:9,80,255,74,36
IQ:10,88,1,60,-82
IQ:11,96,255,-77,-63
IQ:12,104,2,-68,58
IQ:13,112,255,32,5
IQ:14,120,10,-89,-154
IQ:15,128,255,-149,29
IQ:16,136,3,-7,98
IQ:17,144,255,22,-15
IQ:18,152,9,-185,7
IQ:19,160,255,-70,168
IQ:20,168,4,84,125
IQ:21,176,255,84,-29
IQ:22,184,8,-49,107
IQ:23,192,255,78,73
IQ:24,200,7,74,-55
IQ:25,208,255,-32,-95
IQ:26,216,6,-42,-11
IQ:27,224,255,23,41
IQ:28,232,5,100,-43
IQ:29,240,255,-22,-117
IQ:30,248,12,-84,-9
IQ:31,256,255,8,77
IQ:32,264,1,99,3
IQ:33,272,255,10,-103
IQ:34,280,2,-80,-46
IQ:35,288,255,12,30
SW:2
RR:3
SS:3
FR:2480
ME:13
MA:136
KE:16
KA:139
DF_END

Data arrived...
DF_BEGIN
IQ:0,0,11,-9,-169
IQ:1,8,11,-171,30
IQ:2,16,11,49,166
IQ:3,24,11,156,-57
IQ:4,32,11,-79,-144
IQ:5,40,11,-139,93
IQ:6,48,11,100,136
IQ:7,56,11,118,-117
IQ:8,72,12,-177,108
IQ:9,80,255,120,160
IQ:10,88,1,170,-191
IQ:11,96,255,-178,-207
IQ:12,104,2,-282,138
IQ:13,112,255,62,214
IQ:14,120,10,-77,-128
IQ:15,128,255,-181,40
IQ:16,136,3,-17,225
IQ:17,144,255,131,67
IQ:18,152,9,-77,70
IQ:19,160,255,-25,143
IQ:20,168,4,132,195
IQ:21,176,255,200,-41
IQ:22,184,8,-4,42
IQ:23,192,255,-3,43
IQ:24,200,7,41,-42
IQ:25,208,255,20,-88
IQ:26,216,6,-18,-133
IQ:27,224,255,-44,22
IQ:28,232,5,189,-18
IQ:29,240,255,30,-219
IQ:30,248,12,-174,-121
IQ:31,256,255,-75,182
IQ:32,264,1,254,67
IQ:33,272,255,96,-251
IQ:34,280,2,-270,-148
IQ:35,288,255,-126,190
SW:2
RR:3
SS:3
FR:2426
ME:16
MA:136
KE:16
KA:139
DF_END

Data arrived...
DF_BEGIN
IQ:0,0,11,-75,-175
IQ:1,8,11,-163,89
IQ:2,16,11,106,150
IQ:3,24,11,154,-117
IQ:4,32,11,-121,-143
IQ:5,40,11,-117,132
IQ:6,48,11,151,90
IQ:7,56,11,83,-167
IQ:8,72,12,-187,121
IQ:9,80,255,135,153
IQ:10,88,1,177,-175
IQ:11,96,255,-178,-168
IQ:12,104,2,-263,247
IQ:13,112,255,122,230
IQ:14,120,10,-122,-68
IQ:15,128,255,-144,115
IQ:16,136,3,84,321
IQ:17,144,255,220,77
IQ:18,152,9,1,101
IQ:19,160,255,44,120
IQ:20,168,4,243,166
IQ:21,176,255,246,-106
IQ:22,184,8,131,-41
IQ:23,192,255,-12,-91
IQ:24,200,7,-18,-104
IQ:25,208,255,-36,-77
IQ:26,216,6,-20,-151
IQ:27,224,255,-62,12
IQ:28,232,5,137,-26
IQ:29,240,255,9,-180
IQ:30,248,12,-198,-98
IQ:31,256,255,-94,179
IQ:32,264,1,226,90
IQ:33,272,255,67,-230
IQ:34,280,2,-346,-86
IQ:35,288,255,-103,239
SW:2
RR:3
SS:3
FR:2402
ME:24
MA:147
KE:17
KA:140
DF_END

Data arrived...
DF_BEGIN
IQ:0,0,11,38,-219
IQ:1,8,11,-226,-18
IQ:2,16,11,-4,220
IQ:3,24,11,230,-8
IQ:4,32,11,-37,-223
IQ:5,40,11,-213,42
IQ:6,48,11,72,207
IQ:7,56,11,213,-76
IQ:8,72,12,-261,14
IQ:9,80,255,9,254
IQ:10,88,1,288,-44
IQ:11,96,255,-63,-279
IQ:12,104,2,-436,67
IQ:13,112,255,-65,299
IQ:14,120,10,-79,-150
IQ:15,128,255,-232,14
IQ:16,136,3,-112,364
IQ:17,144,255,166,218
IQ:18,152,9,-70,95
IQ:19,160,255,-19,145
IQ:20,168,4,107,316
IQ:21,176,255,318,59
IQ:22,184,8,140,49
IQ:23,192,255,43,-100
IQ:24,200,7,67,-113
IQ:25,208,255,21,-117
IQ:26,216,6,69,-151
IQ:27,224,255,-70,-41
IQ:28,232,5,154,61
IQ:29,240,255,133,-174
IQ:30,248,12,-135,-239
IQ:31,256,255,-229,102
IQ:32,264,1,148,235
IQ:33,272,255,213,-164
IQ:34,280,2,-297,-317
IQ:35,288,255,-246,184
SW:2
RR:3
SS:3
FR:2402
ME:24
MA:147
KE:18
KA:140
DF_END

Data arrived...
DF_BEGIN
IQ:0,0,11,-95,118
IQ:1,8,11,136,80
IQ:2,16,11,74,-141
IQ:3,24,11,-137,-59
IQ:4,32,11,-34,146
IQ:5,40,11,154,19
IQ:6,48,11,18,-166
IQ:7,56,11,-152,-10
IQ:8,72,12,84,7
IQ:9,80,255,-2,-90
IQ:10,88,1,-101,-23
IQ:11,96,255,-14,90
IQ:12,104,2,94,33
IQ:13,112,255,0,-36
IQ:14,120,10,-104,130
IQ:15,128,255,85,118
IQ:16,136,3,100,-55
IQ:17,144,255,-17,-14
IQ:18,152,9,111,145
IQ:19,160,255,190,-43
IQ:20,168,4,64,-149
IQ:21,176,255,-58,-64
IQ:22,184,8,133,-7
IQ:23,192,255,38,-107
IQ:24,200,7,-77,-49
IQ:25,208,255,-64,63
IQ:26,216,6,18,43
IQ:27,224,255,34,-48
IQ:28,232,5,-81,-77
IQ:29,240,255,-88,66
IQ:30,248,12,28,81
IQ:31,256,255,80,-39
IQ:32,264,1,-40,-101
IQ:33,272,255,-93,22
IQ:34,280,2,17,82
IQ:35,288,255,36,-37
SW:2
RR:3
SS:3
FR:2480
ME:13
MA:139
KE:17
KA:140
DF_END

Data arrived...