IQ:3,24,11,-129,96
IQ:4,32,11,120,103
IQ:5,40,11,109,-126
IQ:6,48,11,-118,-97
IQ:7,56,11,-89,137
IQ:8,72,12,-53,-24
IQ:9,80,255,-51,-4
IQ:10,88,1,-4,-67
IQ:11,96,255,10,10
IQ:12,104,2,145,28
IQ:13,112,255,45,-57
IQ:14,120,10,71,111
IQ:15,128,255,173,-47
IQ:16,136,3,170,-166
IQ:17,144,255,-28,-111
IQ:18,152,9,162,-5
IQ:19,160,255,128,-196
IQ:20,168,4,15,-363
IQ:21,176,255,-217,-137
IQ:22,184,8,18,-104
IQ:23,192,255,8,-93
IQ:24,200,7,186,-177
IQ:25,208,255,-46,-134
IQ:26,216,6,71,69
IQ:27,224,255,29,-113
IQ:28,232,5,-212,-94
IQ:29,240,255,-123,128
IQ:30,248,12,-10,-62
IQ:31,256,255,-22,-61
IQ:32,264,1,48,-46
IQ:33,272,255,-7,18
IQ:34,280,2,53,147
IQ:35,288,255,53,5
SW:2
RR:3
SS:3
FR:2426
ME:41
MA:245
KE:31
KA:226
DF_END

Data arrived...
DF_BEGIN
IQ:0,0,11,-173,91
IQ:1,8,11,109,150
IQ:2,16,11,143,-125
IQ:3,24,11,-137,-126
IQ:4,32,11,-125,155
IQ:5,40,11,156,100
IQ:6,48,11,78,-173
IQ:7,56,11,-177,-63
IQ:8,72,12,114,-44
IQ:9,80,255,9,-145
IQ:10,88,1,-20,-34
IQ:11,96,255,-18,85
IQ:12,104,2,80,163
IQ:13,112,255,68,-41
IQ:14,120,10,-134,82
IQ:15,128,255,83,176
IQ:16,136,3,265,16
IQ:17,144,255,48,-171
IQ:18,152,9,-35,55
IQ:19,160,255,180,69
IQ:20,168,4,348,-156
IQ:21,176,255,-41,-267
IQ:22,184,8,-27,75
IQ:23,192,255,127,44
IQ:24,200,7,154,-67
IQ:25,208,255,-68,-91
IQ:26,216,6,-46,135
IQ:27,224,255,186,-14
IQ:28,232,5,55,-312
IQ:29,240,255,-206,-83
IQ:30,248,12,95,80
IQ:31,256,255,132,-56
IQ:32,264,1,22,-25
IQ:33,272,255,-84,30
IQ:34,280,2,-108,133
IQ:35,288,255,57,31
SW:2
RR:3
SS:3
FR:2402
ME:10
MA:97
KE:29
KA:216
DF_END

Data arrived...
DF_BEGIN
IQ:0,0,11,-6,168
IQ:1,8,11,165,-11
IQ:2,16,11,-24,-159
IQ:3,24,11,-161,53
IQ:4,32,11,64,158
IQ:5,40,11,151,-66
IQ:6,48,11,-80,-134
IQ:7,56,11,-133,107
IQ:8,72,12,17,-132
IQ:9,80,255,-92,-38
IQ:10,88,1,50,64
IQ:11,96,255,65,3
IQ:12,104,2,-5,35
IQ:13,112,255,-2,73
IQ:14,120,10,54,189
IQ:15,128,255,169,34
IQ:16,136,3,68,-3
IQ:17,144,255,15,24
IQ:18,152,9,147,93
IQ:19,160,255,150,-78
IQ:20,168,4,92,-52
IQ:21,176,255,3,-57
IQ:22,184,8,118,-48
IQ:23,192,255,17,-88
IQ:24,200,7,24,27
IQ:25,208,255,27,32
IQ:26,216,6,44,52
IQ:27,224,255,50,-77
IQ:28,232,5,-76,-123
IQ:29,240,255,-65,36
IQ:30,248,12,126,-47
IQ:31,256,255,-8,-97
IQ:32,264,1,-27,75
IQ:33,272,255,42,54
IQ:34,280,2,-40,15
IQ:35,288,255,-70,12
SW:2
RR:3
SS:3
FR:2480
ME:41
MA:237
KE:30
KA:219
DF_END

Data arrived...
DF_BEGIN
IQ:0,0,11,154,-53
IQ:1,8,11,-64,-151
IQ:2,16,11,-144,73
IQ:3,24,11,101,130
IQ:4,32,11,123,-108
IQ:5,40,11,-110,-109
IQ:6,48,11,-102,121
IQ:7,56,11,131,98
IQ:8,72,12,-36,65
IQ:9,80,255,3,53
IQ:10,88,1,-74,-3
IQ:11,96,255,6,-11
IQ:12,104,2,42,-151
IQ:13,112,255,-51,-61
IQ:14,120,10,116,-69
IQ:15,128,255,-7,-186
IQ:16,136,3,-138,-202
IQ:17,144,255,-115,9
IQ:18,152,9,13,-164
IQ:19,160,255,-173,-176
IQ:20,168,4,-346,-97
IQ:21,176,255,-153,195
IQ:22,184,8,-107,-43
IQ:23,192,255,-87,-24
IQ:24,200,7,-133,-203
IQ:25,208,255,-132,27
IQ:26,216,6,73,-69
IQ:27,224,255,-108,-45
IQ:28,232,5,-110,213
IQ:29,240,255,106,136
IQ:30,248,12,-69,-7
IQ:31,256,255,-60,25
IQ:32,264,1,-28,-66
IQ:33,272,255,6,-3
IQ:34,280,2,145,-35
IQ:35,288,255,9,-61
SW:2
RR:3
SS:3
FR:2426
ME:41
MA:245
KE:31
KA:223
DF_END

Data arrived...
DF_BEGIN
IQ:0,0,11,-7,200
IQ:1,8,11,190,-16
IQ:2,16,11,-46,-191
IQ:3,24,11,-187,50
IQ:4,32,11,71,180
IQ:5,40,11,170,-71
IQ:6,48,11,-103,-164
IQ:7,56,11,-164,102
IQ:8,72,12,33,-126
IQ:9,80,255,-106,-97
IQ:10,88,1,-42,-8
IQ:11,96,255,66,54
IQ:12,104,2,175,19
IQ:13,112,255,6,-75
IQ:14,120,10,-3,156
IQ:15,128,255,200,31
IQ:16,136,3,174,-208
IQ:17,144,255,-119,-140
IQ:18,152,9,25,62
IQ:19,160,255,165,-94
IQ:20,168,4,52,-390
IQ:21,176,255,-259,-105
IQ:22,184,8,44,62
IQ:23,192,255,110,-90
IQ:24,200,7,11,-159
IQ:25,208,255,-106,3
IQ:26,216,6,101,116
IQ:27,224,255,105,-170
IQ:28,232,5,-230,-231
IQ:29,240,255,-188,126
IQ:30,248,12,127,-39
IQ:31,256,255,19,-148
IQ:32,264,1,-9,-35
IQ:33,272,255,-25,79
IQ:34,280,2,71,174
IQ:35,288,255,58,-43
SW:2
RR:3
SS:3
FR:2402
ME:7
MA:103
KE:29
KA:212
DF_END

Data arrived...
DF_BEGIN
IQ:0,0,11,160,26
IQ:1,8,11,16,-158
IQ:2,16,11,-156,5
IQ:3,24,11,26,148
IQ:4,32,11,147,-57
IQ:5,40,11,-53,-154
IQ:6,48,11,-139,74
IQ:7,56,11,89,134
IQ:8,72,12,-123,-18
IQ:9,80,255,-36,81
IQ:10,88,1,60,-53
IQ:11,96,255,-5,-69
IQ:12,104,2,42,8
IQ:13,112,255,67,6
IQ:14,120,10,188,-36
IQ:15,128,255,47,-171
IQ:16,136,3,-4,-66
IQ:17,144,255,22,-29
IQ:18,152,9,87,-161
IQ:19,160,255,-64,-156
IQ:20,168,4,-44,-97
IQ:21,176,255,-59,-17
IQ:22,184,8,-39,-121
IQ:23,192,255,-83,-28
IQ:24,200,7,37,-35
IQ:25,208,255,25,-34
IQ:26,216,6,49,-37
IQ:27,224,255,-70,-58
IQ:28,232,5,-121,57
IQ:29,240,255,29,62
IQ:30,248,12,-57,-124
IQ:31,256,255,-84,3
IQ:32,264,1,75,17
IQ:33,272,255,56,-40
IQ:34,280,2,16,31
IQ:35,288,255,7,65
SW:2
RR:3
SS:3
FR:2480
ME:38
MA:237
KE:29
KA:216
DF_END

Data arrived...
DF_BEGIN
IQ:0,0,11,-141,77
IQ:1,8,11,87,132
IQ:2,16,11,121,-112
IQ:3,24,11,-115,-121
IQ:4,32,11,-101,126
IQ:5,40,11,143,91
IQ:6,48,11,78,-141
IQ:7,56,11,-153,-66
IQ:8,72,12,21,-52
IQ:9,80,255,9,-67
IQ:10,88,1,57,-35
IQ:11,96,255,-19,19
IQ:12,104,2,1,149
IQ:13,112,255,68,15
IQ:14,120,10,-96,95
IQ:15,128,255,71,177
IQ:16,136,3,199,138
IQ:17,144,255,107,-54
IQ:18,152,9,32,150
IQ:19,160,255,207,109
IQ:20,168,4,358,-40
IQ:21,176,255,65,-251
IQ:22,184,8,104,3
IQ:23,192,255,98,8
IQ:24,200,7,202,145
IQ:25,208,255,113,-87
IQ:26,216,6,-55,83
IQ:27,224,255,115,8
IQ:28,232,5,21,-241
IQ:29,240,255,-162,-94
IQ:30,248,12,56,-11
IQ:31,256,255,58,-33
IQ:32,264,1,52,36
IQ:33,272,255,-22,-1
IQ:34,280,2,-142,85
IQ:35,288,255,8,52
SW:2
RR:3
SS:3
FR:2426
ME:41
MA:245
KE:30
KA:220
DF_END

Data arrived...
DF_BEGIN
IQ:0,0,11,144,-97
IQ:1,8,11,-114,-139
IQ:2,16,11,-127,133
IQ:3,24,11,156,101
IQ:4,32,11,98,-155
IQ:5,40,11,-163,-89
IQ:6,48,11,-77,173
IQ:7,56,11,167,53
IQ:8,72,12,-119,63
IQ:9,80,255,7,139
IQ:10,88,1,11,23
IQ:11,96,255,-3,-83
IQ:12,104,2,-70,-145
IQ:13,112,255,-53,39
IQ:14,120,10,112,-89
IQ:15,128,255,-102,-157
IQ:16,136,3,-255,-21
IQ:17,144,255,-41,158
IQ:18,152,9,24,-69
IQ:19,160,255,-179,-56
IQ:20,168,4,-299,206
IQ:21,176,255,72,264
IQ:22,184,8,21,-71
IQ:23,192,255,-125,-27
IQ:24,200,7,-125,69
IQ:25,208,255,72,67
IQ:26,216,6,24,-144
IQ:27,224,255,-185,26
IQ:28,232,5,-38,307
IQ:29,240,255,215,55
IQ:30,248,12,-112,-75
IQ:31,256,255,-120,77
IQ:32,264,1,-14,24
IQ:33,272,255,68,-45
IQ:34,280,2,90,-140
IQ:35,288,255,-56,-25
SW:2
RR:3
SS:3
FR:2402
ME:7
MA:103
KE:28
KA:208
DF_END

Data arrived...
DF_BEGIN
IQ:0,0,11,-114,145
IQ:1,8,11,155,105
IQ:2,16,11,87,-164
IQ:3,24,11,-171,-79
IQ:4,32,11,-59,179
IQ:5,40,11,176,51
IQ:6,48,11,33,-185
IQ:7,56,11,-181,-31
IQ:8,72,12,91,-94
IQ:9,80,255,-40,-133
IQ:10,88,1,-25,-25
IQ:11,96,255,8,81
IQ:12,104,2,107,133
IQ:13,112,255,47,-52
IQ:14,120,10,-89,111
IQ:15,128,255,142,130
IQ:16,136,3,249,-66
IQ:17,144,255,-17,-176
IQ:18,152,9,-5,63
IQ:19,160,255,185,4
IQ:20,168,4,286,-257
IQ:21,176,255,-106,-237
IQ:22,184,8,3,64
IQ:23,192,255,134,-8
IQ:24,200,7,129,-111
IQ:25,208,255,-91,-69
IQ:26,216,6,-11,137
IQ:27,224,255,169,-60
IQ:28,232,5,-53,-299
IQ:29,240,255,-209,3
IQ:30,248,12,124,32
IQ:31,256,255,103,-96
IQ:32,264,1,19,-37
IQ:33,272,255,-50,53
IQ:34,280,2,-44,159
IQ:35,288,255,67,15
SW:2
RR:3
SS:3
FR:2402
ME:7
MA:103
KE:26
KA:193
DF_END

Data arrived...
DF_BEGIN
IQ:0,0,11,47,151
IQ:1,8,11,142,-68
IQ:2,16,11,-74,-144
IQ:3,24,11,-134,89
IQ:4,32,11,103,113
IQ:5,40,11,106,-115
IQ:6,48,11,-132,-93
IQ:7,56,11,-85,142
IQ:8,72,12,-31,-124
IQ:9,80,255,-96,-10
IQ:10,88,1,65,31
IQ:11,96,255,55,-32
IQ:12,104,2,7,42
IQ:13,112,255,22,62
IQ:14,120,10,112,160
IQ:15,128,255,163,-26
IQ:16,136,3,62,-25
IQ:17,144,255,30,11
IQ:18,152,9,178,29
IQ:19,160,255,105,-129
IQ:20,168,4,70,-77
IQ:21,176,255,-16,-50
IQ:22,184,8,84,-93
IQ:23,192,255,-14,-94
IQ:24,200,7,38,18
IQ:25,208,255,35,14
IQ:26,216,6,56,27
IQ:27,224,255,23,-90
IQ:28,232,5,-107,-98
IQ:29,240,255,-63,42
IQ:30,248,12,86,-98
IQ:31,256,255,-43,-84
IQ:32,264,1,16,72
IQ:33,272,255,58,31
IQ:34,280,2,-29,26
IQ:35,288,255,-61,27
SW:2
RR:3
SS:3
FR:2480
ME:38
MA:237
KE:27
KA:201
DF_END

Data arrived...
DF_BEGIN
IQ:0,0,11,3,167
IQ:1,8,11,183,-8
IQ:2,16,11,-7,-169
IQ:3,24,11,-139,-6
IQ:4,32,11,18,96
IQ:5,40,11,132,-47
IQ:6,48,11,-78,-171
IQ:7,56,11,-199,12
IQ:8,72,12,-21,-83
IQ:9,80,255,-66,-23
IQ:10,88,1,51,-86
IQ:11,96,255,54,-38
IQ:12,104,2,214,89
IQ:13,112,255,6,-107
IQ:14,120,10,11,93
IQ:15,128,255,185,11
IQ:16,136,3,219,-119
IQ:17,144,255,30,-87
IQ:18,152,9,177,47
IQ:19,160,255,229,-93
IQ:20,168,4,228,-298
IQ:21,176,255,-173,-223
IQ:22,184,8,93,-73
IQ:23,192,255,48,-121
IQ:24,200,7,232,-127
IQ:25,208,255,-7,-155
IQ:26,216,6,-25,82
IQ:27,224,255,106,-157
IQ:28,232,5,-197,-179
IQ:29,240,255,-114,83
IQ:30,248,12,-26,-82
IQ:31,256,255,23,-50
IQ:32,264,1,80,-31
IQ:33,272,255,-2,-5
IQ:34,280,2,-11,172
IQ:35,288,255,76,6
SW:2
RR:3
SS:3
FR:2426
ME:44
MA:248
KE:28
KA:210
DF_END

Data arrived...
DF_BEGIN
IQ:0,0,11,74,-174
IQ:1,8,11,-182,-51
IQ:2,16,11,-46,177
IQ:3,24,11,185,11
IQ:4,32,11,-5,-191
IQ:5,40,11,-182,9
IQ:6,48,11,15,185
IQ:7,56,11,175,-47
IQ:8,72,12,-72,110
IQ:9,80,255,75,118
IQ:10,88,1,25,9
IQ:11,96,255,-39,-67
IQ:12,104,2,-140,-90
IQ:13,112,255,-28,49
IQ:14,120,10,61,-134
IQ:15,128,255,-167,-94
IQ:16,136,3,-236,118
IQ:17,144,255,43,165
IQ:18,152,9,-10,-71
IQ:19,160,255,-184,34
IQ:20,168,4,-167,333
IQ:21,176,255,193,188
IQ:22,184,8,-34,-57
IQ:23,192,255,-126,43
IQ:24,200,7,-65,141
IQ:25,208,255,99,24
IQ:26,216,6,-44,-139
IQ:27,224,255,-157,91
IQ:28,232,5,104,278
IQ:29,240,255,210,-62
IQ:30,248,12,-132,-2
IQ:31,256,255,-72,127
IQ:32,264,1,0,23
IQ:33,272,255,32,-77
IQ:34,280,2,5,-157
IQ:35,288,255,-48,5
SW:2
RR:3
SS:3
FR:2402
ME:10
MA:103
KE:26
KA:195
DF_END

Data arrived...
DF_BEGIN
IQ:0,0,11,130,-141
IQ:1,8,11,-152,-107
IQ:2,16,11,-105,163
IQ:3,24,11,160,80
IQ:4,32,11,63,-183
IQ:5,40,11,-174,-54
IQ:6,48,11,-51,178
IQ:7,56,11,179,7
IQ:8,72,12,-97,82
IQ:9,80,255,45,133
IQ:10,88,1,17,22
IQ:11,96,255,-19,-84
IQ:12,104,2,-108,-133
IQ:13,112,255,-52,50
IQ:14,120,10,95,-121
IQ:15,128,255,-128,-150
IQ:16,136,3,-259,43
IQ:17,144,255,-5,178
IQ:18,152,9,17,-61
IQ:19,160,255,-184,-20
IQ:20,168,4,-248,276
IQ:21,176,255,142,230
IQ:22,184,8,-2,-76
IQ:23,192,255,-129,-7
IQ:24,200,7,-114,108
IQ:25,208,255,93,56
IQ:26,216,6,-8,-134
IQ:27,224,255,-176,50
IQ:28,232,5,32,307
IQ:29,240,255,223,8
IQ:30,248,12,-119,-43
IQ:31,256,255,-105,95
IQ:32,264,1,-3,22
IQ:33,272,255,55,-56
IQ:34,280,2,46,-159
IQ:35,288,255,-65,-18
SW:2
RR:3
SS:3
FR:2402
ME:7
MA:103
KE:24
KA:176
DF_END

Data arrived...
DF_BEGIN
IQ:0,0,11,-160,4
IQ:1,8,11,17,166
IQ:2,16,11,157,-37
IQ:3,24,11,-59,-154
IQ:4,32,11,-138,73
IQ:5,40,11,96,125
IQ:6,48,11,126,-98
IQ:7,56,11,-103,-125
IQ:8,72,12,130,-1
IQ:9,80,255,28,-93
IQ:10,88,1,-58,52
IQ:11,96,255,13,65
IQ:12,104,2,-35,-2
IQ:13,112,255,-70,-1
IQ:14,120,10,-175,74
IQ:15,128,255,-18,169
IQ:16,136,3,17,60
IQ:17,144,255,-18,23
IQ:18,152,9,-59,157
IQ:19,160,255,104,137
IQ:20,168,4,69,77
IQ:21,176,255,54,-7
IQ:22,184,8,55,110
IQ:23,192,255,98,10
IQ:24,200,7,-29,30
IQ:25,208,255,-22,25
IQ:26,216,6,-41,49
IQ:27,224,255,81,36
IQ:28,232,5,121,-94
IQ:29,240,255,-32,-71
IQ:30,248,12,60,115
IQ:31,256,255,106,-14
IQ:32,264,1,-74,-18
IQ:33,272,255,-42,47
IQ:34,280,2,-8,-33
IQ:35,288,255,-14,-62
SW:2
RR:3
SS:3
FR:2480
ME:38
MA:237
KE:25
KA:188
DF_END

Data arrived...
DF_BEGIN
IQ:0,0,11,-144,72
IQ:1,8,11,80,136
IQ:2,16,11,125,-96
IQ:3,24,11,-107,-117
IQ:4,32,11,-108,126
IQ:5,40,11,132,91
IQ:6,48,11,92,-143
IQ:7,56,11,-138,-86
IQ:8,72,12,21,-51
IQ:9,80,255,6,-58
IQ:10,88,1,59,-24
IQ:11,96,255,-13,19
IQ:12,104,2,14,158
IQ:13,112,255,60,22
IQ:14,120,10,-89,81
IQ:15,128,255,58,171
IQ:16,136,3,189,154
IQ:17,144,255,110,-39
IQ:18,152,9,17,149
IQ:19,160,255,200,110
IQ:20,168,4,355,-38
IQ:21,176,255,96,-238
IQ:22,184,8,98,0
IQ:23,192,255,88,1
IQ:24,200,7,206,161
IQ:25,208,255,110,-83
IQ:26,216,6,-59,90
IQ:27,224,255,114,24
IQ:28,232,5,80,-212
IQ:29,240,255,-134,-104
IQ:30,248,12,47,-15
IQ:31,256,255,55,-24
IQ:32,264,1,50,37
IQ:33,272,255,-24,-4
IQ:34,280,2,-131,81
IQ:35,288,255,6,60
SW:2
RR:3
SS:3
FR:2426
ME:41
MA:248
KE:27
KA:200
DF_END

Data arrived...
DF_BEGIN
IQ:0,0,11,182,52
IQ:1,8,11,39,-183
IQ:2,16,11,-195,-14
IQ:3,24,11,-11,189
IQ:4,32,11,193,-14
IQ:5,40,11,-34,-192
IQ:6,48,11,-191,45
IQ:7,56,11,64,178
IQ:8,72,12,-129,-54
IQ:9,80,255,-105,81
IQ:10,88,1,-15,10
IQ:11,96,255,51,-58
IQ:12,104,2,62,-143
IQ:13,112,255,-41,-31
IQ:14,120,10,151,29
IQ:15,128,255,84,-182
IQ:16,136,3,-136,-238
IQ:17,144,255,-157,62
IQ:18,152,9,72,-31
IQ:19,160,255,-52,-193
IQ:20,168,4,-331,-190
IQ:21,176,255,-187,171
IQ:22,184,8,64,-48
IQ:23,192,255,-61,-132
IQ:24,200,7,-126,-54
IQ:25,208,255,-17,94
IQ:26,216,6,129,-68
IQ:27,224,255,-130,-130
IQ:28,232,5,-269,147
IQ:29,240,255,66,201
IQ:30,248,12,-22,-137
IQ:31,256,255,-132,-49
IQ:32,264,1,-11,-2
IQ:33,272,255,65,27
IQ:34,280,2,161,-10
IQ:35,288,255,-9,-45
SW:2
RR:3
SS:3
FR:2402
ME:10
MA:108
KE:25
KA:183
DF_END

Data arrived...
DF_BEGIN
IQ:0,0,11,157,-43
IQ:1,8,11,-66,-157
IQ:2,16,11,-151,70
IQ:3,24,11,92,135
IQ:4,32,11,135,-107
IQ:5,40,11,-119,-121
IQ:6,48,11,-110,132
IQ:7,56,11,135,87
IQ:8,72,12,-148,25
IQ:9,80,255,-1,101
IQ:10,88,1,48,-83
IQ:11,96,255,-35,-72
IQ:12,104,2,31,3
IQ:13,112,255,78,-18
IQ:14,120,10,165,-125
IQ:15,128,255,-28,-173
IQ:16,136,3,-24,-55
IQ:17,144,255,27,-28
IQ:18,152,9,54,-184
IQ:19,160,255,-134,-124
IQ:20,168,4,-70,-70
IQ:21,176,255,-41,7
IQ:22,184,8,-80,-107
IQ:23,192,255,-97,20
IQ:24,200,7,30,-22
IQ:25,208,255,28,-44
IQ:26,216,6,22,-67
IQ:27,224,255,-95,-16
IQ:28,232,5,-82,107
IQ:29,240,255,54,49
IQ:30,248,12,-98,-114
IQ:31,256,255,-91,43
IQ:32,264,1,83,1
IQ:33,272,255,38,-71
IQ:34,280,2,10,30
IQ:35,288,255,31,74
SW:2
RR:3
SS:3
FR:2480
ME:38
MA:237
KE:26
KA:194
DF_END

Data arrived...
DF_BEGIN
IQ:0,0,11,-164,60
IQ:1,8,11,72,156
IQ:2,16,11,144,-87
IQ:3,24,11,-104,-128
IQ:4,32,11,-118,122
IQ:5,40,11,129,107
IQ:6,48,11,97,-143
IQ:7,56,11,-155,-82
IQ:8,72,12,140,-50
IQ:9,80,255,-9,-114
IQ:10,88,1,-40,83
IQ:11,96,255,48,59
IQ:12,104,2,-42,1
IQ:13,112,255,-74,25
IQ:14,120,10,-157,129
IQ:15,128,255,42,168
IQ:16,136,3,19,53
IQ:17,144,255,-26,38
IQ:18,152,9,-22,191
IQ:19,160,255,144,101
IQ:20,168,4,75,65
IQ:21,176,255,47,-1
IQ:22,184,8,94,100
IQ:23,192,255,94,-28
IQ:24,200,7,-34,22
IQ:25,208,255,-22,53
IQ:26,216,6,-11,60
IQ:27,224,255,97,10
IQ:28,232,5,82,-118
IQ:29,240,255,-55,-34
IQ:30,248,12,107,102
IQ:31,256,255,90,-59
IQ:32,264,1,-92,10
IQ:33,272,255,-35,72
IQ:34,280,2,-12,-39
IQ:35,288,255,-39,-70
SW:2
RR:3
SS:3
FR:2480
ME:38
MA:237
KE:27
KA:203
DF_END

Data arrived...
DF_BEGIN
IQ:0,0,11,-71,144
IQ:1,8,11,80,7
IQ:2,16,11,63,-209
IQ:3,24,11,-166,-21
IQ:4,32,11,17,181
IQ:5,40,11,153,-32
IQ:6,48,11,-129,-132
IQ:7,56,11,-259,86
IQ:8,72,12,-33,5
IQ:9,80,255,-4,-18
IQ:10,88,1,55,-47
IQ:11,96,255,-3,-28
IQ:12,104,2,121,185
IQ:13,112,255,89,41
IQ:14,120,10,-17,136
IQ:15,128,255,120,159
IQ:16,136,3,269,34
IQ:17,144,255,43,-79
IQ:18,152,9,94,78
IQ:19,160,255,243,-57
IQ:20,168,4,326,-168
IQ:21,176,255,-54,-268
IQ:22,184,8,83,-94
IQ:23,192,255,124,-114
IQ:24,200,7,199,10
IQ:25,208,255,33,-107
IQ:26,216,6,-9,148
IQ:27,224,255,64,-91
IQ:28,232,5,-100,-178
IQ:29,240,255,-143,79
IQ:30,248,12,2,-16
IQ:31,256,255,37,-130
IQ:32,264,1,95,6
IQ:33,272,255,-2,20
IQ:34,280,2,-99,129
IQ:35,288,255,56,-27
SW:2
RR:3
SS:3
FR:2426
ME:33
MA:248
KE:28
KA:211
DF_END

Data arrived...
DF_BEGIN
IQ:0,0,11,-112,143
IQ:1,8,11,162,95
IQ:2,16,11,85,-161
IQ:3,24,11,-170,-76
IQ:4,32,11,-54,176
IQ:5,40,11,178,30
IQ:6,48,11,26,-181
IQ:7,56,11,-184,-7
IQ:8,72,12,87,-82
IQ:9,80,255,-33,-129
IQ:10,88,1,-14,-26
IQ:11,96,255,15,74
IQ:12,104,2,105,121
IQ:13,112,255,45,-45
IQ:14,120,10,-102,116
IQ:15,128,255,141,135
IQ:16,136,3,253,-58
IQ:17,144,255,-1,-174
IQ:18,152,9,-2,68
IQ:19,160,255,193,26
IQ:20,168,4,286,-262
IQ:21,176,255,-107,-237
IQ:22,184,8,25,78
IQ:23,192,255,134,-8
IQ:24,200,7,110,-94
IQ:25,208,255,-83,-50
IQ:26,216,6,9,144
IQ:27,224,255,170,-69
IQ:28,232,5,-37,-321
IQ:29,240,255,-224,-35
IQ:30,248,12,112,42
IQ:31,256,255,96,-105
IQ:32,264,1,15,-31
IQ:33,272,255,-50,49
IQ:34,280,2,-56,155
IQ:35,288,255,63,18
SW:2
RR:3
SS:3
FR:2402
ME:10
MA:108
KE:26
KA:198
DF_END

Data arrived...
DF_BEGIN
IQ:0,0,11,-70,-154
IQ:1,8,11,-146,81
IQ:2,16,11,98,124
IQ:3,24,11,121,-118
IQ:4,32,11,-122,-115
IQ:5,40,11,-100,122
IQ:6,48,11,136,79
IQ:7,56,11,62,-150
IQ:8,72,12,57,128
IQ:9,80,255,97,-11
IQ:10,88,1,-84,-29
IQ:11,96,255,-58,45
IQ:12,104,2,-5,-44
IQ:13,112,255,-36,-73
IQ:14,120,10,-130,-144
IQ:15,128,255,-160,55
IQ:16,136,3,-57,24
IQ:17,144,255,-41,-19
IQ:18,152,9,-186,-17
IQ:19,160,255,-93,143
IQ:20,168,4,-66,79
IQ:21,176,255,8,48
IQ:22,184,8,-92,99
IQ:23,192,255,27,92
IQ:24,200,7,-39,-42
IQ:25,208,255,-55,-21
IQ:26,216,6,-56,-10
IQ:27,224,255,4,90
IQ:28,232,5,122,65
IQ:29,240,255,40,-63
IQ:30,248,12,-80,114
IQ:31,256,255,63,71
IQ:32,264,1,-18,-82
IQ:33,272,255,-65,-25
IQ:34,280,2,37,-24
IQ:35,288,255,61,-53
SW:2
RR:3
SS:3
FR:2480
ME:38
MA:237
KE:27
KA:206
DF_END

Data arrived...
DF_BEGIN
IQ:0,0,11,-161,-49
IQ:1,8,11,-39,161
IQ:2,16,11,162,17
IQ:3,24,11,-8,-161
IQ:4,32,11,-166,29
IQ:5,40,11,46,156
IQ