KE:29
KA:211
DF_END

Data arrived...
DF_BEGIN
IQ:0,0,11,153,-1
IQ:1,8,11,-12,-158
IQ:2,16,11,-151,33
IQ:3,24,11,53,153
IQ:4,32,11,146,-48
IQ:5,40,11,-81,-134
IQ:6,48,11,-131,84
IQ:7,56,11,97,118
IQ:8,72,12,-63,92
IQ:9,80,255,7,36
IQ:10,88,1,-87,-91
IQ:11,96,255,-29,10
IQ:12,104,2,145,-77
IQ:13,112,255,19,-104
IQ:14,120,10,144,-52
IQ:15,128,255,59,-172
IQ:16,136,3,-18,-247
IQ:17,144,255,-92,-93
IQ:18,152,9,48,-191
IQ:19,160,255,-137,-240
IQ:20,168,4,-311,-245
IQ:21,176,255,-271,98
IQ:22,184,8,-167,-116
IQ:23,192,255,-110,-36
IQ:24,200,7,-21,-330
IQ:25,208,255,-183,-88
IQ:26,216,6,74,-20
IQ:27,224,255,-64,-58
IQ:28,232,5,-172,150
IQ:29,240,255,44,166
IQ:30,248,12,-103,1
IQ:31,256,255,-38,23
IQ:32,264,1,26,-113
IQ:33,272,255,-34,-23
IQ:34,280,2,137,79
IQ:35,288,255,73,-24
SW:2
RR:3
SS:3
FR:2426
ME:38
MA:243
KE:30
KA:216
DF_END

Data arrived...
DF_BEGIN
IQ:0,0,11,99,112
IQ:1,8,11,103,-110
IQ:2,16,11,-123,-93
IQ:3,24,11,-73,131
IQ:4,32,11,139,65
IQ:5,40,11,51,-139
IQ:6,48,11,-147,-44
IQ:7,56,11,-22,151
IQ:8,72,12,-48,-79
IQ:9,80,255,-120,16
IQ:10,88,1,-52,13
IQ:11,96,255,70,21
IQ:12,104,2,137,-89
IQ:13,112,255,-38,-72
IQ:14,120,10,74,78
IQ:15,128,255,124,-106
IQ:16,136,3,-23,-247
IQ:17,144,255,-165,-40
IQ:18,152,9,36,3
IQ:19,160,255,13,-162
IQ:20,168,4,-226,-275
IQ:21,176,255,-240,94
IQ:22,184,8,34,8
IQ:23,192,255,27,-103
IQ:24,200,7,-90,-161
IQ:25,208,255,-91,50
IQ:26,216,6,119,26
IQ:27,224,255,-36,-151
IQ:28,232,5,-305,10
IQ:29,240,255,-57,209
IQ:30,248,12,33,-83
IQ:31,256,255,-61,-103
IQ:32,264,1,-42,-27
IQ:33,272,255,14,70
IQ:34,280,2,146,86
IQ:35,288,255,32,-65
SW:2
RR:3
SS:3
FR:2402
ME:10
MA:100
KE:28
KA:205
DF_END

Data arrived...
DF_BEGIN
IQ:0,0,11,69,-146
IQ:1,8,11,-156,-48
IQ:2,16,11,-32,163
IQ:3,24,11,156,2
IQ:4,32,11,-22,-161
IQ:5,40,11,-162,22
IQ:6,48,11,27,162
IQ:7,56,11,160,-47
IQ:8,72,12,-53,122
IQ:9,80,255,77,67
IQ:10,88,1,-28,-75
IQ:11,96,255,-56,-16
IQ:12,104,2,23,-33
IQ:13,112,255,29,-70
IQ:14,120,10,18,-204
IQ:15,128,255,-142,-100
IQ:16,136,3,-66,-32
IQ:17,144,255,-12,-36
IQ:18,152,9,-96,-167
IQ:19,160,255,-175,17
IQ:20,168,4,-99,7
IQ:21,176,255,-29,45
IQ:22,184,8,-134,-4
IQ:23,192,255,-52,77
IQ:24,200,7,-2,-64
IQ:25,208,255,-36,-44
IQ:26,216,6,-18,-54
IQ:27,224,255,-77,54
IQ:28,232,5,12,151
IQ:29,240,255,71,1
IQ:30,248,12,-135,18
IQ:31,256,255,-23,93
IQ:32,264,1,42,-66
IQ:33,272,255,-13,-65
IQ:34,280,2,37,6
IQ:35,288,255,72,13
SW:2
RR:3
SS:3
FR:2480
ME:38
MA:237
KE:29
KA:211
DF_END

Data arrived...
DF_BEGIN
IQ:0,0,11,-129,100
IQ:1,8,11,104,126
IQ:2,16,11,114,-117
IQ:3,24,11,-136,-98
IQ:4,32,11,-83,137
IQ:5,40,11,150,57
IQ:6,48,11,34,-154
IQ:7,56,11,-162,-28
IQ:8,72,12,109,-82
IQ:9,80,255,-29,-91
IQ:10,88,1,-10,81
IQ:11,96,255,51,32
IQ:12,104,2,-32,19
IQ:13,112,255,-54,46
IQ:14,120,10,-117,168
IQ:15,128,255,84,150
IQ:16,136,3,45,57
IQ:17,144,255,-1,42
IQ:18,152,9,29,186
IQ:19,160,255,156,77
IQ:20,168,4,92,44
IQ:21,176,255,50,-28
IQ:22,184,8,121,62
IQ:23,192,255,81,-37
IQ:24,200,7,-17,55
IQ:25,208,255,12,50
IQ:26,216,6,-1,57
IQ:27,224,255,85,-12
IQ:28,232,5,63,-134
IQ:29,240,255,-66,-41
IQ:30,248,12,127,49
IQ:31,256,255,61,-71
IQ:32,264,1,-71,40
IQ:33,272,255,-4,64
IQ:34,280,2,-36,-27
IQ:35,288,255,-59,-42
SW:2
RR:3
SS:3
FR:2480
ME:35
MA:237
KE:29
KA:215
DF_END

Data arrived...
DF_BEGIN
IQ:0,0,11,-161,24
IQ:1,8,11,31,142
IQ:2,16,11,150,-45
IQ:3,24,11,-66,-150
IQ:4,32,11,-134,67
IQ:5,40,11,89,121
IQ:6,48,11,129,-95
IQ:7,56,11,-106,-117
IQ:8,72,12,54,-93
IQ:9,80,255,-8,-43
IQ:10,88,1,98,72
IQ:11,96,255,30,-17
IQ:12,104,2,-116,103
IQ:13,112,255,-1,89
IQ:14,120,10,-136,62
IQ:15,128,255,-38,184
IQ:16,136,3,53,243
IQ:17,144,255,106,68
IQ:18,152,9,-17,195
IQ:19,160,255,174,201
IQ:20,168,4,341,217
IQ:21,176,255,258,-120
IQ:22,184,8,167,102
IQ:23,192,255,104,17
IQ:24,200,7,54,316
IQ:25,208,255,192,56
IQ:26,216,6,-76,26
IQ:27,224,255,71,42
IQ:28,232,5,150,-189
IQ:29,240,255,-74,-160
IQ:30,248,12,113,-5
IQ:31,256,255,33,-35
IQ:32,264,1,-17,114
IQ:33,272,255,32,15
IQ:34,280,2,-151,-57
IQ:35,288,255,-70,30
SW:2
RR:3
SS:3
FR:2426
ME:38
MA:243
KE:30
KA:220
DF_END

Data arrived...
DF_BEGIN
IQ:0,0,11,-165,-98
IQ:1,8,11,-70,173
IQ:2,16,11,185,51
IQ:3,24,11,39,-186
IQ:4,32,11,-186,-8
IQ:5,40,11,-3,197
IQ:6,48,11,197,-13
IQ:7,56,11,-31,-193
IQ:8,72,12,77,74
IQ:9,80,255,129,-64
IQ:10,88,1,55,-42
IQ:11,96,255,-90,0
IQ:12,104,2,-135,165
IQ:13,112,255,78,72
IQ:14,120,10,-127,-64
IQ:15,128,255,-111,176
IQ:16,136,3,100,287
IQ:17,144,255,197,-26
IQ:18,152,9,-44,2
IQ:19,160,255,41,186
IQ:20,168,4,414,197
IQ:21,176,255,244,-223
IQ:22,184,8,-42,8
IQ:23,192,255,27,126
IQ:24,200,7,153,158
IQ:25,208,255,94,-108
IQ:26,216,6,-155,11
IQ:27,224,255,113,162
IQ:28,232,5,336,-170
IQ:29,240,255,-49,-287
IQ:30,248,12,-17,107
IQ:31,256,255,118,88
IQ:32,264,1,57,20
IQ:33,272,255,-58,-73
IQ:34,280,2,-207,-29
IQ:35,288,255,-20,91
SW:2
RR:3
SS:3
FR:2402
ME:10
MA:103
KE:28
KA:211
DF_END

Data arrived...
DF_BEGIN
IQ:0,0,11,-127,78
IQ:1,8,11,90,119
IQ:2,16,11,116,-110
IQ:3,24,11,-117,-106
IQ:4,32,11,-99,112
IQ:5,40,11,131,84
IQ:6,48,11,71,-140
IQ:7,56,11,-142,-47
IQ:8,72,12,79,-41
IQ:9,80,255,13,-107
IQ:10,88,1,-18,-51
IQ:11,96,255,-31,65
IQ:12,104,2,65,155
IQ:13,112,255,70,-26
IQ:14,120,10,-83,72
IQ:15,128,255,89,138
IQ:16,136,3,247,15
IQ:17,144,255,53,-159
IQ:18,152,9,-17,32
IQ:19,160,255,149,34
IQ:20,168,4,288,-198
IQ:21,176,255,-61,-248
IQ:22,184,8,-6,17
IQ:23,192,255,96,30
IQ:24,200,7,168,-42
IQ:25,208,255,-41,-112
IQ:26,216,6,-53,112
IQ:27,224,255,158,-18
IQ:28,232,5,20,-298
IQ:29,240,255,-208,-78
IQ:30,248,12,68,54
IQ:31,256,255,112,-46
IQ:32,264,1,37,-35
IQ:33,272,255,-67,-2
IQ:34,280,2,-115,126
IQ:35,288,255,57,52
SW:2
RR:3
SS:3
FR:2402
ME:7
MA:103
KE:26
KA:198
DF_END

Data arrived...
DF_BEGIN
IQ:0,0,11,77,136
IQ:1,8,11,130,-108
IQ:2,16,11,-108,-121
IQ:3,24,11,-110,118
IQ:4,32,11,131,95
IQ:5,40,11,84,-137
IQ:6,48,11,-142,-71
IQ:7,56,11,-44,150
IQ:8,72,12,-69,-121
IQ:9,80,255,-94,19
IQ:10,88,1,75,21
IQ:11,96,255,53,-42
IQ:12,104,2,16,36
IQ:13,112,255,33,59
IQ:14,120,10,138,142
IQ:15,128,255,165,-56
IQ:16,136,3,59,-42
IQ:17,144,255,38,6
IQ:18,152,9,187,-5
IQ:19,160,255,88,-150
IQ:20,168,4,60,-88
IQ:21,176,255,-12,-55
IQ:22,184,8,80,-107
IQ:23,192,255,-37,-85
IQ:24,200,7,56,31
IQ:25,208,255,56,-2
IQ:26,216,6,56,10
IQ:27,224,255,-3,-93
IQ:28,232,5,-129,-78
IQ:29,240,255,-46,50
IQ:30,248,12,65,-126
IQ:31,256,255,-64,-76
IQ:32,264,1,21,73
IQ:33,272,255,58,22
IQ:34,280,2,-27,33
IQ:35,288,255,-52,46
SW:2
RR:3
SS:3
FR:2480
ME:38
MA:237
KE:27
KA:206
DF_END

Data arrived...
DF_BEGIN
IQ:0,0,11,-13,-167
IQ:1,8,11,-148,28
IQ:2,16,11,54,153
IQ:3,24,11,146,-53
IQ:4,32,11,-78,-129
IQ:5,40,11,-131,91
IQ:6,48,11,101,116
IQ:7,56,11,113,-115
IQ:8,72,12,84,67
IQ:9,80,255,43,-12
IQ:10,88,1,-76,85
IQ:11,96,255,3,28
IQ:12,104,2,-90,-125
IQ:13,112,255,-96,-16
IQ:14,120,10,-76,-130
IQ:15,128,255,-184,-21
IQ:16,136,3,-238,60
IQ:17,144,255,-70,111
IQ:18,152,9,-209,-29
IQ:19,160,255,-212,167
IQ:20,168,4,-226,335
IQ:21,176,255,126,251
IQ:22,184,8,-108,177
IQ:23,192,255,-13,104
IQ:24,200,7,-324,47
IQ:25,208,255,-62,181
IQ:26,216,6,-28,-72
IQ:27,224,255,-41,77
IQ:28,232,5,190,155
IQ:29,240,255,159,-69
IQ:30,248,12,6,105
IQ:31,256,255,24,43
IQ:32,264,1,-105,-20
IQ:33,272,255,-13,25
IQ:34,280,2,64,-142
IQ:35,288,255,-35,-65
SW:2
RR:3
SS:3
FR:2426
ME:35
MA:243
KE:28
KA:212
DF_END

Data arrived...
DF_BEGIN
IQ:0,0,11,130,72
IQ:1,8,11,43,-148
IQ:2,16,11,-149,-35
IQ:3,24,11,-26,148
IQ:4,32,11,138,9
IQ:5,40,11,-19,-158
IQ:6,48,11,-156,22
IQ:7,56,11,35,143
IQ:8,72,12,-68,-49
IQ:9,80,255,-100,55
IQ:10,88,1,-38,40
IQ:11,96,255,77,-7
IQ:12,104,2,94,-147
IQ:13,112,255,-65,-63
IQ:14,120,10,97,53
IQ:15,128,255,77,-135
IQ:16,136,3,-106,-226
IQ:17,144,255,-168,39
IQ:18,152,9,33,3
IQ:19,160,255,-42,-144
IQ:20,168,4,-325,-145
IQ:21,176,255,-196,186
IQ:22,184,8,27,-5
IQ:23,192,255,-25,-104
IQ:24,200,7,-152,-115
IQ:25,208,255,-72,86
IQ:26,216,6,126,-21
IQ:27,224,255,-96,-126
IQ:28,232,5,-243,163
IQ:29,240,255,60,218
IQ:30,248,12,7,-81
IQ:31,256,255,-96,-78
IQ:32,264,1,-54,-19
IQ:33,272,255,49,63
IQ:34,280,2,172,18
IQ:35,288,255,12,-85
SW:2
RR:3
SS:3
FR:2402
ME:7
MA:103
KE:26
KA:199
DF_END

Data arrived...
DF_BEGIN
IQ:0,0,11,-157,-69
IQ:1,8,11,-55,153
IQ:2,16,11,160,32
IQ:3,24,11,13,-164
IQ:4,32,11,-160,2
IQ:5,40,11,27,163
IQ:6,48,11,162,-34
IQ:7,56,11,-58,-152
IQ:8,72,12,129,60
IQ:9,80,255,65,-72
IQ:10,88,1,-80,35
IQ:11,96,255,-13,61
IQ:12,104,2,-32,-24
IQ:13,112,255,-66,-26
IQ:14,120,10,-200,-9
IQ:15,128,255,-80,154
IQ:16,136,3,-26,70
IQ:17,144,255,-33,18
IQ:18,152,9,-159,108
IQ:19,160,255,14,176
IQ:20,168,4,4,105
IQ:21,176,255,44,34
IQ:22,184,8,-6,132
IQ:23,192,255,82,51
IQ:24,200,7,-67,10
IQ:25,208,255,-39,37
IQ:26,216,6,-55,24
IQ:27,224,255,50,76
IQ:28,232,5,144,-16
IQ:29,240,255,1,-79
IQ:30,248,12,14,139
IQ:31,256,255,92,24
IQ:32,264,1,-70,-40
IQ:33,272,255,-59,29
IQ:34,280,2,3,-41
IQ:35,288,255,8,-61
SW:2
RR:3
SS:3
FR:2480
ME:38
MA:237
KE:27
KA:206
DF_END

Data arrived...
DF_BEGIN
IQ:0,0,11,19,-159
IQ:1,8,11,-168,1
IQ:2,16,11,20,155
IQ:3,24,11,154,-23
IQ:4,32,11,-52,-156
IQ:5,40,11,-157,65
IQ:6,48,11,75,140
IQ:7,56,11,142,-84
IQ:8,72,12,-31,138
IQ:9,80,255,86,40
IQ:10,88,1,-58,-63
IQ:11,96,255,-73,-2
IQ:12,104,2,4,-43
IQ:13,112,255,2,-72
IQ:14,120,10,-28,-204
IQ:15,128,255,-168,-44
IQ:16,136,3,-76,-4
IQ:17,144,255,-34,-30
IQ:18,152,9,-156,-118
IQ:19,160,255,-176,54
IQ:20,168,4,-104,36
IQ:21,176,255,-21,53
IQ:22,184,8,-132,49
IQ:23,192,255,-27,86
IQ:24,200,7,-30,-55
IQ:25,208,255,-50,-35
IQ:26,216,6,-44,-46
IQ:27,224,255,-67,69
IQ:28,232,5,47,136
IQ:29,240,255,70,-21
IQ:30,248,12,-126,61
IQ:31,256,255,10,103
IQ:32,264,1,20,-81
IQ:33,272,255,-43,-51
IQ:34,280,2,36,-5
IQ:35,288,255,63,-10
SW:2
RR:3
SS:3
FR:2480
ME:38
MA:237
KE:28
KA:211
DF_END

Data arrived...
DF_BEGIN
IQ:0,0,11,104,116
IQ:1,8,11,110,-118
IQ:2,16,11,-122,-93
IQ:3,24,11,-76,132
IQ:4,32,11,141,55
IQ:5,40,11,50,-144
IQ:6,48,11,-145,-47
IQ:7,56,11,-19,144
IQ:8,72,12,-104,17
IQ:9,80,255,-26,29
IQ:10,88,1,-4,-122
IQ:11,96,255,-31,-12
IQ:12,104,2,159,30
IQ:13,112,255,82,-60
IQ:14,120,10,133,58
IQ:15,128,255,164,-82
IQ:16,136,3,137,-192
IQ:17,144,255,-20,-131
IQ:18,152,9,166,-121
IQ:19,160,255,65,-253
IQ:20,168,4,-28,-389
IQ:21,176,255,-262,-121
IQ:22,184,8,-43,-192
IQ:23,192,255,-53,-79
IQ:24,200,7,226,-248
IQ:25,208,255,-75,-193
IQ:26,216,6,61,38
IQ:27,224,255,-6,-101
IQ:28,232,5,-240,-4
IQ:29,240,255,-85,147
IQ:30,248,12,-67,-77
IQ:31,256,255,-40,4
IQ:32,264,1,97,-62
IQ:33,272,255,-13,-37
IQ:34,280,2,36,148
IQ:35,288,255,60,37
SW:2
RR:3
SS:3
FR:2426
ME:35
MA:243
KE:28
KA:216
DF_END

Data arrived...
DF_BEGIN
IQ:0,0,11,-152,9
IQ:1,8,11,25,148
IQ:2,16,11,150,-30
IQ:3,24,11,-41,-146
IQ:4,32,11,-136,66
IQ:5,40,11,66,140
IQ:6,48,11,129,-89
IQ:7,56,11,-105,-119
IQ:8,72,12,58,-94
IQ:9,80,255,-12,-42
IQ:10,88,1,85,76
IQ:11,96,255,22,-16
IQ:12,104,2,-130,98
IQ:13,112,255,-15,87
IQ:14,120,10,-138,68
IQ:15,128,255,-31,184
IQ:16,136,3,45,247
IQ:17,144,255,106,77
IQ:18,152,9,-42,205
IQ:19,160,255,163,213
IQ:20,168,4,328,241
IQ:21,176,255,259,-115
IQ:22,184,8,176,99
IQ:23,192,255,112,25
IQ:24,200,7,44,316
IQ:25,208,255,178,78
IQ:26,216,6,-74,24
IQ:27,224,255,77,50
IQ:28,232,5,184,-164
IQ:29,240,255,-55,-163
IQ:30,248,12,119,-4
IQ:31,256,255,44,-33
IQ:32,264,1,-32,123
IQ:33,272,255,26,19
IQ:34,280,2,-138,-71
IQ:35,288,255,-62,16
SW:2
RR:3
SS:3
FR:2426
ME:38
MA:243
KE:29
KA:221
DF_END

Data arrived...
DF_BEGIN
IQ:0,0,11,117,-79
IQ:1,8,11,-97,-113
IQ:2,16,11,-114,110
IQ:3,24,11,109,106
IQ:4,32,11,87,-120
IQ:5,40,11,-140,-65
IQ:6,48,11,-58,135
IQ:7,56,11,143,52
IQ:8,72,12,-80,34
IQ:9,80,255,-9,114
IQ:10,88,1,21,57
IQ:11,96,255,32,-75
IQ:12,104,2,-74,-163
IQ:13,112,255,-86,24
IQ:14,120,10,93,-64
IQ:15,128,255,-80,-128
IQ:16,136,3,-241,-18
IQ:17,144,255,-63,160
IQ:18,152,9,19,-28
IQ:19,160,255,-134,-56
IQ:20,168,4,-295,199
IQ:21,176,255,55,252
IQ:22,184,8,10,-35
IQ:23,192,255,-105,-33
IQ:24,200,7,-172,67
IQ:25,208,255,42,110
IQ:26,216,6,47,-113
IQ:27,224,255,-164,24
IQ:28,232,5,-4,290
IQ:29,240,255,222,48
IQ:30,248,12,-72,-48
IQ:31,256,255,-113,43
IQ:32,264,1,-42,40
IQ:33,272,255,73,-9
IQ:34,280,2,95,-143
IQ:35,288,255,-69,-56
SW:2
RR:3
SS:3
FR:2402
ME:7
MA:103
KE:27
KA:211
DF_END

Data arrived...
DF_BEGIN
IQ:0,0,11,34,-161
IQ:1,8,11,-158,-29
IQ:2,16,11,1,159
IQ:3,24,11,166,-17
IQ:4,32,11,-21,-169
IQ:5,40,11,-160,39
IQ:6,48,11,61,149
IQ:7,56,11,148,-70
IQ:8,72,12,-25,138
IQ:9,80,255,85,50
IQ:10,88,1,-42,-66
IQ:11,96,255,-64,-6
IQ:12,104,2,21,-35
IQ:13,112,255,17,-68
IQ:14,120,10,-16,-199
IQ:15,128,255,-161,-68
IQ:16,136,3,-68,-12
IQ:17,144,255,-19,-28
IQ:18,152,9,-142,-135
IQ:19,160,255,-170,52
IQ:20,168,4,-102,29
IQ:21,176,255,-21,51
IQ:22,184,8,-131,29
IQ:23,192,255,-35,86
IQ:24,200,7,-29,-63
IQ:25,208,255,-45,-32
IQ:26,216,6,-37,-51
IQ:27,224,255,-60,72
IQ:28,232,5,47,150
IQ:29,240,255,78,-2
IQ:30,248,12,-137,46
IQ:31,256,255,-2,98
IQ:32,264,1,29,-81
IQ:33,272,255,-38,-52
IQ:34,280,2,48,-5
IQ:35,288,255,65,6
SW:2
RR:3
SS:3
FR:2480
ME:38
MA:237
KE:28
KA:216
DF_END

Data arrived...
DF_BEGIN
IQ:0,0,11,49,141
IQ:1,8,11,139,-67
IQ:2,16,11,-84,-126
IQ:3,24,11,-126,102
IQ:4,32,11,111,115
IQ:5,40,11,101,-120
IQ:6,48,11,-125,-85
IQ:7,56,11,-77,136
IQ:8,72,12,-116,-39
IQ:9,80,255,-43,24
IQ:10,88,1,45,-96
IQ:11,96,255,-21,-30
IQ:12,104,2,119,83
IQ:13,112,255,87,-19
IQ:14,120,10,113,112
IQ:15,128,255,180,-15
IQ:16,136,3,221,-94
IQ:17,144,255,41,-118
IQ:18,152,9,208,-14
IQ:19,160,255,173,-207
IQ:20,168,4,148,-363
IQ:21,176,255,-171,-231
IQ:22,184,8,55,-194
IQ:23,192,255,-12,-111
IQ:24,200,7,293,-108
IQ:25,208,255,8,-194
IQ:26,216,6,44,51
IQ:27,224,255,12,-84
IQ:28,232,5,-232,-86
IQ:29,240,255,-119,104
IQ:30,248,12,-28,-103
IQ:31,256,255,-49,-16
IQ:32,264,1,112,0
IQ:33,272,255,12,-35
IQ:34,280,2,-38,152
IQ:35,288,255,40,70
SW:2
RR:3
SS:3
FR:2426
ME:38
MA:243
KE:29
KA:221
DF_END

Data arrived...
DF_BEGIN
IQ:0,0,11,184,61
IQ:1,8,11,47,-179
IQ:2,16,11,-193,-29
IQ:3,24,11,-23,194
IQ:4,32,11,179,5
IQ:5,40,11,-12,-185
IQ:6,48,11,-195,37
IQ:7,56,11,49,168
IQ:8,72,12,-82,-51
IQ:9,80,255,-128,65
IQ:10,88,1,-54,54
IQ:11,96,255,94,-19
IQ:12,104,2,115,-184
IQ:13,112,255,-97,-61
IQ:14,120,10,126,52
IQ:15,128,255,84,-174
IQ:16,136,3,-151,-265
IQ:17,144,255,-215,54
IQ:18,152,9,33,3
IQ:19,160,255,-68,-172
IQ:20,168,4,-431,-162
IQ:21,176,255,-237,250
IQ:22,184,8,34,-7
IQ:23,192,255,-35,-130
IQ:24,200,7,-184,-144
IQ:25,208,255,-82,118
IQ:26,216,6,140,-29
IQ:27,224,255,-128,-143
IQ:28,232,5,-333,202
IQ:29,240,255,57,279
IQ:30,248,12,1,-99
IQ:31,256,255,-128,-79
IQ:32,264,1,-73,-22
IQ:33,272,255,48,79
IQ:34,280,2,217,25
IQ:35,288,255,11,-102
SW:2
RR:3
SS:3
FR:2402
ME:7
MA:103
KE:27
KA:211
DF_END

Data arrived...
DF_BEGIN
IQ:0,0,11,-85,-135
IQ:1,8,11,-133,99
IQ:2,16,11,110,123
IQ:3,24,11,109,-115
IQ:4,32,11,-143,-100
IQ:5,40,11,-88,141
IQ:6,48,11,145,74
IQ:7,56,11,49,-154
IQ:8,72,12,66,119
IQ:9,80,255,97,-26
IQ:10,88,1,-84,-31
IQ:11,96,255,-58,38
IQ:12,104,2,-16,-40
IQ:13,112,255,-41,-62
IQ:14,120,10,-147,-139
IQ:15,128,255,-164,47
IQ:16,136,3,-66,34
IQ:17,144,255,-40,-5
IQ:18,152,9,-193,-13
IQ:19,160,255,-108,144
IQ:20,168,4,-56,82
IQ:21,176,255,13,53
IQ:22,184,8,-69,113
IQ:23,192,255,37,86
IQ:24,200,7,-54,-27
IQ:25,208,255,-58,7
IQ:26,216,6,-56,-3
IQ:27,224,255,-2,92
IQ:28,232,5,120,84
IQ:29,240,255,45,-60
IQ:30,248,12,-74,118
IQ:31,256,255,66,75
IQ:32,264,1,-29,-74
IQ:33,272,255,-62,-13
IQ:34,280,2,31,-34
IQ:35,288,255,46,-54
SW:2
RR:3
SS:3
FR:2480
ME:38
MA:237
KE:28
KA:215
DF_END

Data arrived...
DF_BEGIN
IQ:0,0,11,112,-108
IQ:1,8,11,-123,-101
IQ:2,16,11,-78,137
IQ:3,24,11,145,67
IQ:4,32,11,67,-150
IQ:5,40,11,-150,-54
IQ:6,48,11,-31,154
IQ:7,56,11,166,12
IQ:8,72,12,-100,90
IQ:9,80,255,49,83
IQ:10,88,1,10,-84
IQ:11,96,255,-52,-43
IQ:12,104,2,39,-28
IQ:13,112,255,54,-59
IQ:14,120,10,101,-176
IQ:15,128,255,-96,-146
IQ:16,136,3,-49,-53
IQ:17,144,255,6,-40
IQ:18,152,9,-35,-192
IQ:19,160,255,-162,-64
IQ:20,168,4,-97,-40
IQ:21,176,255,-50,28
IQ:22,184,8,-125,-46
IQ:23,192,255,-68,53
IQ:24,200,7,16,-66
IQ:25,208,255,-12,-57
IQ:26,216,6,2,-60
IQ:27,224,255,-89,22
IQ:28,232,5,-42,142
IQ:29,240,255,62,43
IQ:30,248,12,-129,-44
IQ:31,256,255,-55,77
IQ:32,264,1,69,-47
IQ:33,272,255,-1,-67
IQ:34,280,2,45,19
IQ:35,288,255,57,34
SW:2
RR:3
SS:3
FR:2480
ME:38
MA:237
KE:29
KA:219
DF_END

Data arrived...
DF_BEGIN
IQ:0,0,11,105,115
IQ:1,8,11,90,-127
IQ:2,16,11,-125,-87
IQ:3,24,11,-67,138
IQ:4,32,11,147,58
IQ:5,40,11,49,-148
IQ:6,48,11,-148,-34
IQ:7,56,11,-15,158
IQ:8,72,12,-106,19
IQ:9,80,255,-24,28
IQ:10,88,1,2,-119
IQ:11,96,255,-35,-10
IQ:12,104,2,153,27
IQ:13,112,255,76,-58
IQ:14,120,10,142,50
IQ:15,128,255,150,-99
IQ:16,136,3,142,-192
IQ:17,144,255,-15,-133
IQ:18,152,9,154,-116
IQ:19,160,255,36,-269
IQ:20,168,4,-54,-399
IQ:21,176,255,-267,-113
IQ:22,184,8,-27,-198
IQ:23,192,255,-61,-92
IQ:24,200,7,212,-262
IQ:25,208,255,-77,-193
IQ:26,216,6,60,31
IQ:27,224,255,-15,-85
IQ:28,232,5,-241,13
IQ:29,240,255,-70,159
IQ:30,248,12,-74,-78
IQ:31,256,255,-51,-11
IQ:32,264,1,88,-71
IQ:33,272,255,-5,-37
IQ:34,280,2,63,145
IQ:35,288,255,66,29
SW:2
RR:3
SS:3
FR:2426
ME:38
MA:243
KE:30
KA:223
DF_END