IQ:21,176,255,46,14
IQ:22,184,8,30,126
IQ:23,192,255,91,28
IQ:24,200,7,-59,23
IQ:25,208,255,-35,35
IQ:26,216,6,-46,30
IQ:27,224,255,68,64
IQ:28,232,5,140,-54
IQ:29,240,255,-5,-79
IQ:30,248,12,29,134
IQ:31,256,255,100,11
IQ:32,264,1,-74,-34
IQ:33,272,255,-54,35
IQ:34,280,2,-6,-44
IQ:35,288,255,2,-70
SW:2
RR:3
SS:3
FR:2480
ME:38
MA:237
KE:28
KA:246
DF_END

Data arrived...
DF_BEGIN
IQ:0,0,11,95,-126
IQ:1,8,11,-140,-83
IQ:2,16,11,-88,133
IQ:3,24,11,150,78
IQ:4,32,11,58,-147
IQ:5,40,11,-165,-45
IQ:6,48,11,-40,157
IQ:7,56,11,153,13
IQ:8,72,12,16,113
IQ:9,80,255,39,34
IQ:10,88,1,-115,-6
IQ:11,96,255,-25,27
IQ:12,104,2,42,-149
IQ:13,112,255,-45,-77
IQ:14,120,10,70,-142
IQ:15,128,255,-102,-157
IQ:16,136,3,-186,-141
IQ:17,144,255,-124,3
IQ:18,152,9,-110,-186
IQ:19,160,255,-266,-73
IQ:20,168,4,-404,14
IQ:21,176,255,-142,233
IQ:22,184,8,-206,17
IQ:23,192,255,-95,56
IQ:24,200,7,-232,-218
IQ:25,208,255,-187,55
IQ:26,216,6,34,-64
IQ:27,224,255,-97,30
IQ:28,232,5,14,241
IQ:29,240,255,157,71
IQ:30,248,12,-102,74
IQ:31,256,255,-18,52
IQ:32,264,1,-40,-103
IQ:33,272,255,-41,-7
IQ:34,280,2,131,-46
IQ:35,288,255,42,-53
SW:2
RR:3
SS:3
FR:2426
ME:38
MA:243
KE:29
KA:247
DF_END

Data arrived...
DF_BEGIN
IQ:0,0,11,191,37
IQ:1,8,11,26,-177
IQ:2,16,11,-188,0
IQ:3,24,11,17,192
IQ:4,32,11,174,-23
IQ:5,40,11,-52,-174
IQ:6,48,11,-179,63
IQ:7,56,11,78,166
IQ:8,72,12,-101,-36
IQ:9,80,255,-111,88
IQ:10,88,1,-48,57
IQ:11,96,255,84,-25
IQ:12,104,2,90,-200
IQ:13,112,255,-101,-52
IQ:14,120,10,128,45
IQ:15,128,255,60,-186
IQ:16,136,3,-198,-248
IQ:17,144,255,-204,81
IQ:18,152,9,33,-7
IQ:19,160,255,-79,-159
IQ:20,168,4,-443,-112
IQ:21,176,255,-198,281
IQ:22,184,8,36,-5
IQ:23,192,255,-54,-113
IQ:24,200,7,-198,-115
IQ:25,208,255,-62,127
IQ:26,216,6,133,-61
IQ:27,224,255,-141,-148
IQ:28,232,5,-282,239
IQ:29,240,255,132,249
IQ:30,248,12,-22,-110
IQ:31,256,255,-136,-51
IQ:32,264,1,-77,-11
IQ:33,272,255,50,69
IQ:34,280,2,216,-27
IQ:35,288,255,-1,-103
SW:2
RR:3
SS:3
FR:2402
ME:7
MA:103
KE:27
KA:241
DF_END

Data arrived...
DF_BEGIN
IQ:0,0,11,-160,37
IQ:1,8,11,55,153
IQ:2,16,11,151,-60
IQ:3,24,11,-89,-133
IQ:4,32,11,-140,84
IQ:5,40,11,97,127
IQ:6,48,11,119,-108
IQ:7,56,11,-123,-109
IQ:8,72,12,139,-18
IQ:9,80,255,15,-98
IQ:10,88,1,-45,66
IQ:11,96,255,26,58
IQ:12,104,2,-39,6
IQ:13,112,255,-68,15
IQ:14,120,10,-177,90
IQ:15,128,255,-9,171
IQ:16,136,3,14,70
IQ:17,144,255,-20,31
IQ:18,152,9,-74,176
IQ:19,160,255,109,138
IQ:20,168,4,63,81
IQ:21,176,255,49,4
IQ:22,184,8,82,107
IQ:23,192,255,92,-6
IQ:24,200,7,-49,44
IQ:25,208,255,-19,52
IQ:26,216,6,-35,47
IQ:27,224,255,83,44
IQ:28,232,5,126,-84
IQ:29,240,255,-31,-70
IQ:30,248,12,81,111
IQ:31,256,255,95,-29
IQ:32,264,1,-74,-8
IQ:33,272,255,-37,55
IQ:34,280,2,-26,-35
IQ:35,288,255,-17,-67
SW:2
RR:3
SS:3
FR:2480
ME:41
MA:237
KE:28
KA:241
DF_END

Data arrived...
DF_BEGIN
IQ:0,0,11,-153,-21
IQ:1,8,11,-8,148
IQ:2,16,11,159,-11
IQ:3,24,11,-26,-159
IQ:4,32,11,-153,46
IQ:5,40,11,41,160
IQ:6,48,11,142,-54
IQ:7,56,11,-75,-142
IQ:8,72,12,77,-87
IQ:9,80,255,-8,-55
IQ:10,88,1,62,94
IQ:11,96,255,36,-14
IQ:12,104,2,-141,40
IQ:13,112,255,-42,82
IQ:14,120,10,-142,28
IQ:15,128,255,-72,165
IQ:16,136,3,-32,231
IQ:17,144,255,72,101
IQ:18,152,9,-85,190
IQ:19,160,255,92,247
IQ:20,168,4,214,339
IQ:21,176,255,275,-16
IQ:22,184,8,132,155
IQ:23,192,255,106,52
IQ:24,200,7,-50,314
IQ:25,208,255,157,116
IQ:26,216,6,-72,12
IQ:27,224,255,70,72
IQ:28,232,5,205,-124
IQ:29,240,255,-19,-168
IQ:30,248,12,105,27
IQ:31,256,255,44,-24
IQ:32,264,1,-60,96
IQ:33,272,255,16,30
IQ:34,280,2,-116,-110
IQ:35,288,255,-75,-3
SW:2
RR:3
SS:3
FR:2426
ME:38
MA:243
KE:29
KA:241
DF_END

Data arrived...
DF_BEGIN
IQ:0,0,11,123,100
IQ:1,8,11,85,-130
IQ:2,16,11,-136,-74
IQ:3,24,11,-53,145
IQ:4,32,11,155,33
IQ:5,40,11,25,-156
IQ:6,48,11,-156,-11
IQ:7,56,11,-4,159
IQ:8,72,12,-121,30
IQ:9,80,255,-22,58
IQ:10,88,1,4,-121
IQ:11,96,255,-30,-25
IQ:12,104,2,137,28
IQ:13,112,255,81,-55
IQ:14,120,10,147,54
IQ:15,128,255,138,-112
IQ:16,136,3,132,-187
IQ:17,144,255,-13,-116
IQ:18,152,9,179,-131
IQ:19,160,255,42,-273
IQ:20,168,4,-82,-384
IQ:21,176,255,-255,-91
IQ:22,184,8,-28,-202
IQ:23,192,255,-70,-91
IQ:24,200,7,196,-245
IQ:25,208,255,-74,-182
IQ:26,216,6,74,18
IQ:27,224,255,-36,-93
IQ:28,232,5,-245,34
IQ:29,240,255,-51,169
IQ:30,248,12,-94,-86
IQ:31,256,255,-57,-1
IQ:32,264,1,101,-42
IQ:33,272,255,10,-37
IQ:34,280,2,40,141
IQ:35,288,255,52,45
SW:2
RR:3
SS:3
FR:2426
ME:38
MA:243
KE:30
KA:242
DF_END

Data arrived...
DF_BEGIN
IQ:0,0,11,-84,164
IQ:1,8,11,175,57
IQ:2,16,11,43,-185
IQ:3,24,11,-189,-16
IQ:4,32,11,-5,176
IQ:5,40,11,185,-33
IQ:6,48,11,-36,-179
IQ:7,56,11,-183,50
IQ:8,72,12,63,-84
IQ:9,80,255,-58,-126
IQ:10,88,1,-48,-62
IQ:11,96,255,7,92
IQ:12,104,2,178,131
IQ:13,112,255,75,-76
IQ:14,120,10,-56,114
IQ:15,128,255,174,86
IQ:16,136,3,249,-175
IQ:17,144,255,-58,-207
IQ:18,152,9,5,34
IQ:19,160,255,173,-56
IQ:20,168,4,184,-413
IQ:21,176,255,-246,-228
IQ:22,184,8,9,26
IQ:23,192,255,114,-48
IQ:24,200,7,146,-171
IQ:25,208,255,-115,-99
IQ:26,216,6,27,139
IQ:27,224,255,156,-121
IQ:28,232,5,-198,-305
IQ:29,240,255,-275,67
IQ:30,248,12,98,3
IQ:31,256,255,87,-120
IQ:32,264,1,22,-67
IQ:33,272,255,-75,55
IQ:34,280,2,-10,228
IQ:35,288,255,100,27
SW:2
RR:3
SS:3
FR:2402
ME:10
MA:103
KE:28
KA:235
DF_END

Data arrived...
DF_BEGIN
IQ:0,0,11,-132,-99
IQ:1,8,11,-98,139
IQ:2,16,11,130,91
IQ:3,24,11,60,-145
IQ:4,32,11,-165,-43
IQ:5,40,11,-37,157
IQ:6,48,11,156,15
IQ:7,56,11,-10,-162
IQ:8,72,12,103,89
IQ:9,80,255,78,-53
IQ:10,88,1,-80,13
IQ:11,96,255,-35,55
IQ:12,104,2,-26,-26
IQ:13,112,255,-57,-44
IQ:14,120,10,-180,-84
IQ:15,128,255,-128,118
IQ:16,136,3,-36,61
IQ:17,144,255,-39,6
IQ:18,152,9,-186,54
IQ:19,160,255,-52,168
IQ:20,168,4,-21,100
IQ:21,176,255,30,40
IQ:22,184,8,-38,131
IQ:23,192,255,64,71
IQ:24,200,7,-63,-9
IQ:25,208,255,-58,14
IQ:26,216,6,-62,7
IQ:27,224,255,24,92
IQ:28,232,5,142,40
IQ:29,240,255,24,-72
IQ:30,248,12,-27,139
IQ:31,256,255,79,52
IQ:32,264,1,-50,-63
IQ:33,272,255,-71,4
IQ:34,280,2,12,-40
IQ:35,288,255,31,-57
SW:2
RR:3
SS:3
FR:2480
ME:38
MA:237
KE:29
KA:235
DF_END

Data arrived...
DF_BEGIN
IQ:0,0,11,-88,-141
IQ:1,8,11,-138,88
IQ:2,16,11,103,128
IQ:3,24,11,113,-123
IQ:4,32,11,-126,-118
IQ:5,40,11,-112,119
IQ:6,48,11,137,86
IQ:7,56,11,75,-146
IQ:8,72,12,49,133
IQ:9,80,255,95,-15
IQ:10,88,1,-76,-22
IQ:11,96,255,-53,35
IQ:12,104,2,-13,-44
IQ:13,112,255,-34,-64
IQ:14,120,10,-141,-143
IQ:15,128,255,-164,59
IQ:16,136,3,-63,35
IQ:17,144,255,-30,-13
IQ:18,152,9,-191,-20
IQ:19,160,255,-104,139
IQ:20,168,4,-59,80
IQ:21,176,255,17,54
IQ:22,184,8,-97,99
IQ:23,192,255,19,83
IQ:24,200,7,-50,-34
IQ:25,208,255,-54,0
IQ:26,216,6,-57,-19
IQ:27,224,255,-17,93
IQ:28,232,5,119,97
IQ:29,240,255,48,-54
IQ:30,248,12,-93,104
IQ:31,256,255,47,82
IQ:32,264,1,-16,-75
IQ:33,272,255,-61,-25
IQ:34,280,2,18,-30
IQ:35,288,255,48,-44
SW:2
RR:3
SS:3
FR:2480
ME:41
MA:237
KE:30
KA:235
DF_END

Data arrived...
DF_BEGIN
IQ:0,0,11,-134,-83
IQ:1,8,11,-59,137
IQ:2,16,11,147,30
IQ:3,24,11,13,-158
IQ:4,32,11,-162,-6
IQ:5,40,11,9,156
IQ:6,48,11,157,-6
IQ:7,56,11,-21,-156
IQ:8,72,12,98,-44
IQ:9,80,255,12,-48
IQ:10,88,1,12,116
IQ:11,96,255,32,24
IQ:12,104,2,-153,3
IQ:13,112,255,-69,66
IQ:14,120,10,-155,-26
IQ:15,128,255,-115,137
IQ:16,136,3,-100,215
IQ:17,144,255,31,115
IQ:18,152,9,-142,159
IQ:19,160,255,22,268
IQ:20,168,4,141,380
IQ:21,176,255,268,60
IQ:22,184,8,82,197
IQ:23,192,255,79,75
IQ:24,200,7,-150,274
IQ:25,208,255,112,161
IQ:26,216,6,-78,-2
IQ:27,224,255,42,83
IQ:28,232,5,230,-79
IQ:29,240,255,42,-175
IQ:30,248,12,94,71
IQ:31,256,255,50,-5
IQ:32,264,1,-89,72
IQ:33,272,255,-1,44
IQ:34,280,2,-74,-136
IQ:35,288,255,-70,-23
SW:2
RR:3
SS:3
FR:2426
ME:38
MA:243
KE:31
KA:236
DF_END

Data arrived...
DF_BEGIN
IQ:0,0,11,-152,-22
IQ:1,8,11,-19,153
IQ:2,16,11,150,-8
IQ:3,24,11,-15,-150
IQ:4,32,11,-150,37
IQ:5,40,11,48,145
IQ:6,48,11,137,-58
IQ:7,56,11,-65,-132
IQ:8,72,12,72,31
IQ:9,80,255,82,-75
IQ:10,88,1,31,-57
IQ:11,96,255,-73,20
IQ:12,104,2,-44,162
IQ:13,112,255,74,35
IQ:14,120,10,-109,-20
IQ:15,128,255,-53,155
IQ:16,136,3,164,184
IQ:17,144,255,146,-86
IQ:18,152,9,-34,1
IQ:19,160,255,81,129
IQ:20,168,4,347,43
IQ:21,176,255,113,-246
IQ:22,184,8,-20,6
IQ:23,192,255,54,94
IQ:24,200,7,172,70
IQ:25,208,255,34,-114
IQ:26,216,6,-120,54
IQ:27,224,255,117,88
IQ:28,232,5,224,-204
IQ:29,240,255,-115,-201
IQ:30,248,12,11,85
IQ:31,256,255,110,44
IQ:32,264,1,60,3
IQ:33,272,255,-60,-48
IQ:34,280,2,-168,37
IQ:35,288,255,18,72
SW:2
RR:3
SS:3
FR:2402
ME:7
MA:103
KE:28
KA:228
DF_END

Data arrived...
DF_BEGIN
IQ:0,0,11,-11,164
IQ:1,8,11,160,1
IQ:2,16,11,-19,-153
IQ:3,24,11,-153,36
IQ:4,32,11,45,151
IQ:5,40,11,146,-64
IQ:6,48,11,-85,-141
IQ:7,56,11,-129,86
IQ:8,72,12,15,-131
IQ:9,80,255,-88,-38
IQ:10,88,1,42,59
IQ:11,96,255,61,-12
IQ:12,104,2,-11,39
IQ:13,112,255,-12,76
IQ:14,120,10,32,184
IQ:15,128,255,169,47
IQ:16,136,3,74,10
IQ:17,144,255,28,24
IQ:18,152,9,151,112
IQ:19,160,255,167,-56
IQ:20,168,4,92,-26
IQ:21,176,255,17,-50
IQ:22,184,8,122,-46
IQ:23,192,255,15,-93
IQ:24,200,7,35,60
IQ:25,208,255,44,29
IQ:26,216,6,28,45
IQ:27,224,255,57,-73
IQ:28,232,5,-60,-137
IQ:29,240,255,-80,23
IQ:30,248,12,126,-54
IQ:31,256,255,4,-98
IQ:32,264,1,-22,68
IQ:33,272,255,43,44
IQ:34,280,2,-37,10
IQ:35,288,255,-68,-2
SW:2
RR:3
SS:3
FR:2480
ME:38
MA:237
KE:29
KA:228
DF_END

Data arrived...
DF_BEGIN
IQ:0,0,11,-154,44
IQ:1,8,11,52,145
IQ:2,16,11,140,-69
IQ:3,24,11,-81,-141
IQ:4,32,11,-131,92
IQ:5,40,11,92,127
IQ:6,48,11,115,-107
IQ:7,56,11,-117,-110
IQ:8,72,12,25,-92
IQ:9,80,255,-8,-44
IQ:10,88,1,95,37
IQ:11,96,255,14,-15
IQ:12,104,2,-101,129
IQ:13,112,255,20,90
IQ:14,120,10,-118,88
IQ:15,128,255,-1,193
IQ:16,136,3,86,241
IQ:17,144,255,124,50
IQ:18,152,9,2,190
IQ:19,160,255,196,179
IQ:20,168,4,391,133
IQ:21,176,255,234,-177
IQ:22,184,8,164,50
IQ:23,192,255,96,11
IQ:24,200,7,111,296
IQ:25,208,255,190,5
IQ:26,216,6,-71,39
IQ:27,224,255,90,39
IQ:28,232,5,134,-206
IQ:29,240,255,-91,-158
IQ:30,248,12,92,-20
IQ:31,256,255,39,-28
IQ:32,264,1,18,106
IQ:33,272,255,20,1
IQ:34,280,2,-168,-22
IQ:35,288,255,-54,50
SW:2
RR:3
SS:3
FR:2426
ME:38
MA:243
KE:30
KA:230
DF_END

Data arrived...
DF_BEGIN
IQ:0,0,11,30,-152
IQ:1,8,11,-150,-14
IQ:2,16,11,3,158
IQ:3,24,11,153,-13
IQ:4,32,11,-23,-152
IQ:5,40,11,-139,59
IQ:6,48,11,56,140
IQ:7,56,11,132,-76
IQ:8,72,12,-27,85
IQ:9,80,255,77,82
IQ:10,88,1,47,31
IQ:11,96,255,-29,-73
IQ:12,104,2,-180,-55
IQ:13,112,255,-41,76
IQ:14,120,10,19,-120
IQ:15,128,255,-163,-37
IQ:16,136,3,-190,172
IQ:17,144,255,86,153
IQ:18,152,9,-11,-32
IQ:19,160,255,-136,80
IQ:20,168,4,-75,356
IQ:21,176,255,238,128
IQ:22,184,8,-23,-36
IQ:23,192,255,-102,46
IQ:24,200,7,-77,163
IQ:25,208,255,99,34
IQ:26,216,6,-64,-108
IQ:27,224,255,-108,130
IQ:28,232,5,195,235
IQ:29,240,255,195,-110
IQ:30,248,12,-88,21
IQ:31,256,255,-37,117
IQ:32,264,1,-7,56
IQ:33,272,255,46,-64
IQ:34,280,2,-31,-185
IQ:35,288,255,-83,12
SW:2
RR:3
SS:3
FR:2402
ME:10
MA:100
KE:28
KA:219
DF_END

Data arrived...
DF_BEGIN
IQ:0,0,11,-151,25
IQ:1,8,11,36,158
IQ:2,16,11,151,-47
IQ:3,24,11,-60,-140
IQ:4,32,11,-142,74
IQ:5,40,11,83,130
IQ:6,48,11,115,-105
IQ:7,56,11,-125,-103
IQ:8,72,12,126,-11
IQ:9,80,255,12,-85
IQ:10,88,1,-41,67
IQ:11,96,255,21,59
IQ:12,104,2,-46,7
IQ:13,112,255,-73,17
IQ:14,120,10,-179,88
IQ:15,128,255,-8,166
IQ:16,136,3,9,72
IQ:17,144,255,-17,31
IQ:18,152,9,-73,169
IQ:19,160,255,94,140
IQ:20,168,4,59,84
IQ:21,176,255,48,6
IQ:22,184,8,74,107
IQ:23,192,255,89,1
IQ:24,200,7,-39,47
IQ:25,208,255,-13,50
IQ:26,216,6,-37,46
IQ:27,224,255,79,36
IQ:28,232,5,126,-78
IQ:29,240,255,-35,-71
IQ:30,248,12,83,100
IQ:31,256,255,84,-36
IQ:32,264,1,-78,0
IQ:33,272,255,-36,56
IQ:34,280,2,-27,-38
IQ:35,288,255,-25,-60
SW:2
RR:3
SS:3
FR:2480
ME:38
MA:237
KE:29
KA:221
DF_END

Data arrived...
DF_BEGIN
IQ:0,0,11,208,49
IQ:1,8,11,43,-205
IQ:2,16,11,-216,-11
IQ:3,24,11,10,217
IQ:4,32,11,221,-18
IQ:5,40,11,-29,-211
IQ:6,48,11,-209,66
IQ:7,56,11,91,199
IQ:8,72,12,-95,87
IQ:9,80,255,-24,59
IQ:10,88,1,-80,-103
IQ:11,96,255,-20,10
IQ:12,104,2,172,-87
IQ:13,112,255,11,-106
IQ:14,120,10,192,-15
IQ:15,128,255,106,-217
IQ:16,136,3,34,-329
IQ:17,144,255,-118,-122
IQ:18,152,9,130,-201
IQ:19,160,255,-91,-316
IQ:20,168,4,-335,-408
IQ:21,176,255,-364,64
IQ:22,184,8,-115,-163
IQ:23,192,255,-99,-75
IQ:24,200,7,34,-389
IQ:25,208,255,-192,-98
IQ:26,216,6,113,-14
IQ:27,224,255,-97,-109
IQ:28,232,5,-260,156
IQ:29,240,255,37,226
IQ:30,248,12,-118,-39
IQ:31,256,255,-63,2
IQ:32,264,1,52,-124
IQ:33,272,255,-12,-15
IQ:34,280,2,178,114
IQ:35,288,255,69,-30
SW:2
RR:3
SS:3
FR:2426
ME:38
MA:243
KE:30
KA:224
DF_END

Data arrived...
DF_BEGIN
IQ:0,0,11,13,-148
IQ:1,8,11,-155,13
IQ:2,16,11,32,145
IQ:3,24,11,147,-43
IQ:4,32,11,-59,-152
IQ:5,40,11,-141,74
IQ:6,48,11,72,135
IQ:7,56,11,119,-84
IQ:8,72,12,-16,85
IQ:9,80,255,92,66
IQ:10,88,1,53,30
IQ:11,96,255,-40,-72
IQ:12,104,2,-174,-27
IQ:13,112,255,-22,82
IQ:14,120,10,3,-127
IQ:15,128,255,-170,-22
IQ:16,136,3,-161,209
IQ:17,144,255,109,135
IQ:18,152,9,-15,-38
IQ:19,160,255,-134,94
IQ:20,168,4,-33,357
IQ:21,176,255,260,98
IQ:22,184,8,-26,-46
IQ:23,192,255,-95,72
IQ:24,200,7,-52,165
IQ:25,208,255,105,19
IQ:26,216,6,-75,-112
IQ:27,224,255,-87,143
IQ:28,232,5,231,199
IQ:29,240,255,187,-136
IQ:30,248,12,-79,31
IQ:31,256,255,-22,117
IQ:32,264,1,-3,53
IQ:33,272,255,38,-58
IQ:34,280,2,-62,-173
IQ:35,288,255,-87,19
SW:2
RR:3
SS:3
FR:2402
ME:7
MA:103
KE:28
KA:213
DF_END

Data arrived...
DF_BEGIN
IQ:0,0,11,108,112
IQ:1,8,11,94,-125
IQ:2,16,11,-130,-82
IQ:3,24,11,-82,136
IQ:4,32,11,149,56
IQ:5,40,11,40,-153
IQ:6,48,11,-154,-24
IQ:7,56,11,-1,157
IQ:8,72,12,-52,-71
IQ:9,80,255,-123,20
IQ:10,88,1,-49,32
IQ:11,96,255,77,9
IQ:12,104,2,143,-121
IQ:13,112,255,-59,-70
IQ:14,120,10,89,91
IQ:15,128,255,127,-119
IQ:16,136,3,-78,-253
IQ:17,144,255,-198,-6
IQ:18,152,9,40,13
IQ:19,160,255,19,-166
IQ:20,168,4,-259,-274
IQ:21,176,255,-246,112
IQ:22,184,8,35,-1
IQ:23,192,255,5,-120
IQ:24,200,7,-103,-153
IQ:25,208,255,-94,83
IQ:26,216,6,135,12
IQ:27,224,255,-60,-163
IQ:28,232,5,-306,48
IQ:29,240,255,-7,235
IQ:30,248,12,35,-74
IQ:31,256,255,-73,-103
IQ:32,264,1,-54,-31
IQ:33,272,255,27,69
IQ:34,280,2,174,64
IQ:35,288,255,32,-78
SW:2
RR:3
SS:3
FR:2402
ME:10
MA:97
KE:26
KA:198
DF_END

Data arrived...
DF_BEGIN
IQ:0,0,11,38,153
IQ:1,8,11,153,-44
IQ:2,16,11,-52,-156
IQ:3,24,11,-134,73
IQ:4,32,11,97,132
IQ:5,40,11,125,-105
IQ:6,48,11,-115,-117
IQ:7,56,11,-106,122
IQ:8,72,12,-17,-138
IQ:9,80,255,-91,-13
IQ:10,88,1,68,38
IQ:11,96,255,59,-28
IQ:12,104,2,12,37
IQ:13,112,255,24,63
IQ:14,120,10,100,163
IQ:15,128,255,174,-12
IQ:16,136,3,74,-20
IQ:17,144,255,31,15
IQ:18,152,9,169,74
IQ:19,160,255,134,-106
IQ:20,168,4,82,-63
IQ:21,176,255,-3,-65
IQ:22,184,8,104,-92
IQ:23,192,255,-4,-92
IQ:24,200,7,49,32
IQ:25,208,255,42,3
IQ:26,216,6,52,26
IQ:27,224,255,33,-89
IQ:28,232,5,-96,-116
IQ:29,240,255,-63,37
IQ:30,248,12,112,-77
IQ:31,256,255,-20,-86
IQ:32,264,1,9,76
IQ:33,272,255,53,35
IQ:34,280,2,-35,19
IQ:35,288,255,-52,23
SW:2
RR:3
SS:3
FR:2480
ME:38
MA:237
KE:27
KA:205
DF_END

Data arrived...
DF_BEGIN
IQ:0,0,11,-89,142
IQ:1,8,11,146,81
IQ:2,16,11,57,-150
IQ:3,24,11,-157,-62
IQ:4,32,11,-30,171
IQ:5,40,11,162,11
IQ:6,48,11,8,-172
IQ:7,56,11,-165,22
IQ:8,72,12,-45,-110
IQ:9,80,255,-35,-32
IQ:10,88,1,108,-32
IQ:11,96,255,12,-23
IQ:12,104,2,6,164
IQ:13,112,255,75,45
IQ:14,120,10,-33,142
IQ:15,128,255,132,143
IQ:16,136,3,226,106
IQ:17,144,255,123,-68
IQ:18,152,9,154,129
IQ:19,160,255,269,26
IQ:20,168,4,402,-132
IQ:21,176,255,61,-288
IQ:22,184,8,166,-63
IQ:23,192,255,94,-61
IQ:24,200,7,287,114
IQ:25,208,255,138,-133
IQ:26,216,6,-27,88
IQ:27,224,255,98,-32
IQ:28,232,5,-60,-244
IQ:29,240,255,-172,-36
IQ:30,248,12,76,-81
IQ:31,256,255,8,-41
IQ:32,264,1,87,76
IQ:33,272,255,19,-10
IQ:34,280,2,-139,109
IQ:35,288,255,-6,74
SW:2
RR:3
SS:3
FR:2426
ME:38
MA:243
KE:28
KA:211
DF_END

Data arrived...
DF_BEGIN
IQ:0,0,11,-159,1
IQ:1,8,11,1,161
IQ:2,16,11,151,-34
IQ:3,24,11,-43,-161
IQ:4,32,11,-150,51
IQ:5,40,11,71,131
IQ:6,48,11,129,-87
IQ:7,56,11,-93,-131
IQ:8,72,12,79,27
IQ:9,80,255,85,-90
IQ:10,88,1,21,-53
IQ:11,96,255,-73,53
IQ:12,104,2,-23,186
IQ:13,112,255,87,13
IQ:14,120,10,-120,-1
IQ:15,128,255,-11,169
IQ:16,136,3,215,152
IQ:17,144,255,136,-117
IQ:18,152,9,-42,13
IQ:19,160,255,82,136
IQ:20,168,4,354,16
IQ:21,176,255,82,-260
IQ:22,184,8,-30,19
IQ:23,192,255,75,98
IQ:24,200,7,179,39
IQ:25,208,255,20,-114
IQ:26,216,6,-103,81
IQ:27,224,255,145,77
IQ:28,232,5,200,-244
IQ:29,240,255,-138,-189
IQ:30,248,12,29,82
IQ:31,256,255,120,21
IQ:32,264,1,61,-13
IQ:33,272,255,-70,-37
IQ:34,280,2,-170,60
IQ:35,288,255,28,80
SW:2
RR:3
SS:3
FR:2402
ME:7
MA:103
KE:26
KA:197
DF_END

Data arrived...
DF_BEGIN
IQ:0,0,11,-53,157
IQ:1,8,11,152,39
IQ:2,16,11,22,-154
IQ:3,24,11,-157,-6
IQ:4,32,11,16,161
IQ:5,40,11,158,-27
IQ:6,48,11,-45,-152
IQ:7,56,11,-145,58
IQ:8,72,12,39,-120
IQ:9,80,255,-76,-54
IQ:10,88,1,38,70
IQ:11,96,255,62,5
IQ:12,104,2,-21,40
IQ:13,112,255,-26,64
IQ:14,120,10,-10,187
IQ:15,128,255,148,86
IQ:16,136,3,65,17
IQ:17,144,255,21,31
IQ:18,152,9,121,139
IQ:19,160,255,169,-28
IQ:20,168,4,101,-13
IQ:21,176,255,27,-49
IQ:22,184,8,132,-28
IQ:23,192,255,44,-81
IQ:24