IQ:14,120,10,-231,-35
IQ:15,128,255,-185,194
IQ:16,136,3,-154,269
IQ:17,144,255,24,172
IQ:18,152,9,-244,227
IQ:19,160,255,23,400
IQ:20,168,4,221,535
IQ:21,176,255,388,88
IQ:22,184,8,115,299
IQ:23,192,255,140,111
IQ:24,200,7,-290,392
IQ:25,208,255,128,271
IQ:26,216,6,-86,5
IQ:27,224,255,64,118
IQ:28,232,5,351,-84
IQ:29,240,255,34,-242
IQ:30,248,12,167,113
IQ:31,256,255,75,-25
IQ:32,264,1,-163,99
IQ:33,272,255,-3,80
IQ:34,280,2,-77,-190
IQ:35,288,255,-97,-64
SW:2
RR:3
SS:3
FR:2426
ME:35
MA:243
KE:30
KA:238
DF_END

Data arrived...
DF_BEGIN
IQ:0,0,11,-6,143
IQ:1,8,11,148,-12
IQ:2,16,11,-27,-152
IQ:3,24,11,-137,50
IQ:4,32,11,58,133
IQ:5,40,11,120,-86
IQ:6,48,11,-81,-126
IQ:7,56,11,-116,85
IQ:8,72,12,14,-84
IQ:9,80,255,-92,-61
IQ:10,88,1,-52,-25
IQ:11,96,255,34,60
IQ:12,104,2,163,28
IQ:13,112,255,27,-81
IQ:14,120,10,11,101
IQ:15,128,255,155,2
IQ:16,136,3,136,-196
IQ:17,144,255,-100,-129
IQ:18,152,9,18,19
IQ:19,160,255,112,-92
IQ:20,168,4,18,-360
IQ:21,176,255,-242,-110
IQ:22,184,8,18,16
IQ:23,192,255,81,-63
IQ:24,200,7,51,-166
IQ:25,208,255,-110,-29
IQ:26,216,6,65,93
IQ:27,224,255,67,-129
IQ:28,232,5,-238,-169
IQ:29,240,255,-174,135
IQ:30,248,12,80,-32
IQ:31,256,255,19,-112
IQ:32,264,1,-7,-53
IQ:33,272,255,-42,61
IQ:34,280,2,60,154
IQ:35,288,255,67,-27
SW:2
RR:3
SS:3
FR:2402
ME:10
MA:103
KE:28
KA:231
DF_END

Data arrived...
DF_BEGIN
IQ:0,0,11,-22,-166
IQ:1,8,11,-158,37
IQ:2,16,11,54,151
IQ:3,24,11,141,-76
IQ:4,32,11,-100,-137
IQ:5,40,11,-135,95
IQ:6,48,11,111,130
IQ:7,56,11,104,-122
IQ:8,72,12,22,136
IQ:9,80,255,99,19
IQ:10,88,1,-66,-44
IQ:11,96,255,-57,22
IQ:12,104,2,-5,-43
IQ:13,112,255,-13,-69
IQ:14,120,10,-87,-173
IQ:15,128,255,-177,1
IQ:16,136,3,-77,12
IQ:17,144,255,-25,-18
IQ:18,152,9,-172,-91
IQ:19,160,255,-152,95
IQ:20,168,4,-88,61
IQ:21,176,255,-1,55
IQ:22,184,8,-112,66
IQ:23,192,255,-2,93
IQ:24,200,7,-44,-52
IQ:25,208,255,-51,-22
IQ:26,216,6,-42,-37
IQ:27,224,255,-41,84
IQ:28,232,5,86,118
IQ:29,240,255,68,-36
IQ:30,248,12,-115,78
IQ:31,256,255,32,92
IQ:32,264,1,-1,-80
IQ:33,272,255,-50,-37
IQ:34,280,2,33,-17
IQ:35,288,255,63,-26
SW:2
RR:3
SS:3
FR:2480
ME:38
MA:237
KE:29
KA:232
DF_END

Data arrived...
DF_BEGIN
IQ:0,0,11,149,20
IQ:1,8,11,-4,-155
IQ:2,16,11,-149,17
IQ:3,24,11,29,148
IQ:4,32,11,143,-39
IQ:5,40,11,-51,-137
IQ:6,48,11,-133,64
IQ:7,56,11,77,134
IQ:8,72,12,-85,72
IQ:9,80,255,11,50
IQ:10,88,1,-45,-113
IQ:11,96,255,-47,5
IQ:12,104,2,148,-30
IQ:13,112,255,53,-88
IQ:14,120,10,145,-46
IQ:15,128,255,70,-163
IQ:16,136,3,30,-212
IQ:17,144,255,-61,-104
IQ:18,152,9,109,-198
IQ:19,160,255,-83,-253
IQ:20,168,4,-210,-318
IQ:21,176,255,-263,0
IQ:22,184,8,-140,-173
IQ:23,192,255,-112,-44
IQ:24,200,7,82,-315
IQ:25,208,255,-146,-143
IQ:26,216,6,66,-12
IQ:27,224,255,-66,-61
IQ:28,232,5,-193,124
IQ:29,240,255,7,152
IQ:30,248,12,-118,-53
IQ:31,256,255,-20,15
IQ:32,264,1,59,-60
IQ:33,272,255,-46,-67
IQ:34,280,2,141,96
IQ:35,288,255,63,61
SW:2
RR:3
SS:3
FR:2426
ME:38
MA:243
KE:30
KA:233
DF_END

Data arrived...
DF_BEGIN
IQ:0,0,11,-188,-20
IQ:1,8,11,-6,186
IQ:2,16,11,203,-18
IQ:3,24,11,-11,-191
IQ:4,32,11,-192,28
IQ:5,40,11,47,184
IQ:6,48,11,179,-64
IQ:7,56,11,-81,-167
IQ:8,72,12,94,49
IQ:9,80,255,112,-85
IQ:10,88,1,42,-51
IQ:11,96,255,-95,17
IQ:12,104,2,-92,194
IQ:13,112,255,104,53
IQ:14,120,10,-125,-47
IQ:15,128,255,-65,188
IQ:16,136,3,196,226
IQ:17,144,255,189,-102
IQ:18,152,9,-36,9
IQ:19,160,255,86,171
IQ:20,168,4,436,119
IQ:21,176,255,186,-276
IQ:22,184,8,-26,17
IQ:23,192,255,58,117
IQ:24,200,7,202,112
IQ:25,208,255,79,-126
IQ:26,216,6,-141,56
IQ:27,224,255,144,134
IQ:28,232,5,304,-228
IQ:29,240,255,-114,-258
IQ:30,248,12,5,116
IQ:31,256,255,128,65
IQ:32,264,1,61,6
IQ:33,272,255,-66,-52
IQ:34,280,2,-221,15
IQ:35,288,255,14,91
SW:2
RR:3
SS:3
FR:2402
ME:7
MA:117
KE:28
KA:223
DF_END

Data arrived...
DF_BEGIN
IQ:0,0,11,166,10
IQ:1,8,11,-3,-158
IQ:2,16,11,-164,19
IQ:3,24,11,49,156
IQ:4,32,11,157,-58
IQ:5,40,11,-78,-140
IQ:6,48,11,-128,99
IQ:7,56,11,101,134
IQ:8,72,12,-139,-15
IQ:9,80,255,-34,88
IQ:10,88,1,57,-52
IQ:11,96,255,2,-67
IQ:12,104,2,37,5
IQ:13,112,255,70,6
IQ:14,120,10,198,-45
IQ:15,128,255,34,-170
IQ:16,136,3,3,-78
IQ:17,144,255,25,-22
IQ:18,152,9,117,-147
IQ:19,160,255,-66,-158
IQ:20,168,4,-40,-100
IQ:21,176,255,-50,-14
IQ:22,184,8,-51,-125
IQ:23,192,255,-89,-21
IQ:24,200,7,58,-32
IQ:25,208,255,28,-47
IQ:26,216,6,42,-38
IQ:27,224,255,-80,-51
IQ:28,232,5,-133,71
IQ:29,240,255,20,81
IQ:30,248,12,-51,-124
IQ:31,256,255,-97,13
IQ:32,264,1,66,27
IQ:33,272,255,47,-42
IQ:34,280,2,14,40
IQ:35,288,255,11,65
SW:2
RR:3
SS:3
FR:2480
ME:38
MA:237
KE:28
KA:225
DF_END

Data arrived...
DF_BEGIN
IQ:0,0,11,81,129
IQ:1,8,11,99,-101
IQ:2,16,11,-113,-102
IQ:3,24,11,-90,119
IQ:4,32,11,125,71
IQ:5,40,11,55,-136
IQ:6,48,11,-139,-52
IQ:7,56,11,-38,141
IQ:8,72,12,-118,0
IQ:9,80,255,-39,49
IQ:10,88,1,43,-121
IQ:11,96,255,-38,-34
IQ:12,104,2,121,83
IQ:13,112,255,97,-19
IQ:14,120,10,126,82
IQ:15,128,255,160,-71
IQ:16,136,3,175,-139
IQ:17,144,255,33,-113
IQ:18,152,9,221,-64
IQ:19,160,255,129,-234
IQ:20,168,4,65,-386
IQ:21,176,255,-191,-180
IQ:22,184,8,28,-223
IQ:23,192,255,-48,-109
IQ:24,200,7,267,-174
IQ:25,208,255,-16,-213
IQ:26,216,6,53,34
IQ:27,224,255,-6,-94
IQ:28,232,5,-232,-57
IQ:29,240,255,-116,118
IQ:30,248,12,-43,-110
IQ:31,256,255,-62,-10
IQ:32,264,1,121,-13
IQ:33,272,255,13,-51
IQ:34,280,2,-14,141
IQ:35,288,255,48,63
SW:2
RR:3
SS:3
FR:2426
ME:35
MA:243
KE:29
KA:227
DF_END

Data arrived...
DF_BEGIN
IQ:0,0,11,138,-45
IQ:1,8,11,-62,-136
IQ:2,16,11,-140,80
IQ:3,24,11,79,127
IQ:4,32,11,117,-91
IQ:5,40,11,-98,-114
IQ:6,48,11,-105,111
IQ:7,56,11,120,88
IQ:8,72,12,-84,-3
IQ:9,80,255,-48,101
IQ:10,88,1,1,57
IQ:11,96,255,54,-62
IQ:12,104,2,-48,-170
IQ:13,112,255,-91,7
IQ:14,120,10,103,-25
IQ:15,128,255,-29,-155
IQ:16,136,3,-226,-78
IQ:17,144,255,-89,143
IQ:18,152,9,27,-18
IQ:19,160,255,-120,-81
IQ:20,168,4,-348,98
IQ:21,176,255,-1,261
IQ:22,184,8,14,-25
IQ:23,192,255,-93,-54
IQ:24,200,7,-189,6
IQ:25,208,255,11,111
IQ:26,216,6,56,-120
IQ:27,224,255,-155,-35
IQ:28,232,5,-109,271
IQ:29,240,255,189,114
IQ:30,248,12,-59,-60
IQ:31,256,255,-117,12
IQ:32,264,1,-48,20
IQ:33,272,255,74,14
IQ:34,280,2,130,-112
IQ:35,288,255,-48,-69
SW:2
RR:3
SS:3
FR:2402
ME:7
MA:114
KE:27
KA:216
DF_END

Data arrived...
DF_BEGIN
IQ:0,0,11,166,-7
IQ:1,8,11,-19,-160
IQ:2,16,11,-172,22
IQ:3,24,11,44,154
IQ:4,32,11,147,-74
IQ:5,40,11,-83,-137
IQ:6,48,11,-128,102
IQ:7,56,11,110,120
IQ:8,72,12,-137,8
IQ:9,80,255,-28,96
IQ:10,88,1,54,-58
IQ:11,96,255,-13,-62
IQ:12,104,2,41,9
IQ:13,112,255,69,3
IQ:14,120,10,190,-50
IQ:15,128,255,30,-171
IQ:16,136,3,-5,-74
IQ:17,144,255,18,-27
IQ:18,152,9,97,-172
IQ:19,160,255,-76,-162
IQ:20,168,4,-56,-92
IQ:21,176,255,-53,-13
IQ:22,184,8,-69,-120
IQ:23,192,255,-91,-5
IQ:24,200,7,62,-33
IQ:25,208,255,29,-52
IQ:26,216,6,40,-39
IQ:27,224,255,-79,-49
IQ:28,232,5,-130,77
IQ:29,240,255,30,67
IQ:30,248,12,-67,-119
IQ:31,256,255,-98,10
IQ:32,264,1,71,16
IQ:33,272,255,50,-48
IQ:34,280,2,13,39
IQ:35,288,255,15,65
SW:2
RR:3
SS:3
FR:2480
ME:38
MA:237
KE:28
KA:219
DF_END

Data arrived...
DF_BEGIN
IQ:0,0,11,-108,-126
IQ:1,8,11,-125,114
IQ:2,16,11,118,114
IQ:3,24,11,100,-124
IQ:4,32,11,-138,-77
IQ:5,40,11,-58,154
IQ:6,48,11,157,47
IQ:7,56,11,36,-160
IQ:8,72,12,85,110
IQ:9,80,255,95,-36
IQ:10,88,1,-78,-11
IQ:11,96,255,-42,51
IQ:12,104,2,-27,-36
IQ:13,112,255,-49,-53
IQ:14,120,10,-164,-127
IQ:15,128,255,-153,83
IQ:16,136,3,-58,48
IQ:17,144,255,-38,1
IQ:18,152,9,-195,22
IQ:19,160,255,-74,162
IQ:20,168,4,-47,94
IQ:21,176,255,22,51
IQ:22,184,8,-55,122
IQ:23,192,255,44,76
IQ:24,200,7,-61,-27
IQ:25,208,255,-59,8
IQ:26,216,6,-60,-9
IQ:27,224,255,5,91
IQ:28,232,5,134,70
IQ:29,240,255,47,-62
IQ:30,248,12,-65,120
IQ:31,256,255,70,72
IQ:32,264,1,-36,-69
IQ:33,272,255,-63,-5
IQ:34,280,2,21,-42
IQ:35,288,255,38,-49
SW:2
RR:3
SS:3
FR:2480
ME:38
MA:237
KE:29
KA:221
DF_END

Data arrived...
DF_BEGIN
IQ:0,0,11,-147,-26
IQ:1,8,11,-8,144
IQ:2,16,11,155,-12
IQ:3,24,11,-40,-150
IQ:4,32,11,-140,59
IQ:5,40,11,70,144
IQ:6,48,11,134,-80
IQ:7,56,11,-95,-126
IQ:8,72,12,89,-84
IQ:9,80,255,-17,-43
IQ:10,88,1,53,105
IQ:11,96,255,44,3
IQ:12,104,2,-140,32
IQ:13,112,255,-49,71
IQ:14,120,10,-150,56
IQ:15,128,255,-53,170
IQ:16,136,3,-15,225
IQ:17,144,255,66,100
IQ:18,152,9,-79,212
IQ:19,160,255,120,243
IQ:20,168,4,259,308
IQ:21,176,255,271,-15
IQ:22,184,8,131,177
IQ:23,192,255,101,42
IQ:24,200,7,-64,311
IQ:25,208,255,153,123
IQ:26,216,6,-62,12
IQ:27,224,255,76,50
IQ:28,232,5,198,-140
IQ:29,240,255,-23,-162
IQ:30,248,12,121,23
IQ:31,256,255,47,-25
IQ:32,264,1,-67,95
IQ:33,272,255,16,42
IQ:34,280,2,-106,-101
IQ:35,288,255,-76,-15
SW:2
RR:3
SS:3
FR:2426
ME:33
MA:243
KE:29
KA:224
DF_END

Data arrived...
DF_BEGIN
IQ:0,0,11,-50,185
IQ:1,8,11,185,40
IQ:2,16,11,31,-189
IQ:3,24,11,-186,-14
IQ:4,32,11,22,194
IQ:5,40,11,188,-54
IQ:6,48,11,-67,-179
IQ:7,56,11,-182,87
IQ:8,72,12,53,-98
IQ:9,80,255,-86,-121
IQ:10,88,1,-54,-48
IQ:11,96,255,27,99
IQ:12,104,2,201,94
IQ:13,112,255,62,-102
IQ:14,120,10,-52,124
IQ:15,128,255,176,78
IQ:16,136,3,241,-199
IQ:17,144,255,-85,-201
IQ:18,152,9,5,43
IQ:19,160,255,172,-67
IQ:20,168,4,139,-432
IQ:21,176,255,-270,-202
IQ:22,184,8,9,28
IQ:23,192,255,129,-47
IQ:24,200,7,121,-193
IQ:25,208,255,-130,-68
IQ:26,216,6,63,149
IQ:27,224,255,134,-138
IQ:28,232,5,-200,-311
IQ:29,240,255,-257,107
IQ:30,248,12,104,-4
IQ:31,256,255,90,-130
IQ:32,264,1,10,-72
IQ:33,272,255,-68,71
IQ:34,280,2,9,214
IQ:35,288,255,101,-9
SW:2
RR:3
SS:3
FR:2402
ME:10
MA:94
KE:27
KA:214
DF_END

Data arrived...
DF_BEGIN
IQ:0,0,11,122,154
IQ:1,8,11,129,-136
IQ:2,16,11,-144,-109
IQ:3,24,11,-94,163
IQ:4,32,11,167,80
IQ:5,40,11,53,-180
IQ:6,48,11,-185,-59
IQ:7,56,11,-41,186
IQ:8,72,12,-60,-85
IQ:9,80,255,-135,11
IQ:10,88,1,-66,23
IQ:11,96,255,86,36
IQ:12,104,2,173,-126
IQ:13,112,255,-48,-96
IQ:14,120,10,96,99
IQ:15,128,255,165,-109
IQ:16,136,3,-10,-298
IQ:17,144,255,-210,-22
IQ:18,152,9,50,10
IQ:19,160,255,26,-186
IQ:20,168,4,-287,-342
IQ:21,176,255,-303,138
IQ:22,184,8,26,12
IQ:23,192,255,21,-129
IQ:24,200,7,-96,-216
IQ:25,208,255,-130,49
IQ:26,216,6,148,37
IQ:27,224,255,-43,-192
IQ:28,232,5,-363,53
IQ:29,240,255,-59,277
IQ:30,248,12,56,-88
IQ:31,256,255,-73,-131
IQ:32,264,1,-45,-45
IQ:33,272,255,25,84
IQ:34,280,2,193,95
IQ:35,288,255,45,-77
SW:2
RR:3
SS:3
FR:2402
ME:7
MA:103
KE:25
KA:201
DF_END

Data arrived...
DF_BEGIN
IQ:0,0,11,135,94
IQ:1,8,11,81,-140
IQ:2,16,11,-151,-77
IQ:3,24,11,-51,157
IQ:4,32,11,160,29
IQ:5,40,11,17,-163
IQ:6,48,11,-168,-4
IQ:7,56,11,12,164
IQ:8,72,12,-116,-84
IQ:9,80,255,-85,54
IQ:10,88,1,74,-10
IQ:11,96,255,25,-59
IQ:12,104,2,27,31
IQ:13,112,255,57,38
IQ:14,120,10,197,67
IQ:15,128,255,128,-121
IQ:16,136,3,34,-60
IQ:17,144,255,32,-8
IQ:18,152,9,181,-58
IQ:19,160,255,37,-176
IQ:20,168,4,17,-99
IQ:21,176,255,-41,-35
IQ:22,184,8,26,-139
IQ:23,192,255,-64,-70
IQ:24,200,7,60,2
IQ:25,208,255,46,-29
IQ:26,216,6,57,-10
IQ:27,224,255,-42,-90
IQ:28,232,5,-152,-25
IQ:29,240,255,-29,69
IQ:30,248,12,17,-138
IQ:31,256,255,-88,-49
IQ:32,264,1,45,67
IQ:33,272,255,62,-5
IQ:34,280,2,-10,37
IQ:35,288,255,-34,61
SW:2
RR:3
SS:3
FR:2480
ME:38
MA:237
KE:26
KA:206
DF_END

Data arrived...
DF_BEGIN
IQ:0,0,11,74,-173
IQ:1,8,11,-166,-64
IQ:2,16,11,-50,171
IQ:3,24,11,176,17
IQ:4,32,11,-11,-186
IQ:5,40,11,-185,20
IQ:6,48,11,10,177
IQ:7,56,11,177,-40
IQ:8,72,12,68,122
IQ:9,80,255,53,-10
IQ:10,88,1,-143,30
IQ:11,96,255,-7,43
IQ:12,104,2,-6,-187
IQ:13,112,255,-84,-84
IQ:14,120,10,11,-182
IQ:15,128,255,-165,-136
IQ:16,136,3,-253,-110
IQ:17,144,255,-155,50
IQ:18,152,9,-211,-152
IQ:19,160,255,-322,34
IQ:20,168,4,-468,130
IQ:21,176,255,-68,323
IQ:22,184,8,-250,106
IQ:23,192,255,-84,111
IQ:24,200,7,-356,-207
IQ:25,208,255,-212,125
IQ:26,216,6,7,-86
IQ:27,224,255,-97,56
IQ:28,232,5,76,277
IQ:29,240,255,195,45
IQ:30,248,12,-69,128
IQ:31,256,255,19,54
IQ:32,264,1,-95,-107
IQ:33,272,255,-51,26
IQ:34,280,2,170,-74
IQ:35,288,255,39,-85
SW:2
RR:3
SS:3
FR:2426
ME:35
MA:243
KE:27
KA:212
DF_END

Data arrived...
DF_BEGIN
IQ:0,0,11,-2,149
IQ:1,8,11,146,-17
IQ:2,16,11,-31,-152
IQ:3,24,11,-146,48
IQ:4,32,11,53,133
IQ:5,40,11,138,-68
IQ:6,48,11,-81,-130
IQ:7,56,11,-120,89
IQ:8,72,12,15,-82
IQ:9,80,255,-95,-70
IQ:10,88,1,-56,-17
IQ:11,96,255,34,71
IQ:12,104,2,159,32
IQ:13,112,255,16,-84
IQ:14,120,10,0,111
IQ:15,128,255,156,19
IQ:16,136,3,151,-187
IQ:17,144,255,-101,-131
IQ:18,152,9,19,21
IQ:19,160,255,114,-98
IQ:20,168,4,14,-353
IQ:21,176,255,-253,-88
IQ:22,184,8,8,20
IQ:23,192,255,72,-69
IQ:24,200,7,41,-181
IQ:25,208,255,-115,-29
IQ:26,216,6,67,104
IQ:27,224,255,85,-127
IQ:28,232,5,-226,-179
IQ:29,240,255,-168,145
IQ:30,248,12,75,-33
IQ:31,256,255,10,-120
IQ:32,264,1,-4,-53
IQ:33,272,255,-38,65
IQ:34,280,2,62,158
IQ:35,288,255,71,-24
SW:2
RR:3
SS:3
FR:2402
ME:7
MA:103
KE:25
KA:199
DF_END

Data arrived...
DF_BEGIN
IQ:0,0,11,-26,184
IQ:1,8,11,187,-4
IQ:2,16,11,-21,-195
IQ:3,24,11,-182,48
IQ:4,32,11,78,181
IQ:5,40,11,167,-82
IQ:6,48,11,-89,-168
IQ:7,56,11,-160,93
IQ:8,72,12,28,-107
IQ:9,80,255,-111,-84
IQ:10,88,1,-63,-28
IQ:11,96,255,36,83
IQ:12,104,2,205,49
IQ:13,112,255,32,-107
IQ:14,120,10,-18,135
IQ:15,128,255,190,37
IQ:16,136,3,189,-217
IQ:17,144,255,-123,-168
IQ:18,152,9,16,29
IQ:19,160,255,145,-116
IQ:20,168,4,1,-448
IQ:21,176,255,-317,-116
IQ:22,184,8,21,22
IQ:23,192,255,102,-75
IQ:24,200,7,69,-215
IQ:25,208,255,-150,-46
IQ:26,216,6,83,126
IQ:27,224,255,106,-163
IQ:28,232,5,-282,-227
IQ:29,240,255,-223,168
IQ:30,248,12,104,-36
IQ:31,256,255,31,-147
IQ:32,264,1,-6,-67
IQ:33,272,255,-56,72
IQ:34,280,2,49,209
IQ:35,288,255,92,-20
SW:2
RR:3
SS:3
FR:2402
ME:10
MA:103
KE:23
KA:184
DF_END

Data arrived...
DF_BEGIN
IQ:0,0,11,163,45
IQ:1,8,11,47,-155
IQ:2,16,11,-166,-15
IQ:3,24,11,3,165
IQ:4,32,11,162,-16
IQ:5,40,11,-28,-165
IQ:6,48,11,-163,43
IQ:7,56,11,62,147
IQ:8,72,12,-132,-46
IQ:9,80,255,-67,78
IQ:10,88,1,65,-32
IQ:11,96,255,4,-61
IQ:12,104,2,36,17
IQ:13,112,255,62,20
IQ:14,120,10,194,9
IQ:15,128,255,77,-156
IQ:16,136,3,18,-71
IQ:17,144,255,23,-14
IQ:18,152,9,154,-118
IQ:19,160,255,-17,-181
IQ:20,168,4,-16,-103
IQ:21,176,255,-46,-28
IQ:22,184,8,-13,-133
IQ:23,192,255,-86,-41
IQ:24,200,7,62,-9
IQ:25,208,255,35,-33
IQ:26,216,6,48,-24
IQ:27,224,255,-62,-73
IQ:28,232,5,-146,22
IQ:29,240,255,-13,77
IQ:30,248,12,-30,-129
IQ:31,256,255,-103,-16
IQ:32,264,1,64,41
IQ:33,272,255,53,-31
IQ:34,280,2,-2,40
IQ:35,288,255,-14,68
SW:2
RR:3
SS:3
FR:2480
ME:38
MA:237
KE:24
KA:193
DF_END

Data arrived...
DF_BEGIN
IQ:0,0,11,27,149
IQ:1,8,11,141,-41
IQ:2,16,11,-60,-134
IQ:3,24,11,-125,77
IQ:4,32,11,91,122
IQ:5,40,11,114,-102
IQ:6,48,11,-117,-100
IQ:7,56,11,-92,110
IQ:8,72,12,-110,-36
IQ:9,80,255,-45,38
IQ:10,88,1,84,-106
IQ:11,96,255,-10,-48
IQ:12,104,2,86,115
IQ:13,112,255,95,13
IQ:14,120,10,100,120
IQ:15,128,255,178,-1
IQ:16,136,3,216,-52
IQ:17,144,255,75,-103
IQ:18,152,9,224,19
IQ:19,160,255,209,-169
IQ:20,168,4,222,-310
IQ:21,176,255,-112,-246
IQ:22,184,8,101,-197
IQ:23,192,255,7,-111
IQ:24,200,7,320,-55
IQ:25,208,255,61,-191
IQ:26,216,6,34,50
IQ:27,224,255,31,-79
IQ:28,232,5,-182,-144
IQ:29,240,255,-156,60
IQ:30,248,12,-7,-118
IQ:31,256,255,-52,-31
IQ:32,264,1,123,33
IQ:33,272,255,29,-32
IQ:34,280,2,-61,142
IQ:35,288,255,10,78
SW:2
RR:3
SS:3
FR:2426
ME:35
MA:243
KE:25
KA:202
DF_END

Data arrived...
DF_BEGIN
IQ:0,0,11,168,-85
IQ:1,8,11,-94,-163
IQ:2,16,11,-154,117
IQ:3,24,11,122,144
IQ:4,32,11,123,-134
IQ:5,40,11,-159,-106
IQ:6,48,11,-93,156
IQ:7,56,11,158,95
IQ:8,72,12,-103,26
IQ:9,80,255,-23,133
IQ:10,88,1,4,71
IQ:11,96,255,56,-75
IQ:12,104,2,-65,-199
IQ:13,112,255,-107,29
IQ:14,120,10,120,-68
IQ:15,128,255,-69,-189
IQ:16,136,3,-298,-75
IQ:17,144,255,-85,186
IQ:18,152,9,24,-37
IQ:19,160,255,-176,-81
IQ:20,168,4,-405,186
IQ:21,176,255,28,333
IQ:22,184,8,6,-36
IQ:23,192,255,-120,-58
IQ:24,200,7,-228,41
IQ:25,208,255,21,138
IQ:26,216,6,75,-132
IQ:27,224,255,-194,-25
IQ:28,232,5,-84,342
IQ:29,240,255,261,122
IQ:30,248,12,-79,-76
IQ:31,256,255,-141,49
IQ:32,264,1,-58,33
IQ:33,272,255,90,9
IQ:34,280,2,169,-138
IQ:35,288,255,-56,-65
SW:2
RR:3
SS:3
FR:2402
ME:10
MA:103
KE:24
KA:186
DF_END

Data arrived...
DF_BEGIN
IQ:0,0,11,151,52
IQ:1,8,11,39,-164
IQ:2,16,11,-159,-37
IQ:3,24,11,-22,171
IQ:4,32,11,160,3
IQ:5,40,11,-19,-167
IQ:6,48,11,-164,36
IQ:7,56,11,59,146
IQ:8,72,12,-129,-50
IQ:9,80,255,-64,80
IQ:10,88,1,76,-30
IQ:11,96,255,16,-63
IQ:12,104,2,38,15
IQ:13,112,255,58,25
IQ:14,120,10,199,34
IQ:15,128,255,104,-142
IQ:16,136,3,25,-70
IQ:17,144,255,28,-20
IQ:18,152,9,164,-109
IQ:19,160,255,-2,-178
IQ:20,168,4,-12,-103
IQ:21,176,255,-47,-31
IQ:22,184,8,-10,-136
IQ:23,192,255,-80,-46
IQ:24,200,7,63,-13
IQ:25,208,255,44,-32
IQ:26,216,6,57,-28
IQ:27,224,255,-55,-74
IQ:28,232,5,-153,11
IQ:29,240,255,-10,74
IQ:30,248,12,-14,-136
IQ:31,256,255,-95,-30
IQ:32,264,1,59,42
IQ:33,272,255,60,-22
IQ:34,280,2,-5,40
IQ:35,288,255,-15,64
SW:2
RR:3
SS:3
FR:2480
ME:38
MA:237
KE:25
KA:196
DF_END

Data arrived...
DF_BEGIN
IQ:0,0,11,-78,128
IQ:1,8,11,138,53
IQ:2,16,11,48,-140
IQ:3,24,11,-144,-36
IQ:4,32,11,-16,146
IQ:5,40,11,154,2
IQ:6,48,11,-18,-151
IQ:7,56,11,-152,16
IQ:8,72,12,-58,-97
IQ:9,80,255,-45,-8
IQ:10,88,1,115,-14
IQ:11,96,255,17,-31
IQ:12,104,2,-9,149
IQ:13,112,255,72,69
IQ:14,120,10,-21,157
IQ:15,128,255,127,127
IQ:16,136,3,195,106
IQ:17,144,255,124,-2