IQ:9,80,255,-6,-129
IQ:10,88,1,-15,-57
IQ:11,96,255,-30,70
IQ:12,104,2,85,154
IQ:13,112,255,68,-34
IQ:14,120,10,-92,70
IQ:15,128,255,86,141
IQ:16,136,3,253,-17
IQ:17,144,255,38,-174
IQ:18,152,9,-26,35
IQ:19,160,255,155,36
IQ:20,168,4,259,-233
IQ:21,176,255,-109,-249
IQ:22,184,8,-22,34
IQ:23,192,255,115,32
IQ:24,200,7,163,-69
IQ:25,208,255,-54,-109
IQ:26,216,6,-44,125
IQ:27,224,255,158,-23
IQ:28,232,5,8,-297
IQ:29,240,255,-219,-59
IQ:30,248,12,74,51
IQ:31,256,255,110,-48
IQ:32,264,1,34,-38
IQ:33,272,255,-77,15
IQ:34,280,2,-88,146
IQ:35,288,255,69,36
SW:2
RR:3
SS:3
FR:2402
ME:356
MA:353
KE:26
KA:252
DF_END

Data arrived...
DF_BEGIN
IQ:0,0,11,143,78
IQ:1,8,11,59,-153
IQ:2,16,11,-164,-32
IQ:3,24,11,-38,172
IQ:4,32,11,154,18
IQ:5,40,11,7,-165
IQ:6,48,11,-171,5
IQ:7,56,11,17,156
IQ:8,72,12,-76,-64
IQ:9,80,255,-117,51
IQ:10,88,1,-41,41
IQ:11,96,255,80,-14
IQ:12,104,2,97,-144
IQ:13,112,255,-79,-43
IQ:14,120,10,99,66
IQ:15,128,255,108,-139
IQ:16,136,3,-112,-230
IQ:17,144,255,-172,45
IQ:18,152,9,47,15
IQ:19,160,255,-35,-159
IQ:20,168,4,-334,-162
IQ:21,176,255,-190,202
IQ:22,184,8,48,-2
IQ:23,192,255,-18,-119
IQ:24,200,7,-135,-116
IQ:25,208,255,-73,103
IQ:26,216,6,131,-20
IQ:27,224,255,-84,-148
IQ:28,232,5,-283,110
IQ:29,240,255,49,224
IQ:30,248,12,23,-99
IQ:31,256,255,-112,-81
IQ:32,264,1,-57,-7
IQ:33,272,255,53,65
IQ:34,280,2,177,21
IQ:35,288,255,9,-76
SW:2
RR:3
SS:3
FR:2402
ME:356
MA:353
KE:22
KA:264
DF_END

Data arrived...
DF_BEGIN
IQ:0,0,11,134,89
IQ:1,8,11,64,-142
IQ:2,16,11,-151,-50
IQ:3,24,11,-24,158
IQ:4,32,11,167,2
IQ:5,40,11,6,-160
IQ:6,48,11,-160,20
IQ:7,56,11,35,163
IQ:8,72,12,-107,-67
IQ:9,80,255,-71,59
IQ:10,88,1,73,-21
IQ:11,96,255,21,-56
IQ:12,104,2,35,18
IQ:13,112,255,68,19
IQ:14,120,10,205,43
IQ:15,128,255,123,-132
IQ:16,136,3,29,-65
IQ:17,144,255,31,-16
IQ:18,152,9,159,-102
IQ:19,160,255,2,-175
IQ:20,168,4,3,-104
IQ:21,176,255,-47,-31
IQ:22,184,8,3,-138
IQ:23,192,255,-76,-55
IQ:24,200,7,69,-15
IQ:25,208,255,39,-31
IQ:26,216,6,59,-14
IQ:27,224,255,-42,-77
IQ:28,232,5,-146,2
IQ:29,240,255,-8,71
IQ:30,248,12,-5,-131
IQ:31,256,255,-87,-29
IQ:32,264,1,56,32
IQ:33,272,255,59,-16
IQ:34,280,2,-6,36
IQ:35,288,255,-19,61
SW:2
RR:3
SS:3
FR:2480
ME:38
MA:237
KE:24
KA:260
DF_END

Data arrived...
DF_BEGIN
IQ:0,0,11,-146,36
IQ:1,8,11,47,138
IQ:2,16,11,131,-70
IQ:3,24,11,-95,-123
IQ:4,32,11,-114,101
IQ:5,40,11,105,108
IQ:6,48,11,103,-105
IQ:7,56,11,-118,-87
IQ:8,72,12,21,-91
IQ:9,80,255,-14,-33
IQ:10,88,1,110,36
IQ:11,96,255,15,-18
IQ:12,104,2,-77,150
IQ:13,112,255,45,91
IQ:14,120,10,-85,98
IQ:15,128,255,9,182
IQ:16,136,3,106,222
IQ:17,144,255,134,49
IQ:18,152,9,24,184
IQ:19,160,255,197,150
IQ:20,168,4,386,159
IQ:21,176,255,237,-174
IQ:22,184,8,180,41
IQ:23,192,255,92,-4
IQ:24,200,7,153,288
IQ:25,208,255,208,-10
IQ:26,216,6,-70,41
IQ:27,224,255,83,40
IQ:28,232,5,111,-209
IQ:29,240,255,-102,-144
IQ:30,248,12,85,-26
IQ:31,256,255,30,-16
IQ:32,264,1,21,106
IQ:33,272,255,25,-3
IQ:34,280,2,-160,-23
IQ:35,288,255,-57,54
SW:2
RR:3
SS:3
FR:2426
ME:38
MA:243
KE:25
KA:258
DF_END

Data arrived...
DF_BEGIN
IQ:0,0,11,62,-155
IQ:1,8,11,-154,-34
IQ:2,16,11,-23,165
IQ:3,24,11,156,20
IQ:4,32,11,17,-163
IQ:5,40,11,-161,2
IQ:6,48,11,21,166
IQ:7,56,11,156,-44
IQ:8,72,12,-47,88
IQ:9,80,255,57,106
IQ:10,88,1,37,32
IQ:11,96,255,-15,-76
IQ:12,104,2,-154,-79
IQ:13,112,255,-40,72
IQ:14,120,10,49,-107
IQ:15,128,255,-148,-89
IQ:16,136,3,-218,128
IQ:17,144,255,54,173
IQ:18,152,9,-3,-42
IQ:19,160,255,-159,33
IQ:20,168,4,-140,342
IQ:21,176,255,202,180
IQ:22,184,8,-5,-41
IQ:23,192,255,-108,29
IQ:24,200,7,-98,155
IQ:25,208,255,104,66
IQ:26,216,6,-33,-132
IQ:27,224,255,-130,106
IQ:28,232,5,153,272
IQ:29,240,255,220,-55
IQ:30,248,12,-96,-16
IQ:31,256,255,-77,111
IQ:32,264,1,-11,53
IQ:33,272,255,57,-61
IQ:34,280,2,8,-170
IQ:35,288,255,-81,9
SW:2
RR:3
SS:3
FR:2402
ME:7
MA:114
KE:23
KA:251
DF_END

Data arrived...
DF_BEGIN
IQ:0,0,11,-80,130
IQ:1,8,11,139,52
IQ:2,16,11,51,-155
IQ:3,24,11,-152,-57
IQ:4,32,11,-33,150
IQ:5,40,11,162,10
IQ:6,48,11,-4,-164
IQ:7,56,11,-160,8
IQ:8,72,12,68,-66
IQ:9,80,255,-39,-115
IQ:10,88,1,-42,-42
IQ:11,96,255,4,89
IQ:12,104,2,148,102
IQ:13,112,255,60,-74
IQ:14,120,10,-69,100
IQ:15,128,255,132,110
IQ:16,136,3,236,-94
IQ:17,144,255,-38,-181
IQ:18,152,9,-17,38
IQ:19,160,255,155,-11
IQ:20,168,4,193,-306
IQ:21,176,255,-173,-218
IQ:22,184,8,-8,41
IQ:23,192,255,113,-12
IQ:24,200,7,115,-155
IQ:25,208,255,-102,-78
IQ:26,216,6,15,137
IQ:27,224,255,150,-77
IQ:28,232,5,-111,-290
IQ:29,240,255,-237,28
IQ:30,248,12,93,32
IQ:31,256,255,100,-84
IQ:32,264,1,22,-58
IQ:33,272,255,-64,54
IQ:34,280,2,-28,165
IQ:35,288,255,86,18
SW:2
RR:3
SS:3
FR:2402
ME:356
MA:353
KE:20
KA:267
DF_END

Data arrived...
DF_BEGIN
IQ:0,0,11,135,88
IQ:1,8,11,75,-153
IQ:2,16,11,-153,-67
IQ:3,24,11,-31,153
IQ:4,32,11,165,17
IQ:5,40,11,5,-164
IQ:6,48,11,-160,-3
IQ:7,56,11,22,157
IQ:8,72,12,-107,-73
IQ:9,80,255,-72,60
IQ:10,88,1,82,-26
IQ:11,96,255,25,-58
IQ:12,104,2,39,21
IQ:13,112,255,67,32
IQ:14,120,10,198,53
IQ:15,128,255,126,-127
IQ:16,136,3,38,-67
IQ:17,144,255,38,-16
IQ:18,152,9,170,-91
IQ:19,160,255,8,-180
IQ:20,168,4,0,-109
IQ:21,176,255,-37,-40
IQ:22,184,8,13,-140
IQ:23,192,255,-68,-62
IQ:24,200,7,73,-11
IQ:25,208,255,46,-31
IQ:26,216,6,63,-9
IQ:27,224,255,-39,-82
IQ:28,232,5,-149,-1
IQ:29,240,255,-15,71
IQ:30,248,12,17,-143
IQ:31,256,255,-75,-49
IQ:32,264,1,55,46
IQ:33,272,255,64,-14
IQ:34,280,2,-4,37
IQ:35,288,255,-21,55
SW:2
RR:3
SS:3
FR:2480
ME:38
MA:237
KE:21
KA:262
DF_END

Data arrived...
DF_BEGIN
IQ:0,0,11,148,-10
IQ:1,8,11,-15,-159
IQ:2,16,11,-137,31
IQ:3,24,11,62,129
IQ:4,32,11,139,-65
IQ:5,40,11,-77,-134
IQ:6,48,11,-118,74
IQ:7,56,11,89,109
IQ:8,72,12,-42,83
IQ:9,80,255,5,34
IQ:10,88,1,-84,-73
IQ:11,96,255,-21,13
IQ:12,104,2,125,-104
IQ:13,112,255,5,-96
IQ:14,120,10,129,-62
IQ:15,128,255,18,-180
IQ:16,136,3,-54,-231
IQ:17,144,255,-106,-82
IQ:18,152,9,32,-192
IQ:19,160,255,-156,-214
IQ:20,168,4,-320,-263
IQ:21,176,255,-272,87
IQ:22,184,8,-156,-108
IQ:23,192,255,-96,-26
IQ:24,200,7,-38,-325
IQ:25,208,255,-190,-68
IQ:26,216,6,65,-34
IQ:27,224,255,-73,-58
IQ:28,232,5,-165,156
IQ:29,240,255,59,159
IQ:30,248,12,-99,-1
IQ:31,256,255,-38,16
IQ:32,264,1,16,-115
IQ:33,272,255,-34,-17
IQ:34,280,2,137,75
IQ:35,288,255,72,-24
SW:2
RR:3
SS:3
FR:2426
ME:38
MA:243
KE:23
KA:259
DF_END

Data arrived...
DF_BEGIN
IQ:0,0,11,-96,127
IQ:1,8,11,133,83
IQ:2,16,11,70,-140
IQ:3,24,11,-139,-61
IQ:4,32,11,-47,143
IQ:5,40,11,143,21
IQ:6,48,11,-4,-156
IQ:7,56,11,-158,6
IQ:8,72,12,68,-57
IQ:9,80,255,-28,-112
IQ:10,88,1,-44,-43
IQ:11,96,255,-5,90
IQ:12,104,2,143,103
IQ:13,112,255,58,-74
IQ:14,120,10,-73,83
IQ:15,128,255,113,103
IQ:16,136,3,245,-75
IQ:17,144,255,-10,-178
IQ:18,152,9,-14,24
IQ:19,160,255,154,1
IQ:20,168,4,226,-284
IQ:21,176,255,-156,-233
IQ:22,184,8,-17,30
IQ:23,192,255,110,1
IQ:24,200,7,141,-132
IQ:25,208,255,-87,-94
IQ:26,216,6,0,132
IQ:27,224,255,146,-61
IQ:28,232,5,-71,-298
IQ:29,240,255,-228,-10
IQ:30,248,12,80,34
IQ:31,256,255,95,-81
IQ:32,264,1,17,-66
IQ:33,272,255,-81,36
IQ:34,280,2,-49,167
IQ:35,288,255,87,16
SW:2
RR:3
SS:3
FR:2402
ME:359
MA:353
KE:20
KA:274
DF_END

Data arrived...
DF_BEGIN
IQ:0,0,11,-119,-103
IQ:1,8,11,-97,124
IQ:2,16,11,135,71
IQ:3,24,11,61,-148
IQ:4,32,11,-149,-55
IQ:5,40,11,-47,150
IQ:6,48,11,155,31
IQ:7,56,11,7,-153
IQ:8,72,12,55,75
IQ:9,80,255,115,-24
IQ:10,88,1,44,-29
IQ:11,96,255,-77,-2
IQ:12,104,2,-123,109
IQ:13,112,255,48,66
IQ:14,120,10,-88,-77
IQ:15,128,255,-120,117
IQ:16,136,3,70,235
IQ:17,144,255,166,-9
IQ:18,152,9,-42,-15
IQ:19,160,255,-12,155
IQ:20,168,4,254,251
IQ:21,176,255,229,-134
IQ:22,184,8,-37,5
IQ:23,192,255,-10,111
IQ:24,200,7,114,142
IQ:25,208,255,88,-79
IQ:26,216,6,-136,1
IQ:27,224,255,59,161
IQ:28,232,5,290,-41
IQ:29,240,255,0,-224
IQ:30,248,12,-30,88
IQ:31,256,255,86,91
IQ:32,264,1,48,28
IQ:33,272,255,-27,-77
IQ:34,280,2,-154,-66
IQ:35,288,255,-32,70
SW:2
RR:3
SS:3
FR:2402
ME:7
MA:111
KE:18
KA:271
DF_END

Data arrived...
DF_BEGIN
IQ:0,0,11,-122,105
IQ:1,8,11,111,115
IQ:2,16,11,104,-125
IQ:3,24,11,-132,-88
IQ:4,32,11,-79,145
IQ:5,40,11,149,77
IQ:6,48,11,57,-151
IQ:7,56,11,-155,-51
IQ:8,72,12,111,-80
IQ:9,80,255,-32,-90
IQ:10,88,1,-12,78
IQ:11,96,255,45,39
IQ:12,104,2,-37,26
IQ:13,112,255,-53,41
IQ:14,120,10,-129,158
IQ:15,128,255,75,159
IQ:16,136,3,46,54
IQ:17,144,255,1,31
IQ:18,152,9,-2,197
IQ:19,160,255,156,95
IQ:20,168,4,96,44
IQ:21,176,255,50,-25
IQ:22,184,8,129,58
IQ:23,192,255,82,-42
IQ:24,200,7,-25,67
IQ:25,208,255,11,53
IQ:26,216,6,-8,56
IQ:27,224,255,92,-3
IQ:28,232,5,69,-131
IQ:29,240,255,-63,-42
IQ:30,248,12,117,75
IQ:31,256,255,71,-70
IQ:32,264,1,-68,35
IQ:33,272,255,-11,64
IQ:34,280,2,-36,-22
IQ:35,288,255,-48,-40
SW:2
RR:3
SS:3
FR:2480
ME:41
MA:237
KE:20
KA:262
DF_END

Data arrived...
DF_BEGIN
IQ:0,0,11,71,148
IQ:1,8,11,126,-79
IQ:2,16,11,-100,-124
IQ:3,24,11,-123,109
IQ:4,32,11,114,106
IQ:5,40,11,115,-123
IQ:6,48,11,-131,-92
IQ:7,56,11,-82,138
IQ:8,72,12,-104,-31
IQ:9,80,255,-39,27
IQ:10,88,1,56,-105
IQ:11,96,255,-21,-30
IQ:12,104,2,129,86
IQ:13,112,255,83,-22
IQ:14,120,10,113,102
IQ:15,128,255,190,-27
IQ:16,136,3,212,-98
IQ:17,144,255,54,-116
IQ:18,152,9,203,-9
IQ:19,160,255,155,-217
IQ:20,168,4,123,-386
IQ:21,176,255,-174,-227
IQ:22,184,8,54,-198
IQ:23,192,255,-2,-113
IQ:24,200,7,301,-104
IQ:25,208,255,31,-203
IQ:26,216,6,45,60
IQ:27,224,255,24,-92
IQ:28,232,5,-216,-107
IQ:29,240,255,-137,110
IQ:30,248,12,-34,-111
IQ:31,256,255,-43,-29
IQ:32,264,1,111,-21
IQ:33,272,255,8,-28
IQ:34,280,2,-40,141
IQ:35,288,255,41,61
SW:2
RR:3
SS:3
FR:2426
ME:38
MA:243
KE:22
KA:258
DF_END

Data arrived...
DF_BEGIN
IQ:0,0,11,128,-95
IQ:1,8,11,-119,-113
IQ:2,16,11,-97,116
IQ:3,24,11,109,103
IQ:4,32,11,75,-132
IQ:5,40,11,-139,-78
IQ:6,48,11,-64,140
IQ:7,56,11,151,56
IQ:8,72,12,-1,112
IQ:9,80,255,32,25
IQ:10,88,1,-115,-32
IQ:11,96,255,-18,34
IQ:12,104,2,72,-139
IQ:13,112,255,-35,-126
IQ:14,120,10,95,-116
IQ:15,128,255,-100,-181
IQ:16,136,3,-129,-201
IQ:17,144,255,-100,-59
IQ:18,152,9,-65,-202
IQ:19,160,255,-243,-210
IQ:20,168,4,-383,-101
IQ:21,176,255,-285,171
IQ:22,184,8,-176,-21
IQ:23,192,255,-121,0
IQ:24,200,7,-169,-290
IQ:25,208,255,-178,24
IQ:26,216,6,24,-58
IQ:27,224,255,-95,-25
IQ:28,232,5,-61,216
IQ:29,240,255,101,189
IQ:30,248,12,-109,1
IQ:31,256,255,-64,82
IQ:32,264,1,-27,-84
IQ:33,272,255,19,-56
IQ:34,280,2,105,15
IQ:35,288,255,89,46
SW:2
RR:3
SS:3
FR:2426
ME:38
MA:243
KE:24
KA:255
DF_END

Data arrived...
DF_BEGIN
IQ:0,0,11,85,-135
IQ:1,8,11,-144,-77
IQ:2,16,11,-62,147
IQ:3,24,11,145,40
IQ:4,32,11,23,-149
IQ:5,40,11,-161,3
IQ:6,48,11,5,161
IQ:7,56,11,155,-19
IQ:8,72,12,-63,64
IQ:9,80,255,45,112
IQ:10,88,1,40,40
IQ:11,96,255,-4,-75
IQ:12,104,2,-140,-97
IQ:13,112,255,-58,62
IQ:14,120,10,64,-94
IQ:15,128,255,-131,-89
IQ:16,136,3,-229,99
IQ:17,144,255,25,172
IQ:18,152,9,1,-36
IQ:19,160,255,-149,4
IQ:20,168,4,-212,286
IQ:21,176,255,152,212
IQ:22,184,8,-7,-28
IQ:23,192,255,-112,17
IQ:24,200,7,-133,128
IQ:25,208,255,92,77
IQ:26,216,6,-2,-127
IQ:27,224,255,-146,64
IQ:28,232,5,106,270
IQ:29,240,255,226,-25
IQ:30,248,12,-88,-32
IQ:31,256,255,-95,89
IQ:32,264,1,-16,45
IQ:33,272,255,63,-47
IQ:34,280,2,37,-169
IQ:35,288,255,-71,-5
SW:2
RR:3
SS:3
FR:2402
ME:10
MA:97
KE:22
KA:247
DF_END

Data arrived...
DF_BEGIN
IQ:0,0,11,-156,-44
IQ:1,8,11,-17,161
IQ:2,16,11,167,4
IQ:3,24,11,-7,-164
IQ:4,32,11,-160,34
IQ:5,40,11,31,151
IQ:6,48,11,152,-72
IQ:7,56,11,-80,-144
IQ:8,72,12,132,36
IQ:9,80,255,44,-85
IQ:10,88,1,-58,41
IQ:11,96,255,-9,63
IQ:12,104,2,-44,-14
IQ:13,112,255,-71,-13
IQ:14,120,10,-196,16
IQ:15,128,255,-70,161
IQ:16,136,3,-18,73
IQ:17,144,255,-24,22
IQ:18,152,9,-144,142
IQ:19,160,255,39,174
IQ:20,168,4,25,98
IQ:21,176,255,61,15
IQ:22,184,8,31,119
IQ:23,192,255,82,43
IQ:24,200,7,-62,21
IQ:25,208,255,-31,37
IQ:26,216,6,-52,34
IQ:27,224,255,64,61
IQ:28,232,5,148,-48
IQ:29,240,255,-1,-79
IQ:30,248,12,32,132
IQ:31,256,255,98,14
IQ:32,264,1,-72,-34
IQ:33,272,255,-55,30
IQ:34,280,2,-11,-44
IQ:35,288,255,-2,-67
SW:2
RR:3
SS:3
FR:2480
ME:38
MA:237
KE:24
KA:243
DF_END

Data arrived...
DF_BEGIN
IQ:0,0,11,146,31
IQ:1,8,11,22,-156
IQ:2,16,11,-157,0
IQ:3,24,11,21,156
IQ:4,32,11,162,-29
IQ:5,40,11,-37,-154
IQ:6,48,11,-148,56
IQ:7,56,11,80,145
IQ:8,72,12,-79,78
IQ:9,80,255,-1,51
IQ:10,88,1,-54,-94
IQ:11,96,255,-32,2
IQ:12,104,2,130,-60
IQ:13,112,255,39,-78
IQ:14,120,10,155,-23
IQ:15,128,255,74,-167
IQ:16,136,3,31,-234
IQ:17,144,255,-79,-109
IQ:18,152,9,88,-195
IQ:19,160,255,-79,-264
IQ:20,168,4,-225,-327
IQ:21,176,255,-279,34
IQ:22,184,8,-126,-169
IQ:23,192,255,-95,-62
IQ:24,200,7,81,-307
IQ:25,208,255,-158,-121
IQ:26,216,6,73,-3
IQ:27,224,255,-64,-71
IQ:28,232,5,-212,119
IQ:29,240,255,20,172
IQ:30,248,12,-107,-39
IQ:31,256,255,-50,11
IQ:32,264,1,63,-98
IQ:33,272,255,-14,-27
IQ:34,280,2,105,107
IQ:35,288,255,63,-3
SW:2
RR:3
SS:3
FR:2426
ME:38
MA:243
KE:25
KA:241
DF_END

Data arrived...
DF_BEGIN
IQ:0,0,11,-156,9
IQ:1,8,11,29,155
IQ:2,16,11,147,-45
IQ:3,24,11,-60,-149
IQ:4,32,11,-143,64
IQ:5,40,11,81,138
IQ:6,48,11,122,-93
IQ:7,56,11,-111,-120
IQ:8,72,12,53,-89
IQ:9,80,255,-19,-39
IQ:10,88,1,91,69
IQ:11,96,255,31,-11
IQ:12,104,2,-127,80
IQ:13,112,255,-10,102
IQ:14,120,10,-145,53
IQ:15,128,255,-38,175
IQ:16,136,3,19,231
IQ:17,144,255,90,80
IQ:18,152,9,-39,214
IQ:19,160,255,151,230
IQ:20,168,4,324,238
IQ:21,176,255,256,-99
IQ:22,184,8,163,120
IQ:23,192,255,113,27
IQ:24,200,7,34,321
IQ:25,208,255,185,79
IQ:26,216,6,-73,26
IQ:27,224,255,76,53
IQ:28,232,5,166,-165
IQ:29,240,255,-52,-158
IQ:30,248,12,101,-2
IQ:31,256,255,33,-27
IQ:32,264,1,-42,114
IQ:33,272,255,20,19
IQ:34,280,2,-134,-69
IQ:35,288,255,-69,22
SW:2
RR:3
SS:3
FR:2426
ME:38
MA:243
KE:27
KA:240
DF_END

Data arrived...
DF_BEGIN
IQ:0,0,11,-133,91
IQ:1,8,11,105,120
IQ:2,16,11,117,-100
IQ:3,24,11,-115,-102
IQ:4,32,11,-80,129
IQ:5,40,11,140,66
IQ:6,48,11,62,-145
IQ:7,56,11,-144,-53
IQ:8,72,12,81,-45
IQ:9,80,255,6,-124
IQ:10,88,1,-10,-54
IQ:11,96,255,-29,70
IQ:12,104,2,69,152
IQ:13,112,255,73,-29
IQ:14,120,10,-95,64
IQ:15,128,255,79,138
IQ:16,136,3,241,13
IQ:17,144,255,56,-156
IQ:18,152,9,-28,36
IQ:19,160,255,154,51
IQ:20,168,4,318,-170
IQ:21,176,255,-61,-248
IQ:22,184,8,-6,33
IQ:23,192,255,109,32
IQ:24,200,7,161,-56
IQ:25,208,255,-39,-111
IQ:26,216,6,-34,118
IQ:27,224,255,156,-28
IQ:28,232,5,-7,-302
IQ:29,240,255,-223,-58
IQ:30,248,12,76,57
IQ:31,256,255,107,-47
IQ:32,264,1,31,-36
IQ:33,272,255,-71,14
IQ:34,280,2,-96,135
IQ:35,288,255,52,48
SW:2
RR:3
SS:3
FR:2402
ME:10
MA:100
KE:25
KA:230
DF_END

Data arrived...
DF_BEGIN
IQ:0,0,11,156,-49
IQ:1,8,11,-64,-143
IQ:2,16,11,-142,72
IQ:3,24,11,90,134
IQ:4,32,11,116,-111
IQ:5,40,11,-120,-110
IQ:6,48,11,-106,124
IQ:7,56,11,128,98
IQ:8,72,12,-131,28
IQ:9,80,255,-14,89
IQ:10,88,1,31,-73
IQ:11,96,255,-30,-58
IQ:12,104,2,38,-10
IQ:13,112,255,63,-23
IQ:14,120,10,155,-116
IQ:15,128,255,-40,-173
IQ:16,136,3,-30,-73
IQ:17,144,255,14,-33
IQ:18,152,9,68,-178
IQ:19,160,255,-108,-148
IQ:20,168,4,-71,-66
IQ:21,176,255,-52,6
IQ:22,184,8,-82,-96
IQ:23,192,255,-92,7
IQ:24,200,7,36,-55
IQ:25,208,255,8,-55
IQ:26,216,6,23,-55
IQ:27,224,255,-92,-26
IQ:28,232,5,-107,109
IQ:29,240,255,42,71
IQ:30,248,12,-94,-95
IQ:31,256,255,-95,38
IQ:32,264,1,75,-5
IQ:33,272,255,35,-55
IQ:34,280,2,23,35
IQ:35,288,255,31,58
SW:2
RR:3
SS:3
FR:2480
ME:38
MA:237
KE:27
KA:230
DF_END

Data arrived...
DF_BEGIN
IQ:0,0,11,-124,89
IQ:1,8,11,107,117
IQ:2,16,11,107,-127
IQ:3,24,11,-132,-95
IQ:4,32,11,-69,141
IQ:5,40,11,148,57
IQ:6,48,11,38,-158
IQ:7,56,11,-159,-16
IQ:8,72,12,0,-103
IQ:9,80,255,-29,-32
IQ:10,88,1,122,13
IQ:11,96,255,18,-28
IQ:12,104,2,-54,143
IQ:13,112,255,50,87
IQ:14,120,10,-75,131
IQ:15,128,255,75,158
IQ:16,136,3,157,167
IQ:17,144,255,133,-2
IQ:18,152,9,78,184
IQ:19,160,255,242,111
IQ:20,168,4,391,36
IQ:21,176,255,162,-236
IQ:22,184,8,205,-5
IQ:23,192,255,87,-47
IQ:24,200,7,212,260
IQ:25,208,255,195,-40
IQ:26,216,6,-46,59
IQ:27,224,255,94,2
IQ:28,232,5,34,-238
IQ:29,240,255,-141,-102
IQ:30,248,12,83,-59
IQ:31,256,255,9,-45
IQ:32,264,1,34,107
IQ:33,272,255,27,9
IQ:34,280,2,-160,28
IQ:35,288,255,-42,63
SW:2
RR:3
SS:3
FR:2426
ME:33
MA:243
KE:28
KA:231
DF_END

Data arrived...
DF_BEGIN
IQ:0,0,11,-147,-52
IQ:1,8,11,-49,149
IQ:2,16,11,159,34
IQ:3,24,11,19,-147
IQ:4,32,11,-156,-16
IQ:5,40,11,-1,160
IQ:6,48,11,149,-16
IQ:7,56,11,-52,-144
IQ:8,72,12,75,51
IQ:9,80,255,100,-55
IQ:10,88,1,33,-41
IQ:11,96,255,-79,11
IQ:12,104,2,-93,139
IQ:13,112,255,62,53
IQ:14,120,10,-104,-49
IQ:15,128,255,-75,149
IQ:16,136,3,104,226
IQ:17,144,255,169,-32
IQ:18,152,9,-45,4
IQ:19,160,255,48,150
IQ:20,168,4,332,166
IQ:21,176,255,194,-174
IQ:22,184,8,-36,9
IQ:23,192,255,8,111
IQ:24,200,7,123,111
IQ:25,208,255,55,-99
IQ:26,216,6,-128,27
IQ:27,224,255,100,124
IQ:28,232,5,276,-129
IQ:29,240,255,-43,-214
IQ:30,248,12,-11,86
IQ:31,256,255,101,75
IQ:32,264,1,51,11
IQ:33,272,255,-51,-61
IQ:34,280,2,-168,-16
IQ:35,288,255,-6,69
SW:2
RR:3
SS:3
FR:2402
ME:7
MA:103
KE:26
KA:219
DF_END

Data arrived...
DF_BEGIN
IQ:0,0,11,152,71
IQ:1,8,11,60,-148
IQ:2,16,11,-156,-36
IQ:3,24,11,-15,164
IQ:4,32,11,170,9
IQ:5,40,11,-5,-164
IQ:6,48,11,-160,32
IQ:7,56,11,46,155
IQ:8,72,12,-119,-59
IQ:9,80,255,-61,72
IQ:10,88,1,76,-29
IQ:11,96,255,15,-67
IQ:12,104,2,