IQ:16,136,3,-52,-7
IQ:17,144,255,-93,33
IQ:18,152,9,-89,81
IQ:19,160,255,57,12
IQ:20,168,4,-123,-165
IQ:21,176,255,-170,77
IQ:22,184,8,64,74
IQ:23,192,255,108,-86
IQ:24,200,7,-15,-118
IQ:25,208,255,-83,49
IQ:26,216,6,94,82
IQ:27,224,255,41,-128
IQ:28,232,5,-218,-41
IQ:29,240,255,-32,208
IQ:30,248,12,169,13
IQ:31,256,255,15,-145
IQ:32,264,1,-97,66
IQ:33,272,255,45,129
IQ:34,280,2,26,0
IQ:35,288,255,-70,-26
SW:2
RR:3
SS:3
FR:2426
ME:2
MA:353
KE:0
KA:353
DF_END

Data arrived...
DF_BEGIN
IQ:0,0,11,-142,71
IQ:1,8,11,89,132
IQ:2,16,11,129,-93
IQ:3,24,11,-100,-117
IQ:4,32,11,-93,123
IQ:5,40,11,140,66
IQ:6,48,11,69,-144
IQ:7,56,11,-147,-44
IQ:8,72,12,176,-11
IQ:9,80,255,-22,-157
IQ:10,88,1,-152,73
IQ:11,96,255,60,143
IQ:12,104,2,78,-105
IQ:13,112,255,-128,-108
IQ:14,120,10,-135,74
IQ:15,128,255,61,93
IQ:16,136,3,4,-121
IQ:17,144,255,-141,-47
IQ:18,152,9,-88,84
IQ:19,160,255,87,24
IQ:20,168,4,-27,-173
IQ:21,176,255,-175,-5
IQ:22,184,8,18,85
IQ:23,192,255,108,-44
IQ:24,200,7,-8,-120
IQ:25,208,255,-101,50
IQ:26,216,6,82,119
IQ:27,224,255,110,-107
IQ:28,232,5,-123,-146
IQ:29,240,255,-108,116
IQ:30,248,12,162,40
IQ:31,256,255,26,-167
IQ:32,264,1,-163,7
IQ:33,272,255,3,152
IQ:34,280,2,110,-72
IQ:35,288,255,-90,-135
SW:2
RR:3
SS:3
FR:2402
ME:2
MA:353
KE:0
KA:353
DF_END

Data arrived...
DF_BEGIN
IQ:0,0,11,23,-124
IQ:1,8,11,-120,-37
IQ:2,16,11,-33,116
IQ:3,24,11,132,-1
IQ:4,32,11,-25,-131
IQ:5,40,11,-120,21
IQ:6,48,11,41,115
IQ:7,56,11,114,-57
IQ:8,72,12,-135,74
IQ:9,80,255,98,102
IQ:10,88,1,114,-127
IQ:11,96,255,-107,-59
IQ:12,104,2,35,223
IQ:13,112,255,211,23
IQ:14,120,10,-19,-70
IQ:15,128,255,-114,87
IQ:16,136,3,47,265
IQ:17,144,255,139,-42
IQ:18,152,9,-275,-105
IQ:19,160,255,-203,218
IQ:20,168,4,2,137
IQ:21,176,255,76,-50
IQ:22,184,8,-153,-69
IQ:23,192,255,-78,122
IQ:24,200,7,133,-17
IQ:25,208,255,-7,-159
IQ:26,216,6,-131,-7
IQ:27,224,255,-56,105
IQ:28,232,5,-80,19
IQ:29,240,255,-73,26
IQ:30,248,12,-161,26
IQ:31,256,255,46,124
IQ:32,264,1,143,-81
IQ:33,272,255,-76,-99
IQ:34,280,2,-73,219
IQ:35,288,255,201,80
SW:2
RR:3
SS:3
FR:2480
ME:359
MA:353
KE:0
KA:353
DF_END

Data arrived...
DF_BEGIN
IQ:0,0,11,168,76
IQ:1,8,11,55,-174
IQ:2,16,11,-177,-43
IQ:3,24,11,-11,190
IQ:4,32,11,188,-13
IQ:5,40,11,-30,-175
IQ:6,48,11,-169,59
IQ:7,56,11,82,170
IQ:8,72,12,-118,-147
IQ:9,80,255,-128,74
IQ:10,88,1,120,30
IQ:11,96,255,67,-130
IQ:12,104,2,-30,-41
IQ:13,112,255,3,92
IQ:14,120,10,171,86
IQ:15,128,255,89,-124
IQ:16,136,3,-1,34
IQ:17,144,255,53,103
IQ:18,152,9,140,72
IQ:19,160,255,2,-57
IQ:20,168,4,-107,186
IQ:21,176,255,130,141
IQ:22,184,8,50,-85
IQ:23,192,255,-137,-61
IQ:24,200,7,-110,78
IQ:25,208,255,84,68
IQ:26,216,6,41,-127
IQ:27,224,255,-138,-10
IQ:28,232,5,42,225
IQ:29,240,255,208,-20
IQ:30,248,12,-33,-181
IQ:31,256,255,-150,40
IQ:32,264,1,94,68
IQ:33,272,255,109,-99
IQ:34,280,2,-10,-54
IQ:35,288,255,-19,74
SW:2
RR:3
SS:3
FR:2426
ME:2
MA:353
KE:0
KA:353
DF_END

Data arrived...
DF_BEGIN
IQ:0,0,11,162,97
IQ:1,8,11,65,-174
IQ:2,16,11,-175,-56
IQ:3,24,11,-40,179
IQ:4,32,11,178,4
IQ:5,40,11,-12,-181
IQ:6,48,11,-184,30
IQ:7,56,11,61,168
IQ:8,72,12,-129,-172
IQ:9,80,255,-131,125
IQ:10,88,1,177,99
IQ:11,96,255,90,-157
IQ:12,104,2,-148,18
IQ:13,112,255,-5,201
IQ:14,120,10,150,95
IQ:15,128,255,51,-110
IQ:16,136,3,-126,88
IQ:17,144,255,63,184
IQ:18,152,9,140,30
IQ:19,160,255,-26,-102
IQ:20,168,4,-156,149
IQ:21,176,255,125,156
IQ:22,184,8,66,-66
IQ:23,192,255,-116,-65
IQ:24,200,7,-117,74
IQ:25,208,255,91,82
IQ:26,216,6,56,-156
IQ:27,224,255,-184,-39
IQ:28,232,5,-54,207
IQ:29,240,255,188,32
IQ:30,248,12,-50,-196
IQ:31,256,255,-176,50
IQ:32,264,1,121,155
IQ:33,272,255,136,-123
IQ:34,280,2,-153,-52
IQ:35,288,255,-82,180
SW:2
RR:3
SS:3
FR:2402
ME:5
MA:353
KE:1
KA:353
DF_END

Data arrived...
DF_BEGIN
IQ:0,0,11,157,85
IQ:1,8,11,76,-164
IQ:2,16,11,-176,-55
IQ:3,24,11,-30,174
IQ:4,32,11,186,12
IQ:5,40,11,-4,-180
IQ:6,48,11,-180,20
IQ:7,56,11,50,168
IQ:8,72,12,-141,-163
IQ:9,80,255,-151,124
IQ:10,88,1,170,94
IQ:11,96,255,94,-155
IQ:12,104,2,-145,12
IQ:13,112,255,1,196
IQ:14,120,10,160,80
IQ:15,128,255,51,-116
IQ:16,136,3,-117,76
IQ:17,144,255,59,183
IQ:18,152,9,149,38
IQ:19,160,255,-35,-104
IQ:20,168,4,-151,148
IQ:21,176,255,116,160
IQ:22,184,8,71,-67
IQ:23,192,255,-108,-76
IQ:24,200,7,-121,76
IQ:25,208,255,97,79
IQ:26,216,6,58,-155
IQ:27,224,255,-178,-34
IQ:28,232,5,-44,220
IQ:29,240,255,184,15
IQ:30,248,12,-58,-210
IQ:31,256,255,-179,50
IQ:32,264,1,123,150
IQ:33,272,255,140,-107
IQ:34,280,2,-145,-43
IQ:35,288,255,-83,179
SW:2
RR:3
SS:3
FR:2402
ME:2
MA:353
KE:1
KA:353
DF_END

Data arrived...
DF_BEGIN
IQ:0,0,11,-105,-29
IQ:1,8,11,-44,111
IQ:2,16,11,107,27
IQ:3,24,11,-7,-112
IQ:4,32,11,-108,14
IQ:5,40,11,48,102
IQ:6,48,11,102,-45
IQ:7,56,11,-61,-94
IQ:8,72,12,107,112
IQ:9,80,255,70,-121
IQ:10,88,1,-138,-78
IQ:11,96,255,-35,124
IQ:12,104,2,175,-87
IQ:13,112,255,-53,-172
IQ:14,120,10,-59,51
IQ:15,128,255,115,86
IQ:16,136,3,247,-120
IQ:17,144,255,-71,-146
IQ:18,152,9,-3,243
IQ:19,160,255,256,102
IQ:20,168,4,180,-56
IQ:21,176,255,-49,-97
IQ:22,184,8,30,111
IQ:23,192,255,105,-12
IQ:24,200,7,-47,-85
IQ:25,208,255,-115,38
IQ:26,216,6,5,121
IQ:27,224,255,135,47
IQ:28,232,5,105,23
IQ:29,240,255,-1,7
IQ:30,248,12,56,157
IQ:31,256,255,110,-84
IQ:32,264,1,-113,-127
IQ:33,272,255,-86,94
IQ:34,280,2,189,-5
IQ:35,288,255,28,-200
SW:2
RR:3
SS:3
FR:2480
ME:359
MA:353
KE:1
KA:353
DF_END

Data arrived...
DF_BEGIN
IQ:0,0,11,144,102
IQ:1,8,11,79,-154
IQ:2,16,11,-164,-51
IQ:3,24,11,-46,168
IQ:4,32,11,170,11
IQ:5,40,11,-14,-175
IQ:6,48,11,-167,19
IQ:7,56,11,43,157
IQ:8,72,12,-84,-150
IQ:9,80,255,-122,83
IQ:10,88,1,102,62
IQ:11,96,255,79,-106
IQ:12,104,2,-36,-50
IQ:13,112,255,-29,88
IQ:14,120,10,133,98
IQ:15,128,255,90,-102
IQ:16,136,3,-27,25
IQ:17,144,255,47,101
IQ:18,152,9,128,41
IQ:19,160,255,0,-77
IQ:20,168,4,-110,139
IQ:21,176,255,105,143
IQ:22,184,8,75,-74
IQ:23,192,255,-99,-84
IQ:24,200,7,-102,64
IQ:25,208,255,85,66
IQ:26,216,6,64,-115
IQ:27,224,255,-130,-15
IQ:28,232,5,12,203
IQ:29,240,255,195,-3
IQ:30,248,12,-8,-175
IQ:31,256,255,-143,0
IQ:32,264,1,71,98
IQ:33,272,255,129,-58
IQ:34,280,2,-18,-60
IQ:35,288,255,-45,76
SW:2
RR:3
SS:3
FR:2426
ME:359
MA:5
KE:1
KA:354
DF_END

Data arrived...
DF_BEGIN
IQ:0,0,11,-187,-29
IQ:1,8,11,-8,187
IQ:2,16,11,189,-17
IQ:3,24,11,-34,-188
IQ:4,32,11,-180,58
IQ:5,40,11,79,177
IQ:6,48,11,167,-87
IQ:7,56,11,-119,-147
IQ:8,72,12,185,106
IQ:9,80,255,81,-168
IQ:10,88,1,-207,-21
IQ:11,96,255,-24,190
IQ:12,104,2,166,-79
IQ:13,112,255,-71,-208
IQ:14,120,10,-170,-34
IQ:15,128,255,17,129
IQ:16,136,3,110,-133
IQ:17,144,255,-116,-162
IQ:18,152,9,-138,26
IQ:19,160,255,73,85
IQ:20,168,4,108,-197
IQ:21,176,255,-169,-135
IQ:22,184,8,-30,103
IQ:23,192,255,142,19
IQ:24,200,7,73,-117
IQ:25,208,255,-118,-20
IQ:26,216,6,-1,178
IQ:27,224,255,184,-30
IQ:28,232,5,-16,-228
IQ:29,240,255,-180,40
IQ:30,248,12,122,185
IQ:31,256,255,157,-114
IQ:32,264,1,-176,-112
IQ:33,272,255,-97,159
IQ:34,280,2,172,-7
IQ:35,288,255,7,-209
SW:2
RR:3
SS:3
FR:2402
ME:2
MA:353
KE:1
KA:354
DF_END

Data arrived...
DF_BEGIN
IQ:0,0,11,11,-123
IQ:1,8,11,-118,-4
IQ:2,16,11,19,105
IQ:3,24,11,108,-36
IQ:4,32,11,-44,-112
IQ:5,40,11,-105,62
IQ:6,48,11,79,76
IQ:7,56,11,82,-86
IQ:8,72,12,-95,119
IQ:9,80,255,129,64
IQ:10,88,1,40,-156
IQ:11,96,255,-116,-16
IQ:12,104,2,156,158
IQ:13,112,255,189,-88
IQ:14,120,10,-39,-76
IQ:15,128,255,-76,118
IQ:16,136,3,143,230
IQ:17,144,255,134,-109
IQ:18,152,9,-255,20
IQ:19,160,255,-75,254
IQ:20,168,4,59,149
IQ:21,176,255,86,-53
IQ:22,184,8,-108,45
IQ:23,192,255,31,105
IQ:24,200,7,84,-90
IQ:25,208,255,-95,-114
IQ:26,216,6,-117,36
IQ:27,224,255,-38,120
IQ:28,232,5,-42,85
IQ:29,240,255,-8,34
IQ:30,248,12,-149,74
IQ:31,256,255,94,97
IQ:32,264,1,105,-122
IQ:33,272,255,-101,-56
IQ:34,280,2,61,204
IQ:35,288,255,212,-29
SW:2
RR:3
SS:3
FR:2480
ME:359
MA:353
KE:0
KA:354
DF_END

Data arrived...
DF_BEGIN
IQ:0,0,11,154,0
IQ:1,8,11,-27,-151
IQ:2,16,11,-152,50
IQ:3,24,11,57,139
IQ:4,32,11,132,-84
IQ:5,40,11,-92,-128
IQ:6,48,11,-115,99
IQ:7,56,11,124,94
IQ:8,72,12,-132,-66
IQ:9,80,255,-54,106
IQ:10,88,1,109,-15
IQ:11,96,255,3,-121
IQ:12,104,2,-30,-12
IQ:13,112,255,41,64
IQ:14,120,10,151,-7
IQ:15,128,255,18,-114
IQ:16,136,3,14,35
IQ:17,144,255,81,47
IQ:18,152,9,109,-17
IQ:19,160,255,-29,-47
IQ:20,168,4,-21,163
IQ:21,176,255,145,59
IQ:22,184,8,1,-89
IQ:23,192,255,-111,3
IQ:24,200,7,-46,91
IQ:25,208,255,80,12
IQ:26,216,6,-24,-105
IQ:27,224,255,-100,62
IQ:28,232,5,122,141
IQ:29,240,255,145,-97
IQ:30,248,12,-84,-121
IQ:31,256,255,-96,78
IQ:32,264,1,97,20
IQ:33,272,255,49,-106
IQ:34,280,2,-27,-25
IQ:35,288,255,21,73
SW:2
RR:3
SS:3
FR:2426
ME:359
MA:5
KE:0
KA:355
DF_END

Data arrived...
DF_BEGIN
IQ:0,0,11,176,-59
IQ:1,8,11,-93,-157
IQ:2,16,11,-146,116
IQ:3,24,11,126,128
IQ:4,32,11,113,-153
IQ:5,40,11,-149,-111
IQ:6,48,11,-91,158
IQ:7,56,11,174,56
IQ:8,72,12,-213,16
IQ:9,80,255,41,183
IQ:10,88,1,203,-90
IQ:11,96,255,-70,-173
IQ:12,104,2,-65,144
IQ:13,112,255,167,115
IQ:14,120,10,159,-77
IQ:15,128,255,-71,-105
IQ:16,136,3,-18,153
IQ:17,144,255,182,60
IQ:18,152,9,116,-95
IQ:19,160,255,-104,-22
IQ:20,168,4,39,212
IQ:21,176,255,204,-2
IQ:22,184,8,-19,-99
IQ:23,192,255,-128,50
IQ:24,200,7,0,145
IQ:25,208,255,121,-43
IQ:26,216,6,-86,-149
IQ:27,224,255,-139,121
IQ:28,232,5,153,179
IQ:29,240,255,130,-136
IQ:30,248,12,-206,-74
IQ:31,256,255,-75,186
IQ:32,264,1,201,8
IQ:33,272,255,-6,-183
IQ:34,280,2,-140,84
IQ:35,288,255,96,176
SW:2
RR:3
SS:3
FR:2402
ME:2
MA:353
KE:0
KA:355
DF_END

Data arrived...
DF_BEGIN
IQ:0,0,11,91,104
IQ:1,8,11,94,-80
IQ:2,16,11,-84,-75
IQ:3,24,11,-59,95
IQ:4,32,11,120,52
IQ:5,40,11,40,-117
IQ:6,48,11,-119,-19
IQ:7,56,11,-4,126
IQ:8,72,12,-18,-166
IQ:9,80,255,-149,50
IQ:10,88,1,65,158
IQ:11,96,255,100,-73
IQ:12,104,2,-209,-50
IQ:13,112,255,-96,193
IQ:14,120,10,84,19
IQ:15,128,255,-15,-146
IQ:16,136,3,-255,-74
IQ:17,144,255,-16,158
IQ:18,152,9,157,-193
IQ:19,160,255,-123,-252
IQ:20,168,4,-176,-83
IQ:21,176,255,-21,94
IQ:22,184,8,88,-128
IQ:23,192,255,-106,-100
IQ:24,200,7,-18,109
IQ:25,208,255,142,28
IQ:26,216,6,56,-127
IQ:27,224,255,-82,-115
IQ:28,232,5,-32,-77
IQ:29,240,255,12,-41
IQ:30,248,12,48,-172
IQ:31,256,255,-151,-26
IQ:32,264,1,7,166
IQ:33,272,255,129,-42
IQ:34,280,2,-169,-134
IQ:35,288,255,-153,156
SW:2
RR:3
SS:3
FR:2480
ME:359
MA:353
KE:0
KA:354
DF_END

Data arrived...
DF_BEGIN
IQ:0,0,11,-78,-83
IQ:1,8,11,-55,86
IQ:2,16,11,104,51
IQ:3,24,11,33,-100
IQ:4,32,11,-110,-7
IQ:5,40,11,-3,117
IQ:6,48,11,113,-19
IQ:7,56,11,-14,-109
IQ:8,72,12,24,155
IQ:9,80,255,132,-66
IQ:10,88,1,-89,-136
IQ:11,96,255,-80,68
IQ:12,104,2,229,13
IQ:13,112,255,58,-219
IQ:14,120,10,-78,-12
IQ:15,128,255,38,131
IQ:16,136,3,286,49
IQ:17,144,255,9,-152
IQ:18,152,9,-152,191
IQ:19,160,255,145,223
IQ:20,168,4,176,60
IQ:21,176,255,17,-102
IQ:22,184,8,-63,157
IQ:23,192,255,124,78
IQ:24,200,7,-21,-117
IQ:25,208,255,-148,-24
IQ:26,216,6,-73,101
IQ:27,224,255,67,86
IQ:28,232,5,19,62
IQ:29,240,255,-26,46
IQ:30,248,12,-48,155
IQ:31,256,255,125,6
IQ:32,264,1,-43,-170
IQ:33,272,255,-133,52
IQ:34,280,2,185,134
IQ:35,288,255,147,-147
SW:2
RR:3
SS:3
FR:2480
ME:359
MA:353
KE:0
KA:354
DF_END

Data arrived...
DF_BEGIN
IQ:0,0,11,155,79
IQ:1,8,11,39,-177
IQ:2,16,11,-187,-15
IQ:3,24,11,-1,176
IQ:4,32,11,183,-31
IQ:5,40,11,-35,-180
IQ:6,48,11,-158,70
IQ:7,56,11,96,148
IQ:8,72,12,-134,-130
IQ:9,80,255,-108,106
IQ:10,88,1,122,13
IQ:11,96,255,49,-142
IQ:12,104,2,-29,-29
IQ:13,112,255,18,92
IQ:14,120,10,175,45
IQ:15,128,255,64,-140
IQ:16,136,3,6,33
IQ:17,144,255,76,71
IQ:18,152,9,145,26
IQ:19,160,255,-16,-63
IQ:20,168,4,-90,179
IQ:21,176,255,142,126
IQ:22,184,8,39,-83
IQ:23,192,255,-134,-39
IQ:24,200,7,-98,88
IQ:25,208,255,97,60
IQ:26,216,6,32,-137
IQ:27,224,255,-132,19
IQ:28,232,5,58,219
IQ:29,240,255,210,-69
IQ:30,248,12,-67,-167
IQ:31,256,255,-139,54
IQ:32,264,1,97,73
IQ:33,272,255,107,-99
IQ:34,280,2,-21,-41
IQ:35,288,255,-10,84
SW:2
RR:3
SS:3
FR:2426
ME:2
MA:353
KE:0
KA:354
DF_END

Data arrived...
DF_BEGIN
IQ:0,0,11,-57,135
IQ:1,8,11,140,55
IQ:2,16,11,50,-145
IQ:3,24,11,-146,-24
IQ:4,32,11,10,142
IQ:5,40,11,144,-40
IQ:6,48,11,-40,-150
IQ:7,56,11,-144,53
IQ:8,72,12,124,-113
IQ:9,80,255,-117,-96
IQ:10,88,1,-65,147
IQ:11,96,255,132,58
IQ:12,104,2,-29,-126
IQ:13,112,255,-159,13
IQ:14,120,10,-66,132
IQ:15,128,255,99,27
IQ:16,136,3,-74,-106
IQ:17,144,255,-151,48
IQ:18,152,9,-19,111
IQ:19,160,255,82,-36
IQ:20,168,4,-127,-117
IQ:21,176,255,-138,95
IQ:22,184,8,61,46
IQ:23,192,255,48,-102
IQ:24,200,7,-71,-86
IQ:25,208,255,-55,77
IQ:26,216,6,130,31
IQ:27,224,255,-2,-149
IQ:28,232,5,-182,-32
IQ:29,240,255,-24,144
IQ:30,248,12,157,-46
IQ:31,256,255,-56,-137
IQ:32,264,1,-114,112
IQ:33,272,255,96,108
IQ:34,280,2,36,-123
IQ:35,288,255,-155,-48
SW:2
RR:3
SS:3
FR:2402
ME:5
MA:353
KE:0
KA:354
DF_END

Data arrived...
DF_BEGIN
IQ:0,0,11,12,-117
IQ:1,8,11,-124,-1
IQ:2,16,11,12,119
IQ:3,24,11,102,-38
IQ:4,32,11,-51,-107
IQ:5,40,11,-111,55
IQ:6,48,11,72,100
IQ:7,56,11,84,-82
IQ:8,72,12,-104,130
IQ:9,80,255,119,68
IQ:10,88,1,64,-146
IQ:11,96,255,-116,-23
IQ:12,104,2,129,183
IQ:13,112,255,187,-76
IQ:14,120,10,-28,-63
IQ:15,128,255,-81,115
IQ:16,136,3,119,246
IQ:17,144,255,134,-88
IQ:18,152,9,-238,27
IQ:19,160,255,-85,247
IQ:20,168,4,41,164
IQ:21,176,255,60,-28
IQ:22,184,8,-145,52
IQ:23,192,255,24,133
IQ:24,200,7,72,-78
IQ:25,208,255,-81,-111
IQ:26,216,6,-122,39
IQ:27,224,255,-35,115
IQ:28,232,5,-52,67
IQ:29,240,255,-44,39
IQ:30,248,12,-157,75
IQ:31,256,255,72,117
IQ:32,264,1,105,-131
IQ:33,272,255,-101,-54
IQ:34,280,2,64,207
IQ:35,288,255,214,-26
SW:2
RR:3
SS:3
FR:2480
ME:356
MA:353
KE:0
KA:354
DF_END

Data arrived...
DF_BEGIN
IQ:0,0,11,-36,95
IQ:1,8,11,108,37
IQ:2,16,11,31,-98
IQ:3,24,11,-111,-15
IQ:4,32,11,12,107
IQ:5,40,11,118,-33
IQ:6,48,11,-23,-96
IQ:7,56,11,-93,50
IQ:8,72,12,149,-72
IQ:9,80,255,-77,-107
IQ:10,88,1,-106,132
IQ:11,96,255,107,59
IQ:12,104,2,-53,-220
IQ:13,112,255,-193,1
IQ:14,120,10,8,64
IQ:15,128,255,97,-64
IQ:16,136,3,-50,-261
IQ:17,144,255,-138,29
IQ:18,152,9,241,60
IQ:19,160,255,150,-196
IQ:20,168,4,14,-164
IQ:21,176,255,-62,11
IQ:22,184,8,169,12
IQ:23,192,255,26,-143
IQ:24,200,7,-102,46
IQ:25,208,255,44,127
IQ:26,216,6,125,-8
IQ:27,224,255,63,-92
IQ:28,232,5,77,-38
IQ:29,240,255,61,-19
IQ:30,248,12,172,-27
IQ:31,256,255,-47,-132
IQ:32,264,1,-147,67
IQ:33,272,255,80,99
IQ:34,280,2,37,-226
IQ:35,288,255,-196,-78
SW:2
RR:3
SS:3
FR:2480
ME:356
MA:353
KE:0
KA:354
DF_END

Data arrived...
DF_BEGIN
IQ:0,0,11,-137,55
IQ:1,8,11,76,131
IQ:2,16,11,109,-89
IQ:3,24,11,-105,-106
IQ:4,32,11,-106,108
IQ:5,40,11,125,84
IQ:6,48,11,73,-127
IQ:7,56,11,-143,-43
IQ:8,72,12,147,10
IQ:9,80,255,11,-122
IQ:10,88,1,-92,49
IQ:11,96,255,23,111
IQ:12,104,2,33,-1
IQ:13,112,255,-62,-48
IQ:14,120,10,-150,62
IQ:15,128,255,28,122
IQ:16,136,3,-13,-25
IQ:17,144,255,-79,-23
IQ:18,152,9,-99,55
IQ:19,160,255,51,39
IQ:20,168,4,-13,-165
IQ:21,176,255,-160,-18
IQ:22,184,8,24,70
IQ:23,192,255,110,-37
IQ:24,200,7,22,-98
IQ:25,208,255,-87,5
IQ:26,216,6,40,105
IQ:27,224,255,79,-76
IQ:28,232,5,-150,-105
IQ:29,240,255,-112,135
IQ:30,248,12,117,73
IQ:31,256,255,61,-105
IQ:32,264,1,-100,13
IQ:33,272,255,-16,119
IQ:34,280,2,35,10
IQ:35,288,255,-39,-57
SW:2
RR:3
SS:3
FR:2426
ME:2
MA:353
KE:0
KA:354
DF_END

Data arrived...
DF_BEGIN
IQ:0,0,11,-23,-180
IQ:1,8,11,-179,40
IQ:2,16,11,60,177
IQ:3,24,11,166,-81
IQ:4,32,11,-90,-158
IQ:5,40,11,-141,115
IQ:6,48,11,130,128
IQ:7,56,11,121,-144
IQ:8,72,12,-51,189
IQ:9,80,255,180,24
IQ:10,88,1,-20,-192
IQ:11,96,255,-180,23
IQ:12,104,2,86,120
IQ:13,112,255,159,-111
IQ:14,120,10,-26,-168
IQ:15,128,255,-120,39
IQ:16,136,3,134,67
IQ:17,144,255,107,-158
IQ:18,152,9,-62,-126
IQ:19,160,255,-57,88
IQ:20,168,4,218,45
IQ:21,176,255,56,-195
IQ:22,184,8,-103,-12
IQ:23,192,255,3,138
IQ:24,200,7,126,53
IQ:25,208,255,2,-115
IQ:26,216,6,-165,40
IQ:27,224,255,74,171
IQ:28,232,5,218,-63
IQ:29,240,255,-84,-178
IQ:30,248,12,-136,142
IQ:31,256,255,131,125
IQ:32,264,1,53,-180
IQ:33,272,255,-176,-53
IQ:34,280,2,31,148
IQ:35,288,255,185,-48
SW:2
RR:3
SS:3
FR:2402
ME:2
MA:353
KE:0
KA:354
DF_END

Data arrived...
DF_BEGIN
IQ:0,0,11,72,74
IQ:1,8,11,51,-78
IQ:2,16,11,-79,-46
IQ:3,24,11,-23,94
IQ:4,32,11,98,22
IQ:5,40,11,6,-98
IQ:6,48,11,-102,-2
IQ:7,56,11,27,101
IQ:8,72,12,-2,-130
IQ:9,80,255,-108,28
IQ:10,88,1,53,127
IQ:11,96,255,85,-51
IQ:12,104,2,-220,-72
IQ:13,112,255,-99,162
IQ:14,120,10,60,-9
IQ:15,128,255,-18,-131
IQ:16,136,3,-235,-112
IQ:17,144,255,-40,125
IQ:18,152,9,161,-185
IQ:19,160,255,-103,-230
IQ:20,168,4,-102,-85
IQ:21,176,255,-7,47
IQ:22,184,8,89,-134
IQ:23,192,255,-92,-102
IQ:24,200,7,1,124
IQ:25,208,255,144,19
IQ:26,216,6,72,-94
IQ:27,224,255,-36,-92
IQ:28,232,5,30,-97
IQ:29,240,255,20,-78
IQ:30,248,12,58,-119
IQ:31,256,255,-119,-11
IQ:32,264,1,-24,148
IQ:33,272,255,103,-27
IQ:34,280,2,-168,-138
IQ:35,288,255,-153,119
SW:2
RR:3
SS:3
FR:2480
ME:356
MA:353
KE:359
KA:353
DF_END

Data arrived...
DF_BEGIN
IQ:0,0,11,8,-54
IQ:1,8,11,-57,-24
IQ:2,16,11,-5,63
IQ:3,24,11,52,-3
IQ:4,32,11,-32,-62
IQ:5,40,11,-60,12
IQ:6,48,11,11,51
IQ:7,56,11,50,-31
IQ:8,72,12,-101,57
IQ:9,80,255,55,91
IQ:10,88,1,79,-91
IQ:11,96,255,-71,-32
IQ:12,104,2,78,177
IQ:13,112,255,153,-30
IQ:14,120,10,-21,-35
IQ:15,128,255,-84,89
IQ:16,136,3,27,240
IQ:17,144,255,107,-15
IQ:18,152,9,-217,-25
IQ:19,160,255,-114