DF_END

Data arrived...
DF_BEGIN
IQ:0,0,11,-60,126
IQ:1,8,11,130,44
IQ:2,16,11,26,-137
IQ:3,24,11,-135,-13
IQ:4,32,11,27,147
IQ:5,40,11,138,-32
IQ:6,48,11,-39,-141
IQ:7,56,11,-122,70
IQ:8,72,12,159,-51
IQ:9,80,255,-81,-127
IQ:10,88,1,-162,83
IQ:11,96,255,94,83
IQ:12,104,2,23,-230
IQ:13,112,255,-203,-58
IQ:14,120,10,7,103
IQ:15,128,255,154,-32
IQ:16,136,3,28,-259
IQ:17,144,255,-156,15
IQ:18,152,9,220,154
IQ:19,160,255,208,-173
IQ:20,168,4,22,-146
IQ:21,176,255,-87,48
IQ:22,184,8,174,75
IQ:23,192,255,64,-151
IQ:24,200,7,-184,-2
IQ:25,208,255,-9,179
IQ:26,216,6,131,41
IQ:27,224,255,79,-103
IQ:28,232,5,48,-31
IQ:29,240,255,53,32
IQ:30,248,12,175,22
IQ:31,256,255,-26,-144
IQ:32,264,1,-170,34
IQ:33,272,255,46,120
IQ:34,280,2,121,-206
IQ:35,288,255,-181,-144
SW:2
RR:3
SS:3
FR:2480
ME:359
MA:353
KE:1
KA:356
DF_END

Data arrived...
DF_BEGIN
IQ:0,0,11,-60,147
IQ:1,8,11,160,35
IQ:2,16,11,34,-159
IQ:3,24,11,-154,-16
IQ:4,32,11,9,168
IQ:5,40,11,162,-25
IQ:6,48,11,-49,-150
IQ:7,56,11,-147,58
IQ:8,72,12,123,-79
IQ:9,80,255,-59,-110
IQ:10,88,1,-18,90
IQ:11,96,255,98,58
IQ:12,104,2,46,-6
IQ:13,112,255,-56,-13
IQ:14,120,10,-76,144
IQ:15,128,255,93,93
IQ:16,136,3,-27,21
IQ:17,144,255,-53,50
IQ:18,152,9,-71,112
IQ:19,160,255,48,11
IQ:20,168,4,-155,-111
IQ:21,176,255,-132,120
IQ:22,184,8,67,33
IQ:23,192,255,52,-111
IQ:24,200,7,-56,-94
IQ:25,208,255,-55,73
IQ:26,216,6,102,47
IQ:27,224,255,-7,-124
IQ:28,232,5,-204,45
IQ:29,240,255,3,198
IQ:30,248,12,144,-10
IQ:31,256,255,-4,-121
IQ:32,264,1,-71,59
IQ:33,272,255,50,101
IQ:34,280,2,48,18
IQ:35,288,255,-42,-14
SW:2
RR:3
SS:3
FR:2426
ME:359
MA:5
KE:0
KA:357
DF_END

Data arrived...
DF_BEGIN
IQ:0,0,11,159,14
IQ:1,8,11,-12,-161
IQ:2,16,11,-164,34
IQ:3,24,11,28,164
IQ:4,32,11,154,-51
IQ:5,40,11,-73,-148
IQ:6,48,11,-142,87
IQ:7,56,11,102,124
IQ:8,72,12,-159,-90
IQ:9,80,255,-65,144
IQ:10,88,1,164,18
IQ:11,96,255,28,-154
IQ:12,104,2,-127,43
IQ:13,112,255,61,152
IQ:14,120,10,161,28
IQ:15,128,255,-5,-120
IQ:16,136,3,-93,88
IQ:17,144,255,90,133
IQ:18,152,9,125,-22
IQ:19,160,255,-62,-88
IQ:20,168,4,-95,155
IQ:21,176,255,133,117
IQ:22,184,8,50,-86
IQ:23,192,255,-115,-38
IQ:24,200,7,-65,96
IQ:25,208,255,105,20
IQ:26,216,6,8,-155
IQ:27,224,255,-166,22
IQ:28,232,5,-5,207
IQ:29,240,255,157,-32
IQ:30,248,12,-112,-149
IQ:31,256,255,-140,93
IQ:32,264,1,128,103
IQ:33,272,255,88,-124
IQ:34,280,2,-129,-19
IQ:35,288,255,-19,158
SW:2
RR:3
SS:3
FR:2402
ME:2
MA:353
KE:1
KA:357
DF_END

Data arrived...
DF_BEGIN
IQ:0,0,11,130,24
IQ:1,8,11,6,-129
IQ:2,16,11,-127,1
IQ:3,24,11,15,127
IQ:4,32,11,128,-40
IQ:5,40,11,-63,-131
IQ:6,48,11,-111,66
IQ:7,56,11,82,117
IQ:8,72,12,-87,-138
IQ:9,80,255,-113,105
IQ:10,88,1,123,125
IQ:11,96,255,50,-98
IQ:12,104,2,-231,55
IQ:13,112,255,3,208
IQ:14,120,10,85,-10
IQ:15,128,255,-73,-130
IQ:16,136,3,-263,9
IQ:17,144,255,23,141
IQ:18,152,9,71,-266
IQ:19,160,255,-240,-156
IQ:20,168,4,-153,10
IQ:21,176,255,29,59
IQ:22,184,8,13,-182
IQ:23,192,255,-157,-40
IQ:24,200,7,35,141
IQ:25,208,255,156,-21
IQ:26,216,6,2,-124
IQ:27,224,255,-125,-63
IQ:28,232,5,-61,-40
IQ:29,240,255,-3,-44
IQ:30,248,12,-10,-166
IQ:31,256,255,-141,42
IQ:32,264,1,63,162
IQ:33,272,255,99,-77
IQ:34,280,2,-221,-77
IQ:35,288,255,-93,197
SW:2
RR:3
SS:3
FR:2480
ME:359
MA:353
KE:0
KA:356
DF_END

Data arrived...
DF_BEGIN
IQ:0,0,11,109,-120
IQ:1,8,11,-125,-109
IQ:2,16,11,-101,131
IQ:3,24,11,139,65
IQ:4,32,11,42,-159
IQ:5,40,11,-157,-26
IQ:6,48,11,-7,166
IQ:7,56,11,158,-5
IQ:8,72,12,-140,23
IQ:9,80,255,32,116
IQ:10,88,1,53,-63
IQ:11,96,255,-74,-82
IQ:12,104,2,-49,-12
IQ:13,112,255,42,25
IQ:14,120,10,127,-105
IQ:15,128,255,-49,-124
IQ:16,136,3,29,-9
IQ:17,144,255,62,-19
IQ:18,152,9,98,-80
IQ:19,160,255,-32,-27
IQ:20,168,4,107,146
IQ:21,176,255,157,-77
IQ:22,184,8,-61,-62
IQ:23,192,255,-79,82
IQ:24,200,7,4,107
IQ:25,208,255,85,-30
IQ:26,216,6,-70,-89
IQ:27,224,255,-38,107
IQ:28,232,5,195,41
IQ:29,240,255,57,-188
IQ:30,248,12,-134,-30
IQ:31,256,255,-38,108
IQ:32,264,1,65,-46
IQ:33,272,255,-24,-112
IQ:34,280,2,-39,-43
IQ:35,288,255,32,32
SW:2
RR:3
SS:3
FR:2426
ME:359
MA:5
KE:0
KA:357
DF_END

Data arrived...
DF_BEGIN
IQ:0,0,11,75,144
IQ:1,8,11,138,-90
IQ:2,16,11,-101,-133
IQ:3,24,11,-105,121
IQ:4,32,11,140,98
IQ:5,40,11,97,-136
IQ:6,48,11,-139,-78
IQ:7,56,11,-52,150
IQ:8,72,12,-4,-182
IQ:9,80,255,-167,20
IQ:10,88,1,66,153
IQ:11,96,255,142,-56
IQ:12,104,2,-108,-72
IQ:13,112,255,-124,123
IQ:14,120,10,61,151
IQ:15,128,255,101,-62
IQ:16,136,3,-123,-27
IQ:17,144,255,-47,154
IQ:18,152,9,86,95
IQ:19,160,255,33,-101
IQ:20,168,4,-192,-6
IQ:21,176,255,-16,175
IQ:22,184,8,95,-20
IQ:23,192,255,-37,-123
IQ:24,200,7,-116,-3
IQ:25,208,255,30,105
IQ:26,216,6,121,-63
IQ:27,224,255,-107,-124
IQ:28,232,5,-164,108
IQ:29,240,255,106,133
IQ:30,248,12,80,-156
IQ:31,256,255,-159,-53
IQ:32,264,1,-15,170
IQ:33,272,255,149,16
IQ:34,280,2,-61,-118
IQ:35,288,255,-148,70
SW:2
RR:3
SS:3
FR:2402
ME:2
MA:353
KE:0
KA:356
DF_END

Data arrived...
DF_BEGIN
IQ:0,0,11,58,128
IQ:1,8,11,116,-65
IQ:2,16,11,-89,-94
IQ:3,24,11,-81,93
IQ:4,32,11,107,91
IQ:5,40,11,62,-111
IQ:6,48,11,-125,-46
IQ:7,56,11,-23,127
IQ:8,72,12,60,-144
IQ:9,80,255,-128,-9
IQ:10,88,1,-19,168
IQ:11,96,255,104,-20
IQ:12,104,2,-174,-157
IQ:13,112,255,-168,120
IQ:14,120,10,69,55
IQ:15,128,255,51,-138
IQ:16,136,3,-193,-176
IQ:17,144,255,-74,136
IQ:18,152,9,277,-103
IQ:19,160,255,5,-287
IQ:20,168,4,-82,-112
IQ:21,176,255,-26,72
IQ:22,184,8,164,-80
IQ:23,192,255,-66,-151
IQ:24,200,7,-89,113
IQ:25,208,255,120,130
IQ:26,216,6,102,-75
IQ:27,224,255,-35,-126
IQ:28,232,5,11,-46
IQ:29,240,255,44,-31
IQ:30,248,12,112,-103
IQ:31,256,255,-111,-84
IQ:32,264,1,-100,135
IQ:33,272,255,104,36
IQ:34,280,2,-68,-231
IQ:35,288,255,-217,50
SW:2
RR:3
SS:3
FR:2480
ME:359
MA:353
KE:0
KA:356
DF_END

Data arrived...
DF_BEGIN
IQ:0,0,11,-145,22
IQ:1,8,11,42,127
IQ:2,16,11,125,-47
IQ:3,24,11,-85,-110
IQ:4,32,11,-104,84
IQ:5,40,11,87,93
IQ:6,48,11,81,-93
IQ:7,56,11,-118,-61
IQ:8,72,12,129,99
IQ:9,80,255,44,-122
IQ:10,88,1,-149,-70
IQ:11,96,255,-15,123
IQ:12,104,2,183,-114
IQ:13,112,255,-88,-199
IQ:14,120,10,-85,58
IQ:15,128,255,122,66
IQ:16,136,3,234,-130
IQ:17,144,255,-88,-108
IQ:18,152,9,35,281
IQ:19,160,255,286,73
IQ:20,168,4,136,-46
IQ:21,176,255,-69,-39
IQ:22,184,8,55,174
IQ:23,192,255,147,-34
IQ:24,200,7,-87,-102
IQ:25,208,255,-124,90
IQ:26,216,6,48,115
IQ:27,224,255,129,-1
IQ:28,232,5,52,24
IQ:29,240,255,14,50
IQ:30,248,12,83,141
IQ:31,256,255,100,-94
IQ:32,264,1,-122,-109
IQ:33,272,255,-61,112
IQ:34,280,2,240,-20
IQ:35,288,255,-6,-210
SW:2
RR:3
SS:3
FR:2480
ME:356
MA:353
KE:0
KA:356
DF_END

Data arrived...
DF_BEGIN
IQ:0,0,11,103,-124
IQ:1,8,11,-140,-89
IQ:2,16,11,-88,149
IQ:3,24,11,151,56
IQ:4,32,11,39,-156
IQ:5,40,11,-163,-8
IQ:6,48,11,18,167
IQ:7,56,11,162,-31
IQ:8,72,12,-134,22
IQ:9,80,255,34,111
IQ:10,88,1,43,-72
IQ:11,96,255,-78,-84
IQ:12,104,2,-45,-10
IQ:13,112,255,63,25
IQ:14,120,10,118,-108
IQ:15,128,255,-69,-116
IQ:16,136,3,22,-5
IQ:17,144,255,74,-27
IQ:18,152,9,80,-102
IQ:19,160,255,-51,-21
IQ:20,168,4,117,144
IQ:21,176,255,163,-72
IQ:22,184,8,-75,-53
IQ:23,192,255,-68,103
IQ:24,200,7,24,103
IQ:25,208,255,75,-30
IQ:26,216,6,-82,-92
IQ:27,224,255,-36,105
IQ:28,232,5,201,23
IQ:29,240,255,41,-193
IQ:30,248,12,-141,-24
IQ:31,256,255,-13,119
IQ:32,264,1,75,-52
IQ:33,272,255,-39,-110
IQ:34,280,2,-28,-41
IQ:35,288,255,47,28
SW:2
RR:3
SS:3
FR:2426
ME:359
MA:5
KE:359
KA:356
DF_END

Data arrived...
DF_BEGIN
IQ:0,0,11,-116,-125
IQ:1,8,11,-105,128
IQ:2,16,11,136,94
IQ:3,24,11,75,-142
IQ:4,32,11,-159,-61
IQ:5,40,11,-37,159
IQ:6,48,11,162,20
IQ:7,56,11,-8,-165
IQ:8,72,12,63,176
IQ:9,80,255,151,-59
IQ:10,88,1,-107,-121
IQ:11,96,255,-117,102
IQ:12,104,2,120,41
IQ:13,112,255,55,-159
IQ:14,120,10,-113,-122
IQ:15,128,255,-73,89
IQ:16,136,3,119,-14
IQ:17,144,255,11,-161
IQ:18,152,9,-114,-71
IQ:19,160,255,-15,95
IQ:20,168,4,165,-78
IQ:21,176,255,-58,-167
IQ:22,184,8,-93,41
IQ:23,192,255,64,102
IQ:24,200,7,110,-33
IQ:25,208,255,-63,-93
IQ:26,216,6,-106,101
IQ:27,224,255,137,88
IQ:28,232,5,110,-160
IQ:29,240,255,-149,-70
IQ:30,248,12,-25,183
IQ:31,256,255,160,21
IQ:32,264,1,-31,-159
IQ:33,272,255,-150,33
IQ:34,280,2,94,91
IQ:35,288,255,118,-111
SW:2
RR:3
SS:3
FR:2402
ME:2
MA:353
KE:0
KA:356
DF_END

Data arrived...
DF_BEGIN
IQ:0,0,11,-27,123
IQ:1,8,11,134,-8
IQ:2,16,11,-30,-125
IQ:3,24,11,-134,38
IQ:4,32,11,64,132
IQ:5,40,11,118,-53
IQ:6,48,11,-88,-88
IQ:7,56,11,-100,97
IQ:8,72,12,128,-89
IQ:9,80,255,-112,-101
IQ:10,88,1,-97,141
IQ:11,96,255,124,43
IQ:12,104,2,-70,-223
IQ:13,112,255,-213,24
IQ:14,120,10,31,103
IQ:15,128,255,117,-106
IQ:16,136,3,-76,-251
IQ:17,144,255,-135,66
IQ:18,152,9,298,52
IQ:19,160,255,144,-253
IQ:20,168,4,-30,-150
IQ:21,176,255,-59,44
IQ:22,184,8,171,-11
IQ:23,192,255,8,-153
IQ:24,200,7,-140,60
IQ:25,208,255,45,165
IQ:26,216,6,122,-1
IQ:27,224,255,22,-134
IQ:28,232,5,25,-40
IQ:29,240,255,48,18
IQ:30,248,12,160,-35
IQ:31,256,255,-48,-126
IQ:32,264,1,-146,84
IQ:33,272,255,86,95
IQ:34,280,2,67,-232
IQ:35,288,255,-209,-89
SW:2
RR:3
SS:3
FR:2480
ME:359
MA:353
KE:359
KA:356
DF_END

Data arrived...
DF_BEGIN
IQ:0,0,11,128,101
IQ:1,8,11,94,-134
IQ:2,16,11,-149,-69
IQ:3,24,11,-51,153
IQ:4,32,11,170,23
IQ:5,40,11,11,-165
IQ:6,48,11,-160,13
IQ:7,56,11,35,160
IQ:8,72,12,-45,-128
IQ:9,80,255,-108,45
IQ:10,88,1,80,40
IQ:11,96,255,72,-77
IQ:12,104,2,9,-33
IQ:13,112,255,-14,60
IQ:14,120,10,117,117
IQ:15,128,255,116,-65
IQ:16,136,3,11,32
IQ:17,144,255,37,65
IQ:18,152,9,87,75
IQ:19,160,255,12,-53
IQ:20,168,4,-130,119
IQ:21,176,255,89,145
IQ:22,184,8,38,-77
IQ:23,192,255,-101,-77
IQ:24,200,7,-104,21
IQ:25,208,255,43,74
IQ:26,216,6,68,-99
IQ:27,224,255,-106,-27
IQ:28,232,5,-13,198
IQ:29,240,255,194,34
IQ:30,248,12,17,-138
IQ:31,256,255,-109,-18
IQ:32,264,1,47,70
IQ:33,272,255,102,-49
IQ:34,280,2,25,-30
IQ:35,288,255,-25,50
SW:2
RR:3
SS:3
FR:2426
ME:359
MA:5
KE:359
KA:356
DF_END

Data arrived...
DF_BEGIN
IQ:0,0,11,-164,18
IQ:1,8,11,50,153
IQ:2,16,11,152,-61
IQ:3,24,11,-75,-148
IQ:4,32,11,-121,107
IQ:5,40,11,94,131
IQ:6,48,11,114,-116
IQ:7,56,11,-136,-95
IQ:8,72,12,125,63
IQ:9,80,255,37,-101
IQ:10,88,1,-86,27
IQ:11,96,255,-2,111
IQ:12,104,2,16,29
IQ:13,112,255,-22,-51
IQ:14,120,10,-166,1
IQ:15,128,255,-29,132
IQ:16,136,3,-37,-10
IQ:17,144,255,-65,-24
IQ:18,152,9,-115,22
IQ:19,160,255,28,35
IQ:20,168,4,8,-182
IQ:21,176,255,-168,-33
IQ:22,184,8,18,88
IQ:23,192,255,122,-16
IQ:24,200,7,44,-88
IQ:25,208,255,-85,-16
IQ:26,216,6,19,110
IQ:27,224,255,88,-63
IQ:28,232,5,-136,-157
IQ:29,240,255,-161,116
IQ:30,248,12,86,110
IQ:31,256,255,88,-88
IQ:32,264,1,-91,-12
IQ:33,272,255,-31,104
IQ:34,280,2,3,37
IQ:35,288,255,-29,-42
SW:2
RR:3
SS:3
FR:2426
ME:359
MA:5
KE:359
KA:357
DF_END

Data arrived...
DF_BEGIN
IQ:0,0,11,27,163
IQ:1,8,11,155,-61
IQ:2,16,11,-81,-146
IQ:3,24,11,-139,91
IQ:4,32,11,102,128
IQ:5,40,11,118,-116
IQ:6,48,11,-127,-110
IQ:7,56,11,-84,142
IQ:8,72,12,37,-183
IQ:9,80,255,-177,-15
IQ:10,88,1,19,168
IQ:11,96,255,153,-25
IQ:12,104,2,-83,-102
IQ:13,112,255,-146,96
IQ:14,120,10,33,162
IQ:15,128,255,116,-46
IQ:16,136,3,-118,-53
IQ:17,144,255,-103,130
IQ:18,152,9,59,117
IQ:19,160,255,61,-90
IQ:20,168,4,-188,-34
IQ:21,176,255,-56,167
IQ:22,184,8,95,6
IQ:23,192,255,-20,-118
IQ:24,200,7,-126,-28
IQ:25,208,255,-2,121
IQ:26,216,6,145,-41
IQ:27,224,255,-76,-148
IQ:28,232,5,-183,81
IQ:29,240,255,92,144
IQ:30,248,12,127,-144
IQ:31,256,255,-136,-98
IQ:32,264,1,-52,165
IQ:33,272,255,148,45
IQ:34,280,2,-31,-129
IQ:35,288,255,-159,25
SW:2
RR:3
SS:3
FR:2402
ME:2
MA:353
KE:359
KA:357
DF_END

Data arrived...
DF_BEGIN
IQ:0,0,11,-72,-146
IQ:1,8,11,-134,95
IQ:2,16,11,114,117
IQ:3,24,11,104,-126
IQ:4,32,11,-139,-84
IQ:5,40,11,-79,148
IQ:6,48,11,146,75
IQ:7,56,11,44,-158
IQ:8,72,12,31,188
IQ:9,80,255,162,-31
IQ:10,88,1,-74,-150
IQ:11,96,255,-129,83
IQ:12,104,2,115,72
IQ:13,112,255,103,-136
IQ:14,120,10,-80,-151
IQ:15,128,255,-101,74
IQ:16,136,3,125,16
IQ:17,144,255,50,-154
IQ:18,152,9,-91,-97
IQ:19,160,255,-40,91
IQ:20,168,4,186,-21
IQ:21,176,255,-1,-170
IQ:22,184,8,-91,14
IQ:23,192,255,49,117
IQ:24,200,7,116,-9
IQ:25,208,255,-46,-101
IQ:26,216,6,-127,73
IQ:27,224,255,121,113
IQ:28,232,5,140,-132
IQ:29,240,255,-131,-109
IQ:30,248,12,-68,181
IQ:31,256,255,157,63
IQ:32,264,1,4,-162
IQ:33,272,255,-153,5
IQ:34,280,2,67,116
IQ:35,288,255,145,-76
SW:2
RR:3
SS:3
FR:2402
ME:2
MA:353
KE:359
KA:356
DF_END

Data arrived...
DF_BEGIN
IQ:0,0,11,59,94
IQ:1,8,11,89,-76
IQ:2,16,11,-79,-59
IQ:3,24,11,-53,84
IQ:4,32,11,102,67
IQ:5,40,11,41,-94
IQ:6,48,11,-105,-5
IQ:7,56,11,-1,98
IQ:8,72,12,35,-141
IQ:9,80,255,-112,13
IQ:10,88,1,42,161
IQ:11,96,255,93,-41
IQ:12,104,2,-200,-90
IQ:13,112,255,-129,157
IQ:14,120,10,63,23
IQ:15,128,255,-4,-124
IQ:16,136,3,-219,-122
IQ:17,144,255,-40,142
IQ:18,152,9,219,-155
IQ:19,160,255,-72,-256
IQ:20,168,4,-99,-90
IQ:21,176,255,-16,46
IQ:22,184,8,127,-83
IQ:23,192,255,-71,-93
IQ:24,200,7,-8,129
IQ:25,208,255,138,65
IQ:26,216,6,76,-79
IQ:27,224,255,-37,-97
IQ:28,232,5,1,-75
IQ:29,240,255,10,-47
IQ:30,248,12,91,-105
IQ:31,256,255,-107,-32
IQ:32,264,1,-30,161
IQ:33,272,255,111,-1
IQ:34,280,2,-138,-171
IQ:35,288,255,-187,93
SW:2
RR:3
SS:3
FR:2480
ME:359
MA:353
KE:359
KA:356
DF_END

Data arrived...
DF_BEGIN
IQ:0,0,11,167,-53
IQ:1,8,11,-66,-156
IQ:2,16,11,-148,83
IQ:3,24,11,104,140
IQ:4,32,11,129,-124
IQ:5,40,11,-114,-116
IQ:6,48,11,-100,137
IQ:7,56,11,138,80
IQ:8,72,12,-149,-31
IQ:9,80,255,-31,120
IQ:10,88,1,86,-37
IQ:11,96,255,-15,-129
IQ:12,104,2,-21,-35
IQ:13,112,255,56,47
IQ:14,120,10,159,-30
IQ:15,128,255,-10,-127
IQ:16,136,3,28,21
IQ:17,144,255,79,26
IQ:18,152,9,119,-13
IQ:19,160,255,-37,-27
IQ:20,168,4,26,189
IQ:21,176,255,173,40
IQ:22,184,8,-31,-86
IQ:23,192,255,-129,22
IQ:24,200,7,-32,83
IQ:25,208,255,90,10
IQ:26,216,6,-40,-116
IQ:27,224,255,-101,87
IQ:28,232,5,156,155
IQ:29,240,255,149,-135
IQ:30,248,12,-111,-108
IQ:31,256,255,-97,107
IQ:32,264,1,104,7
IQ:33,272,255,22,-132
IQ:34,280,2,-23,-29
IQ:35,288,255,25,64
SW:2
RR:3
SS:3
FR:2426
ME:359
MA:5
KE:359
KA:357
DF_END

Data arrived...
DF_BEGIN
IQ:0,0,11,-41,166
IQ:1,8,11,167,21
IQ:2,16,11,-5,-159
IQ:3,24,11,-164,43
IQ:4,32,11,54,164
IQ:5,40,11,166,-59
IQ:6,48,11,-72,-154
IQ:7,56,11,-144,92
IQ:8,72,12,101,-109
IQ:9,80,255,-98,-91
IQ:10,88,1,-13,97
IQ:11,96,255,109,48
IQ:12,104,2,31,-12
IQ:13,112,255,-70,28
IQ:14,120,10,-53,172
IQ:15,128,255,120,71
IQ:16,136,3,-26,32
IQ:17,144,255,-50,62
IQ:18,152,9,-24,113
IQ:19,160,255,40,-21
IQ:20,168,4,-183,-67
IQ:21,176,255,-92,153
IQ:22,184,8,103,-7
IQ:23,192,255,19,-133
IQ:24,200,7,-61,-78
IQ:25,208,255,-45,69
IQ:26,216,6,121,28
IQ:27,224,255,-27,-110
IQ:28,232,5,-214,65
IQ:29,240,255,50,210
IQ:30,248,12,150,-59
IQ:31,256,255,-44,-131
IQ:32,264,1,-62,89
IQ:33,272,255,85,82
IQ:34,280,2,36,-6
IQ:35,288,255,-56,0
SW:2
RR:3
SS:3
FR:2426
ME:359
MA:5
KE:359
KA:358
DF_END

Data arrived...
DF_BEGIN
IQ:0,0,11,133,-86
IQ:1,8,11,-115,-110
IQ:2,16,11,-97,124
IQ:3,24,11,134,93
IQ:4,32,11,79,-142
IQ:5,40,11,-157,-42
IQ:6,48,11,-43,155
IQ:7,56,11,162,24
IQ:8,72,12,-174,52
IQ:9,80,255,56,156
IQ:10,88,1,136,-85
IQ:11,96,255,-89,-125
IQ:12,104,2,-50,117
IQ:13,112,255,151,70
IQ:14,120,10,127,-94
IQ:15,128,255,-83,-91
IQ:16,136,3,-11,125
IQ:17,144,255,154,27
IQ:18,152,9,68,-110
IQ:19,160,255,-101,-20
IQ:20,168,4,31,172
IQ:21,176,255,173,-18
IQ:22,184,8,-20,-86
IQ:23,192,255,-107,50
IQ:24,200,7,15,109
IQ:25,208,255,89,-49
IQ:26,216,6,-103,-103
IQ:27,224,255,-88,134
IQ:28,232,5,142,133
IQ:29,240,255,88,-135
IQ:30,248,12,-180,-33
IQ:31,256,255,-24,162
IQ:32,264,1,159,-25
IQ:33,272,255,-19,-149
IQ:34,280,2,-102,70
IQ:35,288,255,95,127
SW:2
RR:3
SS:3
FR:2402
ME:2
MA:353
KE:359
KA:357
DF_END

Data arrived...
DF_BEGIN
IQ:0,0,11,100,-77
IQ:1,8,11,-68,-81
IQ:2,16,11,-73,67
IQ:3,24,11,94,50
IQ:4,32,11,54,-101
IQ:5,40,11,-100,-39
IQ:6,48,11,-19,106
IQ:7,56,11,112,-1
IQ:8,72,12,-142,-55
IQ:9,80,255,2,126
IQ:10,88,1,181,-1
IQ:11,96,255,-56,-129
IQ:12,104,2,-139,179
IQ:13,112,255,154,135
IQ:14,120,10,22,-61
IQ:15,128,255,-135,-2
IQ:16,136,3,-122,211
IQ:17,144,255,140,30
IQ:18,152,9,-154,-253
IQ:19,160,255,-287,37
IQ:20,168,4,-81,102
IQ:21,176,255,72,9
IQ:22,184,8,-98,-139
IQ:23,192,255,-125,77
IQ:24,200,7,144,40
IQ:25,208,255,74,-154
IQ:26,216,6,-95,-77
IQ:27,224,255,-106,46
IQ:28,232,5,-72,-16
IQ:29,240,255,-61,-38
IQ:30,248,12,-107,-92
IQ:31,256,255,-44,107
IQ:32,264,1,172,33
IQ:33,272,255,17,-130
IQ:34,280,2,-206,114
IQ:35,288,255,76,205
SW:2
RR:3
SS:3
FR:2480
ME:356
MA:353
KE:359
KA:357
DF_END

Data arrived...
DF_BEGIN
IQ:0,0,11,48,-156
IQ:1,8,11,-162,-23
IQ:2,16,11,-15,170
IQ:3,24,11,165,-9
IQ:4,32,11,-28,-164
IQ:5,40,11,-163,55
IQ:6,48,11,62,151
IQ:7,56,11,138,-85
IQ:8,72,12,-117,104
IQ:9,80,255,94,94
IQ:10,88,1,14,-113
IQ:11,96,255,-119,-47
IQ:12,104,2,-17,23
IQ:13,112,255,85,-22
IQ:14,120,10,58,-157
IQ:15,128,255,-107,-72
IQ:16,136,3,50,-11
IQ:17,144,255,71,-67
IQ:18,152,9,27,-108
IQ:19,160,255,-52,22
IQ:20,168,4,173,101
IQ:21,176,255,115,-137
IQ:22,184,8,-108,-29
IQ:23,192,255,-43,141
IQ:24,200,7,65,80
IQ:25,208,255,49,-83
IQ:26,216,6,-120,-38
IQ:27,224,255,26,123
IQ:28,232,5,223,-52
IQ:29,240,255,-19,-205
IQ:30,248,12,-152,40
IQ:31,256,255,35,125
IQ:32,264,1,63,-97
IQ:33,272,255,-84,-86
IQ:34,280,2,-24,8
IQ:35,288,255,79,1
SW:2
RR:3
SS:3
FR:2426
ME:359
MA:5
KE:359
KA:358
DF_END

Data arrived...