KE:359
KA:355
DF_END

Data arrived...
DF_BEGIN
IQ:0,0,11,123,131
IQ:1,8,11,110,-143
IQ:2,16,11,-143,-107
IQ:3,24,11,-79,148
IQ:4,32,11,167,51
IQ:5,40,11,45,-167
IQ:6,48,11,-173,-19
IQ:7,56,11,1,172
IQ:8,72,12,-37,-157
IQ:9,80,255,-136,34
IQ:10,88,1,87,88
IQ:11,96,255,115,-71
IQ:12,104,2,-12,-48
IQ:13,112,255,-39,72
IQ:14,120,10,131,134
IQ:15,128,255,122,-80
IQ:16,136,3,-7,25
IQ:17,144,255,19,97
IQ:18,152,9,99,97
IQ:19,160,255,26,-62
IQ:20,168,4,-167,103
IQ:21,176,255,61,172
IQ:22,184,8,70,-47
IQ:23,192,255,-82,-111
IQ:24,200,7,-126,0
IQ:25,208,255,38,88
IQ:26,216,6,100,-92
IQ:27,224,255,-108,-58
IQ:28,232,5,-59,225
IQ:29,240,255,201,65
IQ:30,248,12,33,-171
IQ:31,256,255,-142,-33
IQ:32,264,1,39,110
IQ:33,272,255,137,-28
IQ:34,280,2,10,-53
IQ:35,288,255,-58,53
SW:2
RR:3
SS:3
FR:2426
ME:2
MA:353
KE:359
KA:355
DF_END

Data arrived...
DF_BEGIN
IQ:0,0,11,212,27
IQ:1,8,11,-1,-207
IQ:2,16,11,-203,38
IQ:3,24,11,53,206
IQ:4,32,11,183,-85
IQ:5,40,11,-113,-173
IQ:6,48,11,-169,122
IQ:7,56,11,133,147
IQ:8,72,12,-209,-106
IQ:9,80,255,-81,183
IQ:10,88,1,213,15
IQ:11,96,255,-1,-208
IQ:12,104,2,-170,84
IQ:13,112,255,82,207
IQ:14,120,10,191,13
IQ:15,128,255,-27,-144
IQ:16,136,3,-115,131
IQ:17,144,255,129,157
IQ:18,152,9,134,-43
IQ:19,160,255,-93,-79
IQ:20,168,4,-95,210
IQ:21,176,255,192,93
IQ:22,184,8,17,-101
IQ:23,192,255,-156,-18
IQ:24,200,7,-67,138
IQ:25,208,255,128,19
IQ:26,216,6,-16,-188
IQ:27,224,255,-200,47
IQ:28,232,5,49,239
IQ:29,240,255,197,-68
IQ:30,248,12,-139,-187
IQ:31,256,255,-152,140
IQ:32,264,1,183,122
IQ:33,272,255,104,-161
IQ:34,280,2,-183,17
IQ:35,288,255,-2,219
SW:2
RR:3
SS:3
FR:2402
ME:2
MA:353
KE:0
KA:355
DF_END

Data arrived...
DF_BEGIN
IQ:0,0,11,-163,-110
IQ:1,8,11,-101,162
IQ:2,16,11,184,70
IQ:3,24,11,49,-192
IQ:4,32,11,-200,-26
IQ:5,40,11,-9,203
IQ:6,48,11,197,-12
IQ:7,56,11,-32,-203
IQ:8,72,12,130,186
IQ:9,80,255,151,-122
IQ:10,88,1,-185,-104
IQ:11,96,255,-104,172
IQ:12,104,2,171,3
IQ:13,112,255,8,-216
IQ:14,120,10,-160,-99
IQ:15,128,255,-53,125
IQ:16,136,3,160,-65
IQ:17,144,255,-32,-193
IQ:18,152,9,-134,-30
IQ:19,160,255,35,110
IQ:20,168,4,189,-116
IQ:21,176,255,-84,-194
IQ:22,184,8,-72,70
IQ:23,192,255,120,76
IQ:24,200,7,113,-73
IQ:25,208,255,-106,-65
IQ:26,216,6,-73,161
IQ:27,224,255,181,42
IQ:28,232,5,77,-220
IQ:29,240,255,-188,-55
IQ:30,248,12,47,214
IQ:31,256,255,199,-50
IQ:32,264,1,-97,-185
IQ:33,272,255,-171,92
IQ:34,280,2,158,72
IQ:35,288,255,103,-187
SW:2
RR:3
SS:3
FR:2402
ME:2
MA:353
KE:0
KA:355
DF_END

Data arrived...
DF_BEGIN
IQ:0,0,11,44,-75
IQ:1,8,11,-79,-39
IQ:2,16,11,-5,52
IQ:3,24,11,77,-8
IQ:4,32,11,-5,-75
IQ:5,40,11,-82,-4
IQ:6,48,11,17,52
IQ:7,56,11,73,-35
IQ:8,72,12,-125,12
IQ:9,80,255,55,103
IQ:10,88,1,126,-78
IQ:11,96,255,-72,-61
IQ:12,104,2,17,186
IQ:13,112,255,166,39
IQ:14,120,10,-3,-42
IQ:15,128,255,-97,52
IQ:16,136,3,-25,240
IQ:17,144,255,122,5
IQ:18,152,9,-196,-101
IQ:19,160,255,-169,154
IQ:20,168,4,-68,128
IQ:21,176,255,62,12
IQ:22,184,8,-122,-55
IQ:23,192,255,-57,92
IQ:24,200,7,75,-39
IQ:25,208,255,-10,-106
IQ:26,216,6,-96,-32
IQ:27,224,255,-93,58
IQ:28,232,5,-104,43
IQ:29,240,255,-34,37
IQ:30,248,12,-127,-43
IQ:31,256,255,1,101
IQ:32,264,1,133,-29
IQ:33,272,255,-37,-92
IQ:34,280,2,-74,168
IQ:35,288,255,137,99
SW:2
RR:3
SS:3
FR:2480
ME:356
MA:353
KE:359
KA:354
DF_END

Data arrived...
DF_BEGIN
IQ:0,0,11,3,94
IQ:1,8,11,96,-13
IQ:2,16,11,-12,-93
IQ:3,24,11,-80,29
IQ:4,32,11,58,73
IQ:5,40,11,77,-53
IQ:6,48,11,-43,-70
IQ:7,56,11,-57,77
IQ:8,72,12,106,-104
IQ:9,80,255,-115,-70
IQ:10,88,1,-74,111
IQ:11,96,255,104,12
IQ:12,104,2,-104,-184
IQ:13,112,255,-172,41
IQ:14,120,10,27,66
IQ:15,128,255,74,-105
IQ:16,136,3,-108,-236
IQ:17,144,255,-123,73
IQ:18,152,9,235,10
IQ:19,160,255,127,-220
IQ:20,168,4,-5,-147
IQ:21,176,255,-60,13
IQ:22,184,8,154,-29
IQ:23,192,255,-2,-133
IQ:24,200,7,-67,79
IQ:25,208,255,69,116
IQ:26,216,6,108,-15
IQ:27,224,255,55,-106
IQ:28,232,5,67,-68
IQ:29,240,255,31,-49
IQ:30,248,12,133,-71
IQ:31,256,255,-78,-104
IQ:32,264,1,-110,98
IQ:33,272,255,83,69
IQ:34,280,2,-5,-204
IQ:35,288,255,-192,-22
SW:2
RR:3
SS:3
FR:2480
ME:356
MA:353
KE:359
KA:354
DF_END

Data arrived...
DF_BEGIN
IQ:0,0,11,-163,53
IQ:1,8,11,75,152
IQ:2,16,11,137,-100
IQ:3,24,11,-114,-138
IQ:4,32,11,-123,126
IQ:5,40,11,140,103
IQ:6,48,11,93,-140
IQ:7,56,11,-158,-69
IQ:8,72,12,156,29
IQ:9,80,255,26,-134
IQ:10,88,1,-101,47
IQ:11,96,255,26,129
IQ:12,104,2,35,8
IQ:13,112,255,-60,-48
IQ:14,120,10,-185,62
IQ:15,128,255,10,150
IQ:16,136,3,-32,-22
IQ:17,144,255,-106,-17
IQ:18,152,9,-146,42
IQ:19,160,255,49,46
IQ:20,168,4,-19,-208
IQ:21,176,255,-188,-37
IQ:22,184,8,12,80
IQ:23,192,255,126,-30
IQ:24,200,7,42,-111
IQ:25,208,255,-102,-5
IQ:26,216,6,35,127
IQ:27,224,255,96,-83
IQ:28,232,5,-169,-151
IQ:29,240,255,-147,157
IQ:30,248,12,137,97
IQ:31,256,255,85,-119
IQ:32,264,1,-113,-14
IQ:33,272,255,-39,120
IQ:34,280,2,22,23
IQ:35,288,255,-36,-55
SW:2
RR:3
SS:3
FR:2426
ME:359
MA:5
KE:359
KA:355
DF_END

Data arrived...
DF_BEGIN
IQ:0,0,11,138,64
IQ:1,8,11,62,-140
IQ:2,16,11,-142,-46
IQ:3,24,11,-32,154
IQ:4,32,11,151,19
IQ:5,40,11,-9,-148
IQ:6,48,11,-153,21
IQ:7,56,11,36,142
IQ:8,72,12,-109,-139
IQ:9,80,255,-118,94
IQ:10,88,1,138,73
IQ:11,96,255,69,-131
IQ:12,104,2,-138,4
IQ:13,112,255,-9,160
IQ:14,120,10,125,63
IQ:15,128,255,45,-104
IQ:16,136,3,-119,47
IQ:17,144,255,28,142
IQ:18,152,9,102,22
IQ:19,160,255,-35,-83
IQ:20,168,4,-138,110
IQ:21,176,255,85,140
IQ:22,184,8,53,-55
IQ:23,192,255,-90,-62
IQ:24,200,7,-91,57
IQ:25,208,255,72,56
IQ:26,216,6,51,-125
IQ:27,224,255,-147,-42
IQ:28,232,5,-52,173
IQ:29,240,255,152,25
IQ:30,248,12,-36,-172
IQ:31,256,255,-147,29
IQ:32,264,1,89,132
IQ:33,272,255,125,-81
IQ:34,280,2,-119,-58
IQ:35,288,255,-80,144
SW:2
RR:3
SS:3
FR:2402
ME:2
MA:353
KE:359
KA:355
DF_END

Data arrived...
DF_BEGIN
IQ:0,0,11,77,31
IQ:1,8,11,22,-95
IQ:2,16,11,-93,-16
IQ:3,24,11,14,84
IQ:4,32,11,86,-9
IQ:5,40,11,-12,-96
IQ:6,48,11,-95,19
IQ:7,56,11,39,91
IQ:8,72,12,-34,-133
IQ:9,80,255,-115,46
IQ:10,88,1,71,120
IQ:11,96,255,50,-79
IQ:12,104,2,-211,6
IQ:13,112,255,-59,163
IQ:14,120,10,61,-6
IQ:15,128,255,-67,-106
IQ:16,136,3,-248,-21
IQ:17,144,255,-6,132
IQ:18,152,9,101,-206
IQ:19,160,255,-158,-177
IQ:20,168,4,-110,-83
IQ:21,176,255,-17,23
IQ:22,184,8,44,-159
IQ:23,192,255,-118,-58
IQ:24,200,7,55,104
IQ:25,208,255,145,-24
IQ:26,216,6,28,-111
IQ:27,224,255,-54,-85
IQ:28,232,5,-13,-97
IQ:29,240,255,-26,-64
IQ:30,248,12,4,-133
IQ:31,256,255,-108,12
IQ:32,264,1,27,129
IQ:33,272,255,86,-45
IQ:34,280,2,-176,-98
IQ:35,288,255,-110,150
SW:2
RR:3
SS:3
FR:2480
ME:356
MA:353
KE:359
KA:355
DF_END

Data arrived...
DF_BEGIN
IQ:0,0,11,135,-109
IQ:1,8,11,-128,-130
IQ:2,16,11,-106,153
IQ:3,24,11,158,85
IQ:4,32,11,78,-165
IQ:5,40,11,-168,-52
IQ:6,48,11,-29,164
IQ:7,56,11,185,11
IQ:8,72,12,-172,33
IQ:9,80,255,29,135
IQ:10,88,1,87,-83
IQ:11,96,255,-71,-129
IQ:12,104,2,-67,10
IQ:13,112,255,77,55
IQ:14,120,10,131,-114
IQ:15,128,255,-64,-126
IQ:16,136,3,38,4
IQ:17,144,255,98,-28
IQ:18,152,9,120,-106
IQ:19,160,255,-72,-35
IQ:20,168,4,96,181
IQ:21,176,255,186,-43
IQ:22,184,8,-34,-72
IQ:23,192,255,-110,74
IQ:24,200,7,-4,132
IQ:25,208,255,112,-43
IQ:26,216,6,-89,-116
IQ:27,224,255,-66,120
IQ:28,232,5,239,66
IQ:29,240,255,60,-214
IQ:30,248,12,-163,-50
IQ:31,256,255,-43,149
IQ:32,264,1,129,-29
IQ:33,272,255,-9,-135
IQ:34,280,2,-54,-26
IQ:35,288,255,45,56
SW:2
RR:3
SS:3
FR:2426
ME:359
MA:5
KE:359
KA:355
DF_END

Data arrived...
DF_BEGIN
IQ:0,0,11,-136,55
IQ:1,8,11,77,120
IQ:2,16,11,105,-101
IQ:3,24,11,-115,-96
IQ:4,32,11,-95,106
IQ:5,40,11,124,89
IQ:6,48,11,65,-130
IQ:7,56,11,-138,-46
IQ:8,72,12,142,10
IQ:9,80,255,-1,-125
IQ:10,88,1,-88,46
IQ:11,96,255,26,116
IQ:12,104,2,50,7
IQ:13,112,255,-47,-55
IQ:14,120,10,-131,73
IQ:15,128,255,42,119
IQ:16,136,3,-6,-11
IQ:17,144,255,-80,-17
IQ:18,152,9,-101,67
IQ:19,160,255,57,38
IQ:20,168,4,-55,-150
IQ:21,176,255,-159,13
IQ:22,184,8,14,65
IQ:23,192,255,92,-43
IQ:24,200,7,17,-117
IQ:25,208,255,-97,10
IQ:26,216,6,54,106
IQ:27,224,255,73,-83
IQ:28,232,5,-172,-78
IQ:29,240,255,-103,151
IQ:30,248,12,118,60
IQ:31,256,255,52,-112
IQ:32,264,1,-102,0
IQ:33,272,255,-19,119
IQ:34,280,2,52,28
IQ:35,288,255,-21,-65
SW:2
RR:3
SS:3
FR:2426
ME:359
MA:5
KE:359
KA:356
DF_END

Data arrived...
DF_BEGIN
IQ:0,0,11,49,-152
IQ:1,8,11,-158,-44
IQ:2,16,11,-35,150
IQ:3,24,11,161,11
IQ:4,32,11,-10,-157
IQ:5,40,11,-154,38
IQ:6,48,11,58,147
IQ:7,56,11,144,-70
IQ:8,72,12,-115,138
IQ:9,80,255,133,92
IQ:10,88,1,58,-159
IQ:11,96,255,-144,-55
IQ:12,104,2,22,132
IQ:13,112,255,166,-10
IQ:14,120,10,55,-140
IQ:15,128,255,-116,-20
IQ:16,136,3,69,109
IQ:17,144,255,145,-58
IQ:18,152,9,-4,-117
IQ:19,160,255,-89,43
IQ:20,168,4,138,106
IQ:21,176,255,119,-121
IQ:22,184,8,-71,-59
IQ:23,192,255,-53,98
IQ:24,200,7,84,80
IQ:25,208,255,41,-99
IQ:26,216,6,-145,-34
IQ:27,224,255,-9,151
IQ:28,232,5,191,22
IQ:29,240,255,4,-161
IQ:30,248,12,-164,70
IQ:31,256,255,74,144
IQ:32,264,1,117,-125
IQ:33,272,255,-107,-124
IQ:34,280,2,-42,127
IQ:35,288,255,154,55
SW:2
RR:3
SS:3
FR:2402
ME:2
MA:353
KE:359
KA:356
DF_END

Data arrived...
DF_BEGIN
IQ:0,0,11,-91,-73
IQ:1,8,11,-60,81
IQ:2,16,11,108,54
IQ:3,24,11,32,-111
IQ:4,32,11,-105,-15
IQ:5,40,11,4,107
IQ:6,48,11,107,0
IQ:7,56,11,-7,-113
IQ:8,72,12,21,153
IQ:9,80,255,120,-41
IQ:10,88,1,-38,-137
IQ:11,96,255,-83,75
IQ:12,104,2,209,47
IQ:13,112,255,90,-177
IQ:14,120,10,-78,-1
IQ:15,128,255,38,140
IQ:16,136,3,252,75
IQ:17,144,255,24,-148
IQ:18,152,9,-183,196
IQ:19,160,255,121,248
IQ:20,168,4,134,85
IQ:21,176,255,13,-62
IQ:22,184,8,-86,144
IQ:23,192,255,112,94
IQ:24,200,7,-7,-118
IQ:25,208,255,-153,-19
IQ:26,216,6,-49,107
IQ:27,224,255,72,95
IQ:28,232,5,34,103
IQ:29,240,255,10,39
IQ:30,248,12,-32,142
IQ:31,256,255,131,31
IQ:32,264,1,1,-148
IQ:33,272,255,-110,37
IQ:34,280,2,191,133
IQ:35,288,255,155,-145
SW:2
RR:3
SS:3
FR:2480
ME:356
MA:353
KE:359
KA:356
DF_END

Data arrived...
DF_BEGIN
IQ:0,0,11,58,-179
IQ:1,8,11,-183,-31
IQ:2,16,11,2,187
IQ:3,24,11,193,-32
IQ:4,32,11,-50,-180
IQ:5,40,11,-186,57
IQ:6,48,11,88,168
IQ:7,56,11,156,-113
IQ:8,72,12,-144,108
IQ:9,80,255,113,117
IQ:10,88,1,38,-116
IQ:11,96,255,-137,-61
IQ:12,104,2,-73,49
IQ:13,112,255,92,7
IQ:14,120,10,50,-199
IQ:15,128,255,-158,-65
IQ:16,136,3,12,5
IQ:17,144,255,68,-72
IQ:18,152,9,-15,-175
IQ:19,160,255,-95,16
IQ:20,168,4,174,72
IQ:21,176,255,102,-172
IQ:22,184,8,-71,-28
IQ:23,192,255,-29,130
IQ:24,200,7,109,113
IQ:25,208,255,66,-114
IQ:26,216,6,-144,-32
IQ:27,224,255,28,141
IQ:28,232,5,221,-94
IQ:29,240,255,-49,-230
IQ:30,248,12,-178,37
IQ:31,256,255,36,160
IQ:32,264,1,87,-90
IQ:33,272,255,-105,-110
IQ:34,280,2,-84,17
IQ:35,288,255,75,33
SW:2
RR:3
SS:3
FR:2426
ME:359
MA:5
KE:359
KA:357
DF_END

Data arrived...
DF_BEGIN
IQ:0,0,11,132,99
IQ:1,8,11,77,-151
IQ:2,16,11,-154,-65
IQ:3,24,11,-55,157
IQ:4,32,11,165,13
IQ:5,40,11,-18,-162
IQ:6,48,11,-164,14
IQ:7,56,11,28,163
IQ:8,72,12,-105,-148
IQ:9,80,255,-118,114
IQ:10,88,1,155,86
IQ:11,96,255,86,-144
IQ:12,104,2,-144,-12
IQ:13,112,255,-21,174
IQ:14,120,10,130,75
IQ:15,128,255,45,-112
IQ:16,136,3,-128,42
IQ:17,144,255,17,156
IQ:18,152,9,122,28
IQ:19,160,255,-33,-97
IQ:20,168,4,-145,118
IQ:21,176,255,90,152
IQ:22,184,8,68,-58
IQ:23,192,255,-97,-68
IQ:24,200,7,-97,78
IQ:25,208,255,91,71
IQ:26,216,6,65,-132
IQ:27,224,255,-159,-29
IQ:28,232,5,-58,187
IQ:29,240,255,166,30
IQ:30,248,12,-26,-192
IQ:31,256,255,-165,27
IQ:32,264,1,85,151
IQ:33,272,255,138,-86
IQ:34,280,2,-127,-74
IQ:35,288,255,-93,139
SW:2
RR:3
SS:3
FR:2402
ME:2
MA:353
KE:359
KA:356
DF_END

Data arrived...
DF_BEGIN
IQ:0,0,11,70,-50
IQ:1,8,11,-45,-64
IQ:2,16,11,-50,50
IQ:3,24,11,62,57
IQ:4,32,11,44,-60
IQ:5,40,11,-64,-20
IQ:6,48,11,-3,82
IQ:7,56,11,85,14
IQ:8,72,12,-114,-39
IQ:9,80,255,-16,106
IQ:10,88,1,145,25
IQ:11,96,255,-12,-69
IQ:12,104,2,-76,180
IQ:13,112,255,140,109
IQ:14,120,10,20,-46
IQ:15,128,255,-107,1
IQ:16,136,3,-129,187
IQ:17,144,255,109,62
IQ:18,152,9,-117,-185
IQ:19,160,255,-227,26
IQ:20,168,4,-114,71
IQ:21,176,255,22,51
IQ:22,184,8,-90,-103
IQ:23,192,255,-86,55
IQ:24,200,7,113,20
IQ:25,208,255,53,-107
IQ:26,216,6,-52,-52
IQ:27,224,255,-110,12
IQ:28,232,5,-112,-19
IQ:29,240,255,-45,15
IQ:30,248,12,-85,-75
IQ:31,256,255,-37,83
IQ:32,264,1,135,60
IQ:33,272,255,28,-77
IQ:34,280,2,-146,112
IQ:35,288,255,90,160
SW:2
RR:3
SS:3
FR:2480
ME:356
MA:353
KE:358
KA:356
DF_END

Data arrived...
DF_BEGIN
IQ:0,0,11,-24,-83
IQ:1,8,11,-71,30
IQ:2,16,11,36,65
IQ:3,24,11,49,-55
IQ:4,32,11,-58,-50
IQ:5,40,11,-49,52
IQ:6,48,11,66,30
IQ:7,56,11,29,-92
IQ:8,72,12,-52,105
IQ:9,80,255,114,17
IQ:10,88,1,34,-144
IQ:11,96,255,-74,-23
IQ:12,104,2,147,107
IQ:13,112,255,157,-102
IQ:14,120,10,-29,-32
IQ:15,128,255,-16,98
IQ:16,136,3,170,171
IQ:17,144,255,87,-103
IQ:18,152,9,-193,92
IQ:19,160,255,6,223
IQ:20,168,4,53,141
IQ:21,176,255,56,-25
IQ:22,184,8,-119,72
IQ:23,192,255,54,94
IQ:24,200,7,28,-83
IQ:25,208,255,-84,-69
IQ:26,216,6,-85,26
IQ:27,224,255,-18,108
IQ:28,232,5,-19,112
IQ:29,240,255,27,32
IQ:30,248,12,-108,66
IQ:31,256,255,95,61
IQ:32,264,1,87,-129
IQ:33,272,255,-88,-39
IQ:34,280,2,109,152
IQ:35,288,255,159,-50
SW:2
RR:3
SS:3
FR:2480
ME:359
MA:353
KE:358
KA:356
DF_END

Data arrived...
DF_BEGIN
IQ:0,0,11,-172,-61
IQ:1,8,11,-49,180
IQ:2,16,11,178,15
IQ:3,24,11,-17,-178
IQ:4,32,11,-188,20
IQ:5,40,11,15,181
IQ:6,48,11,170,-54
IQ:7,56,11,-82,-160
IQ:8,72,12,119,136
IQ:9,80,255,101,-106
IQ:10,88,1,-138,-31
IQ:11,96,255,-63,130
IQ:12,104,2,42,28
IQ:13,112,255,-9,-92
IQ:14,120,10,-188,-76
IQ:15,128,255,-85,127
IQ:16,136,3,-4,-46
IQ:17,144,255,-81,-83
IQ:18,152,9,-144,-43
IQ:19,160,255,-3,77
IQ:20,168,4,117,-164
IQ:21,176,255,-136,-136
IQ:22,184,8,-38,80
IQ:23,192,255,123,43
IQ:24,200,7,100,-78
IQ:25,208,255,-89,-67
IQ:26,216,6,-34,142
IQ:27,224,255,138,-10
IQ:28,232,5,-49,-233
IQ:29,240,255,-225,38
IQ:30,248,12,33,172
IQ:31,256,255,147,-47
IQ:32,264,1,-103,-88
IQ:33,272,255,-117,96
IQ:34,280,2,14,43
IQ:35,288,255,28,-85
SW:2
RR:3
SS:3
FR:2426
ME:359
MA:5
KE:358
KA:357
DF_END

Data arrived...
DF_BEGIN
IQ:0,0,11,-121,104
IQ:1,8,11,116,93
IQ:2,16,11,70,-131
IQ:3,24,11,-145,-54
IQ:4,32,11,-53,145
IQ:5,40,11,146,30
IQ:6,48,11,1,-154
IQ:7,56,11,-155,-7
IQ:8,72,12,148,-81
IQ:9,80,255,-81,-128
IQ:10,88,1,-107,124
IQ:11,96,255,123,92
IQ:12,104,2,11,-127
IQ:13,112,255,-165,-38
IQ:14,120,10,-91,113
IQ:15,128,255,83,56
IQ:16,136,3,-29,-126
IQ:17,144,255,-157,-5
IQ:18,152,9,-50,100
IQ:19,160,255,80,-10
IQ:20,168,4,-76,-163
IQ:21,176,255,-153,56
IQ:22,184,8,45,65
IQ:23,192,255,80,-82
IQ:24,200,7,-43,-101
IQ:25,208,255,-77,63
IQ:26,216,6,112,74
IQ:27,224,255,68,-130
IQ:28,232,5,-156,-90
IQ:29,240,255,-47,149
IQ:30,248,12,167,-19
IQ:31,256,255,-7,-156
IQ:32,264,1,-157,64
IQ:33,272,255,51,143
IQ:34,280,2,73,-109
IQ:35,288,255,-123,-93
SW:2
RR:3
SS:3
FR:2402
ME:2
MA:353
KE:359
KA:356
DF_END

Data arrived...
DF_BEGIN
IQ:0,0,11,-25,-54
IQ:1,8,11,-39,39
IQ:2,16,11,44,47
IQ:3,24,11,35,-55
IQ:4,32,11,-56,-31
IQ:5,40,11,-29,48
IQ:6,48,11,64,11
IQ:7,56,11,8,-56
IQ:8,72,12,-29,98
IQ:9,80,255,97,-2
IQ:10,88,1,4,-129
IQ:11,96,255,-66,5
IQ:12,104,2,159,32
IQ:13,112,255,88,-133
IQ:14,120,10,-30,-22
IQ:15,128,255,18,84
IQ:16,136,3,202,105
IQ:17,144,255,57,-111
IQ:18,152,9,-143,157
IQ:19,160,255,71,206
IQ:20,168,4,82,128
IQ:21,176,255,61,-23
IQ:22,184,8,-61,94
IQ:23,192,255,67,60
IQ:24,200,7,-23,-59
IQ:25,208,255,-84,-10
IQ:26,216,6,-74,55
IQ:27,224,255,12,109
IQ:28,232,5,10,127
IQ:29,240,255,40,31
IQ:30,248,12,-75,74
IQ:31,256,255,73,43
IQ:32,264,1,54,-129
IQ:33,272,255,-69,-21
IQ:34,280,2,104,125
IQ:35,288,255,131,-73
SW:2
RR:3
SS:3
FR:2480
ME:356
MA:353
KE:358
KA:356
DF_END

Data arrived...
DF_BEGIN
IQ:0,0,11,-36,172
IQ:1,8,11,180,12
IQ:2,16,11,-10,-179
IQ:3,24,11,-174,21
IQ:4,32,11,66,157
IQ:5,40,11,166,-86
IQ:6,48,11,-83,-165
IQ:7,56,11,-138,105
IQ:8,72,12,107,-133
IQ:9,80,255,-116,-87
IQ:10,88,1,-17,126
IQ:11,96,255,141,36
IQ:12,104,2,20,-38
IQ:13,112,255,-88,24
IQ:14,120,10,-42,193
IQ:15,128,255,128,62
IQ:16,136,3,-42,10
IQ:17,144,255,-79,95
IQ:18,152,9,-16,141
IQ:19,160,255,70,-20
IQ:20,168,4,-193,-77
IQ:21,176,255,-111,150
IQ:22,184,8,84,21
IQ:23,192,255,28,-127
IQ:24,200,7,-99,-80
IQ:25,208,255,-47,106
IQ:26,216,6,135,25
IQ:27,224,255,-28,-140
IQ:28,232,5,-217,79
IQ:29,240,255,76,202
IQ:30,248,12,152,-85
IQ:31,256,255,-68,-136
IQ:32,264,1,-72,109
IQ:33,272,255,103,98
IQ:34,280,2,41,-20
IQ:35,288,255,-81,-2
SW:2
RR:3
SS:3
FR:2426
ME:2
MA:353
KE:359
KA:356
DF_END

Data arrived...
DF_BEGIN
IQ:0,0,11,-176,38
IQ:1,8,11,56,167
IQ:2,16,11,167,-74
IQ:3,24,11,-94,-155
IQ:4,32,11,-135,117
IQ:5,40,11,133,116
IQ:6,48,11,115,-135
IQ:7,56,11,-157,-90
IQ:8,72,12,165,56
IQ:9,80,255,43,-145
IQ:10,88,1,-132,31
IQ:11,96,255,12,148
IQ:12,104,2,47,15
IQ:13,112,255,-53,-72
IQ:14,120,10,-184,46
IQ:15,128,255,9,142
IQ:16,136,3,-20,-34
IQ:17,144,255,-105,-28
IQ:18,152,9,-144,44
IQ:19,160,255,48,51
IQ:20,168,4,12,-206
IQ:21,176,255,-186,-49
IQ:22,184,8,15,93
IQ:23,192,255,129,-22
IQ:24,200,7,45,-125
IQ:25,208,255,-110,-13
IQ:26,216,6,34,141
IQ:27,224,255,104,-81
IQ:28,232,5,-187,-151
IQ:29,240,255,-168,160
IQ:30,248,12,125,123
IQ:31,256,255,102,-111
IQ:32,264,1,-131,-22
IQ:33,272,255,-34,137
IQ:34,280,2,38,29
IQ:35,288,255,-28,-87
SW:2
RR:3
SS:3
FR:2426
ME:359
MA:5
KE:359
KA:357
DF_END