KE:4
KA:356
DF_END

Data arrived...
DF_BEGIN
IQ:0,0,11,-154,17
IQ:1,8,11,37,139
IQ:2,16,11,130,-64
IQ:3,24,11,-83,-127
IQ:4,32,11,-119,95
IQ:5,40,11,97,110
IQ:6,48,11,93,-120
IQ:7,56,11,-138,-82
IQ:8,72,12,141,45
IQ:9,80,255,56,-110
IQ:10,88,1,-84,46
IQ:11,96,255,4,115
IQ:12,104,2,2,50
IQ:13,112,255,-37,-38
IQ:14,120,10,-186,-6
IQ:15,128,255,-41,142
IQ:16,136,3,-85,16
IQ:17,144,255,-73,6
IQ:18,152,9,-148,-23
IQ:19,160,255,-10,46
IQ:20,168,4,-45,-178
IQ:21,176,255,-173,-45
IQ:22,184,8,21,70
IQ:23,192,255,120,-10
IQ:24,200,7,74,-73
IQ:25,208,255,-75,-27
IQ:26,216,6,8,118
IQ:27,224,255,87,-65
IQ:28,232,5,-161,-157
IQ:29,240,255,-175,114
IQ:30,248,12,88,117
IQ:31,256,255,97,-65
IQ:32,264,1,-98,0
IQ:33,272,255,-55,101
IQ:34,280,2,-27,34
IQ:35,288,255,-17,-35
SW:2
RR:3
SS:3
FR:2426
ME:58
MA:19
KE:9
KA:358
DF_END

Data arrived...
DF_BEGIN
IQ:0,0,11,139,-72
IQ:1,8,11,-79,-128
IQ:2,16,11,-138,98
IQ:3,24,11,104,114
IQ:4,32,11,102,-119
IQ:5,40,11,-122,-93
IQ:6,48,11,-80,129
IQ:7,56,11,145,43
IQ:8,72,12,-161,-24
IQ:9,80,255,-20,119
IQ:10,88,1,77,-80
IQ:11,96,255,-32,-119
IQ:12,104,2,-9,-41
IQ:13,112,255,48,40
IQ:14,120,10,178,-42
IQ:15,128,255,25,-146
IQ:16,136,3,79,-23
IQ:17,144,255,80,-17
IQ:18,152,9,144,-16
IQ:19,160,255,-1,-36
IQ:20,168,4,73,180
IQ:21,176,255,176,-5
IQ:22,184,8,-50,-63
IQ:23,192,255,-117,53
IQ:24,200,7,-49,105
IQ:25,208,255,84,7
IQ:26,216,6,-50,-112
IQ:27,224,255,-77,75
IQ:28,232,5,192,129
IQ:29,240,255,145,-150
IQ:30,248,12,-111,-98
IQ:31,256,255,-79,105
IQ:32,264,1,93,-31
IQ:33,272,255,29,-122
IQ:34,280,2,9,-35
IQ:35,288,255,29,28
SW:2
RR:3
SS:3
FR:2426
ME:55
MA:19
KE:14
KA:0
DF_END

Data arrived...
DF_BEGIN
IQ:0,0,11,148,-44
IQ:1,8,11,-69,-144
IQ:2,16,11,-141,80
IQ:3,24,11,93,126
IQ:4,32,11,114,-110
IQ:5,40,11,-127,-99
IQ:6,48,11,-77,141
IQ:7,56,11,141,78
IQ:8,72,12,-184,-25
IQ:9,80,255,-18,162
IQ:10,88,1,152,-48
IQ:11,96,255,-35,-146
IQ:12,104,2,-80,90
IQ:13,112,255,100,131
IQ:14,120,10,147,-30
IQ:15,128,255,-37,-121
IQ:16,136,3,-45,101
IQ:17,144,255,131,90
IQ:18,152,9,122,-61
IQ:19,160,255,-82,-66
IQ:20,168,4,-44,166
IQ:21,176,255,155,42
IQ:22,184,8,6,-91
IQ:23,192,255,-114,9
IQ:24,200,7,-25,114
IQ:25,208,255,108,-6
IQ:26,216,6,-48,-127
IQ:27,224,255,-145,73
IQ:28,232,5,70,182
IQ:29,240,255,139,-83
IQ:30,248,12,-151,-109
IQ:31,256,255,-97,138
IQ:32,264,1,151,39
IQ:33,272,255,43,-147
IQ:34,280,2,-119,26
IQ:35,288,255,32,150
SW:2
RR:3
SS:3
FR:2402
ME:2
MA:353
KE:13
KA:0
DF_END

Data arrived...
DF_BEGIN
IQ:0,0,11,-71,-13
IQ:1,8,11,6,78
IQ:2,16,11,68,-18
IQ:3,24,11,-45,-69
IQ:4,32,11,-71,38
IQ:5,40,11,39,64
IQ:6,48,11,59,-62
IQ:7,56,11,-56,-54
IQ:8,72,12,84,94
IQ:9,80,255,51,-109
IQ:10,88,1,-129,-66
IQ:11,96,255,-26,81
IQ:12,104,2,164,-96
IQ:13,112,255,-50,-180
IQ:14,120,10,-4,19
IQ:15,128,255,95,37
IQ:16,136,3,216,-92
IQ:17,144,255,-66,-106
IQ:18,152,9,5,231
IQ:19,160,255,208,85
IQ:20,168,4,111,-5
IQ:21,176,255,-17,-43
IQ:22,184,8,-19,142
IQ:23,192,255,123,9
IQ:24,200,7,-62,-99
IQ:25,208,255,-111,41
IQ:26,216,6,20,83
IQ:27,224,255,75,43
IQ:28,232,5,49,113
IQ:29,240,255,69,60
IQ:30,248,12,27,132
IQ:31,256,255,102,-55
IQ:32,264,1,-70,-122
IQ:33,272,255,-68,65
IQ:34,280,2,196,7
IQ:35,288,255,54,-176
SW:2
RR:3
SS:3
FR:2480
ME:356
MA:353
KE:12
KA:359
DF_END

Data arrived...
DF_BEGIN
IQ:0,0,11,7,144
IQ:1,8,11,164,-34
IQ:2,16,11,-12,-155
IQ:3,24,11,-138,22
IQ:4,32,11,26,142
IQ:5,40,11,128,-64
IQ:6,48,11,-63,-117
IQ:7,56,11,-133,78
IQ:8,72,12,90,-122
IQ:9,80,255,-84,-84
IQ:10,88,1,27,111
IQ:11,96,255,95,-2
IQ:12,104,2,37,-4
IQ:13,112,255,-48,1
IQ:14,120,10,-58,213
IQ:15,128,255,111,90
IQ:16,136,3,1,98
IQ:17,144,255,-30,61
IQ:18,152,9,-55,140
IQ:19,160,255,32,24
IQ:20,168,4,-186,-4
IQ:21,176,255,-53,137
IQ:22,184,8,77,-20
IQ:23,192,255,-18,-106
IQ:24,200,7,-55,-94
IQ:25,208,255,-37,58
IQ:26,216,6,120,18
IQ:27,224,255,-41,-107
IQ:28,232,5,-195,103
IQ:29,240,255,104,226
IQ:30,248,12,142,-74
IQ:31,256,255,-55,-114
IQ:32,264,1,-14,103
IQ:33,272,255,93,89
IQ:34,280,2,42,10
IQ:35,288,255,-41,-12
SW:2
RR:3
SS:3
FR:2426
ME:7
MA:259
KE:12
KA:353
DF_END

Data arrived...
DF_BEGIN
IQ:0,0,11,134,167
IQ:1,8,11,155,-147
IQ:2,16,11,-160,-140
IQ:3,24,11,-122,167
IQ:4,32,11,183,101
IQ:5,40,11,83,-194
IQ:6,48,11,-200,-49
IQ:7,56,11,-10,208
IQ:8,72,12,-72,-232
IQ:9,80,255,-199,79
IQ:10,88,1,132,175
IQ:11,96,255,179,-118
IQ:12,104,2,-142,-71
IQ:13,112,255,-103,185
IQ:14,120,10,119,183
IQ:15,128,255,125,-100
IQ:16,136,3,-161,-3
IQ:17,144,255,-28,209
IQ:18,152,9,163,100
IQ:19,160,255,34,-147
IQ:20,168,4,-230,39
IQ:21,176,255,12,228
IQ:22,184,8,111,-20
IQ:23,192,255,-66,-130
IQ:24,200,7,-157,41
IQ:25,208,255,67,133
IQ:26,216,6,147,-120
IQ:27,224,255,-170,-124
IQ:28,232,5,-181,196
IQ:29,240,255,180,134
IQ:30,248,12,66,-240
IQ:31,256,255,-210,-59
IQ:32,264,1,30,211
IQ:33,272,255,200,-21
IQ:34,280,2,-80,-138
IQ:35,288,255,-177,117
SW:2
RR:3
SS:3
FR:2402
ME:2
MA:353
KE:11
KA:353
DF_END

Data arrived...
DF_BEGIN
IQ:0,0,11,69,-37
IQ:1,8,11,-59,-74
IQ:2,16,11,-66,56
IQ:3,24,11,67,46
IQ:4,32,11,45,-69
IQ:5,40,11,-83,-32
IQ:6,48,11,-31,81
IQ:7,56,11,66,25
IQ:8,72,12,-148,-21
IQ:9,80,255,4,122
IQ:10,88,1,149,-35
IQ:11,96,255,-60,-101
IQ:12,104,2,-87,184
IQ:13,112,255,147,115
IQ:14,120,10,16,-8
IQ:15,128,255,-89,34
IQ:16,136,3,-111,217
IQ:17,144,255,116,47
IQ:18,152,9,-159,-178
IQ:19,160,255,-253,49
IQ:20,168,4,-133,81
IQ:21,176,255,47,22
IQ:22,184,8,-63,-119
IQ:23,192,255,-110,47
IQ:24,200,7,81,62
IQ:25,208,255,54,-112
IQ:26,216,6,-88,-75
IQ:27,224,255,-107,22
IQ:28,232,5,-132,-24
IQ:29,240,255,-58,7
IQ:30,248,12,-131,-96
IQ:31,256,255,-47,108
IQ:32,264,1,137,57
IQ:33,272,255,0,-95
IQ:34,280,2,-175,122
IQ:35,288,255,73,173
SW:2
RR:3
SS:3
FR:2480
ME:359
MA:353
KE:10
KA:352
DF_END

Data arrived...
DF_BEGIN
IQ:0,0,11,95,-134
IQ:1,8,11,-145,-70
IQ:2,16,11,-62,162
IQ:3,24,11,162,46
IQ:4,32,11,6,-176
IQ:5,40,11,-164,-2
IQ:6,48,11,25,163
IQ:7,56,11,169,-25
IQ:8,72,12,-161,75
IQ:9,80,255,49,131
IQ:10,88,1,35,-95
IQ:11,96,255,-97,-99
IQ:12,104,2,-67,-20
IQ:13,112,255,47,25
IQ:14,120,10,139,-135
IQ:15,128,255,-80,-141
IQ:16,136,3,8,-45
IQ:17,144,255,67,-32
IQ:18,152,9,128,-123
IQ:19,160,255,-45,-58
IQ:20,168,4,154,116
IQ:21,176,255,164,-127
IQ:22,184,8,-50,-51
IQ:23,192,255,-72,105
IQ:24,200,7,31,145
IQ:25,208,255,106,-43
IQ:26,216,6,-102,-89
IQ:27,224,255,-37,115
IQ:28,232,5,229,1
IQ:29,240,255,40,-220
IQ:30,248,12,-162,-20
IQ:31,256,255,-29,145
IQ:32,264,1,75,-60
IQ:33,272,255,-42,-132
IQ:34,280,2,-40,-66
IQ:35,288,255,13,28
SW:2
RR:3
SS:3
FR:2426
ME:359
MA:353
KE:9
KA:352
DF_END

Data arrived...
DF_BEGIN
IQ:0,0,11,-146,-66
IQ:1,8,11,-52,146
IQ:2,16,11,163,32
IQ:3,24,11,7,-166
IQ:4,32,11,-184,17
IQ:5,40,11,28,156
IQ:6,48,11,129,-32
IQ:7,56,11,-56,-147
IQ:8,72,12,78,109
IQ:9,80,255,130,-86
IQ:10,88,1,-61,-20
IQ:11,96,255,-72,139
IQ:12,104,2,-40,43
IQ:13,112,255,6,-76
IQ:14,120,10,-115,-91
IQ:15,128,255,-133,118
IQ:16,136,3,-76,-21
IQ:17,144,255,-68,-71
IQ:18,152,9,-127,-75
IQ:19,160,255,-7,-8
IQ:20,168,4,113,-153
IQ:21,176,255,-150,-125
IQ:22,184,8,-33,99
IQ:23,192,255,51,54
IQ:24,200,7,132,-57
IQ:25,208,255,-38,-83
IQ:26,216,6,-84,92
IQ:27,224,255,161,21
IQ:28,232,5,-52,-253
IQ:29,240,255,-260,29
IQ:30,248,12,-35,188
IQ:31,256,255,131,-23
IQ:32,264,1,-86,-114
IQ:33,272,255,-61,52
IQ:34,280,2,-54,47
IQ:35,288,255,4,-42
SW:2
RR:3
SS:3
FR:2426
ME:356
MA:353
KE:8
KA:352
DF_END

Data arrived...
DF_BEGIN
IQ:0,0,11,39,-154
IQ:1,8,11,-162,-10
IQ:2,16,11,7,158
IQ:3,24,11,153,-33
IQ:4,32,11,-45,-154
IQ:5,40,11,-149,64
IQ:6,48,11,80,145
IQ:7,56,11,137,-91
IQ:8,72,12,-101,159
IQ:9,80,255,151,70
IQ:10,88,1,27,-170
IQ:11,96,255,-158,-35
IQ:12,104,2,44,121
IQ:13,112,255,167,-43
IQ:14,120,10,30,-168
IQ:15,128,255,-132,-9
IQ:16,136,3,83,88
IQ:17,144,255,152,-79
IQ:18,152,9,-14,-148
IQ:19,160,255,-100,50
IQ:20,168,4,151,107
IQ:21,176,255,115,-133
IQ:22,184,8,-76,-60
IQ:23,192,255,-40,112
IQ:24,200,7,101,70
IQ:25,208,255,33,-115
IQ:26,216,6,-147,-26
IQ:27,224,255,-1,166
IQ:28,232,5,194,15
IQ:29,240,255,-16,-165
IQ:30,248,12,-165,96
IQ:31,256,255,85,151
IQ:32,264,1,116,-127
IQ:33,272,255,-121,-115
IQ:34,280,2,-40,113
IQ:35,288,255,154,40
SW:2
RR:3
SS:3
FR:2402
ME:2
MA:353
KE:7
KA:352
DF_END

Data arrived...
DF_BEGIN
IQ:0,0,11,41,-86
IQ:1,8,11,-93,-28
IQ:2,16,11,-18,114
IQ:3,24,11,91,28
IQ:4,32,11,-7,-101
IQ:5,40,11,-107,37
IQ:6,48,11,29,102
IQ:7,56,11,94,-26
IQ:8,72,12,-143,75
IQ:9,80,255,69,118
IQ:10,88,1,130,-99
IQ:11,96,255,-92,-52
IQ:12,104,2,20,228
IQ:13,112,255,196,40
IQ:14,120,10,-13,-19
IQ:15,128,255,-109,78
IQ:16,136,3,-11,254
IQ:17,144,255,141,-23
IQ:18,152,9,-227,-114
IQ:19,160,255,-208,178
IQ:20,168,4,-46,129
IQ:21,176,255,59,-16
IQ:22,184,8,-127,-101
IQ:23,192,255,-93,101
IQ:24,200,7,128,14
IQ:25,208,255,5,-137
IQ:26,216,6,-115,-10
IQ:27,224,255,-83,87
IQ:28,232,5,-100,14
IQ:29,240,255,-71,30
IQ:30,248,12,-162,-4
IQ:31,256,255,3,131
IQ:32,264,1,152,-31
IQ:33,272,255,-61,-94
IQ:34,280,2,-112,198
IQ:35,288,255,155,148
SW:2
RR:3
SS:3
FR:2480
ME:359
MA:353
KE:6
KA:352
DF_END

Data arrived...
DF_BEGIN
IQ:0,0,11,-118,-142
IQ:1,8,11,-133,117
IQ:2,16,11,138,108
IQ:3,24,11,91,-149
IQ:4,32,11,-157,-80
IQ:5,40,11,-57,171
IQ:6,48,11,169,34
IQ:7,56,11,2,-174
IQ:8,72,12,14,188
IQ:9,80,255,146,-4
IQ:10,88,1,-88,-93
IQ:11,96,255,-123,77
IQ:12,104,2,-17,43
IQ:13,112,255,44,-66
IQ:14,120,10,-102,-172
IQ:15,128,255,-153,43
IQ:16,136,3,-21,-53
IQ:17,144,255,-29,-94
IQ:18,152,9,-80,-158
IQ:19,160,255,-57,31
IQ:20,168,4,176,-123
IQ:21,176,255,-80,-190
IQ:22,184,8,-85,65
IQ:23,192,255,78,122
IQ:24,200,7,128,-1
IQ:25,208,255,-36,-102
IQ:26,216,6,-121,99
IQ:27,224,255,117,76
IQ:28,232,5,99,-242
IQ:29,240,255,-213,-131
IQ:30,248,12,-90,160
IQ:31,256,255,140,63
IQ:32,264,1,-38,-123
IQ:33,272,255,-145,7
IQ:34,280,2,-34,32
IQ:35,288,255,51,-40
SW:2
RR:3
SS:3
FR:2426
ME:359
MA:5
KE:5
KA:353
DF_END

Data arrived...
DF_BEGIN
IQ:0,0,11,64,134
IQ:1,8,11,129,-78
IQ:2,16,11,-95,-120
IQ:3,24,11,-107,107
IQ:4,32,11,112,99
IQ:5,40,11,92,-119
IQ:6,48,11,-134,-81
IQ:7,56,11,-72,137
IQ:8,72,12,-4,-177
IQ:9,80,255,-148,18
IQ:10,88,1,78,140
IQ:11,96,255,135,-47
IQ:12,104,2,-90,-70
IQ:13,112,255,-93,126
IQ:14,120,10,59,142
IQ:15,128,255,93,-50
IQ:16,136,3,-118,-14
IQ:17,144,255,-59,137
IQ:18,152,9,85,91
IQ:19,160,255,39,-87
IQ:20,168,4,-173,-5
IQ:21,176,255,-28,157
IQ:22,184,8,73,0
IQ:23,192,255,-33,-104
IQ:24,200,7,-118,-2
IQ:25,208,255,28,103
IQ:26,216,6,119,-67
IQ:27,224,255,-81,-123
IQ:28,232,5,-164,98
IQ:29,240,255,86,126
IQ:30,248,12,74,-158
IQ:31,256,255,-142,-66
IQ:32,264,1,-4,154
IQ:33,272,255,145,17
IQ:34,280,2,-46,-109
IQ:35,288,255,-150,46
SW:2
RR:3
SS:3
FR:2402
ME:2
MA:353
KE:5
KA:353
DF_END

Data arrived...
DF_BEGIN
IQ:0,0,11,-41,-189
IQ:1,8,11,-187,63
IQ:2,16,11,80,173
IQ:3,24,11,165,-97
IQ:4,32,11,-116,-154
IQ:5,40,11,-130,142
IQ:6,48,11,143,137
IQ:7,56,11,120,-155
IQ:8,72,12,-26,233
IQ:9,80,255,201,30
IQ:10,88,1,-45,-192
IQ:11,96,255,-185,36
IQ:12,104,2,94,112
IQ:13,112,255,158,-129
IQ:14,120,10,-18,-208
IQ:15,128,255,-145,23
IQ:16,136,3,124,63
IQ:17,144,255,115,-151
IQ:18,152,9,-77,-166
IQ:19,160,255,-95,86
IQ:20,168,4,198,52
IQ:21,176,255,73,-198
IQ:22,184,8,-98,-37
IQ:23,192,255,-8,138
IQ:24,200,7,148,39
IQ:25,208,255,-2,-144
IQ:26,216,6,-178,24
IQ:27,224,255,73,172
IQ:28,232,5,230,-79
IQ:29,240,255,-80,-186
IQ:30,248,12,-148,169
IQ:31,256,255,154,122
IQ:32,264,1,77,-190
IQ:33,272,255,-167,-79
IQ:34,280,2,31,142
IQ:35,288,255,197,-21
SW:2
RR:3
SS:3
FR:2402
ME:2
MA:353
KE:4
KA:353
DF_END

Data arrived...
DF_BEGIN
IQ:0,0,11,-25,83
IQ:1,8,11,105,23
IQ:2,16,11,17,-92
IQ:3,24,11,-91,-1
IQ:4,32,11,25,95
IQ:5,40,11,93,-22
IQ:6,48,11,-35,-92
IQ:7,56,11,-77,40
IQ:8,72,12,122,-80
IQ:9,80,255,-85,-90
IQ:10,88,1,-93,106
IQ:11,96,255,102,22
IQ:12,104,2,-26,-220
IQ:13,112,255,-176,-24
IQ:14,120,10,28,26
IQ:15,128,255,92,-100
IQ:16,136,3,-30,-253
IQ:17,144,255,-133,36
IQ:18,152,9,266,89
IQ:19,160,255,170,-225
IQ:20,168,4,39,-140
IQ:21,176,255,-48,6
IQ:22,184,8,127,60
IQ:23,192,255,76,-115
IQ:24,200,7,-88,6
IQ:25,208,255,18,114
IQ:26,216,6,115,2
IQ:27,224,255,82,-74
IQ:28,232,5,95,-11
IQ:29,240,255,84,-7
IQ:30,248,12,142,13
IQ:31,256,255,-36,-112
IQ:32,264,1,-132,45
IQ:33,272,255,66,69
IQ:34,280,2,97,-203
IQ:35,288,255,-163,-111
SW:2
RR:3
SS:3
FR:2480
ME:356
MA:353
KE:3
KA:353
DF_END

Data arrived...
DF_BEGIN
IQ:0,0,11,140,-67
IQ:1,8,11,-82,-134
IQ:2,16,11,-131,97
IQ:3,24,11,105,115
IQ:4,32,11,89,-124
IQ:5,40,11,-140,-80
IQ:6,48,11,-65,139
IQ:7,56,11,142,47
IQ:8,72,12,-153,0
IQ:9,80,255,-8,128
IQ:10,88,1,88,-58
IQ:11,96,255,-41,-121
IQ:12,104,2,-33,-20
IQ:13,112,255,53,46
IQ:14,120,10,162,-49
IQ:15,128,255,-12,-139
IQ:16,136,3,36,11
IQ:17,144,255,94,10
IQ:18,152,9,135,-47
IQ:19,160,255,-40,-49
IQ:20,168,4,55,173
IQ:21,176,255,176,6
IQ:22,184,8,-31,-77
IQ:23,192,255,-118,48
IQ:24,200,7,-23,98
IQ:25,208,255,87,-18
IQ:26,216,6,-42,-124
IQ:27,224,255,-92,80
IQ:28,232,5,177,140
IQ:29,240,255,137,-153
IQ:30,248,12,-135,-84
IQ:31,256,255,-82,114
IQ:32,264,1,110,-1
IQ:33,272,255,29,-120
IQ:34,280,2,-20,-36
IQ:35,288,255,34,53
SW:2
RR:3
SS:3
FR:2426
ME:359
MA:5
KE:2
KA:354
DF_END

Data arrived...
DF_BEGIN
IQ:0,0,11,62,145
IQ:1,8,11,140,-80
IQ:2,16,11,-91,-134
IQ:3,24,11,-116,107
IQ:4,32,11,112,118
IQ:5,40,11,92,-133
IQ:6,48,11,-131,-84
IQ:7,56,11,-55,146
IQ:8,72,12,-6,-187
IQ:9,80,255,-164,13
IQ:10,88,1,50,161
IQ:11,96,255,140,-46
IQ:12,104,2,-95,-77
IQ:13,112,255,-117,120
IQ:14,120,10,55,149
IQ:15,128,255,108,-51
IQ:16,136,3,-116,-31
IQ:17,144,255,-76,140
IQ:18,152,9,75,120
IQ:19,160,255,53,-91
IQ:20,168,4,-178,-9
IQ:21,176,255,-37,165
IQ:22,184,8,81,19
IQ:23,192,255,-26,-109
IQ:24,200,7,-129,-12
IQ:25,208,255,19,119
IQ:26,216,6,134,-63
IQ:27,224,255,-90,-134
IQ:28,232,5,-167,98
IQ:29,240,255,92,134
IQ:30,248,12,97,-155
IQ:31,256,255,-142,-82
IQ:32,264,1,-32,161
IQ:33,272,255,154,32
IQ:34,280,2,-31,-120
IQ:35,288,255,-154,39
SW:2
RR:3
SS:3
FR:2402
ME:2
MA:353
KE:1
KA:353
DF_END

Data arrived...
DF_BEGIN
IQ:0,0,11,12,106
IQ:1,8,11,78,-22
IQ:2,16,11,-36,-67
IQ:3,24,11,-68,41
IQ:4,32,11,66,76
IQ:5,40,11,55,-68
IQ:6,48,11,-68,-50
IQ:7,56,11,-41,73
IQ:8,72,12,60,-94
IQ:9,80,255,-116,-29
IQ:10,88,1,-47,152
IQ:11,96,255,86,-8
IQ:12,104,2,-155,-130
IQ:13,112,255,-170,110
IQ:14,120,10,7,37
IQ:15,128,255,19,-105
IQ:16,136,3,-176,-181
IQ:17,144,255,-76,101
IQ:18,152,9,251,-75
IQ:19,160,255,21,-257
IQ:20,168,4,-48,-114
IQ:21,176,255,-38,38
IQ:22,184,8,141,-17
IQ:23,192,255,-10,-116
IQ:24,200,7,-66,47
IQ:25,208,255,75,90
IQ:26,216,6,89,-45
IQ:27,224,255,8,-96
IQ:28,232,5,55,-92
IQ:29,240,255,20,-58
IQ:30,248,12,107,-71
IQ:31,256,255,-65,-72
IQ:32,264,1,-92,110
IQ:33,272,255,98,54
IQ:34,280,2,-27,-206
IQ:35,288,255,-197,6
SW:2
RR:3
SS:3
FR:2480
ME:359
MA:353
KE:1
KA:353
DF_END

Data arrived...
DF_BEGIN
IQ:0,0,11,82,-43
IQ:1,8,11,-43,-72
IQ:2,16,11,-58,42
IQ:3,24,11,43,59
IQ:4,32,11,45,-72
IQ:5,40,11,-73,-27
IQ:6,48,11,-18,71
IQ:7,56,11,69,8
IQ:8,72,12,-126,-17
IQ:9,80,255,7,101
IQ:10,88,1,133,0
IQ:11,96,255,-36,-99
IQ:12,104,2,-142,168
IQ:13,112,255,96,143
IQ:14,120,10,1,-38
IQ:15,128,255,-127,10
IQ:16,136,3,-172,186
IQ:17,144,255,99,58
IQ:18,152,9,-111,-264
IQ:19,160,255,-278,-2
IQ:20,168,4,-123,55
IQ:21,176,255,47,26
IQ:22,184,8,-63,-129
IQ:23,192,255,-114,49
IQ:24,200,7,90,35
IQ:25,208,255,63,-105
IQ:26,216,6,-82,-82
IQ:27,224,255,-109,2
IQ:28,232,5,-78,-70
IQ:29,240,255,-78,-23
IQ:30,248,12,-90,-100
IQ:31,256,255,-57,88
IQ:32,264,1,116,61
IQ:33,272,255,-14,-104
IQ:34,280,2,-198,84
IQ:35,288,255,12,182
SW:2
RR:3
SS:3
FR:2480
ME:7
MA:75
KE:1
KA:0
DF_END

Data arrived...
DF_BEGIN
IQ:0,0,11,-18,-70
IQ:1,8,11,-59,39
IQ:2,16,11,50,82
IQ:3,24,11,54,-68
IQ:4,32,11,-54,-80
IQ:5,40,11,-47,63
IQ:6,48,11,73,30
IQ:7,56,11,34,-74
IQ:8,72,12,-29,122
IQ:9,80,255,118,-5
IQ:10,88,1,26,-128
IQ:11,96,255,-69,20
IQ:12,104,2,159,161
IQ:13,112,255,176,-80
IQ:14,120,10,-15,-11
IQ:15,128,255,6,119
IQ:16,136,3,167,190
IQ:17,144,255,72,-95
IQ:18,152,9,-261,90
IQ:19,160,255,-17,281
IQ:20,168,4,45,116
IQ:21,176,255,19,-41
IQ:22,184,8,-148,24
IQ:23,192,255,18,130
IQ:24,200,7,81,-71
IQ:25,208,255,-81,-85
IQ:26,216,6,-71,61
IQ:27,224,255,12,79
IQ:28,232,5,-68,63
IQ:29,240,255,-45,68
IQ:30,248,12,-82,89
IQ:31,256,255,84,79
IQ:32,264,1,77,-100
IQ:33,272,255,-117,-12
IQ:34,280,2,55,200
IQ:35,288,255,211,-18
SW:2
RR:3
SS:3
FR:2480
ME:356
MA:353
KE:0
KA:359
DF_END

Data arrived...
DF_BEGIN
IQ:0,0,11,-3,-138
IQ:1,8,11,-180,36
IQ:2,16,11,46,187
IQ:3,24,11,158,-50
IQ:4,32,11,-81,-198
IQ:5,40,11,-155,88
IQ:6,48,11,122,125
IQ:7,56,11,134,-144
IQ:8,72,12,-117,171
IQ:9,80,255,128,83
IQ:10,88,1,-25,-129
IQ:11,96,255,-183,-18
IQ:12,104,2,-58,25
IQ:13,112,255,61,-31
IQ:14,120,10,16,-219
IQ:15,128,255,-179,-76
IQ:16,136,3,43,-16
IQ:17,144,255,47,-138
IQ:18,152,9,19,-184
IQ:19,160,255,-63,-2
IQ:20,168,4,230,-2
IQ:21,176,255,102,-197
IQ:22,184,8,-116,-36
IQ:23,192,255,-12,139
IQ:24,200,7,85,111
IQ:25,208,255,16,-102
IQ:26,216,6,-167,-15
IQ:27,224,255,29,151
IQ:28,232,5,226,-120
IQ:29,240,255,-113,-247
IQ:30,248,12,-171,99
IQ:31,256,255,105,132
IQ:32,264,1,59,-132
IQ:33,272,255,-108,-96
IQ:34,280,2,-85,-25
IQ:35,288,255,111,41
SW:2
RR:3
SS:3
FR:2426
ME:359
MA:5
KE:0
KA:0
DF_END