IQ:2,16,11,-174,-55
IQ:3,24,11,-46,172
IQ:4,32,11,176,28
IQ:5,40,11,22,-177
IQ:6,48,11,-174,-5
IQ:7,56,11,25,176
IQ:8,72,12,-57,-155
IQ:9,80,255,-130,48
IQ:10,88,1,90,58
IQ:11,96,255,98,-96
IQ:12,104,2,-11,-52
IQ:13,112,255,-26,78
IQ:14,120,10,151,123
IQ:15,128,255,122,-87
IQ:16,136,3,-12,26
IQ:17,144,255,33,93
IQ:18,152,9,114,84
IQ:19,160,255,8,-65
IQ:20,168,4,-143,137
IQ:21,176,255,107,164
IQ:22,184,8,66,-74
IQ:23,192,255,-107,-88
IQ:24,200,7,-114,41
IQ:25,208,255,69,85
IQ:26,216,6,78,-118
IQ:27,224,255,-132,-23
IQ:28,232,5,-7,245
IQ:29,240,255,217,38
IQ:30,248,12,-1,-172
IQ:31,256,255,-151,0
IQ:32,264,1,57,99
IQ:33,272,255,124,-50
IQ:34,280,2,16,-51
IQ:35,288,255,-46,58
SW:2
RR:3
SS:3
FR:2426
ME:359
MA:5
KE:358
KA:357
DF_END

Data arrived...
DF_BEGIN
IQ:0,0,11,164,-78
IQ:1,8,11,-89,-159
IQ:2,16,11,-140,112
IQ:3,24,11,123,135
IQ:4,32,11,110,-142
IQ:5,40,11,-157,-86
IQ:6,48,11,-78,162
IQ:7,56,11,174,38
IQ:8,72,12,-171,4
IQ:9,80,255,-1,151
IQ:10,88,1,100,-64
IQ:11,96,255,-53,-127
IQ:12,104,2,-49,-3
IQ:13,112,255,67,56
IQ:14,120,10,175,-73
IQ:15,128,255,-27,-154
IQ:16,136,3,21,20
IQ:17,144,255,105,11
IQ:18,152,9,126,-68
IQ:19,160,255,-56,-35
IQ:20,168,4,59,187
IQ:21,176,255,191,-20
IQ:22,184,8,-56,-86
IQ:23,192,255,-135,63
IQ:24,200,7,-11,121
IQ:25,208,255,105,-41
IQ:26,216,6,-67,-131
IQ:27,224,255,-90,105
IQ:28,232,5,199,132
IQ:29,240,255,124,-184
IQ:30,248,12,-153,-77
IQ:31,256,255,-58,141
IQ:32,264,1,114,-23
IQ:33,272,255,18,-136
IQ:34,280,2,-44,-24
IQ:35,288,255,43,58
SW:2
RR:3
SS:3
FR:2426
ME:2
MA:353
KE:359
KA:356
DF_END

Data arrived...
DF_BEGIN
IQ:0,0,11,-26,151
IQ:1,8,11,154,-16
IQ:2,16,11,-26,-159
IQ:3,24,11,-160,34
IQ:4,32,11,59,143
IQ:5,40,11,136,-78
IQ:6,48,11,-88,-142
IQ:7,56,11,-127,94
IQ:8,72,12,79,-152
IQ:9,80,255,-145,-62
IQ:10,88,1,-14,157
IQ:11,96,255,151,13
IQ:12,104,2,-57,-128
IQ:13,112,255,-167,43
IQ:14,120,10,-21,150
IQ:15,128,255,114,-16
IQ:16,136,3,-104,-85
IQ:17,144,255,-126,100
IQ:18,152,9,21,120
IQ:19,160,255,77,-57
IQ:20,168,4,-158,-98
IQ:21,176,255,-100,137
IQ:22,184,8,85,26
IQ:23,192,255,12,-116
IQ:24,200,7,-100,-66
IQ:25,208,255,-31,93
IQ:26,216,6,135,-12
IQ:27,224,255,-36,-152
IQ:28,232,5,-184,15
IQ:29,240,255,33,154
IQ:30,248,12,142,-96
IQ:31,256,255,-109,-128
IQ:32,264,1,-96,131
IQ:33,272,255,132,65
IQ:34,280,2,-3,-139
IQ:35,288,255,-170,-14
SW:2
RR:3
SS:3
FR:2402
ME:2
MA:353
KE:359
KA:356
DF_END

Data arrived...
DF_BEGIN
IQ:0,0,11,-46,73
IQ:1,8,11,81,22
IQ:2,16,11,14,-81
IQ:3,24,11,-98,-20
IQ:4,32,11,-7,84
IQ:5,40,11,87,4
IQ:6,48,11,-20,-87
IQ:7,56,11,-82,10
IQ:8,72,12,108,-14
IQ:9,80,255,-47,-89
IQ:10,88,1,-134,36
IQ:11,96,255,45,53
IQ:12,104,2,12,-209
IQ:13,112,255,-156,-61
IQ:14,120,10,8,33
IQ:15,128,255,109,-57
IQ:16,136,3,50,-223
IQ:17,144,255,-122,1
IQ:18,152,9,206,147
IQ:19,160,255,212,-131
IQ:20,168,4,69,-107
IQ:21,176,255,-29,-26
IQ:22,184,8,121,67
IQ:23,192,255,53,-99
IQ:24,200,7,-107,10
IQ:25,208,255,-9,125
IQ:26,216,6,76,16
IQ:27,224,255,72,-41
IQ:28,232,5,118,16
IQ:29,240,255,76,-41
IQ:30,248,12,109,26
IQ:31,256,255,-4,-103
IQ:32,264,1,-138,-2
IQ:33,272,255,26,83
IQ:34,280,2,109,-175
IQ:35,288,255,-135,-117
SW:2
RR:3
SS:3
FR:2480
ME:356
MA:353
KE:359
KA:355
DF_END

Data arrived...
DF_BEGIN
IQ:0,0,11,-88,26
IQ:1,8,11,32,77
IQ:2,16,11,65,-61
IQ:3,24,11,-64,-64
IQ:4,32,11,-67,65
IQ:5,40,11,67,42
IQ:6,48,11,21,-79
IQ:7,56,11,-92,-29
IQ:8,72,12,107,52
IQ:9,80,255,20,-101
IQ:10,88,1,-125,-37
IQ:11,96,255,9,81
IQ:12,104,2,126,-159
IQ:13,112,255,-103,-144
IQ:14,120,10,-35,33
IQ:15,128,255,120,20
IQ:16,136,3,183,-136
IQ:17,144,255,-89,-83
IQ:18,152,9,95,238
IQ:19,160,255,236,26
IQ:20,168,4,119,-37
IQ:21,176,255,-33,-38
IQ:22,184,8,69,130
IQ:23,192,255,99,-45
IQ:24,200,7,-93,-59
IQ:25,208,255,-82,91
IQ:26,216,6,39,77
IQ:27,224,255,72,9
IQ:28,232,5,72,82
IQ:29,240,255,65,18
IQ:30,248,12,75,96
IQ:31,256,255,51,-86
IQ:32,264,1,-111,-73
IQ:33,272,255,-22,69
IQ:34,280,2,182,-81
IQ:35,288,255,-45,-180
SW:2
RR:3
SS:3
FR:2480
ME:356
MA:353
KE:358
KA:355
DF_END

Data arrived...
DF_BEGIN
IQ:0,0,11,87,-45
IQ:1,8,11,-48,-76
IQ:2,16,11,-59,74
IQ:3,24,11,65,55
IQ:4,32,11,41,-81
IQ:5,40,11,-71,-22
IQ:6,48,11,-7,78
IQ:7,56,11,98,-2
IQ:8,72,12,-117,-21
IQ:9,80,255,-9,104
IQ:10,88,1,146,-3
IQ:11,96,255,-16,-73
IQ:12,104,2,-95,164
IQ:13,112,255,126,108
IQ:14,120,10,19,-41
IQ:15,128,255,-124,-8
IQ:16,136,3,-157,193
IQ:17,144,255,99,73
IQ:18,152,9,-153,-209
IQ:19,160,255,-246,66
IQ:20,168,4,-106,78
IQ:21,176,255,38,40
IQ:22,184,8,-72,-111
IQ:23,192,255,-84,65
IQ:24,200,7,100,26
IQ:25,208,255,56,-115
IQ:26,216,6,-58,-90
IQ:27,224,255,-79,-5
IQ:28,232,5,-86,-62
IQ:29,240,255,-77,-22
IQ:30,248,12,-92,-90
IQ:31,256,255,-59,76
IQ:32,264,1,128,41
IQ:33,272,255,14,-89
IQ:34,280,2,-154,111
IQ:35,288,255,80,162
SW:2
RR:3
SS:3
FR:2480
ME:356
MA:353
KE:358
KA:355
DF_END

Data arrived...
DF_BEGIN
IQ:0,0,11,177,-16
IQ:1,8,11,-36,-179
IQ:2,16,11,-170,59
IQ:3,24,11,71,168
IQ:4,32,11,141,-101
IQ:5,40,11,-115,-133
IQ:6,48,11,-120,141
IQ:7,56,11,149,97
IQ:8,72,12,-154,-54
IQ:9,80,255,-55,136
IQ:10,88,1,112,-15
IQ:11,96,255,9,-140
IQ:12,104,2,-38,-29
IQ:13,112,255,29,75
IQ:14,120,10,182,-1
IQ:15,128,255,20,-150
IQ:16,136,3,2,23
IQ:17,144,255,88,53
IQ:18,152,9,137,-11
IQ:19,160,255,-39,-61
IQ:20,168,4,-20,207
IQ:21,176,255,184,66
IQ:22,184,8,-5,-103
IQ:23,192,255,-144,10
IQ:24,200,7,-56,109
IQ:25,208,255,107,19
IQ:26,216,6,-12,-134
IQ:27,224,255,-118,77
IQ:28,232,5,152,172
IQ:29,240,255,178,-139
IQ:30,248,12,-116,-126
IQ:31,256,255,-106,95
IQ:32,264,1,109,20
IQ:33,272,255,47,-128
IQ:34,280,2,-22,-51
IQ:35,288,255,10,67
SW:2
RR:3
SS:3
FR:2426
ME:359
MA:5
KE:358
KA:355
DF_END

Data arrived...
DF_BEGIN
IQ:0,0,11,-117,105
IQ:1,8,11,119,106
IQ:2,16,11,91,-130
IQ:3,24,11,-136,-73
IQ:4,32,11,-56,143
IQ:5,40,11,154,29
IQ:6,48,11,27,-156
IQ:7,56,11,-156,-12
IQ:8,72,12,158,-59
IQ:9,80,255,-62,-144
IQ:10,88,1,-130,103
IQ:11,96,255,104,108
IQ:12,104,2,37,-132
IQ:13,112,255,-155,-71
IQ:14,120,10,-112,102
IQ:15,128,255,87,70
IQ:16,136,3,-3,-134
IQ:17,144,255,-161,-19
IQ:18,152,9,-52,106
IQ:19,160,255,100,1
IQ:20,168,4,-71,-161
IQ:21,176,255,-165,51
IQ:22,184,8,36,82
IQ:23,192,255,97,-69
IQ:24,200,7,-33,-102
IQ:25,208,255,-84,62
IQ:26,216,6,106,83
IQ:27,224,255,67,-133
IQ:28,232,5,-158,-96
IQ:29,240,255,-70,139
IQ:30,248,12,173,12
IQ:31,256,255,13,-156
IQ:32,264,1,-162,34
IQ:33,272,255,36,143
IQ:34,280,2,87,-93
IQ:35,288,255,-120,-114
SW:2
RR:3
SS:3
FR:2402
ME:2
MA:353
KE:358
KA:355
DF_END

Data arrived...
DF_BEGIN
IQ:0,0,11,151,-22
IQ:1,8,11,-37,-149
IQ:2,16,11,-150,61
IQ:3,24,11,71,142
IQ:4,32,11,120,-100
IQ:5,40,11,-119,-105
IQ:6,48,11,-109,120
IQ:7,56,11,121,91
IQ:8,72,12,-165,-43
IQ:9,80,255,-24,157
IQ:10,88,1,162,-19
IQ:11,96,255,-18,-142
IQ:12,104,2,-103,89
IQ:13,112,255,104,137
IQ:14,120,10,150,-15
IQ:15,128,255,-35,-104
IQ:16,136,3,-63,125
IQ:17,144,255,136,89
IQ:18,152,9,100,-63
IQ:19,160,255,-86,-45
IQ:20,168,4,-34,177
IQ:21,176,255,155,52
IQ:22,184,8,8,-86
IQ:23,192,255,-109,3
IQ:24,200,7,-21,106
IQ:25,208,255,96,-25
IQ:26,216,6,-52,-137
IQ:27,224,255,-140,80
IQ:28,232,5,59,174
IQ:29,240,255,125,-78
IQ:30,248,12,-137,-103
IQ:31,256,255,-92,137
IQ:32,264,1,152,45
IQ:33,272,255,33,-153
IQ:34,280,2,-133,28
IQ:35,288,255,35,162
SW:2
RR:3
SS:3
FR:2402
ME:2
MA:353
KE:359
KA:355
DF_END

Data arrived...
DF_BEGIN
IQ:0,0,11,20,-80
IQ:1,8,11,-78,-2
IQ:2,16,11,20,70
IQ:3,24,11,95,-28
IQ:4,32,11,-44,-77
IQ:5,40,11,-65,44
IQ:6,48,11,67,78
IQ:7,56,11,58,-58
IQ:8,72,12,-77,75
IQ:9,80,255,77,68
IQ:10,88,1,96,-102
IQ:11,96,255,-82,-18
IQ:12,104,2,93,182
IQ:13,112,255,184,-23
IQ:14,120,10,-19,-25
IQ:15,128,255,-67,95
IQ:16,136,3,94,206
IQ:17,144,255,116,-50
IQ:18,152,9,-246,-18
IQ:19,160,255,-120,224
IQ:20,168,4,2,118
IQ:21,176,255,37,-6
IQ:22,184,8,-138,7
IQ:23,192,255,11,104
IQ:24,200,7,76,-72
IQ:25,208,255,-63,-98
IQ:26,216,6,-82,21
IQ:27,224,255,-51,65
IQ:28,232,5,-105,55
IQ:29,240,255,-38,52
IQ:30,248,12,-118,25
IQ:31,256,255,46,84
IQ:32,264,1,123,-80
IQ:33,272,255,-58,-52
IQ:34,280,2,-6,200
IQ:35,288,255,179,25
SW:2
RR:3
SS:3
FR:2480
ME:356
MA:353
KE:358
KA:355
DF_END

Data arrived...
DF_BEGIN
IQ:0,0,11,-65,-38
IQ:1,8,11,-17,82
IQ:2,16,11,200,131
IQ:3,24,11,47,-3
IQ:4,32,11,-137,8
IQ:5,40,11,19,149
IQ:6,48,11,224,96
IQ:7,56,11,100,-90
IQ:8,72,12,-59,202
IQ:9,80,255,34,-60
IQ:10,88,1,-116,-103
IQ:11,96,255,-122,102
IQ:12,104,2,49,83
IQ:13,112,255,69,10
IQ:14,120,10,-122,-178
IQ:15,128,255,-89,-9
IQ:16,136,3,66,-11
IQ:17,144,255,24,-74
IQ:18,152,9,-57,-114
IQ:19,160,255,-9,24
IQ:20,168,4,140,-60
IQ:21,176,255,-44,-181
IQ:22,184,8,-93,-34
IQ:23,192,255,25,6
IQ:24,200,7,66,-40
IQ:25,208,255,-76,-65
IQ:26,216,6,-143,43
IQ:27,224,255,88,1
IQ:28,232,5,134,-185
IQ:29,240,255,-89,-90
IQ:30,248,12,-18,55
IQ:31,256,255,48,-12
IQ:32,264,1,-90,-151
IQ:33,272,255,-155,-36
IQ:34,280,2,-82,-48
IQ:35,288,255,119,-85
SW:2
RR:3
SS:3
FR:2426
ME:359
MA:5
KE:358
KA:356
DF_END

Data arrived...
DF_BEGIN
IQ:0,0,11,-127,88
IQ:1,8,11,115,105
IQ:2,16,11,98,-130
IQ:3,24,11,-131,-87
IQ:4,32,11,-67,144
IQ:5,40,11,146,47
IQ:6,48,11,38,-155
IQ:7,56,11,-159,-21
IQ:8,72,12,173,-43
IQ:9,80,255,-42,-147
IQ:10,88,1,-129,99
IQ:11,96,255,90,115
IQ:12,104,2,48,-131
IQ:13,112,255,-149,-81
IQ:14,120,10,-117,95
IQ:15,128,255,85,70
IQ:16,136,3,-5,-140
IQ:17,144,255,-157,-31
IQ:18,152,9,-70,99
IQ:19,160,255,101,8
IQ:20,168,4,-46,-180
IQ:21,176,255,-168,25
IQ:22,184,8,40,82
IQ:23,192,255,105,-62
IQ:24,200,7,-26,-108
IQ:25,208,255,-82,60
IQ:26,216,6,101,94
IQ:27,224,255,87,-133
IQ:28,232,5,-138,-125
IQ:29,240,255,-85,131
IQ:30,248,12,169,30
IQ:31,256,255,26,-158
IQ:32,264,1,-162,14
IQ:33,272,255,20,144
IQ:34,280,2,99,-96
IQ:35,288,255,-105,-123
SW:2
RR:3
SS:3
FR:2402
ME:2
MA:353
KE:359
KA:355
DF_END

Data arrived...
DF_BEGIN
IQ:0,0,11,147,26
IQ:1,8,11,-17,-154
IQ:2,16,11,-154,30
IQ:3,24,11,42,157
IQ:4,32,11,147,-49
IQ:5,40,11,-74,-145
IQ:6,48,11,-134,81
IQ:7,56,11,100,118
IQ:8,72,12,-149,-83
IQ:9,80,255,-65,147
IQ:10,88,1,158,16
IQ:11,96,255,30,-147
IQ:12,104,2,-130,48
IQ:13,112,255,48,164
IQ:14,120,10,148,25
IQ:15,128,255,-1,-104
IQ:16,136,3,-100,95
IQ:17,144,255,90,134
IQ:18,152,9,117,-27
IQ:19,160,255,-65,-71
IQ:20,168,4,-84,160
IQ:21,176,255,130,102
IQ:22,184,8,34,-81
IQ:23,192,255,-116,-29
IQ:24,200,7,-59,96
IQ:25,208,255,100,18
IQ:26,216,6,2,-144
IQ:27,224,255,-158,21
IQ:28,232,5,6,181
IQ:29,240,255,145,-43
IQ:30,248,12,-107,-141
IQ:31,256,255,-132,93
IQ:32,264,1,132,90
IQ:33,272,255,77,-127
IQ:34,280,2,-138,-4
IQ:35,288,255,-23,163
SW:2
RR:3
SS:3
FR:2402
ME:2
MA:353
KE:359
KA:355
DF_END

Data arrived...
DF_BEGIN
IQ:0,0,11,68,45
IQ:1,8,11,35,-76
IQ:2,16,11,-72,-28
IQ:3,24,11,-25,88
IQ:4,32,11,63,1
IQ:5,40,11,-18,-71
IQ:6,48,11,-88,22
IQ:7,56,11,18,79
IQ:8,72,12,-14,-108
IQ:9,80,255,-99,34
IQ:10,88,1,59,118
IQ:11,96,255,44,-44
IQ:12,104,2,-204,20
IQ:13,112,255,-51,166
IQ:14,120,10,24,-3
IQ:15,128,255,-65,-83
IQ:16,136,3,-234,-40
IQ:17,144,255,-4,120
IQ:18,152,9,108,-224
IQ:19,160,255,-153,-202
IQ:20,168,4,-109,-78
IQ:21,176,255,-28,42
IQ:22,184,8,40,-123
IQ:23,192,255,-98,-53
IQ:24,200,7,34,95
IQ:25,208,255,92,-5
IQ:26,216,6,16,-88
IQ:27,224,255,-42,-74
IQ:28,232,5,-7,-109
IQ:29,240,255,-52,-52
IQ:30,248,12,39,-113
IQ:31,256,255,-91,5
IQ:32,264,1,11,131
IQ:33,272,255,64,-22
IQ:34,280,2,-190,-86
IQ:35,288,255,-86,156
SW:2
RR:3
SS:3
FR:2480
ME:356
MA:353
KE:359
KA:355
DF_END

Data arrived...
DF_BEGIN
IQ:0,0,11,-6,-181
IQ:1,8,11,-174,11
IQ:2,16,11,37,164
IQ:3,24,11,158,-79
IQ:4,32,11,-89,-154
IQ:5,40,11,-137,111
IQ:6,48,11,120,124
IQ:7,56,11,111,-132
IQ:8,72,12,-65,149
IQ:9,80,255,128,57
IQ:10,88,1,-12,-117
IQ:11,96,255,-128,-17
IQ:12,104,2,-24,32
IQ:13,112,255,69,-47
IQ:14,120,10,-1,-188
IQ:15,128,255,-145,-28
IQ:16,136,3,21,-14
IQ:17,144,255,35,-83
IQ:18,152,9,-18,-137
IQ:19,160,255,-49,32
IQ:20,168,4,204,28
IQ:21,176,255,70,-186
IQ:22,184,8,-98,-11
IQ:23,192,255,4,135
IQ:24,200,7,94,68
IQ:25,208,255,29,-102
IQ:26,216,6,-131,5
IQ:27,224,255,54,117
IQ:28,232,5,182,-138
IQ:29,240,255,-112,-190
IQ:30,248,12,-130,106
IQ:31,256,255,93,109
IQ:32,264,1,39,-112
IQ:33,272,255,-113,-78
IQ:34,280,2,-45,12
IQ:35,288,255,67,-8
SW:2
RR:3
SS:3
FR:2426
ME:359
MA:5
KE:359
KA:356
DF_END

Data arrived...
DF_BEGIN
IQ:0,0,11,-39,152
IQ:1,8,11,150,10
IQ:2,16,11,-9,-156
IQ:3,24,11,-152,23
IQ:4,32,11,47,145
IQ:5,40,11,143,-62
IQ:6,48,11,-66,-141
IQ:7,56,11,-121,91
IQ:8,72,12,99,-151
IQ:9,80,255,-135,-76
IQ:10,88,1,-36,156
IQ:11,96,255,141,24
IQ:12,104,2,-42,-124
IQ:13,112,255,-159,41
IQ:14,120,10,-22,147
IQ:15,128,255,103,-2
IQ:16,136,3,-84,-107
IQ:17,144,255,-138,81
IQ:18,152,9,13,116
IQ:19,160,255,73,-62
IQ:20,168,4,-151,-105
IQ:21,176,255,-116,118
IQ:22,184,8,70,38
IQ:23,192,255,34,-108
IQ:24,200,7,-92,-64
IQ:25,208,255,-20,100
IQ:26,216,6,142,2
IQ:27,224,255,-18,-154
IQ:28,232,5,-189,14
IQ:29,240,255,23,156
IQ:30,248,12,150,-87
IQ:31,256,255,-85,-129
IQ:32,264,1,-101,123
IQ:33,272,255,116,90
IQ:34,280,2,16,-136
IQ:35,288,255,-165,-25
SW:2
RR:3
SS:3
FR:2402
ME:2
MA:353
KE:359
KA:355
DF_END

Data arrived...
DF_BEGIN
IQ:0,0,11,5,-151
IQ:1,8,11,-151,13
IQ:2,16,11,24,156
IQ:3,24,11,146,-44
IQ:4,32,11,-59,-148
IQ:5,40,11,-140,68
IQ:6,48,11,90,123
IQ:7,56,11,115,-96
IQ:8,72,12,-64,162
IQ:9,80,255,142,58
IQ:10,88,1,10,-156
IQ:11,96,255,-150,0
IQ:12,104,2,52,123
IQ:13,112,255,157,-52
IQ:14,120,10,16,-148
IQ:15,128,255,-116,7
IQ:16,136,3,96,87
IQ:17,144,255,125,-100
IQ:18,152,9,-24,-114
IQ:19,160,255,-67,66
IQ:20,168,4,160,77
IQ:21,176,255,94,-135
IQ:22,184,8,-87,-33
IQ:23,192,255,-22,115
IQ:24,200,7,92,55
IQ:25,208,255,16,-97
IQ:26,216,6,-135,7
IQ:27,224,255,30,149
IQ:28,232,5,177,-28
IQ:29,240,255,-36,-143
IQ:30,248,12,-119,113
IQ:31,256,255,110,112
IQ:32,264,1,85,-134
IQ:33,272,255,-132,-58
IQ:34,280,2,6,129
IQ:35,288,255,160,-8
SW:2
RR:3
SS:3
FR:2402
ME:2
MA:353
KE:359
KA:355
DF_END

Data arrived...
DF_BEGIN
IQ:0,0,11,17,-80
IQ:1,8,11,-72,5
IQ:2,16,11,31,94
IQ:3,24,11,87,-28
IQ:4,32,11,-37,-62
IQ:5,40,11,-67,56
IQ:6,48,11,56,62
IQ:7,56,11,68,-61
IQ:8,72,12,-96,85
IQ:9,80,255,92,63
IQ:10,88,1,72,-101
IQ:11,96,255,-77,-1
IQ:12,104,2,105,174
IQ:13,112,255,162,-51
IQ:14,120,10,-17,-27
IQ:15,128,255,-54,105
IQ:16,136,3,72,232
IQ:17,144,255,111,-59
IQ:18,152,9,-232,16
IQ:19,160,255,-92,228
IQ:20,168,4,-3,133
IQ:21,176,255,51,-3
IQ:22,184,8,-125,27
IQ:23,192,255,19,108
IQ:24,200,7,79,-57
IQ:25,208,255,-70,-100
IQ:26,216,6,-87,6
IQ:27,224,255,-52,92
IQ:28,232,5,-98,60
IQ:29,240,255,-40,61
IQ:30,248,12,-112,47
IQ:31,256,255,56,100
IQ:32,264,1,107,-74
IQ:33,272,255,-63,-55
IQ:34,280,2,25,205
IQ:35,288,255,191,33
SW:2
RR:3
SS:3
FR:2480
ME:356
MA:353
KE:359
KA:355
DF_END

Data arrived...
DF_BEGIN
IQ:0,0,11,67,161
IQ:1,8,11,149,-96
IQ:2,16,11,-112,-154
IQ:3,24,11,-139,112
IQ:4,32,11,132,118
IQ:5,40,11,100,-145
IQ:6,48,11,-163,-83
IQ:7,56,11,-58,164
IQ:8,72,12,13,-160
IQ:9,80,255,-148,-16
IQ:10,88,1,54,103
IQ:11,96,255,123,-48
IQ:12,104,2,13,-44
IQ:13,112,255,-62,57
IQ:14,120,10,62,171
IQ:15,128,255,146,-17
IQ:16,136,3,-20,17
IQ:17,144,255,-26,95
IQ:18,152,9,51,125
IQ:19,160,255,31,-54
IQ:20,168,4,-205,59
IQ:21,176,255,2,195
IQ:22,184,8,100,-31
IQ:23,192,255,-48,-136
IQ:24,200,7,-124,-29
IQ:25,208,255,13,108
IQ:26,216,6,126,-55
IQ:27,224,255,-102,-103
IQ:28,232,5,-149,198
IQ:29,240,255,176,141
IQ:30,248,12,78,-151
IQ:31,256,255,-130,-75
IQ:32,264,1,0,118
IQ:33,272,255,131,15
IQ:34,280,2,25,-40
IQ:35,288,255,-74,39
SW:2
RR:3
SS:3
FR:2426
ME:359
MA:5
KE:359
KA:356
DF_END

Data arrived...
DF_BEGIN
IQ:0,0,11,-143,59
IQ:1,8,11,73,136
IQ:2,16,11,127,-92
IQ:3,24,11,-102,-113
IQ:4,32,11,-95,121
IQ:5,40,11,130,83
IQ:6,48,11,79,-141
IQ:7,56,11,-141,-62
IQ:8,72,12,168,1
IQ:9,80,255,-23,-151
IQ:10,88,1,-155,59
IQ:11,96,255,47,135
IQ:12,104,2,75,-106
IQ:13,112,255,-129,-110
IQ:14,120,10,-131,58
IQ:15,128,255,59,89
IQ:16,136,3,31,-125
IQ:17,144,255,-145,-70
IQ:18,152,9,-95,75
IQ:19,160,255,90,40
IQ:20,168,4,5,-176
IQ:21,176,255,-168,-9
IQ:22,184,8,15,81
IQ:23,192,255,107,-45
IQ:24,200,7,-3,-111
IQ:25,208,255,-96,30
IQ:26,216,6,65,114
IQ:27,224,255,113,-105
IQ:28,232,5,-115,-146
IQ:29,240,255,-107,108
IQ:30,248,12,152,67
IQ:31,256,255,63,-145
IQ:32,264,1,-156,-14
IQ:33,272,255,-15,150
IQ:34,280,2,125,-47
IQ:35,288,255,-67,-149
SW:2
RR:3
SS:3
FR:2402
ME:2
MA:353
KE:359
KA:356
DF_END

Data arrived...
DF_BEGIN
IQ:0,0,11,77,-40
IQ:1,8,11,-42,-79
IQ:2,16,11,-62,53
IQ:3,24,11,51,46
IQ:4,32,11,52,-72
IQ:5,40,11,-79,-43
IQ:6,48,11,-31,63
IQ:7,56,11,77,10
IQ:8,72,12,-105,-54
IQ:9,80,255,-13,103
IQ:10,88,1,128,3
IQ:11,96,255,-30,-74
IQ:12,104,2,-97,158
IQ:13,112,255,112,116
IQ:14,120,10,16,-33
IQ:15,128,255,-114,1
IQ:16,136,3,-151,169
IQ:17,144,255,88,56
IQ:18,152,9,-115,-235
IQ:19,160,255,-243,11
IQ:20,168,4,-122,51
IQ:21,176,255,27,30
IQ:22,184,8,-73,-122
IQ:23,192,255,-89,46
IQ:24,200,7,96,21
IQ:25,208,255,57,-113
IQ:26,216,6,-61,-78
IQ:27,224,255,-79,-8
IQ:28,232,5,-96,-83
IQ:29,240,255,-83,-12
IQ:30,248,12,-68,-92
IQ:31,256,255,-46,79
IQ:32,264,1,110,59
IQ:33,272,255,12,-85
IQ:34,280,2,-159,92
IQ:35,288,255,68,163
SW:2
RR:3
SS:3
FR:2480
ME:356
MA:353
KE:359
KA:355
DF_END

Data arrived...
DF_BEGIN
IQ:0,0,11,63,51
IQ:1,8,11,40,-88
IQ:2,16,11,-84,-41
IQ:3,24,11,-33,79
IQ:4,32,11,83,11
IQ:5