IQ:21,176,255,-324,-107
IQ:22,184,8,89,310
IQ:23,192,255,263,-94
IQ:24,200,7,-260,-173
IQ:25,208,255,-213,275
IQ:26,216,6,141,221
IQ:27,224,255,258,-208
IQ:28,232,5,-97,-366
IQ:29,240,255,-257,94
IQ:30,248,12,131,139
IQ:31,256,255,104,-222
IQ:32,264,1,-275,-275
IQ:33,272,255,-163,196
IQ:34,280,2,359,-65
IQ:35,288,255,-5,-336
SW:2
RR:3
SS:3
FR:2402
ME:359
MA:353
KE:359
KA:353
DF_END

Data arrived...
DF_BEGIN
IQ:0,0,11,164,113
IQ:1,8,11,95,-180
IQ:2,16,11,-179,-75
IQ:3,24,11,-55,194
IQ:4,32,11,206,22
IQ:5,40,11,25,-206
IQ:6,48,11,-192,17
IQ:7,56,11,37,193
IQ:8,72,12,-90,-217
IQ:9,80,255,-166,98
IQ:10,88,1,181,111
IQ:11,96,255,133,-152
IQ:12,104,2,-98,-29
IQ:13,112,255,-34,146
IQ:14,120,10,146,62
IQ:15,128,255,41,-144
IQ:16,136,3,-177,15
IQ:17,144,255,40,187
IQ:18,152,9,197,-61
IQ:19,160,255,-96,-208
IQ:20,168,4,-231,84
IQ:21,176,255,79,223
IQ:22,184,8,185,-92
IQ:23,192,255,-116,-179
IQ:24,200,7,-172,98
IQ:25,208,255,110,153
IQ:26,216,6,142,-128
IQ:27,224,255,-162,-107
IQ:28,232,5,-136,258
IQ:29,240,255,228,147
IQ:30,248,12,91,-212
IQ:31,256,255,-194,-52
IQ:32,264,1,28,199
IQ:33,272,255,196,-9
IQ:34,280,2,-26,-104
IQ:35,288,255,-131,74
SW:2
RR:3
SS:3
FR:2480
ME:2
MA:353
KE:0
KA:353
DF_END

Data arrived...
DF_BEGIN
IQ:0,0,11,100,113
IQ:1,8,11,103,-108
IQ:2,16,11,-122,-91
IQ:3,24,11,-75,138
IQ:4,32,11,138,65
IQ:5,40,11,64,-138
IQ:6,48,11,-145,-50
IQ:7,56,11,-14,155
IQ:8,72,12,-37,-173
IQ:9,80,255,-141,66
IQ:10,88,1,112,124
IQ:11,96,255,121,-84
IQ:12,104,2,-64,-42
IQ:13,112,255,-69,106
IQ:14,120,10,86,87
IQ:15,128,255,63,-85
IQ:16,136,3,-133,-3
IQ:17,144,255,5,159
IQ:18,152,9,171,0
IQ:19,160,255,-13,-158
IQ:20,168,4,-183,32
IQ:21,176,255,14,189
IQ:22,184,8,160,-36
IQ:23,192,255,-47,-157
IQ:24,200,7,-153,45
IQ:25,208,255,64,144
IQ:26,216,6,128,-61
IQ:27,224,255,-113,-102
IQ:28,232,5,-159,171
IQ:29,240,255,151,169
IQ:30,248,12,119,-130
IQ:31,256,255,-133,-80
IQ:32,264,1,-3,161
IQ:33,272,255,155,41
IQ:34,280,2,-1,-75
IQ:35,288,255,-119,15
SW:2
RR:3
SS:3
FR:2480
ME:359
MA:5
KE:359
KA:354
DF_END

Data arrived...
DF_BEGIN
IQ:0,0,11,-146,-53
IQ:1,8,11,-27,156
IQ:2,16,11,159,20
IQ:3,24,11,-4,-164
IQ:4,32,11,-165,17
IQ:5,40,11,34,163
IQ:6,48,11,169,-43
IQ:7,56,11,-50,-152
IQ:8,72,12,34,101
IQ:9,80,255,106,-73
IQ:10,88,1,-38,-138
IQ:11,96,255,-101,49
IQ:12,104,2,103,75
IQ:13,112,255,57,-117
IQ:14,120,10,-152,-31
IQ:15,128,255,-25,159
IQ:16,136,3,185,7
IQ:17,144,255,0,-181
IQ:18,152,9,-178,24
IQ:19,160,255,27,201
IQ:20,168,4,218,38
IQ:21,176,255,24,-164
IQ:22,184,8,-147,90
IQ:23,192,255,81,148
IQ:24,200,7,90,-121
IQ:25,208,255,-138,-107
IQ:26,216,6,-109,86
IQ:27,224,255,99,114
IQ:28,232,5,120,-69
IQ:29,240,255,-86,-90
IQ:30,248,12,-61,97
IQ:31,256,255,115,54
IQ:32,264,1,82,-113
IQ:33,272,255,-107,-37
IQ:34,280,2,4,129
IQ:35,288,255,131,-32
SW:2
RR:3
SS:3
FR:2426
ME:359
MA:353
KE:359
KA:354
DF_END

Data arrived...
DF_BEGIN
IQ:0,0,11,166,-60
IQ:1,8,11,-87,-147
IQ:2,16,11,-140,103
IQ:3,24,11,119,123
IQ:4,32,11,117,-123
IQ:5,40,11,-143,-103
IQ:6,48,11,-94,137
IQ:7,56,11,158,92
IQ:8,72,12,-58,-118
IQ:9,80,255,-75,175
IQ:10,88,1,193,265
IQ:11,96,255,142,-133
IQ:12,104,2,-336,35
IQ:13,112,255,-25,269
IQ:14,120,10,200,-139
IQ:15,128,255,-189,-253
IQ:16,136,3,-387,152
IQ:17,144,255,112,308
IQ:18,152,9,219,-207
IQ:19,160,255,-247,-314
IQ:20,168,4,-402,36
IQ:21,176,255,49,266
IQ:22,184,8,146,-203
IQ:23,192,255,-173,-98
IQ:24,200,7,57,299
IQ:25,208,255,330,-22
IQ:26,216,6,37,-228
IQ:27,224,255,-278,-55
IQ:28,232,5,-230,213
IQ:29,240,255,143,158
IQ:30,248,12,52,-129
IQ:31,256,255,-190,23
IQ:32,264,1,-74,299
IQ:33,272,255,192,21
IQ:34,280,2,-232,-231
IQ:35,288,255,-205,194
SW:2
RR:3
SS:3
FR:2402
ME:359
MA:353
KE:359
KA:354
DF_END

Data arrived...
DF_BEGIN
IQ:0,0,11,33,164
IQ:1,8,11,153,-51
IQ:2,16,11,-95,-137
IQ:3,24,11,-127,84
IQ:4,32,11,104,126
IQ:5,40,11,120,-122
IQ:6,48,11,-139,-95
IQ:7,56,11,-89,145
IQ:8,72,12,101,-7
IQ:9,80,255,-120,-108
IQ:10,88,1,-285,98
IQ:11,96,255,81,158
IQ:12,104,2,48,-317
IQ:13,112,255,-275,-46
IQ:14,120,10,105,211
IQ:15,128,255,285,-119
IQ:16,136,3,-37,-387
IQ:17,144,255,-303,47
IQ:18,152,9,165,249
IQ:19,160,255,359,-143
IQ:20,168,4,77,-376
IQ:21,176,255,-236,-38
IQ:22,184,8,158,191
IQ:23,192,255,138,-131
IQ:24,200,7,-309,-20
IQ:25,208,255,-82,302
IQ:26,216,6,183,111
IQ:27,224,255,116,-234
IQ:28,232,5,-153,-227
IQ:29,240,255,-171,103
IQ:30,248,12,100,59
IQ:31,256,255,-1,-179
IQ:32,264,1,-254,-162
IQ:33,272,255,-61,147
IQ:34,280,2,264,-195
IQ:35,288,255,-121,-262
SW:2
RR:3
SS:3
FR:2402
ME:359
MA:353
KE:359
KA:354
DF_END

Data arrived...
DF_BEGIN
IQ:0,0,11,-173,-27
IQ:1,8,11,-18,172
IQ:2,16,11,186,-2
IQ:3,24,11,-37,-175
IQ:4,32,11,-178,53
IQ:5,40,11,63,164
IQ:6,48,11,152,-81
IQ:7,56,11,-99,-153
IQ:8,72,12,151,139
IQ:9,80,255,105,-158
IQ:10,88,1,-185,-71
IQ:11,96,255,-52,158
IQ:12,104,2,87,-19
IQ:13,112,255,-28,-148
IQ:14,120,10,-139,-23
IQ:15,128,255,-4,121
IQ:16,136,3,136,-96
IQ:17,144,255,-104,-149
IQ:18,152,9,-157,120
IQ:19,160,255,140,139
IQ:20,168,4,151,-177
IQ:21,176,255,-142,-163
IQ:22,184,8,-120,153
IQ:23,192,255,173,113
IQ:24,200,7,111,-136
IQ:25,208,255,-149,-88
IQ:26,216,6,-72,151
IQ:27,224,255,184,0
IQ:28,232,5,26,-296
IQ:29,240,255,-254,-45
IQ:30,248,12,2,204
IQ:31,256,255,190,-23
IQ:32,264,1,-99,-161
IQ:33,272,255,-163,67
IQ:34,280,2,69,44
IQ:35,288,255,94,-121
SW:2
RR:3
SS:3
FR:2480
ME:2
MA:353
KE:359
KA:353
DF_END

Data arrived...
DF_BEGIN
IQ:0,0,11,-3,-155
IQ:1,8,11,-155,14
IQ:2,16,11,30,151
IQ:3,24,11,146,-35
IQ:4,32,11,-45,-143
IQ:5,40,11,-136,64
IQ:6,48,11,74,132
IQ:7,56,11,116,-99
IQ:8,72,12,-91,39
IQ:9,80,255,87,86
IQ:10,88,1,122,-63
IQ:11,96,255,-72,-77
IQ:12,104,2,-31,130
IQ:13,112,255,133,23
IQ:14,120,10,-15,-148
IQ:15,128,255,-148,28
IQ:16,136,3,54,181
IQ:17,144,255,180,-41
IQ:18,152,9,-60,-166
IQ:19,160,255,-184,75
IQ:20,168,4,36,219
IQ:21,176,255,165,-30
IQ:22,184,8,-120,-108
IQ:23,192,255,-110,126
IQ:24,200,7,145,40
IQ:25,208,255,75,-153
IQ:26,216,6,-109,-78
IQ:27,224,255,-73,130
IQ:28,232,5,96,93
IQ:29,240,255,66,-80
IQ:30,248,12,-90,-34
IQ:31,256,255,-4,125
IQ:32,264,1,135,38
IQ:33,272,255,11,-122
IQ:34,280,2,-123,37
IQ:35,288,255,72,117
SW:2
RR:3
SS:3
FR:2426
ME:359
MA:353
KE:359
KA:353
DF_END

Data arrived...
DF_BEGIN
IQ:0,0,11,170,-63
IQ:1,8,11,-105,-152
IQ:2,16,11,-144,98
IQ:3,24,11,114,133
IQ:4,32,11,129,-125
IQ:5,40,11,-139,-123
IQ:6,48,11,-121,140
IQ:7,56,11,155,89
IQ:8,72,12,-33,-106
IQ:9,80,255,-107,146
IQ:10,88,1,74,301
IQ:11,96,255,150,-81
IQ:12,104,2,-331,-21
IQ:13,112,255,-15,266
IQ:14,120,10,204,-155
IQ:15,128,255,-152,-275
IQ:16,136,3,-393,37
IQ:17,144,255,10,297
IQ:18,152,9,228,-170
IQ:19,160,255,-203,-331
IQ:20,168,4,-382,-37
IQ:21,176,255,-15,235
IQ:22,184,8,168,-159
IQ:23,192,255,-164,-118
IQ:24,200,7,27,321
IQ:25,208,255,317,54
IQ:26,216,6,73,-200
IQ:27,224,255,-259,-119
IQ:28,232,5,-256,150
IQ:29,240,255,95,172
IQ:30,248,12,58,-86
IQ:31,256,255,-186,21
IQ:32,264,1,-171,249
IQ:33,272,255,150,61
IQ:34,280,2,-169,-256
IQ:35,288,255,-221,152
SW:2
RR:3
SS:3
FR:2402
ME:356
MA:353
KE:359
KA:353
DF_END

Data arrived...
DF_BEGIN
IQ:0,0,11,187,-87
IQ:1,8,11,-104,-170
IQ:2,16,11,-187,104
IQ:3,24,11,114,145
IQ:4,32,11,137,-143
IQ:5,40,11,-157,-119
IQ:6,48,11,-106,160
IQ:7,56,11,186,89
IQ:8,72,12,-30,-84
IQ:9,80,255,-98,144
IQ:10,88,1,72,275
IQ:11,96,255,134,-65
IQ:12,104,2,-320,-75
IQ:13,112,255,-72,246
IQ:14,120,10,215,-155
IQ:15,128,255,-176,-296
IQ:16,136,3,-404,11
IQ:17,144,255,26,312
IQ:18,152,9,265,-191
IQ:19,160,255,-174,-332
IQ:20,168,4,-362,-65
IQ:21,176,255,-41,215
IQ:22,184,8,195,-174
IQ:23,192,255,-142,-132
IQ:24,200,7,32,326
IQ:25,208,255,341,33
IQ:26,216,6,77,-214
IQ:27,224,255,-253,-122
IQ:28,232,5,-246,123
IQ:29,240,255,80,170
IQ:30,248,12,32,-77
IQ:31,256,255,-182,-1
IQ:32,264,1,-183,207
IQ:33,272,255,124,61
IQ:34,280,2,-177,-292
IQ:35,288,255,-254,118
SW:2
RR:3
SS:3
FR:2402
ME:359
MA:353
KE:359
KA:353
DF_END

Data arrived...
DF_BEGIN
IQ:0,0,11,-163,4
IQ:1,8,11,15,162
IQ:2,16,11,155,-27
IQ:3,24,11,-51,-148
IQ:4,32,11,-164,73
IQ:5,40,11,76,154
IQ:6,48,11,124,-84
IQ:7,56,11,-108,-117
IQ:8,72,12,159,111
IQ:9,80,255,85,-141
IQ:10,88,1,-173,-24
IQ:11,96,255,-37,149
IQ:12,104,2,74,-29
IQ:13,112,255,-52,-124
IQ:14,120,10,-124,11
IQ:15,128,255,42,105
IQ:16,136,3,106,-114
IQ:17,144,255,-129,-125
IQ:18,152,9,-125,138
IQ:19,160,255,155,114
IQ:20,168,4,121,-180
IQ:21,176,255,-159,-136
IQ:22,184,8,-82,164
IQ:23,192,255,169,80
IQ:24,200,7,61,-155
IQ:25,208,255,-153,-51
IQ:26,216,6,-35,148
IQ:27,224,255,165,-24
IQ:28,232,5,-11,-275
IQ:29,240,255,-248,-9
IQ:30,248,12,23,187
IQ:31,256,255,152,-35
IQ:32,264,1,-117,-136
IQ:33,272,255,-144,83
IQ:34,280,2,74,42
IQ:35,288,255,54,-126
SW:2
RR:3
SS:3
FR:2480
ME:359
MA:5
KE:359
KA:354
DF_END

Data arrived...
DF_BEGIN
IQ:0,0,11,62,129
IQ:1,8,11,121,-84
IQ:2,16,11,-105,-114
IQ:3,24,11,-114,111
IQ:4,32,11,113,86
IQ:5,40,11,79,-133
IQ:6,48,11,-135,-81
IQ:7,56,11,-75,138
IQ:8,72,12,73,-90
IQ:9,80,255,-126,-24
IQ:10,88,1,-68,157
IQ:11,96,255,123,51
IQ:12,104,2,-12,-130
IQ:13,112,255,-126,36
IQ:14,120,10,75,127
IQ:15,128,255,112,-106
IQ:16,136,3,-136,-121
IQ:17,144,255,-112,143
IQ:18,152,9,152,105
IQ:19,160,255,104,-164
IQ:20,168,4,-174,-164
IQ:21,176,255,-138,133
IQ:22,184,8,167,18
IQ:23,192,255,26,-171
IQ:24,200,7,-135,11
IQ:25,208,255,12,154
IQ:26,216,6,143,3
IQ:27,224,255,-5,-164
IQ:28,232,5,-161,-17
IQ:29,240,255,-12,143
IQ:30,248,12,113,2
IQ:31,256,255,-54,-120
IQ:32,264,1,-155,53
IQ:33,272,255,57,121
IQ:34,280,2,85,-99
IQ:35,288,255,-114,-69
SW:2
RR:3
SS:3
FR:2426
ME:356
MA:353
KE:358
KA:354
DF_END

Data arrived...
DF_BEGIN
IQ:0,0,11,151,-63
IQ:1,8,11,-85,-152
IQ:2,16,11,-159,86
IQ:3,24,11,98,131
IQ:4,32,11,124,-98
IQ:5,40,11,-129,-108
IQ:6,48,11,-97,138
IQ:7,56,11,145,72
IQ:8,72,12,-22,-77
IQ:9,80,255,-94,144
IQ:10,88,1,127,246
IQ:11,96,255,128,-99
IQ:12,104,2,-328,-19
IQ:13,112,255,-26,277
IQ:14,120,10,202,-131
IQ:15,128,255,-164,-269
IQ:16,136,3,-395,76
IQ:17,144,255,67,306
IQ:18,152,9,229,-187
IQ:19,160,255,-202,-315
IQ:20,168,4,-373,-13
IQ:21,176,255,16,237
IQ:22,184,8,155,-194
IQ:23,192,255,-169,-110
IQ:24,200,7,40,310
IQ:25,208,255,329,21
IQ:26,216,6,74,-190
IQ:27,224,255,-247,-120
IQ:28,232,5,-228,107
IQ:29,240,255,87,163
IQ:30,248,12,43,-60
IQ:31,256,255,-163,15
IQ:32,264,1,-152,254
IQ:33,272,255,157,52
IQ:34,280,2,-201,-260
IQ:35,288,255,-252,137
SW:2
RR:3
SS:3
FR:2402
ME:359
MA:353
KE:358
KA:354
DF_END

Data arrived...
DF_BEGIN
IQ:0,0,11,201,31
IQ:1,8,11,-15,-197
IQ:2,16,11,-205,22
IQ:3,24,11,54,191
IQ:4,32,11,186,-89
IQ:5,40,11,-92,-188
IQ:6,48,11,-169,96
IQ:7,56,11,118,161
IQ:8,72,12,-4,-89
IQ:9,80,255,-140,116
IQ:10,88,1,18,313
IQ:11,96,255,171,-42
IQ:12,104,2,-321,-179
IQ:13,112,255,-137,248
IQ:14,120,10,277,-53
IQ:15,128,255,-53,-345
IQ:16,136,3,-443,-88
IQ:17,144,255,-34,346
IQ:18,152,9,336,-81
IQ:19,160,255,-70,-392
IQ:20,168,4,-356,-161
IQ:21,176,255,-86,215
IQ:22,184,8,240,-125
IQ:23,192,255,-137,-188
IQ:24,200,7,-122,313
IQ:25,208,255,312,154
IQ:26,216,6,141,-213
IQ:27,224,255,-194,-198
IQ:28,232,5,-277,59
IQ:29,240,255,50,204
IQ:30,248,12,61,-58
IQ:31,256,255,-185,-43
IQ:32,264,1,-246,174
IQ:33,272,255,127,92
IQ:34,280,2,-73,-331
IQ:35,288,255,-309,48
SW:2
RR:3
SS:3
FR:2402
ME:359
MA:353
KE:358
KA:354
DF_END

Data arrived...
DF_BEGIN
IQ:0,0,11,144,-59
IQ:1,8,11,-69,-139
IQ:2,16,11,-120,89
IQ:3,24,11,110,107
IQ:4,32,11,116,-118
IQ:5,40,11,-118,-88
IQ:6,48,11,-71,141
IQ:7,56,11,133,61
IQ:8,72,12,-189,-21
IQ:9,80,255,4,170
IQ:10,88,1,166,-59
IQ:11,96,255,-33,-155
IQ:12,104,2,-45,65
IQ:13,112,255,109,79
IQ:14,120,10,109,-55
IQ:15,128,255,-61,-86
IQ:16,136,3,-46,137
IQ:17,144,255,154,49
IQ:18,152,9,50,-190
IQ:19,160,255,-186,-50
IQ:20,168,4,-38,206
IQ:21,176,255,200,42
IQ:22,184,8,-6,-170
IQ:23,192,255,-185,25
IQ:24,200,7,3,169
IQ:25,208,255,162,-6
IQ:26,216,6,-22,-141
IQ:27,224,255,-143,95
IQ:28,232,5,135,225
IQ:29,240,255,213,-112
IQ:30,248,12,-103,-162
IQ:31,256,255,-126,103
IQ:32,264,1,161,58
IQ:33,272,255,87,-140
IQ:34,280,2,-81,19
IQ:35,288,255,14,137
SW:2
RR:3
SS:3
FR:2480
ME:2
MA:353
KE:359
KA:354
DF_END

Data arrived...
DF_BEGIN
IQ:0,0,11,-139,-30
IQ:1,8,11,-19,142
IQ:2,16,11,151,15
IQ:3,24,11,-8,-143
IQ:4,32,11,-152,27
IQ:5,40,11,43,140
IQ:6,48,11,137,-56
IQ:7,56,11,-69,-126
IQ:8,72,12,26,100
IQ:9,80,255,94,-63
IQ:10,88,1,-55,-138
IQ:11,96,255,-105,56
IQ:12,104,2,114,62
IQ:13,112,255,44,-113
IQ:14,120,10,-150,-16
IQ:15,128,255,-3,148
IQ:16,136,3,174,-27
IQ:17,144,255,-46,-176
IQ:18,152,9,-181,46
IQ:19,160,255,38,199
IQ:20,168,4,226,20
IQ:21,176,255,-1,-166
IQ:22,184,8,-142,108
IQ:23,192,255,91,136
IQ:24,200,7,55,-122
IQ:25,208,255,-133,-75
IQ:26,216,6,-95,100
IQ:27,224,255,113,92
IQ:28,232,5,109,-89
IQ:29,240,255,-96,-95
IQ:30,248,12,-58,86
IQ:31,256,255,115,39
IQ:32,264,1,75,-127
IQ:33,272,255,-105,-30
IQ:34,280,2,19,113
IQ:35,288,255,115,-48
SW:2
RR:3
SS:3
FR:2426
ME:359
MA:353
KE:359
KA:354
DF_END

Data arrived...
DF_BEGIN
IQ:0,0,11,-112,188
IQ:1,8,11,193,72
IQ:2,16,11,58,-215
IQ:3,24,11,-216,-40
IQ:4,32,11,-36,228
IQ:5,40,11,223,11
IQ:6,48,11,-18,-217
IQ:7,56,11,-198,47
IQ:8,72,12,111,42
IQ:9,80,255,-64,-204
IQ:10,88,1,-307,-75
IQ:11,96,255,-8,192
IQ:12,104,2,294,-222
IQ:13,112,255,-193,-264
IQ:14,120,10,-113,278
IQ:15,128,255,312,154
IQ:16,136,3,274,-340
IQ:17,144,255,-285,-165
IQ:18,152,9,0,366
IQ:19,160,255,417,115
IQ:20,168,4,301,-273
IQ:21,176,255,-199,-175
IQ:22,184,8,3,295
IQ:23,192,255,250,-24
IQ:24,200,7,-230,-261
IQ:25,208,255,-313,197
IQ:26,216,6,91,223
IQ:27,224,255,278,-127
IQ:28,232,5,62,-310
IQ:29,240,255,-208,-26
IQ:30,248,12,42,104
IQ:31,256,255,118,-166
IQ:32,264,1,-117,-289
IQ:33,272,255,-151,124
IQ:34,280,2,377,55
IQ:35,288,255,97,-304
SW:2
RR:3
SS:3
FR:2402
ME:359
MA:353
KE:359
KA:354
DF_END

Data arrived...
DF_BEGIN
IQ:0,0,11,152,160
IQ:1,8,11,158,-162
IQ:2,16,11,-159,-145
IQ:3,24,11,-109,191
IQ:4,32,11,204,112
IQ:5,40,11,72,-206
IQ:6,48,11,-226,-65
IQ:7,56,11,-41,215
IQ:8,72,12,77,-102
IQ:9,80,255,-212,-26
IQ:10,88,1,-189,262
IQ:11,96,255,201,75
IQ:12,104,2,-125,-377
IQ:13,112,255,-322,77
IQ:14,120,10,229,181
IQ:15,128,255,239,-289
IQ:16,136,3,-226,-407
IQ:17,144,255,-271,209
IQ:18,152,9,337,143
IQ:19,160,255,249,-364
IQ:20,168,4,-171,-380
IQ:21,176,255,-253,137
IQ:22,184,8,271,97
IQ:23,192,255,76,-259
IQ:24,200,7,-295,126
IQ:25,208,255,68,356
IQ:26,216,6,266,-8
IQ:27,224,255,4,-312
IQ:28,232,5,-255,-163
IQ:29,240,255,-104,208
IQ:30,248,12,120,11
IQ:31,256,255,-94,-193
IQ:32,264,1,-316,8
IQ:33,272,255,62,198
IQ:34,280,2,208,-327
IQ:35,288,255,-264,-193
SW:2
RR:3
SS:3
FR:2402
ME:359
MA:353
KE:359
KA:354
DF_END

Data arrived...
DF_BEGIN
IQ:0,0,11,107,138
IQ:1,8,11,118,-120
IQ:2,16,11,-138,-91
IQ:3,24,11,-94,146
IQ:4,32,11,157,78
IQ:5,40,11,69,-153
IQ:6,48,11,-160,-36
IQ:7,56,11,-22,174
IQ:8,72,12,-42,-195
IQ:9,80,255,-160,51
IQ:10,88,1,125,138
IQ:11,96,255,135,-102
IQ:12,104,2,-90,-27
IQ:13,112,255,-63,131
IQ:14,120,10,107,99
IQ:15,128,255,65,-109
IQ:16,136,3,-164,-14
IQ:17,144,255,-8,194
IQ:18,152,9,215,-1
IQ:19,160,255,-24,-218
IQ:20,168,4,-232,33
IQ:21,176,255,22,210
IQ:22,184,8,185,-64
IQ:23,192,255,-53,-193
IQ:24,200,7,-167,42
IQ:25,208,255,58,149
IQ:26,216,6,150,-81
IQ:27,224,255,-123,-132
IQ:28,232,5,-200,177
IQ:29,240,255,176,190
IQ:30,248,12,135,-144
IQ:31,256,255,-135,-98
IQ:32,264,1,-27,179
IQ:33,272,255,160,46
IQ:34,280,2,-16,-92
IQ:35,288,255,-142,42
SW:2
RR:3
SS:3
FR:2480
ME:2
MA:353
KE:359
KA:353
DF_END

Data arrived...
DF_BEGIN
IQ:0,0,11,79,162
IQ:1,8,11,140,-105
IQ:2,16,11,-121,-146
IQ:3,24,11,-135,129
IQ:4,32,11,138,116
IQ:5,40,11,102,-147
IQ:6,48,11,-157,-82
IQ:7,56,11,-63,171
IQ:8,72,12,71,-94
IQ:9,80,255,-141,-21
IQ:10,88,1,-69,170
IQ:11,96,255,137,47
IQ:12,104,2,-28,-147
IQ:13,112,255,-128,53
IQ:14,120,10,113,138
IQ:15,128,255,147,-121
IQ:16,136,3,-149,-165
IQ:17,144,255,-157,153
IQ:18,152,9,186,125
IQ:19,160,255,117,-225
IQ:20,168,4,-195,-206
IQ:21,176,255,-164,142
IQ:22,184,8,221,33
IQ:23,192,255,63,-201
IQ:24,200,7,-139,20
IQ:25,208,255,42,171
IQ:26,216,6,175,0
IQ:27,224,255,8,-192
IQ:28,232,5,-188,-36
IQ:29,240,255,-29,161
IQ:30,248,12,109,-13
IQ:31,256,255,-57,-137
IQ:32,264,1,-172,39
IQ:33,272,255,49,138
IQ:34,280,2,97,-106
IQ:35,288,255,-118,-58
SW:2
RR:3
SS:3
FR:2426
ME:359
MA:353
KE:359
KA:353
DF_END

Data arrived...
DF_BEGIN
IQ:0,0,11,-141,-41
IQ:1,8,11,-24,148
IQ:2,16,11,145,16
IQ:3,24,11,15,-150
IQ:4,32,11,-147,-10
IQ:5,40,11,16,139
IQ:6,48,11,140,-35
IQ:7,56,11,-51,-141
IQ:8,72,12,12,87
IQ:9,80,255,99,-65
IQ:10,88,1,-31,-145
IQ:11,96,255,-103,42
IQ:12,104,2,102,78
IQ:13,112,255,63,-107
IQ:14,120,10,-150,-29
IQ:15,128,255,-18,148
IQ:16,136,3,177,-9
IQ:17,144,255,-1,-174
IQ:18,152,9,-180,20
IQ:19,160,255,36,202
IQ:20,168,4,225,36
IQ:21,176,255,24,-166
IQ:22,184,8,-153,99
IQ:23,192,255,85,151
IQ:24,200,7,74,-97
IQ:25,208,255,-125,-85
IQ:26,216,6,-104,81
IQ:27,224,255,100,114
IQ:28,232,5,127,-75
IQ:29,240,255,-85,-96
IQ:30,248,12,-58,80
IQ:31,256,255,105,39
IQ:32,264,1,78,-127
IQ:33,272,255,-106,-51
IQ:34,280,2,13,117
IQ:35,288,255,126,-37
SW:2
RR:3
SS:3
FR:2426
ME:359
MA:353
KE:359
KA:353
DF_END

Data arrived...
DF_BEGIN
IQ:0,0,11,-48,-177
IQ:1,8,11,-164,58
IQ:2,16,11,73,154
IQ:3,24,11,147,-60
IQ:4,32,11,-88,-156
IQ:5,40,11,-141,111
IQ:6,48,11,122,131
IQ:7,56,11,108,-131
IQ:8,72,12,-101,-22
IQ:9,80,255,83,125
IQ:10,88,1,302,-31
IQ:11,96,255,-68,-166
IQ:12,104,2,-105,312
IQ:13,112,255,250,99
IQ:14,120,10,-72,-238
IQ:15,128,255,-306,102
IQ:16,136,3,-40,398
IQ:17,144,255,290,16
IQ:18,152,9,-164,-263
IQ:19,160,255,-357,142
IQ:20,168,4,-88,370
IQ:21,176,255,226,46
IQ:22,184,8,-156,-172
IQ:23,192,255,-154,133
IQ:24,200,7,3