IQ:14,120,10,26,244
IQ:15,128,255,288,-35
IQ:16,136,3,34,-350
IQ:17,144,255,-309,9
IQ:18,152,9,109,294
IQ:19,160,255,342,-79
IQ:20,168,4,75,-317
IQ:21,176,255,-212,-20
IQ:22,184,8,121,199
IQ:23,192,255,156,-128
IQ:24,200,7,-300,-135
IQ:25,208,255,-175,264
IQ:26,216,6,167,128
IQ:27,224,255,171,-204
IQ:28,232,5,-57,-198
IQ:29,240,255,-127,73
IQ:30,248,12,105,59
IQ:31,256,255,23,-168
IQ:32,264,1,-190,-138
IQ:33,272,255,-35,148
IQ:34,280,2,274,-116
IQ:35,288,255,-72,-259
SW:2
RR:3
SS:3
FR:2402
ME:359
MA:353
KE:359
KA:353
DF_END

Data arrived...
DF_BEGIN
IQ:0,0,11,-11,185
IQ:1,8,11,179,-17
IQ:2,16,11,-35,-202
IQ:3,24,11,-147,52
IQ:4,32,11,68,171
IQ:5,40,11,160,-98
IQ:6,48,11,-118,-130
IQ:7,56,11,-137,116
IQ:8,72,12,141,1
IQ:9,80,255,-117,-128
IQ:10,88,1,-267,148
IQ:11,96,255,124,167
IQ:12,104,2,33,-297
IQ:13,112,255,-257,-50
IQ:14,120,10,89,197
IQ:15,128,255,271,-124
IQ:16,136,3,-71,-382
IQ:17,144,255,-300,53
IQ:18,152,9,148,287
IQ:19,160,255,323,-154
IQ:20,168,4,47,-367
IQ:21,176,255,-263,-8
IQ:22,184,8,163,184
IQ:23,192,255,140,-158
IQ:24,200,7,-313,-78
IQ:25,208,255,-139,321
IQ:26,216,6,188,110
IQ:27,224,255,166,-234
IQ:28,232,5,-101,-251
IQ:29,240,255,-131,96
IQ:30,248,12,114,99
IQ:31,256,255,33,-200
IQ:32,264,1,-246,-148
IQ:33,272,255,-35,183
IQ:34,280,2,271,-154
IQ:35,288,255,-111,-256
SW:2
RR:3
SS:3
FR:2402
ME:359
MA:353
KE:359
KA:353
DF_END

Data arrived...
DF_BEGIN
IQ:0,0,11,-121,136
IQ:1,8,11,143,118
IQ:2,16,11,89,-143
IQ:3,24,11,-171,-76
IQ:4,32,11,-60,163
IQ:5,40,11,179,40
IQ:6,48,11,27,-183
IQ:7,56,11,-179,-11
IQ:8,72,12,217,-68
IQ:9,80,255,-58,-195
IQ:10,88,1,-178,113
IQ:11,96,255,87,164
IQ:12,104,2,41,-103
IQ:13,112,255,-145,-80
IQ:14,120,10,-87,103
IQ:15,128,255,111,45
IQ:16,136,3,-3,-175
IQ:17,144,255,-194,14
IQ:18,152,9,7,207
IQ:19,160,255,215,-23
IQ:20,168,4,-32,-253
IQ:21,176,255,-242,24
IQ:22,184,8,62,194
IQ:23,192,255,204,-56
IQ:24,200,7,-55,-163
IQ:25,208,255,-169,64
IQ:26,216,6,76,159
IQ:27,224,255,135,-135
IQ:28,232,5,-194,-216
IQ:29,240,255,-212,174
IQ:30,248,12,161,141
IQ:31,256,255,106,-173
IQ:32,264,1,-199,-43
IQ:33,272,255,-36,189
IQ:34,280,2,99,-29
IQ:35,288,255,-66,-162
SW:2
RR:3
SS:3
FR:2480
ME:2
MA:353
KE:359
KA:353
DF_END

Data arrived...
DF_BEGIN
IQ:0,0,11,-178,-37
IQ:1,8,11,-23,186
IQ:2,16,11,182,11
IQ:3,24,11,-18,-187
IQ:4,32,11,-181,36
IQ:5,40,11,56,173
IQ:6,48,11,179,-59
IQ:7,56,11,-82,-157
IQ:8,72,12,64,137
IQ:9,80,255,122,-106
IQ:10,88,1,-111,-144
IQ:11,96,255,-120,99
IQ:12,104,2,138,51
IQ:13,112,255,44,-150
IQ:14,120,10,-187,-11
IQ:15,128,255,-9,186
IQ:16,136,3,221,-31
IQ:17,144,255,-45,-217
IQ:18,152,9,-210,63
IQ:19,160,255,67,215
IQ:20,168,4,257,-39
IQ:21,176,255,-33,-203
IQ:22,184,8,-150,126
IQ:23,192,255,125,150
IQ:24,200,7,79,-138
IQ:25,208,255,-165,-101
IQ:26,216,6,-111,135
IQ:27,224,255,144,106
IQ:28,232,5,112,-127
IQ:29,240,255,-126,-85
IQ:30,248,12,-52,138
IQ:31,256,255,162,30
IQ:32,264,1,47,-166
IQ:33,272,255,-151,-28
IQ:34,280,2,55,145
IQ:35,288,255,152,-75
SW:2
RR:3
SS:3
FR:2426
ME:359
MA:353
KE:359
KA:353
DF_END

Data arrived...
DF_BEGIN
IQ:0,0,11,107,-115
IQ:1,8,11,-124,-82
IQ:2,16,11,-74,130
IQ:3,24,11,143,58
IQ:4,32,11,56,-131
IQ:5,40,11,-153,-26
IQ:6,48,11,-26,154
IQ:7,56,11,145,11
IQ:8,72,12,-50,-94
IQ:9,80,255,-6,136
IQ:10,88,1,235,145
IQ:11,96,255,58,-143
IQ:12,104,2,-240,167
IQ:13,112,255,118,217
IQ:14,120,10,85,-207
IQ:15,128,255,-255,-110
IQ:16,136,3,-224,284
IQ:17,144,255,240,171
IQ:18,152,9,85,-272
IQ:19,160,255,-302,-126
IQ:20,168,4,-286,188
IQ:21,176,255,115,187
IQ:22,184,8,44,-207
IQ:23,192,255,-200,2
IQ:24,200,7,158,243
IQ:25,208,255,264,-82
IQ:26,216,6,-33,-181
IQ:27,224,255,-238,33
IQ:28,232,5,-125,210
IQ:29,240,255,141,72
IQ:30,248,12,11,-100
IQ:31,256,255,-106,88
IQ:32,264,1,25,265
IQ:33,272,255,145,-52
IQ:34,280,2,-279,-65
IQ:35,288,255,-97,234
SW:2
RR:3
SS:3
FR:2402
ME:359
MA:353
KE:359
KA:353
DF_END

Data arrived...
DF_BEGIN
IQ:0,0,11,-26,179
IQ:1,8,11,162,4
IQ:2,16,11,-41,-162
IQ:3,24,11,-171,63
IQ:4,32,11,60,168
IQ:5,40,11,161,-79
IQ:6,48,11,-93,-155
IQ:7,56,11,-148,113
IQ:8,72,12,133,-183
IQ:9,80,255,-165,-101
IQ:10,88,1,-48,187
IQ:11,96,255,184,45
IQ:12,104,2,-31,-110
IQ:13,112,255,-151,30
IQ:14,120,10,-2,119
IQ:15,128,255,113,-61
IQ:16,136,3,-123,-145
IQ:17,144,255,-158,112
IQ:18,152,9,136,155
IQ:19,160,255,149,-154
IQ:20,168,4,-181,-179
IQ:21,176,255,-184,166
IQ:22,184,8,167,95
IQ:23,192,255,89,-183
IQ:24,200,7,-145,-81
IQ:25,208,255,-85,155
IQ:26,216,6,160,51
IQ:27,224,255,-9,-204
IQ:28,232,5,-300,-47
IQ:29,240,255,-49,260
IQ:30,248,12,206,0
IQ:31,256,255,-47,-187
IQ:32,264,1,-167,111
IQ:33,272,255,100,160
IQ:34,280,2,55,-103
IQ:35,288,255,-139,-85
SW:2
RR:3
SS:3
FR:2480
ME:2
MA:353
KE:359
KA:353
DF_END

Data arrived...
DF_BEGIN
IQ:0,0,11,50,151
IQ:1,8,11,143,-73
IQ:2,16,11,-87,-145
IQ:3,24,11,-141,91
IQ:4,32,11,114,116
IQ:5,40,11,122,-128
IQ:6,48,11,-124,-113
IQ:7,56,11,-97,141
IQ:8,72,12,69,-106
IQ:9,80,255,-133,-53
IQ:10,88,1,-83,141
IQ:11,96,255,124,48
IQ:12,104,2,-22,-143
IQ:13,112,255,-141,32
IQ:14,120,10,77,158
IQ:15,128,255,148,-83
IQ:16,136,3,-125,-153
IQ:17,144,255,-160,130
IQ:18,152,9,116,143
IQ:19,160,255,151,-161
IQ:20,168,4,-126,-193
IQ:21,176,255,-150,100
IQ:22,184,8,169,73
IQ:23,192,255,78,-158
IQ:24,200,7,-151,0
IQ:25,208,255,0,181
IQ:26,216,6,149,40
IQ:27,224,255,34,-159
IQ:28,232,5,-152,-39
IQ:29,240,255,-18,137
IQ:30,248,12,113,-12
IQ:31,256,255,-56,-140
IQ:32,264,1,-163,21
IQ:33,272,255,39,133
IQ:34,280,2,107,-98
IQ:35,288,255,-113,-101
SW:2
RR:3
SS:3
FR:2426
ME:359
MA:353
KE:359
KA:353
DF_END

Data arrived...
DF_BEGIN
IQ:0,0,11,-59,-157
IQ:1,8,11,-133,78
IQ:2,16,11,99,114
IQ:3,24,11,108,-89
IQ:4,32,11,-112,-113
IQ:5,40,11,-104,120
IQ:6,48,11,146,79
IQ:7,56,11,70,-137
IQ:8,72,12,-90,10
IQ:9,80,255,114,64
IQ:10,88,1,228,-137
IQ:11,96,255,-75,-105
IQ:12,104,2,38,298
IQ:13,112,255,242,17
IQ:14,120,10,-139,-190
IQ:15,128,255,-241,167
IQ:16,136,3,104,359
IQ:17,144,255,285,-110
IQ:18,152,9,-209,-215
IQ:19,160,255,-264,219
IQ:20,168,4,36,337
IQ:21,176,255,228,-18
IQ:22,184,8,-169,-141
IQ:23,192,255,-109,155
IQ:24,200,7,303,-19
IQ:25,208,255,34,-311
IQ:26,216,6,-176,-66
IQ:27,224,255,-111,218
IQ:28,232,5,115,202
IQ:29,240,255,147,-100
IQ:30,248,12,-63,-61
IQ:31,256,255,10,152
IQ:32,264,1,239,118
IQ:33,272,255,18,-149
IQ:34,280,2,-202,205
IQ:35,288,255,165,214
SW:2
RR:3
SS:3
FR:2402
ME:359
MA:353
KE:359
KA:353
DF_END

Data arrived...
DF_BEGIN
IQ:0,0,11,-142,57
IQ:1,8,11,86,133
IQ:2,16,11,109,-97
IQ:3,24,11,-102,-113
IQ:4,32,11,-91,105
IQ:5,40,11,116,90
IQ:6,48,11,72,-139
IQ:7,56,11,-150,-56
IQ:8,72,12,22,85
IQ:9,80,255,42,-136
IQ:10,88,1,-148,-206
IQ:11,96,255,-94,113
IQ:12,104,2,284,-74
IQ:13,112,255,-24,-245
IQ:14,120,10,-170,153
IQ:15,128,255,204,202
IQ:16,136,3,352,-168
IQ:17,144,255,-134,-250
IQ:18,152,9,-179,227
IQ:19,160,255,234,251
IQ:20,168,4,329,-59
IQ:21,176,255,-48,-205
IQ:22,184,8,-123,181
IQ:23,192,255,169,86
IQ:24,200,7,-22,-289
IQ:25,208,255,-301,-4
IQ:26,216,6,-31,194
IQ:27,224,255,221,71
IQ:28,232,5,175,-135
IQ:29,240,255,-117,-131
IQ:30,248,12,-46,62
IQ:31,256,255,117,-52
IQ:32,264,1,79,-252
IQ:33,272,255,-137,-33
IQ:34,280,2,237,181
IQ:35,288,255,201,-171
SW:2
RR:3
SS:3
FR:2402
ME:359
MA:353
KE:359
KA:353
DF_END

Data arrived...
DF_BEGIN
IQ:0,0,11,-177,29
IQ:1,8,11,41,166
IQ:2,16,11,151,-70
IQ:3,24,11,-91,-150
IQ:4,32,11,-126,107
IQ:5,40,11,129,125
IQ:6,48,11,111,-133
IQ:7,56,11,-136,-105
IQ:8,72,12,208,82
IQ:9,80,255,56,-181
IQ:10,88,1,-192,19
IQ:11,96,255,12,190
IQ:12,104,2,92,-58
IQ:13,112,255,-88,-132
IQ:14,120,10,-123,54
IQ:15,128,255,58,126
IQ:16,136,3,124,-129
IQ:17,144,255,-146,-110
IQ:18,152,9,-96,177
IQ:19,160,255,207,84
IQ:20,168,4,109,-225
IQ:21,176,255,-205,-117
IQ:22,184,8,-66,187
IQ:23,192,255,204,45
IQ:24,200,7,39,-164
IQ:25,208,255,-175,-27
IQ:26,216,6,-17,176
IQ:27,224,255,192,-48
IQ:28,232,5,-68,-291
IQ:29,240,255,-263,43
IQ:30,248,12,72,205
IQ:31,256,255,170,-81
IQ:32,264,1,-156,-122
IQ:33,272,255,-140,132
IQ:34,280,2,102,35
IQ:35,288,255,50,-146
SW:2
RR:3
SS:3
FR:2480
ME:2
MA:353
KE:359
KA:353
DF_END

Data arrived...
DF_BEGIN
IQ:0,0,11,150,-72
IQ:1,8,11,-84,-135
IQ:2,16,11,-142,94
IQ:3,24,11,93,129
IQ:4,32,11,107,-112
IQ:5,40,11,-135,-100
IQ:6,48,11,-88,141
IQ:7,56,11,142,71
IQ:8,72,12,-105,-51
IQ:9,80,255,-28,139
IQ:10,88,1,148,64
IQ:11,96,255,43,-124
IQ:12,104,2,-135,38
IQ:13,112,255,51,144
IQ:14,120,10,140,-80
IQ:15,128,255,-106,-130
IQ:16,136,3,-147,147
IQ:17,144,255,143,144
IQ:18,152,9,135,-141
IQ:19,160,255,-151,-145
IQ:20,168,4,-194,133
IQ:21,176,255,98,138
IQ:22,184,8,45,-175
IQ:23,192,255,-180,-49
IQ:24,200,7,10,153
IQ:25,208,255,171,1
IQ:26,216,6,26,-145
IQ:27,224,255,-158,-2
IQ:28,232,5,-24,149
IQ:29,240,255,141,-2
IQ:30,248,12,-29,-117
IQ:31,256,255,-125,61
IQ:32,264,1,49,154
IQ:33,272,255,119,-47
IQ:34,280,2,-111,-89
IQ:35,288,255,-78,138
SW:2
RR:3
SS:3
FR:2426
ME:359
MA:353
KE:359
KA:353
DF_END

Data arrived...
DF_BEGIN
IQ:0,0,11,-29,-155
IQ:1,8,11,-143,54
IQ:2,16,11,63,139
IQ:3,24,11,137,-89
IQ:4,32,11,-92,-129
IQ:5,40,11,-118,98
IQ:6,48,11,110,107
IQ:7,56,11,97,-129
IQ:8,72,12,-77,86
IQ:9,80,255,116,63
IQ:10,88,1,94,-111
IQ:11,96,255,-110,-57
IQ:12,104,2,-10,140
IQ:13,112,255,138,-16
IQ:14,120,10,-51,-147
IQ:15,128,255,-161,66
IQ:16,136,3,87,186
IQ:17,144,255,173,-90
IQ:18,152,9,-116,-160
IQ:19,160,255,-159,127
IQ:20,168,4,100,197
IQ:21,176,255,149,-74
IQ:22,184,8,-166,-76
IQ:23,192,255,-79,167
IQ:24,200,7,142,16
IQ:25,208,255,21,-174
IQ:26,216,6,-141,-53
IQ:27,224,255,-33,149
IQ:28,232,5,140,48
IQ:29,240,255,18,-135
IQ:30,248,12,-112,-3
IQ:31,256,255,34,124
IQ:32,264,1,150,-8
IQ:33,272,255,-16,-118
IQ:34,280,2,-107,92
IQ:35,288,255,103,110
SW:2
RR:3
SS:3
FR:2426
ME:359
MA:353
KE:359
KA:353
DF_END

Data arrived...
DF_BEGIN
IQ:0,0,11,-176,55
IQ:1,8,11,69,183
IQ:2,16,11,173,-90
IQ:3,24,11,-106,-161
IQ:4,32,11,-168,109
IQ:5,40,11,129,134
IQ:6,48,11,124,-142
IQ:7,56,11,-157,-102
IQ:8,72,12,51,113
IQ:9,80,255,99,-150
IQ:10,88,1,-110,-253
IQ:11,96,255,-142,109
IQ:12,104,2,339,32
IQ:13,112,255,27,-278
IQ:14,120,10,-234,142
IQ:15,128,255,142,296
IQ:16,136,3,412,-16
IQ:17,144,255,-43,-313
IQ:18,152,9,-270,209
IQ:19,160,255,198,338
IQ:20,168,4,349,-10
IQ:21,176,255,-27,-233
IQ:22,184,8,-180,174
IQ:23,192,255,182,117
IQ:24,200,7,27,-346
IQ:25,208,255,-333,-102
IQ:26,216,6,-104,194
IQ:27,224,255,260,121
IQ:28,232,5,218,-147
IQ:29,240,255,-122,-150
IQ:30,248,12,-52,104
IQ:31,256,255,179,-10
IQ:32,264,1,130,-254
IQ:33,272,255,-169,-36
IQ:34,280,2,196,275
IQ:35,288,255,258,-138
SW:2
RR:3
SS:3
FR:2402
ME:359
MA:353
KE:359
KA:353
DF_END

Data arrived...
DF_BEGIN
IQ:0,0,11,-59,155
IQ:1,8,11,153,54
IQ:2,16,11,25,-154
IQ:3,24,11,-156,8
IQ:4,32,11,17,166
IQ:5,40,11,153,-32
IQ:6,48,11,-49,-153
IQ:7,56,11,-140,74
IQ:8,72,12,134,-133
IQ:9,80,255,-127,-114
IQ:10,88,1,-65,158
IQ:11,96,255,147,81
IQ:12,104,2,5,-91
IQ:13,112,255,-133,5
IQ:14,120,10,-26,123
IQ:15,128,255,119,-1
IQ:16,136,3,-62,-134
IQ:17,144,255,-151,69
IQ:18,152,9,73,161
IQ:19,160,255,163,-96
IQ:20,168,4,-112,-178
IQ:21,176,255,-166,103
IQ:22,184,8,110,128
IQ:23,192,255,137,-124
IQ:24,200,7,-109,-124
IQ:25,208,255,-107,114
IQ:26,216,6,125,75
IQ:27,224,255,51,-165
IQ:28,232,5,-232,-83
IQ:29,240,255,-67,213
IQ:30,248,12,202,17
IQ:31,256,255,25,-178
IQ:32,264,1,-161,55
IQ:33,272,255,39,155
IQ:34,280,2,66,-47
IQ:35,288,255,-98,-93
SW:2
RR:3
SS:3
FR:2480
ME:2
MA:353
KE:359
KA:353
DF_END

Data arrived...
DF_BEGIN
IQ:0,0,11,-166,-20
IQ:1,8,11,-10,161
IQ:2,16,11,162,-14
IQ:3,24,11,-30,-157
IQ:4,32,11,-158,42
IQ:5,40,11,57,155
IQ:6,48,11,150,-80
IQ:7,56,11,-90,-140
IQ:8,72,12,81,98
IQ:9,80,255,84,-111
IQ:10,88,1,-113,-103
IQ:11,96,255,-83,105
IQ:12,104,2,126,43
IQ:13,112,255,34,-132
IQ:14,120,10,-165,0
IQ:15,128,255,6,161
IQ:16,136,3,179,-33
IQ:17,144,255,-50,-179
IQ:18,152,9,-173,47
IQ:19,160,255,75,173
IQ:20,168,4,200,-57
IQ:21,176,255,-54,-162
IQ:22,184,8,-127,113
IQ:23,192,255,110,117
IQ:24,200,7,58,-134
IQ:25,208,255,-148,-82
IQ:26,216,6,-83,131
IQ:27,224,255,138,77
IQ:28,232,5,85,-132
IQ:29,240,255,-126,-65
IQ:30,248,12,-31,130
IQ:31,256,255,143,13
IQ:32,264,1,25,-150
IQ:33,272,255,-133,-1
IQ:34,280,2,47,128
IQ:35,288,255,131,-73
SW:2
RR:3
SS:3
FR:2426
ME:359
MA:353
KE:359
KA:353
DF_END

Data arrived...
DF_BEGIN
IQ:0,0,11,-79,-129
IQ:1,8,11,-109,110
IQ:2,16,11,100,94
IQ:3,24,11,99,-119
IQ:4,32,11,-138,-79
IQ:5,40,11,-64,135
IQ:6,48,11,142,47
IQ:7,56,11,32,-146
IQ:8,72,12,-105,48
IQ:9,80,255,149,29
IQ:10,88,1,206,-221
IQ:11,96,255,-148,-109
IQ:12,104,2,139,263
IQ:13,112,255,238,-84
IQ:14,120,10,-175,-106
IQ:15,128,255,-148,218
IQ:16,136,3,235,298
IQ:17,144,255,232,-197
IQ:18,152,9,-256,-140
IQ:19,160,255,-180,292
IQ:20,168,4,148,307
IQ:21,176,255,215,-93
IQ:22,184,8,-194,-68
IQ:23,192,255,-35,180
IQ:24,200,7,262,-100
IQ:25,208,255,-31,-298
IQ:26,216,6,-211,-26
IQ:27,224,255,-14,253
IQ:28,232,5,195,157
IQ:29,240,255,115,-157
IQ:30,248,12,-94,-31
IQ:31,256,255,66,147
IQ:32,264,1,294,23
IQ:33,272,255,-1,-162
IQ:34,280,2,-130,274
IQ:35,288,255,217,152
SW:2
RR:3
SS:3
FR:2402
ME:359
MA:353
KE:359
KA:353
DF_END

Data arrived...
DF_BEGIN
IQ:0,0,11,-145,130
IQ:1,8,11,116,129
IQ:2,16,11,89,-152
IQ:3,24,11,-172,-85
IQ:4,32,11,-69,170
IQ:5,40,11,159,67
IQ:6,48,11,23,-191
IQ:7,56,11,-183,-34
IQ:8,72,12,220,-19
IQ:9,80,255,-41,-194
IQ:10,88,1,-174,105
IQ:11,96,255,63,160
IQ:12,104,2,41,-111
IQ:13,112,255,-132,-81
IQ:14,120,10,-90,98
IQ:15,128,255,118,55
IQ:16,136,3,29,-188
IQ:17,144,255,-205,-35
IQ:18,152,9,-6,229
IQ:19,160,255,252,8
IQ:20,168,4,11,-269
IQ:21,176,255,-236,-10
IQ:22,184,8,45,207
IQ:23,192,255,208,-11
IQ:24,200,7,-39,-153
IQ:25,208,255,-172,45
IQ:26,216,6,51,161
IQ:27,224,255,158,-133
IQ:28,232,5,-186,-277
IQ:29,240,255,-251,142
IQ:30,248,12,144,156
IQ:31,256,255,138,-131
IQ:32,264,1,-189,-70
IQ:33,272,255,-79,162
IQ:34,280,2,106,-32
IQ:35,288,255,-41,-159
SW:2
RR:3
SS:3
FR:2480
ME:2
MA:353
KE:359
KA:353
DF_END

Data arrived...
DF_BEGIN
IQ:0,0,11,151,-14
IQ:1,8,11,-32,-147
IQ:2,16,11,-144,41
IQ:3,24,11,71,133
IQ:4,32,11,123,-91
IQ:5,40,11,-93,-123
IQ:6,48,11,-116,106
IQ:7,56,11,119,99
IQ:8,72,12,-156,-67
IQ:9,80,255,-47,138
IQ:10,88,1,149,3
IQ:11,96,255,3,-145
IQ:12,104,2,-93,42
IQ:13,112,255,49,121
IQ:14,120,10,108,-36
IQ:15,128,255,-57,-111
IQ:16,136,3,-108,111
IQ:17,144,255,111,112
IQ:18,152,9,125,-139
IQ:19,160,255,-131,-126
IQ:20,168,4,-115,153
IQ:21,176,255,151,109
IQ:22,184,8,73,-136
IQ:23,192,255,-152,-66
IQ:24,200,7,-45,134
IQ:25,208,255,139,39
IQ:26,216,6,28,-135
IQ:27,224,255,-164,8
IQ:28,232,5,1,224
IQ:29,240,255,194,15
IQ:30,248,12,-49,-153
IQ:31,256,255,-138,52
IQ:32,264,1,102,122
IQ:33,272,255,112,-87
IQ:34,280,2,-93,-38
IQ:35,288,255,-64,115
SW:2
RR:3
SS:3
FR:2480
ME:2
MA:353
KE:0
KA:353
DF_END

Data arrived...
DF_BEGIN
IQ:0,0,11,97,159
IQ:1,8,11,136,-106
IQ:2,16,11,-129,-133
IQ:3,24,11,-109,139
IQ:4,32,11,147,100
IQ:5,40,11,90,-157
IQ:6,48,11,-175,-59
IQ:7,56,11,-61,172
IQ:8,72,12,10,-123
IQ:9,80,255,-156,-18
IQ:10,88,1,-37,133
IQ:11,96,255,124,6
IQ:12,104,2,-38,-136
IQ:13,112,255,-140,59
IQ:14,120,10,102,149
IQ:15,128,255,144,-119
IQ:16,136,3,-134,-143
IQ:17,144,255,-136,149
IQ:18,152,9,150,130
IQ:19,160,255,128,-173
IQ:20,168,4,-156,-152
IQ:21,176,255,-114,124
IQ:22,184,8,186,40
IQ:23,192,255,30,-174
IQ:24,200,7,-147,43
IQ:25,208,255,45,171
IQ:26,216,6,156,-21
IQ:27,224,255,-18,-166
IQ:28,232,5,-165,-11
IQ:29,240,255,15,133
IQ:30,248,12,98,-69
IQ:31,256,255,-95,-123
IQ:32,264,1,-125,51
IQ:33,272,255,80,104
IQ:34,280,2,92,-112
IQ:35,288,255,-131,-66
SW:2
RR:3
SS:3
FR:2426
ME:359
MA:353
KE:0
KA:353
DF_END

Data arrived...
DF_BEGIN
IQ:0,0,11,-107,-112
IQ:1,8,11,-113,116
IQ:2,16,11,117,105
IQ:3,24,11,91,-125
IQ:4,32,11,-142,-81
IQ:5,40,11,-56,146
IQ:6,48,11,149,50
IQ:7,56,11,9,-157
IQ:8,72,12,-21,109
IQ:9,80,255,146,-11
IQ:10,88,1,61,-160
IQ:11,96,255,-128,3
IQ:12,104,2,95,181
IQ:13,112,255,150,-83
IQ:14,120,10,-134,-102
IQ:15,128,255,-132,156
IQ:16,136,3,155,182
IQ:17,144,255,132,-151
IQ:18,152,9,-187,-64
IQ:19,160,255,-107,217
IQ:20,168,4,134,175
IQ:21,176,255,109,-120
IQ:22,184,8,-156,-42
IQ:23,192,255,-12,150
IQ:24,200,7,191,-86
IQ:25,208,255,-60,-207
IQ:26,216,6,-161,23
IQ:27,224,255,25,176
IQ:28,232,5,146,19
IQ:29,240,255,1,-123
IQ:30,248,12,-97,47
IQ:31,256,255,101,111
IQ:32,264,1,166,-40
IQ:33,272,255,-75,-102
IQ:34,280,2,-102,173
IQ:35,288,255,163,87
SW:2
RR:3
SS:3
FR:2402
ME:359
MA:353
KE:359
KA:353
DF_END

Data arrived...
DF_BEGIN
IQ:0,0,11,-176,-21
IQ:1,8,11,-6,190
IQ:2,16,11,176,3
IQ:3,24,11,-20,-170
IQ:4,32,11,-180,50
IQ:5,40,11,69,155
IQ:6,48,11,156,-79
IQ:7,56,11,-88,-145
IQ:8,72,12,186,149
IQ:9,80,255,115,-146
IQ:10,88,1,-195,-33
IQ:11,96,255,-66,180
IQ:12,104,2,91,-9
IQ:13,112,255,-20,-140
IQ:14,120,10,-137,-21
IQ:15,128,255,20,123
IQ:16,136,3,142,-100
IQ:17,144,255,-106,-145
IQ:18,152,9,-159,109
IQ:19,160,255,134,147
IQ:20,168,4,164,-181
IQ:21,176,255,-170,-162
IQ:22,184,8,-97,159
IQ:23,192,255,174,114
IQ:24,200,7,116,-145
IQ:25,208,255,-139,-86
IQ:26,216,6,-66,168
IQ:27,224,255,186,22
IQ:28,232,5,21,-292
IQ:29,240,255,-259,-17
IQ:30,248,12,4,229
IQ:31,256,255,202,-22
IQ:32,264,1,-93,-181
IQ:33,272,255,-174,65
IQ:34,280,2,77,54
IQ:35,288,255,90,-130
SW:2
RR:3
SS:3
FR:2480
ME:2
MA:353
KE:0
KA:353
DF_END

Data arrived...
DF_BEGIN
IQ:0,0,11,-137,122
IQ:1,8,11,121,127
IQ:2,16,11,113,-140
IQ:3,24,11,-157,-105
IQ:4,32,11,-89,155
IQ:5,40,11,170,52
IQ:6,48,11,43,-168
IQ:7,56,11,-179,-38
IQ:8,72,12,145,25
IQ:9,80,255,-9,-165
IQ:10,88,1,-162,-6
IQ:11,96,255,23,153
IQ:12,104,2,110,-56
IQ:13,112,255,-77,-111
IQ:14,120,10,-106,120
IQ:15,128,255,131,106
IQ:16,136,3,60,-182
IQ:17,144,25