IQ:2,16,11,-89,145
IQ:3,24,11,152,73
IQ:4,32,11,59,-164
IQ:5,40,11,-167,-36
IQ:6,48,11,-25,162
IQ:7,56,11,172,13
IQ:8,72,12,-132,-25
IQ:9,80,255,-30,135
IQ:10,88,1,118,2
IQ:11,96,255,8,-124
IQ:12,104,2,-97,-9
IQ:13,112,255,34,104
IQ:14,120,10,176,-75
IQ:15,128,255,-37,-170
IQ:16,136,3,-87,62
IQ:17,144,255,122,124
IQ:18,152,9,249,-85
IQ:19,160,255,-57,-176
IQ:20,168,4,-95,133
IQ:21,176,255,133,126
IQ:22,184,8,123,-39
IQ:23,192,255,-70,-75
IQ:24,200,7,-104,148
IQ:25,208,255,126,85
IQ:26,216,6,34,-116
IQ:27,224,255,-144,-14
IQ:28,232,5,-22,176
IQ:29,240,255,152,20
IQ:30,248,12,-45,-125
IQ:31,256,255,-130,31
IQ:32,264,1,66,100
IQ:33,272,255,105,-68
IQ:34,280,2,-54,-83
IQ:35,288,255,-56,79
SW:2
RR:3
SS:3
FR:2480
ME:5
MA:5
KE:13
KA:341
DF_END

Data arrived...
DF_BEGIN
IQ:0,0,11,-5,-137
IQ:1,8,11,-152,39
IQ:2,16,11,55,150
IQ:3,24,11,132,-55
IQ:4,32,11,-81,-139
IQ:5,40,11,-142,84
IQ:6,48,11,98,114
IQ:7,56,11,109,-124
IQ:8,72,12,-133,54
IQ:9,80,255,-7,68
IQ:10,88,1,22,-130
IQ:11,96,255,-80,-14
IQ:12,104,2,10,189
IQ:13,112,255,134,78
IQ:14,120,10,216,93
IQ:15,128,255,151,-88
IQ:16,136,3,72,158
IQ:17,144,255,95,102
IQ:18,152,9,156,182
IQ:19,160,255,125,-56
IQ:20,168,4,-166,135
IQ:21,176,255,-11,221
IQ:22,184,8,25,167
IQ:23,192,255,79,-32
IQ:24,200,7,-207,-57
IQ:25,208,255,-127,175
IQ:26,216,6,68,63
IQ:27,224,255,-12,-129
IQ:28,232,5,-271,-54
IQ:29,240,255,-132,152
IQ:30,248,12,-131,-107
IQ:31,256,255,-69,21
IQ:32,264,1,132,-55
IQ:33,272,255,-33,-71
IQ:34,280,2,-146,119
IQ:35,288,255,75,134
SW:2
RR:3
SS:3
FR:2426
ME:27
MA:341
KE:14
KA:341
DF_END

Data arrived...
DF_BEGIN
IQ:0,0,11,-169,88
IQ:1,8,11,106,147
IQ:2,16,11,136,-138
IQ:3,24,11,-146,-112
IQ:4,32,11,-111,153
IQ:5,40,11,171,91
IQ:6,48,11,87,-165
IQ:7,56,11,-177,-77
IQ:8,72,12,122,132
IQ:9,80,255,71,-17
IQ:10,88,1,-153,43
IQ:11,96,255,27,79
IQ:12,104,2,198,-104
IQ:13,112,255,28,-197
IQ:14,120,10,0,-291
IQ:15,128,255,-142,-139
IQ:16,136,3,135,-161
IQ:17,144,255,70,-166
IQ:18,152,9,121,-272
IQ:19,160,255,-126,-122
IQ:20,168,4,222,147
IQ:21,176,255,262,-66
IQ:22,184,8,199,-104
IQ:23,192,255,-75,-101
IQ:24,200,7,4,284
IQ:25,208,255,265,54
IQ:26,216,6,53,-103
IQ:27,224,255,-129,62
IQ:28,232,5,48,364
IQ:29,240,255,234,113
IQ:30,248,12,-72,170
IQ:31,256,255,47,84
IQ:32,264,1,-123,-113
IQ:33,272,255,-76,66
IQ:34,280,2,191,139
IQ:35,288,255,111,-149
SW:2
RR:3
SS:3
FR:2426
ME:27
MA:341
KE:15
KA:341
DF_END

Data arrived...
DF_BEGIN
IQ:0,0,11,-160,122
IQ:1,8,11,131,156
IQ:2,16,11,146,-144
IQ:3,24,11,-166,-119
IQ:4,32,11,-107,167
IQ:5,40,11,186,88
IQ:6,48,11,90,-176
IQ:7,56,11,-191,-81
IQ:8,72,12,282,25
IQ:9,80,255,41,-221
IQ:10,88,1,-174,94
IQ:11,96,255,49,157
IQ:12,104,2,117,-176
IQ:13,112,255,-147,-193
IQ:14,120,10,-179,-12
IQ:15,128,255,14,127
IQ:16,136,3,148,-179
IQ:17,144,255,-109,-265
IQ:18,152,9,-216,-99
IQ:19,160,255,-30,121
IQ:20,168,4,208,-167
IQ:21,176,255,-90,-212
IQ:22,184,8,-52,16
IQ:23,192,255,44,73
IQ:24,200,7,41,23
IQ:25,208,255,-45,-15
IQ:26,216,6,-68,122
IQ:27,224,255,134,69
IQ:28,232,5,100,-135
IQ:29,240,255,-100,-10
IQ:30,248,12,146,263
IQ:31,256,255,214,-72
IQ:32,264,1,-166,-107
IQ:33,272,255,-119,129
IQ:34,280,2,213,4
IQ:35,288,255,66,-244
SW:2
RR:3
SS:3
FR:2402
ME:13
MA:327
KE:15
KA:339
DF_END

Data arrived...
DF_BEGIN
IQ:0,0,11,96,130
IQ:1,8,11,124,-109
IQ:2,16,11,-123,-116
IQ:3,24,11,-107,127
IQ:4,32,11,144,79
IQ:5,40,11,78,-145
IQ:6,48,11,-151,-60
IQ:7,56,11,-32,164
IQ:8,72,12,53,-128
IQ:9,80,255,-120,-64
IQ:10,88,1,-35,117
IQ:11,96,255,125,40
IQ:12,104,2,25,-94
IQ:13,112,255,-106,15
IQ:14,120,10,19,193
IQ:15,128,255,170,6
IQ:16,136,3,-37,-97
IQ:17,144,255,-152,82
IQ:18,152,9,14,269
IQ:19,160,255,195,-4
IQ:20,168,4,-114,-131
IQ:21,176,255,-152,105
IQ:22,184,8,19,132
IQ:23,192,255,89,-55
IQ:24,200,7,-129,-140
IQ:25,208,255,-130,98
IQ:26,216,6,110,64
IQ:27,224,255,39,-140
IQ:28,232,5,-178,-71
IQ:29,240,255,-57,139
IQ:30,248,12,137,-16
IQ:31,256,255,-3,-135
IQ:32,264,1,-117,33
IQ:33,272,255,33,134
IQ:34,280,2,90,-27
IQ:35,288,255,-65,-58
SW:2
RR:3
SS:3
FR:2480
ME:5
MA:5
KE:14
KA:342
DF_END

Data arrived...
DF_BEGIN
IQ:0,0,11,61,154
IQ:1,8,11,155,-66
IQ:2,16,11,-75,-153
IQ:3,24,11,-133,92
IQ:4,32,11,119,117
IQ:5,40,11,107,-123
IQ:6,48,11,-142,-89
IQ:7,56,11,-99,140
IQ:8,72,12,92,-92
IQ:9,80,255,-103,-82
IQ:10,88,1,-52,112
IQ:11,96,255,107,67
IQ:12,104,2,43,-88
IQ:13,112,255,-110,-7
IQ:14,120,10,-17,194
IQ:15,128,255,174,48
IQ:16,136,3,-4,-104
IQ:17,144,255,-169,38
IQ:18,152,9,-52,259
IQ:19,160,255,195,45
IQ:20,168,4,-55,-151
IQ:21,176,255,-174,52
IQ:22,184,8,-21,133
IQ:23,192,255,103,-16
IQ:24,200,7,-89,-169
IQ:25,208,255,-150,65
IQ:26,216,6,86,86
IQ:27,224,255,73,-119
IQ:28,232,5,-156,-109
IQ:29,240,255,-103,129
IQ:30,248,12,131,30
IQ:31,256,255,27,-135
IQ:32,264,1,-118,6
IQ:33,272,255,15,126
IQ:34,280,2,97,-4
IQ:35,288,255,-44,-79
SW:2
RR:3
SS:3
FR:2480
ME:5
MA:5
KE:13
KA:344
DF_END

Data arrived...
DF_BEGIN
IQ:0,0,11,82,182
IQ:1,8,11,176,-83
IQ:2,16,11,-112,-158
IQ:3,24,11,-144,123
IQ:4,32,11,155,118
IQ:5,40,11,111,-157
IQ:6,48,11,-169,-95
IQ:7,56,11,-86,163
IQ:8,72,12,115,-116
IQ:9,80,255,-45,-51
IQ:10,88,1,43,149
IQ:11,96,255,98,-23
IQ:12,104,2,-89,-196
IQ:13,112,255,-163,-29
IQ:14,120,10,-210,-13
IQ:15,128,255,-107,88
IQ:16,136,3,-134,-124
IQ:17,144,255,-134,-52
IQ:18,152,9,-184,-127
IQ:19,160,255,-109,52
IQ:20,168,4,128,-151
IQ:21,176,255,-18,-195
IQ:22,184,8,-31,-167
IQ:23,192,255,-91,21
IQ:24,200,7,188,45
IQ:25,208,255,81,-154
IQ:26,216,6,-54,-62
IQ:27,224,255,14,91
IQ:28,232,5,275,21
IQ:29,240,255,134,-179
IQ:30,248,12,176,40
IQ:31,256,255,30,-52
IQ:32,264,1,-113,92
IQ:33,272,255,73,80
IQ:34,280,2,132,-163
IQ:35,288,255,-134,-131
SW:2
RR:3
SS:3
FR:2426
ME:30
MA:346
KE:14
KA:345
DF_END

Data arrived...
DF_BEGIN
IQ:0,0,11,172,10
IQ:1,8,11,-14,-178
IQ:2,16,11,-175,30
IQ:3,24,11,48,169
IQ:4,32,11,163,-68
IQ:5,40,11,-80,-151
IQ:6,48,11,-157,82
IQ:7,56,11,100,148
IQ:8,72,12,-196,-154
IQ:9,80,255,-126,150
IQ:10,88,1,164,22
IQ:11,96,255,31,-145
IQ:12,104,2,-167,74
IQ:13,112,255,22,209
IQ:14,120,10,146,78
IQ:15,128,255,43,-97
IQ:16,136,3,-192,60
IQ:17,144,255,-41,240
IQ:18,152,9,107,161
IQ:19,160,255,65,-79
IQ:20,168,4,-216,33
IQ:21,176,255,-40,195
IQ:22,184,8,62,14
IQ:23,192,255,-6,-72
IQ:24,200,7,-31,-18
IQ:25,208,255,32,22
IQ:26,216,6,104,-61
IQ:27,224,255,-65,-109
IQ:28,232,5,-132,48
IQ:29,240,255,68,50
IQ:30,248,12,15,-244
IQ:31,256,255,-189,-60
IQ:32,264,1,56,147
IQ:33,272,255,139,-48
IQ:34,280,2,-152,-107
IQ:35,288,255,-159,141
SW:2
RR:3
SS:3
FR:2402
ME:10
MA:329
KE:14
KA:343
DF_END

Data arrived...
DF_BEGIN
IQ:0,0,11,-158,-54
IQ:1,8,11,-37,164
IQ:2,16,11,162,31
IQ:3,24,11,10,-168
IQ:4,32,11,-177,5
IQ:5,40,11,11,167
IQ:6,48,11,162,-44
IQ:7,56,11,-54,-155
IQ:8,72,12,26,130
IQ:9,80,255,130,-28
IQ:10,88,1,-54,-117
IQ:11,96,255,-120,44
IQ:12,104,2,45,91
IQ:13,112,255,83,-77
IQ:14,120,10,-141,-138
IQ:15,128,255,-134,100
IQ:16,136,3,94,46
IQ:17,144,255,72,-167
IQ:18,152,9,-164,-204
IQ:19,160,255,-142,132
IQ:20,168,4,158,35
IQ:21,176,255,68,-168
IQ:22,184,8,-84,-111
IQ:23,192,255,-41,94
IQ:24,200,7,189,41
IQ:25,208,255,39,-156
IQ:26,216,6,-128,23
IQ:27,224,255,42,136
IQ:28,232,5,174,-65
IQ:29,240,255,-49,-156
IQ:30,248,12,-91,89
IQ:31,256,255,89,97
IQ:32,264,1,70,-99
IQ:33,272,255,-112,-75
IQ:34,280,2,-49,86
IQ:35,288,255,93,10
SW:2
RR:3
SS:3
FR:2480
ME:2
MA:353
KE:13
KA:345
DF_END

Data arrived...
DF_BEGIN
IQ:0,0,11,-137,-109
IQ:1,8,11,-89,140
IQ:2,16,11,156,59
IQ:3,24,11,45,-163
IQ:4,32,11,-167,-42
IQ:5,40,11,-35,161
IQ:6,48,11,170,6
IQ:7,56,11,-1,-175
IQ:8,72,12,-4,129
IQ:9,80,255,131,5
IQ:10,88,1,-10,-124
IQ:11,96,255,-132,9
IQ:12,104,2,14,94
IQ:13,112,255,99,-53
IQ:14,120,10,-86,-183
IQ:15,128,255,-163,45
IQ:16,136,3,71,78
IQ:17,144,255,116,-132
IQ:18,152,9,-109,-248
IQ:19,160,255,-180,64
IQ:20,168,4,144,82
IQ:21,176,255,107,-146
IQ:22,184,8,-54,-116
IQ:23,192,255,-69,81
IQ:24,200,7,162,101
IQ:25,208,255,89,-134
IQ:26,216,6,-127,-27
IQ:27,224,255,-1,142
IQ:28,232,5,186,6
IQ:29,240,255,7,-158
IQ:30,248,12,-117,59
IQ:31,256,255,62,121
IQ:32,264,1,89,-82
IQ:33,272,255,-93,-105
IQ:34,280,2,-76,54
IQ:35,288,255,84,50
SW:2
RR:3
SS:3
FR:2480
ME:2
MA:353
KE:12
KA:346
DF_END

Data arrived...
DF_BEGIN
IQ:0,0,11,192,-14
IQ:1,8,11,-48,-179
IQ:2,16,11,-188,49
IQ:3,24,11,70,176
IQ:4,32,11,168,-98
IQ:5,40,11,-112,-151
IQ:6,48,11,-140,106
IQ:7,56,11,124,117
IQ:8,72,12,-85,-154
IQ:9,80,255,-78,11
IQ:10,88,1,157,26
IQ:11,96,255,10,-105
IQ:12,104,2,-200,18
IQ:13,112,255,-82,166
IQ:14,120,10,-58,236
IQ:15,128,255,84,134
IQ:16,136,3,-176,74
IQ:17,144,255,-99,127
IQ:18,152,9,-169,151
IQ:19,160,255,35,117
IQ:20,168,4,-109,-162
IQ:21,176,255,-206,-22
IQ:22,184,8,-146,18
IQ:23,192,255,14,81
IQ:24,200,7,45,-190
IQ:25,208,255,-133,-109
IQ:26,216,6,-63,38
IQ:27,224,255,110,-3
IQ:28,232,5,54,-271
IQ:29,240,255,-130,-150
IQ:30,248,12,111,-154
IQ:31,256,255,-42,-63
IQ:32,264,1,69,137
IQ:33,272,255,92,-53
IQ:34,280,2,-110,-184
IQ:35,288,255,-165,88
SW:2
RR:3
SS:3
FR:2426
ME:27
MA:346
KE:13
KA:346
DF_END

Data arrived...
DF_BEGIN
IQ:0,0,11,7,147
IQ:1,8,11,152,-15
IQ:2,16,11,-12,-141
IQ:3,24,11,-140,53
IQ:4,32,11,57,137
IQ:5,40,11,136,-72
IQ:6,48,11,-74,-138
IQ:7,56,11,-134,71
IQ:8,72,12,94,-181
IQ:9,80,255,-128,-100
IQ:10,88,1,-16,139
IQ:11,96,255,119,26
IQ:12,104,2,-51,-143
IQ:13,112,255,-169,6
IQ:14,120,10,-70,112
IQ:15,128,255,87,35
IQ:16,136,3,-39,-158
IQ:17,144,255,-195,-19
IQ:18,152,9,-127,103
IQ:19,160,255,66,50
IQ:20,168,4,-33,-180
IQ:21,176,255,-159,-15
IQ:22,184,8,-6,54
IQ:23,192,255,66,-18
IQ:24,200,7,7,-21
IQ:25,208,255,-33,33
IQ:26,216,6,44,84
IQ:27,224,255,87,-69
IQ:28,232,5,-58,-100
IQ:29,240,255,-40,61
IQ:30,248,12,208,10
IQ:31,256,255,50,-156
IQ:32,264,1,-125,46
IQ:33,272,255,45,117
IQ:34,280,2,100,-122
IQ:35,288,255,-111,-134
SW:2
RR:3
SS:3
FR:2402
ME:10
MA:321
KE:13
KA:344
DF_END

Data arrived...
DF_BEGIN
IQ:0,0,11,-156,-25
IQ:1,8,11,0,153
IQ:2,16,11,159,-1
IQ:3,24,11,-16,-151
IQ:4,32,11,-156,33
IQ:5,40,11,40,147
IQ:6,48,11,140,-58
IQ:7,56,11,-55,-139
IQ:8,72,12,156,136
IQ:9,80,255,115,-117
IQ:10,88,1,-134,-43
IQ:11,96,255,-40,121
IQ:12,104,2,152,-46
IQ:13,112,255,3,-182
IQ:14,120,10,-107,-91
IQ:15,128,255,-48,87
IQ:16,136,3,181,-21
IQ:17,144,255,60,-192
IQ:18,152,9,-69,-140
IQ:19,160,255,-57,61
IQ:20,168,4,178,-17
IQ:21,176,255,29,-167
IQ:22,184,8,-55,-5
IQ:23,192,255,-10,67
IQ:24,200,7,31,12
IQ:25,208,255,-37,-38
IQ:26,216,6,-92,42
IQ:27,224,255,51,99
IQ:28,232,5,105,-47
IQ:29,240,255,-61,-47
IQ:30,248,12,-32,208
IQ:31,256,255,156,61
IQ:32,264,1,-23,-143
IQ:33,272,255,-126,8
IQ:34,280,2,94,116
IQ:35,288,255,151,-93
SW:2
RR:3
SS:3
FR:2402
ME:10
MA:321
KE:12
KA:341
DF_END

Data arrived...
DF_BEGIN
IQ:0,0,11,86,145
IQ:1,8,11,138,-93
IQ:2,16,11,-118,-113
IQ:3,24,11,-118,127
IQ:4,32,11,128,97
IQ:5,40,11,80,-146
IQ:6,48,11,-150,-70
IQ:7,56,11,-47,159
IQ:8,72,12,59,-110
IQ:9,80,255,-119,-60
IQ:10,88,1,-31,118
IQ:11,96,255,119,45
IQ:12,104,2,27,-89
IQ:13,112,255,-112,5
IQ:14,120,10,4,189
IQ:15,128,255,168,9
IQ:16,136,3,-26,-102
IQ:17,144,255,-153,83
IQ:18,152,9,0,265
IQ:19,160,255,193,0
IQ:20,168,4,-108,-122
IQ:21,176,255,-158,86
IQ:22,184,8,-10,128
IQ:23,192,255,90,-43
IQ:24,200,7,-110,-155
IQ:25,208,255,-131,93
IQ:26,216,6,95,72
IQ:27,224,255,55,-135
IQ:28,232,5,-168,-82
IQ:29,240,255,-73,139
IQ:30,248,12,129,-6
IQ:31,256,255,-3,-139
IQ:32,264,1,-118,37
IQ:33,272,255,26,119
IQ:34,280,2,94,-19
IQ:35,288,255,-56,-70
SW:2
RR:3
SS:3
FR:2480
ME:5
MA:356
KE:11
KA:343
DF_END

Data arrived...
DF_BEGIN
IQ:0,0,11,11,169
IQ:1,8,11,168,-30
IQ:2,16,11,-46,-159
IQ:3,24,11,-152,78
IQ:4,32,11,88,153
IQ:5,40,11,138,-83
IQ:6,48,11,-113,-120
IQ:7,56,11,-107,133
IQ:8,72,12,107,-76
IQ:9,80,255,-87,-102
IQ:10,88,1,-81,89
IQ:11,96,255,94,94
IQ:12,104,2,65,-65
IQ:13,112,255,-105,-40
IQ:14,120,10,-74,189
IQ:15,128,255,141,91
IQ:16,136,3,6,-100
IQ:17,144,255,-175,27
IQ:18,152,9,-101,251
IQ:19,160,255,180,76
IQ:20,168,4,-40,-154
IQ:21,176,255,-184,11
IQ:22,184,8,-55,115
IQ:23,192,255,105,-7
IQ:24,200,7,-46,-183
IQ:25,208,255,-165,33
IQ:26,216,6,58,115
IQ:27,224,255,106,-98
IQ:28,232,5,-110,-152
IQ:29,240,255,-130,92
IQ:30,248,12,120,51
IQ:31,256,255,59,-125
IQ:32,264,1,-118,-14
IQ:33,272,255,-30,126
IQ:34,280,2,91,21
IQ:35,288,255,-23,-84
SW:2
RR:3
SS:3
FR:2480
ME:5
MA:5
KE:11
KA:345
DF_END

Data arrived...
DF_BEGIN
IQ:0,0,11,-37,-195
IQ:1,8,11,-178,39
IQ:2,16,11,50,177
IQ:3,24,11,187,-70
IQ:4,32,11,-101,-162
IQ:5,40,11,-158,105
IQ:6,48,11,116,161
IQ:7,56,11,138,-137
IQ:8,72,12,-154,90
IQ:9,80,255,21,82
IQ:10,88,1,10,-151
IQ:11,96,255,-96,-9
IQ:12,104,2,10,214
IQ:13,112,255,176,94
IQ:14,120,10,233,44
IQ:15,128,255,129,-86
IQ:16,136,3,70,175
IQ:17,144,255,137,102
IQ:18,152,9,156,157
IQ:19,160,255,87,-54
IQ:20,168,4,-161,139
IQ:21,176,255,8,211
IQ:22,184,8,25,150
IQ:23,192,255,84,-42
IQ:24,200,7,-179,-62
IQ:25,208,255,-89,135
IQ:26,216,6,52,36
IQ:27,224,255,-20,-115
IQ:28,232,5,-262,-66
IQ:29,240,255,-134,136
IQ:30,248,12,-167,-102
IQ:31,256,255,-72,42
IQ:32,264,1,156,-58
IQ:33,272,255,-34,-89
IQ:34,280,2,-179,121
IQ:35,288,255,87,163
SW:2
RR:3
SS:3
FR:2426
ME:27
MA:343
KE:12
KA:344
DF_END

Data arrived...
DF_BEGIN
IQ:0,0,11,-168,12
IQ:1,8,11,18,169
IQ:2,16,11,160,-41
IQ:3,24,11,-58,-159
IQ:4,32,11,-154,72
IQ:5,40,11,80,140
IQ:6,48,11,127,-107
IQ:7,56,11,-112,-135
IQ:8,72,12,69,115
IQ:9,80,255,106,-77
IQ:10,88,1,-92,-85
IQ:11,96,255,-104,83
IQ:12,104,2,64,64
IQ:13,112,255,47,-103
IQ:14,120,10,-179,-96
IQ:15,128,255,-106,132
IQ:16,136,3,97,20
IQ:17,144,255,13,-172
IQ:18,152,9,-228,-132
IQ:19,160,255,-102,162
IQ:20,168,4,158,-26
IQ:21,176,255,-8,-185
IQ:22,184,8,-115,-72
IQ:23,192,255,-9,99
IQ:24,200,7,182,-31
IQ:25,208,255,-25,-162
IQ:26,216,6,-114,59
IQ:27,224,255,85,115
IQ:28,232,5,148,-109
IQ:29,240,255,-95,-126
IQ:30,248,12,-53,118
IQ:31,256,255,118,54
IQ:32,264,1,26,-115
IQ:33,272,255,-130,-29
IQ:34,280,2,-33,92
IQ:35,288,255,81,-18
SW:2
RR:3
SS:3
FR:2480
ME:2
MA:353
KE:11
KA:345
DF_END

Data arrived...
DF_BEGIN
IQ:0,0,11,158,-34
IQ:1,8,11,-50,-166
IQ:2,16,11,-155,66
IQ:3,24,11,86,142
IQ:4,32,11,129,-107
IQ:5,40,11,-121,-122
IQ:6,48,11,-114,120
IQ:7,56,11,129,89
IQ:8,72,12,-96,-100
IQ:9,80,255,-97,88
IQ:10,88,1,97,65
IQ:11,96,255,72,-105
IQ:12,104,2,-79,-61
IQ:13,112,255,-30,105
IQ:14,120,10,184,49
IQ:15,128,255,59,-159
IQ:16,136,3,-106,2
IQ:17,144,255,20,167
IQ:18,152,9,252,77
IQ:19,160,255,56,-185
IQ:20,168,4,-154,56
IQ:21,176,255,36,174
IQ:22,184,8,115,33
IQ:23,192,255,-24,-106
IQ:24,200,7,-174,70
IQ:25,208,255,50,150
IQ:26,216,6,98,-77
IQ:27,224,255,-120,-88
IQ:28,232,5,-128,129
IQ:29,240,255,110,95
IQ:30,248,12,21,-133
IQ:31,256,255,-128,-38
IQ:32,264,1,-9,115
IQ:33,272,255,125,13
IQ:34,280,2,4,-96
IQ:35,288,255,-90,29
SW:2
RR:3
SS:3
FR:2480
ME:5
MA:5
KE:10
KA:347
DF_END

Data arrived...
DF_BEGIN
IQ:0,0,11,159,-116
IQ:1,8,11,-109,-162
IQ:2,16,11,-115,128
IQ:3,24,11,155,127
IQ:4,32,11,108,-149
IQ:5,40,11,-145,-73
IQ:6,48,11,-76,175
IQ:7,56,11,179,70
IQ:8,72,12,-127,-118
IQ:9,80,255,-65,51
IQ:10,88,1,150,-50
IQ:11,96,255,-13,-74
IQ:12,104,2,-171,118
IQ:13,112,255,-23,185
IQ:14,120,10,59,228
IQ:15,128,255,126,68
IQ:16,136,3,-124,129
IQ:17,144,255,-23,148
IQ:18,152,9,-58,221
IQ:19,160,255,93,74
IQ:20,168,4,-214,-72
IQ:21,176,255,-189,110
IQ:22,184,8,-99,104
IQ:23,192,255,51,50
IQ:24,200,7,-59,-178
IQ:25,208,255,-178,-7
IQ:26,216,6,1,80
IQ:27,224,255,73,-62
IQ:28,232,5,-105,-233
IQ:29,240,255,-199,-16
IQ:30,248,12,20,-200
IQ:31,256,255,-78,-53
IQ:32,264,1,103,100
IQ:33,272,255,55,-64
IQ:34,280,2,-170,-94
IQ:35,288,255,-84,151
SW:2
RR:3
SS:3
FR:2426
ME:24
MA:341
KE:11
KA:347
DF_END

Data arrived...
DF_BEGIN
IQ:0,0,11,-47,138
IQ:1,8,11,137,44
IQ:2,16,11,17,-148
IQ:3,24,11,-148,-12
IQ:4,32,11,-6,148
IQ:5,40,11,147,-22
IQ:6,48,11,-29,-150
IQ:7,56,11,-139,46
IQ:8,72,12,164,-138
IQ:9,80,255,-76,-149
IQ:10,88,1,-70,129
IQ:11,96,255,107,70
IQ:12,104,2,0,-156
IQ:13,112,255,-167,-62
IQ:14,120,10,-108,79
IQ:15,128,255,68,62
IQ:16,136,3,11,-165
IQ:17,144,255,-180,-82
IQ:18,152,9,-151,55
IQ:19,160,255,56,81
IQ:20,168,4,34,-178
IQ:21,176,255,-149,-68
IQ:22,184,8,-18,51
IQ:23,192,255,62,11
IQ:24,200,7,17,-16
IQ:25,208,255,-34,15
IQ:26,216,6,17,105
IQ:27,224,255,107,-21
IQ:28,232,5,-16,-114
IQ:29,240,255,-61,45
IQ:30,248,12,194,88
IQ:31,256,255,96,-131
IQ:32,264,1,-146,-11
IQ:33,272,255,-13,127
IQ:34,280,2,126,-69
IQ:35,288,255,-65,-160
SW:2
RR:3
SS:3
FR:2402
ME:10
MA:329
KE:11
KA:345
DF_END

Data arrived...
DF_BEGIN
IQ:0,0,11,-12,-172
IQ:1,8,11,-161,21
IQ:2,16,11,45,159
IQ:3,24,11,151,-68
IQ:4,32,11,-72,-156
IQ:5,40,11,-148,79
IQ:6,48,11,104,123
IQ:7,56,11,125,-111
IQ:8,72,12,-104,77
IQ:9,80,255,73,106
IQ:10,88,1,86,-91
IQ:11,96,255,-90,-94
IQ:12,104,2,-59,71
IQ:13,112,255,101,39
IQ:14,120,10,81,-183
IQ:15,128,255,-137,-95
IQ:16,136,3,-17,97
IQ:17,144,255,170,1
IQ:18,152,9,109,-237
IQ:19,160,255,-165,-91
IQ:20,168,4,25,153
IQ:21,176,255,183,-2
IQ:22,184,8,60,-112
IQ:23,192,255,-99,1
IQ:24,200,7,36,180
IQ:25,208,255,155,-26
IQ:26,216,6,-61,-107
IQ:27,224,255,-102,100
IQ:28,232,5,115,148
IQ:29,240,255,116,-96
IQ:30,248,12,-128,-53
IQ:31,256,255,-59,113
IQ:32,264,1,117,15
IQ:33,272,255,23,-126
IQ:34,280,2,-100,-27
IQ:35,288,255,30,81
SW:2
RR:3
SS:3
FR:2480
ME:2
MA:353
KE:10
KA:346
DF_END

Data arrived...
DF_BEGIN
IQ:0,0,11,-88,-35
IQ:1,8,11,-32,41
IQ:2,16,11,200,-71
IQ:3,24,11,18,-53
IQ:4,32,11,-174,59
I