KE:14
KA:341
DF_END

Data arrived...
DF_BEGIN
IQ:0,0,11,165,32
IQ:1,8,11,21,-171
IQ:2,16,11,-169,4
IQ:3,24,11,19,174
IQ:4,32,11,159,-27
IQ:5,40,11,-47,-165
IQ:6,48,11,-161,46
IQ:7,56,11,60,152
IQ:8,72,12,-22,-106
IQ:9,80,255,-31,8
IQ:10,88,1,103,28
IQ:11,96,255,2,-89
IQ:12,104,2,-160,-36
IQ:13,112,255,-92,94
IQ:14,120,10,-119,111
IQ:15,128,255,-32,91
IQ:16,136,3,-150,-10
IQ:17,144,255,-109,44
IQ:18,152,9,-210,30
IQ:19,160,255,-44,112
IQ:20,168,4,-23,-178
IQ:21,176,255,-127,-127
IQ:22,184,8,-141,-120
IQ:23,192,255,-66,69
IQ:24,200,7,163,-64
IQ:25,208,255,5,-155
IQ:26,216,6,-73,-23
IQ:27,224,255,74,67
IQ:28,232,5,185,-156
IQ:29,240,255,-39,-204
IQ:30,248,12,81,-72
IQ:31,256,255,-6,-17
IQ:32,264,1,19,108
IQ:33,272,255,79,-34
IQ:34,280,2,-37,-158
IQ:35,288,255,-141,33
SW:2
RR:3
SS:3
FR:2426
ME:30
MA:341
KE:16
KA:341
DF_END

Data arrived...
DF_BEGIN
IQ:0,0,11,145,54
IQ:1,8,11,47,-146
IQ:2,16,11,-146,-32
IQ:3,24,11,-14,150
IQ:4,32,11,146,9
IQ:5,40,11,-12,-149
IQ:6,48,11,-147,21
IQ:7,56,11,40,140
IQ:8,72,12,-11,-104
IQ:9,80,255,-37,-7
IQ:10,88,1,94,56
IQ:11,96,255,31,-70
IQ:12,104,2,-117,-59
IQ:13,112,255,-98,65
IQ:14,120,10,-95,115
IQ:15,128,255,-8,74
IQ:16,136,3,-123,-26
IQ:17,144,255,-102,20
IQ:18,152,9,-164,19
IQ:19,160,255,-33,82
IQ:20,168,4,-10,-148
IQ:21,176,255,-98,-96
IQ:22,184,8,-91,-82
IQ:23,192,255,-61,55
IQ:24,200,7,117,-57
IQ:25,208,255,5,-120
IQ:26,216,6,-47,-7
IQ:27,224,255,50,38
IQ:28,232,5,154,-109
IQ:29,240,255,3,-162
IQ:30,248,12,85,-57
IQ:31,256,255,-10,-30
IQ:32,264,1,-1,100
IQ:33,272,255,74,2
IQ:34,280,2,1,-131
IQ:35,288,255,-118,1
SW:2
RR:3
SS:3
FR:2426
ME:30
MA:343
KE:17
KA:341
DF_END

Data arrived...
DF_BEGIN
IQ:0,0,11,104,-116
IQ:1,8,11,-124,-86
IQ:2,16,11,-83,130
IQ:3,24,11,134,69
IQ:4,32,11,54,-135
IQ:5,40,11,-150,-28
IQ:6,48,11,-17,143
IQ:7,56,11,147,2
IQ:8,72,12,-199,91
IQ:9,80,255,50,170
IQ:10,88,1,87,-121
IQ:11,96,255,-102,-107
IQ:12,104,2,-8,131
IQ:13,112,255,153,92
IQ:14,120,10,144,-57
IQ:15,128,255,-51,-106
IQ:16,136,3,-45,153
IQ:17,144,255,181,131
IQ:18,152,9,224,-71
IQ:19,160,255,-75,-135
IQ:20,168,4,-77,237
IQ:21,176,255,195,134
IQ:22,184,8,115,-16
IQ:23,192,255,-59,-76
IQ:24,200,7,-99,45
IQ:25,208,255,49,55
IQ:26,216,6,23,-144
IQ:27,224,255,-155,-8
IQ:28,232,5,-41,166
IQ:29,240,255,97,8
IQ:30,248,12,-169,-137
IQ:31,256,255,-143,123
IQ:32,264,1,146,37
IQ:33,272,255,48,-137
IQ:34,280,2,-126,51
IQ:35,288,255,17,176
SW:2
RR:3
SS:3
FR:2402
ME:13
MA:332
KE:17
KA:340
DF_END

Data arrived...
DF_BEGIN
IQ:0,0,11,31,-163
IQ:1,8,11,-156,-22
IQ:2,16,11,2,149
IQ:3,24,11,153,-24
IQ:4,32,11,-31,-157
IQ:5,40,11,-151,44
IQ:6,48,11,52,147
IQ:7,56,11,144,-72
IQ:8,72,12,-119,40
IQ:9,80,255,40,121
IQ:10,88,1,93,-52
IQ:11,96,255,-64,-107
IQ:12,104,2,-81,44
IQ:13,112,255,92,62
IQ:14,120,10,112,-159
IQ:15,128,255,-120,-124
IQ:16,136,3,-51,81
IQ:17,144,255,163,48
IQ:18,152,9,175,-203
IQ:19,160,255,-142,-150
IQ:20,168,4,-33,146
IQ:21,176,255,175,40
IQ:22,184,8,87,-101
IQ:23,192,255,-97,-40
IQ:24,200,7,-15,169
IQ:25,208,255,155,22
IQ:26,216,6,-26,-117
IQ:27,224,255,-137,60
IQ:28,232,5,52,167
IQ:29,240,255,137,-55
IQ:30,248,12,-100,-80
IQ:31,256,255,-89,97
IQ:32,264,1,93,60
IQ:33,272,255,76,-100
IQ:34,280,2,-82,-53
IQ:35,288,255,-12,88
SW:2
RR:3
SS:3
FR:2480
ME:2
MA:359
KE:15
KA:342
DF_END

Data arrived...
DF_BEGIN
IQ:0,0,11,115,-157
IQ:1,8,11,-151,-122
IQ:2,16,11,-103,155
IQ:3,24,11,173,85
IQ:4,32,11,70,-196
IQ:5,40,11,-192,-35
IQ:6,48,11,-35,202
IQ:7,56,11,206,24
IQ:8,72,12,-142,-50
IQ:9,80,255,-25,30
IQ:10,88,1,108,-111
IQ:11,96,255,-89,-63
IQ:12,104,2,-121,132
IQ:13,112,255,41,151
IQ:14,120,10,90,217
IQ:15,128,255,119,55
IQ:16,136,3,-85,161
IQ:17,144,255,-4,142
IQ:18,152,9,-71,253
IQ:19,160,255,118,93
IQ:20,168,4,-200,-72
IQ:21,176,255,-190,88
IQ:22,184,8,-175,92
IQ:23,192,255,51,85
IQ:24,200,7,-40,-206
IQ:25,208,255,-177,-50
IQ:26,216,6,-41,78
IQ:27,224,255,88,-70
IQ:28,232,5,-96,-292
IQ:29,240,255,-243,-52
IQ:30,248,12,-15,-149
IQ:31,256,255,-30,-9
IQ:32,264,1,141,55
IQ:33,272,255,21,-103
IQ:34,280,2,-177,-43
IQ:35,288,255,-22,159
SW:2
RR:3
SS:3
FR:2426
ME:30
MA:343
KE:17
KA:342
DF_END

Data arrived...
DF_BEGIN
IQ:0,0,11,-220,-138
IQ:1,8,11,77,194
IQ:2,16,11,128,-18
IQ:3,24,11,-72,-69
IQ:4,32,11,-79,-66
IQ:5,40,11,-64,48
IQ:6,48,11,85,53
IQ:7,56,11,46,-112
IQ:8,72,12,-10,87
IQ:9,80,255,26,12
IQ:10,88,1,-94,-50
IQ:11,96,255,-25,55
IQ:12,104,2,117,56
IQ:13,112,255,87,-55
IQ:14,120,10,122,-82
IQ:15,128,255,25,-90
IQ:16,136,3,112,23
IQ:17,144,255,105,-13
IQ:18,152,9,180,-7
IQ:19,160,255,43,-94
IQ:20,168,4,-11,151
IQ:21,176,255,88,113
IQ:22,184,8,79,111
IQ:23,192,255,46,-40
IQ:24,200,7,-130,49
IQ:25,208,255,-5,138
IQ:26,216,6,55,26
IQ:27,224,255,-54,-61
IQ:28,232,5,-179,101
IQ:29,240,255,-18,172
IQ:30,248,12,-98,41
IQ:31,256,255,0,19
IQ:32,264,1,8,-99
IQ:33,272,255,-69,1
IQ:34,280,2,3,124
IQ:35,288,255,118,-4
SW:2
RR:3
SS:3
FR:2426
ME:21
MA:248
KE:17
KA:335
DF_END

Data arrived...
DF_BEGIN
IQ:0,0,11,4,-178
IQ:1,8,11,-170,-15
IQ:2,16,11,9,169
IQ:3,24,11,155,-36
IQ:4,32,11,-50,-159
IQ:5,40,11,-161,64
IQ:6,48,11,81,148
IQ:7,56,11,139,-92
IQ:8,72,12,-125,225
IQ:9,80,255,152,136
IQ:10,88,1,5,-168
IQ:11,96,255,-153,-30
IQ:12,104,2,83,120
IQ:13,112,255,191,-37
IQ:14,120,10,83,-140
IQ:15,128,255,-110,-51
IQ:16,136,3,68,168
IQ:17,144,255,248,-18
IQ:18,152,9,164,-226
IQ:19,160,255,-143,-84
IQ:20,168,4,104,272
IQ:21,176,255,295,-10
IQ:22,184,8,92,-75
IQ:23,192,255,-97,-44
IQ:24,200,7,-82,97
IQ:25,208,255,69,18
IQ:26,216,6,-70,-119
IQ:27,224,255,-153,88
IQ:28,232,5,59,191
IQ:29,240,255,104,-57
IQ:30,248,12,-256,-19
IQ:31,256,255,-46,194
IQ:32,264,1,159,-68
IQ:33,272,255,-42,-146
IQ:34,280,2,-78,146
IQ:35,288,255,140,141
SW:2
RR:3
SS:3
FR:2402
ME:13
MA:329
KE:17
KA:334
DF_END

Data arrived...
DF_BEGIN
IQ:0,0,11,167,-10
IQ:1,8,11,-27,-165
IQ:2,16,11,-159,49
IQ:3,24,11,67,146
IQ:4,32,11,132,-92
IQ:5,40,11,-100,-149
IQ:6,48,11,-132,104
IQ:7,56,11,108,122
IQ:8,72,12,-83,-111
IQ:9,80,255,-107,84
IQ:10,88,1,85,82
IQ:11,96,255,91,-90
IQ:12,104,2,-78,-68
IQ:13,112,255,-45,104
IQ:14,120,10,178,55
IQ:15,128,255,83,-158
IQ:16,136,3,-105,-17
IQ:17,144,255,9,182
IQ:18,152,9,248,97
IQ:19,160,255,83,-188
IQ:20,168,4,-160,11
IQ:21,176,255,-7,186
IQ:22,184,8,117,61
IQ:23,192,255,0,-105
IQ:24,200,7,-183,43
IQ:25,208,255,33,154
IQ:26,216,6,109,-74
IQ:27,224,255,-101,-105
IQ:28,232,5,-152,103
IQ:29,240,255,81,127
IQ:30,248,12,61,-124
IQ:31,256,255,-127,-65
IQ:32,264,1,-27,111
IQ:33,272,255,126,21
IQ:34,280,2,28,-99
IQ:35,288,255,-88,12
SW:2
RR:3
SS:3
FR:2480
ME:5
MA:5
KE:15
KA:337
DF_END

Data arrived...
DF_BEGIN
IQ:0,0,11,72,-180
IQ:1,8,11,-170,-68
IQ:2,16,11,-58,178
IQ:3,24,11,182,29
IQ:4,32,11,17,-182
IQ:5,40,11,-190,0
IQ:6,48,11,-1,182
IQ:7,56,11,189,-35
IQ:8,72,12,-146,-24
IQ:9,80,255,-14,34
IQ:10,88,1,89,-127
IQ:11,96,255,-81,-58
IQ:12,104,2,-99,160
IQ:13,112,255,57,145
IQ:14,120,10,112,190
IQ:15,128,255,131,54
IQ:16,136,3,-48,185
IQ:17,144,255,13,151
IQ:18,152,9,-47,265
IQ:19,160,255,120,100
IQ:20,168,4,-211,-28
IQ:21,176,255,-178,142
IQ:22,184,8,-182,126
IQ:23,192,255,67,92
IQ:24,200,7,-58,-213
IQ:25,208,255,-197,-14
IQ:26,216,6,-17,91
IQ:27,224,255,101,-66
IQ:28,232,5,-113,-254
IQ:29,240,255,-230,-26
IQ:30,248,12,-50,-134
IQ:31,256,255,-42,-9
IQ:32,264,1,138,27
IQ:33,272,255,2,-96
IQ:34,280,2,-194,-5
IQ:35,288,255,-7,162
SW:2
RR:3
SS:3
FR:2426
ME:30
MA:341
KE:17
KA:337
DF_END

Data arrived...
DF_BEGIN
IQ:0,0,11,168,74
IQ:1,8,11,67,-167
IQ:2,16,11,-185,-40
IQ:3,24,11,-44,193
IQ:4,32,11,180,31
IQ:5,40,11,13,-194
IQ:6,48,11,-197,5
IQ:7,56,11,48,174
IQ:8,72,12,28,-123
IQ:9,80,255,-37,-9
IQ:10,88,1,126,96
IQ:11,96,255,51,-91
IQ:12,104,2,-174,-95
IQ:13,112,255,-158,71
IQ:14,120,10,-181,117
IQ:15,128,255,-51,127
IQ:16,136,3,-179,-64
IQ:17,144,255,-152,27
IQ:18,152,9,-275,-23
IQ:19,160,255,-61,138
IQ:20,168,4,7,-231
IQ:21,176,255,-144,-161
IQ:22,184,8,-128,-174
IQ:23,192,255,-89,58
IQ:24,200,7,196,-86
IQ:25,208,255,-8,-198
IQ:26,216,6,-81,-27
IQ:27,224,255,61,93
IQ:28,232,5,253,-112
IQ:29,240,255,17,-226
IQ:30,248,12,135,-38
IQ:31,256,255,6,-35
IQ:32,264,1,-46,149
IQ:33,272,255,83,19
IQ:34,280,2,-1,-208
IQ:35,288,255,-158,-13
SW:2
RR:3
SS:3
FR:2426
ME:30
MA:341
KE:18
KA:337
DF_END

Data arrived...
DF_BEGIN
IQ:0,0,11,172,-123
IQ:1,8,11,-135,-152
IQ:2,16,11,-136,139
IQ:3,24,11,154,133
IQ:4,32,11,108,-169
IQ:5,40,11,-182,-104
IQ:6,48,11,-85,176
IQ:7,56,11,194,67
IQ:8,72,12,-296,46
IQ:9,80,255,-2,252
IQ:10,88,1,161,-140
IQ:11,96,255,-85,-180
IQ:12,104,2,-43,193
IQ:13,112,255,197,153
IQ:14,120,10,217,-29
IQ:15,128,255,-46,-155
IQ:16,136,3,-88,192
IQ:17,144,255,217,225
IQ:18,152,9,351,-33
IQ:19,160,255,-51,-215
IQ:20,168,4,-185,318
IQ:21,176,255,229,269
IQ:22,184,8,169,15
IQ:23,192,255,-44,-134
IQ:24,200,7,-179,8
IQ:25,208,255,25,92
IQ:26,216,6,78,-180
IQ:27,224,255,-211,-76
IQ:28,232,5,-123,195
IQ:29,240,255,138,34
IQ:30,248,12,-200,-246
IQ:31,256,255,-210,120
IQ:32,264,1,191,97
IQ:33,272,255,117,-151
IQ:34,280,2,-191,18
IQ:35,288,255,-47,238
SW:2
RR:3
SS:3
FR:2402
ME:13
MA:327
KE:18
KA:336
DF_END

Data arrived...
DF_BEGIN
IQ:0,0,11,61,-149
IQ:1,8,11,-145,-41
IQ:2,16,11,-25,153
IQ:3,24,11,150,3
IQ:4,32,11,-13,-165
IQ:5,40,11,-149,20
IQ:6,48,11,61,145
IQ:7,56,11,156,-69
IQ:8,72,12,-121,33
IQ:9,80,255,28,131
IQ:10,88,1,102,-40
IQ:11,96,255,-46,-105
IQ:12,104,2,-85,37
IQ:13,112,255,76,76
IQ:14,120,10,130,-142
IQ:15,128,255,-92,-138
IQ:16,136,3,-49,84
IQ:17,144,255,162,50
IQ:18,152,9,195,-193
IQ:19,160,255,-117,-167
IQ:20,168,4,-38,154
IQ:21,176,255,167,59
IQ:22,184,8,104,-86
IQ:23,192,255,-88,-46
IQ:24,200,7,-35,171
IQ:25,208,255,146,43
IQ:26,216,6,-6,-114
IQ:27,224,255,-134,46
IQ:28,232,5,39,181
IQ:29,240,255,144,-30
IQ:30,248,12,-94,-77
IQ:31,256,255,-95,94
IQ:32,264,1,88,64
IQ:33,272,255,72,-97
IQ:34,280,2,-68,-69
IQ:35,288,255,-26,81
SW:2
RR:3
SS:3
FR:2480
ME:5
MA:5
KE:16
KA:339
DF_END

Data arrived...
DF_BEGIN
IQ:0,0,11,-37,-204
IQ:1,8,11,-201,50
IQ:2,16,11,74,183
IQ:3,24,11,162,-101
IQ:4,32,11,-114,-176
IQ:5,40,11,-162,122
IQ:6,48,11,148,130
IQ:7,56,11,122,-162
IQ:8,72,12,-112,117
IQ:9,80,255,115,116
IQ:10,88,1,88,-105
IQ:11,96,255,-123,-99
IQ:12,104,2,-85,93
IQ:13,112,255,120,45
IQ:14,120,10,62,-242
IQ:15,128,255,-199,-106
IQ:16,136,3,-24,123
IQ:17,144,255,212,-6
IQ:18,152,9,108,-327
IQ:19,160,255,-249,-104
IQ:20,168,4,35,195
IQ:21,176,255,223,-29
IQ:22,184,8,52,-160
IQ:23,192,255,-141,4
IQ:24,200,7,57,217
IQ:25,208,255,184,-52
IQ:26,216,6,-88,-140
IQ:27,224,255,-128,135
IQ:28,232,5,150,169
IQ:29,240,255,140,-134
IQ:30,248,12,-155,-51
IQ:31,256,255,-68,153
IQ:32,264,1,136,14
IQ:33,272,255,29,-154
IQ:34,280,2,-124,-32
IQ:35,288,255,16,102
SW:2
RR:3
SS:3
FR:2480
ME:5
MA:5
KE:15
KA:342
DF_END

Data arrived...
DF_BEGIN
IQ:0,0,11,108,-189
IQ:1,8,11,-188,-102
IQ:2,16,11,-71,193
IQ:3,24,11,187,38
IQ:4,32,11,21,-206
IQ:5,40,11,-221,-9
IQ:6,48,11,8,217
IQ:7,56,11,199,-27
IQ:8,72,12,-149,-63
IQ:9,80,255,-65,64
IQ:10,88,1,80,-119
IQ:11,96,255,-53,-54
IQ:12,104,2,-95,170
IQ:13,112,255,56,188
IQ:14,120,10,202,248
IQ:15,128,255,217,7
IQ:16,136,3,-46,184
IQ:17,144,255,9,216
IQ:18,152,9,81,361
IQ:19,160,255,206,27
IQ:20,168,4,-284,8
IQ:21,176,255,-186,241
IQ:22,184,8,-127,213
IQ:23,192,255,108,25
IQ:24,200,7,-187,-231
IQ:25,208,255,-258,105
IQ:26,216,6,40,94
IQ:27,224,255,80,-170
IQ:28,232,5,-274,-264
IQ:29,240,255,-266,96
IQ:30,248,12,-44,-173
IQ:31,256,255,-69,-62
IQ:32,264,1,138,3
IQ:33,272,255,21,-64
IQ:34,280,2,-207,0
IQ:35,288,255,-19,175
SW:2
RR:3
SS:3
FR:2426
ME:27
MA:341
KE:16
KA:342
DF_END

Data arrived...
DF_BEGIN
IQ:0,0,11,10,-155
IQ:1,8,11,-143,6
IQ:2,16,11,25,149
IQ:3,24,11,140,-26
IQ:4,32,11,-45,-145
IQ:5,40,11,-147,50
IQ:6,48,11,58,129
IQ:7,56,11,118,-67
IQ:8,72,12,-111,196
IQ:9,80,255,136,103
IQ:10,88,1,-10,-157
IQ:11,96,255,-151,-29
IQ:12,104,2,70,147
IQ:13,112,255,185,-34
IQ:14,120,10,80,-130
IQ:15,128,255,-92,-38
IQ:16,136,3,58,160
IQ:17,144,255,224,14
IQ:18,152,9,158,-160
IQ:19,160,255,-106,-68
IQ:20,168,4,83,229
IQ:21,176,255,220,29
IQ:22,184,8,78,-58
IQ:23,192,255,-72,-31
IQ:24,200,7,-70,71
IQ:25,208,255,55,6
IQ:26,216,6,-66,-109
IQ:27,224,255,-114,67
IQ:28,232,5,52,125
IQ:29,240,255,62,-58
IQ:30,248,12,-227,-24
IQ:31,256,255,-48,182
IQ:32,264,1,157,-66
IQ:33,272,255,-27,-144
IQ:34,280,2,-83,146
IQ:35,288,255,131,142
SW:2
RR:3
SS:3
FR:2402
ME:13
MA:321
KE:16
KA:340
DF_END

Data arrived...
DF_BEGIN
IQ:0,0,11,140,58
IQ:1,8,11,34,-140
IQ:2,16,11,-147,-17
IQ:3,24,11,-23,145
IQ:4,32,11,156,1
IQ:5,40,11,-10,-144
IQ:6,48,11,-146,19
IQ:7,56,11,33,141
IQ:8,72,12,-141,-176
IQ:9,80,255,-160,93
IQ:10,88,1,144,60
IQ:11,96,255,72,-114
IQ:12,104,2,-138,37
IQ:13,112,255,-38,171
IQ:14,120,10,99,124
IQ:15,128,255,81,-73
IQ:16,136,3,-155,1
IQ:17,144,255,-71,212
IQ:18,152,9,135,204
IQ:19,160,255,118,-100
IQ:20,168,4,-243,-24
IQ:21,176,255,-94,224
IQ:22,184,8,41,101
IQ:23,192,255,66,-64
IQ:24,200,7,-69,-98
IQ:25,208,255,-36,56
IQ:26,216,6,128,-25
IQ:27,224,255,-38,-146
IQ:28,232,5,-163,15
IQ:29,240,255,38,88
IQ:30,248,12,90,-208
IQ:31,256,255,-157,-86
IQ:32,264,1,15,151
IQ:33,272,255,145,16
IQ:34,280,2,-94,-108
IQ:35,288,255,-166,67
SW:2
RR:3
SS:3
FR:2402
ME:13
MA:324
KE:15
KA:338
DF_END

Data arrived...
DF_BEGIN
IQ:0,0,11,-98,-162
IQ:1,8,11,-160,107
IQ:2,16,11,119,157
IQ:3,24,11,140,-133
IQ:4,32,11,-154,-121
IQ:5,40,11,-122,154
IQ:6,48,11,170,93
IQ:7,56,11,83,-183
IQ:8,72,12,-79,124
IQ:9,80,255,126,99
IQ:10,88,1,63,-117
IQ:11,96,255,-121,-80
IQ:12,104,2,-70,98
IQ:13,112,255,132,5
IQ:14,120,10,25,-245
IQ:15,128,255,-204,-54
IQ:16,136,3,25,121
IQ:17,144,255,183,-95
IQ:18,152,9,11,-359
IQ:19,160,255,-273,-43
IQ:20,168,4,71,184
IQ:21,176,255,216,-77
IQ:22,184,8,18,-175
IQ:23,192,255,-129,27
IQ:24,200,7,114,188
IQ:25,208,255,168,-86
IQ:26,216,6,-121,-110
IQ:27,224,255,-106,155
IQ:28,232,5,169,148
IQ:29,240,255,109,-142
IQ:30,248,12,-152,-7
IQ:31,256,255,-21,163
IQ:32,264,1,138,-18
IQ:33,272,255,-5,-158
IQ:34,280,2,-114,-10
IQ:35,288,255,25,93
SW:2
RR:3
SS:3
FR:2480
ME:2
MA:5
KE:14
KA:341
DF_END

Data arrived...
DF_BEGIN
IQ:0,0,11,134,64
IQ:1,8,11,73,-147
IQ:2,16,11,-154,-54
IQ:3,24,11,-69,144
IQ:4,32,11,153,30
IQ:5,40,11,10,-166
IQ:6,48,11,-164,-2
IQ:7,56,11,13,155
IQ:8,72,12,60,-88
IQ:9,80,255,9,-50
IQ:10,88,1,108,62
IQ:11,96,255,14,-52
IQ:12,104,2,-165,-82
IQ:13,112,255,-141,44
IQ:14,120,10,-282,87
IQ:15,128,255,-104,201
IQ:16,136,3,-187,-34
IQ:17,144,255,-177,-34
IQ:18,152,9,-373,-6
IQ:19,160,255,-86,223
IQ:20,168,4,92,-258
IQ:21,176,255,-170,-286
IQ:22,184,8,-240,-208
IQ:23,192,255,-113,156
IQ:24,200,7,325,-92
IQ:25,208,255,-34,-309
IQ:26,216,6,-161,7
IQ:27,224,255,118,166
IQ:28,232,5,376,-207
IQ:29,240,255,-33,-341
IQ:30,248,12,127,-12
IQ:31,256,255,68,2
IQ:32,264,1,5,113
IQ:33,272,255,57,-9
IQ:34,280,2,2,-187
IQ:35,288,255,-147,-16
SW:2
RR:3
SS:3
FR:2426
ME:30
MA:341
KE:16
KA:341
DF_END

Data arrived...
DF_BEGIN
IQ:0,0,11,9,204
IQ:1,8,11,204,-33
IQ:2,16,11,-61,-203
IQ:3,24,11,-191,83
IQ:4,32,11,96,175
IQ:5,40,11,185,-113
IQ:6,48,11,-142,-168
IQ:7,56,11,-140,151
IQ:8,72,12,112,-59
IQ:9,80,255,-24,8
IQ:10,88,1,-3,198
IQ:11,96,255,133,-20
IQ:12,104,2,-43,-240
IQ:13,112,255,-157,-73
IQ:14,120,10,-174,-160
IQ:15,128,255,-190,-42
IQ:16,136,3,-81,-226
IQ:17,144,255,-84,-149
IQ:18,152,9,-60,-355
IQ:19,160,255,-224,-94
IQ:20,168,4,226,-22
IQ:21,176,255,201,-191
IQ:22,184,8,203,-245
IQ:23,192,255,-177,-102
IQ:24,200,7,142,281
IQ:25,208,255,296,-54
IQ:26,216,6,8,-165
IQ:27,224,255,-120,114
IQ:28,232,5,260,321
IQ:29,240,255,336,-81
IQ:30,248,12,115,90
IQ:31,256,255,-12,11
IQ:32,264,1,-161,100
IQ:33,272,255,84,117
IQ:34,280,2,204,-134
IQ:35,288,255,-96,-188
SW:2
RR:3
SS:3
FR:2426
ME:33
MA:346
KE:17
KA:341
DF_END

Data arrived...
DF_BEGIN
IQ:0,0,11,-159,-48
IQ:1,8,11,-17,169
IQ:2,16,11,172,20
IQ:3,24,11,5,-173
IQ:4,32,11,-181,9
IQ:5,40,11,36,167
IQ:6,48,11,162,-41
IQ:7,56,11,-52,-166
IQ:8,72,12,179,193
IQ:9,80,255,158,-134
IQ:10,88,1,-188,-78
IQ:11,96,255,-98,148
IQ:12,104,2,167,-50
IQ:13,112,255,4,-225
IQ:14,120,10,-131,-130
IQ:15,128,255,-79,102
IQ:16,136,3,191,-41
IQ:17,144,255,69,-271
IQ:18,152,9,-146,-234
IQ:19,160,255,-105,116
IQ:20,168,4,303,-31
IQ:21,176,255,68,-275
IQ:22,184,8,-47,-103
IQ:23,192,255,-40,76
IQ:24,200,7,72,103
IQ:25,208,255,29,-67
IQ:26,216,6,-157,43
IQ:27,224,255,65,159
IQ:28,232,5,176,-27
IQ:29,240,255,-62,-104
IQ:30,248,12,-79,259
IQ:31,256,255,195,103
IQ:32,264,1,-23,-203
IQ:33,272,255,-183,-7
IQ:34,280,2,133,110
IQ:35,288,255,182,-105
SW:2
RR:3
SS:3
FR:2402
ME:13
MA:324
KE:17
KA:340
DF_END

Data arrived...
DF_BEGIN
IQ:0,0,11,184,70
IQ:1,8,11,63,-190
IQ:2,16,11,-192,-33
IQ:3,24,11,-20,201
IQ:4,32,11,203,4
IQ:5,40,11,-22,-200
IQ:6,48,11,-195,23
IQ:7,56,11,62,188
IQ:8,72,12,-36,-149
IQ:9,80,255,-157,14
IQ:10,88,1,27,123
IQ:11,96,255,134,-42
IQ:12,104,2,-22,-104
IQ:13,112,255,-97,76
IQ:14,120,10,144,208
IQ:15,128,255,191,-77
IQ:16,136,3,-90,-71
IQ:17,144,255,-120,173
IQ:18,152,9,157,282
IQ:19,160,255,201,-119
IQ:20,168,4,-176,-66
IQ:21,176,255,-105,189
IQ:22,184,8,71,141
IQ:23,192,255,71,-89
IQ:24,200,7,-201,-70
IQ:25,208,255,-71,173
IQ:26,216,6,144,12
IQ:27,224,255,-27,-163
IQ:28,232,5,-221,13
IQ:29,240,255,-2,181
IQ:30,248,12,127,-82
IQ:31,256,255,-80,-124
IQ:32,264,1,-75,99
IQ:33,272,255,108,97
IQ:34,280,2,83,-73
IQ:35,288,255,-94,-30
SW:2
RR:3
SS:3
FR:2480
ME:5
MA:353
KE:15
KA:341
DF_END