SS:3
FR:2402
ME:35
MA:184
KE:20
KA:183
DF_END

Data arrived...
DF_BEGIN
IQ:0,0,11,168,-98
IQ:1,8,11,-99,-162
IQ:2,16,11,-143,122
IQ:3,24,11,140,146
IQ:4,32,11,124,-142
IQ:5,40,11,-174,-105
IQ:6,48,11,-104,183
IQ:7,56,11,177,73
IQ:8,72,12,-173,-46
IQ:9,80,255,4,146
IQ:10,88,1,190,-50
IQ:11,96,255,-57,-144
IQ:12,104,2,-100,84
IQ:13,112,255,157,80
IQ:14,120,10,276,-241
IQ:15,128,255,-186,-185
IQ:16,136,3,-92,252
IQ:17,144,255,184,26
IQ:18,152,9,-159,-291
IQ:19,160,255,-312,128
IQ:20,168,4,49,239
IQ:21,176,255,184,-50
IQ:22,184,8,-186,-92
IQ:23,192,255,-179,169
IQ:24,200,7,90,157
IQ:25,208,255,158,-105
IQ:26,216,6,-106,-129
IQ:27,224,255,-73,92
IQ:28,232,5,171,23
IQ:29,240,255,97,-197
IQ:30,248,12,-32,-192
IQ:31,256,255,-110,69
IQ:32,264,1,124,122
IQ:33,272,255,116,-108
IQ:34,280,2,-122,-56
IQ:35,288,255,-46,165
SW:2
RR:3
SS:3
FR:2480
ME:7
MA:189
KE:19
KA:184
DF_END

Data arrived...
DF_BEGIN
IQ:0,0,11,-150,90
IQ:1,8,11,98,154
IQ:2,16,11,140,-103
IQ:3,24,11,-119,-129
IQ:4,32,11,-118,133
IQ:5,40,11,145,104
IQ:6,48,11,81,-152
IQ:7,56,11,-159,-71
IQ:8,72,12,184,76
IQ:9,80,255,39,-155
IQ:10,88,1,-187,-6
IQ:11,96,255,-3,153
IQ:12,104,2,144,-22
IQ:13,112,255,-27,-76
IQ:14,120,10,-92,184
IQ:15,128,255,133,117
IQ:16,136,3,42,-190
IQ:17,144,255,-136,-45
IQ:18,152,9,86,136
IQ:19,160,255,148,-43
IQ:20,168,4,-36,-159
IQ:21,176,255,-158,-4
IQ:22,184,8,81,56
IQ:23,192,255,97,-84
IQ:24,200,7,-83,-83
IQ:25,208,255,-90,71
IQ:26,216,6,9,81
IQ:27,224,255,38,-20
IQ:28,232,5,-110,-33
IQ:29,240,255,-112,144
IQ:30,248,12,13,199
IQ:31,256,255,117,-46
IQ:32,264,1,-69,-160
IQ:33,272,255,-150,48
IQ:34,280,2,92,136
IQ:35,288,255,104,-85
SW:2
RR:3
SS:3
FR:2426
ME:10
MA:170
KE:18
KA:183
DF_END

Data arrived...
DF_BEGIN
IQ:0,0,11,-164,75
IQ:1,8,11,94,156
IQ:2,16,11,145,-100
IQ:3,24,11,-130,-119
IQ:4,32,11,-126,140
IQ:5,40,11,139,114
IQ:6,48,11,95,-155
IQ:7,56,11,-165,-73
IQ:8,72,12,183,74
IQ:9,80,255,43,-147
IQ:10,88,1,-180,-12
IQ:11,96,255,-18,153
IQ:12,104,2,141,-15
IQ:13,112,255,-31,-101
IQ:14,120,10,-115,165
IQ:15,128,255,128,108
IQ:16,136,3,61,-179
IQ:17,144,255,-129,-52
IQ:18,152,9,58,152
IQ:19,160,255,157,-35
IQ:20,168,4,-31,-152
IQ:21,176,255,-129,13
IQ:22,184,8,77,57
IQ:23,192,255,89,-68
IQ:24,200,7,-79,-86
IQ:25,208,255,-109,58
IQ:26,216,6,-1,84
IQ:27,224,255,59,-15
IQ:28,232,5,-102,-42
IQ:29,240,255,-106,123
IQ:30,248,12,-6,209
IQ:31,256,255,142,-8
IQ:32,264,1,-63,-172
IQ:33,272,255,-157,44
IQ:34,280,2,61,130
IQ:35,288,255,111,-87
SW:2
RR:3
SS:3
FR:2426
ME:10
MA:170
KE:17
KA:181
DF_END

Data arrived...
DF_BEGIN
IQ:0,0,11,164,-61
IQ:1,8,11,-88,-145
IQ:2,16,11,-132,111
IQ:3,24,11,124,127
IQ:4,32,11,124,-119
IQ:5,40,11,-130,-127
IQ:6,48,11,-110,140
IQ:7,56,11,154,85
IQ:8,72,12,-217,-48
IQ:9,80,255,-82,171
IQ:10,88,1,151,-3
IQ:11,96,255,17,-172
IQ:12,104,2,-204,-17
IQ:13,112,255,-53,166
IQ:14,120,10,40,-40
IQ:15,128,255,-10,-69
IQ:16,136,3,20,81
IQ:17,144,255,58,29
IQ:18,152,9,-26,24
IQ:19,160,255,4,-1
IQ:20,168,4,16,-34
IQ:21,176,255,6,40
IQ:22,184,8,49,125
IQ:23,192,255,69,-31
IQ:24,200,7,3,-90
IQ:25,208,255,-10,-8
IQ:26,216,6,119,-72
IQ:27,224,255,-30,-146
IQ:28,232,5,-64,-102
IQ:29,240,255,-26,-46
IQ:30,248,12,-34,-224
IQ:31,256,255,-182,-14
IQ:32,264,1,52,145
IQ:33,272,255,158,-58
IQ:34,280,2,-48,-192
IQ:35,288,255,-169,54
SW:2
RR:3
SS:3
FR:2402
ME:35
MA:184
KE:19
KA:181
DF_END

Data arrived...
DF_BEGIN
IQ:0,0,11,61,178
IQ:1,8,11,192,-61
IQ:2,16,11,-57,-178
IQ:3,24,11,-149,104
IQ:4,32,11,120,166
IQ:5,40,11,156,-113
IQ:6,48,11,-133,-127
IQ:7,56,11,-105,168
IQ:8,72,12,86,-160
IQ:9,80,255,-129,-16
IQ:10,88,1,25,184
IQ:11,96,255,160,-22
IQ:12,104,2,-51,-109
IQ:13,112,255,-96,166
IQ:14,120,10,190,337
IQ:15,128,255,241,-109
IQ:16,136,3,-203,-138
IQ:17,144,255,-40,187
IQ:18,152,9,326,-104
IQ:19,160,255,-20,-333
IQ:20,168,4,-230,17
IQ:21,176,255,14,196
IQ:22,184,8,140,-159
IQ:23,192,255,-126,-197
IQ:24,200,7,-160,52
IQ:25,208,255,65,181
IQ:26,216,6,154,-61
IQ:27,224,255,-65,-89
IQ:28,232,5,-48,182
IQ:29,240,255,188,137
IQ:30,248,12,190,15
IQ:31,256,255,-40,-118
IQ:32,264,1,-151,110
IQ:33,272,255,94,145
IQ:34,280,2,71,-91
IQ:35,288,255,-143,-80
SW:2
RR:3
SS:3
FR:2480
ME:7
MA:189
KE:18
KA:182
DF_END

Data arrived...
DF_BEGIN
IQ:0,0,11,-173,64
IQ:1,8,11,83,172
IQ:2,16,11,167,-93
IQ:3,24,11,-109,-162
IQ:4,32,11,-137,140
IQ:5,40,11,135,124
IQ:6,48,11,103,-167
IQ:7,56,11,-154,-98
IQ:8,72,12,186,50
IQ:9,80,255,3,-135
IQ:10,88,1,-189,31
IQ:11,96,255,18,161
IQ:12,104,2,102,-52
IQ:13,112,255,-159,-87
IQ:14,120,10,-312,210
IQ:15,128,255,133,243
IQ:16,136,3,115,-219
IQ:17,144,255,-191,-30
IQ:18,152,9,132,326
IQ:19,160,255,321,-78
IQ:20,168,4,-24,-238
IQ:21,176,255,-194,-4
IQ:22,184,8,156,148
IQ:23,192,255,188,-139
IQ:24,200,7,-71,-164
IQ:25,208,255,-164,87
IQ:26,216,6,68,147
IQ:27,224,255,106,-55
IQ:28,232,5,-177,-40
IQ:29,240,255,-118,196
IQ:30,248,12,10,190
IQ:31,256,255,132,-50
IQ:32,264,1,-108,-148
IQ:33,272,255,-126,109
IQ:34,280,2,91,74
IQ:35,288,255,59,-155
SW:2
RR:3
SS:3
FR:2480
ME:353
MA:2
KE:15
KA:182
DF_END

Data arrived...
DF_BEGIN
IQ:0,0,11,-111,-145
IQ:1,8,11,-136,121
IQ:2,16,11,127,129
IQ:3,24,11,114,-133
IQ:4,32,11,-158,-100
IQ:5,40,11,-80,154
IQ:6,48,11,167,54
IQ:7,56,11,52,-174
IQ:8,72,12,-52,197
IQ:9,80,255,151,29
IQ:10,88,1,-21,-180
IQ:11,96,255,-161,13
IQ:12,104,2,35,137
IQ:13,112,255,92,-53
IQ:14,120,10,-190,-77
IQ:15,128,255,-85,145
IQ:16,136,3,187,28
IQ:17,144,255,28,-142
IQ:18,152,9,-138,80
IQ:19,160,255,62,149
IQ:20,168,4,141,-61
IQ:21,176,255,-25,-134
IQ:22,184,8,-52,84
IQ:23,192,255,81,76
IQ:24,200,7,67,-86
IQ:25,208,255,-86,-97
IQ:26,216,6,-94,13
IQ:27,224,255,24,51
IQ:28,232,5,21,-111
IQ:29,240,255,-144,-86
IQ:30,248,12,-207,32
IQ:31,256,255,34,145
IQ:32,264,1,150,-96
IQ:33,272,255,-77,-140
IQ:34,280,2,-117,83
IQ:35,288,255,108,93
SW:2
RR:3
SS:3
FR:2426
ME:7
MA:167
KE:14
KA:180
DF_END

Data arrived...
DF_BEGIN
IQ:0,0,11,117,-138
IQ:1,8,11,-147,-100
IQ:2,16,11,-86,158
IQ:3,24,11,159,75
IQ:4,32,11,58,-167
IQ:5,40,11,-169,-37
IQ:6,48,11,-26,178
IQ:7,56,11,177,17
IQ:8,72,12,-212,56
IQ:9,80,255,14,191
IQ:10,88,1,142,-64
IQ:11,96,255,-64,-156
IQ:12,104,2,-185,80
IQ:13,112,255,21,169
IQ:14,120,10,14,-58
IQ:15,128,255,-44,-44
IQ:16,136,3,52,61
IQ:17,144,255,56,15
IQ:18,152,9,-11,22
IQ:19,160,255,-11,-11
IQ:20,168,4,-2,-34
IQ:21,176,255,23,39
IQ:22,184,8,90,87
IQ:23,192,255,56,-62
IQ:24,200,7,-44,-84
IQ:25,208,255,-13,-8
IQ:26,216,6,74,-112
IQ:27,224,255,-88,-127
IQ:28,232,5,-94,-60
IQ:29,240,255,-45,-27
IQ:30,248,12,-142,-185
IQ:31,256,255,-176,78
IQ:32,264,1,108,106
IQ:33,272,255,117,-117
IQ:34,280,2,-154,-144
IQ:35,288,255,-132,125
SW:2
RR:3
SS:3
FR:2402
ME:35
MA:184
KE:16
KA:180
DF_END

Data arrived...
DF_BEGIN
IQ:0,0,11,-168,-37
IQ:1,8,11,-18,179
IQ:2,16,11,174,13
IQ:3,24,11,-4,-177
IQ:4,32,11,-185,10
IQ:5,40,11,35,180
IQ:6,48,11,173,-53
IQ:7,56,11,-60,-164
IQ:8,72,12,145,167
IQ:9,80,255,164,-95
IQ:10,88,1,-118,-102
IQ:11,96,255,-122,112
IQ:12,104,2,141,146
IQ:13,112,255,147,-95
IQ:14,120,10,-63,17
IQ:15,128,255,-28,63
IQ:16,136,3,26,-79
IQ:17,144,255,-22,-59
IQ:18,152,9,26,-1
IQ:19,160,255,-6,1
IQ:20,168,4,-28,15
IQ:21,176,255,25,-40
IQ:22,184,8,35,-120
IQ:23,192,255,-83,-20
IQ:24,200,7,-56,80
IQ:25,208,255,-2,14
IQ:26,216,6,-136,-23
IQ:27,224,255,-79,129
IQ:28,232,5,-20,110
IQ:29,240,255,-4,52
IQ:30,248,12,-117,194
IQ:31,256,255,129,126
IQ:32,264,1,45,-142
IQ:33,272,255,-160,-59
IQ:34,280,2,-59,184
IQ:35,288,255,179,55
SW:2
RR:3
SS:3
FR:2402
ME:35
MA:184
KE:18
KA:180
DF_END

Data arrived...
DF_BEGIN
IQ:0,0,11,78,172
IQ:1,8,11,157,-99
IQ:2,16,11,-107,-163
IQ:3,24,11,-138,108
IQ:4,32,11,154,119
IQ:5,40,11,119,-144
IQ:6,48,11,-166,-108
IQ:7,56,11,-88,165
IQ:8,72,12,48,-180
IQ:9,80,255,-140,-11
IQ:10,88,1,46,158
IQ:11,96,255,153,-47
IQ:12,104,2,-78,-86
IQ:13,112,255,-77,163
IQ:14,120,10,226,285
IQ:15,128,255,223,-163
IQ:16,136,3,-228,-99
IQ:17,144,255,-15,185
IQ:18,152,9,296,-142
IQ:19,160,255,-110,-304
IQ:20,168,4,-237,24
IQ:21,176,255,33,197
IQ:22,184,8,130,-177
IQ:23,192,255,-161,-170
IQ:24,200,7,-160,87
IQ:25,208,255,90,158
IQ:26,216,6,133,-88
IQ:27,224,255,-68,-90
IQ:28,232,5,-27,171
IQ:29,240,255,195,110
IQ:30,248,12,204,-14
IQ:31,256,255,-65,-135
IQ:32,264,1,-149,112
IQ:33,272,255,109,109
IQ:34,280,2,63,-107
IQ:35,288,255,-151,-64
SW:2
RR:3
SS:3
FR:2480
ME:7
MA:189
KE:17
KA:181
DF_END

Data arrived...
DF_BEGIN
IQ:0,0,11,48,-174
IQ:1,8,11,-177,-29
IQ:2,16,11,-7,186
IQ:3,24,11,174,3
IQ:4,32,11,-31,-175
IQ:5,40,11,-176,41
IQ:6,48,11,48,172
IQ:7,56,11,168,-65
IQ:8,72,12,-195,73
IQ:9,80,255,62,141
IQ:10,88,1,137,-120
IQ:11,96,255,-106,-119
IQ:12,104,2,-96,115
IQ:13,112,255,90,47
IQ:14,120,10,-42,-204
IQ:15,128,255,-167,15
IQ:16,136,3,82,171
IQ:17,144,255,120,-59
IQ:18,152,9,-157,-52
IQ:19,160,255,-95,131
IQ:20,168,4,128,77
IQ:21,176,255,93,-95
IQ:22,184,8,-101,4
IQ:23,192,255,-15,109
IQ:24,200,7,107,-2
IQ:25,208,255,36,-128
IQ:26,216,6,-66,-62
IQ:27,224,255,-23,48
IQ:28,232,5,101,-49
IQ:29,240,255,-15,-168
IQ:30,248,12,-145,-151
IQ:31,256,255,-89,121
IQ:32,264,1,163,61
IQ:33,272,255,50,-149
IQ:34,280,2,-143,-26
IQ:35,288,255,-10,146
SW:2
RR:3
SS:3
FR:2426
ME:10
MA:173
KE:16
KA:180
DF_END

Data arrived...
DF_BEGIN
IQ:0,0,11,165,-65
IQ:1,8,11,-99,-148
IQ:2,16,11,-151,109
IQ:3,24,11,108,145
IQ:4,32,11,130,-127
IQ:5,40,11,-138,-127
IQ:6,48,11,-107,138
IQ:7,56,11,156,92
IQ:8,72,12,-174,-102
IQ:9,80,255,-59,142
IQ:10,88,1,184,28
IQ:11,96,255,21,-157
IQ:12,104,2,-149,9
IQ:13,112,255,27,104
IQ:14,120,10,130,-149
IQ:15,128,255,-117,-129
IQ:16,136,3,-81,170
IQ:17,144,255,124,57
IQ:18,152,9,-39,-155
IQ:19,160,255,-163,4
IQ:20,168,4,6,156
IQ:21,176,255,136,13
IQ:22,184,8,-69,-74
IQ:23,192,255,-91,58
IQ:24,200,7,74,92
IQ:25,208,255,118,-56
IQ:26,216,6,10,-91
IQ:27,224,255,-56,8
IQ:28,232,5,103,49
IQ:29,240,255,116,-121
IQ:30,248,12,33,-207
IQ:31,256,255,-150,-10
IQ:32,264,1,61,169
IQ:33,272,255,146,-55
IQ:34,280,2,-70,-129
IQ:35,288,255,-117,87
SW:2
RR:3
SS:3
FR:2426
ME:10
MA:178
KE:15
KA:180
DF_END

Data arrived...
DF_BEGIN
IQ:0,0,11,-165,-61
IQ:1,8,11,-45,175
IQ:2,16,11,171,35
IQ:3,24,11,37,-174
IQ:4,32,11,-167,-2
IQ:5,40,11,11,173
IQ:6,48,11,179,-16
IQ:7,56,11,-23,-178
IQ:8,72,12,102,201
IQ:9,80,255,183,-48
IQ:10,88,1,-104,-118
IQ:11,96,255,-138,90
IQ:12,104,2,115,162
IQ:13,112,255,156,-52
IQ:14,120,10,-56,0
IQ:15,128,255,-32,54
IQ:16,136,3,45,-69
IQ:17,144,255,-8,-59
IQ:18,152,9,36,4
IQ:19,160,255,-7,0
IQ:20,168,4,-44,10
IQ:21,176,255,25,-28
IQ:22,184,8,63,-109
IQ:23,192,255,-84,-42
IQ:24,200,7,-69,63
IQ:25,208,255,0,7
IQ:26,216,6,-128,-35
IQ:27,224,255,-94,114
IQ:28,232,5,-36,112
IQ:29,240,255,-13,52
IQ:30,248,12,-138,182
IQ:31,256,255,118,137
IQ:32,264,1,73,-141
IQ:33,272,255,-150,-67
IQ:34,280,2,-96,178
IQ:35,288,255,145,90
SW:2
RR:3
SS:3
FR:2402
ME:35
MA:184
KE:17
KA:180
DF_END

Data arrived...
DF_BEGIN
IQ:0,0,11,-193,29
IQ:1,8,11,50,187
IQ:2,16,11,186,-73
IQ:3,24,11,-84,-173
IQ:4,32,11,-147,116
IQ:5,40,11,118,149
IQ:6,48,11,124,-134
IQ:7,56,11,-156,-133
IQ:8,72,12,151,82
IQ:9,80,255,30,-143
IQ:10,88,1,-184,-18
IQ:11,96,255,-3,160
IQ:12,104,2,108,-44
IQ:13,112,255,-144,-114
IQ:14,120,10,-353,143
IQ:15,128,255,96,258
IQ:16,136,3,152,-204
IQ:17,144,255,-164,-67
IQ:18,152,9,70,339
IQ:19,160,255,309,3
IQ:20,168,4,-1,-227
IQ:21,176,255,-202,-4
IQ:22,184,8,132,167
IQ:23,192,255,209,-119
IQ:24,200,7,-51,-180
IQ:25,208,255,-186,57
IQ:26,216,6,39,153
IQ:27,224,255,100,-64
IQ:28,232,5,-155,-49
IQ:29,240,255,-134,180
IQ:30,248,12,-29,201
IQ:31,256,255,123,-20
IQ:32,264,1,-79,-164
IQ:33,272,255,-143,67
IQ:34,280,2,93,92
IQ:35,288,255,83,-133
SW:2
RR:3
SS:3
FR:2480
ME:353
MA:5
KE:14
KA:179
DF_END

Data arrived...
DF_BEGIN
IQ:0,0,11,-114,-137
IQ:1,8,11,-109,138
IQ:2,16,11,149,107
IQ:3,24,11,103,-153
IQ:4,32,11,-155,-96
IQ:5,40,11,-75,168
IQ:6,48,11,166,59
IQ:7,56,11,41,-176
IQ:8,72,12,-37,191
IQ:9,80,255,152,32
IQ:10,88,1,-17,-181
IQ:11,96,255,-153,17
IQ:12,104,2,44,142
IQ:13,112,255,94,-51
IQ:14,120,10,-173,-101
IQ:15,128,255,-98,139
IQ:16,136,3,186,20
IQ:17,144,255,16,-142
IQ:18,152,9,-130,94
IQ:19,160,255,64,147
IQ:20,168,4,151,-57
IQ:21,176,255,-15,-137
IQ:22,184,8,-56,81
IQ:23,192,255,87,69
IQ:24,200,7,65,-100
IQ:25,208,255,-82,-103
IQ:26,216,6,-85,19
IQ:27,224,255,32,52
IQ:28,232,5,21,-111
IQ:29,240,255,-142,-88
IQ:30,248,12,-199,39
IQ:31,256,255,44,141
IQ:32,264,1,152,-99
IQ:33,272,255,-83,-135
IQ:34,280,2,-112,85
IQ:35,288,255,115,91
SW:2
RR:3
SS:3
FR:2426
ME:10
MA:178
KE:14
KA:179
DF_END

Data arrived...
DF_BEGIN
IQ:0,0,11,-177,-43
IQ:1,8,11,-34,177
IQ:2,16,11,183,17
IQ:3,24,11,4,-180
IQ:4,32,11,-177,19
IQ:5,40,11,28,182
IQ:6,48,11,178,-39
IQ:7,56,11,-64,-167
IQ:8,72,12,73,196
IQ:9,80,255,146,-72
IQ:10,88,1,-117,-133
IQ:11,96,255,-114,108
IQ:12,104,2,116,91
IQ:13,112,255,45,-91
IQ:14,120,10,-195,53
IQ:15,128,255,22,179
IQ:16,136,3,169,-87
IQ:17,144,255,-74,-119
IQ:18,152,9,-56,151
IQ:19,160,255,136,94
IQ:20,168,4,84,-132
IQ:21,176,255,-89,-98
IQ:22,184,8,7,102
IQ:23,192,255,115,12
IQ:24,200,7,0,-110
IQ:25,208,255,-125,-46
IQ:26,216,6,-67,65
IQ:27,224,255,53,29
IQ:28,232,5,-50,-96
IQ:29,240,255,-167,16
IQ:30,248,12,-159,140
IQ:31,256,255,108,102
IQ:32,264,1,68,-165
IQ:33,272,255,-143,-70
IQ:34,280,2,-41,139
IQ:35,288,255,142,1
SW:2
RR:3
SS:3
FR:2426
ME:10
MA:175
KE:13
KA:178
DF_END

Data arrived...
DF_BEGIN
IQ:0,0,11,-177,-7
IQ:1,8,11,4,185
IQ:2,16,11,182,-28
IQ:3,24,11,-31,-173
IQ:4,32,11,-174,34
IQ:5,40,11,58,154
IQ:6,48,11,163,-75
IQ:7,56,11,-94,-158
IQ:8,72,12,154,151
IQ:9,80,255,152,-124
IQ:10,88,1,-140,-98
IQ:11,96,255,-90,146
IQ:12,104,2,169,110
IQ:13,112,255,131,-124
IQ:14,120,10,-66,15
IQ:15,128,255,-8,67
IQ:16,136,3,19,-93
IQ:17,144,255,-29,-59
IQ:18,152,9,37,-1
IQ:19,160,255,-8,6
IQ:20,168,4,-27,17
IQ:21,176,255,13,-39
IQ:22,184,8,24,-123
IQ:23,192,255,-87,-18
IQ:24,200,7,-47,74
IQ:25,208,255,-5,6
IQ:26,216,6,-132,-5
IQ:27,224,255,-45,136
IQ:28,232,5,3,109
IQ:29,240,255,6,51
IQ:30,248,12,-75,220
IQ:31,256,255,158,97
IQ:32,264,1,10,-156
IQ:33,272,255,-169,-35
IQ:34,280,2,-34,198
IQ:35,288,255,176,26
SW:2
RR:3
SS:3
FR:2402
ME:35
MA:184
KE:15
KA:179
DF_END

Data arrived...
DF_BEGIN
IQ:0,0,11,-174,19
IQ:1,8,11,54,178
IQ:2,16,11,178,-79
IQ:3,24,11,-95,-174
IQ:4,32,11,-146,96
IQ:5,40,11,121,140
IQ:6,48,11,144,-141
IQ:7,56,11,-116,-143
IQ:8,72,12,162,80
IQ:9,80,255,38,-138
IQ:10,88,1,-175,-16
IQ:11,96,255,19,158
IQ:12,104,2,122,-49
IQ:13,112,255,-126,-128
IQ:14,120,10,-339,130
IQ:15,128,255,83,239
IQ:16,136,3,163,-211
IQ:17,144,255,-170,-82
IQ:18,152,9,51,333
IQ:19,160,255,334,-7
IQ:20,168,4,34,-239
IQ:21,176,255,-176,-23
IQ:22,184,8,142,177
IQ:23,192,255,205,-110
IQ:24,200,7,-26,-169
IQ:25,208,255,-166,51
IQ:26,216,6,44,152
IQ:27,224,255,106,-62
IQ:28,232,5,-156,-72
IQ:29,240,255,-154,167
IQ:30,248,12,-10,183
IQ:31,256,255,144,-39
IQ:32,264,1,-51,-162
IQ:33,272,255,-141,71
IQ:34,280,2,98,87
IQ:35,288,255,105,-135
SW:2
RR:3
SS:3
FR:2480
ME:7
MA:192
KE:14
KA:180
DF_END

Data arrived...
DF_BEGIN
IQ:0,0,11,150,-108
IQ:1,8,11,-123,-142
IQ:2,16,11,-135,129
IQ:3,24,11,141,113
IQ:4,32,11,108,-167
IQ:5,40,11,-160,-95
IQ:6,48,11,-79,176
IQ:7,56,11,180,59
IQ:8,72,12,-187,-17
IQ:9,80,255,20,136
IQ:10,88,1,179,-62
IQ:11,96,255,-73,-139
IQ:12,104,2,-87,83
IQ:13,112,255,174,51
IQ:14,120,10,257,-277
IQ:15,128,255,-174,-199
IQ:16,136,3,-58,252
IQ:17,144,255,186,-9
IQ:18,152,9,-201,-279
IQ:19,160,255,-310,133
IQ:20,168,4,60,232
IQ:21,176,255,184,-64
IQ:22,184,8,-195,-100
IQ:23,192,255,-150,177
IQ:24,200,7,108,149
IQ:25,208,255,132,-124
IQ:26,216,6,-109,-134
IQ:27,224,255,-89,88
IQ:28,232,5,174,-6
IQ:29,240,255,75,-219
IQ:30,248,12,-43,-176
IQ:31,256,255,-111,81
IQ:32,264,1,124,122
IQ:33,272,255,91,-132
IQ:34,280,2,-129,-36
IQ:35,288,255,-32,169
SW:2
RR:3
SS:3
FR:2480
ME:7
MA:189
KE:13
KA:182
DF_END

Data arrived...
DF_BEGIN
IQ:0,0,11,76,159
IQ:1,8,11,147,-97
IQ:2,16,11,-114,-143
IQ:3,24,11,-147,113
IQ:4,32,11,119,127
IQ:5,40,11,107,-147
IQ:6,48,11,-150,-96
IQ:7,56,11,-81,168
IQ:8,72,12,86,-181
IQ:9,80,255,-151,-57
IQ:10,88,1,-19,175
IQ:11,96,255,156,13
IQ:12,104,2,-11,-149
IQ:13,112,255,-103,24
IQ:14,120,10,157,133
IQ:15,128,255,121,-120
IQ:16,136,3,-169,-59
IQ:17,144,255,-39,129
IQ:18,152,9,146,-76
IQ:19,160,255,-32,-161
IQ:20,168,4,-156,28
IQ:21,176,255,-13,129
IQ:22,184,8,63,-77
IQ:23,192,255,-65,-93
IQ:24,200,7,-82,69
IQ:25,208,255,54,111
IQ:26,216,6,90,9
IQ:27,224,255,-23,-53
IQ:28,232,5,-39,107
IQ:29,240,255,128,99
IQ:30,248,12,210,19
IQ:31,256,255,-3,-146
IQ:32,264,1,-170,65
IQ:33,272,255,36,150
IQ:34,280,2,121,-80
IQ:35,288,255,-92,-112
SW:2
RR:3
SS:3
FR:2426
ME:10
MA:175
KE:13
KA:181
DF_END

Data arrived...
DF_BEGIN
IQ:0,0,11,106,142
IQ:1,8,11,129,-120
IQ:2,16,11,-139,-103
IQ:3,24,11,-94,158
IQ:4,32,11,157,77
IQ:5,40,11,79,-159
IQ:6,48,11,-169,-52
IQ:7,56,11,-45,172
IQ:8,72,12,1,-217
IQ:9,80,255,-187,-31
IQ:10,88,1,29,150
IQ:11,96,255,164,-18
IQ:12,104,2,-25,-198
IQ:13,112,255,-185,-16
IQ:14,120,10,52,28
IQ:15,128,255,54,-36
IQ:16,136,3,-77,45
IQ:17,144,255,-18,57
IQ:18,152,9,-34,-16
IQ:19,160,255,11,-8
IQ:20,168,4,31,3
IQ:21,176,255,-35,16
IQ:22,184,8,-104,69
IQ:23,192,255,52,67
IQ:24,200,7,90,-28
IQ:25,208,255,7,-7
IQ:26,216,6,92,101
IQ:27,224,255,128,-56
IQ:28,232,5,67,-83
IQ:29,240,255,35,-38
IQ:30,248,12,201,-88
IQ:31,256,255,-42,-176
IQ:32,264,1,-119,101
IQ:33,272,255,98,134
IQ:34,280,2,165,-121
IQ:35,288,255,-103,-141
SW:2
RR:3
SS:3
FR:2402
ME:35
MA:184
KE:15
KA:181
DF_END

Data arrived...