SW:2
RR:3
SS:3
FR:2402
ME:33
MA:184
KE:18
KA:181
DF_END

Data arrived...
DF_BEGIN
IQ:0,0,11,-42,210
IQ:1,8,11,220,26
IQ:2,16,11,7,-210
IQ:3,24,11,-209,67
IQ:4,32,11,58,220
IQ:5,40,11,230,-55
IQ:6,48,11,-78,-192
IQ:7,56,11,-175,96
IQ:8,72,12,154,-148
IQ:9,80,255,-140,-89
IQ:10,88,1,-100,208
IQ:11,96,255,185,63
IQ:12,104,2,-15,-129
IQ:13,112,255,-184,110
IQ:14,120,10,61,442
IQ:15,128,255,329,-44
IQ:16,136,3,-171,-285
IQ:17,144,255,-162,163
IQ:18,152,9,422,91
IQ:19,160,255,157,-400
IQ:20,168,4,-267,-118
IQ:21,176,255,-95,216
IQ:22,184,8,269,-90
IQ:23,192,255,-37,-304
IQ:24,200,7,-224,-10
IQ:25,208,255,0,236
IQ:26,216,6,192,3
IQ:27,224,255,-17,-157
IQ:28,232,5,-157,151
IQ:29,240,255,119,250
IQ:30,248,12,183,116
IQ:31,256,255,28,-160
IQ:32,264,1,-224,30
IQ:33,272,255,33,181
IQ:34,280,2,127,-69
IQ:35,288,255,-104,-179
SW:2
RR:3
SS:3
FR:2480
ME:7
MA:192
KE:17
KA:182
DF_END

Data arrived...
DF_BEGIN
IQ:0,0,11,65,-161
IQ:1,8,11,-175,-39
IQ:2,16,11,-30,180
IQ:3,24,11,174,15
IQ:4,32,11,5,-176
IQ:5,40,11,-177,12
IQ:6,48,11,15,178
IQ:7,56,11,166,-45
IQ:8,72,12,-200,49
IQ:9,80,255,48,145
IQ:10,88,1,138,-112
IQ:11,96,255,-94,-126
IQ:12,104,2,-101,109
IQ:13,112,255,86,56
IQ:14,120,10,-11,-206
IQ:15,128,255,-175,3
IQ:16,136,3,58,181
IQ:17,144,255,134,-41
IQ:18,152,9,-135,-82
IQ:19,160,255,-104,125
IQ:20,168,4,118,105
IQ:21,176,255,104,-79
IQ:22,184,8,-103,-1
IQ:23,192,255,-18,112
IQ:24,200,7,109,7
IQ:25,208,255,40,-131
IQ:26,216,6,-60,-74
IQ:27,224,255,-34,47
IQ:28,232,5,111,-42
IQ:29,240,255,-2,-168
IQ:30,248,12,-119,-168
IQ:31,256,255,-108,98
IQ:32,264,1,155,82
IQ:33,272,255,60,-146
IQ:34,280,2,-145,-40
IQ:35,288,255,-27,142
SW:2
RR:3
SS:3
FR:2426
ME:10
MA:181
KE:16
KA:182
DF_END

Data arrived...
DF_BEGIN
IQ:0,0,11,9,168
IQ:1,8,11,164,-55
IQ:2,16,11,-70,-168
IQ:3,24,11,-165,63
IQ:4,32,11,74,159
IQ:5,40,11,146,-99
IQ:6,48,11,-116,-135
IQ:7,56,11,-129,120
IQ:8,72,12,146,-128
IQ:9,80,255,-112,-102
IQ:10,88,1,-68,160
IQ:11,96,255,140,67
IQ:12,104,2,27,-139
IQ:13,112,255,-107,-7
IQ:14,120,10,112,171
IQ:15,128,255,145,-79
IQ:16,136,3,-149,-117
IQ:17,144,255,-99,98
IQ:18,152,9,155,2
IQ:19,160,255,30,-157
IQ:20,168,4,-154,-21
IQ:21,176,255,-67,116
IQ:22,184,8,87,-39
IQ:23,192,255,-31,-106
IQ:24,200,7,-95,42
IQ:25,208,255,26,120
IQ:26,216,6,82,39
IQ:27,224,255,6,-54
IQ:28,232,5,-82,78
IQ:29,240,255,76,149
IQ:30,248,12,186,85
IQ:31,256,255,61,-138
IQ:32,264,1,-178,-16
IQ:33,272,255,-18,153
IQ:34,280,2,142,-12
IQ:35,288,255,-42,-139
SW:2
RR:3
SS:3
FR:2426
ME:10
MA:178
KE:16
KA:182
DF_END

Data arrived...
DF_BEGIN
IQ:0,0,11,-179,49
IQ:1,8,11,46,164
IQ:2,16,11,165,-80
IQ:3,24,11,-100,-155
IQ:4,32,11,-147,99
IQ:5,40,11,114,145
IQ:6,48,11,131,-130
IQ:7,56,11,-145,-105
IQ:8,72,12,192,105
IQ:9,80,255,112,-160
IQ:10,88,1,-157,-39
IQ:11,96,255,-59,162
IQ:12,104,2,194,66
IQ:13,112,255,88,-151
IQ:14,120,10,-56,38
IQ:15,128,255,17,66
IQ:16,136,3,9,-99
IQ:17,144,255,-54,-52
IQ:18,152,9,26,-7
IQ:19,160,255,7,10
IQ:20,168,4,-35,3
IQ:21,176,255,-7,-39
IQ:22,184,8,6,-115
IQ:23,192,255,-72,-9
IQ:24,200,7,-30,70
IQ:25,208,255,-12,11
IQ:26,216,6,-120,26
IQ:27,224,255,-23,135
IQ:28,232,5,15,101
IQ:29,240,255,-3,60
IQ:30,248,12,-49,216
IQ:31,256,255,177,72
IQ:32,264,1,-19,-160
IQ:33,272,255,-176,9
IQ:34,280,2,21,207
IQ:35,288,255,176,-10
SW:2
RR:3
SS:3
FR:2402
ME:33
MA:181
KE:18
KA:182
DF_END

Data arrived...
DF_BEGIN
IQ:0,0,11,-44,210
IQ:1,8,11,229,44
IQ:2,16,11,12,-203
IQ:3,24,11,-207,32
IQ:4,32,11,52,230
IQ:5,40,11,223,-60
IQ:6,48,11,-76,-197
IQ:7,56,11,-187,93
IQ:8,72,12,179,-129
IQ:9,80,255,-131,-72
IQ:10,88,1,-72,208
IQ:11,96,255,183,65
IQ:12,104,2,0,-137
IQ:13,112,255,-195,125
IQ:14,120,10,19,461
IQ:15,128,255,317,8
IQ:16,136,3,-172,-268
IQ:17,144,255,-147,191
IQ:18,152,9,425,82
IQ:19,160,255,140,-402
IQ:20,168,4,-248,-104
IQ:21,176,255,-93,226
IQ:22,184,8,276,-81
IQ:23,192,255,-40,-278
IQ:24,200,7,-234,-1
IQ:25,208,255,-17,251
IQ:26,216,6,201,21
IQ:27,224,255,-5,-124
IQ:28,232,5,-151,162
IQ:29,240,255,127,264
IQ:30,248,12,178,124
IQ:31,256,255,36,-144
IQ:32,264,1,-211,24
IQ:33,272,255,52,192
IQ:34,280,2,137,-58
IQ:35,288,255,-92,-164
SW:2
RR:3
SS:3
FR:2480
ME:7
MA:189
KE:17
KA:183
DF_END

Data arrived...
DF_BEGIN
IQ:0,0,11,96,144
IQ:1,8,11,127,-121
IQ:2,16,11,-140,-105
IQ:3,24,11,-103,145
IQ:4,32,11,145,91
IQ:5,40,11,82,-152
IQ:6,48,11,-160,-58
IQ:7,56,11,-47,173
IQ:8,72,12,54,-190
IQ:9,80,255,-145,-26
IQ:10,88,1,28,174
IQ:11,96,255,155,-13
IQ:12,104,2,-46,-136
IQ:13,112,255,-95,52
IQ:14,120,10,179,95
IQ:15,128,255,92,-140
IQ:16,136,3,-184,-27
IQ:17,144,255,-16,141
IQ:18,152,9,132,-84
IQ:19,160,255,-66,-150
IQ:20,168,4,-146,60
IQ:21,176,255,15,131
IQ:22,184,8,53,-86
IQ:23,192,255,-80,-74
IQ:24,200,7,-64,93
IQ:25,208,255,69,103
IQ:26,216,6,88,-11
IQ:27,224,255,-22,-51
IQ:28,232,5,-33,110
IQ:29,240,255,137,89
IQ:30,248,12,196,-16
IQ:31,256,255,-34,-143
IQ:32,264,1,-157,83
IQ:33,272,255,92,126
IQ:34,280,2,103,-101
IQ:35,288,255,-114,-91
SW:2
RR:3
SS:3
FR:2426
ME:10
MA:178
KE:16
KA:182
DF_END

Data arrived...
DF_BEGIN
IQ:0,0,11,48,-177
IQ:1,8,11,-173,-34
IQ:2,16,11,-17,177
IQ:3,24,11,179,-8
IQ:4,32,11,-30,-186
IQ:5,40,11,-189,46
IQ:6,48,11,59,173
IQ:7,56,11,170,-69
IQ:8,72,12,-188,135
IQ:9,80,255,81,166
IQ:10,88,1,109,-120
IQ:11,96,255,-123,-118
IQ:12,104,2,-136,157
IQ:13,112,255,94,148
IQ:14,120,10,-12,-72
IQ:15,128,255,-71,-23
IQ:16,136,3,79,45
IQ:17,144,255,65,-18
IQ:18,152,9,-9,25
IQ:19,160,255,-13,3
IQ:20,168,4,4,-32
IQ:21,176,255,43,1
IQ:22,184,8,108,57
IQ:23,192,255,33,-67
IQ:24,200,7,-50,-63
IQ:25,208,255,-10,-20
IQ:26,216,6,21,-124
IQ:27,224,255,-118,-86
IQ:28,232,5,-95,-38
IQ:29,240,255,-62,-17
IQ:30,248,12,-210,-104
IQ:31,256,255,-136,147
IQ:32,264,1,155,48
IQ:33,272,255,59,-159
IQ:34,280,2,-187,-80
IQ:35,288,255,-62,175
SW:2
RR:3
SS:3
FR:2402
ME:33
MA:181
KE:18
KA:182
DF_END

Data arrived...
DF_BEGIN
IQ:0,0,11,-162,90
IQ:1,8,11,100,150
IQ:2,16,11,140,-115
IQ:3,24,11,-122,-144
IQ:4,32,11,-127,130
IQ:5,40,11,140,104
IQ:6,48,11,100,-157
IQ:7,56,11,-154,-95
IQ:8,72,12,219,50
IQ:9,80,255,79,-175
IQ:10,88,1,-160,-3
IQ:11,96,255,-7,172
IQ:12,104,2,213,30
IQ:13,112,255,63,-159
IQ:14,120,10,-45,54
IQ:15,128,255,30,67
IQ:16,136,3,-13,-86
IQ:17,144,255,-60,-36
IQ:18,152,9,26,-14
IQ:19,160,255,6,2
IQ:20,168,4,-21,15
IQ:21,176,255,-14,-36
IQ:22,184,8,-20,-119
IQ:23,192,255,-73,9
IQ:24,200,7,-9,78
IQ:25,208,255,-6,16
IQ:26,216,6,-108,69
IQ:27,224,255,18,140
IQ:28,232,5,36,95
IQ:29,240,255,23,52
IQ:30,248,12,35,231
IQ:31,256,255,191,17
IQ:32,264,1,-60,-147
IQ:33,272,255,-161,60
IQ:34,280,2,69,193
IQ:35,288,255,169,-73
SW:2
RR:3
SS:3
FR:2402
ME:33
MA:184
KE:19
KA:182
DF_END

Data arrived...
DF_BEGIN
IQ:0,0,11,12,231
IQ:1,8,11,217,-35
IQ:2,16,11,-46,-202
IQ:3,24,11,-210,72
IQ:4,32,11,99,197
IQ:5,40,11,202,-112
IQ:6,48,11,-108,-201
IQ:7,56,11,-177,128
IQ:8,72,12,144,-152
IQ:9,80,255,-154,-59
IQ:10,88,1,-46,223
IQ:11,96,255,194,25
IQ:12,104,2,-41,-146
IQ:13,112,255,-171,151
IQ:14,120,10,64,450
IQ:15,128,255,301,-63
IQ:16,136,3,-226,-250
IQ:17,144,255,-126,181
IQ:18,152,9,452,-15
IQ:19,160,255,74,-424
IQ:20,168,4,-290,-91
IQ:21,176,255,-71,233
IQ:22,184,8,254,-136
IQ:23,192,255,-91,-285
IQ:24,200,7,-218,0
IQ:25,208,255,14,230
IQ:26,216,6,193,-22
IQ:27,224,255,-55,-137
IQ:28,232,5,-137,196
IQ:29,240,255,172,219
IQ:30,248,12,210,84
IQ:31,256,255,-16,-154
IQ:32,264,1,-216,77
IQ:33,272,255,74,173
IQ:34,280,2,103,-104
IQ:35,288,255,-139,-141
SW:2
RR:3
SS:3
FR:2480
ME:7
MA:198
KE:18
KA:184
DF_END

Data arrived...
DF_BEGIN
IQ:0,0,11,146,-82
IQ:1,8,11,-116,-142
IQ:2,16,11,-152,106
IQ:3,24,11,118,126
IQ:4,32,11,105,-142
IQ:5,40,11,-146,-103
IQ:6,48,11,-91,149
IQ:7,56,11,158,75
IQ:8,72,12,-171,-89
IQ:9,80,255,-56,144
IQ:10,88,1,179,19
IQ:11,96,255,12,-151
IQ:12,104,2,-149,21
IQ:13,112,255,35,101
IQ:14,120,10,114,-172
IQ:15,128,255,-127,-106
IQ:16,136,3,-58,180
IQ:17,144,255,131,52
IQ:18,152,9,-70,-140
IQ:19,160,255,-157,43
IQ:20,168,4,31,153
IQ:21,176,255,139,5
IQ:22,184,8,-70,-76
IQ:23,192,255,-94,58
IQ:24,200,7,71,82
IQ:25,208,255,114,-57
IQ:26,216,6,-5,-91
IQ:27,224,255,-51,15
IQ:28,232,5,107,41
IQ:29,240,255,115,-112
IQ:30,248,12,4,-201
IQ:31,256,255,-144,12
IQ:32,264,1,56,170
IQ:33,272,255,146,-55
IQ:34,280,2,-71,-129
IQ:35,288,255,-115,94
SW:2
RR:3
SS:3
FR:2426
ME:10
MA:175
KE:17
KA:183
DF_END

Data arrived...
DF_BEGIN
IQ:0,0,11,129,-120
IQ:1,8,11,-138,-121
IQ:2,16,11,-120,147
IQ:3,24,11,148,113
IQ:4,32,11,91,-165
IQ:5,40,11,-167,-85
IQ:6,48,11,-80,167
IQ:7,56,11,172,53
IQ:8,72,12,-226,-13
IQ:9,80,255,-56,188
IQ:10,88,1,152,-25
IQ:11,96,255,-37,-169
IQ:12,104,2,-206,27
IQ:13,112,255,-28,169
IQ:14,120,10,35,-59
IQ:15,128,255,-54,-59
IQ:16,136,3,34,86
IQ:17,144,255,63,26
IQ:18,152,9,-23,22
IQ:19,160,255,-14,-1
IQ:20,168,4,18,-25
IQ:21,176,255,21,28
IQ:22,184,8,36,113
IQ:23,192,255,64,-36
IQ:24,200,7,-5,-82
IQ:25,208,255,-5,-26
IQ:26,216,6,105,-87
IQ:27,224,255,-36,-131
IQ:28,232,5,-50,-86
IQ:29,240,255,-29,-54
IQ:30,248,12,-86,-212
IQ:31,256,255,-178,43
IQ:32,264,1,90,128
IQ:33,272,255,144,-83
IQ:34,280,2,-102,-184
IQ:35,288,255,-162,85
SW:2
RR:3
SS:3
FR:2402
ME:33
MA:184
KE:19
KA:183
DF_END

Data arrived...
DF_BEGIN
IQ:0,0,11,123,-142
IQ:1,8,11,-143,-107
IQ:2,16,11,-108,152
IQ:3,24,11,157,96
IQ:4,32,11,83,-166
IQ:5,40,11,-173,-65
IQ:6,48,11,-48,175
IQ:7,56,11,172,41
IQ:8,72,12,-226,7
IQ:9,80,255,-21,193
IQ:10,88,1,149,-45
IQ:11,96,255,-43,-164
IQ:12,104,2,-205,39
IQ:13,112,255,-2,172
IQ:14,120,10,34,-59
IQ:15,128,255,-48,-53
IQ:16,136,3,34,90
IQ:17,144,255,68,17
IQ:18,152,9,-26,15
IQ:19,160,255,-12,-1
IQ:20,168,4,18,-28
IQ:21,176,255,21,26
IQ:22,184,8,61,94
IQ:23,192,255,60,-46
IQ:24,200,7,-18,-87
IQ:25,208,255,-10,-12
IQ:26,216,6,77,-98
IQ:27,224,255,-60,-125
IQ:28,232,5,-71,-82
IQ:29,240,255,-36,-51
IQ:30,248,12,-119,-202
IQ:31,256,255,-187,50
IQ:32,264,1,96,129
IQ:33,272,255,136,-108
IQ:34,280,2,-128,-162
IQ:35,288,255,-152,110
SW:2
RR:3
SS:3
FR:2402
ME:33
MA:184
KE:20
KA:183
DF_END

Data arrived...
DF_BEGIN
IQ:0,0,11,-53,231
IQ:1,8,11,215,30
IQ:2,16,11,1,-231
IQ:3,24,11,-214,2
IQ:4,32,11,35,206
IQ:5,40,11,214,-59
IQ:6,48,11,-67,-208
IQ:7,56,11,-198,89
IQ:8,72,12,172,-132
IQ:9,80,255,-138,-106
IQ:10,88,1,-94,194
IQ:11,96,255,165,71
IQ:12,104,2,-18,-157
IQ:13,112,255,-195,113
IQ:14,120,10,-38,456
IQ:15,128,255,318,-3
IQ:16,136,3,-157,-284
IQ:17,144,255,-175,170
IQ:18,152,9,437,126
IQ:19,160,255,209,-370
IQ:20,168,4,-256,-154
IQ:21,176,255,-100,224
IQ:22,184,8,279,-80
IQ:23,192,255,-11,-308
IQ:24,200,7,-217,-42
IQ:25,208,255,-10,239
IQ:26,216,6,194,26
IQ:27,224,255,-26,-154
IQ:28,232,5,-171,145
IQ:29,240,255,114,269
IQ:30,248,12,169,145
IQ:31,256,255,30,-173
IQ:32,264,1,-215,-13
IQ:33,272,255,8,182
IQ:34,280,2,146,-56
IQ:35,288,255,-106,-165
SW:2
RR:3
SS:3
FR:2480
ME:7
MA:192
KE:19
KA:184
DF_END

Data arrived...
DF_BEGIN
IQ:0,0,11,-43,-172
IQ:1,8,11,-163,61
IQ:2,16,11,87,153
IQ:3,24,11,150,-86
IQ:4,32,11,-97,-149
IQ:5,40,11,-134,119
IQ:6,48,11,117,138
IQ:7,56,11,106,-136
IQ:8,72,12,-132,139
IQ:9,80,255,127,80
IQ:10,88,1,47,-170
IQ:11,96,255,-146,-41
IQ:12,104,2,-23,138
IQ:13,112,255,104,-4
IQ:14,120,10,-132,-161
IQ:15,128,255,-144,84
IQ:16,136,3,151,105
IQ:17,144,255,88,-109
IQ:18,152,9,-151,32
IQ:19,160,255,7,157
IQ:20,168,4,158,10
IQ:21,176,255,36,-128
IQ:22,184,8,-79,58
IQ:23,192,255,37,102
IQ:24,200,7,99,-55
IQ:25,208,255,-29,-130
IQ:26,216,6,-85,-30
IQ:27,224,255,3,51
IQ:28,232,5,66,-93
IQ:29,240,255,-98,-131
IQ:30,248,12,-191,-58
IQ:31,256,255,-34,147
IQ:32,264,1,172,-24
IQ:33,272,255,-17,-153
IQ:34,280,2,-141,34
IQ:35,288,255,59,134
SW:2
RR:3
SS:3
FR:2426
ME:10
MA:175
KE:18
KA:183
DF_END

Data arrived...
DF_BEGIN
IQ:0,0,11,178,10
IQ:1,8,11,-15,-181
IQ:2,16,11,-188,29
IQ:3,24,11,31,174
IQ:4,32,11,171,-62
IQ:5,40,11,-73,-163
IQ:6,48,11,-145,101
IQ:7,56,11,113,144
IQ:8,72,12,-164,-157
IQ:9,80,255,-153,122
IQ:10,88,1,135,90
IQ:11,96,255,101,-150
IQ:12,104,2,-171,-117
IQ:13,112,255,-126,123
IQ:14,120,10,71,-24
IQ:15,128,255,13,-66
IQ:16,136,3,-35,85
IQ:17,144,255,30,72
IQ:18,152,9,-31,-7
IQ:19,160,255,-3,-5
IQ:20,168,4,33,-3
IQ:21,176,255,5,35
IQ:22,184,8,-33,113
IQ:23,192,255,73,18
IQ:24,200,7,46,-66
IQ:25,208,255,14,-20
IQ:26,216,6,134,-11
IQ:27,224,255,44,-125
IQ:28,232,5,6,-99
IQ:29,240,255,5,-59
IQ:30,248,12,72,-217
IQ:31,256,255,-168,-89
IQ:32,264,1,-17,161
IQ:33,272,255,168,39
IQ:34,280,2,48,-196
IQ:35,288,255,-184,-43
SW:2
RR:3
SS:3
FR:2402
ME:33
MA:181
KE:19
KA:183
DF_END

Data arrived...
DF_BEGIN
IQ:0,0,11,176,142
IQ:1,8,11,141,-160
IQ:2,16,11,-171,-118
IQ:3,24,11,-106,200
IQ:4,32,11,206,74
IQ:5,40,11,48,-208
IQ:6,48,11,-211,-24
IQ:7,56,11,-15,221
IQ:8,72,12,-22,-212
IQ:9,80,255,-154,68
IQ:10,88,1,120,195
IQ:11,96,255,154,-112
IQ:12,104,2,-132,-75
IQ:13,112,255,-5,235
IQ:14,120,10,396,230
IQ:15,128,255,162,-281
IQ:16,136,3,-326,2
IQ:17,144,255,57,239
IQ:18,152,9,316,-308
IQ:19,160,255,-232,-344
IQ:20,168,4,-245,156
IQ:21,176,255,128,206
IQ:22,184,8,66,-270
IQ:23,192,255,-271,-129
IQ:24,200,7,-139,181
IQ:25,208,255,185,121
IQ:26,216,6,102,-168
IQ:27,224,255,-143,-49
IQ:28,232,5,50,235
IQ:29,240,255,279,22
IQ:30,248,12,201,-87
IQ:31,256,255,-117,-93
IQ:32,264,1,-93,202
IQ:33,272,255,163,80
IQ:34,280,2,4,-157
IQ:35,288,255,-211,-18
SW:2
RR:3
SS:3
FR:2480
ME:353
MA:5
KE:17
KA:183
DF_END

Data arrived...
DF_BEGIN
IQ:0,0,11,-181,-19
IQ:1,8,11,-3,172
IQ:2,16,11,181,-9
IQ:3,24,11,-34,-176
IQ:4,32,11,-173,38
IQ:5,40,11,49,174
IQ:6,48,11,164,-67
IQ:7,56,11,-91,-150
IQ:8,72,12,108,175
IQ:9,80,255,134,-78
IQ:10,88,1,-142,-123
IQ:11,96,255,-114,104
IQ:12,104,2,121,65
IQ:13,112,255,25,-101
IQ:14,120,10,-194,66
IQ:15,128,255,45,164
IQ:16,136,3,151,-106
IQ:17,144,255,-83,-112
IQ:18,152,9,-37,152
IQ:19,160,255,144,72
IQ:20,168,4,67,-145
IQ:21,176,255,-96,-87
IQ:22,184,8,22,93
IQ:23,192,255,109,-8
IQ:24,200,7,-19,-108
IQ:25,208,255,-126,-22
IQ:26,216,6,-45,71
IQ:27,224,255,59,11
IQ:28,232,5,-63,-96
IQ:29,240,255,-157,44
IQ:30,248,12,-140,153
IQ:31,256,255,120,92
IQ:32,264,1,64,-163
IQ:33,272,255,-140,-46
IQ:34,280,2,-10,141
IQ:35,288,255,146,-8
SW:2
RR:3
SS:3
FR:2426
ME:10
MA:178
KE:16
KA:182
DF_END

Data arrived...
DF_BEGIN
IQ:0,0,11,56,-168
IQ:1,8,11,-172,-23
IQ:2,16,11,-14,185
IQ:3,24,11,171,-8
IQ:4,32,11,-26,-176
IQ:5,40,11,-173,32
IQ:6,48,11,62,167
IQ:7,56,11,162,-76
IQ:8,72,12,-185,70
IQ:9,80,255,56,140
IQ:10,88,1,138,-126
IQ:11,96,255,-97,-113
IQ:12,104,2,-86,118
IQ:13,112,255,89,42
IQ:14,120,10,-46,-194
IQ:15,128,255,-166,21
IQ:16,136,3,96,161
IQ:17,144,255,128,-76
IQ:18,152,9,-150,-57
IQ:19,160,255,-83,140
IQ:20,168,4,131,83
IQ:21,176,255,96,-97
IQ:22,184,8,-103,4
IQ:23,192,255,-23,107
IQ:24,200,7,111,-6
IQ:25,208,255,29,-122
IQ:26,216,6,-68,-64
IQ:27,224,255,-22,45
IQ:28,232,5,100,-49
IQ:29,240,255,-14,-158
IQ:30,248,12,-143,-134
IQ:31,256,255,-81,120
IQ:32,264,1,169,57
IQ:33,272,255,51,-146
IQ:34,280,2,-141,-39
IQ:35,288,255,-13,144
SW:2
RR:3
SS:3
FR:2426
ME:7
MA:167
KE:15
KA:180
DF_END

Data arrived...
DF_BEGIN
IQ:0,0,11,88,-167
IQ:1,8,11,-167,-81
IQ:2,16,11,-59,170
IQ:3,24,11,171,44
IQ:4,32,11,33,-182
IQ:5,40,11,-181,-17
IQ:6,48,11,2,183
IQ:7,56,11,182,-35
IQ:8,72,12,-212,86
IQ:9,80,255,37,193
IQ:10,88,1,136,-91
IQ:11,96,255,-92,-153
IQ:12,104,2,-184,106
IQ:13,112,255,36,167
IQ:14,120,10,3,-66
IQ:15,128,255,-65,-40
IQ:16,136,3,60,64
IQ:17,144,255,70,4
IQ:18,152,9,-16,19
IQ:19,160,255,-12,-2
IQ:20,168,4,11,-35
IQ:21,176,255,24,19
IQ:22,184,8,84,78
IQ:23,192,255,44,-52
IQ:24,200,7,-43,-77
IQ:25,208,255,-10,-13
IQ:26,216,6,61,-117
IQ:27,224,255,-94,-109
IQ:28,232,5,-83,-57
IQ:29,240,255,-50,-33
IQ:30,248,12,-165,-168
IQ:31,256,255,-160,101
IQ:32,264,1,123,92
IQ:33,272,255,106,-137
IQ:34,280,2,-165,-124
IQ:35,288,255,-113,143
SW:2
RR:3
SS:3
FR:2402
ME:33
MA:181
KE:17
KA:180
DF_END

Data arrived...
DF_BEGIN
IQ:0,0,11,242,-4
IQ:1,8,11,-36,-206
IQ:2,16,11,-194,69
IQ:3,24,11,97,217
IQ:4,32,11,216,-76
IQ:5,40,11,-88,-183
IQ:6,48,11,-171,137
IQ:7,56,11,148,180
IQ:8,72,12,-161,-141
IQ:9,80,255,-48,162
IQ:10,88,1,238,36
IQ:11,96,255,31,-181
IQ:12,104,2,-130,68
IQ:13,112,255,148,191
IQ:14,120,10,462,-106
IQ:15,128,255,-62,-306
IQ:16,136,3,-240,218
IQ:17,144,255,219,107
IQ:18,152,9,-24,-438
IQ:19,160,255,-412,-29
IQ:20,168,4,-70,303
IQ:21,176,255,240,86
IQ:22,184,8,-138,-234
IQ:23,192,255,-270,117
IQ:24,200,7,55,231
IQ:25,208,255,246,-33
IQ:26,216,6,-13,-192
IQ:27,224,255,-135,53
IQ:28,232,5,179,127
IQ:29,240,255,224,-174
IQ:30,248,12,86,-204
IQ:31,256,255,-160,12
IQ:32,264,1,63,230
IQ:33,272,255,179,-69
IQ:34,280,2,-90,-106
IQ:35,288,255,-139,147
SW:2
RR:3
SS:3
FR:2480
ME:10
MA:198
KE:16
KA:182
DF_END

Data arrived...
DF_BEGIN
IQ:0,0,11,-179,-12
IQ:1,8,11,5,176
IQ:2,16,11,177,-24
IQ:3,24,11,-25,-176
IQ:4,32,11,-171,41
IQ:5,40,11,57,174
IQ:6,48,11,159,-69
IQ:7,56,11,-89,-154
IQ:8,72,12,97,169
IQ:9,80,255,129,-77
IQ:10,88,1,-131,-115
IQ:11,96,255,-88,129
IQ:12,104,2,128,71
IQ:13,112,255,30,-102
IQ:14,120,10,-196,66
IQ:15,128,255,24,168
IQ:16,136,3,148,-115
IQ:17,144,255,-82,-120
IQ:18,152,9,-21,152
IQ:19,160,255,156,55
IQ:20,168,4,73,-143
IQ:21,176,255,-92,-89
IQ:22,184,8,24,95
IQ:23,192,255,110,-2
IQ:24,200,7,-18,-113
IQ:25,208,255,-130,-23
IQ:26,216,6,-51,75
IQ:27,224,255,58,13
IQ:28,232,5,-69,-95
IQ:29,240,255,-162,31
IQ:30,248,12,-132,154
IQ:31,256,255,120,77
IQ:32,264,1,43,-173
IQ:33,272,255,-151,-39
IQ:34,280,2,-18,150
IQ:35,288,255,146,-6
SW:2
RR:3
SS:3
FR:2426
ME:10
MA:178
KE:15
KA:181
DF_END