KE:19
KA:326
DF_END

Data arrived...
DF_BEGIN
IQ:0,0,11,-79,-158
IQ:1,8,11,-157,94
IQ:2,16,11,114,138
IQ:3,24,11,136,-126
IQ:4,32,11,-142,-124
IQ:5,40,11,-112,147
IQ:6,48,11,164,102
IQ:7,56,11,86,-160
IQ:8,72,12,-13,246
IQ:9,80,255,180,64
IQ:10,88,1,-43,-121
IQ:11,96,255,-122,19
IQ:12,104,2,58,19
IQ:13,112,255,47,-85
IQ:14,120,10,-202,-118
IQ:15,128,255,-200,124
IQ:16,136,3,-61,87
IQ:17,144,255,52,67
IQ:18,152,9,-4,69
IQ:19,160,255,-37,104
IQ:20,168,4,-45,226
IQ:21,176,255,165,54
IQ:22,184,8,82,-36
IQ:23,192,255,-35,14
IQ:24,200,7,19,184
IQ:25,208,255,115,-19
IQ:26,216,6,-107,-57
IQ:27,224,255,20,149
IQ:28,232,5,303,19
IQ:29,240,255,30,-226
IQ:30,248,12,-206,95
IQ:31,256,255,56,191
IQ:32,264,1,97,-103
IQ:33,272,255,-64,-110
IQ:34,280,2,1,55
IQ:35,288,255,119,35
SW:2
RR:3
SS:3
FR:2480
ME:47
MA:201
KE:22
KA:299
DF_END

Data arrived...
DF_BEGIN
IQ:0,0,11,136,-13
IQ:1,8,11,-54,-113
IQ:2,16,11,-130,35
IQ:3,24,11,51,132
IQ:4,32,11,127,-60
IQ:5,40,11,-66,-111
IQ:6,48,11,-114,83
IQ:7,56,11,96,100
IQ:8,72,12,-75,-26
IQ:9,80,255,-47,62
IQ:10,88,1,-13,46
IQ:11,96,255,23,-30
IQ:12,104,2,4,-46
IQ:13,112,255,-8,-30
IQ:14,120,10,101,-41
IQ:15,128,255,-28,-111
IQ:16,136,3,-132,-137
IQ:17,144,255,-121,85
IQ:18,152,9,-44,98
IQ:19,160,255,-63,-46
IQ:20,168,4,-244,-31
IQ:21,176,255,-123,199
IQ:22,184,8,91,115
IQ:23,192,255,56,-70
IQ:24,200,7,-216,19
IQ:25,208,255,-50,178
IQ:26,216,6,84,-57
IQ:27,224,255,-59,-41
IQ:28,232,5,-5,183
IQ:29,240,255,151,58
IQ:30,248,12,-12,-72
IQ:31,256,255,-99,-18
IQ:32,264,1,-25,21
IQ:33,272,255,49,27
IQ:34,280,2,61,-8
IQ:35,288,255,-16,7
SW:2
RR:3
SS:3
FR:2426
ME:359
MA:353
KE:19
KA:320
DF_END

Data arrived...
DF_BEGIN
IQ:0,0,11,91,152
IQ:1,8,11,144,-112
IQ:2,16,11,-120,-136
IQ:3,24,11,-120,139
IQ:4,32,11,136,113
IQ:5,40,11,86,-156
IQ:6,48,11,-163,-92
IQ:7,56,11,-72,162
IQ:8,72,12,-65,-144
IQ:9,80,255,-141,44
IQ:10,88,1,63,94
IQ:11,96,255,127,-35
IQ:12,104,2,37,-31
IQ:13,112,255,-29,20
IQ:14,120,10,94,105
IQ:15,128,255,128,-87
IQ:16,136,3,-25,-142
IQ:17,144,255,-104,20
IQ:18,152,9,68,38
IQ:19,160,255,49,-140
IQ:20,168,4,-210,-203
IQ:21,176,255,-211,115
IQ:22,184,8,28,110
IQ:23,192,255,86,-71
IQ:24,200,7,-107,-125
IQ:25,208,255,-91,90
IQ:26,216,6,112,35
IQ:27,224,255,-3,-98
IQ:28,232,5,-147,72
IQ:29,240,255,43,137
IQ:30,248,12,99,-129
IQ:31,256,255,-97,-121
IQ:32,264,1,-63,95
IQ:33,272,255,89,105
IQ:34,280,2,44,16
IQ:35,288,255,-58,-21
SW:2
RR:3
SS:3
FR:2402
ME:2
MA:5
KE:18
KA:335
DF_END

Data arrived...
DF_BEGIN
IQ:0,0,11,116,-111
IQ:1,8,11,-111,-98
IQ:2,16,11,-98,118
IQ:3,24,11,121,84
IQ:4,32,11,75,-137
IQ:5,40,11,-138,-61
IQ:6,48,11,-56,145
IQ:7,56,11,141,49
IQ:8,72,12,-115,76
IQ:9,80,255,53,110
IQ:10,88,1,65,-71
IQ:11,96,255,-50,-93
IQ:12,104,2,-26,-10
IQ:13,112,255,41,20
IQ:14,120,10,66,-99
IQ:15,128,255,-90,-95
IQ:16,136,3,-97,29
IQ:17,144,255,17,70
IQ:18,152,9,20,-41
IQ:19,160,255,-105,-11
IQ:20,168,4,-130,176
IQ:21,176,255,118,143
IQ:22,184,8,93,-36
IQ:23,192,255,-66,-50
IQ:24,200,7,-94,117
IQ:25,208,255,84,72
IQ:26,216,6,15,-94
IQ:27,224,255,-82,14
IQ:28,232,5,82,105
IQ:29,240,255,96,-75
IQ:30,248,12,-123,-64
IQ:31,256,255,-78,105
IQ:32,264,1,88,27
IQ:33,272,255,66,-86
IQ:34,280,2,-3,-33
IQ:35,288,255,-3,56
SW:2
RR:3
SS:3
FR:2402
ME:2
MA:5
KE:16
KA:343
DF_END

Data arrived...
DF_BEGIN
IQ:0,0,11,-103,-146
IQ:1,8,11,-144,121
IQ:2,16,11,116,134
IQ:3,24,11,123,-132
IQ:4,32,11,-150,-106
IQ:5,40,11,-89,156
IQ:6,48,11,172,80
IQ:7,56,11,72,-174
IQ:8,72,12,45,216
IQ:9,80,255,182,-1
IQ:10,88,1,-75,-112
IQ:11,96,255,-108,37
IQ:12,104,2,73,4
IQ:13,112,255,18,-112
IQ:14,120,10,-227,-111
IQ:15,128,255,-185,135
IQ:16,136,3,-52,62
IQ:17,144,255,39,48
IQ:18,152,9,-15,90
IQ:19,160,255,2,104
IQ:20,168,4,-35,195
IQ:21,176,255,136,45
IQ:22,184,8,75,-16
IQ:23,192,255,-6,25
IQ:24,200,7,32,151
IQ:25,208,255,98,-22
IQ:26,216,6,-104,-30
IQ:27,224,255,34,132
IQ:28,232,5,276,-3
IQ:29,240,255,6,-200
IQ:30,248,12,-186,116
IQ:31,256,255,68,166
IQ:32,264,1,73,-114
IQ:33,272,255,-83,-91
IQ:34,280,2,28,65
IQ:35,288,255,135,-5
SW:2
RR:3
SS:3
FR:2480
ME:47
MA:206
KE:19
KA:326
DF_END

Data arrived...
DF_BEGIN
IQ:0,0,11,172,67
IQ:1,8,11,52,-183
IQ:2,16,11,-182,-37
IQ:3,24,11,-3,180
IQ:4,32,11,184,-10
IQ:5,40,11,-29,-183
IQ:6,48,11,-181,27
IQ:7,56,11,59,169
IQ:8,72,12,-148,-171
IQ:9,80,255,-152,111
IQ:10,88,1,132,53
IQ:11,96,255,74,-109
IQ:12,104,2,-67,34
IQ:13,112,255,41,106
IQ:14,120,10,242,-17
IQ:15,128,255,76,-230
IQ:16,136,3,-16,-94
IQ:17,144,255,-64,-8
IQ:18,152,9,-31,-61
IQ:19,160,255,-44,-109
IQ:20,168,4,-108,-178
IQ:21,176,255,-143,66
IQ:22,184,8,-39,57
IQ:23,192,255,7,-42
IQ:24,200,7,-133,-104
IQ:25,208,255,-64,94
IQ:26,216,6,126,-35
IQ:27,224,255,-109,-100
IQ:28,232,5,-215,180
IQ:29,240,255,129,182
IQ:30,248,12,91,-215
IQ:31,256,255,-162,-120
IQ:32,264,1,-2,145
IQ:33,272,255,127,29
IQ:34,280,2,-58,-43
IQ:35,288,255,-110,79
SW:2
RR:3
SS:3
FR:2480
ME:47
MA:206
KE:22
KA:296
DF_END

Data arrived...
DF_BEGIN
IQ:0,0,11,155,49
IQ:1,8,11,34,-166
IQ:2,16,11,-165,-21
IQ:3,24,11,-6,150
IQ:4,32,11,161,-15
IQ:5,40,11,-30,-162
IQ:6,48,11,-156,49
IQ:7,56,11,42,163
IQ:8,72,12,-76,-51
IQ:9,80,255,-93,55
IQ:10,88,1,-8,47
IQ:11,96,255,72,-17
IQ:12,104,2,52,-64
IQ:13,112,255,-25,-14
IQ:14,120,10,79,-11
IQ:15,128,255,39,-138
IQ:16,136,3,-74,-187
IQ:17,144,255,-171,14
IQ:18,152,9,-56,52
IQ:19,160,255,-19,-51
IQ:20,168,4,-255,-121
IQ:21,176,255,-163,199
IQ:22,184,8,45,208
IQ:23,192,255,100,-56
IQ:24,200,7,-268,-93
IQ:25,208,255,-101,197
IQ:26,216,6,119,-19
IQ:27,224,255,-47,-63
IQ:28,232,5,-46,205
IQ:29,240,255,166,100
IQ:30,248,12,1,-84
IQ:31,256,255,-103,-63
IQ:32,264,1,-39,12
IQ:33,272,255,38,56
IQ:34,280,2,69,25
IQ:35,288,255,-25,-7
SW:2
RR:3
SS:3
FR:2426
ME:2
MA:5
KE:20
KA:318
DF_END

Data arrived...
DF_BEGIN
IQ:0,0,11,-167,54
IQ:1,8,11,64,168
IQ:2,16,11,156,-79
IQ:3,24,11,-106,-143
IQ:4,32,11,-139,107
IQ:5,40,11,122,125
IQ:6,48,11,122,-129
IQ:7,56,11,-137,-102
IQ:8,72,12,136,-21
IQ:9,80,255,17,-132
IQ:10,88,1,-95,18
IQ:11,96,255,-8,119
IQ:12,104,2,27,40
IQ:13,112,255,-11,-39
IQ:14,120,10,-107,57
IQ:15,128,255,32,142
IQ:16,136,3,123,44
IQ:17,144,255,24,-100
IQ:18,152,9,-65,18
IQ:19,160,255,83,74
IQ:20,168,4,204,-113
IQ:21,176,255,-57,-197
IQ:22,184,8,-125,-2
IQ:23,192,255,40,98
IQ:24,200,7,146,-92
IQ:25,208,255,-73,-122
IQ:26,216,6,-69,83
IQ:27,224,255,74,45
IQ:28,232,5,-21,-123
IQ:29,240,255,-122,15
IQ:30,248,12,67,116
IQ:31,256,255,125,-36
IQ:32,264,1,-62,-77
IQ:33,272,255,-108,40
IQ:34,280,2,-23,37
IQ:35,288,255,41,-51
SW:2
RR:3
SS:3
FR:2402
ME:2
MA:5
KE:18
KA:333
DF_END

Data arrived...
DF_BEGIN
IQ:0,0,11,166,59
IQ:1,8,11,34,-175
IQ:2,16,11,-179,-17
IQ:3,24,11,-11,174
IQ:4,32,11,179,-10
IQ:5,40,11,-14,-174
IQ:6,48,11,-169,50
IQ:7,56,11,59,171
IQ:8,72,12,-156,-169
IQ:9,80,255,-144,109
IQ:10,88,1,126,39
IQ:11,96,255,65,-105
IQ:12,104,2,-52,32
IQ:13,112,255,42,90
IQ:14,120,10,229,-69
IQ:15,128,255,45,-229
IQ:16,136,3,-22,-100
IQ:17,144,255,-69,-10
IQ:18,152,9,-48,-62
IQ:19,160,255,-61,-84
IQ:20,168,4,-108,-184
IQ:21,176,255,-141,62
IQ:22,184,8,-35,72
IQ:23,192,255,5,-42
IQ:24,200,7,-130,-109
IQ:25,208,255,-63,79
IQ:26,216,6,106,-42
IQ:27,224,255,-109,-92
IQ:28,232,5,-226,182
IQ:29,240,255,122,182
IQ:30,248,12,71,-198
IQ:31,256,255,-162,-97
IQ:32,264,1,18,127
IQ:33,272,255,125,15
IQ:34,280,2,-49,-38
IQ:35,288,255,-106,78
SW:2
RR:3
SS:3
FR:2480
ME:47
MA:206
KE:21
KA:308
DF_END

Data arrived...
DF_BEGIN
IQ:0,0,11,-155,-20
IQ:1,8,11,-43,152
IQ:2,16,11,146,49
IQ:3,24,11,-11,-143
IQ:4,32,11,-151,56
IQ:5,40,11,41,149
IQ:6,48,11,127,-44
IQ:7,56,11,-84,-118
IQ:8,72,12,77,13
IQ:9,80,255,99,-23
IQ:10,88,1,-2,-22
IQ:11,96,255,-50,70
IQ:12,104,2,-60,40
IQ:13,112,255,-9,27
IQ:14,120,10,-75,10
IQ:15,128,255,-36,218
IQ:16,136,3,190,163
IQ:17,144,255,101,-34
IQ:18,152,9,15,-67
IQ:19,160,255,12,24
IQ:20,168,4,283,79
IQ:21,176,255,71,-239
IQ:22,184,8,-93,-214
IQ:23,192,255,-149,115
IQ:24,200,7,245,-18
IQ:25,208,255,90,-195
IQ:26,216,6,-134,38
IQ:27,224,255,36,41
IQ:28,232,5,36,-212
IQ:29,240,255,-212,-42
IQ:30,248,12,-5,79
IQ:31,256,255,130,21
IQ:32,264,1,12,-46
IQ:33,272,255,-2,-130
IQ:34,280,2,-94,-33
IQ:35,288,255,13,-2
SW:2
RR:3
SS:3
FR:2426
ME:5
MA:5
KE:20
KA:326
DF_END

Data arrived...
DF_BEGIN
IQ:0,0,11,-32,-170
IQ:1,8,11,-161,45
IQ:2,16,11,53,153
IQ:3,24,11,150,-86
IQ:4,32,11,-96,-153
IQ:5,40,11,-149,93
IQ:6,48,11,105,133
IQ:7,56,11,110,-130
IQ:8,72,12,-1,102
IQ:9,80,255,106,51
IQ:10,88,1,9,-32
IQ:11,96,255,-63,-39
IQ:12,104,2,-46,-36
IQ:13,112,255,-8,-10
IQ:14,120,10,-90,-89
IQ:15,128,255,-158,48
IQ:16,136,3,-107,151
IQ:17,144,255,83,118
IQ:18,152,9,30,32
IQ:19,160,255,-32,70
IQ:20,168,4,23,274
IQ:21,176,255,222,46
IQ:22,184,8,137,-91
IQ:23,192,255,-68,-36
IQ:24,200,7,12,251
IQ:25,208,255,193,7
IQ:26,216,6,-68,-92
IQ:27,224,255,-17,73
IQ:28,232,5,230,-44
IQ:29,240,255,23,-196
IQ:30,248,12,-92,36
IQ:31,256,255,-4,117
IQ:32,264,1,35,-6
IQ:33,272,255,4,-75
IQ:34,280,2,9,-61
IQ:35,288,255,30,1
SW:2
RR:3
SS:3
FR:2426
ME:47
MA:217
KE:23
KA:300
DF_END

Data arrived...
DF_BEGIN
IQ:0,0,11,-157,38
IQ:1,8,11,66,151
IQ:2,16,11,142,-68
IQ:3,24,11,-81,-134
IQ:4,32,11,-137,85
IQ:5,40,11,95,122
IQ:6,48,11,118,-115
IQ:7,56,11,-118,-103
IQ:8,72,12,121,-17
IQ:9,80,255,8,-113
IQ:10,88,1,-88,42
IQ:11,96,255,-2,101
IQ:12,104,2,-2,17
IQ:13,112,255,-23,-28
IQ:14,120,10,-96,39
IQ:15,128,255,33,111
IQ:16,136,3,91,44
IQ:17,144,255,34,-65
IQ:18,152,9,-44,13
IQ:19,160,255,74,62
IQ:20,168,4,198,-83
IQ:21,176,255,-21,-184
IQ:22,184,8,-104,-16
IQ:23,192,255,18,83
IQ:24,200,7,124,-57
IQ:25,208,255,-50,-96
IQ:26,216,6,-52,71
IQ:27,224,255,71,24
IQ:28,232,5,-22,-106
IQ:29,240,255,-97,23
IQ:30,248,12,69,104
IQ:31,256,255,104,-43
IQ:32,264,1,-75,-57
IQ:33,272,255,-93,41
IQ:34,280,2,-16,3
IQ:35,288,255,20,-59
SW:2
RR:3
SS:3
FR:2402
ME:2
MA:5
KE:20
KA:321
DF_END

Data arrived...
DF_BEGIN
IQ:0,0,11,-119,-100
IQ:1,8,11,-88,121
IQ:2,16,11,132,76
IQ:3,24,11,60,-143
IQ:4,32,11,-146,-55
IQ:5,40,11,-51,147
IQ:6,48,11,142,33
IQ:7,56,11,20,-151
IQ:8,72,12,85,81
IQ:9,80,255,86,-57
IQ:10,88,1,-77,-47
IQ:11,96,255,-80,56
IQ:12,104,2,-17,5
IQ:13,112,255,6,-35
IQ:14,120,10,-80,-52
IQ:15,128,255,-82,82
IQ:16,136,3,3,92
IQ:17,144,255,71,-6
IQ:18,152,9,-32,-29
IQ:19,160,255,0,87
IQ:20,168,4,175,107
IQ:21,176,255,130,-125
IQ:22,184,8,-42,-92
IQ:23,192,255,-59,56
IQ:24,200,7,120,67
IQ:25,208,255,62,-93
IQ:26,216,6,-81,-18
IQ:27,224,255,7,65
IQ:28,232,5,70,-70
IQ:29,240,255,-72,-66
IQ:30,248,12,-48,108
IQ:31,256,255,92,56
IQ:32,264,1,1,-97
IQ:33,272,255,-83,-51
IQ:34,280,2,-16,-17
IQ:35,288,255,52,-13
SW:2
RR:3
SS:3
FR:2402
ME:2
MA:5
KE:18
KA:334
DF_END

Data arrived...
DF_BEGIN
IQ:0,0,11,168,-100
IQ:1,8,11,-109,-161
IQ:2,16,11,-145,116
IQ:3,24,11,142,124
IQ:4,32,11,118,-156
IQ:5,40,11,-156,-118
IQ:6,48,11,-89,171
IQ:7,56,11,180,57
IQ:8,72,12,-248,10
IQ:9,80,255,-14,206
IQ:10,88,1,158,-61
IQ:11,96,255,-29,-145
IQ:12,104,2,-50,86
IQ:13,112,255,103,69
IQ:14,120,10,125,-247
IQ:15,128,255,-153,-219
IQ:16,136,3,-98,-32
IQ:17,144,255,-36,58
IQ:18,152,9,-85,-31
IQ:19,160,255,-130,-26
IQ:20,168,4,-222,-19
IQ:21,176,255,-19,152
IQ:22,184,8,36,62
IQ:23,192,255,-37,-26
IQ:24,200,7,-180,31
IQ:25,208,255,22,109
IQ:26,216,6,54,-125
IQ:27,224,255,-171,35
IQ:28,232,5,29,325
IQ:29,240,255,257,-10
IQ:30,248,12,-111,-226
IQ:31,256,255,-210,55
IQ:32,264,1,122,112
IQ:33,272,255,102,-106
IQ:34,280,2,-95,-15
IQ:35,288,255,-62,147
SW:2
RR:3
SS:3
FR:2480
ME:47
MA:201
KE:21
KA:316
DF_END

Data arrived...
DF_BEGIN
IQ:0,0,11,-75,104
IQ:1,8,11,89,74
IQ:2,16,11,79,-135
IQ:3,24,11,-139,-63
IQ:4,32,11,-57,160
IQ:5,40,11,153,15
IQ:6,48,11,9,-125
IQ:7,56,11,-151,-8
IQ:8,72,12,115,-79
IQ:9,80,255,-18,-104
IQ:10,88,1,-24,17
IQ:11,96,255,67,4
IQ:12,104,2,-39,-19
IQ:13,112,255,-40,79
IQ:14,120,10,-18,125
IQ:15,128,255,125,30
IQ:16,136,3,145,-16
IQ:17,144,255,15,-5
IQ:18,152,9,72,-30
IQ:19,160,255,49,-116
IQ:20,168,4,189,-116
IQ:21,176,255,-107,-156
IQ:22,184,8,-150,-113
IQ:23,192,255,-31,-20
IQ:24,200,7,158,-130
IQ:25,208,255,-56,-86
IQ:26,216,6,21,71
IQ:27,224,255,40,-23
IQ:28,232,5,-172,-154
IQ:29,240,255,-129,115
IQ:30,248,12,95,54
IQ:31,256,255,49,-138
IQ:32,264,1,-54,21
IQ:33,272,255,-77,62
IQ:34,280,2,-27,-31
IQ:35,288,255,-121,-43
SW:2
RR:3
SS:3
FR:2426
ME:47
MA:212
KE:24
KA:289
DF_END

Data arrived...
DF_BEGIN
IQ:0,0,11,-32,172
IQ:1,8,11,171,-5
IQ:2,16,11,-18,-174
IQ:3,24,11,-160,39
IQ:4,32,11,48,171
IQ:5,40,11,164,-55
IQ:6,48,11,-66,-162
IQ:7,56,11,-146,89
IQ:8,72,12,39,-133
IQ:9,80,255,-118,-66
IQ:10,88,1,6,64
IQ:11,96,255,69,27
IQ:12,104,2,-30,5
IQ:13,112,255,-43,52
IQ:14,120,10,62,141
IQ:15,128,255,185,6
IQ:16,136,3,125,-78
IQ:17,144,255,-27,-88
IQ:18,152,9,36,-28
IQ:19,160,255,85,-82
IQ:20,168,4,106,-233
IQ:21,176,255,-165,-118
IQ:22,184,8,-121,8
IQ:23,192,255,36,18
IQ:24,200,7,51,-226
IQ:25,208,255,-144,-60
IQ:26,216,6,62,85
IQ:27,224,255,25,-100
IQ:28,232,5,-262,-56
IQ:29,240,255,-104,192
IQ:30,248,12,133,-18
IQ:31,256,255,9,-133
IQ:32,264,1,-56,29
IQ:33,272,255,3,75
IQ:34,280,2,-10,-16
IQ:35,288,255,-81,-46
SW:2
RR:3
SS:3
FR:2426
ME:49
MA:212
KE:27
KA:262
DF_END

Data arrived...
DF_BEGIN
IQ:0,0,11,-97,-150
IQ:1,8,11,-178,174
IQ:2,16,11,146,180
IQ:3,24,11,93,-126
IQ:4,32,11,-187,-80
IQ:5,40,11,-130,208
IQ:6,48,11,170,34
IQ:7,56,11,80,-226
IQ:8,72,12,73,270
IQ:9,80,255,205,53
IQ:10,88,1,-124,-126
IQ:11,96,255,-132,-1
IQ:12,104,2,108,45
IQ:13,112,255,36,-72
IQ:14,120,10,-267,-103
IQ:15,128,255,-213,184
IQ:16,136,3,-72,102
IQ:17,144,255,24,80
IQ:18,152,9,-84,69
IQ:19,160,255,-20,63
IQ:20,168,4,-50,192
IQ:21,176,255,119,31
IQ:22,184,8,42,-28
IQ:23,192,255,-29,37
IQ:24,200,7,18,154
IQ:25,208,255,68,-18
IQ:26,216,6,-140,-13
IQ:27,224,255,47,190
IQ:28,232,5,351,4
IQ:29,240,255,59,-211
IQ:30,248,12,-219,167
IQ:31,256,255,32,185
IQ:32,264,1,41,-108
IQ:33,272,255,-94,-67
IQ:34,280,2,32,86
IQ:35,288,255,158,4
SW:2
RR:3
SS:3
FR:2480
ME:44
MA:206
KE:29
KA:243
DF_END

Data arrived...
DF_BEGIN
IQ:0,0,11,169,78
IQ:1,8,11,76,-170
IQ:2,16,11,-180,-57
IQ:3,24,11,-26,184
IQ:4,32,11,191,20
IQ:5,40,11,2,-188
IQ:6,48,11,-187,39
IQ:7,56,11,52,188
IQ:8,72,12,-134,-178
IQ:9,80,255,-168,82
IQ:10,88,1,100,64
IQ:11,96,255,85,-86
IQ:12,104,2,-43,7
IQ:13,112,255,22,80
IQ:14,120,10,239,-31
IQ:15,128,255,99,-219
IQ:16,136,3,-7,-128
IQ:17,144,255,-96,-17
IQ:18,152,9,-45,-39
IQ:19,160,255,-30,-88
IQ:20,168,4,-107,-216
IQ:21,176,255,-175,67
IQ:22,184,8,-32,93
IQ:23,192,255,28,-41
IQ:24,200,7,-152,-128
IQ:25,208,255,-83,105
IQ:26,216,6,125,-17
IQ:27,224,255,-86,-119
IQ:28,232,5,-237,154
IQ:29,240,255,105,196
IQ:30,248,12,91,-198
IQ:31,256,255,-152,-120
IQ:32,264,1,-5,127
IQ:33,272,255,115,38
IQ:34,280,2,-21,-34
IQ:35,288,255,-103,52
SW:2
RR:3
SS:3
FR:2480
ME:47
MA:201
KE:31
KA:230
DF_END

Data arrived...
DF_BEGIN
IQ:0,0,11,-83,135
IQ:1,8,11,142,63
IQ:2,16,11,54,-148
IQ:3,24,11,-150,-46
IQ:4,32,11,-31,146
IQ:5,40,11,155,13
IQ:6,48,11,1,-151
IQ:7,56,11,-160,16
IQ:8,72,12,73,-61
IQ:9,80,255,-42,-97
IQ:10,88,1,-39,18
IQ:11,96,255,24,67
IQ:12,104,2,25,16
IQ:13,112,255,-21,-17
IQ:14,120,10,-15,99
IQ:15,128,255,121,79
IQ:16,136,3,155,-42
IQ:17,144,255,3,-124
IQ:18,152,9,-13,-17
IQ:19,160,255,84,-13
IQ:20,168,4,145,-180
IQ:21,176,255,-123,-167
IQ:22,184,8,-120,-6
IQ:23,192,255,47,52
IQ:24,200,7,129,-168
IQ:25,208,255,-116,-104
IQ:26,216,6,-1,112
IQ:27,224,255,73,-44
IQ:28,232,5,-168,-128
IQ:29,240,255,-134,119
IQ:30,248,12,84,26
IQ:31,256,255,69,-94
IQ:32,264,1,-37,-35
IQ:33,272,255,-48,50
IQ:34,280,2,-2,35
IQ:35,288,255,-12,-45
SW:2
RR:3
SS:3
FR:2426
ME:5
MA:5
KE:29
KA:244
DF_END

Data arrived...
DF_BEGIN
IQ:0,0,11,182,12
IQ:1,8,11,-11,-181
IQ:2,16,11,-186,23
IQ:3,24,11,42,185
IQ:4,32,11,176,-48
IQ:5,40,11,-75,-168
IQ:6,48,11,-162,79
IQ:7,56,11,105,147
IQ:8,72,12,-119,-20
IQ:9,80,255,-68,105
IQ:10,88,1,33,2
IQ:11,96,255,39,-45
IQ:12,104,2,57,9
IQ:13,112,255,44,0
IQ:14,120,10,110,-63
IQ:15,128,255,4,-173
IQ:16,136,3,-98,-176
IQ:17,144,255,-159,31
IQ:18,152,9,-67,27
IQ:19,160,255,-76,-48
IQ:20,168,4,-312,-68
IQ:21,176,255,-149,238
IQ:22,184,8,33,172
IQ:23,192,255,44,-47
IQ:24,200,7,-287,-67
IQ:25,208,255,-102,195
IQ:26,216,6,105,-50
IQ:27,224,255,-91,-21
IQ:28,232,5,-16,293
IQ:29,240,255,229,78
IQ:30,248,12,-34,-123
IQ:31,256,255,-128,-17
IQ:32,264,1,17,22
IQ:33,272,255,54,12
IQ:34,280,2,21,57
IQ:35,288,255,0,68
SW:2
RR:3
SS:3
FR:2426
ME:47
MA:215
KE:31
KA:234
DF_END

Data arrived...
DF_BEGIN
IQ:0,0,11,176,-37
IQ:1,8,11,-65,-163
IQ:2,16,11,-158,87
IQ:3,24,11,93,156
IQ:4,32,11,155,-103
IQ:5,40,11,-110,-136
IQ:6,48,11,-145,120
IQ:7,56,11,127,122
IQ:8,72,12,-165,33
IQ:9,80,255,3,130
IQ:10,88,1,112,-62
IQ:11,96,255,-18,-122
IQ:12,104,2,10,-4
IQ:13,112,255,47,22
IQ:14,120,10,120,-55
IQ:15,128,255,-22,-141
IQ:16,136,3,-96,-39
IQ:17,144,255,-24,67
IQ:18,152,9,46,-31
IQ:19,160,255,-94,-69
IQ:20,168,4,-227,106
IQ:21,176,255,42,212
IQ:22,184,8,101,22
IQ:23,192,255,-28,-81
IQ:24,200,7,-150,76
IQ:25,208,255,47,116
IQ:26,216,6,62,-80
IQ:27,224,255,-70,-31
IQ:28,232,5,26,132
IQ:29,240,255,121,-37
IQ:30,248,12,-102,-128
IQ:31,256,255,-133,60
IQ:32,264,1,100,80
IQ:33,272,255,112,-70
IQ:34,280,2,9,15
IQ:35,288,255,-16,74
SW:2
RR:3
SS:3
FR:2402
ME:55
MA:220
KE:34
KA:229
DF_END