DF_END

Data arrived...
DF_BEGIN
IQ:0,0,11,-157,-13
IQ:1,8,11,3,153
IQ:2,16,11,150,-19
IQ:3,24,11,-31,-156
IQ:4,32,11,-156,32
IQ:5,40,11,54,147
IQ:6,48,11,134,-71
IQ:7,56,11,-86,-127
IQ:8,72,12,108,43
IQ:9,80,255,55,-102
IQ:10,88,1,-96,-33
IQ:11,96,255,-55,103
IQ:12,104,2,18,45
IQ:13,112,255,11,-43
IQ:14,120,10,-118,-2
IQ:15,128,255,-14,135
IQ:16,136,3,106,66
IQ:17,144,255,54,-87
IQ:18,152,9,-66,-1
IQ:19,160,255,52,99
IQ:20,168,4,243,-21
IQ:21,176,255,31,-197
IQ:22,184,8,-102,-29
IQ:23,192,255,9,94
IQ:24,200,7,164,-1
IQ:25,208,255,-3,-120
IQ:26,216,6,-87,56
IQ:27,224,255,74,51
IQ:28,232,5,36,-146
IQ:29,240,255,-121,-50
IQ:30,248,12,8,118
IQ:31,256,255,120,3
IQ:32,264,1,-28,-101
IQ:33,272,255,-118,-6
IQ:34,280,2,-39,30
IQ:35,288,255,57,-19
SW:2
RR:3
SS:3
FR:2402
ME:2
MA:5
KE:20
KA:354
DF_END

Data arrived...
DF_BEGIN
IQ:0,0,11,-130,-125
IQ:1,8,11,-110,154
IQ:2,16,11,159,95
IQ:3,24,11,77,-161
IQ:4,32,11,-178,-60
IQ:5,40,11,-58,173
IQ:6,48,11,180,21
IQ:7,56,11,9,-181
IQ:8,72,12,69,206
IQ:9,80,255,185,-28
IQ:10,88,1,-82,-115
IQ:11,96,255,-116,61
IQ:12,104,2,83,20
IQ:13,112,255,34,-113
IQ:14,120,10,-219,-89
IQ:15,128,255,-162,158
IQ:16,136,3,2,84
IQ:17,144,255,42,-3
IQ:18,152,9,-67,56
IQ:19,160,255,-16,143
IQ:20,168,4,25,178
IQ:21,176,255,114,-27
IQ:22,184,8,2,-10
IQ:23,192,255,-1,63
IQ:24,200,7,81,96
IQ:25,208,255,45,-59
IQ:26,216,6,-127,1
IQ:27,224,255,49,146
IQ:28,232,5,253,-34
IQ:29,240,255,-26,-195
IQ:30,248,12,-165,135
IQ:31,256,255,104,150
IQ:32,264,1,62,-130
IQ:33,272,255,-110,-76
IQ:34,280,2,0,89
IQ:35,288,255,138,5
SW:2
RR:3
SS:3
FR:2480
ME:7
MA:7
KE:18
KA:356
DF_END

Data arrived...
DF_BEGIN
IQ:0,0,11,-165,30
IQ:1,8,11,47,153
IQ:2,16,11,148,-54
IQ:3,24,11,-68,-139
IQ:4,32,11,-139,90
IQ:5,40,11,78,134
IQ:6,48,11,120,-97
IQ:7,56,11,-127,-105
IQ:8,72,12,106,23
IQ:9,80,255,59,-101
IQ:10,88,1,-53,-14
IQ:11,96,255,-28,66
IQ:12,104,2,12,16
IQ:13,112,255,-13,-32
IQ:14,120,10,-106,59
IQ:15,128,255,24,156
IQ:16,136,3,123,97
IQ:17,144,255,95,-71
IQ:18,152,9,5,-7
IQ:19,160,255,73,53
IQ:20,168,4,239,5
IQ:21,176,255,59,-183
IQ:22,184,8,-45,-89
IQ:23,192,255,-2,58
IQ:24,200,7,197,-9
IQ:25,208,255,-7,-131
IQ:26,216,6,-79,80
IQ:27,224,255,99,20
IQ:28,232,5,1,-225
IQ:29,240,255,-186,-60
IQ:30,248,12,5,108
IQ:31,256,255,117,9
IQ:32,264,1,-5,-58
IQ:33,272,255,-77,11
IQ:34,280,2,-13,20
IQ:35,288,255,37,-46
SW:2
RR:3
SS:3
FR:2426
ME:5
MA:353
KE:17
KA:354
DF_END

Data arrived...
DF_BEGIN
IQ:0,0,11,74,142
IQ:1,8,11,136,-89
IQ:2,16,11,-96,-132
IQ:3,24,11,-122,103
IQ:4,32,11,116,104
IQ:5,40,11,107,-129
IQ:6,48,11,-121,-99
IQ:7,56,11,-75,135
IQ:8,72,12,-24,-138
IQ:9,80,255,-141,8
IQ:10,88,1,38,111
IQ:11,96,255,124,-25
IQ:12,104,2,7,-49
IQ:13,112,255,-54,37
IQ:14,120,10,69,109
IQ:15,128,255,124,-65
IQ:16,136,3,-3,-126
IQ:17,144,255,-104,11
IQ:18,152,9,41,58
IQ:19,160,255,62,-98
IQ:20,168,4,-154,-170
IQ:21,176,255,-174,103
IQ:22,184,8,23,105
IQ:23,192,255,77,-60
IQ:24,200,7,-103,-117
IQ:25,208,255,-94,88
IQ:26,216,6,108,38
IQ:27,224,255,1,-98
IQ:28,232,5,-146,46
IQ:29,240,255,34,134
IQ:30,248,12,111,-87
IQ:31,256,255,-69,-115
IQ:32,264,1,-89,81
IQ:33,272,255,64,111
IQ:34,280,2,45,-14
IQ:35,288,255,-74,-48
SW:2
RR:3
SS:3
FR:2402
ME:2
MA:353
KE:15
KA:352
DF_END

Data arrived...
DF_BEGIN
IQ:0,0,11,61,-135
IQ:1,8,11,-143,-47
IQ:2,16,11,-31,144
IQ:3,24,11,148,11
IQ:4,32,11,2,-148
IQ:5,40,11,-150,10
IQ:6,48,11,22,145
IQ:7,56,11,146,-32
IQ:8,72,12,-57,102
IQ:9,80,255,86,71
IQ:10,88,1,34,-85
IQ:11,96,255,-86,-69
IQ:12,104,2,-46,-6
IQ:13,112,255,30,16
IQ:14,120,10,32,-106
IQ:15,128,255,-115,-55
IQ:16,136,3,-91,80
IQ:17,144,255,58,74
IQ:18,152,9,20,-55
IQ:19,160,255,-104,16
IQ:20,168,4,-43,211
IQ:21,176,255,172,85
IQ:22,184,8,68,-82
IQ:23,192,255,-90,-26
IQ:24,200,7,-29,144
IQ:25,208,255,114,17
IQ:26,216,6,-22,-94
IQ:27,224,255,-70,33
IQ:28,232,5,99,68
IQ:29,240,255,72,-88
IQ:30,248,12,-119,-18
IQ:31,256,255,-37,106
IQ:32,264,1,86,-5
IQ:33,272,255,23,-104
IQ:34,280,2,-15,-42
IQ:35,288,255,9,48
SW:2
RR:3
SS:3
FR:2402
ME:2
MA:5
KE:14
KA:354
DF_END

Data arrived...
DF_BEGIN
IQ:0,0,11,103,124
IQ:1,8,11,108,-128
IQ:2,16,11,-126,-104
IQ:3,24,11,-76,141
IQ:4,32,11,150,69
IQ:5,40,11,66,-152
IQ:6,48,11,-156,-34
IQ:7,56,11,-30,162
IQ:8,72,12,-46,-211
IQ:9,80,255,-173,9
IQ:10,88,1,83,116
IQ:11,96,255,113,-72
IQ:12,104,2,-92,-42
IQ:13,112,255,-51,118
IQ:14,120,10,190,104
IQ:15,128,255,147,-150
IQ:16,136,3,-16,-71
IQ:17,144,255,-36,11
IQ:18,152,9,62,-56
IQ:19,160,255,0,-134
IQ:20,168,4,-36,-142
IQ:21,176,255,-105,26
IQ:22,184,8,-21,12
IQ:23,192,255,-5,-51
IQ:24,200,7,-65,-98
IQ:25,208,255,-47,57
IQ:26,216,6,118,0
IQ:27,224,255,-59,-138
IQ:28,232,5,-247,53
IQ:29,240,255,44,193
IQ:30,248,12,156,-138
IQ:31,256,255,-95,-155
IQ:32,264,1,-70,124
IQ:33,272,255,114,64
IQ:34,280,2,-11,-100
IQ:35,288,255,-151,-6
SW:2
RR:3
SS:3
FR:2480
ME:7
MA:355
KE:13
KA:353
DF_END

Data arrived...
DF_BEGIN
IQ:0,0,11,133,124
IQ:1,8,11,103,-139
IQ:2,16,11,-158,-74
IQ:3,24,11,-69,174
IQ:4,32,11,175,59
IQ:5,40,11,47,-168
IQ:6,48,11,-180,-21
IQ:7,56,11,-22,178
IQ:8,72,12,-101,-55
IQ:9,80,255,-76,38
IQ:10,88,1,26,-30
IQ:11,96,255,24,-14
IQ:12,104,2,90,66
IQ:13,112,255,74,-16
IQ:14,120,10,124,-23
IQ:15,128,255,86,-139
IQ:16,136,3,70,-205
IQ:17,144,255,-150,-104
IQ:18,152,9,-109,6
IQ:19,160,255,-17,-37
IQ:20,168,4,-155,-249
IQ:21,176,255,-251,69
IQ:22,184,8,-86,202
IQ:23,192,255,100,33
IQ:24,200,7,-175,-181
IQ:25,208,255,-158,107
IQ:26,216,6,71,38
IQ:27,224,255,-30,-32
IQ:28,232,5,-121,165
IQ:29,240,255,97,131
IQ:30,248,12,12,-114
IQ:31,256,255,-65,-65
IQ:32,264,1,41,11
IQ:33,272,255,19,14
IQ:34,280,2,-30,116
IQ:35,288,255,4,72
SW:2
RR:3
SS:3
FR:2426
ME:41
MA:217
KE:15
KA:344
DF_END

Data arrived...
DF_BEGIN
IQ:0,0,11,-144,-30
IQ:1,8,11,-22,141
IQ:2,16,11,147,2
IQ:3,24,11,-10,-143
IQ:4,32,11,-152,15
IQ:5,40,11,24,134
IQ:6,48,11,129,-56
IQ:7,56,11,-63,-126
IQ:8,72,12,88,25
IQ:9,80,255,47,-69
IQ:10,88,1,-56,-16
IQ:11,96,255,-56,62
IQ:12,104,2,-33,64
IQ:13,112,255,18,-6
IQ:14,120,10,-94,-7
IQ:15,128,255,-47,115
IQ:16,136,3,79,105
IQ:17,144,255,83,-59
IQ:18,152,9,-52,-21
IQ:19,160,255,19,86
IQ:20,168,4,211,13
IQ:21,176,255,50,-179
IQ:22,184,8,-101,-53
IQ:23,192,255,-26,94
IQ:24,200,7,134,6
IQ:25,208,255,13,-117
IQ:26,216,6,-90,24
IQ:27,224,255,24,73
IQ:28,232,5,60,-74
IQ:29,240,255,-66,-60
IQ:30,248,12,5,87
IQ:31,256,255,86,18
IQ:32,264,1,-13,-56
IQ:33,272,255,-82,-15
IQ:34,280,2,-71,4
IQ:35,288,255,28,1
SW:2
RR:3
SS:3
FR:2402
ME:5
MA:5
KE:14
KA:348
DF_END

Data arrived...
DF_BEGIN
IQ:0,0,11,101,-154
IQ:1,8,11,-173,-82
IQ:2,16,11,-74,182
IQ:3,24,11,184,54
IQ:4,32,11,28,-188
IQ:5,40,11,-187,-11
IQ:6,48,11,25,193
IQ:7,56,11,188,-15
IQ:8,72,12,-215,160
IQ:9,80,255,105,177
IQ:10,88,1,83,-166
IQ:11,96,255,-131,-84
IQ:12,104,2,32,135
IQ:13,112,255,169,-21
IQ:14,120,10,19,-274
IQ:15,128,255,-234,-109
IQ:16,136,3,-59,27
IQ:17,144,255,20,5
IQ:18,152,9,-108,-47
IQ:19,160,255,-141,69
IQ:20,168,4,-141,73
IQ:21,176,255,49,99
IQ:22,184,8,16,43
IQ:23,192,255,-37,28
IQ:24,200,7,-93,98
IQ:25,208,255,54,34
IQ:26,216,6,-52,-120
IQ:27,224,255,-115,127
IQ:28,232,5,172,254
IQ:29,240,255,199,-132
IQ:30,248,12,-223,-127
IQ:31,256,255,-122,179
IQ:32,264,1,187,-6
IQ:33,272,255,17,-162
IQ:34,280,2,-105,78
IQ:35,288,255,71,165
SW:2
RR:3
SS:3
FR:2480
ME:47
MA:206
KE:17
KA:339
DF_END

Data arrived...
DF_BEGIN
IQ:0,0,11,-81,162
IQ:1,8,11,166,70
IQ:2,16,11,64,-170
IQ:3,24,11,-169,-39
IQ:4,32,11,-11,187
IQ:5,40,11,177,-6
IQ:6,48,11,-32,-181
IQ:7,56,11,-182,48
IQ:8,72,12,171,-139
IQ:9,80,255,-103,-157
IQ:10,88,1,-79,134
IQ:11,96,255,111,95
IQ:12,104,2,4,-101
IQ:13,112,255,-133,-5
IQ:14,120,10,-26,236
IQ:15,128,255,200,101
IQ:16,136,3,78,-45
IQ:17,144,255,-31,-39
IQ:18,152,9,63,44
IQ:19,160,255,140,-36
IQ:20,168,4,133,-112
IQ:21,176,255,-87,-97
IQ:22,184,8,-33,-2
IQ:23,192,255,54,-19
IQ:24,200,7,67,-117
IQ:25,208,255,-78,-30
IQ:26,216,6,50,121
IQ:27,224,255,110,-117
IQ:28,232,5,-167,-221
IQ:29,240,255,-178,119
IQ:30,248,12,195,113
IQ:31,256,255,105,-151
IQ:32,264,1,-156,-5
IQ:33,272,255,-33,155
IQ:34,280,2,93,-28
IQ:35,288,255,-32,-151
SW:2
RR:3
SS:3
FR:2480
ME:10
MA:7
KE:16
KA:344
DF_END

Data arrived...
DF_BEGIN
IQ:0,0,11,146,-47
IQ:1,8,11,-57,-148
IQ:2,16,11,-138,71
IQ:3,24,11,91,118
IQ:4,32,11,112,-113
IQ:5,40,11,-113,-106
IQ:6,48,11,-91,123
IQ:7,56,11,136,79
IQ:8,72,12,-107,11
IQ:9,80,255,-9,108
IQ:10,88,1,51,-3
IQ:11,96,255,8,-66
IQ:12,104,2,-6,-2
IQ:13,112,255,26,21
IQ:14,120,10,79,-73
IQ:15,128,255,-55,-129
IQ:16,136,3,-135,-65
IQ:17,144,255,-73,75
IQ:18,152,9,-13,21
IQ:19,160,255,-64,-22
IQ:20,168,4,-217,49
IQ:21,176,255,1,180
IQ:22,184,8,91,66
IQ:23,192,255,-6,-56
IQ:24,200,7,-175,58
IQ:25,208,255,24,128
IQ:26,216,6,52,-84
IQ:27,224,255,-91,3
IQ:28,232,5,51,202
IQ:29,240,255,170,-3
IQ:30,248,12,-53,-93
IQ:31,256,255,-109,30
IQ:32,264,1,26,46
IQ:33,272,255,69,-19
IQ:34,280,2,4,-10
IQ:35,288,255,-15,59
SW:2
RR:3
SS:3
FR:2426
ME:5
MA:5
KE:15
KA:348
DF_END

Data arrived...
DF_BEGIN
IQ:0,0,11,82,-147
IQ:1,8,11,-154,-65
IQ:2,16,11,-49,169
IQ:3,24,11,162,40
IQ:4,32,11,21,-168
IQ:5,40,11,-163,6
IQ:6,48,11,8,171
IQ:7,56,11,174,-23
IQ:8,72,12,-94,110
IQ:9,80,255,84,116
IQ:10,88,1,82,-95
IQ:11,96,255,-87,-102
IQ:12,104,2,-51,20
IQ:13,112,255,62,33
IQ:14,120,10,61,-125
IQ:15,128,255,-121,-74
IQ:16,136,3,-94,92
IQ:17,144,255,77,74
IQ:18,152,9,25,-79
IQ:19,160,255,-122,3
IQ:20,168,4,-57,231
IQ:21,176,255,180,97
IQ:22,184,8,69,-84
IQ:23,192,255,-102,-29
IQ:24,200,7,-32,164
IQ:25,208,255,131,27
IQ:26,216,6,-24,-120
IQ:27,224,255,-96,51
IQ:28,232,5,114,111
IQ:29,240,255,99,-106
IQ:30,248,12,-133,-61
IQ:31,256,255,-59,122
IQ:32,264,1,117,26
IQ:33,272,255,47,-130
IQ:34,280,2,-43,-37
IQ:35,288,255,3,84
SW:2
RR:3
SS:3
FR:2402
ME:2
MA:5
KE:13
KA:351
DF_END

Data arrived...
DF_BEGIN
IQ:0,0,11,163,72
IQ:1,8,11,58,-161
IQ:2,16,11,-171,-44
IQ:3,24,11,-27,168
IQ:4,32,11,171,15
IQ:5,40,11,-8,-171
IQ:6,48,11,-175,11
IQ:7,56,11,32,164
IQ:8,72,12,-103,-110
IQ:9,80,255,-99,97
IQ:10,88,1,119,64
IQ:11,96,255,93,-112
IQ:12,104,2,-36,-49
IQ:13,112,255,-31,74
IQ:14,120,10,132,52
IQ:15,128,255,68,-133
IQ:16,136,3,-109,-77
IQ:17,144,255,-63,89
IQ:18,152,9,86,19
IQ:19,160,255,-15,-129
IQ:20,168,4,-236,-54
IQ:21,176,255,-81,184
IQ:22,184,8,93,49
IQ:23,192,255,5,-108
IQ:24,200,7,-168,-30
IQ:25,208,255,-19,132
IQ:26,216,6,115,-28
IQ:27,224,255,-57,-96
IQ:28,232,5,-99,134
IQ:29,240,255,118,97
IQ:30,248,12,51,-143
IQ:31,256,255,-135,-60
IQ:32,264,1,-27,129
IQ:33,272,255,130,54
IQ:34,280,2,25,-55
IQ:35,288,255,-97,9
SW:2
RR:3
SS:3
FR:2402
ME:2
MA:353
KE:12
KA:352
DF_END

Data arrived...
DF_BEGIN
IQ:0,0,11,40,-145
IQ:1,8,11,-155,-29
IQ:2,16,11,-19,152
IQ:3,24,11,146,-3
IQ:4,32,11,-24,-156
IQ:5,40,11,-152,28
IQ:6,48,11,39,147
IQ:7,56,11,140,-59
IQ:8,72,12,-125,127
IQ:9,80,255,85,116
IQ:10,88,1,49,-110
IQ:11,96,255,-100,-62
IQ:12,104,2,-2,71
IQ:13,112,255,95,-11
IQ:14,120,10,-11,-191
IQ:15,128,255,-181,-57
IQ:16,136,3,-66,44
IQ:17,144,255,25,36
IQ:18,152,9,-62,-32
IQ:19,160,255,-112,52
IQ:20,168,4,-106,110
IQ:21,176,255,71,73
IQ:22,184,8,11,-15
IQ:23,192,255,-63,20
IQ:24,200,7,-43,90
IQ:25,208,255,65,4
IQ:26,216,6,-59,-92
IQ:27,224,255,-84,96
IQ:28,232,5,126,168
IQ:29,240,255,128,-97
IQ:30,248,12,-160,-59
IQ:31,256,255,-71,133
IQ:32,264,1,113,-2
IQ:33,272,255,14,-118
IQ:34,280,2,-71,25
IQ:35,288,255,41,107
SW:2
RR:3
SS:3
FR:2480
ME:5
MA:5
KE:11
KA:354
DF_END

Data arrived...
DF_BEGIN
IQ:0,0,11,-160,4
IQ:1,8,11,19,152
IQ:2,16,11,156,-47
IQ:3,24,11,-49,-154
IQ:4,32,11,-144,68
IQ:5,40,11,77,137
IQ:6,48,11,123,-102
IQ:7,56,11,-113,-111
IQ:8,72,12,117,27
IQ:9,80,255,63,-108
IQ:10,88,1,-59,-18
IQ:11,96,255,-39,70
IQ:12,104,2,27,16
IQ:13,112,255,-14,-50
IQ:14,120,10,-109,43
IQ:15,128,255,14,154
IQ:16,136,3,119,99
IQ:17,144,255,97,-77
IQ:18,152,9,9,-17
IQ:19,160,255,57,61
IQ:20,168,4,239,33
IQ:21,176,255,66,-192
IQ:22,184,8,-52,-94
IQ:23,192,255,-7,54
IQ:24,200,7,201,-15
IQ:25,208,255,-1,-142
IQ:26,216,6,-84,77
IQ:27,224,255,99,34
IQ:28,232,5,30,-234
IQ:29,240,255,-190,-65
IQ:30,248,12,11,119
IQ:31,256,255,126,10
IQ:32,264,1,-8,-55
IQ:33,272,255,-80,1
IQ:34,280,2,-6,29
IQ:35,288,255,47,-52
SW:2
RR:3
SS:3
FR:2426
ME:7
MA:353
KE:10
KA:354
DF_END

Data arrived...
DF_BEGIN
IQ:0,0,11,72,152
IQ:1,8,11,151,-105
IQ:2,16,11,-104,-139
IQ:3,24,11,-137,120
IQ:4,32,11,124,120
IQ:5,40,11,111,-143
IQ:6,48,11,-156,-85
IQ:7,56,11,-78,162
IQ:8,72,12,4,-213
IQ:9,80,255,-172,-28
IQ:10,88,1,56,131
IQ:11,96,255,132,-26
IQ:12,104,2,-65,-50
IQ:13,112,255,-61,109
IQ:14,120,10,186,149
IQ:15,128,255,196,-116
IQ:16,136,3,23,-80
IQ:17,144,255,-31,-15
IQ:18,152,9,82,-44
IQ:19,160,255,39,-139
IQ:20,168,4,18,-178
IQ:21,176,255,-108,-24
IQ:22,184,8,-11,0
IQ:23,192,255,20,-56
IQ:24,200,7,-12,-112
IQ:25,208,255,-53,34
IQ:26,216,6,118,32
IQ:27,224,255,-5,-154
IQ:28,232,5,-247,-49
IQ:29,240,255,-47,187
IQ:30,248,12,188,-75
IQ:31,256,255,-48,-164
IQ:32,264,1,-83,112
IQ:33,272,255,91,97
IQ:34,280,2,23,-82
IQ:35,288,255,-135,-43
SW:2
RR:3
SS:3
FR:2480
ME:10
MA:355
KE:10
KA:354
DF_END

Data arrived...
DF_BEGIN
IQ:0,0,11,178,48
IQ:1,8,11,48,-176
IQ:2,16,11,-173,-29
IQ:3,24,11,-5,185
IQ:4,32,11,175,-17
IQ:5,40,11,-31,-178
IQ:6,48,11,-177,28
IQ:7,56,11,62,160
IQ:8,72,12,-109,-58
IQ:9,80,255,-98,77
IQ:10,88,1,35,10
IQ:11,96,255,54,-34
IQ:12,104,2,39,-20
IQ:13,112,255,19,13
IQ:14,120,10,131,-13
IQ:15,128,255,40,-166
IQ:16,136,3,-68,-181
IQ:17,144,255,-155,-11
IQ:18,152,9,-50,1
IQ:19,160,255,-43,-76
IQ:20,168,4,-256,-145
IQ:21,176,255,-185,168
IQ:22,184,8,-28,143
IQ:23,192,255,41,-31
IQ:24,200,7,-192,-115
IQ:25,208,255,-100,138
IQ:26,216,6,110,-19
IQ:27,224,255,-63,-74
IQ:28,232,5,-135,209
IQ:29,240,255,140,146
IQ:30,248,12,10,-125
IQ:31,256,255,-117,-59
IQ:32,264,1,-6,32
IQ:33,272,255,62,30
IQ:34,280,2,24,43
IQ:35,288,255,-33,33
SW:2
RR:3
SS:3
FR:2426
ME:47
MA:217
KE:13
KA:348
DF_END

Data arrived...
DF_BEGIN
IQ:0,0,11,-5,-183
IQ:1,8,11,-172,17
IQ:2,16,11,50,169
IQ:3,24,11,166,-56
IQ:4,32,11,-79,-159
IQ:5,40,11,-160,89
IQ:6,48,11,89,157
IQ:7,56,11,142,-104
IQ:8,72,12,-13,123
IQ:9,80,255,108,48
IQ:10,88,1,-11,-32
IQ:11,96,255,-59,-25
IQ:12,104,2,2,-47
IQ:13,112,255,1,-39
IQ:14,120,10,-66,-119
IQ:15,128,255,-170,13
IQ:16,136,3,-149,81
IQ:17,144,255,26,122
IQ:18,152,9,9,51
IQ:19,160,255,-61,70
IQ:20,168,4,-78,268
IQ:21,176,255,193,118
IQ:22,184,8,126,-15
IQ:23,192,255,-35,-36
IQ:24,200,7,-37,202
IQ:25,208,255,135,53
IQ:26,216,6,-58,-86
IQ:27,224,255,-41,91
IQ:28,232,5,231,44
IQ:29,240,255,85,-178
IQ:30,248,12,-125,35
IQ:31,256,255,-7,116
IQ:32,264,1,29,-24
IQ:33,272,255,-1,-56
IQ:34,280,2,33,-16
IQ:35,288,255,57,1
SW:2
RR:3
SS:3
FR:2426
ME:47
MA:215
KE:17
KA:340
DF_END

Data arrived...
DF_BEGIN
IQ:0,0,11,-149,-40
IQ:1,8,11,-26,147
IQ:2,16,11,150,3
IQ:3,24,11,-4,-155
IQ:4,32,11,-145,15
IQ:5,40,11,41,149
IQ:6,48,11,154,-42
IQ:7,56,11,-49,-149
IQ:8,72,12,100,49
IQ:9,80,255,62,-98
IQ:10,88,1,-92,-34
IQ:11,96,255,-76,92
IQ:12,104,2,2,53
IQ:13,112,255,23,-35
IQ:14,120,10,-115,-25
IQ:15,128,255,-47,122
IQ:16,136,3,96,80
IQ:17,144,255,69,-80
IQ:18,152,9,-68,-7
IQ:19,160,255,36,103
IQ:20,168,4,237,0
IQ:21,176,255,54,-188
IQ:22,184,8,-94,-55
IQ:23,192,255,-9,99
IQ:24,200,7,155,-2
IQ:25,208,255,9,-124
IQ:26,216,6,-98,39
IQ:27,224,255,51,68
IQ:28,232,5,50,-125
IQ:29,240,255,-99,-63
IQ:30,248,12,-3,119
IQ:31,256,255,119,27
IQ:32,264,1,-10,-92
IQ:33,272,255,-108,-19
IQ:34,280,2,-51,19
IQ:35,288,255,52,-4
SW:2
RR:3
SS:3
FR:2402
ME:2
MA:5
KE:15
KA:344
DF_END

Data arrived...
DF_BEGIN
IQ:0,0,11,88,-112
IQ:1,8,11,-121,-82
IQ:2,16,11,-77,123
IQ:3,24,11,129,71
IQ:4,32,11,64,-129
IQ:5,40,11,-140,-48
IQ:6,48,11,-44,138
IQ:7,56,11,139,24
IQ:8,72,12,-89,65
IQ:9,80,255,48,100
IQ:10,88,1,62,-65
IQ:11,96,255,-47,-93
IQ:12,104,2,-47,-29
IQ:13,112,255,12,28
IQ:14,120,10,68,-81
IQ:15,128,255,-89,-91
IQ:16,136,3,-115,43
IQ:17,144,255,38,88
IQ:18,152,9,40,-47
IQ:19,160,255,-104,-24
IQ:20,168,4,-134,178
IQ:21,176,255,123,148
IQ:22,184,8,88,-53
IQ:23,192,255,-75,-65
IQ:24,200,7,-81,127
IQ:25,208,255,102,65
IQ:26,216,6,2,-94
IQ:27,224,255,-79,12
IQ:28,232,5,69,102
IQ:29,240,255,98,-53
IQ:30,248,12,-95,-59
IQ:31,256,255,-80,81
IQ:32,264,1,76,41
IQ:33,272,255,75,-77
IQ:34,280,2,7,-52
IQ:35,288,255,-21,41
SW:2
RR:3
SS:3
FR:2402
ME:2
MA:5
KE:14
KA:347
DF_END

Data arrived...
DF_BEGIN
IQ:0,0,11,176,-2
IQ:1,8,11,-29,-181
IQ:2,16,11,-178,29
IQ:3,24,11,56,167
IQ:4,32,11,169,-84
IQ:5,40,11,-80,-162
IQ:6,48,11,-133,114
IQ:7,56,11,128,130
IQ:8,72,12,-193,-101
IQ:9,80,255,-99,148
IQ:10,88,1,155,13
IQ:11,96,255,39,-135
IQ:12,104,2,-90,54
IQ:13,112,255,74,113
IQ:14,120,10,236,-98
IQ:15,128,255,-22,-229
IQ:16,136,3,-61,-23
IQ:17,144,255,-4,24
IQ:18,152,9,-1,-99
IQ:19,160,255,-111,-94
IQ:20,168,4,-125,-91
IQ:21,176,255,-47,81
IQ:22,184,8,-5,2
IQ:23,192,255,-47,-40
IQ:24,200,7,-90,-21
IQ:25,208,255,15,49
IQ:26,216,6,77,-97
IQ:27,224,255,-157,-56
IQ:28,232,5,-154,214
IQ:29,240,255,163,116
IQ:30,248,12,7,-211
IQ:31,256,255,-179,-33
IQ:32,264,1,64,144
IQ:33,272,255,136,-44
IQ:34,280,2,-88,-63
IQ:35,288,255,-116,116
SW:2
RR:3
SS:3
FR:2480
ME:7
MA:5
KE:13
KA:349
DF_END

Data arrived...