KE:22
KA:304
DF_END

Data arrived...
DF_BEGIN
IQ:0,0,11,-50,157
IQ:1,8,11,165,50
IQ:2,16,11,33,-165
IQ:3,24,11,-168,-9
IQ:4,32,11,6,173
IQ:5,40,11,166,-4
IQ:6,48,11,-26,-164
IQ:7,56,11,-157,54
IQ:8,72,12,146,-140
IQ:9,80,255,-90,-140
IQ:10,88,1,-60,114
IQ:11,96,255,109,69
IQ:12,104,2,-4,-81
IQ:13,112,255,-107,24
IQ:14,120,10,19,234
IQ:15,128,255,211,65
IQ:16,136,3,77,-43
IQ:17,144,255,-20,-43
IQ:18,152,9,71,14
IQ:19,160,255,112,-49
IQ:20,168,4,138,-100
IQ:21,176,255,-71,-88
IQ:22,184,8,-10,1
IQ:23,192,255,53,-26
IQ:24,200,7,64,-92
IQ:25,208,255,-68,-19
IQ:26,216,6,51,102
IQ:27,224,255,111,-122
IQ:28,232,5,-133,-215
IQ:29,240,255,-164,104
IQ:30,248,12,185,77
IQ:31,256,255,87,-141
IQ:32,264,1,-135,9
IQ:33,272,255,-24,127
IQ:34,280,2,73,-25
IQ:35,288,255,-53,-113
SW:2
RR:3
SS:3
FR:2480
ME:7
MA:2
KE:20
KA:316
DF_END

Data arrived...
DF_BEGIN
IQ:0,0,11,-99,-140
IQ:1,8,11,-126,124
IQ:2,16,11,145,109
IQ:3,24,11,112,-133
IQ:4,32,11,-156,-97
IQ:5,40,11,-84,165
IQ:6,48,11,149,59
IQ:7,56,11,32,-173
IQ:8,72,12,55,127
IQ:9,80,255,131,-10
IQ:10,88,1,-39,-53
IQ:11,96,255,-83,25
IQ:12,104,2,1,-11
IQ:13,112,255,7,-58
IQ:14,120,10,-115,-72
IQ:15,128,255,-139,101
IQ:16,136,3,-43,149
IQ:17,144,255,99,40
IQ:18,152,9,4,15
IQ:19,160,255,-23,104
IQ:20,168,4,83,242
IQ:21,176,255,206,-27
IQ:22,184,8,77,-126
IQ:23,192,255,-58,5
IQ:24,200,7,155,169
IQ:25,208,255,146,-108
IQ:26,216,6,-116,-41
IQ:27,224,255,30,93
IQ:28,232,5,200,-135
IQ:29,240,255,-72,-193
IQ:30,248,12,-97,100
IQ:31,256,255,75,114
IQ:32,264,1,31,-62
IQ:33,272,255,-47,-66
IQ:34,280,2,16,-5
IQ:35,288,255,83,-22
SW:2
RR:3
SS:3
FR:2426
ME:47
MA:212
KE:23
KA:298
DF_END

Data arrived...
DF_BEGIN
IQ:0,0,11,29,176
IQ:1,8,11,162,-48
IQ:2,16,11,-69,-163
IQ:3,24,11,-158,74
IQ:4,32,11,99,139
IQ:5,40,11,128,-114
IQ:6,48,11,-119,-120
IQ:7,56,11,-115,133
IQ:8,72,12,2,-138
IQ:9,80,255,-110,-48
IQ:10,88,1,24,51
IQ:11,96,255,63,5
IQ:12,104,2,-18,28
IQ:13,112,255,-21,46
IQ:14,120,10,84,87
IQ:15,128,255,142,-51
IQ:16,136,3,105,-104
IQ:17,144,255,-47,-96
IQ:18,152,9,-4,-31
IQ:19,160,255,45,-77
IQ:20,168,4,40,-238
IQ:21,176,255,-191,-80
IQ:22,184,8,-125,66
IQ:23,192,255,58,34
IQ:24,200,7,-20,-216
IQ:25,208,255,-162,-4
IQ:26,216,6,62,74
IQ:27,224,255,1,-80
IQ:28,232,5,-239,39
IQ:29,240,255,-20,195
IQ:30,248,12,118,-49
IQ:31,256,255,-11,-127
IQ:32,264,1,-34,43
IQ:33,272,255,25,62
IQ:34,280,2,-29,-4
IQ:35,288,255,-75,-3
SW:2
RR:3
SS:3
FR:2426
ME:44
MA:212
KE:25
KA:277
DF_END

Data arrived...
DF_BEGIN
IQ:0,0,11,-67,154
IQ:1,8,11,150,52
IQ:2,16,11,27,-164
IQ:3,24,11,-166,-8
IQ:4,32,11,12,165
IQ:5,40,11,163,-12
IQ:6,48,11,-18,-165
IQ:7,56,11,-172,36
IQ:8,72,12,66,-124
IQ:9,80,255,-114,-88
IQ:10,88,1,-33,109
IQ:11,96,255,99,74
IQ:12,104,2,20,-16
IQ:13,112,255,-60,-2
IQ:14,120,10,-37,124
IQ:15,128,255,126,49
IQ:16,136,3,84,-84
IQ:17,144,255,-67,-60
IQ:18,152,9,-9,69
IQ:19,160,255,123,-31
IQ:20,168,4,28,-235
IQ:21,176,255,-182,-84
IQ:22,184,8,-54,86
IQ:23,192,255,96,8
IQ:24,200,7,13,-143
IQ:25,208,255,-119,-13
IQ:26,216,6,40,95
IQ:27,224,255,71,-61
IQ:28,232,5,-128,-61
IQ:29,240,255,-55,116
IQ:30,248,12,150,11
IQ:31,256,255,28,-129
IQ:32,264,1,-110,10
IQ:33,272,255,-18,129
IQ:34,280,2,20,16
IQ:35,288,255,-30,-64
SW:2
RR:3
SS:3
FR:2402
ME:5
MA:5
KE:24
KA:294
DF_END

Data arrived...
DF_BEGIN
IQ:0,0,11,-117,-151
IQ:1,8,11,-131,125
IQ:2,16,11,147,110
IQ:3,24,11,109,-151
IQ:4,32,11,-159,-86
IQ:5,40,11,-72,162
IQ:6,48,11,177,49
IQ:7,56,11,38,-189
IQ:8,72,12,59,222
IQ:9,80,255,193,-15
IQ:10,88,1,-78,-97
IQ:11,96,255,-122,50
IQ:12,104,2,41,20
IQ:13,112,255,25,-87
IQ:14,120,10,-234,-69
IQ:15,128,255,-166,189
IQ:16,136,3,-41,124
IQ:17,144,255,71,44
IQ:18,152,9,-14,62
IQ:19,160,255,-17,125
IQ:20,168,4,10,246
IQ:21,176,255,182,15
IQ:22,184,8,47,-39
IQ:23,192,255,-26,43
IQ:24,200,7,44,160
IQ:25,208,255,93,-29
IQ:26,216,6,-124,-35
IQ:27,224,255,45,155
IQ:28,232,5,306,-47
IQ:29,240,255,-32,-236
IQ:30,248,12,-162,168
IQ:31,256,255,115,161
IQ:32,264,1,52,-118
IQ:33,272,255,-101,-80
IQ:34,280,2,-3,43
IQ:35,288,255,113,1
SW:2
RR:3
SS:3
FR:2480
ME:44
MA:201
KE:26
KA:272
DF_END

Data arrived...
DF_BEGIN
IQ:0,0,11,-161,-72
IQ:1,8,11,-56,153
IQ:2,16,11,160,32
IQ:3,24,11,18,-174
IQ:4,32,11,-167,-2
IQ:5,40,11,27,166
IQ:6,48,11,168,-45
IQ:7,56,11,-50,-163
IQ:8,72,12,170,133
IQ:9,80,255,148,-104
IQ:10,88,1,-107,-38
IQ:11,96,255,-76,89
IQ:12,104,2,28,-3
IQ:13,112,255,-33,-54
IQ:14,120,10,-215,83
IQ:15,128,255,-46,229
IQ:16,136,3,30,135
IQ:17,144,255,104,0
IQ:18,152,9,40,33
IQ:19,160,255,47,89
IQ:20,168,4,171,191
IQ:21,176,255,172,-101
IQ:22,184,8,19,-82
IQ:23,192,255,-14,51
IQ:24,200,7,138,120
IQ:25,208,255,73,-82
IQ:26,216,6,-125,46
IQ:27,224,255,105,98
IQ:28,232,5,221,-209
IQ:29,240,255,-135,-189
IQ:30,248,12,-44,206
IQ:31,256,255,170,83
IQ:32,264,1,-24,-110
IQ:33,272,255,-113,-7
IQ:34,280,2,10,22
IQ:35,288,255,73,-52
SW:2
RR:3
SS:3
FR:2480
ME:44
MA:198
KE:28
KA:251
DF_END

Data arrived...
DF_BEGIN
IQ:0,0,11,-32,147
IQ:1,8,11,152,18
IQ:2,16,11,5,-148
IQ:3,24,11,-149,18
IQ:4,32,11,29,149
IQ:5,40,11,143,-44
IQ:6,48,11,-44,-149
IQ:7,56,11,-139,58
IQ:8,72,12,48,-109
IQ:9,80,255,-84,-76
IQ:10,88,1,-23,63
IQ:11,96,255,68,43
IQ:12,104,2,-3,-11
IQ:13,112,255,-50,13
IQ:14,120,10,13,108
IQ:15,128,255,140,14
IQ:16,136,3,113,-82
IQ:17,144,255,-48,-92
IQ:18,152,9,-3,13
IQ:19,160,255,87,-41
IQ:20,168,4,67,-216
IQ:21,176,255,-162,-93
IQ:22,184,8,-96,49
IQ:23,192,255,50,10
IQ:24,200,7,19,-200
IQ:25,208,255,-144,-31
IQ:26,216,6,38,90
IQ:27,224,255,44,-79
IQ:28,232,5,-204,-53
IQ:29,240,255,-86,158
IQ:30,248,12,108,9
IQ:31,256,255,23,-114
IQ:32,264,1,-60,14
IQ:33,272,255,-1,81
IQ:34,280,2,11,-1
IQ:35,288,255,-44,-48
SW:2
RR:3
SS:3
FR:2426
ME:7
MA:343
KE:26
KA:268
DF_END

Data arrived...
DF_BEGIN
IQ:0,0,11,-61,139
IQ:1,8,11,145,33
IQ:2,16,11,16,-153
IQ:3,24,11,-152,-6
IQ:4,32,11,-2,153
IQ:5,40,11,152,-14
IQ:6,48,11,-30,-154
IQ:7,56,11,-143,43
IQ:8,72,12,47,-118
IQ:9,80,255,-108,-68
IQ:10,88,1,-19,108
IQ:11,96,255,97,54
IQ:12,104,2,21,-10
IQ:13,112,255,-48,-4
IQ:14,120,10,-27,126
IQ:15,128,255,119,51
IQ:16,136,3,67,-89
IQ:17,144,255,-70,-57
IQ:18,152,9,1,60
IQ:19,160,255,104,-37
IQ:20,168,4,18,-227
IQ:21,176,255,-184,-61
IQ:22,184,8,-49,77
IQ:23,192,255,88,9
IQ:24,200,7,17,-135
IQ:25,208,255,-110,-7
IQ:26,216,6,43,84
IQ:27,224,255,56,-64
IQ:28,232,5,-129,-54
IQ:29,240,255,-58,109
IQ:30,248,12,131,4
IQ:31,256,255,15,-120
IQ:32,264,1,-102,28
IQ:33,272,255,-11,116
IQ:34,280,2,17,19
IQ:35,288,255,-30,-58
SW:2
RR:3
SS:3
FR:2402
ME:2
MA:5
KE:24
KA:288
DF_END

Data arrived...
DF_BEGIN
IQ:0,0,11,84,-159
IQ:1,8,11,-156,-73
IQ:2,16,11,-63,157
IQ:3,24,11,162,35
IQ:4,32,11,17,-176
IQ:5,40,11,-179,-19
IQ:6,48,11,-4,174
IQ:7,56,11,167,-16
IQ:8,72,12,-168,142
IQ:9,80,255,84,151
IQ:10,88,1,43,-103
IQ:11,96,255,-78,-82
IQ:12,104,2,7,38
IQ:13,112,255,69,-30
IQ:14,120,10,-44,-242
IQ:15,128,255,-219,-101
IQ:16,136,3,-125,-8
IQ:17,144,255,-42,78
IQ:18,152,9,-69,24
IQ:19,160,255,-104,40
IQ:20,168,4,-216,111
IQ:21,176,255,67,175
IQ:22,184,8,52,53
IQ:23,192,255,-34,-15
IQ:24,200,7,-135,93
IQ:25,208,255,53,74
IQ:26,216,6,-24,-118
IQ:27,224,255,-115,100
IQ:28,232,5,158,253
IQ:29,240,255,201,-111
IQ:30,248,12,-195,-83
IQ:31,256,255,-105,150
IQ:32,264,1,108,-24
IQ:33,272,255,19,-114
IQ:34,280,2,-33,21
IQ:35,288,255,40,92
SW:2
RR:3
SS:3
FR:2480
ME:47
MA:206
KE:26
KA:266
DF_END

Data arrived...
DF_BEGIN
IQ:0,0,11,-119,-104
IQ:1,8,11,-87,123
IQ:2,16,11,136,77
IQ:3,24,11,58,-143
IQ:4,32,11,-148,-40
IQ:5,40,11,-36,158
IQ:6,48,11,148,29
IQ:7,56,11,11,-152
IQ:8,72,12,43,102
IQ:9,80,255,112,-28
IQ:10,88,1,-34,-55
IQ:11,96,255,-75,34
IQ:12,104,2,-2,26
IQ:13,112,255,23,-37
IQ:14,120,10,-95,-41
IQ:15,128,255,-90,121
IQ:16,136,3,11,150
IQ:17,144,255,116,1
IQ:18,152,9,-7,-29
IQ:19,160,255,-9,87
IQ:20,168,4,167,152
IQ:21,176,255,162,-117
IQ:22,184,8,-1,-128
IQ:23,192,255,-62,48
IQ:24,200,7,175,113
IQ:25,208,255,95,-134
IQ:26,216,6,-111,-15
IQ:27,224,255,30,80
IQ:28,232,5,130,-138
IQ:29,240,255,-112,-133
IQ:30,248,12,-60,87
IQ:31,256,255,76,83
IQ:32,264,1,32,-52
IQ:33,272,255,-67,-57
IQ:34,280,2,-20,11
IQ:35,288,255,66,-5
SW:2
RR:3
SS:3
FR:2426
ME:5
MA:5
KE:24
KA:288
DF_END

Data arrived...
DF_BEGIN
IQ:0,0,11,77,-128
IQ:1,8,11,-139,-63
IQ:2,16,11,-43,150
IQ:3,24,11,154,33
IQ:4,32,11,26,-154
IQ:5,40,11,-152,-14
IQ:6,48,11,8,154
IQ:7,56,11,158,-22
IQ:8,72,12,-83,70
IQ:9,80,255,49,111
IQ:10,88,1,60,-37
IQ:11,96,255,-43,-75
IQ:12,104,2,-22,2
IQ:13,112,255,52,8
IQ:14,120,10,20,-116
IQ:15,128,255,-121,-78
IQ:16,136,3,-148,40
IQ:17,144,255,18,114
IQ:18,152,9,18,-4
IQ:19,160,255,-90,6
IQ:20,168,4,-121,184
IQ:21,176,255,143,125
IQ:22,184,8,123,-30
IQ:23,192,255,-51,-52
IQ:24,200,7,-73,192
IQ:25,208,255,146,75
IQ:26,216,6,-19,-105
IQ:27,224,255,-74,52
IQ:28,232,5,162,110
IQ:29,240,255,132,-122
IQ:30,248,12,-95,-44
IQ:31,256,255,-71,98
IQ:32,264,1,58,23
IQ:33,272,255,44,-69
IQ:34,280,2,-12,-20
IQ:35,288,255,23,66
SW:2
RR:3
SS:3
FR:2426
ME:5
MA:5
KE:22
KA:310
DF_END

Data arrived...
DF_BEGIN
IQ:0,0,11,134,97
IQ:1,8,11,86,-144
IQ:2,16,11,-148,-80
IQ:3,24,11,-57,157
IQ:4,32,11,163,56
IQ:5,40,11,33,-164
IQ:6,48,11,-169,-28
IQ:7,56,11,-15,160
IQ:8,72,12,-101,-100
IQ:9,80,255,-110,82
IQ:10,88,1,101,67
IQ:11,96,255,100,-80
IQ:12,104,2,-5,-33
IQ:13,112,255,-26,56
IQ:14,120,10,113,80
IQ:15,128,255,101,-95
IQ:16,136,3,-71,-102
IQ:17,144,255,-78,61
IQ:18,152,9,72,32
IQ:19,160,255,3,-120
IQ:20,168,4,-221,-91
IQ:21,176,255,-118,169
IQ:22,184,8,69,75
IQ:23,192,255,33,-82
IQ:24,200,7,-142,-48
IQ:25,208,255,-41,114
IQ:26,216,6,110,-19
IQ:27,224,255,-32,-89
IQ:28,232,5,-97,96
IQ:29,240,255,84,96
IQ:30,248,12,54,-135
IQ:31,256,255,-113,-73
IQ:32,264,1,-20,120
IQ:33,272,255,117,54
IQ:34,280,2,28,-25
IQ:35,288,255,-79,1
SW:2
RR:3
SS:3
FR:2402
ME:2
MA:353
KE:20
KA:324
DF_END

Data arrived...
DF_BEGIN
IQ:0,0,11,93,138
IQ:1,8,11,127,-117
IQ:2,16,11,-125,-129
IQ:3,24,11,-108,141
IQ:4,32,11,157,95
IQ:5,40,11,73,-157
IQ:6,48,11,-172,-62
IQ:7,56,11,-47,177
IQ:8,72,12,-55,-208
IQ:9,80,255,-178,-8
IQ:10,88,1,80,84
IQ:11,96,255,110,-65
IQ:12,104,2,-40,-18
IQ:13,112,255,-5,88
IQ:14,120,10,245,73
IQ:15,128,255,186,-185
IQ:16,136,3,35,-124
IQ:17,144,255,-76,-50
IQ:18,152,9,12,-70
IQ:19,160,255,4,-124
IQ:20,168,4,-44,-237
IQ:21,176,255,-182,6
IQ:22,184,8,-57,47
IQ:23,192,255,37,-33
IQ:24,200,7,-38,-163
IQ:25,208,255,-92,31
IQ:26,216,6,131,22
IQ:27,224,255,-54,-150
IQ:28,232,5,-317,31
IQ:29,240,255,-1,234
IQ:30,248,12,159,-148
IQ:31,256,255,-84,-166
IQ:32,264,1,-41,103
IQ:33,272,255,94,74
IQ:34,280,2,1,-40
IQ:35,288,255,-105,0
SW:2
RR:3
SS:3
FR:2480
ME:44
MA:201
KE:22
KA:305
DF_END

Data arrived...
DF_BEGIN
IQ:0,0,11,-36,-144
IQ:1,8,11,-143,53
IQ:2,16,11,64,139
IQ:3,24,11,120,-88
IQ:4,32,11,-93,-120
IQ:5,40,11,-104,105
IQ:6,48,11,118,99
IQ:7,56,11,84,-126
IQ:8,72,12,-8,103
IQ:9,80,255,106,32
IQ:10,88,1,10,-62
IQ:11,96,255,-80,-21
IQ:12,104,2,-7,22
IQ:13,112,255,41,-17
IQ:14,120,10,-59,-76
IQ:15,128,255,-133,42
IQ:16,136,3,-75,131
IQ:17,144,255,92,61
IQ:18,152,9,12,-25
IQ:19,160,255,-51,67
IQ:20,168,4,47,222
IQ:21,176,255,198,2
IQ:22,184,8,77,-97
IQ:23,192,255,-65,3
IQ:24,200,7,87,190
IQ:25,208,255,150,-51
IQ:26,216,6,-82,-71
IQ:27,224,255,-11,83
IQ:28,232,5,187,-58
IQ:29,240,255,-24,-177
IQ:30,248,12,-100,37
IQ:31,256,255,9,107
IQ:32,264,1,59,-27
IQ:33,272,255,-12,-80
IQ:34,280,2,-26,-8
IQ:35,288,255,56,32
SW:2
RR:3
SS:3
FR:2426
ME:5
MA:5
KE:20
KA:322
DF_END

Data arrived...
DF_BEGIN
IQ:0,0,11,-167,-49
IQ:1,8,11,-29,176
IQ:2,16,11,171,19
IQ:3,24,11,3,-179
IQ:4,32,11,-171,15
IQ:5,40,11,34,173
IQ:6,48,11,163,-48
IQ:7,56,11,-66,-159
IQ:8,72,12,134,64
IQ:9,80,255,78,-115
IQ:10,88,1,-119,-28
IQ:11,96,255,-54,117
IQ:12,104,2,24,28
IQ:13,112,255,3,-65
IQ:14,120,10,-146,-20
IQ:15,128,255,-42,147
IQ:16,136,3,114,63
IQ:17,144,255,39,-91
IQ:18,152,9,-78,4
IQ:19,160,255,45,115
IQ:20,168,4,246,-16
IQ:21,176,255,27,-203
IQ:22,184,8,-103,-39
IQ:23,192,255,7,102
IQ:24,200,7,162,-8
IQ:25,208,255,-10,-130
IQ:26,216,6,-92,61
IQ:27,224,255,77,67
IQ:28,232,5,55,-138
IQ:29,240,255,-125,-51
IQ:30,248,12,-3,157
IQ:31,256,255,136,24
IQ:32,264,1,-16,-111
IQ:33,272,255,-132,0
IQ:34,280,2,-28,33
IQ:35,288,255,72,-42
SW:2
RR:3
SS:3
FR:2402
ME:2
MA:5
KE:18
KA:335
DF_END

Data arrived...
DF_BEGIN
IQ:0,0,11,-127,-65
IQ:1,8,11,-65,126
IQ:2,16,11,126,51
IQ:3,24,11,16,-142
IQ:4,32,11,-141,-21
IQ:5,40,11,-12,145
IQ:6,48,11,144,-12
IQ:7,56,11,-44,-133
IQ:8,72,12,122,126
IQ:9,80,255,121,-74
IQ:10,88,1,-88,-36
IQ:11,96,255,-61,75
IQ:12,104,2,31,-3
IQ:13,112,255,-21,-65
IQ:14,120,10,-203,41
IQ:15,128,255,-55,190
IQ:16,136,3,16,95
IQ:17,144,255,63,12
IQ:18,152,9,13,49
IQ:19,160,255,28,84
IQ:20,168,4,89,160
IQ:21,176,255,122,-55
IQ:22,184,8,16,-51
IQ:23,192,255,-13,38
IQ:24,200,7,79,84
IQ:25,208,255,48,-61
IQ:26,216,6,-89,25
IQ:27,224,255,85,84
IQ:28,232,5,186,-136
IQ:29,240,255,-99,-151
IQ:30,248,12,-41,164
IQ:31,256,255,121,80
IQ:32,264,1,-12,-93
IQ:33,272,255,-98,-24
IQ:34,280,2,14,32
IQ:35,288,255,73,-42
SW:2
RR:3
SS:3
FR:2480
ME:44
MA:201
KE:20
KA:321
DF_END

Data arrived...
DF_BEGIN
IQ:0,0,11,-179,-41
IQ:1,8,11,-31,187
IQ:2,16,11,175,7
IQ:3,24,11,-13,-186
IQ:4,32,11,-195,29
IQ:5,40,11,30,178
IQ:6,48,11,160,-68
IQ:7,56,11,-89,-170
IQ:8,72,12,180,116
IQ:9,80,255,107,-132
IQ:10,88,1,-133,-10
IQ:11,96,255,-52,110
IQ:12,104,2,31,-20
IQ:13,112,255,-65,-59
IQ:14,120,10,-250,112
IQ:15,128,255,-27,257
IQ:16,136,3,36,113
IQ:17,144,255,73,1
IQ:18,152,9,26,59
IQ:19,160,255,58,105
IQ:20,168,4,156,182
IQ:21,176,255,138,-99
IQ:22,184,8,-3,-60
IQ:23,192,255,-5,47
IQ:24,200,7,125,86
IQ:25,208,255,28,-77
IQ:26,216,6,-118,66
IQ:27,224,255,125,94
IQ:28,232,5,203,-217
IQ:29,240,255,-172,-156
IQ:30,248,12,-11,222
IQ:31,256,255,177,54
IQ:32,264,1,-53,-109
IQ:33,272,255,-129,18
IQ:34,280,2,37,31
IQ:35,288,255,73,-78
SW:2
RR:3
SS:3
FR:2480
ME:44
MA:201
KE:22
KA:298
DF_END

Data arrived...
DF_BEGIN
IQ:0,0,11,-128,-133
IQ:1,8,11,-126,126
IQ:2,16,11,139,116
IQ:3,24,11,95,-147
IQ:4,32,11,-154,-94
IQ:5,40,11,-64,167
IQ:6,48,11,170,54
IQ:7,56,11,17,-175
IQ:8,72,12,46,108
IQ:9,80,255,127,-24
IQ:10,88,1,-6,-70
IQ:11,96,255,-103,9
IQ:12,104,2,-25,28
IQ:13,112,255,31,-21
IQ:14,120,10,-86,-58
IQ:15,128,255,-125,117
IQ:16,136,3,-16,204
IQ:17,144,255,167,21
IQ:18,152,9,30,-44
IQ:19,160,255,-30,86
IQ:20,168,4,190,226
IQ:21,176,255,233,-128
IQ:22,184,8,25,-177
IQ:23,192,255,-91,33
IQ:24,200,7,201,169
IQ:25,208,255,151,-161
IQ:26,216,6,-129,-38
IQ:27,224,255,27,86
IQ:28,232,5,182,-162
IQ:29,240,255,-103,-190
IQ:30,248,12,-80,94
IQ:31,256,255,74,112
IQ:32,264,1,60,-46
IQ:33,272,255,-47,-82
IQ:34,280,2,-41,-12
IQ:35,288,255,58,6
SW:2
RR:3
SS:3
FR:2426
ME:5
MA:5
KE:21
KA:323
DF_END

Data arrived...
DF_BEGIN
IQ:0,0,11,-138,105
IQ:1,8,11,104,143
IQ:2,16,11,134,-109
IQ:3,24,11,-120,-123
IQ:4,32,11,-118,127
IQ:5,40,11,148,89
IQ:6,48,11,81,-152
IQ:7,56,11,-166,-58
IQ:8,72,12,126,-56
IQ:9,80,255,-33,-137
IQ:10,88,1,-98,49
IQ:11,96,255,22,132
IQ:12,104,2,43,18
IQ:13,112,255,-36,-58
IQ:14,120,10,-118,66
IQ:15,128,255,57,132
IQ:16,136,3,136,-20
IQ:17,144,255,-29,-109
IQ:18,152,9,-70,51
IQ:19,160,255,106,61
IQ:20,168,4,160,-193
IQ:21,176,255,-126,-183
IQ:22,184,8,-102,52
IQ:23,192,255,83,86
IQ:24,200,7,118,-113
IQ:25,208,255,-105,-86
IQ:26,216,6,-36,118
IQ:27,224,255,94,10
IQ:28,232,5,-40,-144
IQ:29,240,255,-124,44
IQ:30,248,12,99,96
IQ:31,256,255,111,-83
IQ:32,264,1,-99,-68
IQ:33,272,255,-106,77
IQ:34,280,2,5,46
IQ:35,288,255,35,-66
SW:2
RR:3
SS:3
FR:2402
ME:2
MA:5
KE:18
KA:337
DF_END

Data arrived...
DF_BEGIN
IQ:0,0,11,89,163
IQ:1,8,11,164,-101
IQ:2,16,11,-110,-147
IQ:3,24,11,-122,133
IQ:4,32,11,156,114
IQ:5,40,11,110,-160
IQ:6,48,11,-165,-93
IQ:7,56,11,-72,168
IQ:8,72,12,-25,-218
IQ:9,80,255,-175,-8
IQ:10,88,1,83,106
IQ:11,96,255,125,-36
IQ:12,104,2,-48,-16
IQ:13,112,255,-18,105
IQ:14,120,10,251,134
IQ:15,128,255,220,-151
IQ:16,136,3,57,-98
IQ:17,144,255,-33,-51
IQ:18,152,9,59,-76
IQ:19,160,255,39,-136
IQ:20,168,4,40,-224
IQ:21,176,255,-151,-32
IQ:22,184,8,-34,19
IQ:23,192,255,26,-37
IQ:24,200,7,-16,-128
IQ:25,208,255,-59,25
IQ:26,216,6,124,33
IQ:27,224,255,-24,-162
IQ:28,232,5,-296,-21
IQ:29,240,255,-30,223
IQ:30,248,12,193,-119
IQ:31,256,255,-68,-174
IQ:32,264,1,-44,121
IQ:33,272,255,106,77
IQ:34,280,2,-2,-51
IQ:35,288,255,-118,3
SW:2
RR:3
SS:3
FR:2480
ME:44
MA:206
KE:21
KA:319
DF_END

Data arrived...
DF_BEGIN
IQ:0,0,11,-155,42
IQ:1,8,11,29,151
IQ:2,16,11,146,-85
IQ:3,24,11,-68,-130
IQ:4,32,11,-171,75
IQ:5,40,11,150,142
IQ:6,48,11,79,-108
IQ:7,56,11,-69,-104
IQ:8,72,12,77,18
IQ:9,80,255,90,-153
IQ:10,88,1,-87,-107
IQ:11,96,255,-31,92
IQ:12,104,2,1,81
IQ:13,112,255,1,-26
IQ:14,120,10,-79,56
IQ:15,128,255,6,125
IQ:16,136,3,177,71
IQ:17,144,255,177,-166
IQ:18,152,9,-24,-43
IQ:19,160,255,17,100
IQ:20,168,4,355,-44
IQ:21,176,255,53,-281
IQ:22,184,8,-116,-83
IQ:23,192,255,-58,107
IQ:24,200,7,250,-108
IQ:25,208,255,-68,-228
IQ:26,216,6,-114,87
IQ:27,224,255,76,85
IQ:28,232,5,-75,-228
IQ:29,240,255,-212,3
IQ:30,248,12,3,112
IQ:31,256,255,77,-53
IQ:32,264,1,15,-30
IQ:33,272,255,-94,-65
IQ:34,280,2,-64,67
IQ:35,288,255,72,-77
SW:2
RR:3
SS:3
FR:2426
ME:359
MA:353
KE:18
KA:332
DF_END