SW:2
RR:3
SS:3
FR:2480
ME:47
MA:198
KE:22
KA:299
DF_END

Data arrived...
DF_BEGIN
IQ:0,0,11,-187,7
IQ:1,8,11,30,172
IQ:2,16,11,169,-58
IQ:3,24,11,-68,-176
IQ:4,32,11,-169,86
IQ:5,40,11,104,158
IQ:6,48,11,154,-106
IQ:7,56,11,-110,-147
IQ:8,72,12,193,49
IQ:9,80,255,83,-163
IQ:10,88,1,-111,-14
IQ:11,96,255,-54,108
IQ:12,104,2,-6,-21
IQ:13,112,255,-48,-64
IQ:14,120,10,-140,-7
IQ:15,128,255,-27,164
IQ:16,136,3,86,139
IQ:17,144,255,92,-46
IQ:18,152,9,-48,7
IQ:19,160,255,92,140
IQ:20,168,4,405,93
IQ:21,176,255,137,-280
IQ:22,184,8,-85,-83
IQ:23,192,255,1,89
IQ:24,200,7,237,-9
IQ:25,208,255,21,-165
IQ:26,216,6,-90,83
IQ:27,224,255,113,51
IQ:28,232,5,58,-217
IQ:29,240,255,-181,-62
IQ:30,248,12,46,181
IQ:31,256,255,188,-13
IQ:32,264,1,-42,-106
IQ:33,272,255,-115,-1
IQ:34,280,2,18,-10
IQ:35,288,255,36,-91
SW:2
RR:3
SS:3
FR:2426
ME:13
MA:324
KE:21
KA:304
DF_END

Data arrived...
DF_BEGIN
IQ:0,0,11,128,-67
IQ:1,8,11,-98,-121
IQ:2,16,11,-104,102
IQ:3,24,11,114,94
IQ:4,32,11,100,-108
IQ:5,40,11,-119,-82
IQ:6,48,11,-67,129
IQ:7,56,11,136,63
IQ:8,72,12,-123,32
IQ:9,80,255,59,115
IQ:10,88,1,103,-82
IQ:11,96,255,-79,-131
IQ:12,104,2,-102,31
IQ:13,112,255,62,83
IQ:14,120,10,127,-120
IQ:15,128,255,-115,-141
IQ:16,136,3,-145,58
IQ:17,144,255,63,85
IQ:18,152,9,39,-148
IQ:19,160,255,-178,-48
IQ:20,168,4,-95,205
IQ:21,176,255,157,107
IQ:22,184,8,56,-53
IQ:23,192,255,-100,-24
IQ:24,200,7,-106,126
IQ:25,208,255,93,58
IQ:26,216,6,-26,-131
IQ:27,224,255,-114,63
IQ:28,232,5,140,183
IQ:29,240,255,187,-79
IQ:30,248,12,-84,-105
IQ:31,256,255,-85,101
IQ:32,264,1,121,67
IQ:33,272,255,85,-132
IQ:34,280,2,-70,-75
IQ:35,288,255,-71,109
SW:2
RR:3
SS:3
FR:2402
ME:2
MA:353
KE:19
KA:312
DF_END

Data arrived...
DF_BEGIN
IQ:0,0,11,115,195
IQ:1,8,11,190,-124
IQ:2,16,11,-130,-179
IQ:3,24,11,-157,154
IQ:4,32,11,184,135
IQ:5,40,11,117,-186
IQ:6,48,11,-198,-86
IQ:7,56,11,-80,205
IQ:8,72,12,-36,-182
IQ:9,80,255,-146,-4
IQ:10,88,1,59,70
IQ:11,96,255,96,-34
IQ:12,104,2,4,-23
IQ:13,112,255,5,70
IQ:14,120,10,228,95
IQ:15,128,255,175,-146
IQ:16,136,3,16,-87
IQ:17,144,255,-47,-34
IQ:18,152,9,18,-95
IQ:19,160,255,-24,-114
IQ:20,168,4,-58,-199
IQ:21,176,255,-161,18
IQ:22,184,8,-77,56
IQ:23,192,255,36,-11
IQ:24,200,7,-46,-178
IQ:25,208,255,-116,17
IQ:26,216,6,85,18
IQ:27,224,255,-6,-75
IQ:28,232,5,-113,75
IQ:29,240,255,95,100
IQ:30,248,12,152,-125
IQ:31,256,255,-60,-131
IQ:32,264,1,-17,82
IQ:33,272,255,79,70
IQ:34,280,2,13,-18
IQ:35,288,255,-100,-19
SW:2
RR:3
SS:3
FR:2480
ME:7
MA:19
KE:18
KA:323
DF_END

Data arrived...
DF_BEGIN
IQ:0,0,11,37,-134
IQ:1,8,11,-121,10
IQ:2,16,11,1,138
IQ:3,24,11,143,-4
IQ:4,32,11,-26,-133
IQ:5,40,11,-149,21
IQ:6,48,11,54,140
IQ:7,56,11,117,-65
IQ:8,72,12,-60,145
IQ:9,80,255,127,74
IQ:10,88,1,59,-80
IQ:11,96,255,-36,-98
IQ:12,104,2,15,9
IQ:13,112,255,47,-26
IQ:14,120,10,32,-99
IQ:15,128,255,-172,-89
IQ:16,136,3,-119,36
IQ:17,144,255,19,85
IQ:18,152,9,-20,1
IQ:19,160,255,-138,5
IQ:20,168,4,-136,288
IQ:21,176,255,174,165
IQ:22,184,8,85,-22
IQ:23,192,255,-61,-28
IQ:24,200,7,-23,173
IQ:25,208,255,138,36
IQ:26,216,6,-24,-71
IQ:27,224,255,-45,76
IQ:28,232,5,139,82
IQ:29,240,255,92,-140
IQ:30,248,12,-149,12
IQ:31,256,255,-25,144
IQ:32,264,1,83,12
IQ:33,272,255,5,-52
IQ:34,280,2,8,14
IQ:35,288,255,49,48
SW:2
RR:3
SS:3
FR:2426
ME:49
MA:209
KE:21
KA:310
DF_END

Data arrived...
DF_BEGIN
IQ:0,0,11,-75,-136
IQ:1,8,11,-120,86
IQ:2,16,11,91,122
IQ:3,24,11,114,-92
IQ:4,32,11,-112,-108
IQ:5,40,11,-95,109
IQ:6,48,11,124,77
IQ:7,56,11,56,-135
IQ:8,72,12,43,130
IQ:9,80,255,130,-47
IQ:10,88,1,-63,-124
IQ:11,96,255,-146,50
IQ:12,104,2,21,109
IQ:13,112,255,93,-65
IQ:14,120,10,-113,-144
IQ:15,128,255,-147,106
IQ:16,136,3,47,151
IQ:17,144,255,83,-51
IQ:18,152,9,-150,-34
IQ:19,160,255,-43,173
IQ:20,168,4,195,106
IQ:21,176,255,125,-146
IQ:22,184,8,-43,-58
IQ:23,192,255,-30,87
IQ:24,200,7,130,109
IQ:25,208,255,65,-96
IQ:26,216,6,-129,15
IQ:27,224,255,72,119
IQ:28,232,5,184,-126
IQ:29,240,255,-90,-180
IQ:30,248,12,-105,90
IQ:31,256,255,91,95
IQ:32,264,1,81,-118
IQ:33,272,255,-110,-107
IQ:34,280,2,-89,60
IQ:35,288,255,93,84
SW:2
RR:3
SS:3
FR:2402
ME:2
MA:359
KE:19
KA:321
DF_END

Data arrived...
DF_BEGIN
IQ:0,0,11,95,107
IQ:1,8,11,95,-114
IQ:2,16,11,-121,-93
IQ:3,24,11,-94,124
IQ:4,32,11,128,71
IQ:5,40,11,56,-136
IQ:6,48,11,-144,-45
IQ:7,56,11,-29,150
IQ:8,72,12,-70,-118
IQ:9,80,255,-115,71
IQ:10,88,1,98,110
IQ:11,96,255,122,-91
IQ:12,104,2,-46,-92
IQ:13,112,255,-78,75
IQ:14,120,10,143,98
IQ:15,128,255,106,-154
IQ:16,136,3,-94,-140
IQ:17,144,255,-78,70
IQ:18,152,9,156,7
IQ:19,160,255,14,-187
IQ:20,168,4,-209,-75
IQ:21,176,255,-89,174
IQ:22,184,8,60,48
IQ:23,192,255,9,-93
IQ:24,200,7,-149,-73
IQ:25,208,255,-34,111
IQ:26,216,6,127,-45
IQ:27,224,255,-82,-113
IQ:28,232,5,-154,156
IQ:29,240,255,133,147
IQ:30,248,12,77,-114
IQ:31,256,255,-110,-82
IQ:32,264,1,-60,132
IQ:33,272,255,137,63
IQ:34,280,2,64,-79
IQ:35,288,255,-113,-48
SW:2
RR:3
SS:3
FR:2402
ME:2
MA:2
KE:17
KA:329
DF_END

Data arrived...
DF_BEGIN
IQ:0,0,11,-113,136
IQ:1,8,11,134,101
IQ:2,16,11,85,-144
IQ:3,24,11,-155,-70
IQ:4,32,11,-46,155
IQ:5,40,11,171,37
IQ:6,48,11,23,-164
IQ:7,56,11,-169,4
IQ:8,72,12,111,-93
IQ:9,80,255,-44,-107
IQ:10,88,1,-39,56
IQ:11,96,255,42,55
IQ:12,104,2,8,-7
IQ:13,112,255,-43,15
IQ:14,120,10,-22,190
IQ:15,128,255,149,83
IQ:16,136,3,68,-14
IQ:17,144,255,17,-45
IQ:18,152,9,71,-19
IQ:19,160,255,75,-43
IQ:20,168,4,128,-92
IQ:21,176,255,-47,-123
IQ:22,184,8,-60,-47
IQ:23,192,255,12,18
IQ:24,200,7,113,-78
IQ:25,208,255,-42,-79
IQ:26,216,6,15,61
IQ:27,224,255,44,-31
IQ:28,232,5,-92,-59
IQ:29,240,255,-56,92
IQ:30,248,12,116,74
IQ:31,256,255,80,-84
IQ:32,264,1,-71,-1
IQ:33,272,255,-22,72
IQ:34,280,2,8,3
IQ:35,288,255,-22,-72
SW:2
RR:3
SS:3
FR:2480
ME:47
MA:201
KE:20
KA:317
DF_END

Data arrived...
DF_BEGIN
IQ:0,0,11,36,-184
IQ:1,8,11,-175,-12
IQ:2,16,11,3,180
IQ:3,24,11,184,-10
IQ:4,32,11,-28,-178
IQ:5,40,11,-178,48
IQ:6,48,11,58,167
IQ:7,56,11,159,-84
IQ:8,72,12,-75,182
IQ:9,80,255,150,107
IQ:10,88,1,43,-105
IQ:11,96,255,-83,-81
IQ:12,104,2,20,5
IQ:13,112,255,77,-30
IQ:14,120,10,49,-132
IQ:15,128,255,-153,-83
IQ:16,136,3,-165,42
IQ:17,144,255,21,93
IQ:18,152,9,9,-39
IQ:19,160,255,-159,50
IQ:20,168,4,-187,375
IQ:21,176,255,216,217
IQ:22,184,8,100,-57
IQ:23,192,255,-85,-10
IQ:24,200,7,-45,229
IQ:25,208,255,166,53
IQ:26,216,6,-51,-119
IQ:27,224,255,-72,93
IQ:28,232,5,201,95
IQ:29,240,255,73,-170
IQ:30,248,12,-203,5
IQ:31,256,255,-60,176
IQ:32,264,1,111,2
IQ:33,272,255,28,-116
IQ:34,280,2,9,22
IQ:35,288,255,77,56
SW:2
RR:3
SS:3
FR:2426
ME:13
MA:327
KE:19
KA:320
DF_END

Data arrived...
DF_BEGIN
IQ:0,0,11,84,-118
IQ:1,8,11,-130,-73
IQ:2,16,11,-61,138
IQ:3,24,11,141,50
IQ:4,32,11,29,-152
IQ:5,40,11,-148,-23
IQ:6,48,11,-13,151
IQ:7,56,11,155,4
IQ:8,72,12,-98,91
IQ:9,80,255,93,100
IQ:10,88,1,80,-122
IQ:11,96,255,-123,-95
IQ:12,104,2,-77,66
IQ:13,112,255,100,42
IQ:14,120,10,45,-173
IQ:15,128,255,-175,-71
IQ:16,136,3,-123,110
IQ:17,144,255,87,45
IQ:18,152,9,-52,-157
IQ:19,160,255,-176,54
IQ:20,168,4,2,229
IQ:21,176,255,190,28
IQ:22,184,8,31,-75
IQ:23,192,255,-99,13
IQ:24,200,7,-49,156
IQ:25,208,255,105,5
IQ:26,216,6,-70,-112
IQ:27,224,255,-72,114
IQ:28,232,5,201,93
IQ:29,240,255,107,-169
IQ:30,248,12,-124,-45
IQ:31,256,255,-40,129
IQ:32,264,1,139,13
IQ:33,272,255,34,-146
IQ:34,280,2,-96,-41
IQ:35,288,255,-15,119
SW:2
RR:3
SS:3
FR:2402
ME:2
MA:2
KE:18
KA:329
DF_END

Data arrived...
DF_BEGIN
IQ:0,0,11,71,132
IQ:1,8,11,122,-84
IQ:2,16,11,-96,-119
IQ:3,24,11,-99,105
IQ:4,32,11,123,89
IQ:5,40,11,86,-121
IQ:6,48,11,-123,-81
IQ:7,56,11,-63,133
IQ:8,72,12,-48,-127
IQ:9,80,255,-121,52
IQ:10,88,1,75,117
IQ:11,96,255,140,-67
IQ:12,104,2,-30,-101
IQ:13,112,255,-91,58
IQ:14,120,10,113,125
IQ:15,128,255,145,-110
IQ:16,136,3,-41,-164
IQ:17,144,255,-92,53
IQ:18,152,9,146,35
IQ:19,160,255,47,-180
IQ:20,168,4,-199,-95
IQ:21,176,255,-108,154
IQ:22,184,8,44,63
IQ:23,192,255,20,-87
IQ:24,200,7,-130,-106
IQ:25,208,255,-58,99
IQ:26,216,6,129,-21
IQ:27,224,255,-62,-116
IQ:28,232,5,-179,128
IQ:29,240,255,88,172
IQ:30,248,12,92,-82
IQ:31,256,255,-97,-103
IQ:32,264,1,-91,111
IQ:33,272,255,115,93
IQ:34,280,2,74,-62
IQ:35,288,255,-100,-76
SW:2
RR:3
SS:3
FR:2402
ME:2
MA:353
KE:16
KA:334
DF_END

Data arrived...
DF_BEGIN
IQ:0,0,11,135,98
IQ:1,8,11,91,-143
IQ:2,16,11,-158,-75
IQ:3,24,11,-52,172
IQ:4,32,11,167,41
IQ:5,40,11,23,-161
IQ:6,48,11,-171,1
IQ:7,56,11,23,162
IQ:8,72,12,-84,-114
IQ:9,80,255,-100,45
IQ:10,88,1,63,25
IQ:11,96,255,48,-60
IQ:12,104,2,-14,-10
IQ:13,112,255,22,41
IQ:14,120,10,195,-8
IQ:15,128,255,79,-156
IQ:16,136,3,-21,-60
IQ:17,144,255,-45,-7
IQ:18,152,9,-24,-66
IQ:19,160,255,-56,-75
IQ:20,168,4,-95,-118
IQ:21,176,255,-111,56
IQ:22,184,8,-43,62
IQ:23,192,255,21,-14
IQ:24,200,7,-79,-115
IQ:25,208,255,-71,45
IQ:26,216,6,57,-16
IQ:27,224,255,-28,-43
IQ:28,232,5,-48,95
IQ:29,240,255,95,48
IQ:30,248,12,66,-129
IQ:31,256,255,-75,-85
IQ:32,264,1,1,64
IQ:33,272,255,65,19
IQ:34,280,2,-1,-18
IQ:35,288,255,-68,27
SW:2
RR:3
SS:3
FR:2480
ME:47
MA:201
KE:19
KA:324
DF_END

Data arrived...
DF_BEGIN
IQ:0,0,11,145,-51
IQ:1,8,11,-82,-95
IQ:2,16,11,-136,75
IQ:3,24,11,97,108
IQ:4,32,11,86,-85
IQ:5,40,11,-127,-125
IQ:6,48,11,-118,119
IQ:7,56,11,113,67
IQ:8,72,12,-193,50
IQ:9,80,255,37,130
IQ:10,88,1,112,-41
IQ:11,96,255,-6,-92
IQ:12,104,2,73,-11
IQ:13,112,255,19,4
IQ:14,120,10,86,-74
IQ:15,128,255,13,-130
IQ:16,136,3,-83,-69
IQ:17,144,255,-49,66
IQ:18,152,9,28,-39
IQ:19,160,255,-112,-83
IQ:20,168,4,-297,50
IQ:21,176,255,-23,236
IQ:22,184,8,86,37
IQ:23,192,255,-10,-94
IQ:24,200,7,-156,73
IQ:25,208,255,27,106
IQ:26,216,6,50,-102
IQ:27,224,255,-99,28
IQ:28,232,5,47,157
IQ:29,240,255,97,-23
IQ:30,248,12,-36,-91
IQ:31,256,255,-158,76
IQ:32,264,1,59,48
IQ:33,272,255,81,-30
IQ:34,280,2,-36,44
IQ:35,288,255,-14,66
SW:2
RR:3
SS:3
FR:2426
ME:52
MA:212
KE:22
KA:309
DF_END

Data arrived...
DF_BEGIN
IQ:0,0,11,22,-155
IQ:1,8,11,-155,-10
IQ:2,16,11,-9,151
IQ:3,24,11,146,-12
IQ:4,32,11,-32,-147
IQ:5,40,11,-146,40
IQ:6,48,11,52,138
IQ:7,56,11,133,-68
IQ:8,72,12,-47,118
IQ:9,80,255,128,33
IQ:10,88,1,19,-152
IQ:11,96,255,-153,-34
IQ:12,104,2,-40,96
IQ:13,112,255,107,-6
IQ:14,120,10,-23,-174
IQ:15,128,255,-180,-3
IQ:16,136,3,-62,153
IQ:17,144,255,100,11
IQ:18,152,9,-110,-113
IQ:19,160,255,-138,122
IQ:20,168,4,94,206
IQ:21,176,255,187,-56
IQ:22,184,8,3,-80
IQ:23,192,255,-81,48
IQ:24,200,7,43,158
IQ:25,208,255,105,-46
IQ:26,216,6,-112,-73
IQ:27,224,255,-34,119
IQ:28,232,5,222,20
IQ:29,240,255,43,-197
IQ:30,248,12,-126,7
IQ:31,256,255,30,136
IQ:32,264,1,136,-46
IQ:33,272,255,-37,-146
IQ:34,280,2,-107,9
IQ:35,288,255,38,115
SW:2
RR:3
SS:3
FR:2402
ME:2
MA:5
KE:20
KA:322
DF_END

Data arrived...
DF_BEGIN
IQ:0,0,11,153,18
IQ:1,8,11,6,-153
IQ:2,16,11,-149,14
IQ:3,24,11,21,153
IQ:4,32,11,137,-41
IQ:5,40,11,-57,-142
IQ:6,48,11,-136,66
IQ:7,56,11,80,125
IQ:8,72,12,-125,-35
IQ:9,80,255,-27,136
IQ:10,88,1,141,4
IQ:11,96,255,9,-151
IQ:12,104,2,-104,-30
IQ:13,112,255,6,107
IQ:14,120,10,168,-42
IQ:15,128,255,-34,-181
IQ:16,136,3,-157,-22
IQ:17,144,255,3,109
IQ:18,152,9,106,-104
IQ:19,160,255,-131,-128
IQ:20,168,4,-188,118
IQ:21,176,255,68,191
IQ:22,184,8,75,4
IQ:23,192,255,-67,-76
IQ:24,200,7,-161,37
IQ:25,208,255,33,101
IQ:26,216,6,40,-122
IQ:27,224,255,-135,0
IQ:28,232,5,20,228
IQ:29,240,255,194,13
IQ:30,248,12,-32,-124
IQ:31,256,255,-138,31
IQ:32,264,1,50,134
IQ:33,272,255,143,-45
IQ:34,280,2,-20,-100
IQ:35,288,255,-108,56
SW:2
RR:3
SS:3
FR:2402
ME:2
MA:356
KE:18
KA:330
DF_END

Data arrived...
DF_BEGIN
IQ:0,0,11,163,-50
IQ:1,8,11,-69,-164
IQ:2,16,11,-144,81
IQ:3,24,11,117,124
IQ:4,32,11,126,-126
IQ:5,40,11,-124,-110
IQ:6,48,11,-98,143
IQ:7,56,11,140,90
IQ:8,72,12,-140,13
IQ:9,80,255,-27,111
IQ:10,88,1,60,-31
IQ:11,96,255,-20,-72
IQ:12,104,2,-16,4
IQ:13,112,255,48,7
IQ:14,120,10,111,-157
IQ:15,128,255,-87,-146
IQ:16,136,3,-71,-25
IQ:17,144,255,-32,32
IQ:18,152,9,-68,-10
IQ:19,160,255,-79,7
IQ:20,168,4,-162,12
IQ:21,176,255,-10,124
IQ:22,184,8,41,68
IQ:23,192,255,-2,-28
IQ:24,200,7,-144,19
IQ:25,208,255,-4,88
IQ:26,216,6,23,-69
IQ:27,224,255,-54,-8
IQ:28,232,5,48,87
IQ:29,240,255,93,-51
IQ:30,248,12,-74,-130
IQ:31,256,255,-107,29
IQ:32,264,1,55,32
IQ:33,272,255,55,-54
IQ:34,280,2,-11,-10
IQ:35,288,255,-16,73
SW:2
RR:3
SS:3
FR:2480
ME:47
MA:201
KE:21
KA:318
DF_END

Data arrived...
DF_BEGIN
IQ:0,0,11,-171,-53
IQ:1,8,11,-37,165
IQ:2,16,11,172,26
IQ:3,24,11,20,-178
IQ:4,32,11,-169,-8
IQ:5,40,11,13,168
IQ:6,48,11,161,-42
IQ:7,56,11,-52,-164
IQ:8,72,12,111,81
IQ:9,80,255,90,-82
IQ:10,88,1,-61,-5
IQ:11,96,255,-39,64
IQ:12,104,2,10,10
IQ:13,112,255,-24,-39
IQ:14,120,10,-173,50
IQ:15,128,255,-30,167
IQ:16,136,3,37,62
IQ:17,144,255,57,-8
IQ:18,152,9,39,58
IQ:19,160,255,68,44
IQ:20,168,4,119,82
IQ:21,176,255,96,-89
IQ:22,184,8,14,-81
IQ:23,192,255,-16,21
IQ:24,200,7,114,76
IQ:25,208,255,54,-72
IQ:26,216,6,-57,34
IQ:27,224,255,35,33
IQ:28,232,5,21,-100
IQ:29,240,255,-93,-30
IQ:30,248,12,-32,132
IQ:31,256,255,101,44
IQ:32,264,1,-17,-63
IQ:33,272,255,-66,4
IQ:34,280,2,-1,19
IQ:35,288,255,57,-46
SW:2
RR:3
SS:3
FR:2480
ME:52
MA:201
KE:24
KA:297
DF_END

Data arrived...
DF_BEGIN
IQ:0,0,11,116,-145
IQ:1,8,11,-154,-102
IQ:2,16,11,-74,167
IQ:3,24,11,171,57
IQ:4,32,11,58,-177
IQ:5,40,11,-175,-37
IQ:6,48,11,-18,178
IQ:7,56,11,186,2
IQ:8,72,12,-169,104
IQ:9,80,255,70,167
IQ:10,88,1,98,-67
IQ:11,96,255,-32,-114
IQ:12,104,2,20,19
IQ:13,112,255,79,2
IQ:14,120,10,97,-106
IQ:15,128,255,-94,-148
IQ:16,136,3,-168,-39
IQ:17,144,255,-33,98
IQ:18,152,9,21,-41
IQ:19,160,255,-167,-37
IQ:20,168,4,-341,231
IQ:21,176,255,94,297
IQ:22,184,8,109,-4
IQ:23,192,255,-72,-54
IQ:24,200,7,-144,188
IQ:25,208,255,123,119
IQ:26,216,6,17,-124
IQ:27,224,255,-107,42
IQ:28,232,5,130,179
IQ:29,240,255,162,-98
IQ:30,248,12,-164,-104
IQ:31,256,255,-128,131
IQ:32,264,1,101,52
IQ:33,272,255,82,-80
IQ:34,280,2,-12,16
IQ:35,288,255,37,84
SW:2
RR:3
SS:3
FR:2426
ME:10
MA:327
KE:23
KA:304
DF_END

Data arrived...
DF_BEGIN
IQ:0,0,11,78,182
IQ:1,8,11,171,-105
IQ:2,16,11,-109,-163
IQ:3,24,11,-138,139
IQ:4,32,11,154,131
IQ:5,40,11,131,-151
IQ:6,48,11,-154,-123
IQ:7,56,11,-92,154
IQ:8,72,12,-53,-158
IQ:9,80,255,-169,43
IQ:10,88,1,95,159
IQ:11,96,255,184,-92
IQ:12,104,2,-35,-133
IQ:13,112,255,-109,81
IQ:14,120,10,161,164
IQ:15,128,255,198,-141
IQ:16,136,3,-72,-191
IQ:17,144,255,-115,71
IQ:18,152,9,195,31
IQ:19,160,255,55,-242
IQ:20,168,4,-257,-141
IQ:21,176,255,-160,200
IQ:22,184,8,61,83
IQ:23,192,255,34,-120
IQ:24,200,7,-172,-146
IQ:25,208,255,-87,115
IQ:26,216,6,171,-17
IQ:27,224,255,-72,-146
IQ:28,232,5,-236,176
IQ:29,240,255,134,218
IQ:30,248,12,113,-123
IQ:31,256,255,-129,-126
IQ:32,264,1,-99,157
IQ:33,272,255,159,123
IQ:34,280,2,106,-91
IQ:35,288,255,-137,-87
SW:2
RR:3
SS:3
FR:2402
ME:2
MA:353
KE:21
KA:315
DF_END

Data arrived...
DF_BEGIN
IQ:0,0,11,-138,105
IQ:1,8,11,115,131
IQ:2,16,11,118,-120
IQ:3,24,11,-131,-102
IQ:4,32,11,-98,147
IQ:5,40,11,148,76
IQ:6,48,11,56,-160
IQ:7,56,11,-162,-55
IQ:8,72,12,135,-57
IQ:9,80,255,-15,-114
IQ:10,88,1,-49,50
IQ:11,96,255,32,61
IQ:12,104,2,10,-12
IQ:13,112,255,-51,6
IQ:14,120,10,-58,178
IQ:15,128,255,125,113
IQ:16,136,3,75,-5
IQ:17,144,255,21,-38
IQ:18,152,9,70,2
IQ:19,160,255,80,-42
IQ:20,168,4,141,-66
IQ:21,176,255,-30,-124
IQ:22,184,8,-52,-56
IQ:23,192,255,5,18
IQ:24,200,7,128,-63
IQ:25,208,255,-28,-90
IQ:26,216,6,-2,62
IQ:27,224,255,44,-15
IQ:28,232,5,-67,-72
IQ:29,240,255,-66,78
IQ:30,248,12,112,98
IQ:31,256,255,104,-53
IQ:32,264,1,-67,-18
IQ:33,272,255,-40,61
IQ:34,280,2,14,6
IQ:35,288,255,-6,-74
SW:2
RR:3
SS:3
FR:2480
ME:49
MA:203
KE:24
KA:296
DF_END

Data arrived...
DF_BEGIN
IQ:0,0,11,130,-100
IQ:1,8,11,-127,-121
IQ:2,16,11,-119,126
IQ:3,24,11,141,94
IQ:4,32,11,74,-148
IQ:5,40,11,-162,-63
IQ:6,48,11,-56,161
IQ:7,56,11,165,32
IQ:8,72,12,-130,79
IQ:9,80,255,7,117
IQ:10,88,1,41,-50
IQ:11,96,255,-37,-56
IQ:12,104,2,-23,15
IQ:13,112,255,40,-6
IQ:14,120,10,26,-179
IQ:15,128,255,-144,-97
IQ:16,136,3,-75,4
IQ:17,144,255,-25,40
IQ:18,152,9,-74,16
IQ:19,160,255,-86,34
IQ:20,168,4,-144,66
IQ:21,176,255,30,122
IQ:22,184,8,55,48
IQ:23,192,255,-9,-29
IQ:24,200,7,-129,69
IQ:25,208,255,28,80
IQ:26,216,6,5,-70
IQ:27,224,255,-54,13
IQ:28,232,5,67,77
IQ:29,240,255,65,-80
IQ:30,248,12,-113,-86
IQ:31,256,255,-98,71
IQ:32,264,1,53,18
IQ:33,272,255,42,-57
IQ:34,280,2,-20,-9
IQ:35,288,255,7,76
SW:2
RR:3
SS:3
FR:2480
ME:47
MA:198
KE:26
KA:271
DF_END

Data arrived...
DF_BEGIN
IQ:0,0,11,109,139
IQ:1,8,11,131,-118
IQ:2,16,11,-132,-128
IQ:3,24,11,-119,138
IQ:4,32,11,150,111
IQ:5,40,11,100,-154
IQ:6,48,11,-164,-73
IQ:7,56,11,-52,168
IQ:8,72,12,-76,-179
IQ:9,80,255,-183,25
IQ:10,88,1,45,107
IQ:11,96,255,115,-14
IQ:12,104,2,-17,17
IQ:13,112,255,-19,71
IQ:14,120,10,70,123
IQ:15,128,255,157,-64
IQ:16,136,3,79,-144
IQ:17,144,255,-90,-54
IQ:18,152,9,22,29
IQ:19,160,255,71,-159
IQ:20,168,4,-140,-384
IQ:21,176,255,-313,33
IQ:22,184,8,-36,107
IQ:23,192,255,71,-49
IQ:24,200,7,-139,-185
IQ:25,208,255,-144,90
IQ:26,216,6,120,28
IQ:27,224,255,-26,-119
IQ:28,232,5,-222,60
IQ:29,240,255,46,175
IQ:30,248,12,131,-160
IQ:31,256,255,-103,-155
IQ:32,264,1,-74,93
IQ:33,272,255,66,95
IQ:34,280,2,-19,-8
IQ:35,288,255,-93,29
SW:2
RR:3
SS:3
FR