IQ:10,88,1,134,-95
IQ:11,96,255,-87,-147
IQ:12,104,2,-110,41
IQ:13,112,255,96,78
IQ:14,120,10,128,-178
IQ:15,128,255,-151,-163
IQ:16,136,3,-174,79
IQ:17,144,255,71,101
IQ:18,152,9,13,-182
IQ:19,160,255,-228,-29
IQ:20,168,4,-112,251
IQ:21,176,255,197,128
IQ:22,184,8,73,-50
IQ:23,192,255,-108,-35
IQ:24,200,7,-136,145
IQ:25,208,255,105,84
IQ:26,216,6,-18,-156
IQ:27,224,255,-122,81
IQ:28,232,5,189,193
IQ:29,240,255,197,-135
IQ:30,248,12,-118,-83
IQ:31,256,255,-97,139
IQ:32,264,1,139,76
IQ:33,272,255,98,-142
IQ:34,280,2,-77,-91
IQ:35,288,255,-76,122
SW:2
RR:3
SS:3
FR:2402
ME:2
MA:359
KE:22
KA:305
DF_END

Data arrived...
DF_BEGIN
IQ:0,0,11,-96,-139
IQ:1,8,11,-128,118
IQ:2,16,11,120,127
IQ:3,24,11,101,-136
IQ:4,32,11,-151,-92
IQ:5,40,11,-84,153
IQ:6,48,11,153,66
IQ:7,56,11,52,-168
IQ:8,72,12,43,146
IQ:9,80,255,113,-9
IQ:10,88,1,-52,-54
IQ:11,96,255,-69,33
IQ:12,104,2,15,18
IQ:13,112,255,0,-48
IQ:14,120,10,-173,-62
IQ:15,128,255,-119,125
IQ:16,136,3,3,71
IQ:17,144,255,38,20
IQ:18,152,9,5,62
IQ:19,160,255,21,78
IQ:20,168,4,42,158
IQ:21,176,255,131,-7
IQ:22,184,8,57,-54
IQ:23,192,255,-28,12
IQ:24,200,7,58,132
IQ:25,208,255,90,-29
IQ:26,216,6,-69,-9
IQ:27,224,255,5,56
IQ:28,232,5,84,-53
IQ:29,240,255,-65,-75
IQ:30,248,12,-108,101
IQ:31,256,255,57,103
IQ:32,264,1,32,-63
IQ:33,272,255,-54,-51
IQ:34,280,2,-10,18
IQ:35,288,255,77,4
SW:2
RR:3
SS:3
FR:2480
ME:47
MA:201
KE:24
KA:288
DF_END

Data arrived...
DF_BEGIN
IQ:0,0,11,-104,-136
IQ:1,8,11,-131,108
IQ:2,16,11,118,115
IQ:3,24,11,95,-137
IQ:4,32,11,-142,-91
IQ:5,40,11,-88,148
IQ:6,48,11,150,70
IQ:7,56,11,59,-158
IQ:8,72,12,58,188
IQ:9,80,255,165,-20
IQ:10,88,1,-55,-99
IQ:11,96,255,-105,14
IQ:12,104,2,35,-32
IQ:13,112,255,20,-87
IQ:14,120,10,-61,-114
IQ:15,128,255,-147,53
IQ:16,136,3,-86,110
IQ:17,144,255,63,51
IQ:18,152,9,-16,-27
IQ:19,160,255,-70,135
IQ:20,168,4,127,365
IQ:21,176,255,292,-12
IQ:22,184,8,49,-99
IQ:23,192,255,-64,36
IQ:24,200,7,120,186
IQ:25,208,255,132,-75
IQ:26,216,6,-111,-33
IQ:27,224,255,10,97
IQ:28,232,5,221,-67
IQ:29,240,255,-62,-164
IQ:30,248,12,-145,132
IQ:31,256,255,103,177
IQ:32,264,1,58,-97
IQ:33,272,255,-72,-74
IQ:34,280,2,42,15
IQ:35,288,255,87,-40
SW:2
RR:3
SS:3
FR:2426
ME:13
MA:321
KE:23
KA:295
DF_END

Data arrived...
DF_BEGIN
IQ:0,0,11,185,48
IQ:1,8,11,37,-191
IQ:2,16,11,-182,-20
IQ:3,24,11,15,190
IQ:4,32,11,191,-16
IQ:5,40,11,-38,-184
IQ:6,48,11,-184,54
IQ:7,56,11,64,175
IQ:8,72,12,-150,-77
IQ:9,80,255,-67,152
IQ:10,88,1,161,25
IQ:11,96,255,35,-190
IQ:12,104,2,-106,-57
IQ:13,112,255,0,126
IQ:14,120,10,216,-4
IQ:15,128,255,27,-221
IQ:16,136,3,-180,-90
IQ:17,144,255,-28,125
IQ:18,152,9,157,-106
IQ:19,160,255,-112,-195
IQ:20,168,4,-264,92
IQ:21,176,255,30,236
IQ:22,184,8,98,12
IQ:23,192,255,-54,-106
IQ:24,200,7,-205,27
IQ:25,208,255,21,137
IQ:26,216,6,98,-117
IQ:27,224,255,-152,-44
IQ:28,232,5,-32,272
IQ:29,240,255,231,56
IQ:30,248,12,-11,-166
IQ:31,256,255,-168,7
IQ:32,264,1,29,159
IQ:33,272,255,180,-27
IQ:34,280,2,6,-119
IQ:35,288,255,-148,24
SW:2
RR:3
SS:3
FR:2402
ME:2
MA:353
KE:21
KA:308
DF_END

Data arrived...
DF_BEGIN
IQ:0,0,11,-157,57
IQ:1,8,11,76,141
IQ:2,16,11,144,-85
IQ:3,24,11,-87,-137
IQ:4,32,11,-120,106
IQ:5,40,11,129,108
IQ:6,48,11,89,-134
IQ:7,56,11,-148,-74
IQ:8,72,12,136,-11
IQ:9,80,255,17,-111
IQ:10,88,1,-48,31
IQ:11,96,255,17,68
IQ:12,104,2,13,-6
IQ:13,112,255,-46,-7
IQ:14,120,10,-106,148
IQ:15,128,255,92,129
IQ:16,136,3,59,23
IQ:17,144,255,41,-24
IQ:18,152,9,66,2
IQ:19,160,255,79,-13
IQ:20,168,4,146,-6
IQ:21,176,255,4,-122
IQ:22,184,8,-46,-65
IQ:23,192,255,0,21
IQ:24,200,7,139,-30
IQ:25,208,255,-8,-96
IQ:26,216,6,-32,54
IQ:27,224,255,54,6
IQ:28,232,5,-41,-78
IQ:29,240,255,-77,55
IQ:30,248,12,73,121
IQ:31,256,255,100,-41
IQ:32,264,1,-57,-33
IQ:33,272,255,-54,46
IQ:34,280,2,6,5
IQ:35,288,255,9,-74
SW:2
RR:3
SS:3
FR:2480
ME:47
MA:198
KE:23
KA:293
DF_END

Data arrived...
DF_BEGIN
IQ:0,0,11,96,136
IQ:1,8,11,133,-97
IQ:2,16,11,-107,-129
IQ:3,24,11,-108,126
IQ:4,32,11,139,93
IQ:5,40,11,84,-154
IQ:6,48,11,-143,-64
IQ:7,56,11,-47,153
IQ:8,72,12,-45,-127
IQ:9,80,255,-107,15
IQ:10,88,1,39,48
IQ:11,96,255,60,-33
IQ:12,104,2,-12,-7
IQ:13,112,255,14,43
IQ:14,120,10,189,51
IQ:15,128,255,129,-110
IQ:16,136,3,6,-62
IQ:17,144,255,-32,-29
IQ:18,152,9,-11,-77
IQ:19,160,255,-33,-68
IQ:20,168,4,-45,-141
IQ:21,176,255,-120,14
IQ:22,184,8,-59,44
IQ:23,192,255,19,-8
IQ:24,200,7,-46,-134
IQ:25,208,255,-89,14
IQ:26,216,6,61,11
IQ:27,224,255,-4,-43
IQ:28,232,5,-70,59
IQ:29,240,255,69,73
IQ:30,248,12,95,-99
IQ:31,256,255,-48,-96
IQ:32,264,1,-24,59
IQ:33,272,255,59,43
IQ:34,280,2,-2,-9
IQ:35,288,255,-75,5
SW:2
RR:3
SS:3
FR:2480
ME:47
MA:201
KE:26
KA:274
DF_END

Data arrived...
DF_BEGIN
IQ:0,0,11,-166,100
IQ:1,8,11,133,133
IQ:2,16,11,126,-126
IQ:3,24,11,-133,-116
IQ:4,32,11,-114,149
IQ:5,40,11,169,101
IQ:6,48,11,102,-160
IQ:7,56,11,-184,-67
IQ:8,72,12,177,-74
IQ:9,80,255,-27,-181
IQ:10,88,1,-104,51
IQ:11,96,255,20,127
IQ:12,104,2,-12,-2
IQ:13,112,255,-67,-24
IQ:14,120,10,-115,78
IQ:15,128,255,49,174
IQ:16,136,3,133,75
IQ:17,144,255,60,-81
IQ:18,152,9,-41,25
IQ:19,160,255,141,66
IQ:20,168,4,370,-157
IQ:21,176,255,-40,-316
IQ:22,184,8,-135,-18
IQ:23,192,255,38,75
IQ:24,200,7,185,-154
IQ:25,208,255,-82,-127
IQ:26,216,6,-25,112
IQ:27,224,255,117,-24
IQ:28,232,5,-65,-212
IQ:29,240,255,-182,55
IQ:30,248,12,132,141
IQ:31,256,255,155,-88
IQ:32,264,1,-95,-79
IQ:33,272,255,-104,66
IQ:34,280,2,9,-23
IQ:35,288,255,-14,-86
SW:2
RR:3
SS:3
FR:2426
ME:13
MA:318
KE:25
KA:283
DF_END

Data arrived...
DF_BEGIN
IQ:0,0,11,139,-14
IQ:1,8,11,-20,-147
IQ:2,16,11,-147,17
IQ:3,24,11,39,142
IQ:4,32,11,134,-61
IQ:5,40,11,-76,-125
IQ:6,48,11,-127,82
IQ:7,56,11,88,112
IQ:8,72,12,-132,-6
IQ:9,80,255,-10,129
IQ:10,88,1,135,-9
IQ:11,96,255,2,-148
IQ:12,104,2,-100,-15
IQ:13,112,255,36,100
IQ:14,120,10,157,-65
IQ:15,128,255,-41,-182
IQ:16,136,3,-153,-33
IQ:17,144,255,13,101
IQ:18,152,9,99,-116
IQ:19,160,255,-136,-118
IQ:20,168,4,-182,130
IQ:21,176,255,81,171
IQ:22,184,8,71,-14
IQ:23,192,255,-64,-63
IQ:24,200,7,-154,57
IQ:25,208,255,45,92
IQ:26,216,6,41,-119
IQ:27,224,255,-125,8
IQ:28,232,5,32,213
IQ:29,240,255,188,-5
IQ:30,248,12,-32,-119
IQ:31,256,255,-127,35
IQ:32,264,1,62,119
IQ:33,272,255,136,-58
IQ:34,280,2,-28,-95
IQ:35,288,255,-107,53
SW:2
RR:3
SS:3
FR:2402
ME:2
MA:5
KE:22
KA:298
DF_END

Data arrived...
DF_BEGIN
IQ:0,0,11,135,105
IQ:1,8,11,89,-147
IQ:2,16,11,-148,-90
IQ:3,24,11,-44,151
IQ:4,32,11,166,23
IQ:5,40,11,27,-170
IQ:6,48,11,-174,-34
IQ:7,56,11,-5,165
IQ:8,72,12,-81,-113
IQ:9,80,255,-102,55
IQ:10,88,1,76,37
IQ:11,96,255,53,-56
IQ:12,104,2,-28,-16
IQ:13,112,255,18,60
IQ:14,120,10,188,19
IQ:15,128,255,89,-154
IQ:16,136,3,-22,-62
IQ:17,144,255,-41,-17
IQ:18,152,9,-19,-69
IQ:19,160,255,-57,-79
IQ:20,168,4,-94,-121
IQ:21,176,255,-106,46
IQ:22,184,8,-26,68
IQ:23,192,255,26,-23
IQ:24,200,7,-100,-101
IQ:25,208,255,-75,43
IQ:26,216,6,65,-2
IQ:27,224,255,-14,-52
IQ:28,232,5,-48,90
IQ:29,240,255,98,44
IQ:30,248,12,73,-125
IQ:31,256,255,-88,-75
IQ:32,264,1,-5,71
IQ:33,272,255,77,27
IQ:34,280,2,-2,-28
IQ:35,288,255,-79,29
SW:2
RR:3
SS:3
FR:2480
ME:47
MA:201
KE:25
KA:281
DF_END

Data arrived...
DF_BEGIN
IQ:0,0,11,-167,-88
IQ:1,8,11,-75,174
IQ:2,16,11,187,61
IQ:3,24,11,54,-182
IQ:4,32,11,-187,-24
IQ:5,40,11,-8,182
IQ:6,48,11,186,-7
IQ:7,56,11,-42,-188
IQ:8,72,12,146,146
IQ:9,80,255,145,-109
IQ:10,88,1,-92,-73
IQ:11,96,255,-100,65
IQ:12,104,2,-1,-24
IQ:13,112,255,-11,-80
IQ:14,120,10,-123,-83
IQ:15,128,255,-128,126
IQ:16,136,3,-15,161
IQ:17,144,255,100,14
IQ:18,152,9,-46,-37
IQ:19,160,255,-15,168
IQ:20,168,4,286,295
IQ:21,176,255,264,-160
IQ:22,184,8,-39,-115
IQ:23,192,255,-42,84
IQ:24,200,7,207,103
IQ:25,208,255,75,-155
IQ:26,216,6,-125,35
IQ:27,224,255,66,108
IQ:28,232,5,169,-148
IQ:29,240,255,-118,-145
IQ:30,248,12,-72,183
IQ:31,256,255,154,109
IQ:32,264,1,24,-112
IQ:33,272,255,-109,-58
IQ:34,280,2,19,-4
IQ:35,288,255,78,-48
SW:2
RR:3
SS:3
FR:2426
ME:13
MA:327
KE:23
KA:292
DF_END

Data arrived...
DF_BEGIN
IQ:0,0,11,-180,-44
IQ:1,8,11,-18,186
IQ:2,16,11,190,-11
IQ:3,24,11,-39,-180
IQ:4,32,11,-183,52
IQ:5,40,11,59,182
IQ:6,48,11,178,-69
IQ:7,56,11,-83,-178
IQ:8,72,12,156,52
IQ:9,80,255,37,-159
IQ:10,88,1,-180,-23
IQ:11,96,255,-37,197
IQ:12,104,2,117,44
IQ:13,112,255,-6,-129
IQ:14,120,10,-227,4
IQ:15,128,255,-1,224
IQ:16,136,3,185,74
IQ:17,144,255,12,-124
IQ:18,152,9,-150,116
IQ:19,160,255,143,177
IQ:20,168,4,267,-118
IQ:21,176,255,-49,-242
IQ:22,184,8,-95,0
IQ:23,192,255,68,98
IQ:24,200,7,203,-29
IQ:25,208,255,-27,-131
IQ:26,216,6,-87,138
IQ:27,224,255,160,25
IQ:28,232,5,10,-282
IQ:29,240,255,-247,-45
IQ:30,248,12,30,159
IQ:31,256,255,172,-36
IQ:32,264,1,-52,-175
IQ:33,272,255,-191,20
IQ:34,280,2,0,122
IQ:35,288,255,150,-29
SW:2
RR:3
SS:3
FR:2402
ME:2
MA:353
KE:21
KA:305
DF_END

Data arrived...
DF_BEGIN
IQ:0,0,11,117,-124
IQ:1,8,11,-134,-116
IQ:2,16,11,-97,145
IQ:3,24,11,149,77
IQ:4,32,11,67,-165
IQ:5,40,11,-159,-58
IQ:6,48,11,-24,160
IQ:7,56,11,172,3
IQ:8,72,12,-130,73
IQ:9,80,255,40,105
IQ:10,88,1,42,-61
IQ:11,96,255,-51,-64
IQ:12,104,2,-7,15
IQ:13,112,255,54,-19
IQ:14,120,10,25,-194
IQ:15,128,255,-145,-91
IQ:16,136,3,-62,7
IQ:17,144,255,-16,41
IQ:18,152,9,-68,18
IQ:19,160,255,-83,47
IQ:20,168,4,-131,80
IQ:21,176,255,47,115
IQ:22,184,8,60,44
IQ:23,192,255,-12,-22
IQ:24,200,7,-110,83
IQ:25,208,255,49,71
IQ:26,216,6,-8,-68
IQ:27,224,255,-51,13
IQ:28,232,5,78,55
IQ:29,240,255,44,-92
IQ:30,248,12,-121,-85
IQ:31,256,255,-85,82
IQ:32,264,1,73,6
IQ:33,272,255,40,-62
IQ:34,280,2,-21,1
IQ:35,288,255,20,83
SW:2
RR:3
SS:3
FR:2480
ME:47
MA:201
KE:24
KA:290
DF_END

Data arrived...
DF_BEGIN
IQ:0,0,11,-50,-166
IQ:1,8,11,-160,65
IQ:2,16,11,79,151
IQ:3,24,11,141,-96
IQ:4,32,11,-105,-129
IQ:5,40,11,-118,119
IQ:6,48,11,131,105
IQ:7,56,11,99,-142
IQ:8,72,12,13,147
IQ:9,80,255,112,21
IQ:10,88,1,-37,-72
IQ:11,96,255,-77,6
IQ:12,104,2,9,6
IQ:13,112,255,6,-53
IQ:14,120,10,-153,-122
IQ:15,128,255,-155,73
IQ:16,136,3,-21,56
IQ:17,144,255,32,30
IQ:18,152,9,-24,66
IQ:19,160,255,4,85
IQ:20,168,4,0,148
IQ:21,176,255,121,16
IQ:22,184,8,73,-30
IQ:23,192,255,-17,0
IQ:24,200,7,10,137
IQ:25,208,255,84,1
IQ:26,216,6,-70,-23
IQ:27,224,255,-9,54
IQ:28,232,5,85,-42
IQ:29,240,255,-48,-94
IQ:30,248,12,-139,58
IQ:31,256,255,26,119
IQ:32,264,1,42,-64
IQ:33,272,255,-53,-61
IQ:34,280,2,-3,18
IQ:35,288,255,75,22
SW:2
RR:3
SS:3
FR:2480
ME:49
MA:206
KE:26
KA:274
DF_END

Data arrived...
DF_BEGIN
IQ:0,0,11,151,13
IQ:1,8,11,-8,-146
IQ:2,16,11,-152,17
IQ:3,24,11,22,150
IQ:4,32,11,146,-39
IQ:5,40,11,-46,-146
IQ:6,48,11,-133,62
IQ:7,56,11,79,128
IQ:8,72,12,-147,-63
IQ:9,80,255,-87,123
IQ:10,88,1,89,25
IQ:11,96,255,58,-82
IQ:12,104,2,-3,3
IQ:13,112,255,20,61
IQ:14,120,10,112,30
IQ:15,128,255,64,-126
IQ:16,136,3,-50,-123
IQ:17,144,255,-73,38
IQ:18,152,9,48,6
IQ:19,160,255,-37,-129
IQ:20,168,4,-310,-88
IQ:21,176,255,-135,209
IQ:22,184,8,70,78
IQ:23,192,255,2,-79
IQ:24,200,7,-192,4
IQ:25,208,255,-3,147
IQ:26,216,6,94,-53
IQ:27,224,255,-77,-57
IQ:28,232,5,-72,153
IQ:29,240,255,131,68
IQ:30,248,12,-7,-156
IQ:31,256,255,-153,-25
IQ:32,264,1,14,100
IQ:33,272,255,100,16
IQ:34,280,2,-7,4
IQ:35,288,255,-43,53
SW:2
RR:3
SS:3
FR:2426
ME:10
MA:327
KE:24
KA:286
DF_END

Data arrived...
DF_BEGIN
IQ:0,0,11,-184,-66
IQ:1,8,11,-67,173
IQ:2,16,11,179,37
IQ:3,24,11,18,-191
IQ:4,32,11,-183,-6
IQ:5,40,11,2,183
IQ:6,48,11,187,-20
IQ:7,56,11,-41,-187
IQ:8,72,12,151,71
IQ:9,80,255,72,-148
IQ:10,88,1,-166,-59
IQ:11,96,255,-85,160
IQ:12,104,2,109,63
IQ:13,112,255,20,-131
IQ:14,120,10,-218,-19
IQ:15,128,255,-32,224
IQ:16,136,3,171,104
IQ:17,144,255,48,-120
IQ:18,152,9,-171,82
IQ:19,160,255,116,204
IQ:20,168,4,286,-42
IQ:21,176,255,19,-245
IQ:22,184,8,-90,-21
IQ:23,192,255,45,107
IQ:24,200,7,204,5
IQ:25,208,255,-9,-136
IQ:26,216,6,-110,112
IQ:27,224,255,154,56
IQ:28,232,5,73,-279
IQ:29,240,255,-229,-94
IQ:30,248,12,-15,155
IQ:31,256,255,168,2
IQ:32,264,1,-27,-179
IQ:33,272,255,-189,-5
IQ:34,280,2,-12,124
IQ:35,288,255,149,-9
SW:2
RR:3
SS:3
FR:2402
ME:2
MA:353
KE:22
KA:300
DF_END

Data arrived...
DF_BEGIN
IQ:0,0,11,69,-157
IQ:1,8,11,-157,-56
IQ:2,16,11,-43,160
IQ:3,24,11,170,10
IQ:4,32,11,-1,-173
IQ:5,40,11,-170,14
IQ:6,48,11,22,174
IQ:7,56,11,159,-39
IQ:8,72,12,-97,112
IQ:9,80,255,75,101
IQ:10,88,1,23,-83
IQ:11,96,255,-61,-46
IQ:12,104,2,-4,19
IQ:13,112,255,42,-35
IQ:14,120,10,-50,-183
IQ:15,128,255,-174,-38
IQ:16,136,3,-55,35
IQ:17,144,255,4,37
IQ:18,152,9,-65,32
IQ:19,160,255,-55,68
IQ:20,168,4,-85,114
IQ:21,176,255,80,87
IQ:22,184,8,67,22
IQ:23,192,255,-15,-13
IQ:24,200,7,-71,122
IQ:25,208,255,62,60
IQ:26,216,6,-30,-62
IQ:27,224,255,-39,33
IQ:28,232,5,88,31
IQ:29,240,255,26,-102
IQ:30,248,12,-144,-46
IQ:31,256,255,-53,102
IQ:32,264,1,70,-18
IQ:33,272,255,-2,-77
IQ:34,280,2,-19,9
IQ:35,288,255,42,70
SW:2
RR:3
SS:3
FR:2480
ME:47
MA:201
KE:24
KA:284
DF_END

Data arrived...
DF_BEGIN
IQ:0,0,11,144,-47
IQ:1,8,11,-62,-141
IQ:2,16,11,-141,76
IQ:3,24,11,89,114
IQ:4,32,11,99,-116
IQ:5,40,11,-117,-109
IQ:6,48,11,-92,117
IQ:7,56,11,126,83
IQ:8,72,12,-167,19
IQ:9,80,255,-26,141
IQ:10,88,1,91,-26
IQ:11,96,255,11,-103
IQ:12,104,2,2,6
IQ:13,112,255,45,39
IQ:14,120,10,114,-25
IQ:15,128,255,-10,-143
IQ:16,136,3,-95,-76
IQ:17,144,255,-50,67
IQ:18,152,9,46,-9
IQ:19,160,255,-89,-92
IQ:20,168,4,-299,41
IQ:21,176,255,-19,258
IQ:22,184,8,109,43
IQ:23,192,255,-53,-69
IQ:24,200,7,-164,89
IQ:25,208,255,68,113
IQ:26,216,6,61,-69
IQ:27,224,255,-108,-27
IQ:28,232,5,5,162
IQ:29,240,255,158,32
IQ:30,248,12,-72,-144
IQ:31,256,255,-121,37
IQ:32,264,1,47,81
IQ:33,272,255,99,-35
IQ:34,280,2,-8,0
IQ:35,288,255,-14,72
SW:2
RR:3
SS:3
FR:2426
ME:10
MA:338
KE:23
KA:296
DF_END

Data arrived...
DF_BEGIN
IQ:0,0,11,163,-79
IQ:1,8,11,-98,-161
IQ:2,16,11,-155,101
IQ:3,24,11,110,131
IQ:4,32,11,116,-145
IQ:5,40,11,-133,-130
IQ:6,48,11,-112,140
IQ:7,56,11,154,88
IQ:8,72,12,-158,44
IQ:9,80,255,53,152
IQ:10,88,1,159,-88
IQ:11,96,255,-70,-172
IQ:12,104,2,-117,19
IQ:13,112,255,71,110
IQ:14,120,10,159,-146
IQ:15,128,255,-139,-178
IQ:16,136,3,-194,52
IQ:17,144,255,60,115
IQ:18,152,9,59,-178
IQ:19,160,255,-222,-61
IQ:20,168,4,-147,238
IQ:21,176,255,172,164
IQ:22,184,8,82,-39
IQ:23,192,255,-100,-38
IQ:24,200,7,-148,137
IQ:25,208,255,104,95
IQ:26,216,6,-8,-159
IQ:27,224,255,-155,58
IQ:28,232,5,145,237
IQ:29,240,255,226,-98
IQ:30,248,12,-106,-116
IQ:31,256,255,-120,115
IQ:32,264,1,136,110
IQ:33,272,255,124,-132
IQ:34,280,2,-77,-93
IQ:35,288,255,-91,118
SW:2
RR:3
SS:3
FR:2402
ME:2
MA:353
KE:21
KA:307
DF_END

Data arrived...
DF_BEGIN
IQ:0,0,11,-177,33
IQ:1,8,11,39,176
IQ:2,16,11,171,-57
IQ:3,24,11,-56,-175
IQ:4,32,11,-174,81
IQ:5,40,11,80,164
IQ:6,48,11,167,-83
IQ:7,56,11,-102,-147
IQ:8,72,12,161,6
IQ:9,80,255,1,-163
IQ:10,88,1,-174,27
IQ:11,96,255,7,188
IQ:12,104,2,114,23
IQ:13,112,255,-40,-126
IQ:14,120,10,-210,68
IQ:15,128,255,62,216
IQ:16,136,3,201,33
IQ:17,144,255,-18,-130
IQ:18,152,9,-125,146
IQ:19,160,255,166,151
IQ:20,168,4,240,-149
IQ:21,176,255,-87,-220
IQ:22,184,8,-89,13
IQ:23,192,255,79,86
IQ:24,200,7,190,-69
IQ:25,208,255,-56,-126
IQ:26,216,6,-53,144
IQ:27,224,255,158,-27
IQ:28,232,5,-57,-283
IQ:29,240,255,-250,-3
IQ:30,248,12,37,152
IQ:31,256,255,159,-54
IQ:32,264,1,-82,-163
IQ:33,272,255,-165,64
IQ:34,280,2,23,120
IQ:35,288,255,129,-67
SW:2
RR:3
SS:3
FR:2402
ME:2
MA:353
KE:19
KA:316
DF_END

Data arrived...
DF_BEGIN
IQ:0,0,11,23,168
IQ:1,8,11,167,-43
IQ:2,16,11,-63,-152
IQ:3,24,11,-149,74
IQ:4,32,11,79,150
IQ:5,40,11,132,-95
IQ:6,48,11,-120,-108
IQ:7,56,11,-112,136
IQ:8,72,12,9,-139
IQ:9,80,255,-111,-21
IQ:10,88,1,16,78
IQ:11,96,255,72,8
IQ:12,104,2,-20,-16
IQ:13,112,255,-16,55
IQ:14,120,10,135,128
IQ:15,128,255,149,-66
IQ:16,136,3,22,-60
IQ:17,144,255,-32,-30
IQ:18,152,9,24,-63
IQ:19,160,255,7,-87
IQ:20,168,4,1,-148
IQ:21,176,255,-121,-26
IQ:22,184,8,-75,24
IQ:23,192,255,21,3
IQ:24,200,7,-18,-134
IQ:25,208,255,-93,1
IQ:26,216,6,52,35
IQ:27,224,255,14,-53
IQ:28,232,5,-100,31
IQ:29,240,255,39,97
IQ:30,248,12,138,-49
IQ:31,256,255,-11,-120
IQ:32,264,1,-50,62
IQ:33,272,255,34,76
IQ:34,280,2,6,-13
IQ:35,288,255,-82,-29
SW:2
RR:3
SS:3
FR:2480
ME:47
MA:201
KE:21
KA:303
DF_END

Data arrived...
DF_BEGIN
IQ:0,0,11,110,99
IQ:1,8,11,79,-116
IQ:2,16,11,-139,-66
IQ:3,24,11,-60,136
IQ:4,32,11,142,49
IQ:5,40,11,41,-150
IQ:6,48,11,-143,-36
IQ:7,56,11,-25,145
IQ:8,72,12,-92,-122
IQ:9,80,255,-133,51
IQ:10,88,1,62,71
IQ:11,96,255,98,-30
IQ:12,104,2,-7,14
IQ:13,112,255,-11,59
IQ:14,120,10,77,92
IQ:15,128,255,118,-69
IQ:16,136,3,30,-120
IQ:17,144,255,-85,-18
IQ:18,152,9,30,34
IQ:19,160,255,30,-125
IQ:20,168,4,-174,-272
IQ:21,176,255,-231,86
IQ:22,184,8,13,100
IQ:23,192,255,50,-58
IQ:24,200,7,-148,-123
IQ:25,208,255,-97,96
IQ:26,216,6,100,12
IQ:27,224,255,-24,-95
IQ:28,232,5,-148,81
IQ:29,240,255,72,127
IQ:30,248,12,88,-133
IQ:31,256,255,-106,-101
IQ:32,264,1,-49,80
IQ:33,272,255,62,75
IQ:34,280,2,-15,-3
IQ:35,288,255,-69,25
SW:2
RR:3
SS:3
FR:2426
ME:13
MA:318
KE:20
KA:307
DF_END

Data arrived...
DF_BEGIN
IQ:0,0,11,-153,-118
IQ:1,8,11,-92,166
IQ:2,16,11,166,90
IQ:3,24,11,76,-177
IQ:4,32,11,-184,-65
IQ:5,40,11,-50,184
IQ:6,48,11,190,42
IQ:7,56,11,16,-194
IQ:8,72,12,109,167
IQ:9,80,255,179,-73
IQ:10,88,1,-80,-102
IQ:11,96,255,-125,43
IQ:12,104,2,13,-16
I