KA:343
DF_END

Data arrived...
DF_BEGIN
IQ:0,0,11,158,-11
IQ:1,8,11,-29,-155
IQ:2,16,11,-151,47
IQ:3,24,11,41,147
IQ:4,32,11,142,-64
IQ:5,40,11,-78,-131
IQ:6,48,11,-140,72
IQ:7,56,11,97,125
IQ:8,72,12,-128,32
IQ:9,80,255,26,148
IQ:10,88,1,166,-18
IQ:11,96,255,-2,-161
IQ:12,104,2,-88,17
IQ:13,112,255,49,92
IQ:14,120,10,194,-92
IQ:15,128,255,-46,-223
IQ:16,136,3,-167,-52
IQ:17,144,255,-6,74
IQ:18,152,9,79,-193
IQ:19,160,255,-201,-139
IQ:20,168,4,-261,128
IQ:21,176,255,59,212
IQ:22,184,8,14,9
IQ:23,192,255,-68,-34
IQ:24,200,7,-193,-26
IQ:25,208,255,-20,86
IQ:26,216,6,39,-124
IQ:27,224,255,-153,35
IQ:28,232,5,41,311
IQ:29,240,255,262,3
IQ:30,248,12,-59,-113
IQ:31,256,255,-130,77
IQ:32,264,1,73,154
IQ:33,272,255,150,-52
IQ:34,280,2,-39,-77
IQ:35,288,255,-102,81
SW:2
RR:3
SS:3
FR:2402
ME:5
MA:353
KE:14
KA:345
DF_END

Data arrived...
DF_BEGIN
IQ:0,0,11,-190,15
IQ:1,8,11,44,176
IQ:2,16,11,174,-49
IQ:3,24,11,-64,-178
IQ:4,32,11,-170,83
IQ:5,40,11,98,148
IQ:6,48,11,140,-127
IQ:7,56,11,-127,-145
IQ:8,72,12,151,30
IQ:9,80,255,51,-124
IQ:10,88,1,-87,10
IQ:11,96,255,-13,91
IQ:12,104,2,33,1
IQ:13,112,255,-41,-47
IQ:14,120,10,-150,119
IQ:15,128,255,46,169
IQ:16,136,3,75,38
IQ:17,144,255,35,-47
IQ:18,152,9,27,24
IQ:19,160,255,85,41
IQ:20,168,4,169,3
IQ:21,176,255,26,-142
IQ:22,184,8,-53,-74
IQ:23,192,255,0,50
IQ:24,200,7,143,-29
IQ:25,208,255,-7,-116
IQ:26,216,6,-64,60
IQ:27,224,255,59,33
IQ:28,232,5,-14,-109
IQ:29,240,255,-111,10
IQ:30,248,12,11,154
IQ:31,256,255,127,7
IQ:32,264,1,-50,-83
IQ:33,272,255,-93,23
IQ:34,280,2,-3,26
IQ:35,288,255,57,-71
SW:2
RR:3
SS:3
FR:2480
ME:5
MA:5
KE:13
KA:348
DF_END

Data arrived...
DF_BEGIN
IQ:0,0,11,-131,-121
IQ:1,8,11,-174,141
IQ:2,16,11,117,110
IQ:3,24,11,117,-176
IQ:4,32,11,-180,-36
IQ:5,40,11,-53,106
IQ:6,48,11,186,60
IQ:7,56,11,34,-157
IQ:8,72,12,88,135
IQ:9,80,255,161,-29
IQ:10,88,1,-28,-117
IQ:11,96,255,-17,92
IQ:12,104,2,119,20
IQ:13,112,255,48,-96
IQ:14,120,10,-80,-66
IQ:15,128,255,-172,41
IQ:16,136,3,-69,142
IQ:17,144,255,29,53
IQ:18,152,9,-69,-15
IQ:19,160,255,-25,111
IQ:20,168,4,45,320
IQ:21,176,255,211,36
IQ:22,184,8,28,-23
IQ:23,192,255,-19,1
IQ:24,200,7,91,91
IQ:25,208,255,115,-17
IQ:26,216,6,-74,-7
IQ:27,224,255,45,92
IQ:28,232,5,211,-49
IQ:29,240,255,-42,-135
IQ:30,248,12,-121,110
IQ:31,256,255,103,116
IQ:32,264,1,-19,-66
IQ:33,272,255,-174,-41
IQ:34,280,2,47,27
IQ:35,288,255,153,34
SW:2
RR:3
SS:3
FR:2426
ME:13
MA:349
KE:13
KA:348
DF_END

Data arrived...
DF_BEGIN
IQ:0,0,11,152,30
IQ:1,8,11,2,-162
IQ:2,16,11,-166,-7
IQ:3,24,11,10,162
IQ:4,32,11,147,-49
IQ:5,40,11,-50,-151
IQ:6,48,11,-151,63
IQ:7,56,11,70,146
IQ:8,72,12,-131,-10
IQ:9,80,255,-17,159
IQ:10,88,1,170,25
IQ:11,96,255,47,-156
IQ:12,104,2,-85,-19
IQ:13,112,255,36,115
IQ:14,120,10,216,-41
IQ:15,128,255,-10,-229
IQ:16,136,3,-152,-98
IQ:17,144,255,-17,80
IQ:18,152,9,138,-164
IQ:19,160,255,-172,-182
IQ:20,168,4,-284,75
IQ:21,176,255,-1,230
IQ:22,184,8,18,10
IQ:23,192,255,-56,-68
IQ:24,200,7,-165,-64
IQ:25,208,255,-22,78
IQ:26,216,6,71,-122
IQ:27,224,255,-151,10
IQ:28,232,5,-1,331
IQ:29,240,255,268,52
IQ:30,248,12,-48,-126
IQ:31,256,255,-149,49
IQ:32,264,1,48,161
IQ:33,272,255,168,-9
IQ:34,280,2,-21,-90
IQ:35,288,255,-119,58
SW:2
RR:3
SS:3
FR:2402
ME:5
MA:5
KE:12
KA:351
DF_END

Data arrived...
DF_BEGIN
IQ:0,0,11,-189,1
IQ:1,8,11,17,182
IQ:2,16,11,183,-34
IQ:3,24,11,-60,-173
IQ:4,32,11,-180,69
IQ:5,40,11,80,167
IQ:6,48,11,144,-109
IQ:7,56,11,-126,-144
IQ:8,72,12,154,38
IQ:9,80,255,67,-121
IQ:10,88,1,-85,-2
IQ:11,96,255,-20,89
IQ:12,104,2,27,15
IQ:13,112,255,-31,-41
IQ:14,120,10,-167,100
IQ:15,128,255,13,178
IQ:16,136,3,77,46
IQ:17,144,255,43,-49
IQ:18,152,9,24,33
IQ:19,160,255,83,46
IQ:20,168,4,174,32
IQ:21,176,255,46,-136
IQ:22,184,8,-49,-67
IQ:23,192,255,-2,51
IQ:24,200,7,161,-8
IQ:25,208,255,12,-109
IQ:26,216,6,-68,59
IQ:27,224,255,51,47
IQ:28,232,5,10,-97
IQ:29,240,255,-120,-3
IQ:30,248,12,-6,160
IQ:31,256,255,125,34
IQ:32,264,1,-34,-76
IQ:33,272,255,-97,15
IQ:34,280,2,-1,40
IQ:35,288,255,69,-55
SW:2
RR:3
SS:3
FR:2480
ME:5
MA:5
KE:11
KA:353
DF_END

Data arrived...
DF_BEGIN
IQ:0,0,11,107,87
IQ:1,8,11,98,-109
IQ:2,16,11,-119,-78
IQ:3,24,11,-63,119
IQ:4,32,11,136,56
IQ:5,40,11,47,-131
IQ:6,48,11,-134,-26
IQ:7,56,11,-22,140
IQ:8,72,12,-86,-142
IQ:9,80,255,-134,41
IQ:10,88,1,73,59
IQ:11,96,255,66,-41
IQ:12,104,2,-42,35
IQ:13,112,255,3,87
IQ:14,120,10,73,79
IQ:15,128,255,100,-52
IQ:16,136,3,55,-58
IQ:17,144,255,-14,-26
IQ:18,152,9,50,-11
IQ:19,160,255,40,-138
IQ:20,168,4,-47,-281
IQ:21,176,255,-183,-41
IQ:22,184,8,-10,40
IQ:23,192,255,24,-38
IQ:24,200,7,-62,-105
IQ:25,208,255,-63,29
IQ:26,216,6,73,6
IQ:27,224,255,-37,-88
IQ:28,232,5,-159,38
IQ:29,240,255,30,121
IQ:30,248,12,114,-124
IQ:31,256,255,-88,-114
IQ:32,264,1,-32,92
IQ:33,272,255,63,56
IQ:34,280,2,-52,-29
IQ:35,288,255,-92,41
SW:2
RR:3
SS:3
FR:2426
ME:47
MA:209
KE:14
KA:348
DF_END

Data arrived...
DF_BEGIN
IQ:0,0,11,148,-58
IQ:1,8,11,-65,-167
IQ:2,16,11,-140,75
IQ:3,24,11,100,133
IQ:4,32,11,124,-103
IQ:5,40,11,-120,-109
IQ:6,48,11,-118,116
IQ:7,56,11,131,98
IQ:8,72,12,-129,44
IQ:9,80,255,68,143
IQ:10,88,1,157,-56
IQ:11,96,255,-44,-157
IQ:12,104,2,-80,28
IQ:13,112,255,87,85
IQ:14,120,10,187,-134
IQ:15,128,255,-107,-209
IQ:16,136,3,-182,-23
IQ:17,144,255,19,75
IQ:18,152,9,23,-201
IQ:19,160,255,-236,-79
IQ:20,168,4,-194,220
IQ:21,176,255,101,200
IQ:22,184,8,22,-11
IQ:23,192,255,-81,-31
IQ:24,200,7,-184,20
IQ:25,208,255,12,81
IQ:26,216,6,10,-136
IQ:27,224,255,-131,74
IQ:28,232,5,142,313
IQ:29,240,255,262,-64
IQ:30,248,12,-103,-96
IQ:31,256,255,-124,107
IQ:32,264,1,115,124
IQ:33,272,255,141,-94
IQ:34,280,2,-63,-66
IQ:35,288,255,-94,96
SW:2
RR:3
SS:3
FR:2402
ME:2
MA:356
KE:13
KA:349
DF_END

Data arrived...
DF_BEGIN
IQ:0,0,11,130,105
IQ:1,8,11,87,-135
IQ:2,16,11,-147,-73
IQ:3,24,11,-68,155
IQ:4,32,11,156,54
IQ:5,40,11,35,-161
IQ:6,48,11,-171,-24
IQ:7,56,11,-12,170
IQ:8,72,12,-107,-87
IQ:9,80,255,-105,128
IQ:10,88,1,122,112
IQ:11,96,255,124,-123
IQ:12,104,2,-70,-66
IQ:13,112,255,-51,121
IQ:14,120,10,200,89
IQ:15,128,255,111,-204
IQ:16,136,3,-87,-158
IQ:17,144,255,-63,58
IQ:18,152,9,203,-61
IQ:19,160,255,-31,-260
IQ:20,168,4,-281,-95
IQ:21,176,255,-118,195
IQ:22,184,8,23,19
IQ:23,192,255,-24,-91
IQ:24,200,7,-112,-156
IQ:25,208,255,-69,47
IQ:26,216,6,127,-69
IQ:27,224,255,-132,-95
IQ:28,232,5,-201,266
IQ:29,240,255,182,195
IQ:30,248,12,34,-135
IQ:31,256,255,-165,-56
IQ:32,264,1,-50,160
IQ:33,272,255,160,65
IQ:34,280,2,24,-91
IQ:35,288,255,-134,-31
SW:2
RR:3
SS:3
FR:2402
ME:5
MA:359
KE:12
KA:351
DF_END

Data arrived...
DF_BEGIN
IQ:0,0,11,125,146
IQ:1,8,11,134,-131
IQ:2,16,11,-143,-117
IQ:3,24,11,-91,159
IQ:4,32,11,178,80
IQ:5,40,11,79,-166
IQ:6,48,11,-176,-53
IQ:7,56,11,-27,183
IQ:8,72,12,-59,-145
IQ:9,80,255,-139,23
IQ:10,88,1,47,75
IQ:11,96,255,83,-44
IQ:12,104,2,-15,-31
IQ:13,112,255,-17,49
IQ:14,120,10,175,41
IQ:15,128,255,109,-142
IQ:16,136,3,-21,-98
IQ:17,144,255,-71,-5
IQ:18,152,9,10,-43
IQ:19,160,255,-7,-97
IQ:20,168,4,-87,-154
IQ:21,176,255,-134,61
IQ:22,184,8,-25,85
IQ:23,192,255,43,-28
IQ:24,200,7,-110,-123
IQ:25,208,255,-92,69
IQ:26,216,6,87,11
IQ:27,224,255,0,-80
IQ:28,232,5,-77,63
IQ:29,240,255,83,82
IQ:30,248,12,125,-109
IQ:31,256,255,-64,-123
IQ:32,264,1,-38,74
IQ:33,272,255,74,61
IQ:34,280,2,30,-25
IQ:35,288,255,-87,-19
SW:2
RR:3
SS:3
FR:2480
ME:5
MA:5
KE:11
KA:353
DF_END

Data arrived...
DF_BEGIN
IQ:0,0,11,96,-110
IQ:1,8,11,-124,-77
IQ:2,16,11,-61,131
IQ:3,24,11,136,56
IQ:4,32,11,49,-142
IQ:5,40,11,-142,-34
IQ:6,48,11,-14,151
IQ:7,56,11,146,9
IQ:8,72,12,-145,102
IQ:9,80,255,55,129
IQ:10,88,1,70,-73
IQ:11,96,255,-45,-71
IQ:12,104,2,39,47
IQ:13,112,255,87,-6
IQ:14,120,10,77,-88
IQ:15,128,255,-59,-101
IQ:16,136,3,-66,-56
IQ:17,144,255,-30,13
IQ:18,152,9,-9,-53
IQ:19,160,255,-143,-33
IQ:20,168,4,-265,84
IQ:21,176,255,2,181
IQ:22,184,8,37,5
IQ:23,192,255,-45,-18
IQ:24,200,7,-103,75
IQ:25,208,255,49,63
IQ:26,216,6,-11,-85
IQ:27,224,255,-89,38
IQ:28,232,5,50,157
IQ:29,240,255,122,-44
IQ:30,248,12,-132,-113
IQ:31,256,255,-115,92
IQ:32,264,1,90,25
IQ:33,272,255,43,-77
IQ:34,280,2,-37,46
IQ:35,288,255,38,93
SW:2
RR:3
SS:3
FR:2426
ME:49
MA:209
KE:15
KA:347
DF_END

Data arrived...
DF_BEGIN
IQ:0,0,11,-146,84
IQ:1,8,11,92,137
IQ:2,16,11,134,-102
IQ:3,24,11,-108,-117
IQ:4,32,11,-107,126
IQ:5,40,11,134,102
IQ:6,48,11,107,-145
IQ:7,56,11,-145,-93
IQ:8,72,12,125,-84
IQ:9,80,255,-76,-146
IQ:10,88,1,-152,75
IQ:11,96,255,63,162
IQ:12,104,2,92,-41
IQ:13,112,255,-91,-82
IQ:14,120,10,-166,168
IQ:15,128,255,133,181
IQ:16,136,3,189,-21
IQ:17,144,255,-38,-81
IQ:18,152,9,-18,205
IQ:19,160,255,248,69
IQ:20,168,4,194,-227
IQ:21,176,255,-140,-187
IQ:22,184,8,-22,16
IQ:23,192,255,91,19
IQ:24,200,7,182,-52
IQ:25,208,255,-28,-90
IQ:26,216,6,9,149
IQ:27,224,255,139,-82
IQ:28,232,5,-169,-279
IQ:29,240,255,-260,95
IQ:30,248,12,114,84
IQ:31,256,255,106,-118
IQ:32,264,1,-136,-114
IQ:33,272,255,-130,117
IQ:34,280,2,74,65
IQ:35,288,255,71,-122
SW:2
RR:3
SS:3
FR:2402
ME:2
MA:353
KE:13
KA:348
DF_END

Data arrived...
DF_BEGIN
IQ:0,0,11,-137,90
IQ:1,8,11,98,132
IQ:2,16,11,112,-119
IQ:3,24,11,-142,-104
IQ:4,32,11,-87,147
IQ:5,40,11,150,83
IQ:6,48,11,76,-156
IQ:7,56,11,-159,-67
IQ:8,72,12,120,-91
IQ:9,80,255,-98,-130
IQ:10,88,1,-148,90
IQ:11,96,255,81,150
IQ:12,104,2,81,-58
IQ:13,112,255,-111,-68
IQ:14,120,10,-152,175
IQ:15,128,255,142,188
IQ:16,136,3,179,-37
IQ:17,144,255,-52,-69
IQ:18,152,9,17,216
IQ:19,160,255,256,34
IQ:20,168,4,177,-248
IQ:21,176,255,-153,-190
IQ:22,184,8,-30,14
IQ:23,192,255,95,5
IQ:24,200,7,187,-71
IQ:25,208,255,-39,-82
IQ:26,216,6,20,144
IQ:27,224,255,135,-106
IQ:28,232,5,-198,-269
IQ:29,240,255,-248,109
IQ:30,248,12,107,75
IQ:31,256,255,110,-137
IQ:32,264,1,-147,-102
IQ:33,272,255,-119,124
IQ:34,280,2,81,64
IQ:35,288,255,59,-127
SW:2
RR:3
SS:3
FR:2402
ME:5
MA:359
KE:12
KA:349
DF_END

Data arrived...
DF_BEGIN
IQ:0,0,11,-183,-52
IQ:1,8,11,-29,186
IQ:2,16,11,192,14
IQ:3,24,11,-4,-183
IQ:4,32,11,-184,35
IQ:5,40,11,43,180
IQ:6,48,11,185,-60
IQ:7,56,11,-67,-177
IQ:8,72,12,131,93
IQ:9,80,255,104,-98
IQ:10,88,1,-75,-31
IQ:11,96,255,-53,79
IQ:12,104,2,25,26
IQ:13,112,255,-13,-42
IQ:14,120,10,-171,60
IQ:15,128,255,-22,171
IQ:16,136,3,64,62
IQ:17,144,255,60,-31
IQ:18,152,9,13,32
IQ:19,160,255,59,73
IQ:20,168,4,153,86
IQ:21,176,255,94,-116
IQ:22,184,8,-26,-77
IQ:23,192,255,-12,41
IQ:24,200,7,160,34
IQ:25,208,255,30,-112
IQ:26,216,6,-70,37
IQ:27,224,255,37,59
IQ:28,232,5,25,-96
IQ:29,240,255,-116,-43
IQ:30,248,12,-60,146
IQ:31,256,255,113,68
IQ:32,264,1,-8,-81
IQ:33,272,255,-92,-23
IQ:34,280,2,-18,39
IQ:35,288,255,77,-48
SW:2
RR:3
SS:3
FR:2480
ME:5
MA:5
KE:12
KA:352
DF_END

Data arrived...
DF_BEGIN
IQ:0,0,11,-149,-11
IQ:1,8,11,0,151
IQ:2,16,11,147,-12
IQ:3,24,11,-23,-142
IQ:4,32,11,-143,23
IQ:5,40,11,50,139
IQ:6,48,11,130,-56
IQ:7,56,11,-65,-140
IQ:8,72,12,183,59
IQ:9,80,255,78,-112
IQ:10,88,1,-88,-21
IQ:11,96,255,-38,67
IQ:12,104,2,7,-47
IQ:13,112,255,-50,-75
IQ:14,120,10,-112,-29
IQ:15,128,255,-54,111
IQ:16,136,3,-12,90
IQ:17,144,255,22,20
IQ:18,152,9,-45,36
IQ:19,160,255,51,123
IQ:20,168,4,202,188
IQ:21,176,255,153,-105
IQ:22,184,8,-24,-42
IQ:23,192,255,3,48
IQ:24,200,7,106,45
IQ:25,208,255,32,-74
IQ:26,216,6,-76,46
IQ:27,224,255,74,51
IQ:28,232,5,97,-127
IQ:29,240,255,-104,-78
IQ:30,248,12,-21,175
IQ:31,256,255,132,40
IQ:32,264,1,-35,-88
IQ:33,272,255,-86,0
IQ:34,280,2,51,-7
IQ:35,288,255,63,-86
SW:2
RR:3
SS:3
FR:2426
ME:49
MA:209
KE:15
KA:345
DF_END

Data arrived...
DF_BEGIN
IQ:0,0,11,-8,143
IQ:1,8,11,134,33
IQ:2,16,11,10,-148
IQ:3,24,11,-147,-8
IQ:4,32,11,13,147
IQ:5,40,11,145,-21
IQ:6,48,11,-27,-135
IQ:7,56,11,-143,45
IQ:8,72,12,96,-147
IQ:9,80,255,-109,-93
IQ:10,88,1,-20,92
IQ:11,96,255,72,43
IQ:12,104,2,-55,-25
IQ:13,112,255,-80,32
IQ:14,120,10,-44,101
IQ:15,128,255,85,82
IQ:16,136,3,82,21
IQ:17,144,255,19,-20
IQ:18,152,9,16,39
IQ:19,160,255,124,-33
IQ:20,168,4,217,-175
IQ:21,176,255,-51,-185
IQ:22,184,8,-33,6
IQ:23,192,255,48,6
IQ:24,200,7,70,-99
IQ:25,208,255,-61,-36
IQ:26,216,6,41,72
IQ:27,224,255,61,-64
IQ:28,232,5,-102,-118
IQ:29,240,255,-76,89
IQ:30,248,12,164,21
IQ:31,256,255,66,-126
IQ:32,264,1,-97,14
IQ:33,272,255,-8,78
IQ:34,280,2,4,-56
IQ:35,288,255,-74,-74
SW:2
RR:3
SS:3
FR:2426
ME:49
MA:209
KE:19
KA:335
DF_END

Data arrived...
DF_BEGIN
IQ:0,0,11,-50,-210
IQ:1,8,11,-195,67
IQ:2,16,11,107,189
IQ:3,24,11,167,-119
IQ:4,32,11,-132,-166
IQ:5,40,11,-152,136
IQ:6,48,11,152,151
IQ:7,56,11,124,-169
IQ:8,72,12,65,165
IQ:9,80,255,199,-64
IQ:10,88,1,-55,-219
IQ:11,96,255,-216,18
IQ:12,104,2,19,128
IQ:13,112,255,122,-93
IQ:14,120,10,-154,-242
IQ:15,128,255,-271,101
IQ:16,136,3,-35,236
IQ:17,144,255,110,-12
IQ:18,152,9,-244,-74
IQ:19,160,255,-132,284
IQ:20,168,4,232,277
IQ:21,176,255,263,-141
IQ:22,184,8,-6,-43
IQ:23,192,255,-58,102
IQ:24,200,7,26,215
IQ:25,208,255,110,-22
IQ:26,216,6,-172,-34
IQ:27,224,255,60,193
IQ:28,232,5,380,-119
IQ:29,240,255,-58,-334
IQ:30,248,12,-134,108
IQ:31,256,255,116,171
IQ:32,264,1,179,-129
IQ:33,272,255,-104,-186
IQ:34,280,2,-105,67
IQ:35,288,255,88,139
SW:2
RR:3
SS:3
FR:2402
ME:5
MA:5
KE:18
KA:340
DF_END

Data arrived...
DF_BEGIN
IQ:0,0,11,126,-133
IQ:1,8,11,-154,-117
IQ:2,16,11,-116,153
IQ:3,24,11,167,85
IQ:4,32,11,74,-177
IQ:5,40,11,-183,-67
IQ:6,48,11,-38,180
IQ:7,56,11,191,18
IQ:8,72,12,-152,57
IQ:9,80,255,27,133
IQ:10,88,1,58,-66
IQ:11,96,255,-42,-92
IQ:12,104,2,-33,15
IQ:13,112,255,47,13
IQ:14,120,10,58,-174
IQ:15,128,255,-141,-103
IQ:16,136,3,-89,32
IQ:17,144,255,3,68
IQ:18,152,9,-42,-4
IQ:19,160,255,-88,18
IQ:20,168,4,-140,105
IQ:21,176,255,75,134
IQ:22,184,8,91,8
IQ:23,192,255,-37,-45
IQ:24,200,7,-109,115
IQ:25,208,255,86,89
IQ:26,216,6,17,-89
IQ:27,224,255,-84,1
IQ:28,232,5,61,75
IQ:29,240,255,77,-87
IQ:30,248,12,-115,-124
IQ:31,256,255,-119,68
IQ:32,264,1,74,42
IQ:33,272,255,58,-80
IQ:34,280,2,-27,-28
IQ:35,288,255,-6,86
SW:2
RR:3
SS:3
FR:2480
ME:5
MA:5
KE:16
KA:345
DF_END

Data arrived...
DF_BEGIN
IQ:0,0,11,-38,181
IQ:1,8,11,186,5
IQ:2,16,11,-17,-186
IQ:3,24,11,-189,27
IQ:4,32,11,53,173
IQ:5,40,11,190,-61
IQ:6,48,11,-62,-182
IQ:7,56,11,-176,82
IQ:8,72,12,87,-221
IQ:9,80,255,-161,-119
IQ:10,88,1,-29,121
IQ:11,96,255,92,46
IQ:12,104,2,-72,-21
IQ:13,112,255,-102,64
IQ:14,120,10,-35,146
IQ:15,128,255,131,78
IQ:16,136,3,101,29
IQ:17,144,255,26,-33
IQ:18,152,9,50,48
IQ:19,160,255,177,-51
IQ:20,168,4,237,-272
IQ:21,176,255,-127,-211
IQ:22,184,8,-47,28
IQ:23,192,255,66,-1
IQ:24,200,7,72,-132
IQ:25,208,255,-82,-40
IQ:26,216,6,57,83
IQ:27,224,255,78,-97
IQ:28,232,5,-158,-150
IQ:29,240,255,-115,121
IQ:30,248,12,217,26
IQ:31,256,255,49,-180
IQ:32,264,1,-117,38
IQ:33,272,255,-14,107
IQ:34,280,2,-2,-77
IQ:35,288,255,-115,-75
SW:2
RR:3
SS:3
FR:2426
ME:49
MA:209
KE:20
KA:334
DF_END

Data arrived...
DF_BEGIN
IQ:0,0,11,80,152
IQ:1,8,11,128,-111
IQ:2,16,11,-125,-123
IQ:3,24,11,-120,127
IQ:4,32,11,136,107
IQ:5,40,11,86,-147
IQ:6,48,11,-157,-61
IQ:7,56,11,-57,160
IQ:8,72,12,-82,-129
IQ:9,80,255,-136,88
IQ:10,88,1,91,145
IQ:11,96,255,151,-83
IQ:12,104,2,-55,-87
IQ:13,112,255,-88,86
IQ:14,120,10,163,157
IQ:15,128,255,169,-157
IQ:16,136,3,-48,-179
IQ:17,144,255,-73,50
IQ:18,152,9,214,-10
IQ:19,160,255,33,-258
IQ:20,168,4,-247,-173
IQ:21,176,255,-162,171
IQ:22,184,8,27,23
IQ:23,192,255,11,-91
IQ:24,200,7,-80,-176
IQ:25,208,255,-74,30
IQ:26,216,6,148,-28
IQ:27,224,255,-95,-125
IQ:28,232,5,-272,185
IQ:29,240,255,117,247
IQ:30,248,12,68,-122
IQ:31,256,255,-140,-96
IQ:32,264,1,-102,142
IQ:33,272,255,119,119
IQ:34,280,2,61,-79
IQ:35,288,255,-116,-69
SW:2
RR:3
SS:3
FR:2402
ME:5
MA:5
KE:19
KA:339
DF_END

Data arrived...
DF_BEGIN
IQ:0,0,11,-176,70
IQ:1,8,11,97,159
IQ:2,16,11,151,-107
IQ:3,24,11,-140,-132
IQ:4,32,11,-138,139
IQ:5,40,11,135,117
IQ:6,48,11,91,-166
IQ:7,56,11,-169,-90
IQ:8,72,12,156,0
IQ:9,80,255,13,-137
IQ:10,88,1,-87,28
IQ:11,96,255,15,92
IQ:12,104,2,33,-6
IQ:13,112,255,-35,-28
IQ:14,120,10,-97,152
IQ:15,128,255,97,146
IQ:16,136,3,89,9
IQ:17,144,255,26,-67
IQ:18,152,9,38,20
IQ:19,160,255,96,20
IQ:20,168,4,171,-29
IQ:21,176,255,-18,-143
IQ:22,184,8,-76,-49
IQ:23,192,255,22,48
IQ:24,200,7,143,-80
IQ:25,208,255,-37,-107
IQ:26,216,6,-43,85
IQ:27,224,255,71,18
IQ:28,232,5,-44,-97
IQ:29,240,255,-114,43
IQ:30,248,12,61,150
IQ:31,256,255,131,-23
IQ:32,264,1,-60,-60
IQ:33,272,255,-90,50
IQ:34,280,2,15,30
IQ:35,288,255,26,-80
SW:2
RR:3
SS:3
FR:2480
ME:5
MA:5
KE:17
KA:344
DF_END

Data arrived...
DF_BEGIN
IQ:0,0,11,161,-98
IQ:1,8,11,-107,-153
IQ:2,16,11,-139,121
IQ:3,24,11,144,117
IQ:4,32,11,111,-153
IQ:5,40,11,-157,-104
IQ:6,48,11,-87,166
IQ:7,56,11,178,72
IQ:8,72,12,-152,32
IQ:9,80,255,-10,132
IQ:10,88,1,69,-37
IQ:11,96,255,-19,-89
IQ:12,104,2,-38,9
IQ:13,112,255,43,22
IQ:14,120,10,83,-158
IQ:15,128,255,-121,-130
IQ:16,136,3,-92,7
IQ:17,144,255,-11,63
IQ:18,152,9,-38,-11
IQ:19,160,255,-94,-10
IQ:20,168,4,-170,43
IQ:21,176,255,32,145
IQ:22,184,8,78,42
IQ:23,192,255,-18,-47
IQ:24,200,7,-137,67
IQ:25,208,255,50,100
IQ:26,216,6,31,-89
IQ:27,224,255,-70,-18
IQ:28,232,5,40,90
IQ:29,240,255,98,-66
IQ:30,248,12,-91,-132
IQ:31,256,255,-128,46
IQ:32,264,1,64,52
IQ:33,272,255,71,-59
IQ:34,280,2,-14,-35
IQ:35,288,255,-29,76
SW:2
RR:3
SS:3
FR:2480
ME:5
MA:5
KE:16
KA:348
DF_END

Data arrive