IQ:18,152,9,-47,-45
IQ:19,160,255,-81,-43
IQ:20,168,4,-138,-74
IQ:21,176,255,-75,103
IQ:22,184,8,0,81
IQ:23,192,255,16,-28
IQ:24,200,7,-129,-56
IQ:25,208,255,-43,74
IQ:26,216,6,60,-34
IQ:27,224,255,-41,-36
IQ:28,232,5,-18,105
IQ:29,240,255,106,9
IQ:30,248,12,7,-143
IQ:31,256,255,-117,-26
IQ:32,264,1,29,60
IQ:33,272,255,80,0
IQ:34,280,2,1,-14
IQ:35,288,255,-56,56
SW:2
RR:3
SS:3
FR:2480
ME:47
MA:198
KE:20
KA:318
DF_END

Data arrived...
DF_BEGIN
IQ:0,0,11,-105,-98
IQ:1,8,11,-97,102
IQ:2,16,11,110,76
IQ:3,24,11,71,-124
IQ:4,32,11,-133,-61
IQ:5,40,11,-50,131
IQ:6,48,11,132,37
IQ:7,56,11,18,-142
IQ:8,72,12,76,130
IQ:9,80,255,132,-53
IQ:10,88,1,-50,-85
IQ:11,96,255,-96,20
IQ:12,104,2,9,-6
IQ:13,112,255,11,-65
IQ:14,120,10,-68,-82
IQ:15,128,255,-120,65
IQ:16,136,3,-29,127
IQ:17,144,255,82,20
IQ:18,152,9,-25,-29
IQ:19,160,255,-40,121
IQ:20,168,4,155,288
IQ:21,176,255,229,-66
IQ:22,184,8,3,-97
IQ:23,192,255,-53,44
IQ:24,200,7,131,123
IQ:25,208,255,94,-94
IQ:26,216,6,-95,-15
IQ:27,224,255,23,87
IQ:28,232,5,147,-77
IQ:29,240,255,-69,-133
IQ:30,248,12,-87,129
IQ:31,256,255,103,97
IQ:32,264,1,30,-84
IQ:33,272,255,-68,-64
IQ:34,280,2,10,-1
IQ:35,288,255,60,-20
SW:2
RR:3
SS:3
FR:2426
ME:13
MA:327
KE:19
KA:320
DF_END

Data arrived...
DF_BEGIN
IQ:0,0,11,-188,2
IQ:1,8,11,21,185
IQ:2,16,11,185,-43
IQ:3,24,11,-61,-182
IQ:4,32,11,-176,79
IQ:5,40,11,87,169
IQ:6,48,11,160,-102
IQ:7,56,11,-127,-133
IQ:8,72,12,204,43
IQ:9,80,255,83,-173
IQ:10,88,1,-120,-20
IQ:11,96,255,-44,119
IQ:12,104,2,0,-22
IQ:13,112,255,-52,-68
IQ:14,120,10,-147,-12
IQ:15,128,255,-24,187
IQ:16,136,3,103,154
IQ:17,144,255,88,-57
IQ:18,152,9,-50,6
IQ:19,160,255,84,147
IQ:20,168,4,414,86
IQ:21,176,255,145,-286
IQ:22,184,8,-101,-89
IQ:23,192,255,5,92
IQ:24,200,7,231,-32
IQ:25,208,255,-4,-183
IQ:26,216,6,-108,78
IQ:27,224,255,119,60
IQ:28,232,5,68,-214
IQ:29,240,255,-185,-47
IQ:30,248,12,61,199
IQ:31,256,255,195,-18
IQ:32,264,1,-47,-118
IQ:33,272,255,-131,0
IQ:34,280,2,16,-11
IQ:35,288,255,33,-91
SW:2
RR:3
SS:3
FR:2426
ME:10
MA:335
KE:18
KA:324
DF_END

Data arrived...
DF_BEGIN
IQ:0,0,11,-37,192
IQ:1,8,11,195,21
IQ:2,16,11,5,-194
IQ:3,24,11,-193,22
IQ:4,32,11,39,190
IQ:5,40,11,176,-53
IQ:6,48,11,-72,-179
IQ:7,56,11,-173,87
IQ:8,72,12,50,-169
IQ:9,80,255,-160,-56
IQ:10,88,1,-19,178
IQ:11,96,255,192,49
IQ:12,104,2,49,-118
IQ:13,112,255,-139,-10
IQ:14,120,10,28,216
IQ:15,128,255,238,-6
IQ:16,136,3,87,-206
IQ:17,144,255,-127,-27
IQ:18,152,9,126,145
IQ:19,160,255,190,-141
IQ:20,168,4,-99,-272
IQ:21,176,255,-245,63
IQ:22,184,8,-13,102
IQ:23,192,255,98,-68
IQ:24,200,7,-49,-223
IQ:25,208,255,-152,46
IQ:26,216,6,141,77
IQ:27,224,255,13,-158
IQ:28,232,5,-275,20
IQ:29,240,255,-36,260
IQ:30,248,12,165,-19
IQ:31,256,255,-38,-177
IQ:32,264,1,-173,47
IQ:33,272,255,49,185
IQ:34,280,2,129,-6
IQ:35,288,255,-57,-145
SW:2
RR:3
SS:3
FR:2402
ME:2
MA:5
KE:16
KA:332
DF_END

Data arrived...
DF_BEGIN
IQ:0,0,11,-106,-147
IQ:1,8,11,-137,111
IQ:2,16,11,121,119
IQ:3,24,11,97,-135
IQ:4,32,11,-164,-74
IQ:5,40,11,-69,156
IQ:6,48,11,163,58
IQ:7,56,11,47,-170
IQ:8,72,12,68,139
IQ:9,80,255,105,-25
IQ:10,88,1,-63,-43
IQ:11,96,255,-67,38
IQ:12,104,2,7,12
IQ:13,112,255,-12,-47
IQ:14,120,10,-184,-44
IQ:15,128,255,-113,129
IQ:16,136,3,-3,71
IQ:17,144,255,45,23
IQ:18,152,9,12,62
IQ:19,160,255,31,79
IQ:20,168,4,63,146
IQ:21,176,255,127,-24
IQ:22,184,8,48,-61
IQ:23,192,255,-29,9
IQ:24,200,7,56,117
IQ:25,208,255,76,-36
IQ:26,216,6,-77,-8
IQ:27,224,255,9,48
IQ:28,232,5,74,-71
IQ:29,240,255,-81,-70
IQ:30,248,12,-105,107
IQ:31,256,255,60,96
IQ:32,264,1,2,-70
IQ:33,272,255,-71,-37
IQ:34,280,2,-13,14
IQ:35,288,255,66,-13
SW:2
RR:3
SS:3
FR:2480
ME:47
MA:198
KE:18
KA:324
DF_END

Data arrived...
DF_BEGIN
IQ:0,0,11,-90,-120
IQ:1,8,11,-114,90
IQ:2,16,11,97,110
IQ:3,24,11,96,-106
IQ:4,32,11,-115,-73
IQ:5,40,11,-78,127
IQ:6,48,11,123,70
IQ:7,56,11,48,-134
IQ:8,72,12,48,155
IQ:9,80,255,133,-1
IQ:10,88,1,-39,-75
IQ:11,96,255,-92,15
IQ:12,104,2,5,-1
IQ:13,112,255,15,-54
IQ:14,120,10,-56,-98
IQ:15,128,255,-132,46
IQ:16,136,3,-62,119
IQ:17,144,255,73,39
IQ:18,152,9,-20,-33
IQ:19,160,255,-72,106
IQ:20,168,4,110,286
IQ:21,176,255,236,-40
IQ:22,184,8,7,-100
IQ:23,192,255,-65,35
IQ:24,200,7,105,148
IQ:25,208,255,122,-67
IQ:26,216,6,-94,-28
IQ:27,224,255,13,103
IQ:28,232,5,160,-55
IQ:29,240,255,-45,-139
IQ:30,248,12,-114,115
IQ:31,256,255,79,116
IQ:32,264,1,56,-70
IQ:33,272,255,-53,-82
IQ:34,280,2,5,-1
IQ:35,288,255,65,-9
SW:2
RR:3
SS:3
FR:2426
ME:10
MA:327
KE:17
KA:325
DF_END

Data arrived...
DF_BEGIN
IQ:0,0,11,-110,-92
IQ:1,8,11,-73,120
IQ:2,16,11,133,63
IQ:3,24,11,52,-141
IQ:4,32,11,-145,-44
IQ:5,40,11,-28,147
IQ:6,48,11,148,18
IQ:7,56,11,2,-146
IQ:8,72,12,85,92
IQ:9,80,255,84,-96
IQ:10,88,1,-115,-75
IQ:11,96,255,-96,110
IQ:12,104,2,61,81
IQ:13,112,255,58,-89
IQ:14,120,10,-159,-59
IQ:15,128,255,-72,164
IQ:16,136,3,106,120
IQ:17,144,255,59,-82
IQ:18,152,9,-140,27
IQ:19,160,255,39,172
IQ:20,168,4,225,26
IQ:21,176,255,48,-184
IQ:22,184,8,-67,-38
IQ:23,192,255,6,94
IQ:24,200,7,165,36
IQ:25,208,255,14,-111
IQ:26,216,6,-107,74
IQ:27,224,255,99,77
IQ:28,232,5,109,-185
IQ:29,240,255,-157,-119
IQ:30,248,12,-52,115
IQ:31,256,255,126,39
IQ:32,264,1,24,-145
IQ:33,272,255,-139,-40
IQ:34,280,2,-48,82
IQ:35,288,255,114,19
SW:2
RR:3
SS:3
FR:2402
ME:2
MA:2
KE:16
KA:331
DF_END

Data arrived...
DF_BEGIN
IQ:0,0,11,-184,73
IQ:1,8,11,103,167
IQ:2,16,11,149,-116
IQ:3,24,11,-129,-141
IQ:4,32,11,-141,141
IQ:5,40,11,147,128
IQ:6,48,11,126,-154
IQ:7,56,11,-160,-107
IQ:8,72,12,166,-41
IQ:9,80,255,-40,-172
IQ:10,88,1,-168,64
IQ:11,96,255,61,182
IQ:12,104,2,127,-18
IQ:13,112,255,-77,-113
IQ:14,120,10,-180,146
IQ:15,128,255,120,201
IQ:16,136,3,198,-33
IQ:17,144,255,-57,-121
IQ:18,152,9,-57,181
IQ:19,160,255,224,72
IQ:20,168,4,169,-240
IQ:21,176,255,-186,-170
IQ:22,184,8,-95,50
IQ:23,192,255,104,43
IQ:24,200,7,155,-165
IQ:25,208,255,-120,-96
IQ:26,216,6,-15,160
IQ:27,224,255,141,-53
IQ:28,232,5,-160,-230
IQ:29,240,255,-237,117
IQ:30,248,12,107,125
IQ:31,256,255,135,-112
IQ:32,264,1,-137,-116
IQ:33,272,255,-137,138
IQ:34,280,2,79,105
IQ:35,288,255,93,-123
SW:2
RR:3
SS:3
FR:2402
ME:2
MA:353
KE:14
KA:336
DF_END

Data arrived...
DF_BEGIN
IQ:0,0,11,-131,-110
IQ:1,8,11,-89,149
IQ:2,16,11,155,62
IQ:3,24,11,47,-164
IQ:4,32,11,-176,-38
IQ:5,40,11,-23,171
IQ:6,48,11,178,0
IQ:7,56,11,-4,-176
IQ:8,72,12,95,116
IQ:9,80,255,111,-49
IQ:10,88,1,-64,-32
IQ:11,96,255,-60,50
IQ:12,104,2,9,4
IQ:13,112,255,-11,-43
IQ:14,120,10,-195,-3
IQ:15,128,255,-77,162
IQ:16,136,3,10,69
IQ:17,144,255,45,8
IQ:18,152,9,29,63
IQ:19,160,255,54,67
IQ:20,168,4,112,123
IQ:21,176,255,115,-57
IQ:22,184,8,35,-70
IQ:23,192,255,-16,17
IQ:24,200,7,99,112
IQ:25,208,255,73,-48
IQ:26,216,6,-70,13
IQ:27,224,255,24,48
IQ:28,232,5,56,-92
IQ:29,240,255,-92,-43
IQ:30,248,12,-64,132
IQ:31,256,255,87,75
IQ:32,264,1,-6,-54
IQ:33,272,255,-67,-17
IQ:34,280,2,-6,13
IQ:35,288,255,72,-30
SW:2
RR:3
SS:3
FR:2480
ME:47
MA:201
KE:17
KA:328
DF_END

Data arrived...
DF_BEGIN
IQ:0,0,11,138,13
IQ:1,8,11,-4,-142
IQ:2,16,11,-147,5
IQ:3,24,11,15,140
IQ:4,32,11,134,-41
IQ:5,40,11,-58,-131
IQ:6,48,11,-130,65
IQ:7,56,11,70,127
IQ:8,72,12,-146,-46
IQ:9,80,255,-72,125
IQ:10,88,1,85,26
IQ:11,96,255,54,-75
IQ:12,104,2,-2,10
IQ:13,112,255,26,53
IQ:14,120,10,105,22
IQ:15,128,255,43,-134
IQ:16,136,3,-54,-121
IQ:17,144,255,-84,30
IQ:18,152,9,38,14
IQ:19,160,255,-50,-122
IQ:20,168,4,-310,-90
IQ:21,176,255,-135,207
IQ:22,184,8,58,84
IQ:23,192,255,9,-67
IQ:24,200,7,-182,1
IQ:25,208,255,-11,134
IQ:26,216,6,88,-49
IQ:27,224,255,-81,-54
IQ:28,232,5,-68,145
IQ:29,240,255,125,67
IQ:30,248,12,-18,-150
IQ:31,256,255,-144,-29
IQ:32,264,1,4,90
IQ:33,272,255,94,11
IQ:34,280,2,-6,9
IQ:35,288,255,-41,58
SW:2
RR:3
SS:3
FR:2426
ME:13
MA:327
KE:17
KA:327
DF_END

Data arrived...
DF_BEGIN
IQ:0,0,11,137,-48
IQ:1,8,11,-69,-138
IQ:2,16,11,-130,76
IQ:3,24,11,83,123
IQ:4,32,11,112,-100
IQ:5,40,11,-114,-103
IQ:6,48,11,-102,111
IQ:7,56,11,113,75
IQ:8,72,12,-131,28
IQ:9,80,255,17,126
IQ:10,88,1,128,-44
IQ:11,96,255,-45,-149
IQ:12,104,2,-99,14
IQ:13,112,255,48,78
IQ:14,120,10,132,-100
IQ:15,128,255,-94,-151
IQ:16,136,3,-164,34
IQ:17,144,255,37,95
IQ:18,152,9,43,-136
IQ:19,160,255,-175,-61
IQ:20,168,4,-122,181
IQ:21,176,255,143,129
IQ:22,184,8,62,-42
IQ:23,192,255,-94,-49
IQ:24,200,7,-137,107
IQ:25,208,255,73,88
IQ:26,216,6,8,-123
IQ:27,224,255,-117,42
IQ:28,232,5,95,189
IQ:29,240,255,192,-50
IQ:30,248,12,-72,-108
IQ:31,256,255,-100,78
IQ:32,264,1,105,88
IQ:33,272,255,112,-99
IQ:34,280,2,-50,-84
IQ:35,288,255,-82,80
SW:2
RR:3
SS:3
FR:2402
ME:2
MA:2
KE:15
KA:333
DF_END

Data arrived...
DF_BEGIN
IQ:0,0,11,-171,-68
IQ:1,8,11,-47,163
IQ:2,16,11,168,19
IQ:3,24,11,3,-178
IQ:4,32,11,-174,9
IQ:5,40,11,28,166
IQ:6,48,11,175,-40
IQ:7,56,11,-38,-176
IQ:8,72,12,126,71
IQ:9,80,255,85,-85
IQ:10,88,1,-67,-20
IQ:11,96,255,-43,59
IQ:12,104,2,12,3
IQ:13,112,255,-37,-37
IQ:14,120,10,-180,49
IQ:15,128,255,-26,167
IQ:16,136,3,29,58
IQ:17,144,255,48,-9
IQ:18,152,9,44,48
IQ:19,160,255,70,47
IQ:20,168,4,126,91
IQ:21,176,255,93,-93
IQ:22,184,8,11,-85
IQ:23,192,255,-18,14
IQ:24,200,7,123,67
IQ:25,208,255,53,-72
IQ:26,216,6,-69,29
IQ:27,224,255,38,38
IQ:28,232,5,14,-98
IQ:29,240,255,-106,-18
IQ:30,248,12,-24,147
IQ:31,256,255,108,49
IQ:32,264,1,-27,-62
IQ:33,272,255,-76,3
IQ:34,280,2,0,12
IQ:35,288,255,58,-55
SW:2
RR:3
SS:3
FR:2480
ME:49
MA:201
KE:18
KA:324
DF_END

Data arrived...
DF_BEGIN
IQ:0,0,11,147,33
IQ:1,8,11,-5,-151
IQ:2,16,11,-179,-20
IQ:3,24,11,13,158
IQ:4,32,11,137,-56
IQ:5,40,11,-48,-178
IQ:6,48,11,-156,4
IQ:7,56,11,43,116
IQ:8,72,12,-128,-76
IQ:9,80,255,-92,114
IQ:10,88,1,70,39
IQ:11,96,255,-10,-49
IQ:12,104,2,4,7
IQ:13,112,255,-1,58
IQ:14,120,10,89,61
IQ:15,128,255,47,-119
IQ:16,136,3,-64,-130
IQ:17,144,255,-88,37
IQ:18,152,9,36,-6
IQ:19,160,255,-21,-162
IQ:20,168,4,-304,-109
IQ:21,176,255,-107,183
IQ:22,184,8,59,63
IQ:23,192,255,44,-40
IQ:24,200,7,-210,-30
IQ:25,208,255,14,87
IQ:26,216,6,106,-51
IQ:27,224,255,-73,-66
IQ:28,232,5,-75,123
IQ:29,240,255,131,31
IQ:30,248,12,22,-149
IQ:31,256,255,-117,-27
IQ:32,264,1,57,95
IQ:33,272,255,102,12
IQ:34,280,2,27,22
IQ:35,288,255,-30,34
SW:2
RR:3
SS:3
FR:2426
ME:5
MA:353
KE:17
KA:329
DF_END

Data arrived...
DF_BEGIN
IQ:0,0,11,-125,-77
IQ:1,8,11,-64,127
IQ:2,16,11,133,53
IQ:3,24,11,30,-135
IQ:4,32,11,-141,-26
IQ:5,40,11,-23,137
IQ:6,48,11,140,-5
IQ:7,56,11,-17,-147
IQ:8,72,12,106,117
IQ:9,80,255,126,-73
IQ:10,88,1,-69,-57
IQ:11,96,255,-86,38
IQ:12,104,2,-3,-8
IQ:13,112,255,5,-60
IQ:14,120,10,-82,-71
IQ:15,128,255,-106,85
IQ:16,136,3,-1,132
IQ:17,144,255,82,-1
IQ:18,152,9,-28,-28
IQ:19,160,255,-13,136
IQ:20,168,4,213,251
IQ:21,176,255,213,-118
IQ:22,184,8,-33,-92
IQ:23,192,255,-33,64
IQ:24,200,7,165,82
IQ:25,208,255,84,-111
IQ:26,216,6,-101,11
IQ:27,224,255,54,79
IQ:28,232,5,120,-121
IQ:29,240,255,-101,-110
IQ:30,248,12,-39,139
IQ:31,256,255,118,69
IQ:32,264,1,27,-84
IQ:33,272,255,-80,-53
IQ:34,280,2,13,0
IQ:35,288,255,65,-39
SW:2
RR:3
SS:3
FR:2426
ME:13
MA:324
KE:17
KA:328
DF_END

Data arrived...
DF_BEGIN
IQ:0,0,11,115,-99
IQ:1,8,11,-103,-110
IQ:2,16,11,-86,117
IQ:3,24,11,128,73
IQ:4,32,11,70,-135
IQ:5,40,11,-137,-59
IQ:6,48,11,-51,143
IQ:7,56,11,141,34
IQ:8,72,12,-107,61
IQ:9,80,255,76,102
IQ:10,88,1,98,-103
IQ:11,96,255,-83,-127
IQ:12,104,2,-87,36
IQ:13,112,255,86,61
IQ:14,120,10,92,-153
IQ:15,128,255,-142,-102
IQ:16,136,3,-145,92
IQ:17,144,255,58,84
IQ:18,152,9,0,-146
IQ:19,160,255,-171,11
IQ:20,168,4,-40,214
IQ:21,176,255,177,82
IQ:22,184,8,58,-59
IQ:23,192,255,-92,-11
IQ:24,200,7,-91,140
IQ:25,208,255,103,44
IQ:26,216,6,-48,-118
IQ:27,224,255,-92,81
IQ:28,232,5,160,137
IQ:29,240,255,146,-129
IQ:30,248,12,-105,-78
IQ:31,256,255,-69,115
IQ:32,264,1,116,43
IQ:33,272,255,53,-137
IQ:34,280,2,-80,-68
IQ:35,288,255,-42,107
SW:2
RR:3
SS:3
FR:2402
ME:2
MA:353
KE:15
KA:332
DF_END

Data arrived...
DF_BEGIN
IQ:0,0,11,146,93
IQ:1,8,11,89,-151
IQ:2,16,11,-159,-76
IQ:3,24,11,-54,158
IQ:4,32,11,176,28
IQ:5,40,11,35,-178
IQ:6,48,11,-171,-22
IQ:7,56,11,5,172
IQ:8,72,12,-99,-111
IQ:9,80,255,-109,51
IQ:10,88,1,63,30
IQ:11,96,255,52,-52
IQ:12,104,2,-15,-15
IQ:13,112,255,26,41
IQ:14,120,10,191,-12
IQ:15,128,255,65,-166
IQ:16,136,3,-14,-72
IQ:17,144,255,-49,-14
IQ:18,152,9,-22,-58
IQ:19,160,255,-54,-72
IQ:20,168,4,-100,-116
IQ:21,176,255,-106,65
IQ:22,184,8,-24,72
IQ:23,192,255,24,-19
IQ:24,200,7,-102,-97
IQ:25,208,255,-64,55
IQ:26,216,6,66,-16
IQ:27,224,255,-25,-46
IQ:28,232,5,-40,96
IQ:29,240,255,93,36
IQ:30,248,12,55,-138
IQ:31,256,255,-99,-69
IQ:32,264,1,13,65
IQ:33,272,255,75,20
IQ:34,280,2,5,-19
IQ:35,288,255,-67,31
SW:2
RR:3
SS:3
FR:2480
ME:49
MA:201
KE:18
KA:323
DF_END

Data arrived...
DF_BEGIN
IQ:0,0,11,-43,167
IQ:1,8,11,174,51
IQ:2,16,11,28,-170
IQ:3,24,11,-170,-12
IQ:4,32,11,20,166
IQ:5,40,11,173,-37
IQ:6,48,11,-58,-165
IQ:7,56,11,-159,76
IQ:8,72,12,77,-119
IQ:9,80,255,-81,-87
IQ:10,88,1,-10,66
IQ:11,96,255,68,28
IQ:12,104,2,5,-19
IQ:13,112,255,-36,31
IQ:14,120,10,54,180
IQ:15,128,255,172,11
IQ:16,136,3,55,-37
IQ:17,144,255,-6,-52
IQ:18,152,9,46,-41
IQ:19,160,255,51,-72
IQ:20,168,4,87,-133
IQ:21,176,255,-98,-92
IQ:22,184,8,-78,-3
IQ:23,192,255,22,16
IQ:24,200,7,64,-126
IQ:25,208,255,-77,-46
IQ:26,216,6,42,52
IQ:27,224,255,32,-48
IQ:28,232,5,-102,-21
IQ:29,240,255,-12,96
IQ:30,248,12,145,23
IQ:31,256,255,47,-106
IQ:32,264,1,-65,28
IQ:33,272,255,4,72
IQ:34,280,2,17,-4
IQ:35,288,255,-55,-55
SW:2
RR:3
SS:3
FR:2480
ME:47
MA:198
KE:21
KA:308
DF_END

Data arrived...
DF_BEGIN
IQ:0,0,11,-175,-84
IQ:1,8,11,-80,170
IQ:2,16,11,174,66
IQ:3,24,11,55,-176
IQ:4,32,11,-176,-40
IQ:5,40,11,-14,187
IQ:6,48,11,185,-8
IQ:7,56,11,-33,-182
IQ:8,72,12,129,151
IQ:9,80,255,170,-92
IQ:10,88,1,-84,-75
IQ:11,96,255,-99,74
IQ:12,104,2,1,-18
IQ:13,112,255,1,-82
IQ:14,120,10,-124,-88
IQ:15,128,255,-121,128
IQ:16,136,3,-5,178
IQ:17,144,255,107,8
IQ:18,152,9,-48,-30
IQ:19,160,255,-5,166
IQ:20,168,4,321,279
IQ:21,176,255,283,-167
IQ:22,184,8,-17,-134
IQ:23,192,255,-51,80
IQ:24,200,7,212,110
IQ:25,208,255,87,-157
IQ:26,216,6,-137,12
IQ:27,224,255,68,101
IQ:28,232,5,166,-162
IQ:29,240,255,-122,-146
IQ:30,248,12,-65,197
IQ:31,256,255,160,104
IQ:32,264,1,34,-116
IQ:33,272,255,-108,-66
IQ:34,280,2,12,4
IQ:35,288,255,75,-56
SW:2
RR:3
SS:3
FR:2426
ME:13
MA:327
KE:21
KA:311
DF_END

Data arrived...
DF_BEGIN
IQ:0,0,11,-143,31
IQ:1,8,11,57,141
IQ:2,16,11,138,-66
IQ:3,24,11,-72,-128
IQ:4,32,11,-124,85
IQ:5,40,11,100,102
IQ:6,48,11,104,-111
IQ:7,56,11,-119,-93
IQ:8,72,12,125,-19
IQ:9,80,255,-17,-132
IQ:10,88,1,-133,39
IQ:11,96,255,25,150
IQ:12,104,2,100,6
IQ:13,112,255,-34,-94
IQ:14,120,10,-154,70
IQ:15,128,255,73,162
IQ:16,136,3,161,3
IQ:17,144,255,-25,-93
IQ:18,152,9,-48,138
IQ:19,160,255,161,64
IQ:20,168,4,159,-174
IQ:21,176,255,-126,-151
IQ:22,184,8,-73,31
IQ:23,192,255,79,55
IQ:24,200,7,142,-98
IQ:25,208,255,-72,-86
IQ:26,216,6,-17,126
IQ:27,224,255,116,-31
IQ:28,232,5,-85,-202
IQ:29,240,255,-188,54
IQ:30,248,12,64,108
IQ:31,256,255,106,-81
IQ:32,264,1,-92,-111
IQ:33,272,255,-116,83
IQ:34,280,2,51,84
IQ:35,288,255,90,-71
SW:2
RR:3
SS:3
FR:2402
ME:2
MA:5
KE:19
KA:321
DF_END

Data arrived...
DF_BEGIN
IQ:0,0,11,-169,25
IQ:1,8,11,30,169
IQ:2,16,11,160,-53
IQ:3,24,11,-77,-150
IQ:4,32,11,-142,105
IQ:5,40,11,104,141
IQ:6,48,11,123,-113
IQ:7,56,11,-131,-104
IQ:8,72,12,141,16
IQ:9,80,255,40,-107
IQ:10,88,1,-62,30
IQ:11,96,255,8,83
IQ:12,104,2,11,-1
IQ:13,112,255,-42,-11
IQ:14,120,10,-132,134
IQ:15,128,255,60,168
IQ:16,136,3,64,38
IQ:17,144,255,38,-29
IQ:18,152,9,59,29
IQ:19,160,255,83,15
IQ:20,168,4,164,1
IQ:21,176,255,26,-128
IQ:22,184,8,-30,-72
IQ:23,192,255,-5,33
IQ:24,200,7,142,1
IQ:25,208,255,15,-85
IQ:26,216,6,-32,68
IQ:27,224,255,60,17
IQ:28,232,5,-25,-90
IQ:29,240,255,-101,35
IQ:30,248,12,62,137
IQ:31,256,255,116,-17
IQ:32,264,1,-49,-39
IQ:33,272,255,-62,45
IQ:34,280,2,12,13
IQ:35,288,255,28,-71
SW:2
RR:3
SS:3
FR:2480
ME:47
MA:201
KE:22
KA:307
DF_END

Data arrived...
DF_BEGIN
IQ:0,0,11,70,-133
IQ:1,8,11,-106,-138
IQ:2,16,11,-117,93
IQ:3,24,11,75,78
IQ:4,32,11,59,-156
IQ:5,40,11,-140,-65
IQ:6,48,11,-56,137
IQ:7,56,11,136,48
IQ:8,72,12,-144,64
IQ:9,80,255,27,140
IQ:10,88,1,79,-41
IQ:11,96,255,-23,-96
IQ:12,104,2,7,5
IQ:13,112,255,50,23
IQ:14,120,10,97,-56
IQ:15,128,255,-58,-126
IQ:16,136,3,-130,-34
IQ:17,144,255,-30,81
IQ:18,152,9,24,-28
IQ:19,160,255,-126,-46
IQ:20,168,4,-289,139
IQ:21,176,255,64,241
IQ:22,184,8,99,3
IQ:23,192,255,-46,-69
IQ:24,200,7,-148,112
IQ:25,208,255,79,112
IQ:26,216,6,21,-100
IQ:27,224,255,-93,5
IQ:28,232,5,66,157
IQ:29,240,255,143,-49
IQ:30,248,12,-113,-103
IQ:31,256,255,-112,91
IQ:32,264,1,75,47
IQ:33,272,255,74,-60
IQ:34,280,2,1,7
IQ:35,288,255,15,68
SW:2
RR:3
SS:3
FR:2426
ME:13
MA:327
KE:21
KA:310
DF_END

Data arrived...
DF_BEGIN
IQ:0,0,11,-129,-152
IQ:1,8,11,-140,138
IQ:2,16,11,156,125
IQ:3,24,11,106,-159
IQ:4,32,11,-168,-98
IQ:5,40,11,-89,178
IQ:6,48,11,177,83
IQ:7,56,11,56,-188
IQ:8,72,12,78,146
IQ:9,80,255,149,-88
IQ:10,88,1,-110,-137
IQ:11,96,255,-157,107
IQ:12,104,2,38,123
IQ:13,112,255,91,-93
IQ:14,120,10,-188,-130
IQ:15,128,255,-164,169
IQ:16,136,3,83,198
IQ:17,144,255,98,-88
IQ:18,152,9,-191,4
IQ:19,160,255,-2,241
IQ:20,168,4,279,88
IQ:21,176,255,