IQ:32,264,1,151,-3
IQ:33,272,255,-28,-114
IQ:34,280,2,-127,47
IQ:35,288,255,45,47
SW:2
RR:3
SS:3
FR:2402
ME:7
MA:139
KE:0
KA:8
DF_END

Data arrived...
DF_BEGIN
IQ:0,0,11,-41,-140
IQ:1,8,11,-141,45
IQ:2,16,11,57,132
IQ:3,24,11,119,-76
IQ:4,32,11,-94,-112
IQ:5,40,11,-95,103
IQ:6,48,11,104,101
IQ:7,56,11,84,-114
IQ:8,72,12,-124,114
IQ:9,80,255,90,134
IQ:10,88,1,113,-33
IQ:11,96,255,-30,-86
IQ:12,104,2,-91,37
IQ:13,112,255,35,34
IQ:14,120,10,-51,-117
IQ:15,128,255,-145,25
IQ:16,136,3,-86,154
IQ:17,144,255,83,81
IQ:18,152,9,-17,-29
IQ:19,160,255,-45,80
IQ:20,168,4,85,188
IQ:21,176,255,147,-32
IQ:22,184,8,-33,-34
IQ:23,192,255,-25,50
IQ:24,200,7,75,-6
IQ:25,208,255,12,-99
IQ:26,216,6,-67,-55
IQ:27,224,255,-30,78
IQ:28,232,5,152,17
IQ:29,240,255,15,-158
IQ:30,248,12,-162,-52
IQ:31,256,255,-72,146
IQ:32,264,1,74,84
IQ:33,272,255,60,-74
IQ:34,280,2,-89,-47
IQ:35,288,255,-16,52
SW:2
RR:3
SS:3
FR:2402
ME:7
MA:128
KE:1
KA:20
DF_END

Data arrived...
DF_BEGIN
IQ:0,0,11,-162,96
IQ:1,8,11,116,159
IQ:2,16,11,144,-116
IQ:3,24,11,-137,-128
IQ:4,32,11,-118,156
IQ:5,40,11,159,90
IQ:6,48,11,65,-175
IQ:7,56,11,-177,-71
IQ:8,72,12,140,62
IQ:9,80,255,40,-152
IQ:10,88,1,-163,-47
IQ:11,96,255,-35,153
IQ:12,104,2,138,3
IQ:13,112,255,-37,-139
IQ:14,120,10,-204,84
IQ:15,128,255,64,204
IQ:16,136,3,168,-32
IQ:17,144,255,-43,-108
IQ:18,152,9,-48,156
IQ:19,160,255,187,85
IQ:20,168,4,154,-138
IQ:21,176,255,-133,-117
IQ:22,184,8,-57,136
IQ:23,192,255,141,51
IQ:24,200,7,24,-164
IQ:25,208,255,-168,-27
IQ:26,216,6,-12,149
IQ:27,224,255,167,-25
IQ:28,232,5,-12,-207
IQ:29,240,255,-205,8
IQ:30,248,12,9,153
IQ:31,256,255,153,-35
IQ:32,264,1,-53,-155
IQ:33,272,255,-149,70
IQ:34,280,2,66,124
IQ:35,288,255,92,-99
SW:2
RR:3
SS:3
FR:2480
ME:359
MA:353
KE:0
KA:16
DF_END

Data arrived...
DF_BEGIN
IQ:0,0,11,-165,-49
IQ:1,8,11,-36,149
IQ:2,16,11,166,6
IQ:3,24,11,-16,-164
IQ:4,32,11,-156,35
IQ:5,40,11,46,156
IQ:6,48,11,153,-64
IQ:7,56,11,-62,-154
IQ:8,72,12,75,166
IQ:9,80,255,140,-68
IQ:10,88,1,-90,-128
IQ:11,96,255,-132,94
IQ:12,104,2,47,89
IQ:13,112,255,36,-73
IQ:14,120,10,-182,-5
IQ:15,128,255,-22,207
IQ:16,136,3,165,97
IQ:17,144,255,69,-104
IQ:18,152,9,-43,74
IQ:19,160,255,109,109
IQ:20,168,4,197,-31
IQ:21,176,255,-10,-156
IQ:22,184,8,-69,65
IQ:23,192,255,91,85
IQ:24,200,7,85,-97
IQ:25,208,255,-109,-81
IQ:26,216,6,-95,99
IQ:27,224,255,134,55
IQ:28,232,5,98,-241
IQ:29,240,255,-223,-131
IQ:30,248,12,-115,130
IQ:31,256,255,139,64
IQ:32,264,1,64,-152
IQ:33,272,255,-139,-54
IQ:34,280,2,-47,90
IQ:35,288,255,91,9
SW:2
RR:3
SS:3
FR:2426
ME:356
MA:353
KE:0
KA:12
DF_END

Data arrived...
DF_BEGIN
IQ:0,0,11,-31,-166
IQ:1,8,11,-164,37
IQ:2,16,11,36,159
IQ:3,24,11,155,-47
IQ:4,32,11,-59,-155
IQ:5,40,11,-137,84
IQ:6,48,11,102,129
IQ:7,56,11,116,-110
IQ:8,72,12,-146,91
IQ:9,80,255,116,96
IQ:10,88,1,109,-122
IQ:11,96,255,-111,-111
IQ:12,104,2,-79,67
IQ:13,112,255,79,14
IQ:14,120,10,-61,-173
IQ:15,128,255,-192,38
IQ:16,136,3,-22,200
IQ:17,144,255,127,45
IQ:18,152,9,-84,-21
IQ:19,160,255,-78,141
IQ:20,168,4,101,188
IQ:21,176,255,151,-61
IQ:22,184,8,-85,-57
IQ:23,192,255,-59,114
IQ:24,200,7,108,54
IQ:25,208,255,46,-123
IQ:26,216,6,-131,-69
IQ:27,224,255,-21,150
IQ:28,232,5,254,25
IQ:29,240,255,48,-237
IQ:30,248,12,-175,-63
IQ:31,256,255,-47,151
IQ:32,264,1,153,25
IQ:33,272,255,33,-143
IQ:34,280,2,-102,-13
IQ:35,288,255,33,98
SW:2
RR:3
SS:3
FR:2426
ME:356
MA:353
KE:0
KA:9
DF_END

Data arrived...
DF_BEGIN
IQ:0,0,11,35,174
IQ:1,8,11,167,-39
IQ:2,16,11,-78,-153
IQ:3,24,11,-160,87
IQ:4,32,11,89,145
IQ:5,40,11,128,-107
IQ:6,48,11,-120,-121
IQ:7,56,11,-103,146
IQ:8,72,12,192,-130
IQ:9,80,255,-120,-195
IQ:10,88,1,-170,53
IQ:11,96,255,70,135
IQ:12,104,2,133,-82
IQ:13,112,255,-57,-73
IQ:14,120,10,50,137
IQ:15,128,255,195,-17
IQ:16,136,3,109,-187
IQ:17,144,255,-143,-102
IQ:18,152,9,-17,43
IQ:19,160,255,64,-75
IQ:20,168,4,-115,-244
IQ:21,176,255,-222,22
IQ:22,184,8,22,58
IQ:23,192,255,47,-52
IQ:24,200,7,-91,-20
IQ:25,208,255,-37,127
IQ:26,216,6,102,91
IQ:27,224,255,34,-111
IQ:28,232,5,-203,-14
IQ:29,240,255,-28,218
IQ:30,248,12,223,103
IQ:31,256,255,115,-190
IQ:32,264,1,-133,-122
IQ:33,272,255,-80,131
IQ:34,280,2,132,70
IQ:35,288,255,21,-91
SW:2
RR:3
SS:3
FR:2402
ME:356
MA:353
KE:359
KA:6
DF_END

Data arrived...
DF_BEGIN
IQ:0,0,11,-112,88
IQ:1,8,11,85,107
IQ:2,16,11,95,-98
IQ:3,24,11,-114,-71
IQ:4,32,11,-63,130
IQ:5,40,11,127,57
IQ:6,48,11,53,-132
IQ:7,56,11,-133,-35
IQ:8,72,12,114,22
IQ:9,80,255,9,-116
IQ:10,88,1,-124,-11
IQ:11,96,255,1,120
IQ:12,104,2,104,-8
IQ:13,112,255,-37,-91
IQ:14,120,10,-140,88
IQ:15,128,255,67,139
IQ:16,136,3,119,-41
IQ:17,144,255,-43,-74
IQ:18,152,9,-28,118
IQ:19,160,255,140,47
IQ:20,168,4,94,-116
IQ:21,176,255,-105,-78
IQ:22,184,8,-30,109
IQ:23,192,255,106,22
IQ:24,200,7,-9,-120
IQ:25,208,255,-128,3
IQ:26,216,6,-3,117
IQ:27,224,255,122,-28
IQ:28,232,5,-24,-151
IQ:29,240,255,-139,24
IQ:30,248,12,34,110
IQ:31,256,255,107,-53
IQ:32,264,1,-54,-108
IQ:33,272,255,-105,59
IQ:34,280,2,61,86
IQ:35,288,255,61,-80
SW:2
RR:3
SS:3
FR:2480
ME:359
MA:353
KE:359
KA:4
DF_END

Data arrived...
DF_BEGIN
IQ:0,0,11,-156,-103
IQ:1,8,11,-73,171
IQ:2,16,11,176,60
IQ:3,24,11,35,-182
IQ:4,32,11,-188,-21
IQ:5,40,11,7,186
IQ:6,48,11,190,-21
IQ:7,56,11,-35,-190
IQ:8,72,12,7,157
IQ:9,80,255,155,-31
IQ:10,88,1,-36,-161
IQ:11,96,255,-140,54
IQ:12,104,2,71,119
IQ:13,112,255,91,-98
IQ:14,120,10,-177,-138
IQ:15,128,255,-149,158
IQ:16,136,3,114,126
IQ:17,144,255,69,-94
IQ:18,152,9,-163,40
IQ:19,160,255,8,211
IQ:20,168,4,178,74
IQ:21,176,255,26,-168
IQ:22,184,8,-150,16
IQ:23,192,255,41,141
IQ:24,200,7,149,-71
IQ:25,208,255,-68,-156
IQ:26,216,6,-141,55
IQ:27,224,255,86,139
IQ:28,232,5,167,-120
IQ:29,240,255,-117,-159
IQ:30,248,12,-131,89
IQ:31,256,255,119,106
IQ:32,264,1,106,-125
IQ:33,272,255,-131,-94
IQ:34,280,2,-79,116
IQ:35,288,255,130,25
SW:2
RR:3
SS:3
FR:2480
ME:359
MA:353
KE:359
KA:2
DF_END

Data arrived...
DF_BEGIN
IQ:0,0,11,-11,-162
IQ:1,8,11,-160,10
IQ:2,16,11,23,154
IQ:3,24,11,155,-47
IQ:4,32,11,-58,-155
IQ:5,40,11,-151,72
IQ:6,48,11,74,138
IQ:7,56,11,121,-101
IQ:8,72,12,-147,74
IQ:9,80,255,106,123
IQ:10,88,1,130,-97
IQ:11,96,255,-94,-122
IQ:12,104,2,-83,89
IQ:13,112,255,84,27
IQ:14,120,10,-37,-182
IQ:15,128,255,-211,14
IQ:16,136,3,-62,192
IQ:17,144,255,120,57
IQ:18,152,9,-86,-28
IQ:19,160,255,-97,124
IQ:20,168,4,81,192
IQ:21,176,255,158,-64
IQ:22,184,8,-86,-52
IQ:23,192,255,-71,98
IQ:24,200,7,97,61
IQ:25,208,255,63,-130
IQ:26,216,6,-115,-83
IQ:27,224,255,-26,145
IQ:28,232,5,245,52
IQ:29,240,255,81,-228
IQ:30,248,12,-149,-93
IQ:31,256,255,-64,145
IQ:32,264,1,148,50
IQ:33,272,255,39,-144
IQ:34,280,2,-108,-29
IQ:35,288,255,18,104
SW:2
RR:3
SS:3
FR:2426
ME:356
MA:353
KE:358
KA:0
DF_END

Data arrived...
DF_BEGIN
IQ:0,0,11,-145,109
IQ:1,8,11,110,141
IQ:2,16,11,120,-131
IQ:3,24,11,-145,-105
IQ:4,32,11,-93,153
IQ:5,40,11,157,88
IQ:6,48,11,83,-153
IQ:7,56,11,-167,-53
IQ:8,72,12,173,124
IQ:9,80,255,138,-152
IQ:10,88,1,-83,-134
IQ:11,96,255,-103,88
IQ:12,104,2,114,102
IQ:13,112,255,54,-73
IQ:14,120,10,-133,106
IQ:15,128,255,83,190
IQ:16,136,3,231,38
IQ:17,144,255,59,-160
IQ:18,152,9,-25,17
IQ:19,160,255,105,43
IQ:20,168,4,205,-185
IQ:21,176,255,-88,-205
IQ:22,184,8,-27,42
IQ:23,192,255,70,23
IQ:24,200,7,-22,-86
IQ:25,208,255,-128,10
IQ:26,216,6,-64,105
IQ:27,224,255,111,-9
IQ:28,232,5,-60,-210
IQ:29,240,255,-224,50
IQ:30,248,12,-16,221
IQ:31,256,255,207,35
IQ:32,264,1,70,-149
IQ:33,272,255,-132,-33
IQ:34,280,2,-29,148
IQ:35,288,255,79,-7
SW:2
RR:3
SS:3
FR:2402
ME:353
MA:353
KE:358
KA:359
DF_END

Data arrived...
DF_BEGIN
IQ:0,0,11,-56,-171
IQ:1,8,11,-159,80
IQ:2,16,11,87,157
IQ:3,24,11,142,-100
IQ:4,32,11,-123,-129
IQ:5,40,11,-122,135
IQ:6,48,11,136,111
IQ:7,56,11,89,-161
IQ:8,72,12,-98,112
IQ:9,80,255,124,70
IQ:10,88,1,70,-144
IQ:11,96,255,-137,-57
IQ:12,104,2,-40,135
IQ:13,112,255,131,12
IQ:14,120,10,-35,-201
IQ:15,128,255,-218,7
IQ:16,136,3,-13,165
IQ:17,144,255,115,-15
IQ:18,152,9,-139,-80
IQ:19,160,255,-118,162
IQ:20,168,4,86,190
IQ:21,176,255,151,-83
IQ:22,184,8,-113,-73
IQ:23,192,255,-79,121
IQ:24,200,7,136,56
IQ:25,208,255,55,-146
IQ:26,216,6,-143,-60
IQ:27,224,255,-33,149
IQ:28,232,5,198,25
IQ:29,240,255,36,-200
IQ:30,248,12,-146,-30
IQ:31,256,255,-10,147
IQ:32,264,1,160,-15
IQ:33,272,255,-31,-145
IQ:34,280,2,-139,33
IQ:35,288,255,54,113
SW:2
RR:3
SS:3
FR:2480
ME:359
MA:353
KE:358
KA:358
DF_END

Data arrived...
DF_BEGIN
IQ:0,0,11,155,51
IQ:1,8,11,41,-162
IQ:2,16,11,-159,-12
IQ:3,24,11,7,161
IQ:4,32,11,165,-25
IQ:5,40,11,-36,-164
IQ:6,48,11,-165,36
IQ:7,56,11,40,165
IQ:8,72,12,-35,-182
IQ:9,80,255,-160,54
IQ:10,88,1,73,144
IQ:11,96,255,139,-67
IQ:12,104,2,-56,-102
IQ:13,112,255,-52,73
IQ:14,120,10,182,6
IQ:15,128,255,36,-213
IQ:16,136,3,-166,-113
IQ:17,144,255,-83,108
IQ:18,152,9,52,-58
IQ:19,160,255,-97,-121
IQ:20,168,4,-205,13
IQ:21,176,255,8,169
IQ:22,184,8,86,-68
IQ:23,192,255,-80,-98
IQ:24,200,7,-83,87
IQ:25,208,255,106,100
IQ:26,216,6,117,-98
IQ:27,224,255,-129,-83
IQ:28,232,5,-114,211
IQ:29,240,255,206,136
IQ:30,248,12,143,-122
IQ:31,256,255,-126,-108
IQ:32,264,1,-88,138
IQ:33,272,255,129,88
IQ:34,280,2,64,-91
IQ:35,288,255,-94,-8
SW:2
RR:3
SS:3
FR:2426
ME:356
MA:353
KE:357
KA:357
DF_END

Data arrived...
DF_BEGIN
IQ:0,0,11,-122,-120
IQ:1,8,11,-105,133
IQ:2,16,11,141,99
IQ:3,24,11,78,-151
IQ:4,32,11,-158,-61
IQ:5,40,11,-55,167
IQ:6,48,11,168,37
IQ:7,56,11,25,-175
IQ:8,72,12,-47,179
IQ:9,80,255,163,17
IQ:10,88,1,1,-163
IQ:11,96,255,-158,11
IQ:12,104,2,5,116
IQ:13,112,255,73,-45
IQ:14,120,10,-165,-95
IQ:15,128,255,-135,161
IQ:16,136,3,94,181
IQ:17,144,255,124,-56
IQ:18,152,9,-76,36
IQ:19,160,255,36,157
IQ:20,168,4,197,86
IQ:21,176,255,82,-152
IQ:22,184,8,-110,29
IQ:23,192,255,35,127
IQ:24,200,7,107,-43
IQ:25,208,255,-63,-129
IQ:26,216,6,-146,36
IQ:27,224,255,86,114
IQ:28,232,5,200,-164
IQ:29,240,255,-137,-217
IQ:30,248,12,-185,49
IQ:31,256,255,70,148
IQ:32,264,1,133,-98
IQ:33,272,255,-96,-126
IQ:34,280,2,-93,66
IQ:35,288,255,85,56
SW:2
RR:3
SS:3
FR:2426
ME:356
MA:353
KE:357
KA:356
DF_END

Data arrived...
DF_BEGIN
IQ:0,0,11,9,172
IQ:1,8,11,185,-20
IQ:2,16,11,-27,-182
IQ:3,24,11,-169,43
IQ:4,32,11,77,155
IQ:5,40,11,149,-97
IQ:6,48,11,-106,-150
IQ:7,56,11,-142,111
IQ:8,72,12,204,-48
IQ:9,80,255,-38,-197
IQ:10,88,1,-140,-25
IQ:11,96,255,18,119
IQ:12,104,2,150,-25
IQ:13,112,255,-14,-75
IQ:14,120,10,12,152
IQ:15,128,255,202,29
IQ:16,136,3,160,-177
IQ:17,144,255,-79,-146
IQ:18,152,9,7,24
IQ:19,160,255,86,-72
IQ:20,168,4,-25,-275
IQ:21,176,255,-214,-46
IQ:22,184,8,24,36
IQ:23,192,255,49,-56
IQ:24,200,7,-73,-34
IQ:25,208,255,-58,106
IQ:26,216,6,63,101
IQ:27,224,255,57,-101
IQ:28,232,5,-197,-87
IQ:29,240,255,-100,197
IQ:30,248,12,157,143
IQ:31,256,255,144,-138
IQ:32,264,1,-58,-137
IQ:33,272,255,-105,69
IQ:34,280,2,94,116
IQ:35,288,255,42,-67
SW:2
RR:3
SS:3
FR:2402
ME:7
MA:128
KE:358
KA:2
DF_END

Data arrived...
DF_BEGIN
IQ:0,0,11,104,154
IQ:1,8,11,150,-104
IQ:2,16,11,-117,-142
IQ:3,24,11,-126,127
IQ:4,32,11,141,101
IQ:5,40,11,87,-156
IQ:6,48,11,-165,-63
IQ:7,56,11,-65,168
IQ:8,72,12,66,-141
IQ:9,80,255,-148,-54
IQ:10,88,1,-52,152
IQ:11,96,255,145,32
IQ:12,104,2,7,-143
IQ:13,112,255,-139,9
IQ:14,120,10,71,186
IQ:15,128,255,190,-81
IQ:16,136,3,-30,-173
IQ:17,144,255,-112,43
IQ:18,152,9,160,50
IQ:19,160,255,83,-189
IQ:20,168,4,-130,-164
IQ:21,176,255,-130,112
IQ:22,184,8,131,47
IQ:23,192,255,48,-143
IQ:24,200,7,-148,-29
IQ:25,208,255,-35,148
IQ:26,216,6,138,35
IQ:27,224,255,-9,-161
IQ:28,232,5,-212,12
IQ:29,240,255,-6,199
IQ:30,248,12,150,0
IQ:31,256,255,-28,-153
IQ:32,264,1,-159,31
IQ:33,272,255,41,144
IQ:34,280,2,128,-53
IQ:35,288,255,-86,-96
SW:2
RR:3
SS:3
FR:2480
ME:359
MA:353
KE:358
KA:1
DF_END

Data arrived...
DF_BEGIN
IQ:0,0,11,-19,-136
IQ:1,8,11,-135,18
IQ:2,16,11,23,133
IQ:3,24,11,118,-52
IQ:4,32,11,-60,-119
IQ:5,40,11,-112,66
IQ:6,48,11,79,110
IQ:7,56,11,98,-90
IQ:8,72,12,-98,67
IQ:9,80,255,83,81
IQ:10,88,1,82,-95
IQ:11,96,255,-94,-76
IQ:12,104,2,-58,84
IQ:13,112,255,101,22
IQ:14,120,10,10,-156
IQ:15,128,255,-154,-23
IQ:16,136,3,-36,127
IQ:17,144,255,82,6
IQ:18,152,9,-87,-86
IQ:19,160,255,-116,99
IQ:20,168,4,41,149
IQ:21,176,255,119,-36
IQ:22,184,8,-72,-85
IQ:23,192,255,-78,86
IQ:24,200,7,94,63
IQ:25,208,255,62,-97
IQ:26,216,6,-93,-62
IQ:27,224,255,-47,116
IQ:28,232,5,141,78
IQ:29,240,255,69,-132
IQ:30,248,12,-104,-40
IQ:31,256,255,-15,116
IQ:32,264,1,118,21
IQ:33,272,255,19,-113
IQ:34,280,2,-102,-2
IQ:35,288,255,28,90
SW:2
RR:3
SS:3
FR:2480
ME:359
MA:353
KE:358
KA:359
DF_END

Data arrived...
DF_BEGIN
IQ:0,0,11,-170,30
IQ:1,8,11,52,159
IQ:2,16,11,157,-71
IQ:3,24,11,-73,-153
IQ:4,32,11,-137,93
IQ:5,40,11,104,133
IQ:6,48,11,115,-127
IQ:7,56,11,-135,-100
IQ:8,72,12,124,136
IQ:9,80,255,100,-127
IQ:10,88,1,-135,-101
IQ:11,96,255,-82,133
IQ:12,104,2,104,68
IQ:13,112,255,6,-87
IQ:14,120,10,-166,88
IQ:15,128,255,76,202
IQ:16,136,3,208,4
IQ:17,144,255,19,-139
IQ:18,152,9,-7,81
IQ:19,160,255,146,57
IQ:20,168,4,168,-110
IQ:21,176,255,-84,-153
IQ:22,184,8,-46,92
IQ:23,192,255,118,46
IQ:24,200,7,37,-118
IQ:25,208,255,-139,-37
IQ:26,216,6,-70,137
IQ:27,224,255,150,-7
IQ:28,232,5,-32,-243
IQ:29,240,255,-249,-11
IQ:30,248,12,-53,176
IQ:31,256,255,166,30
IQ:32,264,1,15,-163
IQ:33,272,255,-158,-4
IQ:34,280,2,-7,122
IQ:35,288,255,99,-37
SW:2
RR:3
SS:3
FR:2426
ME:356
MA:353
KE:358
KA:359
DF_END

Data arrived...
DF_BEGIN
IQ:0,0,11,-115,111
IQ:1,8,11,125,106
IQ:2,16,11,103,-126
IQ:3,24,11,-137,-81
IQ:4,32,11,-56,150
IQ:5,40,11,151,35
IQ:6,48,11,19,-163
IQ:7,56,11,-167,-16
IQ:8,72,12,166,117
IQ:9,80,255,119,-152
IQ:10,88,1,-88,-122
IQ:11,96,255,-91,87
IQ:12,104,2,118,89
IQ:13,112,255,49,-68
IQ:14,120,10,-89,95
IQ:15,128,255,116,137
IQ:16,136,3,224,-15
IQ:17,144,255,30,-160
IQ:18,152,9,-12,5
IQ:19,160,255,101,13
IQ:20,168,4,168,-193
IQ:21,176,255,-109,-172
IQ:22,184,8,-18,31
IQ:23,192,255,61,2
IQ:24,200,7,-30,-73
IQ:25,208,255,-104,27
IQ:26,216,6,-27,107
IQ:27,224,255,95,-25
IQ:28,232,5,-80,-192
IQ:29,240,255,-206,51
IQ:30,248,12,-6,195
IQ:31,256,255,199,21
IQ:32,264,1,74,-133
IQ:33,272,255,-120,-22
IQ:34,280,2,-17,142
IQ:35,288,255,73,-10
SW:2
RR:3
SS:3
FR:2402
ME:356
MA:353
KE:358
KA:358
DF_END

Data arrived...
DF_BEGIN
IQ:0,0,11,129,-133
IQ:1,8,11,-137,-114
IQ:2,16,11,-102,152
IQ:3,24,11,157,97
IQ:4,32,11,72,-172
IQ:5,40,11,-169,-57
IQ:6,48,11,-35,177
IQ:7,56,11,193,9
IQ:8,72,12,-146,-34
IQ:9,80,255,-12,157
IQ:10,88,1,164,13
IQ:11,96,255,-3,-158
IQ:12,104,2,-136,33
IQ:13,112,255,58,128
IQ:14,120,10,161,-116
IQ:15,128,255,-125,-159
IQ:16,136,3,-161,79
IQ:17,144,255,64,106
IQ:18,152,9,14,-160
IQ:19,160,255,-197,-47
IQ:20,168,4,-123,168
IQ:21,176,255,145,95
IQ:22,184,8,18,-137
IQ:23,192,255,-157,-12
IQ:24,200,7,8,157
IQ:25,208,255,167,-16
IQ:26,216,6,-9,-150
IQ:27,224,255,-150,52
IQ:28,232,5,50,214
IQ:29,240,255,196,-40
IQ:30,248,12,-42,-143
IQ:31,256,255,-138,65
IQ:32,264,1,83,148
IQ:33,272,255,129,-89
IQ:34,280,2,-101,-104
IQ:35,288,255,-77,115
SW:2
RR:3
SS:3
FR:2480
ME:359
MA:353
KE:358
KA:357
DF_END

Data arrived...
DF_BEGIN
IQ:0,0,11,80,-161
IQ:1,8,11,-166,-65
IQ:2,16,11,-45,171
IQ:3,24,11,175,14
IQ:4,32,11,-10,-186
IQ:5,40,11,-182,7
IQ:6,48,11,33,176
IQ:7,56,11,171,-56
IQ:8,72,12,-157,18
IQ:9,80,255,48,153
IQ:10,88,1,159,-46
IQ:11,96,255,-62,-140
IQ:12,104,2,-123,71
IQ:13,112,255,97,89
IQ:14,120,10,97,-182
IQ:15,128,255,-173,-107
IQ:16,136,3,-118,123
IQ:17,144,255,98,63
IQ:18,152,9,-49,-163
IQ:19,160,255,-203,35
IQ:20,168,4,-34,196
IQ:21,176,255,169,23
IQ:22,184,8,-46,-141
IQ:23,192,255,-143,39
IQ:24,200,7,67,143
IQ:25,208,255,144,-70
IQ:26,216,6,-64,-135
IQ:27,224,255,-130,103
IQ:28,232,5,130,165
IQ:29,240,255,154,-119
IQ:30,248,12,-110,-113
IQ:31,256,255,-102,117
IQ:32,264,1,138,91
IQ:33,272,255,88,-133
IQ:34,280,2,-124,-67
IQ:35,288,255,-18,124
SW:2
RR:3
SS:3
FR:2480
ME:359
MA:353
KE:358
KA:356
DF_END

Data arrived...
DF_BEGIN
IQ:0,0,11,-136,-88
IQ:1,8,11,-73,142
IQ:2,16,11,151,59
IQ:3,24,11,62,-149
IQ:4,32,11,-156,-52
IQ:5,40,11,-30,157
IQ:6,48,11,157,3
IQ:7,56,11,-15,-159
IQ:8,72,12,-6,172
IQ:9,80,255,160,-11
IQ:10,88,1,-17,-152
IQ:11,96,255,-150,21
IQ:12,104,2,6,115
IQ:13,112,255,66,-44
IQ:14,120,10,-168,-50
IQ:15,128,255,-92,179
IQ:16,136,3,126,164
IQ:17,144,255,118,-58
IQ:18,152,9,-60,51
IQ:19,160,255,63,129
IQ:20,168,4,204,30
IQ:21,176,255,47,-161
IQ:22,184,8,-86,32
IQ:23,192,255,48,120
IQ:24,200,7,107,-37
IQ:25,208,255,-58,-122
IQ:26,216,6,-134,35
IQ:27,224,255,89,99
IQ:28,232,5,165,-177
IQ:29,240,255,-147,-190
IQ:30,248,12,-158,66
IQ:31,256,255,94,129
IQ:32,264,1,110,-103
IQ:33,272,255,-101,-108
IQ:34,280,2,-90,66
IQ:35,288,255,79,55
SW:2
RR:3
SS:3
FR:2426
ME:356
MA:353
KE:357
KA:355
DF_END

Data arrived...
DF_BEGIN
IQ:0,0,11,-106,-124
IQ:1,8,11,-121,111
IQ:2,16,11,116,107
IQ:3,24,11,86,-136
IQ:4,32,11,-142,-68
IQ:5,40,11,-57,156
IQ:6,48,11,156,52
IQ:7,56,11,38,-160
IQ:8,72,12,-138,147
IQ:9,80,255,135,142
IQ:10,88,1,133,-73
IQ:11,96,255,-90,-92
IQ:12,104,2,-81,113
IQ:13,112,255,65,38
IQ:14,120,10,-99,-109
IQ:15,128,255,-163,80
IQ:16,136,3,-18,206
IQ:17,144,255,142,51
IQ:18,152,9,-2,-14
IQ:19,160,255,-18,94
IQ:20,168,4,172,177
IQ:21,176,255,172,-95
IQ:22,184,8,-29,-20
IQ:23,192,255,-9,61
IQ:24,200,7,81,-33
IQ:25,208,255,-10,-121
IQ:26,216,6,-98,-46
IQ:27,224,255,9,101
IQ:28,232,5,188,-62
IQ:29,240,255,-46,-200
IQ:30,248,12,-212,-36
IQ:31,256,255,-77,183
IQ:32,264,1,125,87
IQ:33,272,255,47,-122
IQ:34,280,2,-136,-29
IQ:35,288,255,10,74
SW:2
RR:3
SS:3
FR:2402
ME:356
MA:353
KE:357
KA:355
DF_END

Data arrived...