IQ:32,264,1,-152,58
IQ:33,272,255,63,106
IQ:34,280,2,98,-102
IQ:35,288,255,-72,-36
SW:2
RR:3
SS:3
FR:2402
ME:10
MA:145
KE:2
KA:43
DF_END

Data arrived...
DF_BEGIN
IQ:0,0,11,191,57
IQ:1,8,11,55,-193
IQ:2,16,11,-192,-28
IQ:3,24,11,-3,199
IQ:4,32,11,195,-15
IQ:5,40,11,-34,-187
IQ:6,48,11,-185,63
IQ:7,56,11,80,177
IQ:8,72,12,-51,-143
IQ:9,80,255,-140,60
IQ:10,88,1,63,138
IQ:11,96,255,122,-78
IQ:12,104,2,-87,-103
IQ:13,112,255,-66,105
IQ:14,120,10,211,64
IQ:15,128,255,108,-195
IQ:16,136,3,-132,-102
IQ:17,144,255,-44,103
IQ:18,152,9,155,-79
IQ:19,160,255,-63,-201
IQ:20,168,4,-204,-22
IQ:21,176,255,-6,164
IQ:22,184,8,133,-58
IQ:23,192,255,-72,-136
IQ:24,200,7,-109,93
IQ:25,208,255,113,120
IQ:26,216,6,113,-96
IQ:27,224,255,-129,-108
IQ:28,232,5,-154,143
IQ:29,240,255,135,129
IQ:30,248,12,75,-125
IQ:31,256,255,-140,-76
IQ:32,264,1,-60,139
IQ:33,272,255,138,59
IQ:34,280,2,41,-127
IQ:35,288,255,-126,9
SW:2
RR:3
SS:3
FR:2480
ME:359
MA:353
KE:2
KA:32
DF_END

Data arrived...
DF_BEGIN
IQ:0,0,11,-54,135
IQ:1,8,11,137,47
IQ:2,16,11,28,-136
IQ:3,24,11,-144,-6
IQ:4,32,11,8,145
IQ:5,40,11,143,-24
IQ:6,48,11,-28,-142
IQ:7,56,11,-140,48
IQ:8,72,12,101,-33
IQ:9,80,255,-52,-110
IQ:10,88,1,-109,36
IQ:11,96,255,53,94
IQ:12,104,2,81,-50
IQ:13,112,255,-80,-51
IQ:14,120,10,-78,139
IQ:15,128,255,134,81
IQ:16,136,3,82,-95
IQ:17,144,255,-68,-43
IQ:18,152,9,45,121
IQ:19,160,255,154,-31
IQ:20,168,4,20,-150
IQ:21,176,255,-125,-22
IQ:22,184,8,32,99
IQ:23,192,255,103,-39
IQ:24,200,7,-63,-88
IQ:25,208,255,-98,73
IQ:26,216,6,60,89
IQ:27,224,255,83,-93
IQ:28,232,5,-107,-119
IQ:29,240,255,-106,97
IQ:30,248,12,85,68
IQ:31,256,255,60,-98
IQ:32,264,1,-102,-48
IQ:33,272,255,-42,102
IQ:34,280,2,79,34
IQ:35,288,255,-7,-98
SW:2
RR:3
SS:3
FR:2480
ME:359
MA:353
KE:1
KA:24
DF_END

Data arrived...
DF_BEGIN
IQ:0,0,11,-16,-157
IQ:1,8,11,-183,13
IQ:2,16,11,11,169
IQ:3,24,11,100,2
IQ:4,32,11,-58,-160
IQ:5,40,11,-137,82
IQ:6,48,11,75,183
IQ:7,56,11,85,-101
IQ:8,72,12,-152,103
IQ:9,80,255,32,120
IQ:10,88,1,96,-110
IQ:11,96,255,-105,-127
IQ:12,104,2,-70,65
IQ:13,112,255,68,10
IQ:14,120,10,-34,-169
IQ:15,128,255,-201,13
IQ:16,136,3,-91,158
IQ:17,144,255,92,53
IQ:18,152,9,-82,-21
IQ:19,160,255,-84,121
IQ:20,168,4,41,182
IQ:21,176,255,135,-23
IQ:22,184,8,-80,-63
IQ:23,192,255,-70,97
IQ:24,200,7,100,35
IQ:25,208,255,52,-126
IQ:26,216,6,-111,-74
IQ:27,224,255,-34,131
IQ:28,232,5,224,41
IQ:29,240,255,58,-221
IQ:30,248,12,-151,-88
IQ:31,256,255,-61,134
IQ:32,264,1,138,44
IQ:33,272,255,33,-132
IQ:34,280,2,-76,-42
IQ:35,288,255,20,78
SW:2
RR:3
SS:3
FR:2426
ME:7
MA:114
KE:2
KA:38
DF_END

Data arrived...
DF_BEGIN
IQ:0,0,11,-166,-9
IQ:1,8,11,4,154
IQ:2,16,11,154,-27
IQ:3,24,11,-36,-162
IQ:4,32,11,-154,44
IQ:5,40,11,64,142
IQ:6,48,11,140,-92
IQ:7,56,11,-92,-146
IQ:8,72,12,27,184
IQ:9,80,255,184,-12
IQ:10,88,1,59,-139
IQ:11,96,255,-111,-19
IQ:12,104,2,17,136
IQ:13,112,255,70,-11
IQ:14,120,10,-147,19
IQ:15,128,255,-16,186
IQ:16,136,3,136,184
IQ:17,144,255,144,-50
IQ:18,152,9,-17,19
IQ:19,160,255,82,87
IQ:20,168,4,270,-13
IQ:21,176,255,62,-198
IQ:22,184,8,-31,22
IQ:23,192,255,48,43
IQ:24,200,7,12,-68
IQ:25,208,255,-107,-55
IQ:26,216,6,-100,50
IQ:27,224,255,100,49
IQ:28,232,5,88,-196
IQ:29,240,255,-202,-104
IQ:30,248,12,-145,134
IQ:31,256,255,107,157
IQ:32,264,1,139,-44
IQ:33,272,255,-55,-97
IQ:34,280,2,-104,84
IQ:35,288,255,58,44
SW:2
RR:3
SS:3
FR:2402
ME:10
MA:136
KE:3
KA:54
DF_END

Data arrived...
DF_BEGIN
IQ:0,0,11,-90,116
IQ:1,8,11,128,78
IQ:2,16,11,63,-133
IQ:3,24,11,-138,-46
IQ:4,32,11,-27,148
IQ:5,40,11,143,6
IQ:6,48,11,-2,-147
IQ:7,56,11,-145,24
IQ:8,72,12,110,-5
IQ:9,80,255,-16,-109
IQ:10,88,1,-107,24
IQ:11,96,255,34,105
IQ:12,104,2,87,-36
IQ:13,112,255,-59,-71
IQ:14,120,10,-110,127
IQ:15,128,255,114,110
IQ:16,136,3,98,-77
IQ:17,144,255,-60,-55
IQ:18,152,9,18,127
IQ:19,160,255,155,3
IQ:20,168,4,64,-134
IQ:21,176,255,-112,-50
IQ:22,184,8,10,107
IQ:23,192,255,108,-26
IQ:24,200,7,-52,-92
IQ:25,208,255,-109,65
IQ:26,216,6,34,109
IQ:27,224,255,101,-53
IQ:28,232,5,-80,-130
IQ:29,240,255,-126,64
IQ:30,248,12,67,85
IQ:31,256,255,81,-75
IQ:32,264,1,-79,-73
IQ:33,272,255,-69,87
IQ:34,280,2,78,58
IQ:35,288,255,16,-94
SW:2
RR:3
SS:3
FR:2480
ME:359
MA:353
KE:2
KA:42
DF_END

Data arrived...
DF_BEGIN
IQ:0,0,11,44,-162
IQ:1,8,11,-166,-23
IQ:2,16,11,-13,163
IQ:3,24,11,163,-15
IQ:4,32,11,-20,-169
IQ:5,40,11,-165,30
IQ:6,48,11,35,161
IQ:7,56,11,148,-64
IQ:8,72,12,-170,65
IQ:9,80,255,55,142
IQ:10,88,1,126,-70
IQ:11,96,255,-75,-120
IQ:12,104,2,-90,30
IQ:13,112,255,58,31
IQ:14,120,10,5,-179
IQ:15,128,255,-200,-35
IQ:16,136,3,-106,160
IQ:17,144,255,88,73
IQ:18,152,9,-71,-41
IQ:19,160,255,-111,99
IQ:20,168,4,15,193
IQ:21,176,255,146,-5
IQ:22,184,8,-68,-77
IQ:23,192,255,-86,88
IQ:24,200,7,91,71
IQ:25,208,255,73,-122
IQ:26,216,6,-98,-106
IQ:27,224,255,-56,128
IQ:28,232,5,219,85
IQ:29,240,255,98,-207
IQ:30,248,12,-143,-106
IQ:31,256,255,-82,131
IQ:32,264,1,133,46
IQ:33,272,255,53,-137
IQ:34,280,2,-78,-52
IQ:35,288,255,1,85
SW:2
RR:3
SS:3
FR:2426
ME:356
MA:353
KE:2
KA:32
DF_END

Data arrived...
DF_BEGIN
IQ:0,0,11,-2,159
IQ:1,8,11,154,-17
IQ:2,16,11,-41,-156
IQ:3,24,11,-154,61
IQ:4,32,11,63,153
IQ:5,40,11,149,-76
IQ:6,48,11,-94,-132
IQ:7,56,11,-131,109
IQ:8,72,12,152,-92
IQ:9,80,255,-99,-112
IQ:10,88,1,-95,116
IQ:11,96,255,112,102
IQ:12,104,2,64,-66
IQ:13,112,255,-76,-11
IQ:14,120,10,51,174
IQ:15,128,255,202,-27
IQ:16,136,3,86,-184
IQ:17,144,255,-96,-57
IQ:18,152,9,85,16
IQ:19,160,255,85,-125
IQ:20,168,4,-68,-187
IQ:21,176,255,-144,37
IQ:22,184,8,88,46
IQ:23,192,255,57,-108
IQ:24,200,7,-115,-32
IQ:25,208,255,-21,134
IQ:26,216,6,122,76
IQ:27,224,255,32,-139
IQ:28,232,5,-232,-29
IQ:29,240,255,-42,228
IQ:30,248,12,160,64
IQ:31,256,255,32,-151
IQ:32,264,1,-149,-17
IQ:33,272,255,-22,142
IQ:34,280,2,90,24
IQ:35,288,255,-25,-77
SW:2
RR:3
SS:3
FR:2426
ME:356
MA:353
KE:1
KA:24
DF_END

Data arrived...
DF_BEGIN
IQ:0,0,11,73,-154
IQ:1,8,11,-147,-62
IQ:2,16,11,-46,154
IQ:3,24,11,155,28
IQ:4,32,11,26,-163
IQ:5,40,11,-158,-8
IQ:6,48,11,6,166
IQ:7,56,11,156,-25
IQ:8,72,12,-180,-64
IQ:9,80,255,-84,156
IQ:10,88,1,86,100
IQ:11,96,255,54,-83
IQ:12,104,2,-117,-46
IQ:13,112,255,-17,51
IQ:14,120,10,43,-141
IQ:15,128,255,-158,-105
IQ:16,136,3,-212,44
IQ:17,144,255,2,146
IQ:18,152,9,-20,-16
IQ:19,160,255,-103,33
IQ:20,168,4,-119,231
IQ:21,176,255,130,130
IQ:22,184,8,-17,-35
IQ:23,192,255,-56,19
IQ:24,200,7,64,48
IQ:25,208,255,84,-66
IQ:26,216,6,-7,-103
IQ:27,224,255,-83,54
IQ:28,232,5,124,162
IQ:29,240,255,180,-100
IQ:30,248,12,-42,-185
IQ:31,256,255,-180,8
IQ:32,264,1,-40,129
IQ:33,272,255,99,12
IQ:34,280,2,-24,-114
IQ:35,288,255,-46,24
SW:2
RR:3
SS:3
FR:2402
ME:13
MA:139
KE:2
KA:37
DF_END

Data arrived...
DF_BEGIN
IQ:0,0,11,182,-53
IQ:1,8,11,-75,-181
IQ:2,16,11,-160,96
IQ:3,24,11,114,160
IQ:4,32,11,147,-128
IQ:5,40,11,-134,-137
IQ:6,48,11,-115,152
IQ:7,56,11,168,102
IQ:8,72,12,-119,-90
IQ:9,80,255,-76,137
IQ:10,88,1,137,87
IQ:11,96,255,69,-140
IQ:12,104,2,-134,-46
IQ:13,112,255,3,128
IQ:14,120,10,221,-47
IQ:15,128,255,-34,-220
IQ:16,136,3,-175,-12
IQ:17,144,255,17,107
IQ:18,152,9,74,-160
IQ:19,160,255,-166,-142
IQ:20,168,4,-190,89
IQ:21,176,255,82,150
IQ:22,184,8,73,-136
IQ:23,192,255,-130,-89
IQ:24,200,7,-53,135
IQ:25,208,255,154,45
IQ:26,216,6,46,-138
IQ:27,224,255,-164,-14
IQ:28,232,5,-35,217
IQ:29,240,255,195,29
IQ:30,248,12,13,-150
IQ:31,256,255,-151,6
IQ:32,264,1,20,159
IQ:33,272,255,151,-29
IQ:34,280,2,-36,-138
IQ:35,288,255,-109,68
SW:2
RR:3
SS:3
FR:2480
ME:359
MA:353
KE:2
KA:28
DF_END

Data arrived...
DF_BEGIN
IQ:0,0,11,67,165
IQ:1,8,11,162,-81
IQ:2,16,11,-84,-160
IQ:3,24,11,-146,93
IQ:4,32,11,123,128
IQ:5,40,11,119,-126
IQ:6,48,11,-143,-105
IQ:7,56,11,-81,160
IQ:8,72,12,206,-83
IQ:9,80,255,-59,-204
IQ:10,88,1,-170,-50
IQ:11,96,255,-8,124
IQ:12,104,2,145,-25
IQ:13,112,255,-2,-64
IQ:14,120,10,92,144
IQ:15,128,255,206,-44
IQ:16,136,3,129,-215
IQ:17,144,255,-108,-146
IQ:18,152,9,15,-20
IQ:19,160,255,38,-112
IQ:20,168,4,-85,-286
IQ:21,176,255,-223,-20
IQ:22,184,8,19,-6
IQ:23,192,255,11,-47
IQ:24,200,7,-71,34
IQ:25,208,255,-6,101
IQ:26,216,6,60,87
IQ:27,224,255,14,-100
IQ:28,232,5,-226,-17
IQ:29,240,255,-57,235
IQ:30,248,12,181,139
IQ:31,256,255,141,-159
IQ:32,264,1,-74,-152
IQ:33,272,255,-103,61
IQ:34,280,2,110,108
IQ:35,288,255,36,-50
SW:2
RR:3
SS:3
FR:2402
ME:16
MA:128
KE:3
KA:44
DF_END

Data arrived...
DF_BEGIN
IQ:0,0,11,48,-137
IQ:1,8,11,-143,-29
IQ:2,16,11,-16,138
IQ:3,24,11,139,-8
IQ:4,32,11,-25,-146
IQ:5,40,11,-145,37
IQ:6,48,11,44,137
IQ:7,56,11,132,-57
IQ:8,72,12,-112,31
IQ:9,80,255,50,101
IQ:10,88,1,109,-48
IQ:11,96,255,-58,-99
IQ:12,104,2,-80,72
IQ:13,112,255,81,45
IQ:14,120,10,44,-158
IQ:15,128,255,-154,-55
IQ:16,136,3,-70,111
IQ:17,144,255,74,31
IQ:18,152,9,-69,-118
IQ:19,160,255,-154,54
IQ:20,168,4,-13,150
IQ:21,176,255,124,-3
IQ:22,184,8,-49,-104
IQ:23,192,255,-103,55
IQ:24,200,7,73,87
IQ:25,208,255,86,-88
IQ:26,216,6,-80,-79
IQ:27,224,255,-82,99
IQ:28,232,5,117,113
IQ:29,240,255,101,-106
IQ:30,248,12,-94,-57
IQ:31,256,255,-50,102
IQ:32,264,1,107,46
IQ:33,272,255,35,-116
IQ:34,280,2,-98,-26
IQ:35,288,255,16,99
SW:2
RR:3
SS:3
FR:2480
ME:359
MA:353
KE:3
KA:33
DF_END

Data arrived...
DF_BEGIN
IQ:0,0,11,50,-185
IQ:1,8,11,-196,-33
IQ:2,16,11,-18,192
IQ:3,24,11,191,-19
IQ:4,32,11,-24,-195
IQ:5,40,11,-181,51
IQ:6,48,11,64,183
IQ:7,56,11,170,-88
IQ:8,72,12,-146,45
IQ:9,80,255,72,143
IQ:10,88,1,144,-58
IQ:11,96,255,-87,-126
IQ:12,104,2,-115,86
IQ:13,112,255,106,70
IQ:14,120,10,74,-204
IQ:15,128,255,-203,-84
IQ:16,136,3,-101,141
IQ:17,144,255,96,55
IQ:18,152,9,-86,-146
IQ:19,160,255,-203,81
IQ:20,168,4,-17,200
IQ:21,176,255,169,3
IQ:22,184,8,-72,-129
IQ:23,192,255,-140,76
IQ:24,200,7,86,117
IQ:25,208,255,124,-102
IQ:26,216,6,-93,-125
IQ:27,224,255,-113,122
IQ:28,232,5,153,149
IQ:29,240,255,132,-141
IQ:30,248,12,-119,-83
IQ:31,256,255,-84,131
IQ:32,264,1,135,72
IQ:33,272,255,65,-137
IQ:34,280,2,-131,-40
IQ:35,288,255,4,129
SW:2
RR:3
SS:3
FR:2480
ME:359
MA:353
KE:3
KA:25
DF_END

Data arrived...
DF_BEGIN
IQ:0,0,11,174,-28
IQ:1,8,11,-51,-168
IQ:2,16,11,-157,71
IQ:3,24,11,90,160
IQ:4,32,11,146,-94
IQ:5,40,11,-115,-139
IQ:6,48,11,-123,123
IQ:7,56,11,137,108
IQ:8,72,12,-131,-137
IQ:9,80,255,-109,129
IQ:10,88,1,135,73
IQ:11,96,255,70,-142
IQ:12,104,2,-86,-64
IQ:13,112,255,-5,81
IQ:14,120,10,172,-84
IQ:15,128,255,-66,-208
IQ:16,136,3,-202,-22
IQ:17,144,255,-23,125
IQ:18,152,9,11,-84
IQ:19,160,255,-138,-57
IQ:20,168,4,-178,105
IQ:21,176,255,85,142
IQ:22,184,8,42,-96
IQ:23,192,255,-129,-33
IQ:24,200,7,-29,138
IQ:25,208,255,154,27
IQ:26,216,6,44,-146
IQ:27,224,255,-152,4
IQ:28,232,5,29,240
IQ:29,240,255,246,-3
IQ:30,248,12,45,-190
IQ:31,256,255,-172,-19
IQ:32,264,1,19,155
IQ:33,272,255,160,-19
IQ:34,280,2,6,-106
IQ:35,288,255,-97,44
SW:2
RR:3
SS:3
FR:2426
ME:356
MA:353
KE:2
KA:19
DF_END

Data arrived...
DF_BEGIN
IQ:0,0,11,-217,36
IQ:1,8,11,59,206
IQ:2,16,11,204,-85
IQ:3,24,11,-102,-196
IQ:4,32,11,-198,103
IQ:5,40,11,121,178
IQ:6,48,11,163,-150
IQ:7,56,11,-165,-155
IQ:8,72,12,77,266
IQ:9,80,255,266,-46
IQ:10,88,1,65,-219
IQ:11,96,255,-178,-28
IQ:12,104,2,23,208
IQ:13,112,255,94,-6
IQ:14,120,10,-176,77
IQ:15,128,255,2,273
IQ:16,136,3,226,226
IQ:17,144,255,200,-103
IQ:18,152,9,11,2
IQ:19,160,255,117,78
IQ:20,168,4,367,-80
IQ:21,176,255,12,-281
IQ:22,184,8,-7,21
IQ:23,192,255,55,24
IQ:24,200,7,-24,-81
IQ:25,208,255,-132,-21
IQ:26,216,6,-115,71
IQ:27,224,255,119,39
IQ:28,232,5,67,-267
IQ:29,240,255,-270,-98
IQ:30,248,12,-182,221
IQ:31,256,255,183,204
IQ:32,264,1,225,-59
IQ:33,272,255,-82,-149
IQ:34,280,2,-155,140
IQ:35,288,255,53,72
SW:2
RR:3
SS:3
FR:2402
ME:13
MA:136
KE:3
KA:31
DF_END

Data arrived...
DF_BEGIN
IQ:0,0,11,-25,188
IQ:1,8,11,176,7
IQ:2,16,11,-14,-177
IQ:3,24,11,-186,33
IQ:4,32,11,43,177
IQ:5,40,11,179,-59
IQ:6,48,11,-69,-163
IQ:7,56,11,-148,97
IQ:8,72,12,235,0
IQ:9,80,255,25,-234
IQ:10,88,1,-176,-87
IQ:11,96,255,-42,148
IQ:12,104,2,179,26
IQ:13,112,255,7,-97
IQ:14,120,10,23,165
IQ:15,128,255,214,59
IQ:16,136,3,231,-163
IQ:17,144,255,-47,-194
IQ:18,152,9,1,-3
IQ:19,160,255,96,-64
IQ:20,168,4,36,-308
IQ:21,176,255,-219,-89
IQ:22,184,8,16,17
IQ:23,192,255,43,-31
IQ:24,200,7,-66,-8
IQ:25,208,255,-51,101
IQ:26,216,6,35,120
IQ:27,224,255,63,-83
IQ:28,232,5,-214,-131
IQ:29,240,255,-159,185
IQ:30,248,12,139,196
IQ:31,256,255,207,-112
IQ:32,264,1,-7,-202
IQ:33,272,255,-140,33
IQ:34,280,2,89,155
IQ:35,288,255,81,-43
SW:2
RR:3
SS:3
FR:2402
ME:13
MA:131
KE:4
KA:46
DF_END

Data arrived...
DF_BEGIN
IQ:0,0,11,144,13
IQ:1,8,11,-11,-145
IQ:2,16,11,-145,22
IQ:3,24,11,38,138
IQ:4,32,11,128,-68
IQ:5,40,11,-80,-133
IQ:6,48,11,-121,73
IQ:7,56,11,92,113
IQ:8,72,12,-62,-94
IQ:9,80,255,-81,84
IQ:10,88,1,80,86
IQ:11,96,255,74,-80
IQ:12,104,2,-86,-60
IQ:13,112,255,-27,94
IQ:14,120,10,159,19
IQ:15,128,255,31,-156
IQ:16,136,3,-120,-46
IQ:17,144,255,-5,86
IQ:18,152,9,92,-95
IQ:19,160,255,-100,-133
IQ:20,168,4,-150,39
IQ:21,176,255,35,123
IQ:22,184,8,83,-75
IQ:23,192,255,-83,-86
IQ:24,200,7,-62,98
IQ:25,208,255,102,68
IQ:26,216,6,64,-90
IQ:27,224,255,-119,-40
IQ:28,232,5,-63,146
IQ:29,240,255,133,69
IQ:30,248,12,39,-105
IQ:31,256,255,-117,-21
IQ:32,264,1,-20,119
IQ:33,272,255,111,10
IQ:34,280,2,-6,-97
IQ:35,288,255,-87,36
SW:2
RR:3
SS:3
FR:2480
ME:359
MA:353
KE:3
KA:35
DF_END

Data arrived...
DF_BEGIN
IQ:0,0,11,-123,-180
IQ:1,8,11,-127,62
IQ:2,16,11,139,117
IQ:3,24,11,33,-135
IQ:4,32,11,-170,-82
IQ:5,40,11,-37,145
IQ:6,48,11,163,93
IQ:7,56,11,28,-171
IQ:8,72,12,-51,189
IQ:9,80,255,200,51
IQ:10,88,1,-32,-165
IQ:11,96,255,-163,21
IQ:12,104,2,5,31
IQ:13,112,255,19,-38
IQ:14,120,10,-151,-64
IQ:15,128,255,-141,163
IQ:16,136,3,87,175
IQ:17,144,255,126,-34
IQ:18,152,9,-89,10
IQ:19,160,255,-28,139
IQ:20,168,4,232,75
IQ:21,176,255,54,-113
IQ:22,184,8,-58,-33
IQ:23,192,255,49,136
IQ:24,200,7,76,-42
IQ:25,208,255,-9,-167
IQ:26,216,6,-154,14
IQ:27,224,255,59,144
IQ:28,232,5,172,-134
IQ:29,240,255,-111,-222
IQ:30,248,12,-204,41
IQ:31,256,255,81,148
IQ:32,264,1,167,-107
IQ:33,272,255,-136,-122
IQ:34,280,2,-89,30
IQ:35,288,255,75,44
SW:2
RR:3
SS:3
FR:2426
ME:356
MA:353
KE:3
KA:25
DF_END

Data arrived...
DF_BEGIN
IQ:0,0,11,-142,-72
IQ:1,8,11,-60,146
IQ:2,16,11,159,43
IQ:3,24,11,34,-159
IQ:4,32,11,-161,-16
IQ:5,40,11,11,157
IQ:6,48,11,165,-21
IQ:7,56,11,-27,-174
IQ:8,72,12,-57,184
IQ:9,80,255,183,60
IQ:10,88,1,105,-101
IQ:11,96,255,-99,-63
IQ:12,104,2,-57,128
IQ:13,112,255,59,30
IQ:14,120,10,-143,-50
IQ:15,128,255,-118,154
IQ:16,136,3,45,220
IQ:17,144,255,158,0
IQ:18,152,9,-24,6
IQ:19,160,255,38,108
IQ:20,168,4,245,112
IQ:21,176,255,143,-133
IQ:22,184,8,-37,15
IQ:23,192,255,22,60
IQ:24,200,7,29,-63
IQ:25,208,255,-75,-72
IQ:26,216,6,-107,9
IQ:27,224,255,49,87
IQ:28,232,5,163,-122
IQ:29,240,255,-113,-179
IQ:30,248,12,-187,64
IQ:31,256,255,42,187
IQ:32,264,1,139,40
IQ:33,272,255,5,-106
IQ:34,280,2,-137,13
IQ:35,288,255,19,57
SW:2
RR:3
SS:3
FR:2402
ME:10
MA:133
KE:3
KA:39
DF_END

Data arrived...
DF_BEGIN
IQ:0,0,11,81,-179
IQ:1,8,11,-192,-70
IQ:2,16,11,-58,183
IQ:3,24,11,196,27
IQ:4,32,11,10,-199
IQ:5,40,11,-202,12
IQ:6,48,11,38,195
IQ:7,56,11,195,-58
IQ:8,72,12,-155,30
IQ:9,80,255,58,150
IQ:10,88,1,151,-59
IQ:11,96,255,-63,-138
IQ:12,104,2,-104,84
IQ:13,112,255,120,71
IQ:14,120,10,118,-203
IQ:15,128,255,-177,-141
IQ:16,136,3,-115,119
IQ:17,144,255,102,52
IQ:18,152,9,-62,-177
IQ:19,160,255,-225,32
IQ:20,168,4,-64,195
IQ:21,176,255,166,24
IQ:22,184,8,-51,-154
IQ:23,192,255,-157,50
IQ:24,200,7,70,137
IQ:25,208,255,148,-86
IQ:26,216,6,-69,-137
IQ:27,224,255,-129,110
IQ:28,232,5,138,163
IQ:29,240,255,151,-126
IQ:30,248,12,-115,-102
IQ:31,256,255,-107,122
IQ:32,264,1,129,93
IQ:33,272,255,68,-141
IQ:34,280,2,-127,-54
IQ:35,288,255,-6,137
SW:2
RR:3
SS:3
FR:2480
ME:359
MA:353
KE:3
KA:29
DF_END

Data arrived...
DF_BEGIN
IQ:0,0,11,7,-167
IQ:1,8,11,-171,6
IQ:2,16,11,17,174
IQ:3,24,11,160,-38
IQ:4,32,11,-55,-159
IQ:5,40,11,-151,75
IQ:6,48,11,90,136
IQ:7,56,11,134,-106
IQ:8,72,12,-167,97
IQ:9,80,255,98,126
IQ:10,88,1,115,-120
IQ:11,96,255,-125,-105
IQ:12,104,2,-79,67
IQ:13,112,255,78,20
IQ:14,120,10,-34,-174
IQ:15,128,255,-207,18
IQ:16,136,3,-63,182
IQ:17,144,255,115,52
IQ:18,152,9,-80,-29
IQ:19,160,255,-89,127
IQ:20,168,4,75,194
IQ:21,176,255,157,-52
IQ:22,184,8,-76,-54
IQ:23,192,255,-56,108
IQ:24,200,7,122,64
IQ:25,208,255,80,-133
IQ:26,216,6,-120,-85
IQ:27,224,255,-28,146
IQ:28,232,5,236,22
IQ:29,240,255,43,-240
IQ:30,248,12,-170,-81
IQ:31,256,255,-51,161
IQ:32,264,1,164,19
IQ:33,272,255,19,-160
IQ:34,280,2,-102,-26
IQ:35,288,255,31,90
SW:2
RR:3
SS:3
FR:2426
ME:356
MA:353
KE:2
KA:22
DF_END

Data arrived...
DF_BEGIN
IQ:0,0,11,-139,-69
IQ:1,8,11,-62,145
IQ:2,16,11,149,53
IQ:3,24,11,32,-157
IQ:4,32,11,-158,-28
IQ:5,40,11,-13,160
IQ:6,48,11,158,3
IQ:7,56,11,-17,-161
IQ:8,72,12,-58,194
IQ:9,80,255,186,68
IQ:10,88,1,104,-103
IQ:11,96,255,-111,-71
IQ:12,104,2,-64,121
IQ:13,112,255,59,30
IQ:14,120,10,-129,-56
IQ:15,128,255,-112,146
IQ:16,136,3,63,219
IQ:17,144,255,161,11
IQ:18,152,9,-16,-17
IQ:19,160,255,12,96
IQ:20,168,4,225,102
IQ:21,176,255,138,-146
IQ:22,184,8,-41,-4
IQ:23,192,255,3,47
IQ:24,200,7,29,-49
IQ:25,208,255,-67,-78
IQ:26,216,6,-108,-6
IQ:27,224,255,50,82
IQ:28,232,5,153,-114
IQ:29,240,255,-108,-171
IQ:30,248,12,-192,78
IQ:31,256,255,31,197
IQ:32,264,1,140,27
IQ:33,272,255,-3,-115
IQ:34,280,2,-145,20
IQ:35,288,255,21,66
SW:2
RR:3
SS:3
FR:2402
ME:7
MA:150
KE:3
KA:34
DF_END

Data arrived...