FR:2402
ME:356
MA:353
KE:357
KA:0
DF_END

Data arrived...
DF_BEGIN
IQ:0,0,11,110,144
IQ:1,8,11,126,-123
IQ:2,16,11,-132,-118
IQ:3,24,11,-93,148
IQ:4,32,11,155,89
IQ:5,40,11,65,-166
IQ:6,48,11,-175,-42
IQ:7,56,11,-42,172
IQ:8,72,12,48,-125
IQ:9,80,255,-135,-34
IQ:10,88,1,-67,138
IQ:11,96,255,132,39
IQ:12,104,2,0,-127
IQ:13,112,255,-118,37
IQ:14,120,10,105,186
IQ:15,128,255,203,-64
IQ:16,136,3,-9,-154
IQ:17,144,255,-99,26
IQ:18,152,9,147,32
IQ:19,160,255,62,-182
IQ:20,168,4,-123,-154
IQ:21,176,255,-118,108
IQ:22,184,8,119,58
IQ:23,192,255,36,-130
IQ:24,200,7,-136,-12
IQ:25,208,255,-10,151
IQ:26,216,6,136,35
IQ:27,224,255,-4,-154
IQ:28,232,5,-188,-2
IQ:29,240,255,-11,181
IQ:30,248,12,131,-11
IQ:31,256,255,-37,-137
IQ:32,264,1,-146,36
IQ:33,272,255,40,135
IQ:34,280,2,122,-42
IQ:35,288,255,-75,-89
SW:2
RR:3
SS:3
FR:2480
ME:359
MA:353
KE:357
KA:358
DF_END

Data arrived...
DF_BEGIN
IQ:0,0,11,164,-69
IQ:1,8,11,-89,-158
IQ:2,16,11,-144,95
IQ:3,24,11,116,129
IQ:4,32,11,121,-140
IQ:5,40,11,-135,-109
IQ:6,48,11,-73,159
IQ:7,56,11,162,67
IQ:8,72,12,-108,-81
IQ:9,80,255,-56,128
IQ:10,88,1,136,80
IQ:11,96,255,63,-128
IQ:12,104,2,-127,-38
IQ:13,112,255,-2,116
IQ:14,120,10,200,-59
IQ:15,128,255,-36,-211
IQ:16,136,3,-164,-19
IQ:17,144,255,1,108
IQ:18,152,9,67,-137
IQ:19,160,255,-168,-105
IQ:20,168,4,-170,91
IQ:21,176,255,83,139
IQ:22,184,8,76,-108
IQ:23,192,255,-123,-62
IQ:24,200,7,-42,133
IQ:25,208,255,151,57
IQ:26,216,6,56,-132
IQ:27,224,255,-144,-23
IQ:28,232,5,-21,188
IQ:29,240,255,186,32
IQ:30,248,12,14,-128
IQ:31,256,255,-147,6
IQ:32,264,1,-12,149
IQ:33,272,255,144,-19
IQ:34,280,2,-28,-132
IQ:35,288,255,-102,61
SW:2
RR:3
SS:3
FR:2480
ME:359
MA:353
KE:357
KA:357
DF_END

Data arrived...
DF_BEGIN
IQ:0,0,11,88,-140
IQ:1,8,11,-157,-67
IQ:2,16,11,-47,163
IQ:3,24,11,167,35
IQ:4,32,11,33,-173
IQ:5,40,11,-167,-18
IQ:6,48,11,5,173
IQ:7,56,11,164,-12
IQ:8,72,12,-159,-20
IQ:9,80,255,7,149
IQ:10,88,1,145,-21
IQ:11,96,255,-34,-143
IQ:12,104,2,-102,1
IQ:13,112,255,38,53
IQ:14,120,10,84,-176
IQ:15,128,255,-178,-120
IQ:16,136,3,-175,101
IQ:17,144,255,54,100
IQ:18,152,9,-64,-87
IQ:19,160,255,-163,49
IQ:20,168,4,-77,194
IQ:21,176,255,144,67
IQ:22,184,8,-41,-99
IQ:23,192,255,-118,43
IQ:24,200,7,49,106
IQ:25,208,255,113,-80
IQ:26,216,6,-47,-133
IQ:27,224,255,-116,94
IQ:28,232,5,154,186
IQ:29,240,255,202,-117
IQ:30,248,12,-57,-154
IQ:31,256,255,-132,76
IQ:32,264,1,87,118
IQ:33,272,255,119,-80
IQ:34,280,2,-42,-92
IQ:35,288,255,-44,66
SW:2
RR:3
SS:3
FR:2426
ME:353
MA:353
KE:356
KA:356
DF_END

Data arrived...
DF_BEGIN
IQ:0,0,11,-183,36
IQ:1,8,11,64,175
IQ:2,16,11,169,-71
IQ:3,24,11,-77,-164
IQ:4,32,11,-154,95
IQ:5,40,11,101,151
IQ:6,48,11,145,-110
IQ:7,56,11,-128,-127
IQ:8,72,12,68,215
IQ:9,80,255,201,-54
IQ:10,88,1,-7,-164
IQ:11,96,255,-124,39
IQ:12,104,2,79,139
IQ:13,112,255,93,-43
IQ:14,120,10,-157,28
IQ:15,128,255,-19,210
IQ:16,136,3,202,152
IQ:17,144,255,137,-132
IQ:18,152,9,-38,-10
IQ:19,160,255,63,91
IQ:20,168,4,271,-51
IQ:21,176,255,-7,-226
IQ:22,184,8,-59,13
IQ:23,192,255,57,54
IQ:24,200,7,46,-95
IQ:25,208,255,-126,-71
IQ:26,216,6,-105,79
IQ:27,224,255,109,57
IQ:28,232,5,70,-205
IQ:29,240,255,-205,-93
IQ:30,248,12,-126,176
IQ:31,256,255,152,141
IQ:32,264,1,157,-66
IQ:33,272,255,-89,-98
IQ:34,280,2,-107,134
IQ:35,288,255,84,42
SW:2
RR:3
SS:3
FR:2402
ME:356
MA:353
KE:356
KA:355
DF_END

Data arrived...
DF_BEGIN
IQ:0,0,11,-11,-145
IQ:1,8,11,-142,28
IQ:2,16,11,39,141
IQ:3,24,11,132,-56
IQ:4,32,11,-72,-130
IQ:5,40,11,-121,83
IQ:6,48,11,86,122
IQ:7,56,11,104,-96
IQ:8,72,12,-161,71
IQ:9,80,255,52,159
IQ:10,88,1,122,7
IQ:11,96,255,-23,-103
IQ:12,104,2,-123,46
IQ:13,112,255,32,67
IQ:14,120,10,-24,-123
IQ:15,128,255,-167,4
IQ:16,136,3,-114,160
IQ:17,144,255,91,111
IQ:18,152,9,0,-34
IQ:19,160,255,-81,55
IQ:20,168,4,27,210
IQ:21,176,255,172,2
IQ:22,184,8,-17,-47
IQ:23,192,255,-44,45
IQ:24,200,7,84,42
IQ:25,208,255,65,-91
IQ:26,216,6,-62,-89
IQ:27,224,255,-59,81
IQ:28,232,5,159,56
IQ:29,240,255,75,-157
IQ:30,248,12,-141,-100
IQ:31,256,255,-119,122
IQ:32,264,1,64,106
IQ:33,272,255,66,-71
IQ:34,280,2,-94,-87
IQ:35,288,255,-37,71
SW:2
RR:3
SS:3
FR:2402
ME:356
MA:353
KE:356
KA:355
DF_END

Data arrived...
DF_BEGIN
IQ:0,0,11,-45,-129
IQ:1,8,11,-130,47
IQ:2,16,11,55,123
IQ:3,24,11,112,-73
IQ:4,32,11,-86,-104
IQ:5,40,11,-97,93
IQ:6,48,11,108,80
IQ:7,56,11,76,-115
IQ:8,72,12,-71,70
IQ:9,80,255,91,57
IQ:10,88,1,74,-90
IQ:11,96,255,-95,-63
IQ:12,104,2,-53,89
IQ:13,112,255,86,8
IQ:14,120,10,-30,-155
IQ:15,128,255,-160,6
IQ:16,136,3,-34,123
IQ:17,144,255,78,8
IQ:18,152,9,-95,-66
IQ:19,160,255,-101,111
IQ:20,168,4,48,137
IQ:21,176,255,118,-38
IQ:22,184,8,-72,-71
IQ:23,192,255,-68,84
IQ:24,200,7,99,55
IQ:25,208,255,57,-105
IQ:26,216,6,-93,-54
IQ:27,224,255,-35,111
IQ:28,232,5,139,51
IQ:29,240,255,63,-127
IQ:30,248,12,-93,-39
IQ:31,256,255,-12,105
IQ:32,264,1,108,5
IQ:33,272,255,1,-115
IQ:34,280,2,-103,-7
IQ:35,288,255,25,87
SW:2
RR:3
SS:3
FR:2480
ME:359
MA:353
KE:356
KA:354
DF_END

Data arrived...
DF_BEGIN
IQ:0,0,11,100,-135
IQ:1,8,11,-146,-93
IQ:2,16,11,-84,155
IQ:3,24,11,151,81
IQ:4,32,11,58,-164
IQ:5,40,11,-176,-46
IQ:6,48,11,-42,169
IQ:7,56,11,170,6
IQ:8,72,12,-158,-55
IQ:9,80,255,-18,158
IQ:10,88,1,148,-12
IQ:11,96,255,-13,-153
IQ:12,104,2,-103,-17
IQ:13,112,255,31,64
IQ:14,120,10,102,-162
IQ:15,128,255,-170,-138
IQ:16,136,3,-192,78
IQ:17,144,255,32,113
IQ:18,152,9,-52,-100
IQ:19,160,255,-170,36
IQ:20,168,4,-98,196
IQ:21,176,255,137,94
IQ:22,184,8,-35,-106
IQ:23,192,255,-129,27
IQ:24,200,7,28,114
IQ:25,208,255,131,-46
IQ:26,216,6,-13,-148
IQ:27,224,255,-145,69
IQ:28,232,5,115,223
IQ:29,240,255,220,-99
IQ:30,248,12,-52,-161
IQ:31,256,255,-146,71
IQ:32,264,1,66,136
IQ:33,272,255,130,-71
IQ:34,280,2,-30,-100
IQ:35,288,255,-58,68
SW:2
RR:3
SS:3
FR:2426
ME:356
MA:353
KE:356
KA:354
DF_END

Data arrived...
DF_BEGIN
IQ:0,0,11,-11,178
IQ:1,8,11,175,-19
IQ:2,16,11,-28,-178
IQ:3,24,11,-175,44
IQ:4,32,11,61,172
IQ:5,40,11,164,-77
IQ:6,48,11,-84,-154
IQ:7,56,11,-146,98
IQ:8,72,12,204,-48
IQ:9,80,255,-34,-201
IQ:10,88,1,-160,-35
IQ:11,96,255,13,123
IQ:12,104,2,156,-49
IQ:13,112,255,-35,-96
IQ:14,120,10,7,164
IQ:15,128,255,205,38
IQ:16,136,3,175,-177
IQ:17,144,255,-100,-150
IQ:18,152,9,-11,33
IQ:19,160,255,97,-61
IQ:20,168,4,-3,-284
IQ:21,176,255,-218,-57
IQ:22,184,8,3,62
IQ:23,192,255,54,-41
IQ:24,200,7,-99,-59
IQ:25,208,255,-99,104
IQ:26,216,6,54,121
IQ:27,224,255,68,-94
IQ:28,232,5,-199,-91
IQ:29,240,255,-117,195
IQ:30,248,12,142,139
IQ:31,256,255,161,-124
IQ:32,264,1,-46,-158
IQ:33,272,255,-111,69
IQ:34,280,2,97,125
IQ:35,288,255,54,-82
SW:2
RR:3
SS:3
FR:2402
ME:356
MA:353
KE:356
KA:353
DF_END

Data arrived...
DF_BEGIN
IQ:0,0,11,138,119
IQ:1,8,11,110,-144
IQ:2,16,11,-156,-92
IQ:3,24,11,-73,163
IQ:4,32,11,170,50
IQ:5,40,11,46,-179
IQ:6,48,11,-178,-31
IQ:7,56,11,-9,181
IQ:8,72,12,45,-135
IQ:9,80,255,-140,-14
IQ:10,88,1,-6,146
IQ:11,96,255,154,-4
IQ:12,104,2,-8,-134
IQ:13,112,255,-107,46
IQ:14,120,10,140,163
IQ:15,128,255,178,-124
IQ:16,136,3,-56,-161
IQ:17,144,255,-96,45
IQ:18,152,9,155,5
IQ:19,160,255,49,-199
IQ:20,168,4,-141,-135
IQ:21,176,255,-102,129
IQ:22,184,8,137,20
IQ:23,192,255,20,-146
IQ:24,200,7,-142,15
IQ:25,208,255,12,154
IQ:26,216,6,142,2
IQ:27,224,255,-28,-157
IQ:28,232,5,-191,32
IQ:29,240,255,26,182
IQ:30,248,12,135,-29
IQ:31,256,255,-58,-135
IQ:32,264,1,-138,56
IQ:33,272,255,65,133
IQ:34,280,2,121,-63
IQ:35,288,255,-89,-76
SW:2
RR:3
SS:3
FR:2480
ME:359
MA:353
KE:356
KA:353
DF_END

Data arrived...
DF_BEGIN
IQ:0,0,11,11,179
IQ:1,8,11,168,-11
IQ:2,16,11,-32,-173
IQ:3,24,11,-161,64
IQ:4,32,11,79,156
IQ:5,40,11,148,-95
IQ:6,48,11,-107,-147
IQ:7,56,11,-132,110
IQ:8,72,12,136,-111
IQ:9,80,255,-104,-125
IQ:10,88,1,-101,106
IQ:11,96,255,108,96
IQ:12,104,2,78,-65
IQ:13,112,255,-68,-9
IQ:14,120,10,67,182
IQ:15,128,255,224,-36
IQ:16,136,3,68,-193
IQ:17,144,255,-113,-54
IQ:18,152,9,103,44
IQ:19,160,255,110,-143
IQ:20,168,4,-58,-206
IQ:21,176,255,-162,35
IQ:22,184,8,98,58
IQ:23,192,255,60,-116
IQ:24,200,7,-119,-55
IQ:25,208,255,-60,135
IQ:26,216,6,120,74
IQ:27,224,255,32,-158
IQ:28,232,5,-251,-61
IQ:29,240,255,-96,223
IQ:30,248,12,152,75
IQ:31,256,255,50,-151
IQ:32,264,1,-146,-39
IQ:33,272,255,-37,142
IQ:34,280,2,96,44
IQ:35,288,255,-6,-93
SW:2
RR:3
SS:3
FR:2426
ME:356
MA:353
KE:356
KA:353
DF_END

Data arrived...
DF_BEGIN
IQ:0,0,11,126,-125
IQ:1,8,11,-128,-122
IQ:2,16,11,-98,144
IQ:3,24,11,156,89
IQ:4,32,11,75,-158
IQ:5,40,11,-167,-56
IQ:6,48,11,-43,164
IQ:7,56,11,175,19
IQ:8,72,12,-176,-118
IQ:9,80,255,-128,164
IQ:10,88,1,85,143
IQ:11,96,255,92,-101
IQ:12,104,2,-147,-92
IQ:13,112,255,-44,82
IQ:14,120,10,106,-119
IQ:15,128,255,-120,-166
IQ:16,136,3,-246,9
IQ:17,144,255,-34,176
IQ:18,152,9,33,-11
IQ:19,160,255,-107,-29
IQ:20,168,4,-192,202
IQ:21,176,255,117,198
IQ:22,184,8,41,-39
IQ:23,192,255,-74,-12
IQ:24,200,7,18,94
IQ:25,208,255,129,-10
IQ:26,216,6,47,-126
IQ:27,224,255,-109,19
IQ:28,232,5,52,205
IQ:29,240,255,218,-36
IQ:30,248,12,25,-214
IQ:31,256,255,-202,-48
IQ:32,264,1,-77,144
IQ:33,272,255,125,33
IQ:34,280,2,16,-165
IQ:35,288,255,-106,7
SW:2
RR:3
SS:3
FR:2402
ME:356
MA:353
KE:356
KA:353
DF_END

Data arrived...
DF_BEGIN
IQ:0,0,11,-55,-167
IQ:1,8,11,-157,77
IQ:2,16,11,98,153
IQ:3,24,11,134,-100
IQ:4,32,11,-124,-137
IQ:5,40,11,-115,127
IQ:6,48,11,139,114
IQ:7,56,11,91,-148
IQ:8,72,12,-170,136
IQ:9,80,255,110,177
IQ:10,88,1,155,-48
IQ:11,96,255,-61,-124
IQ:12,104,2,-131,101
IQ:13,112,255,64,71
IQ:14,120,10,-77,-146
IQ:15,128,255,-203,26
IQ:16,136,3,-70,228
IQ:17,144,255,163,80
IQ:18,152,9,-4,-35
IQ:19,160,255,-72,92
IQ:20,168,4,111,249
IQ:21,176,255,218,-49
IQ:22,184,8,-30,-54
IQ:23,192,255,-51,61
IQ:24,200,7,98,9
IQ:25,208,255,31,-141
IQ:26,216,6,-96,-87
IQ:27,224,255,-36,118
IQ:28,232,5,215,22
IQ:29,240,255,41,-219
IQ:30,248,12,-196,-97
IQ:31,256,255,-113,176
IQ:32,264,1,104,119
IQ:33,272,255,76,-104
IQ:34,280,2,-150,-66
IQ:35,288,255,-29,96
SW:2
RR:3
SS:3
FR:2402
ME:356
MA:353
KE:356
KA:353
DF_END

Data arrived...
DF_BEGIN
IQ:0,0,11,-58,167
IQ:1,8,11,175,36
IQ:2,16,11,11,-182
IQ:3,24,11,-189,5
IQ:4,32,11,23,179
IQ:5,40,11,170,-44
IQ:6,48,11,-63,-179
IQ:7,56,11,-182,55
IQ:8,72,12,126,-34
IQ:9,80,255,-54,-140
IQ:10,88,1,-154,41
IQ:11,96,255,41,136
IQ:12,104,2,119,-66
IQ:13,112,255,-89,-87
IQ:14,120,10,-107,181
IQ:15,128,255,173,119
IQ:16,136,3,122,-111
IQ:17,144,255,-86,-70
IQ:18,152,9,57,149
IQ:19,160,255,195,-39
IQ:20,168,4,47,-194
IQ:21,176,255,-170,-41
IQ:22,184,8,22,136
IQ:23,192,255,136,-38
IQ:24,200,7,-70,-130
IQ:25,208,255,-147,76
IQ:26,216,6,53,128
IQ:27,224,255,116,-103
IQ:28,232,5,-121,-157
IQ:29,240,255,-163,103
IQ:30,248,12,74,102
IQ:31,256,255,95,-112
IQ:32,264,1,-113,-102
IQ:33,272,255,-95,114
IQ:34,280,2,106,75
IQ:35,288,255,27,-121
SW:2
RR:3
SS:3
FR:2480
ME:359
MA:353
KE:356
KA:353
DF_END

Data arrived...
DF_BEGIN
IQ:0,0,11,-169,3
IQ:1,8,11,33,170
IQ:2,16,11,175,-42
IQ:3,24,11,-41,-173
IQ:4,32,11,-158,63
IQ:5,40,11,83,157
IQ:6,48,11,144,-92
IQ:7,56,11,-119,-126
IQ:8,72,12,94,139
IQ:9,80,255,115,-99
IQ:10,88,1,-100,-103
IQ:11,96,255,-90,108
IQ:12,104,2,62,74
IQ:13,112,255,14,-70
IQ:14,120,10,-200,39
IQ:15,128,255,11,226
IQ:16,136,3,184,82
IQ:17,144,255,48,-107
IQ:18,152,9,-50,108
IQ:19,160,255,134,119
IQ:20,168,4,209,-43
IQ:21,176,255,-31,-153
IQ:22,184,8,-61,98
IQ:23,192,255,109,69
IQ:24,200,7,52,-120
IQ:25,208,255,-141,-58
IQ:26,216,6,-85,117
IQ:27,224,255,147,35
IQ:28,232,5,55,-241
IQ:29,240,255,-229,-93
IQ:30,248,12,-94,138
IQ:31,256,255,145,68
IQ:32,264,1,46,-131
IQ:33,272,255,-137,-38
IQ:34,280,2,-38,85
IQ:35,288,255,81,-26
SW:2
RR:3
SS:3
FR:2426
ME:356
MA:353
KE:356
KA:353
DF_END

Data arrived...
DF_BEGIN
IQ:0,0,11,111,138
IQ:1,8,11,110,-122
IQ:2,16,11,-143,-91
IQ:3,24,11,-85,146
IQ:4,32,11,151,67
IQ:5,40,11,62,-159
IQ:6,48,11,-166,-54
IQ:7,56,11,-40,167
IQ:8,72,12,129,-151
IQ:9,80,255,-146,-135
IQ:10,88,1,-142,82
IQ:11,96,255,83,102
IQ:12,104,2,92,-132
IQ:13,112,255,-87,-60
IQ:14,120,10,106,108
IQ:15,128,255,163,-110
IQ:16,136,3,18,-236
IQ:17,144,255,-165,-49
IQ:18,152,9,9,23
IQ:19,160,255,26,-99
IQ:20,168,4,-182,-201
IQ:21,176,255,-191,97
IQ:22,184,8,34,34
IQ:23,192,255,19,-59
IQ:24,200,7,-91,11
IQ:25,208,255,2,121
IQ:26,216,6,104,50
IQ:27,224,255,-13,-111
IQ:28,232,5,-196,59
IQ:29,240,255,40,218
IQ:30,248,12,199,45
IQ:31,256,255,58,-194
IQ:32,264,1,-129,-87
IQ:33,272,255,-38,118
IQ:34,280,2,163,19
IQ:35,288,255,-5,-97
SW:2
RR:3
SS:3
FR:2402
ME:356
MA:353
KE:356
KA:353
DF_END

Data arrived...
DF_BEGIN
IQ:0,0,11,5,182
IQ:1,8,11,176,-18
IQ:2,16,11,-44,-177
IQ:3,24,11,-169,68
IQ:4,32,11,91,160
IQ:5,40,11,149,-95
IQ:6,48,11,-120,-139
IQ:7,56,11,-138,126
IQ:8,72,12,116,-80
IQ:9,80,255,-101,-112
IQ:10,88,1,-119,95
IQ:11,96,255,105,103
IQ:12,104,2,74,-111
IQ:13,112,255,-129,-42
IQ:14,120,10,-32,201
IQ:15,128,255,201,49
IQ:16,136,3,64,-158
IQ:17,144,255,-112,-28
IQ:18,152,9,104,103
IQ:19,160,255,150,-112
IQ:20,168,4,-33,-196
IQ:21,176,255,-162,33
IQ:22,184,8,78,104
IQ:23,192,255,112,-96
IQ:24,200,7,-111,-95
IQ:25,208,255,-95,117
IQ:26,216,6,107,86
IQ:27,224,255,61,-140
IQ:28,232,5,-175,-98
IQ:29,240,255,-99,151
IQ:30,248,12,114,78
IQ:31,256,255,49,-143
IQ:32,264,1,-148,-60
IQ:33,272,255,-48,141
IQ:34,280,2,131,18
IQ:35,288,255,-16,-119
SW:2
RR:3
SS:3
FR:2480
ME:359
MA:353
KE:356
KA:353
DF_END

Data arrived...
DF_BEGIN
IQ:0,0,11,156,51
IQ:1,8,11,31,-163
IQ:2,16,11,-169,-21
IQ:3,24,11,3,168
IQ:4,32,11,164,-17
IQ:5,40,11,-35,-167
IQ:6,48,11,-160,44
IQ:7,56,11,71,157
IQ:8,72,12,-37,-153
IQ:9,80,255,-141,58
IQ:10,88,1,62,133
IQ:11,96,255,127,-61
IQ:12,104,2,-25,-92
IQ:13,112,255,-39,66
IQ:14,120,10,198,22
IQ:15,128,255,59,-208
IQ:16,136,3,-150,-135
IQ:17,144,255,-83,80
IQ:18,152,9,58,-89
IQ:19,160,255,-100,-141
IQ:20,168,4,-204,-19
IQ:21,176,255,-15,155
IQ:22,184,8,77,-63
IQ:23,192,255,-87,-94
IQ:24,200,7,-84,94
IQ:25,208,255,109,89
IQ:26,216,6,114,-85
IQ:27,224,255,-128,-81
IQ:28,232,5,-143,210
IQ:29,240,255,174,161
IQ:30,248,12,115,-119
IQ:31,256,255,-117,-87
IQ:32,264,1,-81,125
IQ:33,272,255,117,79
IQ:34,280,2,61,-75
IQ:35,288,255,-86,-15
SW:2
RR:3
SS:3
FR:2426
ME:7
MA:117
KE:357
KA:358
DF_END

Data arrived...
DF_BEGIN
IQ:0,0,11,147,82
IQ:1,8,11,72,-157
IQ:2,16,11,-159,-52
IQ:3,24,11,-38,166
IQ:4,32,11,165,19
IQ:5,40,11,11,-169
IQ:6,48,11,-172,3
IQ:7,56,11,22,167
IQ:8,72,12,13,-165
IQ:9,80,255,-143,16
IQ:10,88,1,31,136
IQ:11,96,255,138,-48
IQ:12,104,2,-19,-97
IQ:13,112,255,-53,55
IQ:14,120,10,181,61
IQ:15,128,255,78,-190
IQ:16,136,3,-133,-151
IQ:17,144,255,-102,66
IQ:18,152,9,83,-66
IQ:19,160,255,-49,-169
IQ:20,168,4,-193,-56
IQ:21,176,255,-53,144
IQ:22,184,8,99,-45
IQ:23,192,255,-57,-118
IQ:24,200,7,-100,69
IQ:25,208,255,91,114
IQ:26,216,6,137,-64
IQ:27,224,255,-116,-108
IQ:28,232,5,-181,175
IQ:29,240,255,140,185
IQ:30,248,12,143,-80
IQ:31,256,255,-89,-126
IQ:32,264,1,-109,99
IQ:33,272,255,96,108
IQ:34,280,2,80,-57
IQ:35,288,255,-86,-31
SW:2
RR:3
SS:3
FR:2426
ME:356
MA:353
KE:357
KA:358
DF_END

Data arrived...
DF_BEGIN
IQ:0,0,11,136,120
IQ:1,8,11,91,-161
IQ:2,16,11,-170,-77
IQ:3,24,11,-59,183
IQ:4,32,11,170,66
IQ:5,40,11,40,-179
IQ:6,48,11,-181,-6
IQ:7,56,11,-4,189
IQ:8,72,12,77,-214
IQ:9,80,255,-200,-101
IQ:10,88,1,-115,129
IQ:11,96,255,123,72
IQ:12,104,2,53,-157
IQ:13,112,255,-110,-28
IQ:14,120,10,127,84
IQ:15,128,255,142,-154
IQ:16,136,3,-61,-236
IQ:17,144,255,-180,19
IQ:18,152,9,25,45
IQ:19,160,255,17,-120
IQ:20,168,4,-235,-162
IQ:21,176,255,-151,164
IQ:22,184,8,55,27
IQ:23,192,255,4,-84
IQ:24,200,7,-94,35
IQ:25,208,255,42,127
IQ:26,216,6,131,12
IQ:27,224,255,-44,-121
IQ:28,232,5,-183,112
IQ:29,240,255,115,185
IQ:30,248,12,229,-51
IQ:31,256,255,-32,-221
IQ:32,264,1,-174,-21
IQ:33,272,255,6,139
IQ:34,280,2,161,-33
IQ:35,288,255,-45,-91
SW:2
RR:3
SS:3
FR:2402
ME:356
MA:353
KE:357
KA:357
DF_END

Data arrived...
DF_BEGIN
IQ:0,0,11,181,-54
IQ:1,8,11,-70,-177
IQ:2,16,11,-170,85
IQ:3,24,11,106,163
IQ:4,32,11,151,-126
IQ:5,40,11,-127,-135
IQ:6,48,11,-114,155
IQ:7,56,11,155,102
IQ:8,72,12,-124,-97
IQ:9,80,255,-73,142
IQ:10,88,1,146,80
IQ:11,96,255,63,-142
IQ:12,104,2,-131,-52
IQ:13,112,255,-11,131
IQ:14,120,10,215,-27
IQ:15,128,255,-12,-219
IQ:16,136,3,-172,-17
IQ:17,144,255,13,112
IQ:18,152,9,91,-141
IQ:19,160,255,-154,-142
IQ:20,168,4,-185,77
IQ:21,176,255,71,153
IQ:22,184,8,89,-118
IQ:23,192,255,-128,-83
IQ:24,200,7,-64,142
IQ:25,208,255,146,67
IQ:26,216,6,58,-136
IQ:27,224,255,-159,-32
IQ:28,232,5,-32,206
IQ:29,240,255,191,39
IQ:30,248,12,30,-154
IQ:31,256,255,-154,-27
IQ:32,264,1,-3,154
IQ:33,272,255,153,-14
IQ:34,280,2,-30,-138
IQ:35,288,255,-117,59
SW:2
RR:3
SS:3
FR:2480
ME:359
MA:353
KE:357
KA:357
DF_END

Data arrived...
DF_BEGIN
IQ:0,0,11,12,167
IQ:1,8,11,148,-46
IQ:2,16,11,-41,-164
IQ:3,24,11,-133,80
IQ:4,32,11,83,131
IQ:5,40,11,143,-105
IQ:6,48,11,-102,-120
IQ:7,56,11,-94,124
IQ:8,72,12,133,-85
IQ:9,80,255,-114,-100
IQ:10,88,1,-103,144
IQ:11,96,255,111,85
IQ:12,104,2,32,-132
IQ:13,112,255,-102,-88
IQ:14,120,10,68,194
IQ:15,128,255,210,-62
IQ:16,136,3,69,-164
IQ:17,144,255,-132,-9
IQ:18,152,9,92,-7
IQ:19,160,255,108,-154
IQ:20,168,4,-111,-179
IQ:21,176,255,-119,58
IQ:22,184,8,45,65
IQ:23,192,255,14,-119
IQ:24,200,7,-87,-20
IQ:25,208,255,-2,119
IQ:26,216,6,74,100
IQ:27,224,255,24,-142
IQ:28,232,5,-255,0
IQ:29,240,255,-35,199
IQ:30,248,12,143,66
IQ:31,256,255,38,-191
IQ:32,264,1,-161,-20
IQ:33,272,255,4,156
IQ:34,280,2,8,-34
IQ:35,288,255,-40,-64
SW:2
RR:3
SS:3
FR:2426
ME:359
MA:353
KE:358
KA:357
DF_END

Data arrived...
DF_BEGIN
IQ:0,0,11,141,-121
IQ:1,8,11,-143,-118
IQ:2,16,11,-92,153
IQ:3,24,11,171,81
IQ:4,32,11,65,-177
IQ:5,40,11,-184,-53
IQ:6,48,11,-39,18