IQ:33,272,255,142,-28
IQ:34,280,2,-44,-127
IQ:35,288,255,-108,62
SW:2
RR:3
SS:3
FR:2480
ME:359
MA:353
KE:0
KA:18
DF_END

Data arrived...
DF_BEGIN
IQ:0,0,11,-194,-23
IQ:1,8,11,2,190
IQ:2,16,11,191,-29
IQ:3,24,11,-45,-189
IQ:4,32,11,-190,51
IQ:5,40,11,72,179
IQ:6,48,11,172,-87
IQ:7,56,11,-109,-154
IQ:8,72,12,78,191
IQ:9,80,255,161,-88
IQ:10,88,1,-84,-162
IQ:11,96,255,-141,99
IQ:12,104,2,70,112
IQ:13,112,255,38,-83
IQ:14,120,10,-229,29
IQ:15,128,255,-17,258
IQ:16,136,3,231,130
IQ:17,144,255,112,-118
IQ:18,152,9,-21,93
IQ:19,160,255,143,126
IQ:20,168,4,272,-20
IQ:21,176,255,-2,-210
IQ:22,184,8,-56,81
IQ:23,192,255,117,84
IQ:24,200,7,82,-90
IQ:25,208,255,-137,-82
IQ:26,216,6,-125,114
IQ:27,224,255,166,76
IQ:28,232,5,125,-299
IQ:29,240,255,-264,-156
IQ:30,248,12,-153,150
IQ:31,256,255,148,118
IQ:32,264,1,93,-152
IQ:33,272,255,-154,-87
IQ:34,280,2,-86,99
IQ:35,288,255,107,16
SW:2
RR:3
SS:3
FR:2426
ME:7
MA:131
KE:0
KA:31
DF_END

Data arrived...
DF_BEGIN
IQ:0,0,11,-13,-151
IQ:1,8,11,-140,36
IQ:2,16,11,56,131
IQ:3,24,11,138,-66
IQ:4,32,11,-72,-127
IQ:5,40,11,-121,85
IQ:6,48,11,93,115
IQ:7,56,11,108,-109
IQ:8,72,12,-170,73
IQ:9,80,255,60,157
IQ:10,88,1,127,-12
IQ:11,96,255,-36,-104
IQ:12,104,2,-99,47
IQ:13,112,255,42,49
IQ:14,120,10,-29,-129
IQ:15,128,255,-164,-11
IQ:16,136,3,-111,140
IQ:17,144,255,89,87
IQ:18,152,9,-14,-35
IQ:19,160,255,-83,59
IQ:20,168,4,37,218
IQ:21,176,255,165,7
IQ:22,184,8,-31,-45
IQ:23,192,255,-46,47
IQ:24,200,7,84,30
IQ:25,208,255,51,-96
IQ:26,216,6,-62,-85
IQ:27,224,255,-45,91
IQ:28,232,5,163,72
IQ:29,240,255,79,-160
IQ:30,248,12,-137,-118
IQ:31,256,255,-108,127
IQ:32,264,1,65,111
IQ:33,272,255,73,-74
IQ:34,280,2,-85,-71
IQ:35,288,255,-21,66
SW:2
RR:3
SS:3
FR:2402
ME:7
MA:131
KE:1
KA:47
DF_END

Data arrived...
DF_BEGIN
IQ:0,0,11,112,-78
IQ:1,8,11,-80,-111
IQ:2,16,11,-93,94
IQ:3,24,11,106,79
IQ:4,32,11,65,-124
IQ:5,40,11,-121,-71
IQ:6,48,11,-63,119
IQ:7,56,11,119,45
IQ:8,72,12,-88,-49
IQ:9,80,255,-34,100
IQ:10,88,1,102,35
IQ:11,96,255,27,-101
IQ:12,104,2,-95,-15
IQ:13,112,255,17,81
IQ:14,120,10,139,-69
IQ:15,128,255,-50,-157
IQ:16,136,3,-119,-6
IQ:17,144,255,13,60
IQ:18,152,9,22,-122
IQ:19,160,255,-137,-70
IQ:20,168,4,-120,76
IQ:21,176,255,73,84
IQ:22,184,8,31,-104
IQ:23,192,255,-104,-41
IQ:24,200,7,-22,101
IQ:25,208,255,103,28
IQ:26,216,6,24,-104
IQ:27,224,255,-117,-11
IQ:28,232,5,-9,138
IQ:29,240,255,133,-12
IQ:30,248,12,-11,-110
IQ:31,256,255,-105,8
IQ:32,264,1,23,109
IQ:33,272,255,111,-26
IQ:34,280,2,-31,-88
IQ:35,288,255,-65,54
SW:2
RR:3
SS:3
FR:2480
ME:356
MA:353
KE:1
KA:36
DF_END

Data arrived...
DF_BEGIN
IQ:0,0,11,-89,144
IQ:1,8,11,145,51
IQ:2,16,11,40,-158
IQ:3,24,11,-170,-27
IQ:4,32,11,-16,162
IQ:5,40,11,163,8
IQ:6,48,11,-20,-164
IQ:7,56,11,-160,27
IQ:8,72,12,151,-5
IQ:9,80,255,-23,-140
IQ:10,88,1,-123,27
IQ:11,96,255,25,120
IQ:12,104,2,84,-2
IQ:13,112,255,-41,-31
IQ:14,120,10,-50,184
IQ:15,128,255,178,92
IQ:16,136,3,154,-103
IQ:17,144,255,-53,-97
IQ:18,152,9,76,73
IQ:19,160,255,151,-59
IQ:20,168,4,74,-177
IQ:21,176,255,-124,-52
IQ:22,184,8,57,80
IQ:23,192,255,100,-59
IQ:24,200,7,-72,-76
IQ:25,208,255,-100,80
IQ:26,216,6,56,114
IQ:27,224,255,91,-101
IQ:28,232,5,-163,-164
IQ:29,240,255,-175,131
IQ:30,248,12,71,127
IQ:31,256,255,115,-79
IQ:32,264,1,-81,-101
IQ:33,272,255,-92,85
IQ:34,280,2,34,81
IQ:35,288,255,24,-66
SW:2
RR:3
SS:3
FR:2426
ME:7
MA:131
KE:1
KA:53
DF_END

Data arrived...
DF_BEGIN
IQ:0,0,11,147,25
IQ:1,8,11,-1,-159
IQ:2,16,11,-165,1
IQ:3,24,11,17,155
IQ:4,32,11,159,-26
IQ:5,40,11,-43,-159
IQ:6,48,11,-160,57
IQ:7,56,11,46,147
IQ:8,72,12,11,-190
IQ:9,80,255,-195,-20
IQ:10,88,1,-70,136
IQ:11,96,255,115,42
IQ:12,104,2,32,-133
IQ:13,112,255,-75,-15
IQ:14,120,10,128,26
IQ:15,128,255,68,-166
IQ:16,136,3,-107,-194
IQ:17,144,255,-154,32
IQ:18,152,9,15,8
IQ:19,160,255,-35,-84
IQ:20,168,4,-243,-59
IQ:21,176,255,-114,166
IQ:22,184,8,22,11
IQ:23,192,255,-19,-43
IQ:24,200,7,-48,61
IQ:25,208,255,73,78
IQ:26,216,6,115,-19
IQ:27,224,255,-58,-81
IQ:28,232,5,-144,126
IQ:29,240,255,125,157
IQ:30,248,12,182,-80
IQ:31,256,255,-54,-187
IQ:32,264,1,-161,-4
IQ:33,272,255,22,120
IQ:34,280,2,127,-38
IQ:35,288,255,-29,-69
SW:2
RR:3
SS:3
FR:2402
ME:353
MA:353
KE:0
KA:41
DF_END

Data arrived...
DF_BEGIN
IQ:0,0,11,56,192
IQ:1,8,11,177,-61
IQ:2,16,11,-94,-169
IQ:3,24,11,-150,118
IQ:4,32,11,135,149
IQ:5,40,11,141,-127
IQ:6,48,11,-152,-126
IQ:7,56,11,-115,150
IQ:8,72,12,94,-113
IQ:9,80,255,-135,-79
IQ:10,88,1,-86,133
IQ:11,96,255,130,71
IQ:12,104,2,54,-125
IQ:13,112,255,-123,-22
IQ:14,120,10,26,213
IQ:15,128,255,221,-24
IQ:16,136,3,23,-165
IQ:17,144,255,-113,15
IQ:18,152,9,152,88
IQ:19,160,255,141,-163
IQ:20,168,4,-81,-192
IQ:21,176,255,-156,68
IQ:22,184,8,117,93
IQ:23,192,255,92,-123
IQ:24,200,7,-136,-54
IQ:25,208,255,-58,150
IQ:26,216,6,137,71
IQ:27,224,255,51,-165
IQ:28,232,5,-195,-70
IQ:29,240,255,-53,187
IQ:30,248,12,142,29
IQ:31,256,255,10,-150
IQ:32,264,1,-160,-10
IQ:33,272,255,2,151
IQ:34,280,2,136,3
IQ:35,288,255,-47,-114
SW:2
RR:3
SS:3
FR:2480
ME:359
MA:353
KE:0
KA:31
DF_END

Data arrived...
DF_BEGIN
IQ:0,0,11,179,67
IQ:1,8,11,44,-187
IQ:2,16,11,-193,-31
IQ:3,24,11,-2,195
IQ:4,32,11,194,-10
IQ:5,40,11,-18,-196
IQ:6,48,11,-191,40
IQ:7,56,11,73,181
IQ:8,72,12,-41,-141
IQ:9,80,255,-144,51
IQ:10,88,1,55,136
IQ:11,96,255,125,-70
IQ:12,104,2,-76,-107
IQ:13,112,255,-73,101
IQ:14,120,10,205,93
IQ:15,128,255,125,-186
IQ:16,136,3,-109,-129
IQ:17,144,255,-59,84
IQ:18,152,9,162,-61
IQ:19,160,255,-35,-211
IQ:20,168,4,-190,-65
IQ:21,176,255,-34,160
IQ:22,184,8,143,-40
IQ:23,192,255,-47,-145
IQ:24,200,7,-127,76
IQ:25,208,255,80,146
IQ:26,216,6,130,-67
IQ:27,224,255,-98,-130
IQ:28,232,5,-168,121
IQ:29,240,255,110,161
IQ:30,248,12,113,-103
IQ:31,256,255,-113,-108
IQ:32,264,1,-90,117
IQ:33,272,255,131,84
IQ:34,280,2,70,-108
IQ:35,288,255,-120,-27
SW:2
RR:3
SS:3
FR:2480
ME:359
MA:353
KE:0
KA:23
DF_END

Data arrived...
DF_BEGIN
IQ:0,0,11,-120,129
IQ:1,8,11,142,97
IQ:2,16,11,81,-165
IQ:3,24,11,-170,-59
IQ:4,32,11,-54,171
IQ:5,40,11,170,39
IQ:6,48,11,14,-173
IQ:7,56,11,-184,-2
IQ:8,72,12,187,20
IQ:9,80,255,8,-175
IQ:10,88,1,-160,25
IQ:11,96,255,20,155
IQ:12,104,2,109,3
IQ:13,112,255,-56,-66
IQ:14,120,10,-76,160
IQ:15,128,255,179,129
IQ:16,136,3,194,-93
IQ:17,144,255,-46,-117
IQ:18,152,9,36,80
IQ:19,160,255,151,-53
IQ:20,168,4,79,-190
IQ:21,176,255,-131,-73
IQ:22,184,8,20,102
IQ:23,192,255,113,-32
IQ:24,200,7,-53,-119
IQ:25,208,255,-137,61
IQ:26,216,6,34,146
IQ:27,224,255,131,-75
IQ:28,232,5,-140,-192
IQ:29,240,255,-203,126
IQ:30,248,12,61,169
IQ:31,256,255,146,-79
IQ:32,264,1,-93,-123
IQ:33,272,255,-126,86
IQ:34,280,2,43,97
IQ:35,288,255,53,-86
SW:2
RR:3
SS:3
FR:2426
ME:356
MA:353
KE:359
KA:17
DF_END

Data arrived...
DF_BEGIN
IQ:0,0,11,105,-112
IQ:1,8,11,-124,-89
IQ:2,16,11,-80,142
IQ:3,24,11,136,67
IQ:4,32,11,67,-149
IQ:5,40,11,-146,-53
IQ:6,48,11,-43,148
IQ:7,56,11,149,18
IQ:8,72,12,-172,-88
IQ:9,80,255,-117,152
IQ:10,88,1,83,123
IQ:11,96,255,85,-83
IQ:12,104,2,-98,-83
IQ:13,112,255,-36,50
IQ:14,120,10,84,-105
IQ:15,128,255,-94,-148
IQ:16,136,3,-204,-23
IQ:17,144,255,-44,144
IQ:18,152,9,15,-8
IQ:19,160,255,-96,-3
IQ:20,168,4,-147,182
IQ:21,176,255,102,153
IQ:22,184,8,19,-17
IQ:23,192,255,-40,-3
IQ:24,200,7,42,74
IQ:25,208,255,111,-36
IQ:26,216,6,35,-99
IQ:27,224,255,-94,14
IQ:28,232,5,66,170
IQ:29,240,255,184,-50
IQ:30,248,12,11,-201
IQ:31,256,255,-189,-17
IQ:32,264,1,-62,131
IQ:33,272,255,117,41
IQ:34,280,2,27,-120
IQ:35,288,255,-60,13
SW:2
RR:3
SS:3
FR:2402
ME:353
MA:353
KE:359
KA:13
DF_END

Data arrived...
DF_BEGIN
IQ:0,0,11,-20,-186
IQ:1,8,11,-186,24
IQ:2,16,11,39,179
IQ:3,24,11,170,-72
IQ:4,32,11,-93,-162
IQ:5,40,11,-156,99
IQ:6,48,11,118,148
IQ:7,56,11,144,-124
IQ:8,72,12,-114,82
IQ:9,80,255,105,97
IQ:10,88,1,109,-114
IQ:11,96,255,-113,-98
IQ:12,104,2,-75,112
IQ:13,112,255,115,35
IQ:14,120,10,13,-208
IQ:15,128,255,-211,-36
IQ:16,136,3,-69,151
IQ:17,144,255,103,18
IQ:18,152,9,-119,-110
IQ:19,160,255,-169,113
IQ:20,168,4,37,192
IQ:21,176,255,162,-43
IQ:22,184,8,-91,-111
IQ:23,192,255,-117,94
IQ:24,200,7,121,94
IQ:25,208,255,94,-132
IQ:26,216,6,-109,-101
IQ:27,224,255,-69,136
IQ:28,232,5,179,91
IQ:29,240,255,97,-164
IQ:30,248,12,-123,-66
IQ:31,256,255,-55,135
IQ:32,264,1,144,37
IQ:33,272,255,40,-146
IQ:34,280,2,-124,-21
IQ:35,288,255,28,121
SW:2
RR:3
SS:3
FR:2480
ME:359
MA:353
KE:359
KA:9
DF_END

Data arrived...
DF_BEGIN
IQ:0,0,11,77,-164
IQ:1,8,11,-164,-50
IQ:2,16,11,-28,168
IQ:3,24,11,173,-2
IQ:4,32,11,-8,-191
IQ:5,40,11,-186,5
IQ:6,48,11,35,173
IQ:7,56,11,171,-62
IQ:8,72,12,-141,29
IQ:9,80,255,41,140
IQ:10,88,1,144,-39
IQ:11,96,255,-56,-132
IQ:12,104,2,-111,60
IQ:13,112,255,89,85
IQ:14,120,10,98,-175
IQ:15,128,255,-174,-121
IQ:16,136,3,-111,102
IQ:17,144,255,85,61
IQ:18,152,9,-50,-151
IQ:19,160,255,-197,21
IQ:20,168,4,-70,177
IQ:21,176,255,156,35
IQ:22,184,8,-22,-132
IQ:23,192,255,-136,40
IQ:24,200,7,64,136
IQ:25,208,255,135,-75
IQ:26,216,6,-61,-137
IQ:27,224,255,-110,94
IQ:28,232,5,124,154
IQ:29,240,255,150,-98
IQ:30,248,12,-81,-109
IQ:31,256,255,-100,105
IQ:32,264,1,109,97
IQ:33,272,255,89,-116
IQ:34,280,2,-94,-64
IQ:35,288,255,-22,114
SW:2
RR:3
SS:3
FR:2480
ME:359
MA:353
KE:359
KA:6
DF_END

Data arrived...
DF_BEGIN
IQ:0,0,11,-149,93
IQ:1,8,11,114,129
IQ:2,16,11,125,-130
IQ:3,24,11,-138,-104
IQ:4,32,11,-82,158
IQ:5,40,11,157,85
IQ:6,48,11,63,-160
IQ:7,56,11,-163,-32
IQ:8,72,12,158,61
IQ:9,80,255,37,-144
IQ:10,88,1,-135,-28
IQ:11,96,255,-22,134
IQ:12,104,2,94,23
IQ:13,112,255,-29,-66
IQ:14,120,10,-128,144
IQ:15,128,255,133,169
IQ:16,136,3,193,-44
IQ:17,144,255,-16,-116
IQ:18,152,9,31,102
IQ:19,160,255,182,4
IQ:20,168,4,131,-163
IQ:21,176,255,-118,-105
IQ:22,184,8,8,106
IQ:23,192,255,128,-14
IQ:24,200,7,-27,-114
IQ:25,208,255,-130,32
IQ:26,216,6,14,145
IQ:27,224,255,135,-53
IQ:28,232,5,-95,-227
IQ:29,240,255,-239,57
IQ:30,248,12,11,157
IQ:31,256,255,149,-36
IQ:32,264,1,-34,-130
IQ:33,272,255,-132,41
IQ:34,280,2,12,90
IQ:35,288,255,49,-63
SW:2
RR:3
SS:3
FR:2426
ME:7
MA:125
KE:359
KA:14
DF_END

Data arrived...
DF_BEGIN
IQ:0,0,11,163,-26
IQ:1,8,11,-53,-156
IQ:2,16,11,-154,61
IQ:3,24,11,74,150
IQ:4,32,11,138,-92
IQ:5,40,11,-102,-137
IQ:6,48,11,-119,111
IQ:7,56,11,129,110
IQ:8,72,12,-66,-197
IQ:9,80,255,-203,68
IQ:10,88,1,6,170
IQ:11,96,255,131,-34
IQ:12,104,2,-71,-132
IQ:13,112,255,-83,52
IQ:14,120,10,146,-27
IQ:15,128,255,9,-192
IQ:16,136,3,-196,-139
IQ:17,144,255,-130,106
IQ:18,152,9,27,2
IQ:19,160,255,-68,-83
IQ:20,168,4,-262,41
IQ:21,176,255,-24,198
IQ:22,184,8,41,-9
IQ:23,192,255,-40,-45
IQ:24,200,7,-40,94
IQ:25,208,255,118,62
IQ:26,216,6,98,-75
IQ:27,224,255,-101,-71
IQ:28,232,5,-89,182
IQ:29,240,255,183,91
IQ:30,248,12,136,-172
IQ:31,256,255,-157,-145
IQ:32,264,1,-144,80
IQ:33,272,255,98,97
IQ:34,280,2,96,-124
IQ:35,288,255,-86,-38
SW:2
RR:3
SS:3
FR:2402
ME:356
MA:353
KE:359
KA:10
DF_END

Data arrived...
DF_BEGIN
IQ:0,0,11,159,-80
IQ:1,8,11,-106,-146
IQ:2,16,11,-129,121
IQ:3,24,11,141,110
IQ:4,32,11,99,-146
IQ:5,40,11,-159,-91
IQ:6,48,11,-81,157
IQ:7,56,11,165,55
IQ:8,72,12,-128,-62
IQ:9,80,255,-55,137
IQ:10,88,1,134,73
IQ:11,96,255,34,-144
IQ:12,104,2,-125,-22
IQ:13,112,255,15,111
IQ:14,120,10,193,-70
IQ:15,128,255,-54,-193
IQ:16,136,3,-166,17
IQ:17,144,255,23,101
IQ:18,152,9,46,-148
IQ:19,160,255,-176,-101
IQ:20,168,4,-164,106
IQ:21,176,255,93,126
IQ:22,184,8,59,-117
IQ:23,192,255,-126,-53
IQ:24,200,7,-16,138
IQ:25,208,255,154,22
IQ:26,216,6,31,-135
IQ:27,224,255,-148,-3
IQ:28,232,5,-9,191
IQ:29,240,255,180,0
IQ:30,248,12,-10,-137
IQ:31,256,255,-148,27
IQ:32,264,1,15,153
IQ:33,272,255,142,-25
IQ:34,280,2,-40,-123
IQ:35,288,255,-101,66
SW:2
RR:3
SS:3
FR:2480
ME:359
MA:353
KE:359
KA:7
DF_END

Data arrived...
DF_BEGIN
IQ:0,0,11,-165,-11
IQ:1,8,11,10,166
IQ:2,16,11,174,-10
IQ:3,24,11,-33,-159
IQ:4,32,11,-165,48
IQ:5,40,11,54,159
IQ:6,48,11,151,-75
IQ:7,56,11,-84,-137
IQ:8,72,12,78,148
IQ:9,80,255,135,-81
IQ:10,88,1,-69,-129
IQ:11,96,255,-106,80
IQ:12,104,2,41,83
IQ:13,112,255,31,-64
IQ:14,120,10,-184,10
IQ:15,128,255,-22,210
IQ:16,136,3,161,119
IQ:17,144,255,78,-77
IQ:18,152,9,-33,84
IQ:19,160,255,122,102
IQ:20,168,4,200,-15
IQ:21,176,255,-10,-151
IQ:22,184,8,-74,65
IQ:23,192,255,78,88
IQ:24,200,7,55,-79
IQ:25,208,255,-113,-62
IQ:26,216,6,-88,108
IQ:27,224,255,129,59
IQ:28,232,5,99,-229
IQ:29,240,255,-197,-132
IQ:30,248,12,-106,124
IQ:31,256,255,128,79
IQ:32,264,1,69,-128
IQ:33,272,255,-119,-63
IQ:34,280,2,-60,80
IQ:35,288,255,80,7
SW:2
RR:3
SS:3
FR:2426
ME:7
MA:131
KE:359
KA:14
DF_END

Data arrived...
DF_BEGIN
IQ:0,0,11,56,170
IQ:1,8,11,159,-92
IQ:2,16,11,-111,-146
IQ:3,24,11,-139,108
IQ:4,32,11,121,127
IQ:5,40,11,114,-134
IQ:6,48,11,-151,-110
IQ:7,56,11,-98,151
IQ:8,72,12,182,-155
IQ:9,80,255,-158,-189
IQ:10,88,1,-171,85
IQ:11,96,255,98,131
IQ:12,104,2,131,-108
IQ:13,112,255,-85,-71
IQ:14,120,10,71,144
IQ:15,128,255,204,-47
IQ:16,136,3,64,-244
IQ:17,144,255,-170,-86
IQ:18,152,9,-3,60
IQ:19,160,255,69,-86
IQ:20,168,4,-123,-253
IQ:21,176,255,-217,53
IQ:22,184,8,24,62
IQ:23,192,255,51,-59
IQ:24,200,7,-115,-11
IQ:25,208,255,-30,145
IQ:26,216,6,109,101
IQ:27,224,255,54,-121
IQ:28,232,5,-213,-12
IQ:29,240,255,-24,237
IQ:30,248,12,230,75
IQ:31,256,255,92,-220
IQ:32,264,1,-150,-116
IQ:33,272,255,-69,155
IQ:34,280,2,155,66
IQ:35,288,255,21,-109
SW:2
RR:3
SS:3
FR:2402
ME:356
MA:353
KE:359
KA:10
DF_END

Data arrived...
DF_BEGIN
IQ:0,0,11,177,33
IQ:1,8,11,4,-187
IQ:2,16,11,-183,-11
IQ:3,24,11,6,183
IQ:4,32,11,183,-30
IQ:5,40,11,-41,-182
IQ:6,48,11,-177,60
IQ:7,56,11,73,169
IQ:8,72,12,-46,-256
IQ:9,80,255,-237,21
IQ:10,88,1,-8,191
IQ:11,96,255,172,-7
IQ:12,104,2,-12,-166
IQ:13,112,255,-116,22
IQ:14,120,10,156,23
IQ:15,128,255,68,-205
IQ:16,136,3,-162,-196
IQ:17,144,255,-165,104
IQ:18,152,9,49,33
IQ:19,160,255,-29,-110
IQ:20,168,4,-278,-30
IQ:21,176,255,-78,217
IQ:22,184,8,68,12
IQ:23,192,255,-17,-83
IQ:24,200,7,-77,80
IQ:25,208,255,97,114
IQ:26,216,6,144,-44
IQ:27,224,255,-78,-108
IQ:28,232,5,-151,167
IQ:29,240,255,174,152
IQ:30,248,12,195,-154
IQ:31,256,255,-131,-211
IQ:32,264,1,-179,67
IQ:33,272,255,76,145
IQ:34,280,2,139,-107
IQ:35,288,255,-85,-75
SW:2
RR:3
SS:3
FR:2402
ME:356
MA:353
KE:359
KA:7
DF_END

Data arrived...
DF_BEGIN
IQ:0,0,11,-24,179
IQ:1,8,11,182,-9
IQ:2,16,11,-15,-183
IQ:3,24,11,-170,55
IQ:4,32,11,67,174
IQ:5,40,11,168,-89
IQ:6,48,11,-85,-162
IQ:7,56,11,-155,108
IQ:8,72,12,131,-73
IQ:9,80,255,-95,-123
IQ:10,88,1,-132,95
IQ:11,96,255,93,111
IQ:12,104,2,89,-96
IQ:13,112,255,-113,-44
IQ:14,120,10,-22,212
IQ:15,128,255,216,45
IQ:16,136,3,74,-157
IQ:17,144,255,-107,-34
IQ:18,152,9,106,117
IQ:19,160,255,174,-101
IQ:20,168,4,-14,-205
IQ:21,176,255,-173,15
IQ:22,184,8,70,125
IQ:23,192,255,115,-87
IQ:24,200,7,-113,-92
IQ:25,208,255,-95,127
IQ:26,216,6,97,115
IQ:27,224,255,96,-117
IQ:28,232,5,-169,-114
IQ:29,240,255,-117,152
IQ:30,248,12,118,86
IQ:31,256,255,61,-134
IQ:32,264,1,-146,-63
IQ:33,272,255,-62,140
IQ:34,280,2,120,41
IQ:35,288,255,-4,-129
SW:2
RR:3
SS:3
FR:2480
ME:359
MA:353
KE:359
KA:5
DF_END

Data arrived...
DF_BEGIN
IQ:0,0,11,-49,146
IQ:1,8,11,144,37
IQ:2,16,11,20,-157
IQ:3,24,11,-153,-5
IQ:4,32,11,5,148
IQ:5,40,11,153,-28
IQ:6,48,11,-37,-154
IQ:7,56,11,-149,51
IQ:8,72,12,143,-17
IQ:9,80,255,-37,-146
IQ:10,88,1,-143,21
IQ:11,96,255,34,128
IQ:12,104,2,85,-23
IQ:13,112,255,-43,-39
IQ:14,120,10,-25,175
IQ:15,128,255,190,60
IQ:16,136,3,138,-140
IQ:17,144,255,-66,-95
IQ:18,152,9,84,27
IQ:19,160,255,109,-87
IQ:20,168,4,23,-184
IQ:21,176,255,-149,-14
IQ:22,184,8,50,68
IQ:23,192,255,85,-71
IQ:24,200,7,-73,-77
IQ:25,208,255,-98,80
IQ:26,216,6,73,104
IQ:27,224,255,68,-106
IQ:28,232,5,-185,-132
IQ:29,240,255,-139,176
IQ:30,248,12,82,133
IQ:31,256,255,105,-90
IQ:32,264,1,-106,-92
IQ:33,272,255,-98,97
IQ:34,280,2,61,78
IQ:35,288,255,24,-73
SW:2
RR:3
SS:3
FR:2426
ME:7
MA:131
KE:359
KA:13
DF_END

Data arrived...
DF_BEGIN
IQ:0,0,11,179,1
IQ:1,8,11,-34,-185
IQ:2,16,11,-197,32
IQ:3,24,11,29,182
IQ:4,32,11,181,-52
IQ:5,40,11,-87,-169
IQ:6,48,11,-157,101
IQ:7,56,11,115,152
IQ:8,72,12,-92,-241
IQ:9,80,255,-228,71
IQ:10,88,1,19,190
IQ:11,96,255,159,-31
IQ:12,104,2,-47,-167
IQ:13,112,255,-105,43
IQ:14,120,10,161,6
IQ:15,128,255,29,-211
IQ:16,136,3,-197,-165
IQ:17,144,255,-148,132
IQ:18,152,9,55,27
IQ:19,160,255,-51,-112
IQ:20,168,4,-275,16
IQ:21,176,255,-32,224
IQ:22,184,8,71,-10
IQ:23,192,255,-41,-76
IQ:24,200,7,-54,89
IQ:25,208,255,128,88
IQ:26,216,6,124,-67
IQ:27,224,255,-108,-85
IQ:28,232,5,-119,185
IQ:29,240,255,205,122
IQ:30,248,12,163,-192
IQ:31,256,255,-164,-174
IQ:32,264,1,-167,99
IQ:33,272,255,98,123
IQ:34,280,2,114,-118
IQ:35,288,255,-96,-55
SW:2
RR:3
SS:3
FR:2402
ME:356
MA:353
KE:359
KA:9
DF_END

Data arrived...
DF_BEGIN
IQ:0,0,11,136,-137
IQ:1,8,11,-151,-129
IQ:2,16,11,-112,146
IQ:3,24,11,169,83
IQ:4,32,11,77,-178
IQ:5,40,11,-181,-54
IQ:6,48,11,-53,184
IQ:7,56,11,186,37
IQ:8,72,12,-226,-111
IQ:9,80,255,-120,205
IQ:10,88,1,140,127
IQ:11,96,255,76,-134
IQ:12,104,2,-156,-67
IQ:13,112,255,-34,109
IQ:14,120,10,121,-121
IQ:15,128,255,-115,-180
IQ:16,136,3,-252,16
IQ:17,144,255,-2,187
IQ:18,152,9,49,-33
IQ:19,160,255,-112,-32
IQ:20,168,4,-162,225
IQ:21,176,255,146,182
IQ:22,184,8,51,-48
IQ:23,192,255,-78,-30
IQ:24,200,7,26,97
IQ:25,208,255,147,-29
IQ:26,216,6,47,-141
IQ:27,224,255,-132,9
IQ:28,232,5,71,197
IQ:29,240,255,216,-75
IQ:30,248,12,-26,-250
IQ:31,256,255,-243,-2
IQ:32,264,1,-59,179
IQ:33,272,255,160,14
IQ:34,280,2,1,-175
IQ:35,288,255,-98,37
SW:2
RR:3
SS:3
FR:2402
ME:356
MA:353
KE:359
KA:6
DF_END

Data arrived...
DF_BEGIN
IQ