IQ:21,176,255,-36,181
IQ:22,184,8,77,-94
IQ:23,192,255,-130,-81
IQ:24,200,7,-93,197
IQ:25,208,255,210,105
IQ:26,216,6,127,-160
IQ:27,224,255,-200,-149
IQ:28,232,5,-257,167
IQ:29,240,255,131,161
IQ:30,248,12,22,-255
IQ:31,256,255,-279,-16
IQ:32,264,1,-58,279
IQ:33,272,255,261,60
IQ:34,280,2,92,-134
IQ:35,288,255,-92,-28
SW:2
RR:3
SS:3
FR:2426
ME:7
MA:100
KE:12
KA:94
DF_END

Data arrived...
DF_BEGIN
IQ:0,0,11,-72,138
IQ:1,8,11,149,50
IQ:2,16,11,40,-149
IQ:3,24,11,-158,-14
IQ:4,32,11,-7,152
IQ:5,40,11,160,-2
IQ:6,48,11,-19,-154
IQ:7,56,11,-148,39
IQ:8,72,12,259,-44
IQ:9,80,255,-27,-273
IQ:10,88,1,-285,-14
IQ:11,96,255,-36,261
IQ:12,104,2,138,63
IQ:13,112,255,0,-101
IQ:14,120,10,-76,125
IQ:15,128,255,184,134
IQ:16,136,3,261,-89
IQ:17,144,255,-42,-176
IQ:18,152,9,-11,111
IQ:19,160,255,209,48
IQ:20,168,4,231,-163
IQ:21,176,255,-110,-166
IQ:22,184,8,19,115
IQ:23,192,255,149,-44
IQ:24,200,7,-70,-205
IQ:25,208,255,-225,84
IQ:26,216,6,22,195
IQ:27,224,255,243,-53
IQ:28,232,5,26,-295
IQ:29,240,255,-192,2
IQ:30,248,12,196,172
IQ:31,256,255,197,-189
IQ:32,264,1,-160,-234
IQ:33,272,255,-221,135
IQ:34,280,2,34,150
IQ:35,288,255,69,-50
SW:2
RR:3
SS:3
FR:2426
ME:7
MA:97
KE:11
KA:95
DF_END

Data arrived...
DF_BEGIN
IQ:0,0,11,156,145
IQ:1,8,11,137,-160
IQ:2,16,11,-178,-112
IQ:3,24,11,-94,191
IQ:4,32,11,197,74
IQ:5,40,11,54,-210
IQ:6,48,11,-207,-44
IQ:7,56,11,-30,209
IQ:8,72,12,358,-207
IQ:9,80,255,-168,-372
IQ:10,88,1,-398,81
IQ:11,96,255,22,385
IQ:12,104,2,188,166
IQ:13,112,255,122,-60
IQ:14,120,10,98,83
IQ:15,128,255,212,-7
IQ:16,136,3,297,-73
IQ:17,144,255,46,-152
IQ:18,152,9,145,42
IQ:19,160,255,206,-80
IQ:20,168,4,308,-129
IQ:21,176,255,-9,-168
IQ:22,184,8,139,13
IQ:23,192,255,39,-184
IQ:24,200,7,-289,-112
IQ:25,208,255,-194,240
IQ:26,216,6,87,122
IQ:27,224,255,193,-166
IQ:28,232,5,-7,-329
IQ:29,240,255,-140,58
IQ:30,248,12,387,152
IQ:31,256,255,192,-354
IQ:32,264,1,-314,-278
IQ:33,272,255,-313,232
IQ:34,280,2,-30,257
IQ:35,288,255,115,119
SW:2
RR:3
SS:3
FR:2402
ME:19
MA:100
KE:12
KA:95
DF_END

Data arrived...
DF_BEGIN
IQ:0,0,11,-37,-157
IQ:1,8,11,-140,74
IQ:2,16,11,90,142
IQ:3,24,11,138,-97
IQ:4,32,11,-116,-119
IQ:5,40,11,-111,122
IQ:6,48,11,128,98
IQ:7,56,11,95,-136
IQ:8,72,12,-182,72
IQ:9,80,255,51,180
IQ:10,88,1,151,-17
IQ:11,96,255,-7,-145
IQ:12,104,2,-41,2
IQ:13,112,255,19,25
IQ:14,120,10,-66,-101
IQ:15,128,255,-147,-9
IQ:16,136,3,-106,45
IQ:17,144,255,13,47
IQ:18,152,9,-84,-54
IQ:19,160,255,-123,53
IQ:20,168,4,-71,76
IQ:21,176,255,46,31
IQ:22,184,8,-121,-6
IQ:23,192,255,-44,140
IQ:24,200,7,181,138
IQ:25,208,255,170,-129
IQ:26,216,6,-47,-106
IQ:27,224,255,-139,54
IQ:28,232,5,-35,123
IQ:29,240,255,50,-19
IQ:30,248,12,-157,-96
IQ:31,256,255,-111,153
IQ:32,264,1,114,118
IQ:33,272,255,97,-106
IQ:34,280,2,-33,-35
IQ:35,288,255,19,17
SW:2
RR:3
SS:3
FR:2480
ME:13
MA:97
KE:12
KA:96
DF_END

Data arrived...
DF_BEGIN
IQ:0,0,11,23,-152
IQ:1,8,11,-145,-9
IQ:2,16,11,9,147
IQ:3,24,11,148,-30
IQ:4,32,11,-31,-149
IQ:5,40,11,-142,50
IQ:6,48,11,55,130
IQ:7,56,11,121,-81
IQ:8,72,12,-232,114
IQ:9,80,255,106,244
IQ:10,88,1,265,-63
IQ:11,96,255,-40,-257
IQ:12,104,2,-155,-15
IQ:13,112,255,25,95
IQ:14,120,10,40,-148
IQ:15,128,255,-205,-80
IQ:16,136,3,-216,154
IQ:17,144,255,92,148
IQ:18,152,9,-7,-114
IQ:19,160,255,-214,7
IQ:20,168,4,-184,208
IQ:21,176,255,134,120
IQ:22,184,8,-39,-96
IQ:23,192,255,-113,78
IQ:24,200,7,135,166
IQ:25,208,255,188,-120
IQ:26,216,6,-81,-174
IQ:27,224,255,-215,117
IQ:28,232,5,49,282
IQ:29,240,255,195,-63
IQ:30,248,12,-215,-123
IQ:31,256,255,-128,243
IQ:32,264,1,209,177
IQ:33,272,255,169,-199
IQ:34,280,2,-78,-142
IQ:35,288,255,-58,60
SW:2
RR:3
SS:3
FR:2426
ME:7
MA:97
KE:11
KA:96
DF_END

Data arrived...
DF_BEGIN
IQ:0,0,11,132,106
IQ:1,8,11,102,-138
IQ:2,16,11,-152,-84
IQ:3,24,11,-73,151
IQ:4,32,11,163,56
IQ:5,40,11,39,-169
IQ:6,48,11,-176,-35
IQ:7,56,11,-4,167
IQ:8,72,12,290,-189
IQ:9,80,255,-168,-287
IQ:10,88,1,-321,100
IQ:11,96,255,42,314
IQ:12,104,2,175,133
IQ:13,112,255,110,-68
IQ:14,120,10,73,74
IQ:15,128,255,178,-8
IQ:16,136,3,246,-81
IQ:17,144,255,27,-138
IQ:18,152,9,104,33
IQ:19,160,255,173,-66
IQ:20,168,4,230,-154
IQ:21,176,255,-31,-146
IQ:22,184,8,115,-1
IQ:23,192,255,20,-143
IQ:24,200,7,-252,-88
IQ:25,208,255,-155,214
IQ:26,216,6,79,114
IQ:27,224,255,151,-134
IQ:28,232,5,-28,-277
IQ:29,240,255,-125,41
IQ:30,248,12,325,107
IQ:31,256,255,146,-308
IQ:32,264,1,-266,-209
IQ:33,272,255,-235,214
IQ:34,280,2,-10,223
IQ:35,288,255,100,82
SW:2
RR:3
SS:3
FR:2402
ME:19
MA:100
KE:12
KA:97
DF_END

Data arrived...
DF_BEGIN
IQ:0,0,11,17,162
IQ:1,8,11,168,-48
IQ:2,16,11,-61,-153
IQ:3,24,11,-146,98
IQ:4,32,11,100,151
IQ:5,40,11,129,-117
IQ:6,48,11,-124,-131
IQ:7,56,11,-119,121
IQ:8,72,12,333,60
IQ:9,80,255,55,-326
IQ:10,88,1,-325,-114
IQ:11,96,255,-158,270
IQ:12,104,2,63,212
IQ:13,112,255,125,19
IQ:14,120,10,11,96
IQ:15,128,255,142,100
IQ:16,136,3,241,96
IQ:17,144,255,109,-73
IQ:18,152,9,59,94
IQ:19,160,255,180,58
IQ:20,168,4,274,29
IQ:21,176,255,52,-126
IQ:22,184,8,82,59
IQ:23,192,255,98,-105
IQ:24,200,7,-140,-226
IQ:25,208,255,-247,87
IQ:26,216,6,-7,142
IQ:27,224,255,203,-12
IQ:28,232,5,134,-235
IQ:29,240,255,-131,-39
IQ:30,248,12,175,310
IQ:31,256,255,302,-132
IQ:32,264,1,-75,-322
IQ:33,272,255,-319,20
IQ:34,280,2,-140,175
IQ:35,288,255,36,120
SW:2
RR:3
SS:3
FR:2402
ME:19
MA:103
KE:13
KA:97
DF_END

Data arrived...
DF_BEGIN
IQ:0,0,11,67,-148
IQ:1,8,11,-160,-59
IQ:2,16,11,-46,154
IQ:3,24,11,164,42
IQ:4,32,11,29,-168
IQ:5,40,11,-170,-11
IQ:6,48,11,25,170
IQ:7,56,11,166,-36
IQ:8,72,12,-168,-83
IQ:9,80,255,-97,166
IQ:10,88,1,124,101
IQ:11,96,255,97,-105
IQ:12,104,2,-41,-24
IQ:13,112,255,-8,34
IQ:14,120,10,28,-111
IQ:15,128,255,-100,-113
IQ:16,136,3,-110,-38
IQ:17,144,255,-26,48
IQ:18,152,9,-16,-96
IQ:19,160,255,-124,-60
IQ:20,168,4,-106,2
IQ:21,176,255,6,56
IQ:22,184,8,-73,-100
IQ:23,192,255,-140,49
IQ:24,200,7,25,221
IQ:25,208,255,216,16
IQ:26,216,6,46,-104
IQ:27,224,255,-142,-73
IQ:28,232,5,-121,56
IQ:29,240,255,44,28
IQ:30,248,12,-39,-190
IQ:31,256,255,-193,15
IQ:32,264,1,-1,167
IQ:33,272,255,144,11
IQ:34,280,2,-4,-54
IQ:35,288,255,-4,29
SW:2
RR:3
SS:3
FR:2480
ME:13
MA:97
KE:13
KA:97
DF_END

Data arrived...
DF_BEGIN
IQ:0,0,11,-2,114
IQ:1,8,11,139,-30
IQ:2,16,11,-45,-152
IQ:3,24,11,-157,27
IQ:4,32,11,63,116
IQ:5,40,11,129,-83
IQ:6,48,11,-88,-111
IQ:7,56,11,11,57
IQ:8,72,12,207,-159
IQ:9,80,255,-153,-203
IQ:10,88,1,-255,135
IQ:11,96,255,103,250
IQ:12,104,2,158,-8
IQ:13,112,255,-76,-72
IQ:14,120,10,-18,142
IQ:15,128,255,207,10
IQ:16,136,3,178,-189
IQ:17,144,255,-82,-86
IQ:18,152,9,50,98
IQ:19,160,255,185,-63
IQ:20,168,4,128,-251
IQ:21,176,255,-179,-101
IQ:22,184,8,66,74
IQ:23,192,255,111,-137
IQ:24,200,7,-188,-100
IQ:25,208,255,-163,177
IQ:26,216,6,104,156
IQ:27,224,255,183,-158
IQ:28,232,5,-84,-285
IQ:29,240,255,-156,87
IQ:30,248,12,238,74
IQ:31,256,255,173,-255
IQ:32,264,1,-257,-97
IQ:33,272,255,-98,234
IQ:34,280,2,99,111
IQ:35,288,255,-12,-27
SW:2
RR:3
SS:3
FR:2426
ME:16
MA:72
KE:13
KA:95
DF_END

Data arrived...
DF_BEGIN
IQ:0,0,11,11,-171
IQ:1,8,11,-175,-6
IQ:2,16,11,16,169
IQ:3,24,11,161,-40
IQ:4,32,11,-44,-172
IQ:5,40,11,-167,70
IQ:6,48,11,59,146
IQ:7,56,11,139,-70
IQ:8,72,12,-313,-132
IQ:9,80,255,-137,302
IQ:10,88,1,264,200
IQ:11,96,255,232,-239
IQ:12,104,2,5,-211
IQ:13,112,255,-97,-47
IQ:14,120,10,24,-112
IQ:15,128,255,-117,-144
IQ:16,136,3,-197,-166
IQ:17,144,255,-118,64
IQ:18,152,9,-41,-117
IQ:19,160,255,-173,-90
IQ:20,168,4,-269,-94
IQ:21,176,255,-98,102
IQ:22,184,8,-68,-84
IQ:23,192,255,-141,68
IQ:24,200,7,84,256
IQ:25,208,255,245,-34
IQ:26,216,6,42,-137
IQ:27,224,255,-211,-46
IQ:28,232,5,-206,176
IQ:29,240,255,96,78
IQ:30,248,12,-115,-331
IQ:31,256,255,-351,43
IQ:32,264,1,-23,339
IQ:33,272,255,309,71
IQ:34,280,2,177,-133
IQ:35,288,255,-3,-129
SW:2
RR:3
SS:3
FR:2402
ME:19
MA:105
KE:14
KA:96
DF_END

Data arrived...
DF_BEGIN
IQ:0,0,11,208,-48
IQ:1,8,11,-71,-208
IQ:2,16,11,-198,86
IQ:3,24,11,128,190
IQ:4,32,11,164,-137
IQ:5,40,11,-159,-143
IQ:6,48,11,-137,170
IQ:7,56,11,173,122
IQ:8,72,12,-58,-237
IQ:9,80,255,-233,73
IQ:10,88,1,25,219
IQ:11,96,255,195,-7
IQ:12,104,2,-12,-73
IQ:13,112,255,-38,24
IQ:14,120,10,134,-60
IQ:15,128,255,28,-194
IQ:16,136,3,-75,-134
IQ:17,144,255,-70,24
IQ:18,152,9,73,-111
IQ:19,160,255,-49,-163
IQ:20,168,4,-99,-88
IQ:21,176,255,-48,64
IQ:22,184,8,19,-152
IQ:23,192,255,-178,-70
IQ:24,200,7,-206,224
IQ:25,208,255,168,235
IQ:26,216,6,138,-61
IQ:27,224,255,-64,-181
IQ:28,232,5,-168,-38
IQ:29,240,255,14,77
IQ:30,248,12,131,-210
IQ:31,256,255,-201,-154
IQ:32,264,1,-141,174
IQ:33,272,255,133,150
IQ:34,280,2,57,-41
IQ:35,288,255,-31,24
SW:2
RR:3
SS:3
FR:2480
ME:13
MA:94
KE:14
KA:96
DF_END

Data arrived...
DF_BEGIN
IQ:0,0,11,133,97
IQ:1,8,11,78,-155
IQ:2,16,11,-153,-65
IQ:3,24,11,-46,155
IQ:4,32,11,170,29
IQ:5,40,11,26,-159
IQ:6,48,11,-162,8
IQ:7,56,11,21,166
IQ:8,72,12,96,-166
IQ:9,80,255,-154,-109
IQ:10,88,1,-128,114
IQ:11,96,255,89,123
IQ:12,104,2,38,-42
IQ:13,112,255,-32,-3
IQ:14,120,10,103,49
IQ:15,128,255,124,-90
IQ:16,136,3,46,-112
IQ:17,144,255,-46,-28
IQ:18,152,9,97,-1
IQ:19,160,255,67,-117
IQ:20,168,4,4,-110
IQ:21,176,255,-55,4
IQ:22,184,8,108,-62
IQ:23,192,255,-41,-138
IQ:24,200,7,-230,-4
IQ:25,208,255,-50,206
IQ:26,216,6,107,50
IQ:27,224,255,72,-136
IQ:28,232,5,-41,-118
IQ:29,240,255,-34,42
IQ:30,248,12,190,-28
IQ:31,256,255,-8,-194
IQ:32,264,1,-167,-23
IQ:33,272,255,-33,147
IQ:34,280,2,49,10
IQ:35,288,255,-30,-6
SW:2
RR:3
SS:3
FR:2480
ME:13
MA:97
KE:14
KA:96
DF_END

Data arrived...
DF_BEGIN
IQ:0,0,11,-154,5
IQ:1,8,11,18,153
IQ:2,16,11,140,-43
IQ:3,24,11,-59,-139
IQ:4,32,11,-138,67
IQ:5,40,11,85,125
IQ:6,48,11,112,-95
IQ:7,56,11,-111,-112
IQ:8,72,12,161,179
IQ:9,80,255,198,-189
IQ:10,88,1,-145,-243
IQ:11,96,255,-241,121
IQ:12,104,2,25,153
IQ:13,112,255,91,-49
IQ:14,120,10,-146,-8
IQ:15,128,255,-40,218
IQ:16,136,3,199,176
IQ:17,144,255,120,-124
IQ:18,152,9,-105,51
IQ:19,160,255,64,204
IQ:20,168,4,252,130
IQ:21,176,255,94,-158
IQ:22,184,8,-81,69
IQ:23,192,255,107,104
IQ:24,200,7,131,-160
IQ:25,208,255,-163,-161
IQ:26,216,6,-164,106
IQ:27,224,255,169,173
IQ:28,232,5,264,-128
IQ:29,240,255,-106,-176
IQ:30,248,12,-71,240
IQ:31,256,255,255,81
IQ:32,264,1,119,-257
IQ:33,272,255,-229,-126
IQ:34,280,2,-116,107
IQ:35,288,255,79,56
SW:2
RR:3
SS:3
FR:2426
ME:10
MA:89
KE:13
KA:95
DF_END

Data arrived...
DF_BEGIN
IQ:0,0,11,-169,19
IQ:1,8,11,33,164
IQ:2,16,11,155,-66
IQ:3,24,11,-67,-155
IQ:4,32,11,-144,83
IQ:5,40,11,93,126
IQ:6,48,11,125,-115
IQ:7,56,11,-108,-121
IQ:8,72,12,-9,350
IQ:9,80,255,331,50
IQ:10,88,1,141,-314
IQ:11,96,255,-281,-165
IQ:12,104,2,-218,74
IQ:13,112,255,-23,124
IQ:14,120,10,-99,19
IQ:15,128,255,-96,151
IQ:16,136,3,-123,239
IQ:17,144,255,85,112
IQ:18,152,9,-91,60
IQ:19,160,255,-52,172
IQ:20,168,4,-49,273
IQ:21,176,255,135,65
IQ:22,184,8,-71,91
IQ:23,192,255,94,106
IQ:24,200,7,233,-130
IQ:25,208,255,-76,-247
IQ:26,216,6,-138,-3
IQ:27,224,255,5,209
IQ:28,232,5,231,139
IQ:29,240,255,50,-139
IQ:30,248,12,-314,160
IQ:31,256,255,123,314
IQ:32,264,1,331,-68
IQ:33,272,255,-38,-314
IQ:34,280,2,-179,-149
IQ:35,288,255,-137,26
SW:2
RR:3
SS:3
FR:2402
ME:19
MA:103
KE:14
KA:96
DF_END

Data arrived...
DF_BEGIN
IQ:0,0,11,94,-140
IQ:1,8,11,-149,-73
IQ:2,16,11,-67,155
IQ:3,24,11,166,44
IQ:4,32,11,46,-165
IQ:5,40,11,-170,-7
IQ:6,48,11,-7,164
IQ:7,56,11,160,-12
IQ:8,72,12,-226,-273
IQ:9,80,255,-242,219
IQ:10,88,1,170,297
IQ:11,96,255,325,-78
IQ:12,104,2,106,-197
IQ:13,112,255,-85,-89
IQ:14,120,10,58,-80
IQ:15,128,255,-29,-178
IQ:16,136,3,-108,-248
IQ:17,144,255,-150,0
IQ:18,152,9,16,-105
IQ:19,160,255,-98,-162
IQ:20,168,4,-191,-213
IQ:21,176,255,-135,56
IQ:22,184,8,-14,-113
IQ:23,192,255,-147,5
IQ:24,200,7,-56,254
IQ:25,208,255,240,99
IQ:26,216,6,97,-103
IQ:27,224,255,-155,-139
IQ:28,232,5,-270,70
IQ:29,240,255,65,124
IQ:30,248,12,59,-338
IQ:31,256,255,-328,-78
IQ:32,264,1,-168,299
IQ:33,272,255,267,183
IQ:34,280,2,220,-25
IQ:35,288,255,63,-123
SW:2
RR:3
SS:3
FR:2402
ME:19
MA:103
KE:14
KA:96
DF_END

Data arrived...
DF_BEGIN
IQ:0,0,11,26,165
IQ:1,8,11,161,-38
IQ:2,16,11,-48,-155
IQ:3,24,11,-147,70
IQ:4,32,11,89,139
IQ:5,40,11,125,-96
IQ:6,48,11,-124,-122
IQ:7,56,11,-105,122
IQ:8,72,12,187,-48
IQ:9,80,255,-21,-188
IQ:10,88,1,-171,-20
IQ:11,96,255,-24,143
IQ:12,104,2,50,-3
IQ:13,112,255,-15,-28
IQ:14,120,10,35,105
IQ:15,128,255,143,32
IQ:16,136,3,108,-28
IQ:17,144,255,-17,-54
IQ:18,152,9,72,71
IQ:19,160,255,129,-25
IQ:20,168,4,81,-60
IQ:21,176,255,-39,-38
IQ:22,184,8,111,31
IQ:23,192,255,78,-129
IQ:24,200,7,-144,-172
IQ:25,208,255,-187,113
IQ:26,216,6,21,110
IQ:27,224,255,144,-19
IQ:28,232,5,47,-119
IQ:29,240,255,-57,-3
IQ:30,248,12,132,126
IQ:31,256,255,137,-130
IQ:32,264,1,-89,-135
IQ:33,272,255,-133,73
IQ:34,280,2,28,48
IQ:35,288,255,-19,-28
SW:2
RR:3
SS:3
FR:2480
ME:13
MA:94
KE:14
KA:96
DF_END

Data arrived...
DF_BEGIN
IQ:0,0,11,163,-112
IQ:1,8,11,-126,-158
IQ:2,16,11,-137,145
IQ:3,24,11,156,130
IQ:4,32,11,116,-150
IQ:5,40,11,-175,-84
IQ:6,48,11,-78,181
IQ:7,56,11,187,69
IQ:8,72,12,-291,-130
IQ:9,80,255,-138,327
IQ:10,88,1,291,211
IQ:11,96,255,213,-266
IQ:12,104,2,-129,-163
IQ:13,112,255,-72,109
IQ:14,120,10,169,-93
IQ:15,128,255,-102,-266
IQ:16,136,3,-340,-95
IQ:17,144,255,-61,220
IQ:18,152,9,80,-127
IQ:19,160,255,-198,-190
IQ:20,168,4,-368,19
IQ:21,176,255,3,253
IQ:22,184,8,55,-133
IQ:23,192,255,-195,-44
IQ:24,200,7,-57,268
IQ:25,208,255,284,75
IQ:26,216,6,85,-234
IQ:27,224,255,-311,-114
IQ:28,232,5,-248,295
IQ:29,240,255,210,144
IQ:30,248,12,-86,-320
IQ:31,256,255,-343,74
IQ:32,264,1,13,363
IQ:33,272,255,347,9
IQ:34,280,2,64,-192
IQ:35,288,255,-115,-19
SW:2
RR:3
SS:3
FR:2426
ME:7
MA:100
KE:14
KA:96
DF_END

Data arrived...
DF_BEGIN
IQ:0,0,11,-178,-41
IQ:1,8,11,-37,172
IQ:2,16,11,166,10
IQ:3,24,11,-16,-165
IQ:4,32,11,-174,30
IQ:5,40,11,29,168
IQ:6,48,11,165,-36
IQ:7,56,11,-70,-158
IQ:8,72,12,-177,304
IQ:9,80,255,284,187
IQ:10,88,1,242,-250
IQ:11,96,255,-184,-273
IQ:12,104,2,-218,-28
IQ:13,112,255,-58,110
IQ:14,120,10,-100,-34
IQ:15,128,255,-164,92
IQ:16,136,3,-184,197
IQ:17,144,255,45,123
IQ:18,152,9,-112,20
IQ:19,160,255,-126,146
IQ:20,168,4,-140,256
IQ:21,176,255,94,100
IQ:22,184,8,-96,63
IQ:23,192,255,57,148
IQ:24,200,7,264,-16
IQ:25,208,255,27,-256
IQ:26,216,6,-128,-74
IQ:27,224,255,-74,200
IQ:28,232,5,171,216
IQ:29,240,255,89,-117
IQ:30,248,12,-349,58
IQ:31,256,255,-2,344
IQ:32,264,1,336,43
IQ:33,272,255,82,-312
IQ:34,280,2,-111,-197
IQ:35,288,255,-126,-21
SW:2
RR:3
SS:3
FR:2402
ME:19
MA:103
KE:14
KA:97
DF_END

Data arrived...
DF_BEGIN
IQ:0,0,11,174,9
IQ:1,8,11,-8,-179
IQ:2,16,11,-173,28
IQ:3,24,11,38,164
IQ:4,32,11,165,-50
IQ:5,40,11,-71,-150
IQ:6,48,11,-155,72
IQ:7,56,11,99,140
IQ:8,72,12,138,-310
IQ:9,80,255,-318,-108
IQ:10,88,1,-205,274
IQ:11,96,255,228,249
IQ:12,104,2,215,-13
IQ:13,112,255,23,-114
IQ:14,120,10,99,0
IQ:15,128,255,133,-119
IQ:16,136,3,164,-209
IQ:17,144,255,-60,-124
IQ:18,152,9,109,-34
IQ:19,160,255,101,-161
IQ:20,168,4,74,-268
IQ:21,176,255,-107,-92
IQ:22,184,8,89,-63
IQ:23,192,255,-75,-125
IQ:24,200,7,-256,76
IQ:25,208,255,9,271
IQ:26,216,6,128,46
IQ:27,224,255,45,-206
IQ:28,232,5,-199,-190
IQ:29,240,255,-68,121
IQ:30,248,12,340,-89
IQ:31,256,255,-80,-320
IQ:32,264,1,-349,14
IQ:33,272,255,-60,321
IQ:34,280,2,128,183
IQ:35,288,255,129,9
SW:2
RR:3
SS:3
FR:2402
ME:19
MA:103
KE:15
KA:98
DF_END

Data arrived...
DF_BEGIN
IQ:0,0,11,154,81
IQ:1,8,11,63,-149
IQ:2,16,11,-163,-45
IQ:3,24,11,-24,166
IQ:4,32,11,168,7
IQ:5,40,11,-19,-156
IQ:6,48,11,-160,50
IQ:7,56,11,51,170
IQ:8,72,12,73,-176
IQ:9,80,255,-167,-83
IQ:10,88,1,-106,136
IQ:11,96,255,111,111
IQ:12,104,2,34,-38
IQ:13,112,255,-39,0
IQ:14,120,10,112,32
IQ:15,128,255,111,-101
IQ:16,136,3,27,-111
IQ:17,144,255,-51,-9
IQ:18,152,9,100,-13
IQ:19,160,255,54,-121
IQ:20,168,4,-10,-96
IQ:21,176,255,-54,22
IQ:22,184,8,96,-77
IQ:23,192,255,-59,-133
IQ:24,200,7,-223,31
IQ:25,208,255,-21,222
IQ:26,216,6,113,51
IQ:27,224,255,68,-130
IQ:28,232,5,-72,-104
IQ:29,240,255,-23,59
IQ:30,248,12,183,-45
IQ:31,256,255,-36,-180
IQ:32,264,1,-163,17
IQ:33,272,255,-2,156
IQ:34,280,2,57,6
IQ:35,288,255,-26,-4
SW:2
RR:3
SS:3
FR:2480
ME:16
MA:91
KE:15
KA:97
DF_END

Data arrived...
DF_BEGIN
IQ:0,0,11,-86,132
IQ:1,8,11,137,59
IQ:2,16,11,44,-146
IQ:3,24,11,-153,-33
IQ:4,32,11,-20,150
IQ:5,40,11,154,16
IQ:6,48,11,2,-149
IQ:7,56,11,-150,16
IQ:8,72,12,249,-36
IQ:9,80,255,-31,-273
IQ:10,88,1,-276,-31
IQ:11,96,255,-51,258
IQ:12,104,2,136,78
IQ:13,112,255,13,-104
IQ:14,120,10,-88,121
IQ:15,128,255,172,132
IQ:16,136,3,263,-69
IQ:17,144,255,-45,-166
IQ:18,152,9,-13,118
IQ:19,160,255,202,61
IQ:20,168,4,240,-138
IQ:21,176,255,-79,-168
IQ:22,184,8,13,113
IQ:23,192,255,146,-30
IQ:24,200,7,-63,-192
IQ:25,208,255,-226,47
IQ:26,216,6,14,192
IQ:27,224,255,246,-32
IQ:28,232,5,70,-283
IQ:29,240,255,-196,-26
IQ:30,248,12,170,180
IQ:31,256,255,198,-183
IQ:32,264,1,-141,-240
IQ:33,272,255,-233,112
IQ:34,280,2,9,160
IQ:35,288,255,80,-37
SW:2
RR:3
SS:3
FR:2426
ME:7
MA:103
KE:14
KA:97
DF_END

Data arrived...
DF_BEGIN
IQ:0,0,11,127,-105
IQ:1,8,11,-119,-137
IQ:2,16,11,-120,116
IQ:3,24,11,128,105
IQ:4,32,11,78,-152
IQ:5,40,11,-158,-61
IQ:6,48,11,-67,157
IQ:7,56,11,155,60
IQ:8,72,12,-127,-334
IQ:9,80,255,-316,105
IQ:10,88,1,46,334
IQ:11,96,255,324,40
IQ:12,104,2,166,-157
IQ:13,112,255,-52,-109
IQ:14,120,10,81,-54
IQ:15,128,255,37,-170
IQ:16,136,3,-18,-266
IQ:17,144,255,-125,-42
IQ:18,152,9,55,-105
IQ:19,160,255,-33,-190
IQ:20,168,4,-119,-269
IQ:21,176,255,-150,-1
IQ:22,184,8,24,-103
IQ:23,192,255,-142,-62
IQ:24,200,7,-