IQ:25,208,255,-62,-220
IQ:26,216,6,-193,18
IQ:27,224,255,50,240
IQ:28,232,5,281,41
IQ:29,240,255,11,-203
IQ:30,248,12,-185,170
IQ:31,256,255,187,188
IQ:32,264,1,221,-178
IQ:33,272,255,-123,-238
IQ:34,280,2,-155,27
IQ:35,288,255,37,80
SW:2
RR:3
SS:3
FR:2426
ME:7
MA:100
KE:12
KA:98
DF_END

Data arrived...
DF_BEGIN
IQ:0,0,11,-108,137
IQ:1,8,11,153,88
IQ:2,16,11,80,-156
IQ:3,24,11,-164,-55
IQ:4,32,11,-50,164
IQ:5,40,11,162,35
IQ:6,48,11,26,-173
IQ:7,56,11,-167,-4
IQ:8,72,12,215,282
IQ:9,80,255,279,-203
IQ:10,88,1,-145,-327
IQ:11,96,255,-326,51
IQ:12,104,2,-109,200
IQ:13,112,255,78,87
IQ:14,120,10,-74,80
IQ:15,128,255,19,190
IQ:16,136,3,91,240
IQ:17,144,255,142,4
IQ:18,152,9,-28,98
IQ:19,160,255,81,176
IQ:20,168,4,173,224
IQ:21,176,255,134,-47
IQ:22,184,8,-6,105
IQ:23,192,255,153,15
IQ:24,200,7,86,-257
IQ:25,208,255,-215,-152
IQ:26,216,6,-125,83
IQ:27,224,255,123,166
IQ:28,232,5,272,-47
IQ:29,240,255,-52,-134
IQ:30,248,12,-132,339
IQ:31,256,255,308,158
IQ:32,264,1,226,-268
IQ:33,272,255,-222,-234
IQ:34,280,2,-219,5
IQ:35,288,255,-79,110
SW:2
RR:3
SS:3
FR:2402
ME:16
MA:103
KE:13
KA:99
DF_END

Data arrived...
DF_BEGIN
IQ:0,0,11,-64,-172
IQ:1,8,11,-155,86
IQ:2,16,11,93,147
IQ:3,24,11,131,-118
IQ:4,32,11,-131,-130
IQ:5,40,11,-113,139
IQ:6,48,11,150,89
IQ:7,56,11,87,-162
IQ:8,72,12,-173,80
IQ:9,80,255,84,179
IQ:10,88,1,174,-41
IQ:11,96,255,-31,-151
IQ:12,104,2,-51,26
IQ:13,112,255,36,25
IQ:14,120,10,-63,-111
IQ:15,128,255,-166,-3
IQ:16,136,3,-101,63
IQ:17,144,255,26,43
IQ:18,152,9,-83,-61
IQ:19,160,255,-125,61
IQ:20,168,4,-66,87
IQ:21,176,255,54,24
IQ:22,184,8,-128,-20
IQ:23,192,255,-54,145
IQ:24,200,7,184,127
IQ:25,208,255,161,-160
IQ:26,216,6,-58,-117
IQ:27,224,255,-141,51
IQ:28,232,5,-22,132
IQ:29,240,255,60,-25
IQ:30,248,12,-162,-100
IQ:31,256,255,-114,160
IQ:32,264,1,135,109
IQ:33,272,255,108,-108
IQ:34,280,2,-47,-39
IQ:35,288,255,19,33
SW:2
RR:3
SS:3
FR:2480
ME:13
MA:94
KE:13
KA:98
DF_END

Data arrived...
DF_BEGIN
IQ:0,0,11,-46,145
IQ:1,8,11,150,36
IQ:2,16,11,18,-146
IQ:3,24,11,-156,7
IQ:4,32,11,14,143
IQ:5,40,11,153,-18
IQ:6,48,11,-45,-140
IQ:7,56,11,-145,50
IQ:8,72,12,223,-80
IQ:9,80,255,-92,-250
IQ:10,88,1,-274,38
IQ:11,96,255,11,265
IQ:12,104,2,144,39
IQ:13,112,255,-7,-106
IQ:14,120,10,-61,131
IQ:15,128,255,194,105
IQ:16,136,3,249,-128
IQ:17,144,255,-66,-172
IQ:18,152,9,7,116
IQ:19,160,255,211,11
IQ:20,168,4,217,-190
IQ:21,176,255,-103,-151
IQ:22,184,8,30,102
IQ:23,192,255,139,-55
IQ:24,200,7,-92,-190
IQ:25,208,255,-206,80
IQ:26,216,6,40,180
IQ:27,224,255,232,-99
IQ:28,232,5,35,-301
IQ:29,240,255,-194,-20
IQ:30,248,12,190,141
IQ:31,256,255,155,-212
IQ:32,264,1,-189,-214
IQ:33,272,255,-223,152
IQ:34,280,2,42,151
IQ:35,288,255,77,-50
SW:2
RR:3
SS:3
FR:2426
ME:7
MA:97
KE:12
KA:98
DF_END

Data arrived...
DF_BEGIN
IQ:0,0,11,161,27
IQ:1,8,11,2,-167
IQ:2,16,11,-172,10
IQ:3,24,11,16,165
IQ:4,32,11,165,-25
IQ:5,40,11,-53,-166
IQ:6,48,11,-160,68
IQ:7,56,11,78,154
IQ:8,72,12,133,-324
IQ:9,80,255,-309,-161
IQ:10,88,1,-235,266
IQ:11,96,255,219,261
IQ:12,104,2,221,11
IQ:13,112,255,44,-112
IQ:14,120,10,101,30
IQ:15,128,255,152,-101
IQ:16,136,3,167,-211
IQ:17,144,255,-62,-126
IQ:18,152,9,108,-21
IQ:19,160,255,100,-154
IQ:20,168,4,97,-270
IQ:21,176,255,-107,-110
IQ:22,184,8,85,-55
IQ:23,192,255,-53,-140
IQ:24,200,7,-270,29
IQ:25,208,255,-22,259
IQ:26,216,6,128,59
IQ:27,224,255,72,-199
IQ:28,232,5,-181,-214
IQ:29,240,255,-87,113
IQ:30,248,12,349,-48
IQ:31,256,255,-22,-348
IQ:32,264,1,-347,-52
IQ:33,272,255,-120,307
IQ:34,280,2,106,193
IQ:35,288,255,131,14
SW:2
RR:3
SS:3
FR:2402
ME:19
MA:103
KE:13
KA:99
DF_END

Data arrived...
DF_BEGIN
IQ:0,0,11,-169,-18
IQ:1,8,11,-6,172
IQ:2,16,11,163,-20
IQ:3,24,11,-34,-156
IQ:4,32,11,-159,49
IQ:5,40,11,56,161
IQ:6,48,11,157,-61
IQ:7,56,11,-88,-148
IQ:8,72,12,-152,329
IQ:9,80,255,308,154
IQ:10,88,1,220,-280
IQ:11,96,255,-209,-252
IQ:12,104,2,-219,-4
IQ:13,112,255,-49,111
IQ:14,120,10,-97,-29
IQ:15,128,255,-168,107
IQ:16,136,3,-183,191
IQ:17,144,255,60,129
IQ:18,152,9,-112,23
IQ:19,160,255,-111,151
IQ:20,168,4,-105,258
IQ:21,176,255,100,97
IQ:22,184,8,-89,61
IQ:23,192,255,52,144
IQ:24,200,7,272,-35
IQ:25,208,255,53,-262
IQ:26,216,6,-134,-60
IQ:27,224,255,-72,192
IQ:28,232,5,163,223
IQ:29,240,255,81,-117
IQ:30,248,12,-360,52
IQ:31,256,255,21,343
IQ:32,264,1,353,48
IQ:33,272,255,89,-316
IQ:34,280,2,-125,-197
IQ:35,288,255,-137,-10
SW:2
RR:3
SS:3
FR:2402
ME:19
MA:103
KE:13
KA:99
DF_END

Data arrived...
DF_BEGIN
IQ:0,0,11,164,-10
IQ:1,8,11,-24,-179
IQ:2,16,11,-184,34
IQ:3,24,11,54,171
IQ:4,32,11,169,-68
IQ:5,40,11,-76,-158
IQ:6,48,11,-147,100
IQ:7,56,11,117,133
IQ:8,72,12,1,-188
IQ:9,80,255,-186,-1
IQ:10,88,1,-24,173
IQ:11,96,255,147,41
IQ:12,104,2,9,-58
IQ:13,112,255,-34,17
IQ:14,120,10,115,-22
IQ:15,128,255,72,-154
IQ:16,136,3,-22,-110
IQ:17,144,255,-59,-6
IQ:18,152,9,90,-53
IQ:19,160,255,-3,-133
IQ:20,168,4,-69,-90
IQ:21,176,255,-55,30
IQ:22,184,8,56,-109
IQ:23,192,255,-117,-114
IQ:24,200,7,-205,120
IQ:25,208,255,53,214
IQ:26,216,6,114,-6
IQ:27,224,255,14,-154
IQ:28,232,5,-99,-81
IQ:29,240,255,-3,68
IQ:30,248,12,148,-109
IQ:31,256,255,-90,-183
IQ:32,264,1,-162,65
IQ:33,272,255,45,146
IQ:34,280,2,45,-33
IQ:35,288,255,-50,15
SW:2
RR:3
SS:3
FR:2480
ME:13
MA:97
KE:13
KA:99
DF_END

Data arrived...
DF_BEGIN
IQ:0,0,11,-14,149
IQ:1,8,11,148,-5
IQ:2,16,11,-22,-152
IQ:3,24,11,-148,41
IQ:4,32,11,31,150
IQ:5,40,11,144,-44
IQ:6,48,11,-59,-141
IQ:7,56,11,-134,81
IQ:8,72,12,222,-114
IQ:9,80,255,-119,-250
IQ:10,88,1,-272,76
IQ:11,96,255,44,265
IQ:12,104,2,149,30
IQ:13,112,255,-25,-96
IQ:14,120,10,-39,142
IQ:15,128,255,210,82
IQ:16,136,3,228,-161
IQ:17,144,255,-98,-151
IQ:18,152,9,22,114
IQ:19,160,255,211,0
IQ:20,168,4,182,-225
IQ:21,176,255,-131,-130
IQ:22,184,8,42,106
IQ:23,192,255,130,-71
IQ:24,200,7,-117,-174
IQ:25,208,255,-202,112
IQ:26,216,6,54,184
IQ:27,224,255,214,-117
IQ:28,232,5,-31,-301
IQ:29,240,255,-195,38
IQ:30,248,12,202,128
IQ:31,256,255,161,-214
IQ:32,264,1,-197,-193
IQ:33,272,255,-202,171
IQ:34,280,2,60,146
IQ:35,288,255,68,-54
SW:2
RR:3
SS:3
FR:2426
ME:7
MA:103
KE:12
KA:99
DF_END

Data arrived...
DF_BEGIN
IQ:0,0,11,116,-101
IQ:1,8,11,-109,-104
IQ:2,16,11,-87,122
IQ:3,24,11,124,81
IQ:4,32,11,65,-132
IQ:5,40,11,-150,-43
IQ:6,48,11,-53,146
IQ:7,56,11,148,24
IQ:8,72,12,-236,-59
IQ:9,80,255,-49,264
IQ:10,88,1,262,113
IQ:11,96,255,131,-235
IQ:12,104,2,-106,-117
IQ:13,112,255,-46,92
IQ:14,120,10,126,-72
IQ:15,128,255,-97,-207
IQ:16,136,3,-268,-31
IQ:17,144,255,-26,178
IQ:18,152,9,54,-105
IQ:19,160,255,-170,-142
IQ:20,168,4,-281,31
IQ:21,176,255,15,186
IQ:22,184,8,22,-106
IQ:23,192,255,-148,-23
IQ:24,200,7,-10,208
IQ:25,208,255,224,34
IQ:26,216,6,65,-177
IQ:27,224,255,-233,-43
IQ:28,232,5,-176,243
IQ:29,240,255,170,102
IQ:30,248,12,-55,-247
IQ:31,256,255,-260,50
IQ:32,264,1,18,265
IQ:33,272,255,266,-16
IQ:34,280,2,59,-151
IQ:35,288,255,-91,-5
SW:2
RR:3
SS:3
FR:2426
ME:10
MA:97
KE:12
KA:99
DF_END

Data arrived...
DF_BEGIN
IQ:0,0,11,86,129
IQ:1,8,11,124,-113
IQ:2,16,11,-119,-123
IQ:3,24,11,-106,127
IQ:4,32,11,140,86
IQ:5,40,11,82,-158
IQ:6,48,11,-160,-73
IQ:7,56,11,-59,158
IQ:8,72,12,345,-113
IQ:9,80,255,-91,-333
IQ:10,88,1,-346,16
IQ:11,96,255,-33,330
IQ:12,104,2,162,150
IQ:13,112,255,118,-43
IQ:14,120,10,54,84
IQ:15,128,255,183,37
IQ:16,136,3,264,-28
IQ:17,144,255,33,-131
IQ:18,152,9,96,49
IQ:19,160,255,192,-23
IQ:20,168,4,267,-91
IQ:21,176,255,4,-141
IQ:22,184,8,105,40
IQ:23,192,255,60,-138
IQ:24,200,7,-223,-151
IQ:25,208,255,-210,156
IQ:26,216,6,49,135
IQ:27,224,255,196,-100
IQ:28,232,5,35,-274
IQ:29,240,255,-146,12
IQ:30,248,12,278,215
IQ:31,256,255,231,-262
IQ:32,264,1,-178,-296
IQ:33,272,255,-300,145
IQ:34,280,2,-70,209
IQ:35,288,255,76,109
SW:2
RR:3
SS:3
FR:2402
ME:19
MA:103
KE:13
KA:100
DF_END

Data arrived...
DF_BEGIN
IQ:0,0,11,-139,119
IQ:1,8,11,134,111
IQ:2,16,11,107,-148
IQ:3,24,11,-153,-100
IQ:4,32,11,-61,169
IQ:5,40,11,171,42
IQ:6,48,11,23,-176
IQ:7,56,11,-182,-18
IQ:8,72,12,153,137
IQ:9,80,255,152,-138
IQ:10,88,1,-96,-155
IQ:11,96,255,-139,61
IQ:12,104,2,42,29
IQ:13,112,255,19,-48
IQ:14,120,10,-72,92
IQ:15,128,255,64,154
IQ:16,136,3,99,65
IQ:17,144,255,31,-38
IQ:18,152,9,-27,104
IQ:19,160,255,97,97
IQ:20,168,4,111,30
IQ:21,176,255,9,-64
IQ:22,184,8,27,123
IQ:23,192,255,153,-4
IQ:24,200,7,65,-224
IQ:25,208,255,-202,-107
IQ:26,216,6,-80,101
IQ:27,224,255,112,100
IQ:28,232,5,126,-24
IQ:29,240,255,-43,-39
IQ:30,248,12,-38,195
IQ:31,256,255,193,48
IQ:32,264,1,67,-167
IQ:33,272,255,-131,-81
IQ:34,280,2,-20,49
IQ:35,288,255,16,-39
SW:2
RR:3
SS:3
FR:2480
ME:13
MA:89
KE:13
KA:98
DF_END

Data arrived...
DF_BEGIN
IQ:0,0,11,-146,-47
IQ:1,8,11,-16,141
IQ:2,16,11,146,-7
IQ:3,24,11,-20,-152
IQ:4,32,11,-143,28
IQ:5,40,11,43,141
IQ:6,48,11,135,-66
IQ:7,56,11,-77,-136
IQ:8,72,12,98,223
IQ:9,80,255,240,-123
IQ:10,88,1,-63,-276
IQ:11,96,255,-269,35
IQ:12,104,2,-27,162
IQ:13,112,255,96,-24
IQ:14,120,10,-140,-36
IQ:15,128,255,-89,206
IQ:16,136,3,144,220
IQ:17,144,255,152,-85
IQ:18,152,9,-118,7
IQ:19,160,255,-8,217
IQ:20,168,4,189,206
IQ:21,176,255,129,-126
IQ:22,184,8,-105,38
IQ:23,192,255,63,127
IQ:24,200,7,178,-110
IQ:25,208,255,-108,-190
IQ:26,216,6,-180,61
IQ:27,224,255,113,212
IQ:28,232,5,297,-33
IQ:29,240,255,-22,-204
IQ:30,248,12,-144,199
IQ:31,256,255,213,168
IQ:32,264,1,195,-192
IQ:33,272,255,-177,-202
IQ:34,280,2,-150,52
IQ:35,288,255,44,76
SW:2
RR:3
SS:3
FR:2426
ME:10
MA:89
KE:12
KA:97
DF_END

Data arrived...
DF_BEGIN
IQ:0,0,11,100,-134
IQ:1,8,11,-143,-87
IQ:2,16,11,-65,155
IQ:3,24,11,166,62
IQ:4,32,11,29,-176
IQ:5,40,11,-161,-28
IQ:6,48,11,-12,181
IQ:7,56,11,177,-4
IQ:8,72,12,-272,-253
IQ:9,80,255,-271,222
IQ:10,88,1,166,318
IQ:11,96,255,329,-109
IQ:12,104,2,75,-210
IQ:13,112,255,-97,-83
IQ:14,120,10,71,-79
IQ:15,128,255,-29,-190
IQ:16,136,3,-135,-237
IQ:17,144,255,-149,4
IQ:18,152,9,42,-111
IQ:19,160,255,-78,-169
IQ:20,168,4,-193,-222
IQ:21,176,255,-144,46
IQ:22,184,8,11,-109
IQ:23,192,255,-152,-19
IQ:24,200,7,-61,274
IQ:25,208,255,229,134
IQ:26,216,6,100,-95
IQ:27,224,255,-168,-137
IQ:28,232,5,-270,84
IQ:29,240,255,71,136
IQ:30,248,12,74,-364
IQ:31,256,255,-333,-141
IQ:32,264,1,-210,278
IQ:33,272,255,244,212
IQ:34,280,2,240,-20
IQ:35,288,255,68,-106
SW:2
RR:3
SS:3
FR:2402
ME:16
MA:100
KE:13
KA:98
DF_END

Data arrived...
DF_BEGIN
IQ:0,0,11,-31,170
IQ:1,8,11,170,29
IQ:2,16,11,5,-170
IQ:3,24,11,-164,3
IQ:4,32,11,39,165
IQ:5,40,11,178,-39
IQ:6,48,11,-46,-156
IQ:7,56,11,-138,94
IQ:8,72,12,320,164
IQ:9,80,255,149,-313
IQ:10,88,1,-279,-209
IQ:11,96,255,-245,236
IQ:12,104,2,1,238
IQ:13,112,255,104,45
IQ:14,120,10,-37,110
IQ:15,128,255,106,166
IQ:16,136,3,203,165
IQ:17,144,255,123,-63
IQ:18,152,9,24,111
IQ:19,160,255,165,117
IQ:20,168,4,264,113
IQ:21,176,255,90,-112
IQ:22,184,8,36,87
IQ:23,192,255,147,-63
IQ:24,200,7,-39,-273
IQ:25,208,255,-277,-50
IQ:26,216,6,-59,134
IQ:27,224,255,212,68
IQ:28,232,5,203,-195
IQ:29,240,255,-115,-72
IQ:30,248,12,57,366
IQ:31,256,255,351,-4
IQ:32,264,1,55,-349
IQ:33,272,255,-327,-93
IQ:34,280,2,-205,108
IQ:35,288,255,-19,125
SW:2
RR:3
SS:3
FR:2402
ME:19
MA:100
KE:13
KA:98
DF_END

Data arrived...
DF_BEGIN
IQ:0,0,11,-53,176
IQ:1,8,11,184,44
IQ:2,16,11,11,-171
IQ:3,24,11,-179,20
IQ:4,32,11,25,180
IQ:5,40,11,184,-28
IQ:6,48,11,-49,-172
IQ:7,56,11,-169,68
IQ:8,72,12,201,31
IQ:9,80,255,35,-193
IQ:10,88,1,-165,-55
IQ:11,96,255,-65,138
IQ:12,104,2,61,10
IQ:13,112,255,-13,-45
IQ:14,120,10,-17,129
IQ:15,128,255,142,92
IQ:16,136,3,121,7
IQ:17,144,255,0,-57
IQ:18,152,9,28,106
IQ:19,160,255,141,38
IQ:20,168,4,110,-33
IQ:21,176,255,-22,-47
IQ:22,184,8,97,98
IQ:23,192,255,134,-77
IQ:24,200,7,-63,-226
IQ:25,208,255,-223,36
IQ:26,216,6,-13,123
IQ:27,224,255,154,41
IQ:28,232,5,94,-87
IQ:29,240,255,-62,-6
IQ:30,248,12,90,181
IQ:31,256,255,188,-67
IQ:32,264,1,-37,-179
IQ:33,272,255,-151,16
IQ:34,280,2,18,54
IQ:35,288,255,-1,-45
SW:2
RR:3
SS:3
FR:2480
ME:13
MA:97
KE:13
KA:98
DF_END

Data arrived...
DF_BEGIN
IQ:0,0,11,161,62
IQ:1,8,11,54,-164
IQ:2,16,11,-168,-35
IQ:3,24,11,-9,176
IQ:4,32,11,181,-14
IQ:5,40,11,-29,-165
IQ:6,48,11,-165,47
IQ:7,56,11,60,166
IQ:8,72,12,59,-182
IQ:9,80,255,-194,-45
IQ:10,88,1,-84,149
IQ:11,96,255,117,85
IQ:12,104,2,13,-59
IQ:13,112,255,-44,8
IQ:14,120,10,125,29
IQ:15,128,255,120,-108
IQ:16,136,3,27,-118
IQ:17,144,255,-53,-13
IQ:18,152,9,95,-22
IQ:19,160,255,55,-125
IQ:20,168,4,-9,-112
IQ:21,176,255,-58,13
IQ:22,184,8,93,-77
IQ:23,192,255,-70,-138
IQ:24,200,7,-221,31
IQ:25,208,255,-10,215
IQ:26,216,6,114,31
IQ:27,224,255,58,-145
IQ:28,232,5,-59,-109
IQ:29,240,255,-33,54
IQ:30,248,12,186,-58
IQ:31,256,255,-29,-194
IQ:32,264,1,-178,6
IQ:33,272,255,-2,147
IQ:34,280,2,60,-16
IQ:35,288,255,-34,-7
SW:2
RR:3
SS:3
FR:2480
ME:13
MA:89
KE:13
KA:97
DF_END

Data arrived...
DF_BEGIN
IQ:0,0,11,48,-58
IQ:1,8,11,-45,-102
IQ:2,16,11,-141,36
IQ:3,24,11,75,137
IQ:4,32,11,142,-63
IQ:5,40,11,-65,-76
IQ:6,48,11,-104,139
IQ:7,56,11,104,94
IQ:8,72,12,-190,-167
IQ:9,80,255,-153,211
IQ:10,88,1,154,215
IQ:11,96,255,366,-254
IQ:12,104,2,-52,-151
IQ:13,112,255,-60,86
IQ:14,120,10,146,-37
IQ:15,128,255,17,-246
IQ:16,136,3,-225,-155
IQ:17,144,255,-136,137
IQ:18,152,9,84,-71
IQ:19,160,255,-138,-182
IQ:20,168,4,-261,-116
IQ:21,176,255,-87,155
IQ:22,184,8,63,-52
IQ:23,192,255,-145,-106
IQ:24,200,7,-107,182
IQ:25,208,255,234,171
IQ:26,216,6,153,-99
IQ:27,224,255,-142,-73
IQ:28,232,5,-257,120
IQ:29,240,255,91,196
IQ:30,248,12,50,-222
IQ:31,256,255,-239,-53
IQ:32,264,1,-97,246
IQ:33,272,255,212,119
IQ:34,280,2,94,-125
IQ:35,288,255,-105,-153
SW:2
RR:3
SS:3
FR:2426
ME:356
MA:353
KE:12
KA:90
DF_END

Data arrived...
DF_BEGIN
IQ:0,0,11,132,-100
IQ:1,8,11,-124,-110
IQ:2,16,11,-112,130
IQ:3,24,11,132,91
IQ:4,32,11,83,-146
IQ:5,40,11,-143,-75
IQ:6,48,11,-57,158
IQ:7,56,11,157,40
IQ:8,72,12,-141,-345
IQ:9,80,255,-325,113
IQ:10,88,1,24,350
IQ:11,96,255,339,12
IQ:12,104,2,156,-168
IQ:13,112,255,-61,-122
IQ:14,120,10,90,-33
IQ:15,128,255,37,-182
IQ:16,136,3,-25,-279
IQ:17,144,255,-136,-52
IQ:18,152,9,61,-84
IQ:19,160,255,-10,-196
IQ:20,168,4,-106,-257
IQ:21,176,255,-146,21
IQ:22,184,8,41,-112
IQ:23,192,255,-133,-68
IQ:24,200,7,-154,223
IQ:25,208,255,181,207
IQ:26,216,6,142,-48
IQ:27,224,255,-89,-201
IQ:28,232,5,-274,-27
IQ:29,240,255,25,157
IQ:30,248,12,193,-314
IQ:31,256,255,-280,-232
IQ:32,264,1,-308,210
IQ:33,272,255,152,291
IQ:34,280,2,220,49
IQ:35,288,255,90,-97
SW:2
RR:3
SS:3
FR:2402
ME:16
MA:103
KE:12
KA:91
DF_END

Data arrived...
DF_BEGIN
IQ:0,0,11,20,-181
IQ:1,8,11,-182,5
IQ:2,16,11,13,171
IQ:3,24,11,167,-50
IQ:4,32,11,-64,-168
IQ:5,40,11,-165,74
IQ:6,48,11,84,156
IQ:7,56,11,139,-107
IQ:8,72,12,-205,6
IQ:9,80,255,-5,201
IQ:10,88,1,174,33
IQ:11,96,255,43,-152
IQ:12,104,2,-58,3
IQ:13,112,255,20,44
IQ:14,120,10,2,-128
IQ:15,128,255,-154,-81
IQ:16,136,3,-126,12
IQ:17,144,255,10,53
IQ:18,152,9,-47,-96
IQ:19,160,255,-144,-15
IQ:20,168,4,-102,58
IQ:21,176,255,37,54
IQ:22,184,8,-106,-78
IQ:23,192,255,-117,109
IQ:24,200,7,109,210
IQ:25,208,255,221,-61
IQ:26,216,6,-12,-132
IQ:27,224,255,-170,-1
IQ:28,232,5,-83,112
IQ:29,240,255,67,4
IQ:30,248,12,-111,-178
IQ:31,256,255,-184,95
IQ:32,264,1,64,174
IQ:33,272,255,149,-51
IQ:34,280,2,-32,-57
IQ:35,288,255,2,47
SW:2
RR:3
SS:3
FR:2480
ME:13
MA:94
KE:12
KA:91
DF_END

Data arrived...
DF_BEGIN
IQ:0,0,11,31,149
IQ:1,8,11,155,-27
IQ:2,16,11,-20,-149
IQ:3,24,11,-141,36
IQ:4,32,11,69,130
IQ:5,40,11,123,-76
IQ:6,48,11,-85,-122
IQ:7,56,11,-115,95
IQ:8,72,12,189,-146
IQ:9,80,255,-174,-215
IQ:10,88,1,-248,126
IQ:11,96,255,115,238
IQ:12,104,2,153,-13
IQ:13,112,255,-48,-92
IQ:14,120,10,-17,146
IQ:15,128,255,211,34
IQ:16,136,3,183,-213
IQ:17,144,255,-106,-140
IQ:18,152,9,53,103
IQ:19,160,255,216,-32
IQ:20,168,4,136,-239
IQ:21,176,255,-163,-81
IQ:22,184,8,66,84
IQ:23,192,255,105,-105
IQ:24,200,7,-149,-145
IQ:25,208,255,-175,156
IQ:26,216,6,94,162
IQ:27,224,255,190,-151
IQ:28,232,5,-95,-280
IQ:29,240,255,-191,77
IQ:30,248,12,234,79
IQ:31,256,255,106,-262
IQ:32,264,1,-232,-159
IQ:33,272,255,-150,217
IQ:34,280,2,92,129
IQ:35,288,255,63,-71
SW:2
RR:3
SS:3
FR:2426
ME:7
MA:97
KE:11
KA:91
DF_END

Data arrived...
DF_BEGIN
IQ:0,0,11,108,103
IQ:1,8,11,87,-113
IQ:2,16,11,-134,-71
IQ:3,24,11,-59,136
IQ:4,32,11,144,45
IQ:5,40,11,32,-151
IQ:6,48,11,-145,-31
IQ:7,56,11,-11,148
IQ:8,72,12,34,-245
IQ:9,80,255,-265,-33
IQ:10,88,1,-88,274
IQ:11,96,255,251,103
IQ:12,104,2,103,-128
IQ:13,112,255,-98,-36
IQ:14,120,10,92,121
IQ:15,128,255,182,-124
IQ:16,136,3,-12,-274
IQ:17,144,255,-180,13
IQ:18,152,9,112,38
IQ:19,160,255,112,-186
IQ:20,168,4,-97,-263
IQ:21,176,255,-188,57
IQ:22,184,8,108,16
IQ:23,192,255,12,-147
IQ:24,200,7,-206,12
IQ:25,208,255,-4,237
IQ:26,216,6,195,39
IQ:27,224,255,28,-246
IQ:28,232,5,-265,-125
IQ:29,240,255,-67,188
IQ:30,248,12,208,-130
IQ:31,256,255,-124,-248
IQ:32,264,1,-291,51
IQ:33,272,255,27,269
IQ:34,280,2,156,25
IQ:35,288,255,-6,-96
SW:2
RR:3
SS:3
FR:2426
ME:7
MA:100
KE:11
KA:92
DF_END

Data arrived...
DF_BEGIN
IQ:0,0,11,169,111
IQ:1,8,11,79,-196
IQ:2,16,11,-199,-83
IQ:3,24,11,-78,201
IQ:4,32,11,210,22
IQ:5,40,11,12,-211
IQ:6,48,11,-220,-1
IQ:7,56,11,18,210
IQ:8,72,12,332,-320
IQ:9,80,255,-279,-346
IQ:10,88,1,-377,213
IQ:11,96,255,158,377
IQ:12,104,2,275,109
IQ:13,112,255,87,-114
IQ:14,120,10,97,86
IQ:15,128,255,235,-46
IQ:16,136,3,285,-162
IQ:17,144,255,-29,-175
IQ:18,152,9,128,57
IQ:19,160,255,224,-112
IQ:20,168,4,257,-240
IQ:21,176,255,-58,-172
IQ:22,184,8,139,-5
IQ:23,192,255,22,-174
IQ:24,200,7,-338,-83
IQ:25,208,255,-177,297
IQ:26,216,6,132,147
IQ:27,224,255,171,-199
IQ