IQ:25,208,255,-160,169
IQ:26,216,6,80,82
IQ:27,224,255,46,-43
IQ:28,232,5,-51,75
IQ:29,240,255,41,90
IQ:30,248,12,-34,-34
IQ:31,256,255,-27,-31
IQ:32,264,1,25,-31
IQ:33,272,255,-16,10
IQ:34,280,2,-49,24
IQ:35,288,255,-64,74
SW:2
RR:3
SS:3
FR:2402
ME:33
MA:201
KE:18
KA:303
DF_END

Data arrived...
DF_BEGIN
IQ:0,0,11,-49,165
IQ:1,8,11,170,27
IQ:2,16,11,21,-170
IQ:3,24,11,-173,16
IQ:4,32,11,43,178
IQ:5,40,11,170,-50
IQ:6,48,11,-69,-164
IQ:7,56,11,-158,87
IQ:8,72,12,64,-107
IQ:9,80,255,-94,-71
IQ:10,88,1,-55,81
IQ:11,96,255,83,46
IQ:12,104,2,22,-84
IQ:13,112,255,-71,-15
IQ:14,120,10,57,95
IQ:15,128,255,121,-7
IQ:16,136,3,34,-57
IQ:17,144,255,-75,-33
IQ:18,152,9,-54,49
IQ:19,160,255,35,16
IQ:20,168,4,-17,-76
IQ:21,176,255,-88,28
IQ:22,184,8,-12,94
IQ:23,192,255,55,-12
IQ:24,200,7,-95,-102
IQ:25,208,255,-107,62
IQ:26,216,6,48,46
IQ:27,224,255,33,-51
IQ:28,232,5,-87,-6
IQ:29,240,255,-5,93
IQ:30,248,12,128,-1
IQ:31,256,255,12,-112
IQ:32,264,1,-94,15
IQ:33,272,255,6,93
IQ:34,280,2,85,-16
IQ:35,288,255,-61,-101
SW:2
RR:3
SS:3
FR:2480
ME:5
MA:5
KE:16
KA:322
DF_END

Data arrived...
DF_BEGIN
IQ:0,0,11,-124,-86
IQ:1,8,11,-75,130
IQ:2,16,11,135,51
IQ:3,24,11,26,-146
IQ:4,32,11,-153,-21
IQ:5,40,11,-11,150
IQ:6,48,11,152,9
IQ:7,56,11,-3,-153
IQ:8,72,12,85,102
IQ:9,80,255,99,-68
IQ:10,88,1,-76,-60
IQ:11,96,255,-69,51
IQ:12,104,2,84,60
IQ:13,112,255,40,-79
IQ:14,120,10,-92,45
IQ:15,128,255,-13,98
IQ:16,136,3,-15,48
IQ:17,144,255,23,-3
IQ:18,152,9,28,-52
IQ:19,160,255,-34,18
IQ:20,168,4,72,72
IQ:21,176,255,47,-46
IQ:22,184,8,-103,-68
IQ:23,192,255,-28,72
IQ:24,200,7,127,-15
IQ:25,208,255,-3,-106
IQ:26,216,6,-58,19
IQ:27,224,255,49,55
IQ:28,232,5,71,-74
IQ:29,240,255,-71,-56
IQ:30,248,12,-43,141
IQ:31,256,255,106,59
IQ:32,264,1,15,-99
IQ:33,272,255,-96,-10
IQ:34,280,2,24,90
IQ:35,288,255,118,-32
SW:2
RR:3
SS:3
FR:2426
ME:55
MA:192
KE:20
KA:301
DF_END

Data arrived...
DF_BEGIN
IQ:0,0,11,-100,150
IQ:1,8,11,151,87
IQ:2,16,11,65,-170
IQ:3,24,11,-161,-43
IQ:4,32,11,-37,160
IQ:5,40,11,175,-1
IQ:6,48,11,8,-176
IQ:7,56,11,-162,30
IQ:8,72,12,-4,-43
IQ:9,80,255,-15,-50
IQ:10,88,1,23,-22
IQ:11,96,255,-21,-18
IQ:12,104,2,-43,-9
IQ:13,112,255,-7,-24
IQ:14,120,10,80,-95
IQ:15,128,255,33,15
IQ:16,136,3,265,131
IQ:17,144,255,125,-231
IQ:18,152,9,-213,-124
IQ:19,160,255,-51,106
IQ:20,168,4,200,-222
IQ:21,176,255,-174,-208
IQ:22,184,8,-196,186
IQ:23,192,255,160,160
IQ:24,200,7,99,-251
IQ:25,208,255,-192,-143
IQ:26,216,6,-58,82
IQ:27,224,255,52,32
IQ:28,232,5,-64,-69
IQ:29,240,255,-78,40
IQ:30,248,12,33,-23
IQ:31,256,255,44,-25
IQ:32,264,1,26,6
IQ:33,272,255,2,-2
IQ:34,280,2,-16,-47
IQ:35,288,255,-84,-45
SW:2
RR:3
SS:3
FR:2402
ME:33
MA:201
KE:21
KA:272
DF_END

Data arrived...
DF_BEGIN
IQ:0,0,11,-174,-1
IQ:1,8,11,15,179
IQ:2,16,11,169,-35
IQ:3,24,11,-64,-177
IQ:4,32,11,-174,63
IQ:5,40,11,83,152
IQ:6,48,11,145,-105
IQ:7,56,11,-109,-138
IQ:8,72,12,121,38
IQ:9,80,255,45,-107
IQ:10,88,1,-91,-25
IQ:11,96,255,-18,94
IQ:12,104,2,83,6
IQ:13,112,255,-3,-76
IQ:14,120,10,-85,79
IQ:15,128,255,41,105
IQ:16,136,3,67,16
IQ:17,144,255,11,-77
IQ:18,152,9,-65,-41
IQ:19,160,255,-7,38
IQ:20,168,4,73,-44
IQ:21,176,255,-36,-84
IQ:22,184,8,-84,3
IQ:23,192,255,41,46
IQ:24,200,7,75,-117
IQ:25,208,255,-94,-76
IQ:26,216,6,-34,56
IQ:27,224,255,54,3
IQ:28,232,5,-19,-90
IQ:29,240,255,-88,23
IQ:30,248,12,33,114
IQ:31,256,255,105,-22
IQ:32,264,1,-44,-90
IQ:33,272,255,-87,38
IQ:34,280,2,43,70
IQ:35,288,255,79,-82
SW:2
RR:3
SS:3
FR:2480
ME:2
MA:353
KE:19
KA:300
DF_END

Data arrived...
DF_BEGIN
IQ:0,0,11,48,145
IQ:1,8,11,135,-57
IQ:2,16,11,-90,-122
IQ:3,24,11,-119,92
IQ:4,32,11,104,106
IQ:5,40,11,93,-113
IQ:6,48,11,-116,-95
IQ:7,56,11,-81,123
IQ:8,72,12,-16,-133
IQ:9,80,255,-120,1
IQ:10,88,1,24,97
IQ:11,96,255,94,-17
IQ:12,104,2,-42,-86
IQ:13,112,255,-77,26
IQ:14,120,10,94,30
IQ:15,128,255,78,-70
IQ:16,136,3,23,-26
IQ:17,144,255,-30,-18
IQ:18,152,9,-44,28
IQ:19,160,255,19,-4
IQ:20,168,4,-18,-95
IQ:21,176,255,-72,18
IQ:22,184,8,33,101
IQ:23,192,255,73,-37
IQ:24,200,7,-116,-58
IQ:25,208,255,-64,75
IQ:26,216,6,63,8
IQ:27,224,255,1,-63
IQ:28,232,5,-96,9
IQ:29,240,255,25,76
IQ:30,248,12,95,-94
IQ:31,256,255,-73,-95
IQ:32,264,1,-73,74
IQ:33,272,255,71,69
IQ:34,280,2,51,-83
IQ:35,288,255,-107,-53
SW:2
RR:3
SS:3
FR:2426
ME:5
MA:356
KE:17
KA:318
DF_END

Data arrived...
DF_BEGIN
IQ:0,0,11,67,114
IQ:1,8,11,116,-87
IQ:2,16,11,-91,-117
IQ:3,24,11,-108,96
IQ:4,32,11,106,90
IQ:5,40,11,83,-120
IQ:6,48,11,-120,-74
IQ:7,56,11,-62,121
IQ:8,72,12,-23,-24
IQ:9,80,255,-35,-22
IQ:10,88,1,-3,-26
IQ:11,96,255,-7,8
IQ:12,104,2,-25,26
IQ:13,112,255,-14,-4
IQ:14,120,10,-34,-86
IQ:15,128,255,20,-22
IQ:16,136,3,190,-148
IQ:17,144,255,-124,-186
IQ:18,152,9,-189,96
IQ:19,160,255,57,81
IQ:20,168,4,-36,-264
IQ:21,176,255,-223,-20
IQ:22,184,8,31,219
IQ:23,192,255,178,-27
IQ:24,200,7,-124,-181
IQ:25,208,255,-188,64
IQ:26,216,6,34,79
IQ:27,224,255,53,-27
IQ:28,232,5,-78,32
IQ:29,240,255,-5,73
IQ:30,248,12,0,-32
IQ:31,256,255,0,-36
IQ:32,264,1,17,-20
IQ:33,272,255,-9,0
IQ:34,280,2,-34,-8
IQ:35,288,255,-59,19
SW:2
RR:3
SS:3
FR:2402
ME:33
MA:201
KE:19
KA:294
DF_END

Data arrived...
DF_BEGIN
IQ:0,0,11,-163,44
IQ:1,8,11,59,169
IQ:2,16,11,158,-78
IQ:3,24,11,-94,-152
IQ:4,32,11,-151,93
IQ:5,40,11,105,135
IQ:6,48,11,125,-126
IQ:7,56,11,-147,-99
IQ:8,72,12,131,8
IQ:9,80,255,21,-120
IQ:10,88,1,-97,-3
IQ:11,96,255,-1,93
IQ:12,104,2,80,-11
IQ:13,112,255,-11,-72
IQ:14,120,10,-63,93
IQ:15,128,255,69,99
IQ:16,136,3,70,0
IQ:17,144,255,3,-73
IQ:18,152,9,-60,-26
IQ:19,160,255,2,38
IQ:20,168,4,58,-48
IQ:21,176,255,-60,-67
IQ:22,184,8,-87,26
IQ:23,192,255,39,57
IQ:24,200,7,54,-120
IQ:25,208,255,-103,-60
IQ:26,216,6,-19,65
IQ:27,224,255,59,5
IQ:28,232,5,-32,-82
IQ:29,240,255,-81,42
IQ:30,248,12,52,119
IQ:31,256,255,105,-37
IQ:32,264,1,-56,-80
IQ:33,272,255,-78,58
IQ:34,280,2,58,63
IQ:35,288,255,60,-97
SW:2
RR:3
SS:3
FR:2480
ME:2
MA:353
KE:17
KA:312
DF_END

Data arrived...
DF_BEGIN
IQ:0,0,11,70,128
IQ:1,8,11,121,-91
IQ:2,16,11,-102,-107
IQ:3,24,11,-89,125
IQ:4,32,11,123,90
IQ:5,40,11,84,-128
IQ:6,48,11,-140,-58
IQ:7,56,11,-44,144
IQ:8,72,12,-38,-137
IQ:9,80,255,-120,15
IQ:10,88,1,38,94
IQ:11,96,255,86,-33
IQ:12,104,2,-67,-73
IQ:13,112,255,-69,49
IQ:14,120,10,96,8
IQ:15,128,255,56,-84
IQ:16,136,3,22,-33
IQ:17,144,255,-36,-9
IQ:18,152,9,-38,37
IQ:19,160,255,23,-7
IQ:20,168,4,-34,-91
IQ:21,176,255,-71,32
IQ:22,184,8,56,94
IQ:23,192,255,54,-45
IQ:24,200,7,-122,-32
IQ:25,208,255,-42,97
IQ:26,216,6,59,-4
IQ:27,224,255,-29,-60
IQ:28,232,5,-91,39
IQ:29,240,255,39,75
IQ:30,248,12,86,-104
IQ:31,256,255,-88,-86
IQ:32,264,1,-56,79
IQ:33,272,255,74,46
IQ:34,280,2,18,-98
IQ:35,288,255,-119,-30
SW:2
RR:3
SS:3
FR:2426
ME:55
MA:189
KE:21
KA:286
DF_END

Data arrived...
DF_BEGIN
IQ:0,0,11,-161,69
IQ:1,8,11,84,151
IQ:2,16,11,128,-107
IQ:3,24,11,-111,-129
IQ:4,32,11,-131,129
IQ:5,40,11,134,103
IQ:6,48,11,88,-146
IQ:7,56,11,-152,-90
IQ:8,72,12,22,-32
IQ:9,80,255,22,-52
IQ:10,88,1,42,-4
IQ:11,96,255,-17,-4
IQ:12,104,2,-32,-40
IQ:13,112,255,16,-10
IQ:14,120,10,106,-64
IQ:15,128,255,17,21
IQ:16,136,3,153,260
IQ:17,144,255,230,-124
IQ:18,152,9,-122,-207
IQ:19,160,255,-64,73
IQ:20,168,4,315,-70
IQ:21,176,255,11,-284
IQ:22,184,8,-259,38
IQ:23,192,255,32,205
IQ:24,200,7,236,-139
IQ:25,208,255,-95,-236
IQ:26,216,6,-99,42
IQ:27,224,255,25,62
IQ:28,232,5,-42,-84
IQ:29,240,255,-86,-12
IQ:30,248,12,38,2
IQ:31,256,255,56,-28
IQ:32,264,1,33,23
IQ:33,272,255,-2,-21
IQ:34,280,2,9,-54
IQ:35,288,255,-28,-81
SW:2
RR:3
SS:3
FR:2402
ME:33
MA:201
KE:22
KA:256
DF_END

Data arrived...
DF_BEGIN
IQ:0,0,11,-25,143
IQ:1,8,11,139,3
IQ:2,16,11,-2,-153
IQ:3,24,11,-150,10
IQ:4,32,11,29,143
IQ:5,40,11,135,-56
IQ:6,48,11,-59,-139
IQ:7,56,11,-133,63
IQ:8,72,12,-13,-33
IQ:9,80,255,-23,-35
IQ:10,88,1,11,-29
IQ:11,96,255,-13,1
IQ:12,104,2,-34,13
IQ:13,112,255,-7,-10
IQ:14,120,10,17,-86
IQ:15,128,255,27,15
IQ:16,136,3,258,16
IQ:17,144,255,23,-219
IQ:18,152,9,-200,-24
IQ:19,160,255,28,93
IQ:20,168,4,84,-259
IQ:21,176,255,-186,-133
IQ:22,184,8,-100,201
IQ:23,192,255,169,82
IQ:24,200,7,-6,-226
IQ:25,208,255,-207,-34
IQ:26,216,6,-18,87
IQ:27,224,255,66,1
IQ:28,232,5,-72,-24
IQ:29,240,255,-48,65
IQ:30,248,12,19,-19
IQ:31,256,255,24,-36
IQ:32,264,1,27,-2
IQ:33,272,255,-14,-7
IQ:34,280,2,-31,-26
IQ:35,288,255,-70,-26
SW:2
RR:3
SS:3
FR:2402
ME:33
MA:201
KE:24
KA:235
DF_END

Data arrived...
DF_BEGIN
IQ:0,0,11,170,14
IQ:1,8,11,4,-178
IQ:2,16,11,-168,20
IQ:3,24,11,43,170
IQ:4,32,11,173,-49
IQ:5,40,11,-69,-159
IQ:6,48,11,-154,86
IQ:7,56,11,96,142
IQ:8,72,12,-120,-45
IQ:9,80,255,-55,97
IQ:10,88,1,91,22
IQ:11,96,255,21,-93
IQ:12,104,2,-79,-15
IQ:13,112,255,-12,65
IQ:14,120,10,86,-75
IQ:15,128,255,-36,-117
IQ:16,136,3,-66,-23
IQ:17,144,255,-23,73
IQ:18,152,9,49,43
IQ:19,160,255,9,-34
IQ:20,168,4,-74,33
IQ:21,176,255,38,81
IQ:22,184,8,93,-7
IQ:23,192,255,-28,-57
IQ:24,200,7,-76,108
IQ:25,208,255,80,88
IQ:26,216,6,35,-57
IQ:27,224,255,-57,-17
IQ:28,232,5,10,91
IQ:29,240,255,97,-18
IQ:30,248,12,-19,-127
IQ:31,256,255,-113,-3
IQ:32,264,1,23,90
IQ:33,272,255,91,-25
IQ:34,280,2,-34,-81
IQ:35,288,255,-79,63
SW:2
RR:3
SS:3
FR:2480
ME:2
MA:353
KE:22
KA:257
DF_END

Data arrived...
DF_BEGIN
IQ:0,0,11,-130,95
IQ:1,8,11,89,109
IQ:2,16,11,87,-109
IQ:3,24,11,-131,-93
IQ:4,32,11,-95,124
IQ:5,40,11,146,60
IQ:6,48,11,29,-141
IQ:7,56,11,-130,-41
IQ:8,72,12,119,-58
IQ:9,80,255,-35,-120
IQ:10,88,1,-96,45
IQ:11,96,255,53,79
IQ:12,104,2,74,-62
IQ:13,112,255,-42,-59
IQ:14,120,10,13,99
IQ:15,128,255,95,55
IQ:16,136,3,20,17
IQ:17,144,255,20,-27
IQ:18,152,9,-37,-28
IQ:19,160,255,-3,12
IQ:20,168,4,81,-44
IQ:21,176,255,-35,-69
IQ:22,184,8,-80,55
IQ:23,192,255,41,42
IQ:24,200,7,26,-125
IQ:25,208,255,-89,-38
IQ:26,216,6,-8,45
IQ:27,224,255,59,-35
IQ:28,232,5,-44,-96
IQ:29,240,255,-73,36
IQ:30,248,12,119,71
IQ:31,256,255,87,-96
IQ:32,264,1,-79,-43
IQ:33,272,255,-45,85
IQ:34,280,2,94,33
IQ:35,288,255,15,-125
SW:2
RR:3
SS:3
FR:2426
ME:5
MA:5
KE:20
KA:287
DF_END

Data arrived...
DF_BEGIN
IQ:0,0,11,-165,10
IQ:1,8,11,17,168
IQ:2,16,11,171,-29
IQ:3,24,11,-57,-160
IQ:4,32,11,-152,72
IQ:5,40,11,89,141
IQ:6,48,11,152,-89
IQ:7,56,11,-93,-133
IQ:8,72,12,25,-23
IQ:9,80,255,49,-25
IQ:10,88,1,38,12
IQ:11,96,255,-7,-19
IQ:12,104,2,-25,-22
IQ:13,112,255,13,-6
IQ:14,120,10,118,-12
IQ:15,128,255,10,22
IQ:16,136,3,60,302
IQ:17,144,255,273,-41
IQ:18,152,9,-33,-247
IQ:19,160,255,-109,37
IQ:20,168,4,315,59
IQ:21,176,255,113,-257
IQ:22,184,8,-256,-87
IQ:23,192,255,-62,218
IQ:24,200,7,266,-50
IQ:25,208,255,-6,-248
IQ:26,216,6,-116,-2
IQ:27,224,255,-11,66
IQ:28,232,5,1,-97
IQ:29,240,255,-78,-43
IQ:30,248,12,22,15
IQ:31,256,255,48,17
IQ:32,264,1,17,31
IQ:33,272,255,13,-9
IQ:34,280,2,16,-31
IQ:35,288,255,-7,-67
SW:2
RR:3
SS:3
FR:2402
ME:33
MA:201
KE:21
KA:256
DF_END

Data arrived...
DF_BEGIN
IQ:0,0,11,-131,-41
IQ:1,8,11,-6,141
IQ:2,16,11,155,-3
IQ:3,24,11,-7,-147
IQ:4,32,11,-136,8
IQ:5,40,11,45,144
IQ:6,48,11,140,-54
IQ:7,56,11,-60,-133
IQ:8,72,12,23,-11
IQ:9,80,255,31,-19
IQ:10,88,1,38,8
IQ:11,96,255,-2,-22
IQ:12,104,2,-9,-34
IQ:13,112,255,17,10
IQ:14,120,10,88,29
IQ:15,128,255,-10,22
IQ:16,136,3,-11,251
IQ:17,144,255,221,20
IQ:18,152,9,22,-202
IQ:19,160,255,-98,5
IQ:20,168,4,233,121
IQ:21,176,255,130,-174
IQ:22,184,8,-201,-124
IQ:23,192,255,-81,156
IQ:24,200,7,220,2
IQ:25,208,255,47,-199
IQ:26,216,6,-79,-24
IQ:27,224,255,-22,45
IQ:28,232,5,15,-77
IQ:29,240,255,-41,-52
IQ:30,248,12,18,18
IQ:31,256,255,32,18
IQ:32,264,1,10,25
IQ:33,272,255,13,-12
IQ:34,280,2,25,-28
IQ:35,288,255,26,-59
SW:2
RR:3
SS:3
FR:2402
ME:33
MA:201
KE:23
KA:235
DF_END

Data arrived...
DF_BEGIN
IQ:0,0,11,113,-134
IQ:1,8,11,-156,-90
IQ:2,16,11,-63,164
IQ:3,24,11,175,45
IQ:4,32,11,39,-188
IQ:5,40,11,-178,-35
IQ:6,48,11,-9,170
IQ:7,56,11,177,0
IQ:8,72,12,-98,85
IQ:9,80,255,71,90
IQ:10,88,1,74,-75
IQ:11,96,255,-69,-74
IQ:12,104,2,-61,69
IQ:13,112,255,57,43
IQ:14,120,10,-17,-116
IQ:15,128,255,-128,-26
IQ:16,136,3,-56,45
IQ:17,144,255,56,56
IQ:18,152,9,65,-28
IQ:19,160,255,-32,-23
IQ:20,168,4,-7,92
IQ:21,176,255,91,2
IQ:22,184,8,39,-87
IQ:23,192,255,-61,-4
IQ:24,200,7,48,127
IQ:25,208,255,111,-28
IQ:26,216,6,-27,-67
IQ:27,224,255,-49,39
IQ:28,232,5,80,41
IQ:29,240,255,40,-90
IQ:30,248,12,-115,-51
IQ:31,256,255,-55,106
IQ:32,264,1,95,16
IQ:33,272,255,19,-94
IQ:34,280,2,-87,-16
IQ:35,288,255,19,110
SW:2
RR:3
SS:3
FR:2480
ME:2
MA:353
KE:21
KA:257
DF_END

Data arrived...
DF_BEGIN
IQ:0,0,11,154,-9
IQ:1,8,11,-10,-161
IQ:2,16,11,-132,23
IQ:3,24,11,48,154
IQ:4,32,11,129,-54
IQ:5,40,11,-88,-137
IQ:6,48,11,-129,103
IQ:7,56,11,110,126
IQ:8,72,12,-150,-30
IQ:9,80,255,-33,98
IQ:10,88,1,120,20
IQ:11,96,255,13,-74
IQ:12,104,2,-84,17
IQ:13,112,255,13,64
IQ:14,120,10,48,-75
IQ:15,128,255,-41,-89
IQ:16,136,3,-3,-33
IQ:17,144,255,-13,14
IQ:18,152,9,32,59
IQ:19,160,255,18,-4
IQ:20,168,4,-73,-18
IQ:21,176,255,18,82
IQ:22,184,8,115,-13
IQ:23,192,255,-11,-87
IQ:24,200,7,-71,79
IQ:25,208,255,47,76
IQ:26,216,6,13,-50
IQ:27,224,255,-82,-28
IQ:28,232,5,-29,106
IQ:29,240,255,86,13
IQ:30,248,12,-46,-127
IQ:31,256,255,-112,33
IQ:32,264,1,38,113
IQ:33,272,255,99,-32
IQ:34,280,2,-56,-92
IQ:35,288,255,-85,68
SW:2
RR:3
SS:3
FR:2426
ME:5
MA:5
KE:19
KA:287
DF_END

Data arrived...
DF_BEGIN
IQ:0,0,11,-97,133
IQ:1,8,11,141,81
IQ:2,16,11,72,-155
IQ:3,24,11,-158,-61
IQ:4,32,11,-49,160
IQ:5,40,11,165,22
IQ:6,48,11,17,-172
IQ:7,56,11,-160,-22
IQ:8,72,12,0,-42
IQ:9,80,255,-2,-49
IQ:10,88,1,33,-31
IQ:11,96,255,-14,-13
IQ:12,104,2,-50,2
IQ:13,112,255,8,-16
IQ:14,120,10,67,-105
IQ:15,128,255,20,8
IQ:16,136,3,260,143
IQ:17,144,255,134,-221
IQ:18,152,9,-199,-154
IQ:19,160,255,-45,93
IQ:20,168,4,250,-217
IQ:21,176,255,-123,-241
IQ:22,184,8,-208,173
IQ:23,192,255,135,171
IQ:24,200,7,122,-227
IQ:25,208,255,-180,-166
IQ:26,216,6,-68,87
IQ:27,224,255,66,32
IQ:28,232,5,-70,-48
IQ:29,240,255,-76,34
IQ:30,248,12,22,-26
IQ:31,256,255,29,-28
IQ:32,264,1,49,6
IQ:33,272,255,3,-26
IQ:34,280,2,-33,-42
IQ:35,288,255,-69,-47
SW:2
RR:3
SS:3
FR:2402
ME:33
MA:201
KE:20
KA:257
DF_END

Data arrived...
DF_BEGIN
IQ:0,0,11,146,-99
IQ:1,8,11,-111,-139
IQ:2,16,11,-120,121
IQ:3,24,11,142,103
IQ:4,32,11,94,-151
IQ:5,40,11,-151,-78
IQ:6,48,11,-52,169
IQ:7,56,11,173,55
IQ:8,72,12,-115,41
IQ:9,80,255,19,112
IQ:10,88,1,92,-35
IQ:11,96,255,-32,-84
IQ:12,104,2,-75,43
IQ:13,112,255,36,59
IQ:14,120,10,23,-116
IQ:15,128,255,-103,-63
IQ:16,136,3,-64,22
IQ:17,144,255,28,75
IQ:18,152,9,68,5
IQ:19,160,255,-15,-33
IQ:20,168,4,-41,78
IQ:21,176,255,81,36
IQ:22,184,8,70,-63
IQ:23,192,255,-51,-34
IQ:24,200,7,-7,131
IQ:25,208,255,117,10
IQ:26,216,6,-8,-64
IQ:27,224,255,-53,29
IQ:28,232,5,64,58
IQ:29,240,255,61,-70
IQ:30,248,12,-92,-88
IQ:31,256,255,-89,77
IQ:32,264,1,80,46
IQ:33,272,255,47,-85
IQ:34,280,2,-77,-27
IQ:35,288,255,-10,112
SW:2
RR:3
SS:3
FR:2480
ME:2
MA:353
KE:18
KA:287
DF_END

Data arrived...
DF_BEGIN
IQ:0,0,11,89,151
IQ:1,8,11,144,-92
IQ:2,16,11,-121,-129
IQ:3,24,11,-123,140
IQ:4,32,11,130,120
IQ:5,40,11,102,-139
IQ:6,48,11,-161,-74
IQ:7,56,11,-70,167
IQ:8,72,12,-33,-124
IQ:9,80,255,-116,9
IQ:10,88,1,27,94
IQ:11,96,255,86,-27
IQ:12,104,2,-36,-78
IQ:13,112,255,-63,31
IQ:14,120,10,104,40
IQ:15,128,255,72,-95
IQ:16,136,3,-17,-67
IQ:17,144,255,-73,27
IQ:18,152,9,-13,75
IQ:19,160,255,37,-10
IQ:20,168,4,-74,-40
IQ:21,176,255,-42,81
IQ:22,184,8,52,82
IQ:23,192,255,38,-56
IQ:24,200,7,-137,-15
IQ:25,208,255,-33,118
IQ:26,216,6,67,2
IQ:27,224,255,-27,-54
IQ:28,232,5,-77,54
IQ:29,240,255,63,66
IQ:30,248,12,86,-95
IQ:31,256,255,-70,-89
IQ:32,264,1,-60,77
IQ:33,272,255,71,68
IQ:34,280,2,47,-70
IQ:35,288,255,-108,-36
SW:2
RR:3
SS:3
FR:2480
ME:2
MA:353
KE:16
KA:311
DF_END

Data arrived...
DF_BEGIN
IQ:0,0,11,-136,-75
IQ:1,8,11,-48,141
IQ:2,16,11,144,34
IQ:3,24,11,18,-153
IQ:4,32,11,-146,-14
IQ:5,40,11,2,147
IQ:6,48,11,156,-9
IQ:7,56,11,-34,-142
IQ:8,72,12,106,86
IQ:9,80,255,88,-83
IQ:10,88,1,-91,-54
IQ:11,96,255,-55,72
IQ:12,104,2,90,30
IQ:13,112,255,28,-79
IQ:14,120,10,-92,43
IQ:15,128,255,-8,98
IQ:16,136,3,1,34
IQ:17,144,255,31,-10
IQ:18,152,9,10,-53
IQ:19,160,255,-13,18
IQ:20,168,4,70,62
IQ:21,176,255,42,-57
IQ:22,184,8,-96,-47
IQ:23,192,255,-21,65
IQ:24,200,7,121,-38
IQ:25,208,255,-12,-105
IQ:26,216,6,-51,27
IQ:27,224,255,46,44
IQ:28,232,5,61,-77
IQ:29,240,255,-71,-42
IQ:30,248,12,-25,133
IQ:31,256,255,112,39
IQ:32,264,1,7,-99
IQ:33,272,255,-95,-7
IQ:34,280,2,27,92
IQ:35,288,255,109,-42
SW:2
RR:3
SS:3
FR:2426
ME:5
MA:353
KE:15
KA:325
DF_END

Data arrived...
DF_BEGIN
IQ:0,0,11,63,-165
IQ:1,8,11,-169,-47
IQ:2,16,11,-23,169
IQ:3,24,11,178,-3
IQ:4,32,11,-6,-176
IQ:5,40,11,-173,31
IQ:6,48,11,39,163
IQ:7,56,11,166,-58
IQ:8,72,12,7,31
IQ:9,80,255,11,47
IQ:10,88,1,-12,29
IQ:11,96,255,27,0
IQ:12,104,2,40,-8
IQ:13,112,255,-1,10
IQ:14,120,10,-40,107
IQ:15,128,255,-27,-9
IQ:16,136,3,-303,-54
IQ:17,144,255,-72,253
IQ:18,152,9,254,82
IQ:19,160,255,15,-115
IQ:20,168,4,-176,265
IQ:21,176,255,197,201
IQ:22,184,8,182,-203
IQ:23,192,255,-178,-143
IQ:24,200,7,-75,252
IQ:25,208,255,228,96
IQ:26,216,6,38,-104
IQ:27,224,255,-64,-27
IQ:28,232,5,90,39
IQ:29,240,255,75,-68
IQ:30,248,12,-35,25
IQ:31,256,255,-27,39
IQ:32,264,1,-25,-2
IQ:33,272,255,17,23
IQ:34,280,2,23,35
IQ:35,288,255,73,31
SW:2
RR:3
SS:3
FR:2402
ME:33
MA:201
KE:16
KA:308
DF_END