IQ:19,160,255,115,2
IQ:20,168,4,-12,-67
IQ:21,176,255,-118,33
IQ:22,184,8,-22,126
IQ:23,192,255,119,-13
IQ:24,200,7,-42,-166
IQ:25,208,255,-153,29
IQ:26,216,6,41,129
IQ:27,224,255,142,-35
IQ:28,232,5,10,-81
IQ:29,240,255,-81,40
IQ:30,248,12,41,133
IQ:31,256,255,97,-37
IQ:32,264,1,-83,-30
IQ:33,272,255,-17,111
IQ:34,280,2,189,38
IQ:35,288,255,40,-190
SW:2
RR:3
SS:3
FR:2480
ME:359
MA:5
KE:0
KA:358
DF_END

Data arrived...
DF_BEGIN
IQ:0,0,11,29,161
IQ:1,8,11,138,-72
IQ:2,16,11,-59,-128
IQ:3,24,11,-134,71
IQ:4,32,11,75,121
IQ:5,40,11,133,-92
IQ:6,48,11,-115,-111
IQ:7,56,11,-85,113
IQ:8,72,12,118,-52
IQ:9,80,255,-37,-100
IQ:10,88,1,-63,26
IQ:11,96,255,20,61
IQ:12,104,2,10,-92
IQ:13,112,255,-95,-28
IQ:14,120,10,36,161
IQ:15,128,255,137,60
IQ:16,136,3,29,-57
IQ:17,144,255,-52,-2
IQ:18,152,9,17,24
IQ:19,160,255,53,-37
IQ:20,168,4,18,-46
IQ:21,176,255,-61,9
IQ:22,184,8,16,25
IQ:23,192,255,32,-27
IQ:24,200,7,-103,-20
IQ:25,208,255,-32,93
IQ:26,216,6,71,61
IQ:27,224,255,71,-119
IQ:28,232,5,-110,-133
IQ:29,240,255,-87,95
IQ:30,248,12,84,61
IQ:31,256,255,53,-101
IQ:32,264,1,-55,-28
IQ:33,272,255,-2,42
IQ:34,280,2,84,-35
IQ:35,288,255,-39,-78
SW:2
RR:3
SS:3
FR:2426
ME:359
MA:353
KE:0
KA:357
DF_END

Data arrived...
DF_BEGIN
IQ:0,0,11,-95,130
IQ:1,8,11,136,88
IQ:2,16,11,81,-135
IQ:3,24,11,-143,-54
IQ:4,32,11,-48,150
IQ:5,40,11,157,31
IQ:6,48,11,20,-155
IQ:7,56,11,-159,1
IQ:8,72,12,156,6
IQ:9,80,255,-8,-128
IQ:10,88,1,-96,49
IQ:11,96,255,70,92
IQ:12,104,2,111,-101
IQ:13,112,255,-98,-93
IQ:14,120,10,-55,145
IQ:15,128,255,144,75
IQ:16,136,3,76,-115
IQ:17,144,255,-106,-72
IQ:18,152,9,-29,87
IQ:19,160,255,111,15
IQ:20,168,4,17,-121
IQ:21,176,255,-122,-9
IQ:22,184,8,-5,110
IQ:23,192,255,109,-32
IQ:24,200,7,-60,-128
IQ:25,208,255,-140,61
IQ:26,216,6,54,120
IQ:27,224,255,108,-68
IQ:28,232,5,-94,-118
IQ:29,240,255,-113,104
IQ:30,248,12,82,136
IQ:31,256,255,114,-66
IQ:32,264,1,-95,-56
IQ:33,272,255,-42,105
IQ:34,280,2,139,39
IQ:35,288,255,36,-149
SW:2
RR:3
SS:3
FR:2402
ME:359
MA:5
KE:359
KA:358
DF_END

Data arrived...
DF_BEGIN
IQ:0,0,11,128,139
IQ:1,8,11,132,-139
IQ:2,16,11,-138,-115
IQ:3,24,11,-92,170
IQ:4,32,11,172,64
IQ:5,40,11,59,-151
IQ:6,48,11,-159,-64
IQ:7,56,11,-39,190
IQ:8,72,12,52,-118
IQ:9,80,255,-89,8
IQ:10,88,1,34,90
IQ:11,96,255,73,-79
IQ:12,104,2,-142,-124
IQ:13,112,255,-164,137
IQ:14,120,10,183,136
IQ:15,128,255,89,-128
IQ:16,136,3,-101,-19
IQ:17,144,255,-34,105
IQ:18,152,9,107,1
IQ:19,160,255,-5,-127
IQ:20,168,4,-63,15
IQ:21,176,255,14,128
IQ:22,184,8,97,35
IQ:23,192,255,-47,-134
IQ:24,200,7,-119,55
IQ:25,208,255,7,145
IQ:26,216,6,141,-19
IQ:27,224,255,-30,-146
IQ:28,232,5,-61,5
IQ:29,240,255,34,102
IQ:30,248,12,122,-60
IQ:31,256,255,-25,-63
IQ:32,264,1,-44,68
IQ:33,272,255,113,14
IQ:34,280,2,58,-173
IQ:35,288,255,-189,-35
SW:2
RR:3
SS:3
FR:2480
ME:359
MA:5
KE:359
KA:359
DF_END

Data arrived...
DF_BEGIN
IQ:0,0,11,-77,-121
IQ:1,8,11,-112,74
IQ:2,16,11,91,101
IQ:3,24,11,95,-108
IQ:4,32,11,-111,-86
IQ:5,40,11,-66,118
IQ:6,48,11,128,52
IQ:7,56,11,40,-128
IQ:8,72,12,-39,90
IQ:9,80,255,86,22
IQ:10,88,1,-12,-69
IQ:11,96,255,-63,45
IQ:12,104,2,94,109
IQ:13,112,255,125,-86
IQ:14,120,10,-82,-128
IQ:15,128,255,-112,62
IQ:16,136,3,70,36
IQ:17,144,255,30,-78
IQ:18,152,9,-88,-6
IQ:19,160,255,-19,90
IQ:20,168,4,57,-7
IQ:21,176,255,-12,-100
IQ:22,184,8,-94,-40
IQ:23,192,255,-14,83
IQ:24,200,7,128,-18
IQ:25,208,255,-11,-130
IQ:26,216,6,-102,14
IQ:27,224,255,11,101
IQ:28,232,5,56,6
IQ:29,240,255,-24,-64
IQ:30,248,12,-104,15
IQ:31,256,255,15,75
IQ:32,264,1,38,-64
IQ:33,272,255,-79,-30
IQ:34,280,2,-52,139
IQ:35,288,255,145,63
SW:2
RR:3
SS:3
FR:2480
ME:2
MA:353
KE:359
KA:358
DF_END

Data arrived...
DF_BEGIN
IQ:0,0,11,182,54
IQ:1,8,11,21,-188
IQ:2,16,11,-180,-22
IQ:3,24,11,11,197
IQ:4,32,11,179,-1
IQ:5,40,11,-29,-177
IQ:6,48,11,-180,48
IQ:7,56,11,71,187
IQ:8,72,12,9,-131
IQ:9,80,255,-128,0
IQ:10,88,1,-9,77
IQ:11,96,255,74,-28
IQ:12,104,2,-91,-63
IQ:13,112,255,-85,99
IQ:14,120,10,149,68
IQ:15,128,255,84,-153
IQ:16,136,3,-66,-82
IQ:17,144,255,-48,31
IQ:18,152,9,18,-60
IQ:19,160,255,-45,-99
IQ:20,168,4,-51,-69
IQ:21,176,255,-18,53
IQ:22,184,8,57,13
IQ:23,192,255,-9,-60
IQ:24,200,7,-103,96
IQ:25,208,255,91,119
IQ:26,216,6,113,-40
IQ:27,224,255,-79,-128
IQ:28,232,5,-211,48
IQ:29,240,255,43,164
IQ:30,248,12,103,-66
IQ:31,256,255,-84,-101
IQ:32,264,1,-86,45
IQ:33,272,255,52,34
IQ:34,280,2,26,-124
IQ:35,288,255,-121,19
SW:2
RR:3
SS:3
FR:2426
ME:359
MA:353
KE:359
KA:358
DF_END

Data arrived...
DF_BEGIN
IQ:0,0,11,60,151
IQ:1,8,11,133,-79
IQ:2,16,11,-100,-122
IQ:3,24,11,-120,106
IQ:4,32,11,112,115
IQ:5,40,11,107,-116
IQ:6,48,11,-130,-88
IQ:7,56,11,-70,141
IQ:8,72,12,70,-145
IQ:9,80,255,-121,-63
IQ:10,88,1,-13,106
IQ:11,96,255,120,-7
IQ:12,104,2,-39,-141
IQ:13,112,255,-131,43
IQ:14,120,10,97,121
IQ:15,128,255,134,-95
IQ:16,136,3,-75,-121
IQ:17,144,255,-111,66
IQ:18,152,9,64,66
IQ:19,160,255,63,-89
IQ:20,168,4,-97,-77
IQ:21,176,255,-67,105
IQ:22,184,8,105,52
IQ:23,192,255,31,-111
IQ:24,200,7,-144,-28
IQ:25,208,255,-22,140
IQ:26,216,6,136,12
IQ:27,224,255,-10,-134
IQ:28,232,5,-141,37
IQ:29,240,255,47,153
IQ:30,248,12,154,-16
IQ:31,256,255,-26,-134
IQ:32,264,1,-99,50
IQ:33,272,255,73,81
IQ:34,280,2,106,-107
IQ:35,288,255,-114,-92
SW:2
RR:3
SS:3
FR:2402
ME:359
MA:5
KE:359
KA:359
DF_END

Data arrived...
DF_BEGIN
IQ:0,0,11,-176,-49
IQ:1,8,11,-33,184
IQ:2,16,11,177,13
IQ:3,24,11,2,-183
IQ:4,32,11,-186,29
IQ:5,40,11,45,175
IQ:6,48,11,175,-58
IQ:7,56,11,-61,-171
IQ:8,72,12,47,118
IQ:9,80,255,95,-46
IQ:10,88,1,-71,-47
IQ:11,96,255,-17,102
IQ:12,104,2,191,51
IQ:13,112,255,58,-177
IQ:14,120,10,-186,-32
IQ:15,128,255,-55,157
IQ:16,136,3,96,-30
IQ:17,144,255,-33,-100
IQ:18,152,9,-92,71
IQ:19,160,255,63,108
IQ:20,168,4,53,-55
IQ:21,176,255,-82,-81
IQ:22,184,8,-126,42
IQ:23,192,255,70,99
IQ:24,200,7,113,-130
IQ:25,208,255,-126,-102
IQ:26,216,6,-84,105
IQ:27,224,255,92,108
IQ:28,232,5,65,-27
IQ:29,240,255,-71,-41
IQ:30,248,12,-87,101
IQ:31,256,255,81,61
IQ:32,264,1,-9,-86
IQ:33,272,255,-103,35
IQ:34,280,2,71,179
IQ:35,288,255,188,-66
SW:2
RR:3
SS:3
FR:2480
ME:359
MA:5
KE:359
KA:359
DF_END

Data arrived...
DF_BEGIN
IQ:0,0,11,-177,136
IQ:1,8,11,53,124
IQ:2,16,11,119,-68
IQ:3,24,11,-92,-109
IQ:4,32,11,-167,92
IQ:5,40,11,109,120
IQ:6,48,11,92,-115
IQ:7,56,11,-77,-18
IQ:8,72,12,64,119
IQ:9,80,255,93,-51
IQ:10,88,1,-156,-213
IQ:11,96,255,11,79
IQ:12,104,2,90,23
IQ:13,112,255,-3,-104
IQ:14,120,10,-124,16
IQ:15,128,255,-18,178
IQ:16,136,3,77,35
IQ:17,144,255,-53,-6
IQ:18,152,9,-23,52
IQ:19,160,255,58,44
IQ:20,168,4,34,31
IQ:21,176,255,-74,-73
IQ:22,184,8,-54,13
IQ:23,192,255,5,30
IQ:24,200,7,18,-84
IQ:25,208,255,-156,-23
IQ:26,216,6,-78,91
IQ:27,224,255,130,60
IQ:28,232,5,92,-54
IQ:29,240,255,-81,-57
IQ:30,248,12,-36,119
IQ:31,256,255,67,63
IQ:32,264,1,-7,-59
IQ:33,272,255,-68,13
IQ:34,280,2,68,74
IQ:35,288,255,92,-46
SW:2
RR:3
SS:3
FR:2426
ME:2
MA:5
KE:359
KA:0
DF_END

Data arrived...
DF_BEGIN
IQ:0,0,11,142,0
IQ:1,8,11,-8,-139
IQ:2,16,11,-155,37
IQ:3,24,11,44,153
IQ:4,32,11,137,-30
IQ:5,40,11,-62,-132
IQ:6,48,11,-134,71
IQ:7,56,11,96,121
IQ:8,72,12,-27,-108
IQ:9,80,255,-104,2
IQ:10,88,1,11,60
IQ:11,96,255,46,-36
IQ:12,104,2,-77,-33
IQ:13,112,255,-20,84
IQ:14,120,10,137,22
IQ:15,128,255,37,-125
IQ:16,136,3,-48,-45
IQ:17,144,255,-25,32
IQ:18,152,9,8,-54
IQ:19,160,255,-47,-49
IQ:20,168,4,-44,-45
IQ:21,176,255,-11,43
IQ:22,184,8,54,5
IQ:23,192,255,-24,-38
IQ:24,200,7,-43,100
IQ:25,208,255,100,77
IQ:26,216,6,88,-52
IQ:27,224,255,-94,-95
IQ:28,232,5,-146,69
IQ:29,240,255,67,117
IQ:30,248,12,75,-73
IQ:31,256,255,-65,-71
IQ:32,264,1,-55,46
IQ:33,272,255,58,13
IQ:34,280,2,-9,-86
IQ:35,288,255,-90,40
SW:2
RR:3
SS:3
FR:2426
ME:359
MA:353
KE:359
KA:359
DF_END

Data arrived...
DF_BEGIN
IQ:0,0,11,28,-151
IQ:1,8,11,-156,-12
IQ:2,16,11,1,155
IQ:3,24,11,154,-21
IQ:4,32,11,-40,-156
IQ:5,40,11,-144,45
IQ:6,48,11,59,148
IQ:7,56,11,138,-79
IQ:8,72,12,-140,64
IQ:9,80,255,63,114
IQ:10,88,1,60,-88
IQ:11,96,255,-108,-46
IQ:12,104,2,-52,138
IQ:13,112,255,130,39
IQ:14,120,10,-17,-149
IQ:15,128,255,-160,1
IQ:16,136,3,-12,135
IQ:17,144,255,128,10
IQ:18,152,9,-13,-87
IQ:19,160,255,-101,36
IQ:20,168,4,47,107
IQ:21,176,255,111,-55
IQ:22,184,8,-58,-97
IQ:23,192,255,-86,78
IQ:24,200,7,102,92
IQ:25,208,255,89,-108
IQ:26,216,6,-96,-79
IQ:27,224,255,-68,111
IQ:28,232,5,124,53
IQ:29,240,255,51,-143
IQ:30,248,12,-135,-82
IQ:31,256,255,-69,111
IQ:32,264,1,98,20
IQ:33,272,255,-13,-113
IQ:34,280,2,-144,28
IQ:35,288,255,40,136
SW:2
RR:3
SS:3
FR:2402
ME:359
MA:5
KE:359
KA:0
DF_END

Data arrived...
DF_BEGIN
IQ:0,0,11,-112,-145
IQ:1,8,11,-132,111
IQ:2,16,11,138,108
IQ:3,24,11,92,-156
IQ:4,32,11,-158,-85
IQ:5,40,11,-65,157
IQ:6,48,11,174,45
IQ:7,56,11,46,-179
IQ:8,72,12,-29,123
IQ:9,80,255,102,23
IQ:10,88,1,-30,-87
IQ:11,96,255,-68,70
IQ:12,104,2,148,132
IQ:13,112,255,146,-132
IQ:14,120,10,-134,-135
IQ:15,128,255,-117,101
IQ:16,136,3,96,26
IQ:17,144,255,26,-104
IQ:18,152,9,-112,4
IQ:19,160,255,-3,117
IQ:20,168,4,62,-28
IQ:21,176,255,-23,-120
IQ:22,184,8,-116,-32
IQ:23,192,255,-2,114
IQ:24,200,7,158,-44
IQ:25,208,255,-33,-163
IQ:26,216,6,-128,39
IQ:27,224,255,25,131
IQ:28,232,5,60,-2
IQ:29,240,255,-32,-68
IQ:30,248,12,-120,36
IQ:31,256,255,37,92
IQ:32,264,1,43,-77
IQ:33,272,255,-101,-29
IQ:34,280,2,-45,182
IQ:35,288,255,202,37
SW:2
RR:3
SS:3
FR:2480
ME:359
MA:5
KE:359
KA:0
DF_END

Data arrived...
DF_BEGIN
IQ:0,0,11,-6,-185
IQ:1,8,11,-187,41
IQ:2,16,11,61,179
IQ:3,24,11,176,-81
IQ:4,32,11,-80,-169
IQ:5,40,11,-159,97
IQ:6,48,11,111,158
IQ:7,56,11,143,-120
IQ:8,72,12,-128,28
IQ:9,80,255,46,101
IQ:10,88,1,79,-20
IQ:11,96,255,-55,-48
IQ:12,104,2,-38,111
IQ:13,112,255,97,40
IQ:14,120,10,4,-189
IQ:15,128,255,-164,-46
IQ:16,136,3,-36,68
IQ:17,144,255,38,35
IQ:18,152,9,-71,-5
IQ:19,160,255,-78,66
IQ:20,168,4,-35,53
IQ:21,176,255,58,-26
IQ:22,184,8,2,-62
IQ:23,192,255,-54,28
IQ:24,200,7,142,61
IQ:25,208,255,73,-156
IQ:26,216,6,-89,-96
IQ:27,224,255,-105,126
IQ:28,232,5,112,182
IQ:29,240,255,138,-82
IQ:30,248,12,-102,-78
IQ:31,256,255,-89,86
IQ:32,264,1,60,46
IQ:33,272,255,14,-70
IQ:34,280,2,-119,25
IQ:35,288,255,56,108
SW:2
RR:3
SS:3
FR:2426
ME:359
MA:353
KE:359
KA:359
DF_END

Data arrived...
DF_BEGIN
IQ:0,0,11,-92,113
IQ:1,8,11,118,80
IQ:2,16,11,66,-125
IQ:3,24,11,-130,-51
IQ:4,32,11,-36,141
IQ:5,40,11,148,26
IQ:6,48,11,11,-145
IQ:7,56,11,-144,5
IQ:8,72,12,98,52
IQ:9,80,255,44,-88
IQ:10,88,1,-60,-31
IQ:11,96,255,10,58
IQ:12,104,2,79,-43
IQ:13,112,255,-56,-86
IQ:14,120,10,-100,89
IQ:15,128,255,76,100
IQ:16,136,3,56,-17
IQ:17,144,255,-5,-43
IQ:18,152,9,33,30
IQ:19,160,255,69,-3
IQ:20,168,4,55,-17
IQ:21,176,255,-30,-33
IQ:22,184,8,-35,35
IQ:23,192,255,39,-2
IQ:24,200,7,-54,-101
IQ:25,208,255,-123,35
IQ:26,216,6,-2,99
IQ:27,224,255,128,-26
IQ:28,232,5,49,-161
IQ:29,240,255,-118,-25
IQ:30,248,12,21,113
IQ:31,256,255,102,-22
IQ:32,264,1,-10,-57
IQ:33,272,255,-49,31
IQ:34,280,2,74,44
IQ:35,288,255,17,-95
SW:2
RR:3
SS:3
FR:2426
ME:359
MA:353
KE:359
KA:359
DF_END

Data arrived...
DF_BEGIN
IQ:0,0,11,96,124
IQ:1,8,11,101,-116
IQ:2,16,11,-135,-75
IQ:3,24,11,-74,142
IQ:4,32,11,139,70
IQ:5,40,11,45,-146
IQ:6,48,11,-148,-43
IQ:7,56,11,-31,158
IQ:8,72,12,29,-153
IQ:9,80,255,-124,-23
IQ:10,88,1,24,103
IQ:11,96,255,110,-45
IQ:12,104,2,-80,-127
IQ:13,112,255,-105,84
IQ:14,120,10,138,77
IQ:15,128,255,103,-122
IQ:16,136,3,-104,-91
IQ:17,144,255,-83,94
IQ:18,152,9,81,36
IQ:19,160,255,21,-104
IQ:20,168,4,-112,-32
IQ:21,176,255,-29,123
IQ:22,184,8,105,16
IQ:23,192,255,-13,-108
IQ:24,200,7,-129,22
IQ:25,208,255,36,139
IQ:26,216,6,131,-27
IQ:27,224,255,-41,-127
IQ:28,232,5,-125,59
IQ:29,240,255,80,131
IQ:30,248,12,150,-50
IQ:31,256,255,-51,-121
IQ:32,264,1,-67,86
IQ:33,272,255,100,52
IQ:34,280,2,55,-135
IQ:35,288,255,-147,-48
SW:2
RR:3
SS:3
FR:2402
ME:359
MA:5
KE:359
KA:359
DF_END

Data arrived...
DF_BEGIN
IQ:0,0,11,-25,185
IQ:1,8,11,170,12
IQ:2,16,11,-17,-175
IQ:3,24,11,-169,33
IQ:4,32,11,57,172
IQ:5,40,11,151,-78
IQ:6,48,11,-96,-150
IQ:7,56,11,-155,99
IQ:8,72,12,108,-56
IQ:9,80,255,-55,-79
IQ:10,88,1,-36,73
IQ:11,96,255,93,1
IQ:12,104,2,-4,-193
IQ:13,112,255,-184,-2
IQ:14,120,10,11,190
IQ:15,128,255,163,9
IQ:16,136,3,-45,-84
IQ:17,144,255,-94,60
IQ:18,152,9,91,83
IQ:19,160,255,91,-74
IQ:20,168,4,-66,-30
IQ:21,176,255,-57,97
IQ:22,184,8,69,104
IQ:23,192,255,78,-80
IQ:24,200,7,-152,-74
IQ:25,208,255,-89,138
IQ:26,216,6,113,68
IQ:27,224,255,81,-108
IQ:28,232,5,-41,-54
IQ:29,240,255,-19,77
IQ:30,248,12,112,63
IQ:31,256,255,39,-89
IQ:32,264,1,-89,18
IQ:33,272,255,59,91
IQ:34,280,2,164,-94
IQ:35,288,255,-100,-164
SW:2
RR:3
SS:3
FR:2480
ME:2
MA:5
KE:359
KA:0
DF_END

Data arrived...
DF_BEGIN
IQ:0,0,11,-78,159
IQ:1,8,11,164,56
IQ:2,16,11,36,-170
IQ:3,24,11,-179,-9
IQ:4,32,11,-11,182
IQ:5,40,11,174,-8
IQ:6,48,11,-42,-174
IQ:7,56,11,-179,48
IQ:8,72,12,123,-27
IQ:9,80,255,-30,-100
IQ:10,88,1,-54,65
IQ:11,96,255,99,36
IQ:12,104,2,58,-184
IQ:13,112,255,-175,-79
IQ:14,120,10,-77,171
IQ:15,128,255,148,84
IQ:16,136,3,-11,-98
IQ:17,144,255,-102,24
IQ:18,152,9,52,102
IQ:19,160,255,113,-42
IQ:20,168,4,-46,-53
IQ:21,176,255,-95,73
IQ:22,184,8,33,123
IQ:23,192,255,106,-53
IQ:24,200,7,-117,-111
IQ:25,208,255,-128,102
IQ:26,216,6,81,106
IQ:27,224,255,123,-58
IQ:28,232,5,-11,-59
IQ:29,240,255,-43,64
IQ:30,248,12,91,88
IQ:31,256,255,67,-83
IQ:32,264,1,-84,-6
IQ:33,272,255,24,100
IQ:34,280,2,178,-46
IQ:35,288,255,-57,-181
SW:2
RR:3
SS:3
FR:2480
ME:359
MA:5
KE:359
KA:0
DF_END

Data arrived...
DF_BEGIN
IQ:0,0,11,-14,-148
IQ:1,8,11,-140,43
IQ:2,16,11,33,164
IQ:3,24,11,148,-59
IQ:4,32,11,-79,-142
IQ:5,40,11,-130,85
IQ:6,48,11,69,94
IQ:7,56,11,95,-113
IQ:8,72,12,-97,44
IQ:9,80,255,63,94
IQ:10,88,1,38,-33
IQ:11,96,255,-47,-29
IQ:12,104,2,-67,44
IQ:13,112,255,103,14
IQ:14,120,10,-27,-132
IQ:15,128,255,-136,-29
IQ:16,136,3,-31,58
IQ:17,144,255,26,-32
IQ:18,152,9,-48,7
IQ:19,160,255,-2,-3
IQ:20,168,4,-45,59
IQ:21,176,255,81,13
IQ:22,184,8,-29,-39
IQ:23,192,255,-54,21
IQ:24,200,7,108,42
IQ:25,208,255,26,-103
IQ:26,216,6,-2,-88
IQ:27,224,255,-72,135
IQ:28,232,5,106,129
IQ:29,240,255,116,-94
IQ:30,248,12,-134,-53
IQ:31,256,255,-70,125
IQ:32,264,1,58,14
IQ:33,272,255,-39,-90
IQ:34,280,2,-80,27
IQ:35,288,255,65,50
SW:2
RR:3
SS:3
FR:2426
ME:7
MA:86
KE:0
KA:7
DF_END

Data arrived...
DF_BEGIN
IQ:0,0,11,-35,200
IQ:1,8,11,207,13
IQ:2,16,11,1,-211
IQ:3,24,11,-207,22
IQ:4,32,11,32,201
IQ:5,40,11,198,-57
IQ:6,48,11,-62,-203
IQ:7,56,11,-187,88
IQ:8,72,12,190,-91
IQ:9,80,255,-90,-157
IQ:10,88,1,-89,107
IQ:11,96,255,130,59
IQ:12,104,2,66,-195
IQ:13,112,255,-175,-52
IQ:14,120,10,11,198
IQ:15,128,255,208,9
IQ:16,136,3,13,-178
IQ:17,144,255,-172,-7
IQ:18,152,9,16,123
IQ:19,160,255,135,-47
IQ:20,168,4,-57,-152
IQ:21,176,255,-150,65
IQ:22,184,8,64,134
IQ:23,192,255,121,-92
IQ:24,200,7,-141,-120
IQ:25,208,255,-135,137
IQ:26,216,6,127,122
IQ:27,224,255,102,-138
IQ:28,232,5,-163,-86
IQ:29,240,255,-70,193
IQ:30,248,12,184,105
IQ:31,256,255,91,-153
IQ:32,264,1,-138,-30
IQ:33,272,255,-7,144
IQ:34,280,2,191,-31
IQ:35,288,255,-56,-194
SW:2
RR:3
SS:3
FR:2402
ME:359
MA:5
KE:0
KA:7
DF_END

Data arrived...
DF_BEGIN
IQ:0,0,11,2,175
IQ:1,8,11,166,-20
IQ:2,16,11,-49,-174
IQ:3,24,11,-175,60
IQ:4,32,11,64,170
IQ:5,40,11,152,-87
IQ:6,48,11,-110,-145
IQ:7,56,11,-138,121
IQ:8,72,12,102,-74
IQ:9,80,255,-67,-83
IQ:10,88,1,-33,85
IQ:11,96,255,105,-4
IQ:12,104,2,-20,-199
IQ:13,112,255,-192,23
IQ:14,120,10,11,201
IQ:15,128,255,166,25
IQ:16,136,3,-52,-82
IQ:17,144,255,-94,58
IQ:18,152,9,87,74
IQ:19,160,255,87,-86
IQ:20,168,4,-68,-31
IQ:21,176,255,-69,102
IQ:22,184,8,71,108
IQ:23,192,255,73,-87
IQ:24,200,7,-159,-74
IQ:25,208,255,-82,145
IQ:26,216,6,112,62
IQ:27,224,255,71,-121
IQ:28,232,5,-49,-52
IQ:29,240,255,-20,80
IQ:30,248,12,114,47
IQ:31,256,255,20,-108
IQ:32,264,1,-84,33
IQ:33,272,255,63,93
IQ:34,280,2,145,-120
IQ:35,288,255,-122,-161
SW:2
RR:3
SS:3
FR:2480
ME:359
MA:5
KE:0
KA:7
DF_END

Data arrived...
DF_BEGIN
IQ:0,0,11,139,-47
IQ:1,8,11,-49,-132
IQ:2,16,11,-122,72
IQ:3,24,11,77,116
IQ:4,32,11,99,-104
IQ:5,40,11,-115,-100
IQ:6,48,11,-94,108
IQ:7,56,11,127,85
IQ:8,72,12,-47,-85
IQ:9,80,255,-77,48
IQ:10,88,1,36,44
IQ:11,96,255,30,-40
IQ:12,104,2,-84,-9
IQ:13,112,255,-3,97
IQ:14,120,10,133,-24
IQ:15,128,255,-5,-139
IQ:16,136,3,-55,-15
IQ:17,144,255,-7,32
IQ:18,152,9,-19,-45
IQ:19,160,255,-58,-39
IQ:20,168,4,-42,-15
IQ:21,176,255,16,34
IQ:22,184,8,49,-13
IQ:23,192,255,-34,-32
IQ:24,200,7,-10,114
IQ:25,208,255,121,29
IQ:26,216,6,50,-82
IQ:27,224,255,-122,-42
IQ:28,232,5,-99,115
IQ:29,240,255,99,75
IQ:30,248,12,45,-95
IQ:31,256,255,-84,-48
IQ:32,264,1,-26,55
IQ:33,272,255,42,-8
IQ:34,280,2,-48,-88
IQ:35,288,255,-77,66
SW:2
RR:3
SS:3
FR:2426
ME:359
MA:353
KE:0
KA:6
DF_END

Data arrived...
DF_BEGIN
IQ:0,0,11,52,155
IQ:1,8,11,146,-60
IQ:2,16,11,-73,-146
IQ:3,24,11,-130,92
IQ:4,32,11,104,119
IQ:5,40,11,115,-116
IQ:6,48,11,-124,-99
IQ:7,56,11,-84,139
IQ:8,72,12,96,-134
IQ:9,80,255,-107,-69
IQ:10,88,1,-12,108
IQ:11,96,255,121,0
IQ:12,104,2,-17,-147
IQ:13,112,255,-135,38
IQ:14,120,10,87,128
IQ:15,128,255,141,-77
IQ:16,136,3,-58,-122
IQ:17,144,255,-117,61
IQ:18,152,9,54,78
IQ:19,160,255,71,-86
IQ:20,168,4,-85,-86
IQ:21,176,255,-82,98
IQ:22,184,8,92,63
IQ:23,192,255,41,-110
IQ:24,200,7,-140,-28
IQ:25,208,255,-38,147
IQ:26,216,6,132,42
IQ:27,224,255,20,-127
IQ:28,232,5,-140,26
IQ:29,240,255,26,150
IQ:30,248,12,162,-3
IQ:31,256,255,-6,-132
IQ:32,264,1,-100,45
IQ:33,272,255,71,94
IQ:34,280,2,111,-98
IQ:35,288,255,-116,-108
SW:2
RR:3
SS: