IQ:28,232,5,-127,19
IQ:29,240,255,22,87
IQ:30,248,12,88,-102
IQ:31,256,255,-62,-84
IQ:32,264,1,-18,72
IQ:33,272,255,66,35
IQ:34,280,2,-6,-27
IQ:35,288,255,-89,18
SW:2
RR:3
SS:3
FR:2480
ME:7
MA:21
KE:31
KA:214
DF_END

Data arrived...
DF_BEGIN
IQ:0,0,11,29,-193
IQ:1,8,11,-186,-18
IQ:2,16,11,-4,194
IQ:3,24,11,195,-10
IQ:4,32,11,-31,-194
IQ:5,40,11,-186,46
IQ:6,48,11,74,170
IQ:7,56,11,157,-107
IQ:8,72,12,-79,114
IQ:9,80,255,71,80
IQ:10,88,1,12,-76
IQ:11,96,255,-69,-28
IQ:12,104,2,7,28
IQ:13,112,255,48,-30
IQ:14,120,10,-29,-161
IQ:15,128,255,-145,-39
IQ:16,136,3,-56,5
IQ:17,144,255,-10,25
IQ:18,152,9,-45,-9
IQ:19,160,255,-65,41
IQ:20,168,4,-68,109
IQ:21,176,255,62,55
IQ:22,184,8,14,-47
IQ:23,192,255,-68,4
IQ:24,200,7,-55,77
IQ:25,208,255,50,36
IQ:26,216,6,-33,-42
IQ:27,224,255,-38,61
IQ:28,232,5,85,98
IQ:29,240,255,59,-75
IQ:30,248,12,-135,-23
IQ:31,256,255,-42,103
IQ:32,264,1,72,-26
IQ:33,272,255,1,-74
IQ:34,280,2,-25,14
IQ:35,288,255,68,60
SW:2
RR:3
SS:3
FR:2480
ME:7
MA:21
KE:28
KA:221
DF_END

Data arrived...
DF_BEGIN
IQ:0,0,11,137,39
IQ:1,8,11,8,-135
IQ:2,16,11,-141,-13
IQ:3,24,11,18,139
IQ:4,32,11,141,-39
IQ:5,40,11,-48,-140
IQ:6,48,11,-135,54
IQ:7,56,11,58,131
IQ:8,72,12,-136,-58
IQ:9,80,255,-91,109
IQ:10,88,1,90,15
IQ:11,96,255,52,-75
IQ:12,104,2,1,36
IQ:13,112,255,25,43
IQ:14,120,10,62,-32
IQ:15,128,255,25,-119
IQ:16,136,3,14,-190
IQ:17,144,255,-130,-59
IQ:18,152,9,-50,27
IQ:19,160,255,-5,-66
IQ:20,168,4,-161,-211
IQ:21,176,255,-195,99
IQ:22,184,8,15,137
IQ:23,192,255,67,-71
IQ:24,200,7,-219,-159
IQ:25,208,255,-136,114
IQ:26,216,6,100,-10
IQ:27,224,255,-54,-101
IQ:28,232,5,-206,126
IQ:29,240,255,70,157
IQ:30,248,12,-2,-145
IQ:31,256,255,-141,-41
IQ:32,264,1,40,87
IQ:33,272,255,89,7
IQ:34,280,2,-37,-1
IQ:35,288,255,-48,71
SW:2
RR:3
SS:3
FR:2426
ME:41
MA:201
KE:29
KA:215
DF_END

Data arrived...
DF_BEGIN
IQ:0,0,11,-168,-53
IQ:1,8,11,-27,172
IQ:2,16,11,167,22
IQ:3,24,11,1,-169
IQ:4,32,11,-174,1
IQ:5,40,11,24,166
IQ:6,48,11,165,-53
IQ:7,56,11,-60,-152
IQ:8,72,12,125,30
IQ:9,80,255,50,-64
IQ:10,88,1,-66,98
IQ:11,96,255,26,89
IQ:12,104,2,-16,-33
IQ:13,112,255,-51,-26
IQ:14,120,10,-92,57
IQ:15,128,255,-19,159
IQ:16,136,3,-27,211
IQ:17,144,255,145,83
IQ:18,152,9,81,21
IQ:19,160,255,36,72
IQ:20,168,4,166,274
IQ:21,176,255,254,-50
IQ:22,184,8,40,-187
IQ:23,192,255,-112,9
IQ:24,200,7,125,196
IQ:25,208,255,139,-55
IQ:26,216,6,-85,29
IQ:27,224,255,82,85
IQ:28,232,5,199,-144
IQ:29,240,255,-71,-157
IQ:30,248,12,15,124
IQ:31,256,255,88,13
IQ:32,264,1,-119,-27
IQ:33,272,255,-69,63
IQ:34,280,2,23,-37
IQ:35,288,255,35,-83
SW:2
RR:3
SS:3
FR:2402
ME:41
MA:215
KE:30
KA:215
DF_END

Data arrived...
DF_BEGIN
IQ:0,0,11,56,-186
IQ:1,8,11,-188,-47
IQ:2,16,11,-4,188
IQ:3,24,11,197,-4
IQ:4,32,11,-23,-190
IQ:5,40,11,-193,29
IQ:6,48,11,59,181
IQ:7,56,11,175,-78
IQ:8,72,12,-77,109
IQ:9,80,255,63,87
IQ:10,88,1,16,-77
IQ:11,96,255,-63,-36
IQ:12,104,2,1,31
IQ:13,112,255,52,-30
IQ:14,120,10,-14,-174
IQ:15,128,255,-137,-55
IQ:16,136,3,-52,-6
IQ:17,144,255,-7,23
IQ:18,152,9,-39,-16
IQ:19,160,255,-73,36
IQ:20,168,4,-79,96
IQ:21,176,255,61,63
IQ:22,184,8,18,-50
IQ:23,192,255,-68,-9
IQ:24,200,7,-50,81
IQ:25,208,255,49,41
IQ:26,216,6,-29,-43
IQ:27,224,255,-55,62
IQ:28,232,5,79,104
IQ:29,240,255,73,-68
IQ:30,248,12,-130,-31
IQ:31,256,255,-49,97
IQ:32,264,1,76,-19
IQ:33,272,255,6,-70
IQ:34,280,2,-29,12
IQ:35,288,255,61,71
SW:2
RR:3
SS:3
FR:2480
ME:7
MA:21
KE:27
KA:226
DF_END

Data arrived...
DF_BEGIN
IQ:0,0,11,124,72
IQ:1,8,11,61,-135
IQ:2,16,11,-135,-49
IQ:3,24,11,-20,139
IQ:4,32,11,149,1
IQ:5,40,11,2,-145
IQ:6,48,11,-136,17
IQ:7,56,11,23,136
IQ:8,72,12,-73,-78
IQ:9,80,255,-72,42
IQ:10,88,1,54,23
IQ:11,96,255,44,-40
IQ:12,104,2,-22,-4
IQ:13,112,255,16,42
IQ:14,120,10,122,1
IQ:15,128,255,60,-92
IQ:16,136,3,5,-43
IQ:17,144,255,-13,-6
IQ:18,152,9,20,-25
IQ:19,160,255,-21,-60
IQ:20,168,4,-63,-75
IQ:21,176,255,-59,31
IQ:22,184,8,27,26
IQ:23,192,255,14,-45
IQ:24,200,7,-48,-53
IQ:25,208,255,-30,23
IQ:26,216,6,38,-16
IQ:27,224,255,-34,-41
IQ:28,232,5,-88,47
IQ:29,240,255,40,62
IQ:30,248,12,53,-91
IQ:31,256,255,-66,-50
IQ:32,264,1,0,56
IQ:33,272,255,54,4
IQ:34,280,2,-14,-26
IQ:35,288,255,-58,31
SW:2
RR:3
SS:3
FR:2480
ME:7
MA:21
KE:24
KA:278
DF_END

Data arrived...
DF_BEGIN
IQ:0,0,11,172,-37
IQ:1,8,11,-17,-154
IQ:2,16,11,-139,20
IQ:3,24,11,17,142
IQ:4,32,11,146,-102
IQ:5,40,11,-76,-129
IQ:6,48,11,-123,66
IQ:7,56,11,88,116
IQ:8,72,12,-146,-54
IQ:9,80,255,-84,127
IQ:10,88,1,90,5
IQ:11,96,255,6,-100
IQ:12,104,2,6,34
IQ:13,112,255,30,52
IQ:14,120,10,62,-41
IQ:15,128,255,2,-85
IQ:16,136,3,-2,-196
IQ:17,144,255,-134,-52
IQ:18,152,9,-52,31
IQ:19,160,255,-2,-111
IQ:20,168,4,-184,-203
IQ:21,176,255,-198,94
IQ:22,184,8,32,129
IQ:23,192,255,69,-105
IQ:24,200,7,-206,-132
IQ:25,208,255,-94,141
IQ:26,216,6,114,-29
IQ:27,224,255,-35,-126
IQ:28,232,5,-203,151
IQ:29,240,255,66,173
IQ:30,248,12,-14,-161
IQ:31,256,255,-160,8
IQ:32,264,1,32,70
IQ:33,272,255,82,0
IQ:34,280,2,-25,4
IQ:35,288,255,5,69
SW:2
RR:3
SS:3
FR:2426
ME:41
MA:203
KE:26
KA:235
DF_END

Data arrived...
DF_BEGIN
IQ:0,0,11,62,158
IQ:1,8,11,151,-67
IQ:2,16,11,-92,-156
IQ:3,24,11,-132,74
IQ:4,32,11,102,127
IQ:5,40,11,113,-120
IQ:6,48,11,-129,-125
IQ:7,56,11,-115,134
IQ:8,72,12,-57,-120
IQ:9,80,255,-75,-9
IQ:10,88,1,141,32
IQ:11,96,255,75,-78
IQ:12,104,2,-26,39
IQ:13,112,255,6,69
IQ:14,120,10,110,32
IQ:15,128,255,121,-76
IQ:16,136,3,182,-104
IQ:17,144,255,5,-152
IQ:18,152,9,-1,-80
IQ:19,160,255,26,-75
IQ:20,168,4,166,-269
IQ:21,176,255,-144,-181
IQ:22,184,8,-166,31
IQ:23,192,255,45,68
IQ:24,200,7,101,-216
IQ:25,208,255,-98,-89
IQ:26,216,6,53,60
IQ:27,224,255,3,-119
IQ:28,232,5,-234,-74
IQ:29,240,255,-94,140
IQ:30,248,12,91,-91
IQ:31,256,255,-31,-88
IQ:32,264,1,38,133
IQ:33,272,255,103,36
IQ:34,280,2,-43,-20
IQ:35,288,255,-84,9
SW:2
RR:3
SS:3
FR:2402
ME:41
MA:215
KE:27
KA:226
DF_END

Data arrived...
DF_BEGIN
IQ:0,0,11,-130,-137
IQ:1,8,11,-125,138
IQ:2,16,11,151,105
IQ:3,24,11,92,-169
IQ:4,32,11,-178,-74
IQ:5,40,11,-69,176
IQ:6,48,11,182,35
IQ:7,56,11,40,-191
IQ:8,72,12,43,120
IQ:9,80,255,101,-21
IQ:10,88,1,-57,-58
IQ:11,96,255,-64,28
IQ:12,104,2,23,8
IQ:13,112,255,-4,-56
IQ:14,120,10,-157,-65
IQ:15,128,255,-115,100
IQ:16,136,3,-29,47
IQ:17,144,255,17,21
IQ:18,152,9,-30,30
IQ:19,160,255,-6,75
IQ:20,168,4,40,118
IQ:21,176,255,79,-19
IQ:22,184,8,-29,-45
IQ:23,192,255,-35,51
IQ:24,200,7,35,84
IQ:25,208,255,57,-20
IQ:26,216,6,-49,-11
IQ:27,224,255,15,68
IQ:28,232,5,126,-10
IQ:29,240,255,-18,-91
IQ:30,248,12,-96,89
IQ:31,256,255,55,92
IQ:32,264,1,16,-75
IQ:33,272,255,-61,-35
IQ:34,280,2,6,26
IQ:35,288,255,92,-21
SW:2
RR:3
SS:3
FR:2480
ME:7
MA:10
KE:24
KA:269
DF_END

Data arrived...
DF_BEGIN
IQ:0,0,11,158,160
IQ:1,8,11,86,-75
IQ:2,16,11,-144,-57
IQ:3,24,11,-55,145
IQ:4,32,11,154,45
IQ:5,40,11,36,-146
IQ:6,48,11,-136,-26
IQ:7,56,11,-19,149
IQ:8,72,12,-58,-105
IQ:9,80,255,-101,65
IQ:10,88,1,70,50
IQ:11,96,255,111,-29
IQ:12,104,2,-26,49
IQ:13,112,255,-27,49
IQ:14,120,10,95,2
IQ:15,128,255,133,-112
IQ:16,136,3,135,-162
IQ:17,144,255,-89,-132
IQ:18,152,9,-61,20
IQ:19,160,255,-3,-54
IQ:20,168,4,-89,-259
IQ:21,176,255,-228,-5
IQ:22,184,8,-33,120
IQ:23,192,255,75,-43
IQ:24,200,7,-136,-213
IQ:25,208,255,-164,74
IQ:26,216,6,109,35
IQ:27,224,255,-18,-140
IQ:28,232,5,-249,43
IQ:29,240,255,-4,179
IQ:30,248,12,56,-142
IQ:31,256,255,-45,-112
IQ:32,264,1,44,96
IQ:33,272,255,153,59
IQ:34,280,2,-27,-18
IQ:35,288,255,-120,44
SW:2
RR:3
SS:3
FR:2426
ME:44
MA:203
KE:26
KA:236
DF_END

Data arrived...
DF_BEGIN
IQ:0,0,11,121,-110
IQ:1,8,11,-142,-103
IQ:2,16,11,-85,147
IQ:3,24,11,159,71
IQ:4,32,11,60,-168
IQ:5,40,11,-170,-47
IQ:6,48,11,-43,170
IQ:7,56,11,168,22
IQ:8,72,12,-90,86
IQ:9,80,255,40,70
IQ:10,88,1,-42,-125
IQ:11,96,255,-98,-32
IQ:12,104,2,34,4
IQ:13,112,255,49,-35
IQ:14,120,10,-15,-111
IQ:15,128,255,-125,-96
IQ:16,136,3,-190,-112
IQ:17,144,255,-129,93
IQ:18,152,9,-50,50
IQ:19,160,255,-92,-13
IQ:20,168,4,-331,16
IQ:21,176,255,-57,252
IQ:22,184,8,140,108
IQ:23,192,255,32,-93
IQ:24,200,7,-235,10
IQ:25,208,255,-33,146
IQ:26,216,6,20,-103
IQ:27,224,255,-109,37
IQ:28,232,5,45,241
IQ:29,240,255,168,5
IQ:30,248,12,-121,-27
IQ:31,256,255,-55,70
IQ:32,264,1,80,-83
IQ:33,272,255,-30,-159
IQ:34,280,2,116,-90
IQ:35,288,255,101,1
SW:2
RR:3
SS:3
FR:2402
ME:41
MA:215
KE:28
KA:227
DF_END

Data arrived...
DF_BEGIN
IQ:0,0,11,-160,102
IQ:1,8,11,114,150
IQ:2,16,11,139,-138
IQ:3,24,11,-144,-126
IQ:4,32,11,-113,157
IQ:5,40,11,165,97
IQ:6,48,11,80,-179
IQ:7,56,11,-181,-67
IQ:8,72,12,135,-12
IQ:9,80,255,18,-105
IQ:10,88,1,-64,41
IQ:11,96,255,21,64
IQ:12,104,2,9,-24
IQ:13,112,255,-60,-11
IQ:14,120,10,-105,131
IQ:15,128,255,57,134
IQ:16,136,3,33,44
IQ:17,144,255,25,-7
IQ:18,152,9,21,33
IQ:19,160,255,74,23
IQ:20,168,4,120,-16
IQ:21,176,255,-10,-82
IQ:22,184,8,-49,21
IQ:23,192,255,37,49
IQ:24,200,7,90,-9
IQ:25,208,255,-2,-55
IQ:26,216,6,-11,48
IQ:27,224,255,72,-9
IQ:28,232,5,10,-125
IQ:29,240,255,-92,1
IQ:30,248,12,74,119
IQ:31,256,255,96,-41
IQ:32,264,1,-64,-38
IQ:33,272,255,-52,45
IQ:34,280,2,28,5
IQ:35,288,255,-1,-91
SW:2
RR:3
SS:3
FR:2480
ME:7
MA:10
KE:26
KA:252
DF_END

Data arrived...
DF_BEGIN
IQ:0,0,11,128,142
IQ:1,8,11,146,-124
IQ:2,16,11,-140,-126
IQ:3,24,11,-111,157
IQ:4,32,11,170,89
IQ:5,40,11,75,-177
IQ:6,48,11,-185,-71
IQ:7,56,11,-58,181
IQ:8,72,12,-36,-126
IQ:9,80,255,-108,-7
IQ:10,88,1,41,58
IQ:11,96,255,60,-25
IQ:12,104,2,-28,-9
IQ:13,112,255,0,52
IQ:14,120,10,140,79
IQ:15,128,255,124,-81
IQ:16,136,3,42,-41
IQ:17,144,255,-11,-25
IQ:18,152,9,35,-27
IQ:19,160,255,11,-75
IQ:20,168,4,-25,-115
IQ:21,176,255,-85,14
IQ:22,184,8,24,41
IQ:23,192,255,41,-43
IQ:24,200,7,-24,-85
IQ:25,208,255,-54,4
IQ:26,216,6,48,12
IQ:27,224,255,-14,-62
IQ:28,232,5,-114,6
IQ:29,240,255,18,93
IQ:30,248,12,113,-87
IQ:31,256,255,-47,-85
IQ:32,264,1,-20,69
IQ:33,272,255,56,43
IQ:34,280,2,-3,-27
IQ:35,288,255,-91,18
SW:2
RR:3
SS:3
FR:2480
ME:7
MA:10
KE:23
KA:302
DF_END

Data arrived...
DF_BEGIN
IQ:0,0,11,-48,135
IQ:1,8,11,59,-48
IQ:2,16,11,7,-98
IQ:3,24,11,-196,-4
IQ:4,32,11,40,146
IQ:5,40,11,154,-151
IQ:6,48,11,-28,-175
IQ:7,56,11,-87,123
IQ:8,72,12,-1,-205
IQ:9,80,255,-147,-36
IQ:10,88,1,8,79
IQ:11,96,255,61,29
IQ:12,104,2,-138,40
IQ:13,112,255,-16,9
IQ:14,120,10,15,79
IQ:15,128,255,136,20
IQ:16,136,3,170,-50
IQ:17,144,255,11,-112
IQ:18,152,9,-32,-50
IQ:19,160,255,86,13
IQ:20,168,4,210,-262
IQ:21,176,255,-164,-164
IQ:22,184,8,-141,36
IQ:23,192,255,60,73
IQ:24,200,7,115,-159
IQ:25,208,255,-104,-92
IQ:26,216,6,17,90
IQ:27,224,255,80,-42
IQ:28,232,5,-167,-175
IQ:29,240,255,-137,152
IQ:30,248,12,170,10
IQ:31,256,255,32,-124
IQ:32,264,1,-93,86
IQ:33,272,255,23,37
IQ:34,280,2,2,-54
IQ:35,288,255,-51,-39
SW:2
RR:3
SS:3
FR:2426
ME:38
MA:203
KE:25
KA:258
DF_END

Data arrived...
DF_BEGIN
IQ:0,0,11,60,166
IQ:1,8,11,165,-88
IQ:2,16,11,-94,-149
IQ:3,24,11,-134,120
IQ:4,32,11,127,127
IQ:5,40,11,106,-139
IQ:6,48,11,-144,-104
IQ:7,56,11,-93,154
IQ:8,72,12,-47,-121
IQ:9,80,255,-86,7
IQ:10,88,1,125,4
IQ:11,96,255,70,-76
IQ:12,104,2,-24,26
IQ:13,112,255,-6,67
IQ:14,120,10,115,42
IQ:15,128,255,146,-86
IQ:16,136,3,184,-129
IQ:17,144,255,-29,-153
IQ:18,152,9,-27,-60
IQ:19,160,255,60,-78
IQ:20,168,4,121,-309
IQ:21,176,255,-220,-131
IQ:22,184,8,-143,96
IQ:23,192,255,84,63
IQ:24,200,7,49,-237
IQ:25,208,255,-137,-69
IQ:26,216,6,85,61
IQ:27,224,255,14,-127
IQ:28,232,5,-243,-64
IQ:29,240,255,-79,165
IQ:30,248,12,94,-95
IQ:31,256,255,-38,-90
IQ:32,264,1,48,107
IQ:33,272,255,95,30
IQ:34,280,2,-30,-1
IQ:35,288,255,-95,11
SW:2
RR:3
SS:3
FR:2402
ME:41
MA:212
KE:26
KA:237
DF_END

Data arrived...
DF_BEGIN
IQ:0,0,11,7,-194
IQ:1,8,11,-188,7
IQ:2,16,11,38,183
IQ:3,24,11,171,-64
IQ:4,32,11,-79,-176
IQ:5,40,11,-159,96
IQ:6,48,11,124,145
IQ:7,56,11,151,-122
IQ:8,72,12,-54,122
IQ:9,80,255,91,51
IQ:10,88,1,0,-76
IQ:11,96,255,-70,-17
IQ:12,104,2,12,24
IQ:13,112,255,42,-41
IQ:14,120,10,-74,-152
IQ:15,128,255,-151,-8
IQ:16,136,3,-56,8
IQ:17,144,255,-5,28
IQ:18,152,9,-44,3
IQ:19,160,255,-59,54
IQ:20,168,4,-58,107
IQ:21,176,255,73,33
IQ:22,184,8,3,-48
IQ:23,192,255,-58,7
IQ:24,200,7,-36,80
IQ:25,208,255,45,31
IQ:26,216,6,-29,-35
IQ:27,224,255,-31,59
IQ:28,232,5,100,76
IQ:29,240,255,40,-83
IQ:30,248,12,-130,13
IQ:31,256,255,-26,103
IQ:32,264,1,59,-42
IQ:33,272,255,-26,-69
IQ:34,280,2,-16,23
IQ:35,288,255,83,42
SW:2
RR:3
SS:3
FR:2480
ME:10
MA:24
KE:25
KA:261
DF_END

Data arrived...
DF_BEGIN
IQ:0,0,11,46,-136
IQ:1,8,11,-139,-32
IQ:2,16,11,-12,131
IQ:3,24,11,139,-2
IQ:4,32,11,-5,-148
IQ:5,40,11,-144,19
IQ:6,48,11,48,131
IQ:7,56,11,133,-51
IQ:8,72,12,-63,80
IQ:9,80,255,51,59
IQ:10,88,1,18,-59
IQ:11,96,255,-49,-30
IQ:12,104,2,5,16
IQ:13,112,255,41,-16
IQ:14,120,10,-11,-131
IQ:15,128,255,-108,-35
IQ:16,136,3,-34,-5
IQ:17,144,255,-19,2
IQ:18,152,9,-30,11
IQ:19,160,255,-47,5
IQ:20,168,4,-73,58
IQ:21,176,255,44,57
IQ:22,184,8,17,-46
IQ:23,192,255,-52,-4
IQ:24,200,7,-34,49
IQ:25,208,255,22,21
IQ:26,216,6,-21,-31
IQ:27,224,255,-33,35
IQ:28,232,5,55,75
IQ:29,240,255,53,-44
IQ:30,248,12,-91,-29
IQ:31,256,255,-37,70
IQ:32,264,1,51,-10
IQ:33,272,255,6,-58
IQ:34,280,2,-25,2
IQ:35,288,255,42,57
SW:2
RR:3
SS:3
FR:2480
ME:49
MA:198
KE:27
KA:232
DF_END

Data arrived...
DF_BEGIN
IQ:0,0,11,82,-107
IQ:1,8,11,-99,-92
IQ:2,16,11,-73,154
IQ:3,24,11,135,115
IQ:4,32,11,43,-125
IQ:5,40,11,-121,-54
IQ:6,48,11,-31,163
IQ:7,56,11,153,46
IQ:8,72,12,-116,102
IQ:9,80,255,31,155
IQ:10,88,1,41,-40
IQ:11,96,255,-76,-54
IQ:12,104,2,0,13
IQ:13,112,255,54,29
IQ:14,120,10,-11,-69
IQ:15,128,255,-103,-112
IQ:16,136,3,-119,-137
IQ:17,144,255,-88,69
IQ:18,152,9,15,66
IQ:19,160,255,-64,-62
IQ:20,168,4,-266,18
IQ:21,176,255,1,212
IQ:22,184,8,154,51
IQ:23,192,255,-27,-85
IQ:24,200,7,-257,72
IQ:25,208,255,6,166
IQ:26,216,6,32,-117
IQ:27,224,255,-147,-10
IQ:28,232,5,5,226
IQ:29,240,255,167,-7
IQ:30,248,12,-150,-102
IQ:31,256,255,-102,75
IQ:32,264,1,78,33
IQ:33,272,255,79,-86
IQ:34,280,2,-38,20
IQ:35,288,255,21,65
SW:2
RR:3
SS:3
FR:2426
ME:44
MA:198
KE:29
KA:219
DF_END

Data arrived...
DF_BEGIN
IQ:0,0,11,-65,173
IQ:1,8,11,170,32
IQ:2,16,11,17,-181
IQ:3,24,11,-172,-4
IQ:4,32,11,12,168
IQ:5,40,11,177,-26
IQ:6,48,11,-23,-174
IQ:7,56,11,-163,57
IQ:8,72,12,20,-132
IQ:9,80,255,-74,-53
IQ:10,88,1,92,79
IQ:11,96,255,101,-20
IQ:12,104,2,-28,2
IQ:13,112,255,-33,45
IQ:14,120,10,55,103
IQ:15,128,255,165,30
IQ:16,136,3,217,12
IQ:17,144,255,69,-145
IQ:18,152,9,30,-69
IQ:19,160,255,88,-19
IQ:20,168,4,283,-161
IQ:21,176,255,-80,-241
IQ:22,184,8,-189,-12
IQ:23,192,255,17,95
IQ:24,200,7,189,-139
IQ:25,208,255,-56,-132
IQ:26,216,6,22,85
IQ:27,224,255,81,-88
IQ:28,232,5,-153,-198
IQ:29,240,255,-156,76
IQ:30,248,12,130,-30
IQ:31,256,255,15,-86
IQ:32,264,1,-39,116
IQ:33,272,255,65,73
IQ:34,280,2,-25,-20
IQ:35,288,255,-81,-50
SW:2
RR:3
SS:3
FR:2402
ME:41
MA:212
KE:30
KA:216
DF_END

Data arrived...
DF_BEGIN
IQ:0,0,11,27,-141
IQ:1,8,11,-148,-13
IQ:2,16,11,-4,141
IQ:3,24,11,137,-15
IQ:4,32,11,-32,-142
IQ:5,40,11,-136,36
IQ:6,48,11,55,130
IQ:7,56,11,128,-68
IQ:8,72,12,-54,78
IQ:9,80,255,56,56
IQ:10,88,1,9,-53
IQ:11,96,255,-53,-20
IQ:12,104,2,5,20
IQ:13,112,255,36,-29
IQ:14,120,10,-27,-119
IQ:15,128,255,-108,-28
IQ:16,136,3,-42,-5
IQ:17,144,255,-9,9
IQ:18,152,9,-31,-10
IQ:19,160,255,-54,24
IQ:20,168,4,-59,64
IQ:21,176,255,46,37
IQ:22,184,8,7,-37
IQ:23,192,255,-48,-1
IQ:24,200,7,-37,56
IQ:25,208,255,32,18
IQ:26,216,6,-27,-35
IQ:27,224,255,-20,48
IQ:28,232,5,72,61
IQ:29,240,255,41,-55
IQ:30,248,12,-100,-19
IQ:31,256,255,-32,66
IQ:32,264,1,52,-19
IQ:33,272,255,1,-56
IQ:34,280,2,-20,13
IQ:35,288,255,54,39
SW:2
RR:3
SS:3
FR:2480
ME:7
MA:21
KE:28
KA:222
DF_END

Data arrived...
DF_BEGIN
IQ:0,0,11,106,107
IQ:1,8,11,108,-109
IQ:2,16,11,-144,-79
IQ:3,24,11,-8,201
IQ:4,32,11,135,126
IQ:5,40,11,28,-147
IQ:6,48,11,-159,-64
IQ:7,56,11,19,126
IQ:8,72,12,-94,-175
IQ:9,80,255,-75,45
IQ:10,88,1,45,161
IQ:11,96,255,121,-27
IQ:12,104,2,-34,0
IQ:13,112,255,18,65
IQ:14,120,10,8,-6
IQ:15,128,255,90,-121
IQ:16,136,3,112,-164
IQ:17,144,255,-87,-239
IQ:18,152,9,-41,2
IQ:19,160,255,41,-74
IQ:20,168,4,23,-308
IQ:21,176,255,-213,-104
IQ:22,184,8,-96,42
IQ:23,192,255,134,-36
IQ:24,200,7,-34,-246
IQ:25,208,255,-178,19
IQ:26,216,6,136,97
IQ:27,224,255,8,-127
IQ:28,232,5,-228,79
IQ:29,240,255,-73,113
IQ:30,248,12,153,-106
IQ:31,256,255,-78,-141
IQ:32,264,1,10,201
IQ:33,272,255,97,41
IQ:34,280,2,12,29
IQ:35,288,255,-73,-21
SW:2
RR:3
SS:3
FR:2426
ME:44
MA:201
KE:30
KA:214
DF_END

Data arrived...
DF_BEGIN
IQ:0,0,11,-25,177
IQ:1,8,11,165,4
IQ:2,16,11,-28,-178
IQ:3,24,11,-178,15
IQ:4,32,11,41,165
IQ:5,40,11,162,-68
IQ:6,48,11,-70,-154
IQ:7,56,11,-153,90
IQ:8,72,12,25,-122
IQ:9,80,255,-74,-41
IQ:10,88,1,98,68
IQ:11,96,255,88,-38
IQ:12,104,2,-31,15
IQ:13,112,255,-22,53
IQ:14,120,10,84,90
IQ:15,128,255,151,6
IQ:16,136,3,216,-8
IQ:17,144,255,47,-153
IQ:18,152,9,20,-72
IQ:19,160,255,92,-47
IQ:20,168,4,277,-203
IQ:21,176,255,-73,-241
IQ:22,184,8,-181,-6
IQ:23,192,255,30,98
IQ:24,200,7,153,-177
IQ:25,208,255,-78,-125
IQ:26,216,6,26,87
IQ:27,224,255,79,-83
IQ:28,232,5,-163,-183
IQ:29,240,255,-157,87
IQ:30,248,12,120,-40
IQ:31,256,255,1,-86
IQ:32,264,1,-23,124
IQ:33,272,255,77,77
IQ:34,280,2,-29,-23
IQ:35,288,255,-83,-39
SW:2
RR:3
SS:3
FR:2402
ME:38
MA:212
KE:31
KA:213
DF_END

Data arrived...