IQ:25,208,255,85,128
IQ:26,216,6,-39,-80
IQ:27,224,255,-58,98
IQ:28,232,5,196,173
IQ:29,240,255,150,-104
IQ:30,248,12,-110,48
IQ:31,256,255,-8,91
IQ:32,264,1,-4,-112
IQ:33,272,255,-79,-47
IQ:34,280,2,20,24
IQ:35,288,255,84,31
SW:2
RR:3
SS:3
FR:2402
ME:38
MA:212
KE:38
KA:211
DF_END

Data arrived...
DF_BEGIN
IQ:0,0,11,134,19
IQ:1,8,11,16,-138
IQ:2,16,11,-135,3
IQ:3,24,11,22,132
IQ:4,32,11,128,-44
IQ:5,40,11,-54,-127
IQ:6,48,11,-120,59
IQ:7,56,11,77,112
IQ:8,72,12,-83,-41
IQ:9,80,255,-58,53
IQ:10,88,1,47,2
IQ:11,96,255,17,-49
IQ:12,104,2,-19,2
IQ:13,112,255,25,28
IQ:14,120,10,105,-44
IQ:15,128,255,16,-98
IQ:16,136,3,-9,-45
IQ:17,144,255,-27,-12
IQ:18,152,9,-10,-30
IQ:19,160,255,-38,-31
IQ:20,168,4,-81,-44
IQ:21,176,255,-38,51
IQ:22,184,8,37,10
IQ:23,192,255,1,-51
IQ:24,200,7,-68,-38
IQ:25,208,255,-31,42
IQ:26,216,6,32,-21
IQ:27,224,255,-50,-17
IQ:28,232,5,-62,84
IQ:29,240,255,59,44
IQ:30,248,12,8,-96
IQ:31,256,255,-76,-24
IQ:32,264,1,26,42
IQ:33,272,255,47,-15
IQ:34,280,2,-14,-14
IQ:35,288,255,-40,57
SW:2
RR:3
SS:3
FR:2480
ME:10
MA:24
KE:36
KA:212
DF_END

Data arrived...
DF_BEGIN
IQ:0,0,11,-96,-125
IQ:1,8,11,-123,104
IQ:2,16,11,118,99
IQ:3,24,11,80,-137
IQ:4,32,11,-146,-65
IQ:5,40,11,-66,150
IQ:6,48,11,148,56
IQ:7,56,11,33,-151
IQ:8,72,12,89,139
IQ:9,80,255,145,-32
IQ:10,88,1,-65,-62
IQ:11,96,255,-105,34
IQ:12,104,2,9,-17
IQ:13,112,255,19,-50
IQ:14,120,10,-67,-28
IQ:15,128,255,-105,83
IQ:16,136,3,-112,166
IQ:17,144,255,102,108
IQ:18,152,9,48,-21
IQ:19,160,255,-50,75
IQ:20,168,4,50,293
IQ:21,176,255,230,1
IQ:22,184,8,44,-150
IQ:23,192,255,-107,32
IQ:24,200,7,105,256
IQ:25,208,255,191,-68
IQ:26,216,6,-124,-46
IQ:27,224,255,2,143
IQ:28,232,5,249,-1
IQ:29,240,255,14,-183
IQ:30,248,12,-84,138
IQ:31,256,255,97,117
IQ:32,264,1,20,-92
IQ:33,272,255,-80,-65
IQ:34,280,2,16,2
IQ:35,288,255,70,-26
SW:2
RR:3
SS:3
FR:2426
ME:44
MA:203
KE:36
KA:211
DF_END

Data arrived...
DF_BEGIN
IQ:0,0,11,-124,133
IQ:1,8,11,139,114
IQ:2,16,11,110,-148
IQ:3,24,11,-154,-90
IQ:4,32,11,-79,165
IQ:5,40,11,176,41
IQ:6,48,11,44,-175
IQ:7,56,11,-178,-34
IQ:8,72,12,78,-97
IQ:9,80,255,-45,-71
IQ:10,88,1,51,112
IQ:11,96,255,97,15
IQ:12,104,2,-32,-14
IQ:13,112,255,-55,25
IQ:14,120,10,17,124
IQ:15,128,255,134,92
IQ:16,136,3,192,102
IQ:17,144,255,119,-107
IQ:18,152,9,43,-48
IQ:19,160,255,99,14
IQ:20,168,4,328,-48
IQ:21,176,255,21,-260
IQ:22,184,8,-156,-95
IQ:23,192,255,-23,107
IQ:24,200,7,231,-54
IQ:25,208,255,5,-153
IQ:26,216,6,-16,89
IQ:27,224,255,114,-41
IQ:28,232,5,-60,-262
IQ:29,240,255,-180,6
IQ:30,248,12,126,18
IQ:31,256,255,52,-77
IQ:32,264,1,-58,103
IQ:33,272,255,33,91
IQ:34,280,2,-8,-37
IQ:35,288,255,-53,-73
SW:2
RR:3
SS:3
FR:2402
ME:41
MA:212
KE:37
KA:210
DF_END

Data arrived...
DF_BEGIN
IQ:0,0,11,-165,-85
IQ:1,8,11,-69,175
IQ:2,16,11,170,51
IQ:3,24,11,13,-182
IQ:4,32,11,-187,-14
IQ:5,40,11,-12,183
IQ:6,48,11,179,-18
IQ:7,56,11,-42,-182
IQ:8,72,12,77,101
IQ:9,80,255,90,-46
IQ:10,88,1,-61,-40
IQ:11,96,255,-46,49
IQ:12,104,2,21,-2
IQ:13,112,255,-17,-48
IQ:14,120,10,-157,8
IQ:15,128,255,-63,128
IQ:16,136,3,-16,57
IQ:17,144,255,26,21
IQ:18,152,9,-2,36
IQ:19,160,255,28,61
IQ:20,168,4,70,102
IQ:21,176,255,76,-46
IQ:22,184,8,-35,-33
IQ:23,192,255,-24,56
IQ:24,200,7,67,86
IQ:25,208,255,54,-29
IQ:26,216,6,-52,6
IQ:27,224,255,40,48
IQ:28,232,5,112,-72
IQ:29,240,255,-57,-90
IQ:30,248,12,-52,112
IQ:31,256,255,81,64
IQ:32,264,1,-10,-72
IQ:33,272,255,-62,-12
IQ:34,280,2,10,19
IQ:35,288,255,67,-55
SW:2
RR:3
SS:3
FR:2480
ME:47
MA:201
KE:38
KA:209
DF_END

Data arrived...
DF_BEGIN
IQ:0,0,11,-136,-72
IQ:1,8,11,-119,82
IQ:2,16,11,129,69
IQ:3,24,11,92,-111
IQ:4,32,11,-122,-77
IQ:5,40,11,1,145
IQ:6,48,11,167,21
IQ:7,56,11,58,-172
IQ:8,72,12,110,111
IQ:9,80,255,122,-61
IQ:10,88,1,-70,-56
IQ:11,96,255,-129,50
IQ:12,104,2,-21,-57
IQ:13,112,255,7,-77
IQ:14,120,10,-92,-36
IQ:15,128,255,-150,109
IQ:16,136,3,-123,153
IQ:17,144,255,170,-17
IQ:18,152,9,80,-12
IQ:19,160,255,-20,36
IQ:20,168,4,131,271
IQ:21,176,255,223,-38
IQ:22,184,8,37,-206
IQ:23,192,255,-108,91
IQ:24,200,7,208,216
IQ:25,208,255,191,-62
IQ:26,216,6,-75,-25
IQ:27,224,255,3,109
IQ:28,232,5,224,-69
IQ:29,240,255,-7,-166
IQ:30,248,12,-81,132
IQ:31,256,255,140,125
IQ:32,264,1,-134,-119
IQ:33,272,255,-63,-43
IQ:34,280,2,148,-51
IQ:35,288,255,70,15
SW:2
RR:3
SS:3
FR:2426
ME:44
MA:209
KE:38
KA:209
DF_END

Data arrived...
DF_BEGIN
IQ:0,0,11,91,-158
IQ:1,8,11,-166,-59
IQ:2,16,11,-36,173
IQ:3,24,11,177,38
IQ:4,32,11,33,-176
IQ:5,40,11,-178,4
IQ:6,48,11,9,175
IQ:7,56,11,175,-38
IQ:8,72,12,-45,115
IQ:9,80,255,54,55
IQ:10,88,1,-90,-81
IQ:11,96,255,-87,34
IQ:12,104,2,35,-8
IQ:13,112,255,37,-45
IQ:14,120,10,-47,-106
IQ:15,128,255,-150,-45
IQ:16,136,3,-213,-28
IQ:17,144,255,-79,141
IQ:18,152,9,-36,58
IQ:19,160,255,-94,8
IQ:20,168,4,-304,133
IQ:21,176,255,52,241
IQ:22,184,8,178,39
IQ:23,192,255,-5,-108
IQ:24,200,7,-188,129
IQ:25,208,255,51,138
IQ:26,216,6,-20,-80
IQ:27,224,255,-87,78
IQ:28,232,5,147,207
IQ:29,240,255,166,-75
IQ:30,248,12,-121,32
IQ:31,256,255,-19,80
IQ:32,264,1,14,-120
IQ:33,272,255,-77,-60
IQ:34,280,2,27,30
IQ:35,288,255,79,52
SW:2
RR:3
SS:3
FR:2402
ME:41
MA:215
KE:39
KA:210
DF_END

Data arrived...
DF_BEGIN
IQ:0,0,11,-97,152
IQ:1,8,11,160,69
IQ:2,16,11,59,-173
IQ:3,24,11,-179,-36
IQ:4,32,11,-13,183
IQ:5,40,11,183,0
IQ:6,48,11,-34,-179
IQ:7,56,11,-181,33
IQ:8,72,12,98,-83
IQ:9,80,255,-48,-93
IQ:10,88,1,-29,60
IQ:11,96,255,45,44
IQ:12,104,2,1,-23
IQ:13,112,255,-45,22
IQ:14,120,10,1,150
IQ:15,128,255,121,69
IQ:16,136,3,63,9
IQ:17,144,255,30,-29
IQ:18,152,9,46,1
IQ:19,160,255,65,-30
IQ:20,168,4,93,-79
IQ:21,176,255,-54,-82
IQ:22,184,8,-38,32
IQ:23,192,255,54,19
IQ:24,200,7,78,-72
IQ:25,208,255,-41,-55
IQ:26,216,6,19,39
IQ:27,224,255,46,-48
IQ:28,232,5,-72,-113
IQ:29,240,255,-80,52
IQ:30,248,12,122,43
IQ:31,256,255,54,-90
IQ:32,264,1,-68,7
IQ:33,272,255,-8,71
IQ:34,280,2,15,-13
IQ:35,288,255,-60,-62
SW:2
RR:3
SS:3
FR:2480
ME:47
MA:201
KE:39
KA:209
DF_END

Data arrived...
DF_BEGIN
IQ:0,0,11,-117,142
IQ:1,8,11,146,110
IQ:2,16,11,94,-160
IQ:3,24,11,-170,-56
IQ:4,32,11,-46,180
IQ:5,40,11,170,32
IQ:6,48,11,17,-187
IQ:7,56,11,-182,-4
IQ:8,72,12,102,-66
IQ:9,80,255,-40,-97
IQ:10,88,1,-41,65
IQ:11,96,255,44,47
IQ:12,104,2,-4,-28
IQ:13,112,255,-49,8
IQ:14,120,10,-35,149
IQ:15,128,255,103,92
IQ:16,136,3,51,16
IQ:17,144,255,25,-22
IQ:18,152,9,40,4
IQ:19,160,255,68,-26
IQ:20,168,4,112,-61
IQ:21,176,255,-35,-84
IQ:22,184,8,-42,27
IQ:23,192,255,47,29
IQ:24,200,7,93,-56
IQ:25,208,255,-29,-58
IQ:26,216,6,12,46
IQ:27,224,255,47,-42
IQ:28,232,5,-55,-130
IQ:29,240,255,-94,39
IQ:30,248,12,116,50
IQ:31,256,255,64,-78
IQ:32,264,1,-73,4
IQ:33,272,255,-18,67
IQ:34,280,2,16,-12
IQ:35,288,255,-44,-70
SW:2
RR:3
SS:3
FR:2480
ME:47
MA:201
KE:40
KA:208
DF_END

Data arrived...
DF_BEGIN
IQ:0,0,11,-106,139
IQ:1,8,11,152,95
IQ:2,16,11,90,-162
IQ:3,24,11,-175,-64
IQ:4,32,11,-40,180
IQ:5,40,11,181,27
IQ:6,48,11,17,-185
IQ:7,56,11,-184,-7
IQ:8,72,12,61,-111
IQ:9,80,255,-60,-63
IQ:10,88,1,84,91
IQ:11,96,255,98,-10
IQ:12,104,2,-38,-14
IQ:13,112,255,-50,40
IQ:14,120,10,33,113
IQ:15,128,255,143,68
IQ:16,136,3,211,61
IQ:17,144,255,116,-123
IQ:18,152,9,39,-51
IQ:19,160,255,91,-3
IQ:20,168,4,330,-114
IQ:21,176,255,0,-257
IQ:22,184,8,-167,-76
IQ:23,192,255,-16,101
IQ:24,200,7,216,-74
IQ:25,208,255,-5,-153
IQ:26,216,6,-2,90
IQ:27,224,255,101,-65
IQ:28,232,5,-93,-249
IQ:29,240,255,-177,19
IQ:30,248,12,129,-1
IQ:31,256,255,37,-73
IQ:32,264,1,-52,104
IQ:33,272,255,57,85
IQ:34,280,2,-12,-41
IQ:35,288,255,-68,-71
SW:2
RR:3
SS:3
FR:2402
ME:38
MA:212
KE:40
KA:208
DF_END

Data arrived...
DF_BEGIN
IQ:0,0,11,177,-12
IQ:1,8,11,-43,-179
IQ:2,16,11,-179,41
IQ:3,24,11,53,172
IQ:4,32,11,161,-84
IQ:5,40,11,-110,-144
IQ:6,48,11,-149,115
IQ:7,56,11,112,141
IQ:8,72,12,-120,19
IQ:9,80,255,-17,78
IQ:10,88,1,33,-114
IQ:11,96,255,-69,-68
IQ:12,104,2,16,26
IQ:13,112,255,53,10
IQ:14,120,10,64,-101
IQ:15,128,255,-54,-155
IQ:16,136,3,-104,-194
IQ:17,144,255,-164,14
IQ:18,152,9,-72,16
IQ:19,160,255,-62,-66
IQ:20,168,4,-287,-190
IQ:21,176,255,-202,173
IQ:22,184,8,57,185
IQ:23,192,255,91,-57
IQ:24,200,7,-207,-115
IQ:25,208,255,-95,114
IQ:26,216,6,74,-63
IQ:27,224,255,-108,-38
IQ:28,232,5,-119,234
IQ:29,240,255,134,125
IQ:30,248,12,-79,-92
IQ:31,256,255,-82,23
IQ:32,264,1,107,-24
IQ:33,272,255,32,-92
IQ:34,280,2,-12,33
IQ:35,288,255,-4,89
SW:2
RR:3
SS:3
FR:2402
ME:38
MA:212
KE:40
KA:208
DF_END

Data arrived...
DF_BEGIN
IQ:0,0,11,-177,-49
IQ:1,8,11,-39,178
IQ:2,16,11,167,12
IQ:3,24,11,-19,-185
IQ:4,32,11,-179,30
IQ:5,40,11,45,171
IQ:6,48,11,159,-73
IQ:7,56,11,-83,-167
IQ:8,72,12,95,82
IQ:9,80,255,78,-59
IQ:10,88,1,-71,-13
IQ:11,96,255,-29,62
IQ:12,104,2,20,-8
IQ:13,112,255,-33,-45
IQ:14,120,10,-153,30
IQ:15,128,255,-39,130
IQ:16,136,3,3,60
IQ:17,144,255,30,13
IQ:18,152,9,12,40
IQ:19,160,255,48,53
IQ:20,168,4,100,71
IQ:21,176,255,60,-70
IQ:22,184,8,-44,-17
IQ:23,192,255,-3,59
IQ:24,200,7,86,59
IQ:25,208,255,47,-51
IQ:26,216,6,-40,17
IQ:27,224,255,60,25
IQ:28,232,5,90,-105
IQ:29,240,255,-87,-64
IQ:30,248,12,-19,127
IQ:31,256,255,97,37
IQ:32,264,1,-24,-67
IQ:33,272,255,-72,11
IQ:34,280,2,18,13
IQ:35,288,255,51,-66
SW:2
RR:3
SS:3
FR:2480
ME:47
MA:201
KE:41
KA:207
DF_END

Data arrived...
DF_BEGIN
IQ:0,0,11,119,-95
IQ:1,8,11,-95,-116
IQ:2,16,11,-109,112
IQ:3,24,11,120,99
IQ:4,32,11,89,-124
IQ:5,40,11,-132,-79
IQ:6,48,11,-66,138
IQ:7,56,11,139,41
IQ:8,72,12,-139,73
IQ:9,80,255,18,145
IQ:10,88,1,70,-58
IQ:11,96,255,-16,-89
IQ:12,104,2,19,19
IQ:13,112,255,47,22
IQ:14,120,10,26,-62
IQ:15,128,255,-73,-116
IQ:16,136,3,-147,-126
IQ:17,144,255,-127,82
IQ:18,152,9,-3,53
IQ:19,160,255,-63,-56
IQ:20,168,4,-300,-14
IQ:21,176,255,-55,217
IQ:22,184,8,129,75
IQ:23,192,255,-9,-107
IQ:24,200,7,-259,68
IQ:25,208,255,40,190
IQ:26,216,6,50,-111
IQ:27,224,255,-134,-11
IQ:28,232,5,-15,242
IQ:29,240,255,176,48
IQ:30,248,12,-115,-108
IQ:31,256,255,-131,69
IQ:32,264,1,87,29
IQ:33,272,255,70,-64
IQ:34,280,2,-6,23
IQ:35,288,255,14,77
SW:2
RR:3
SS:3
FR:2426
ME:44
MA:206
KE:41
KA:207
DF_END

Data arrived...
DF_BEGIN
IQ:0,0,11,140,38
IQ:1,8,11,9,-159
IQ:2,16,11,-162,-5
IQ:3,24,11,11,150
IQ:4,32,11,150,-33
IQ:5,40,11,-46,-146
IQ:6,48,11,-148,57
IQ:7,56,11,63,144
IQ:8,72,12,-120,1
IQ:9,80,255,-17,62
IQ:10,88,1,51,-121
IQ:11,96,255,-56,-68
IQ:12,104,2,25,54
IQ:13,112,255,70,17
IQ:14,120,10,72,-94
IQ:15,128,255,-7,-143
IQ:16,136,3,-1,-203
IQ:17,144,255,-146,-77
IQ:18,152,9,-93,-35
IQ:19,160,255,-46,-65
IQ:20,168,4,-188,-274
IQ:21,176,255,-246,76
IQ:22,184,8,-35,181
IQ:23,192,255,98,-4
IQ:24,200,7,-129,-182
IQ:25,208,255,-145,46
IQ:26,216,6,64,-21
IQ:27,224,255,-78,-59
IQ:28,232,5,-178,157
IQ:29,240,255,78,131
IQ:30,248,12,-64,-92
IQ:31,256,255,-68,14
IQ:32,264,1,121,-13
IQ:33,272,255,33,-80
IQ:34,280,2,-45,41
IQ:35,288,255,-4,89
SW:2
RR:3
SS:3
FR:2402
ME:38
MA:212
KE:41
KA:207
DF_END

Data arrived...
DF_BEGIN
IQ:0,0,11,43,147
IQ:1,8,11,164,-46
IQ:2,16,11,-21,-149
IQ:3,24,11,-127,56
IQ:4,32,11,86,130
IQ:5,40,11,139,-84
IQ:6,48,11,-85,-97
IQ:7,56,11,-87,111
IQ:8,72,12,-32,-111
IQ:9,80,255,-54,3
IQ:10,88,1,135,16
IQ:11,96,255,62,-83
IQ:12,104,2,-41,36
IQ:13,112,255,18,63
IQ:14,120,10,132,56
IQ:15,128,255,141,-63
IQ:16,136,3,203,-65
IQ:17,144,255,27,-140
IQ:18,152,9,17,-100
IQ:19,160,255,52,-64
IQ:20,168,4,201,-279
IQ:21,176,255,-119,-219
IQ:22,184,8,-172,6
IQ:23,192,255,43,91
IQ:24,200,7,168,-163
IQ:25,208,255,-74,-102
IQ:26,216,6,42,56
IQ:27,224,255,14,-78
IQ:28,232,5,-204,-103
IQ:29,240,255,-111,137
IQ:30,248,12,85,-71
IQ:31,256,255,-29,-53
IQ:32,264,1,29,133
IQ:33,272,255,85,4
IQ:34,280,2,-76,-35
IQ:35,288,255,-112,28
SW:2
RR:3
SS:3
FR:2402
ME:38
MA:215
KE:41
KA:208
DF_END

Data arrived...
DF_BEGIN
IQ:0,0,11,159,-68
IQ:1,8,11,-93,-160
IQ:2,16,11,-145,104
IQ:3,24,11,117,136
IQ:4,32,11,126,-125
IQ:5,40,11,-148,-108
IQ:6,48,11,-82,162
IQ:7,56,11,164,86
IQ:8,72,12,-133,-2
IQ:9,80,255,-24,96
IQ:10,88,1,70,-32
IQ:11,96,255,-13,-69
IQ:12,104,2,-11,15
IQ:13,112,255,46,13
IQ:14,120,10,89,-119
IQ:15,128,255,-60,-123
IQ:16,136,3,-37,-52
IQ:17,144,255,-34,13
IQ:18,152,9,-23,-18
IQ:19,160,255,-61,-18
IQ:20,168,4,-132,5
IQ:21,176,255,-4,96
IQ:22,184,8,53,3
IQ:23,192,255,-30,-55
IQ:24,200,7,-118,20
IQ:25,208,255,1,74
IQ:26,216,6,22,-49
IQ:27,224,255,-65,3
IQ:28,232,5,-4,131
IQ:29,240,255,94,6
IQ:30,248,12,-66,-112
IQ:31,256,255,-99,32
IQ:32,264,1,64,31
IQ:33,272,255,49,-50
IQ:34,280,2,-17,-9
IQ:35,288,255,-4,86
SW:2
RR:3
SS:3
FR:2480
ME:47
MA:201
KE:41
KA:207
DF_END

Data arrived...
DF_BEGIN
IQ:0,0,11,-80,220
IQ:1,8,11,47,9
IQ:2,16,11,50,-209
IQ:3,24,11,-148,-78
IQ:4,32,11,87,53
IQ:5,40,11,214,-36
IQ:6,48,11,-99,-36
IQ:7,56,11,-183,66
IQ:8,72,12,-121,-115
IQ:9,80,255,49,-188
IQ:10,88,1,-15,-125
IQ:11,96,255,224,139
IQ:12,104,2,39,165
IQ:13,112,255,-96,140
IQ:14,120,10,135,128
IQ:15,128,255,32,-48
IQ:16,136,3,142,139
IQ:17,144,255,-103,72
IQ:18,152,9,89,-185
IQ:19,160,255,129,135
IQ:20,168,4,-105,-42
IQ:21,176,255,-2,-178
IQ:22,184,8,-200,11
IQ:23,192,255,-11,-152
IQ:24,200,7,237,-223
IQ:25,208,255,-9,-194
IQ:26,216,6,-89,120
IQ:27,224,255,8,55
IQ:28,232,5,26,-138
IQ:29,240,255,31,-43
IQ:30,248,12,141,216
IQ:31,256,255,-80,30
IQ:32,264,1,-154,-144
IQ:33,272,255,-117,21
IQ:34,280,2,125,98
IQ:35,288,255,53,-11
SW:2
RR:3
SS:3
FR:2480
ME:13
MA:262
KE:39
KA:212
DF_END

Data arrived...
DF_BEGIN
IQ:0,0,11,176,-6
IQ:1,8,11,-24,-175
IQ:2,16,11,-175,37
IQ:3,24,11,62,171
IQ:4,32,11,161,-72
IQ:5,40,11,-90,-163
IQ:6,48,11,-147,96
IQ:7,56,11,123,120
IQ:8,72,12,-184,-45
IQ:9,80,255,-80,151
IQ:10,88,1,108,-10
IQ:11,96,255,33,-100
IQ:12,104,2,-18,20
IQ:13,112,255,17,61
IQ:14,120,10,93,-55
IQ:15,128,255,12,-168
IQ:16,136,3,-48,-204
IQ:17,144,255,-152,8
IQ:18,152,9,-15,8
IQ:19,160,255,-40,-106
IQ:20,168,4,-243,-184
IQ:21,176,255,-156,151
IQ:22,184,8,79,94
IQ:23,192,255,20,-111
IQ:24,200,7,-252,-102
IQ:25,208,255,-73,158
IQ:26,216,6,117,-79
IQ:27,224,255,-121,-100
IQ:28,232,5,-183,196
IQ:29,240,255,136,150
IQ:30,248,12,-62,-179
IQ:31,256,255,-177,-6
IQ:32,264,1,54,83
IQ:33,272,255,114,-23
IQ:34,280,2,-28,-12
IQ:35,288,255,-48,92
SW:2
RR:3
SS:3
FR:2426
ME:44
MA:198
KE:39
KA:211
DF_END

Data arrived...
DF_BEGIN
IQ:0,0,11,98,-154
IQ:1,8,11,-142,-100
IQ:2,16,11,-83,157
IQ:3,24,11,163,58
IQ:4,32,11,27,-166
IQ:5,40,11,-183,-20
IQ:6,48,11,-18,168
IQ:7,56,11,177,2
IQ:8,72,12,-143,101
IQ:9,80,255,44,146
IQ:10,88,1,62,-86
IQ:11,96,255,-60,-101
IQ:12,104,2,4,29
IQ:13,112,255,59,11
IQ:14,120,10,11,-106
IQ:15,128,255,-128,-117
IQ:16,136,3,-168,-98
IQ:17,144,255,-94,96
IQ:18,152,9,-14,29
IQ:19,160,255,-94,-38
IQ:20,168,4,-288,76
IQ:21,176,255,10,216
IQ:22,184,8,106,26
IQ:23,192,255,-56,-83
IQ:24,200,7,-226,114
IQ:25,208,255,72,155
IQ:26,216,6,15,-132
IQ:27,224,255,-150,31
IQ:28,232,5,42,258
IQ:29,240,255,193,-25
IQ:30,248,12,-160,-77
IQ:31,256,255,-117,115
IQ:32,264,1,101,8
IQ:33,272,255,44,-101
IQ:34,280,2,-19,23
IQ:35,288,255,41,87
SW:2
RR:3
SS:3
FR:2426
ME:44
MA:201
KE:39
KA:210
DF_END

Data arrived...
DF_BEGIN
IQ:0,0,11,-102,122
IQ:1,8,11,128,93
IQ:2,16,11,76,-144
IQ:3,24,11,-146,-57
IQ:4,32,11,-51,157
IQ:5,40,11,143,31
IQ:6,48,11,12,-158
IQ:7,56,11,-155,-4
IQ:8,72,12,36,-135
IQ:9,80,255,-67,-20
IQ:10,88,1,116,124
IQ:11,96,255,106,-56
IQ:12,104,2,-110,-1
IQ:13,112,255,-42,103
IQ:14,120,10,83,110
IQ:15,128,255,146,43
IQ:16,136,3,204,124
IQ:17,144,255,197,-96
IQ:18,152,9,97,-125
IQ:19,160,255,66,-25
IQ:20,168,4,400,-27
IQ:21,176,255,90,-308
IQ:22,184,8,-168,-182
IQ:23,192,255,-103,100
IQ:24,200,7,286,0
IQ:25,208,255,54,-200
IQ:26,216,6,-17,54
IQ:27,224,255,76,-67
IQ:28,232,5,-104,-256
IQ:29,240,255,-183,3
IQ:30,248,12,127,-44
IQ:31,256,255,-1,-68
IQ:32,264,1,-51,164
IQ:33,272,255,86,70
IQ:34,280,2,-62,-84
IQ:35,288,255,-120,-41
SW:2
RR:3
SS:3
FR:2402
ME:35
MA:215
KE:39
KA:210
DF_END

Data arrived...
DF_BEGIN
IQ:0,0,11,157,-83
IQ:1,8,11,-102,-154
IQ:2,16,11,-132,122
IQ:3,24,11,139,114
IQ:4,32,11,94,-154
IQ:5,40,11,-173,-84
IQ:6,48,11,-88,170
IQ:7,56,11,162,65
IQ:8,72,12,-139,20
IQ:9,80,255,-14,103
IQ:10,88,1,59,-39
IQ:11,96,255,-17,-72
IQ:12,104,2,-25,25
IQ:13,112,255,49,17
IQ:14,120,10,77,-117
IQ:15,128,255,-75,-114
IQ:16,136,3,-56,-39
IQ:17,144,255,-38,27
IQ:18,152,9,-39,-8
IQ:19,160,255,-67,1
IQ:20,168,4,-128,24
IQ:21,176,255,6,94
IQ:22,184,8,43,-15
IQ:23,192,255,-46,-49
IQ:24,200,7,-107,30
IQ:25,208,255,11,76
IQ:26,216,6,11,-47
IQ:27,224,255,-69,19
IQ:28,232,5,14,137
IQ:29,240,255,102,-11
IQ:30,248,12,-79,-114
IQ:31,256,255,-100,39
IQ:32,264,1,66,26
IQ:33,272,255,41,-55
IQ:34,280,2,-33,0
IQ:35,288,255,3,87
SW:2
RR:3
SS:3
FR:2480
ME:47
MA:198
KE:40
KA:209
DF_END

Data arrived...
DF_BEGIN
IQ:0,0,11,161,50
IQ:1,8,11,34,-167
IQ:2,16,11,-165,-18
IQ:3,24,11,0,167
IQ:4,32,11,171,-20
IQ:5,40,11,-25,-166
IQ:6,48,11,-162,39
IQ:7,56,11,61,149
IQ:8,72,12,-146,-116
IQ:9,80,255,-118,91
IQ:10,88,1,105,29
IQ:11,96,255,64,-89
IQ:12,104,2,-36,25
IQ:13,112,255,4,74
IQ:14,120,10,95,-31
IQ:15,128,255,52,-147
IQ:16,136,3,34,-178
IQ:17,144,255,-114,-64
IQ:18,152,9,-32,-7
IQ:19,160,255,0,-98
IQ:20,168,4,-143,-245
IQ:21,176,255,-191,86
IQ:22,184,8,13,117
IQ:23,192,255,51,-72
IQ:24,200,7,-186,-188
IQ:25,208,255,-138,96
IQ:26,216,6,119,-15
IQ:27,224,255,-79,-116
IQ:28,232,5,-221,135
IQ:29,240,255,69,166
IQ:30,248,12,10,-181
IQ:31,256,255,-149,-68
IQ:32,264,1,25,105
IQ:33,272,255,109,13
IQ:34,280,2,-43,-21
IQ:35,288,255,-79,61
SW:2
RR:3
SS:3
FR:2426
ME:44
MA:201
KE:40
KA:208
DF_END