IQ:0,0,11,72,170
IQ:1,8,11,157,-82
IQ:2,16,11,-113,-146
IQ:3,24,11,-127,131
IQ:4,32,11,138,112
IQ:5,40,11,91,-153
IQ:6,48,11,-154,-106
IQ:7,56,11,-68,164
IQ:8,72,12,-77,-101
IQ:9,80,255,-64,25
IQ:10,88,1,159,-29
IQ:11,96,255,26,-109
IQ:12,104,2,-35,63
IQ:13,112,255,47,66
IQ:14,120,10,139,-16
IQ:15,128,255,122,-126
IQ:16,136,3,194,-161
IQ:17,144,255,-48,-198
IQ:18,152,9,-73,-112
IQ:19,160,255,13,-79
IQ:20,168,4,99,-393
IQ:21,176,255,-264,-190
IQ:22,184,8,-224,107
IQ:23,192,255,73,98
IQ:24,200,7,68,-307
IQ:25,208,255,-184,-106
IQ:26,216,6,71,45
IQ:27,224,255,-15,-107
IQ:28,232,5,-297,-6
IQ:29,240,255,-68,187
IQ:30,248,12,51,-112
IQ:31,256,255,-48,-49
IQ:32,264,1,91,131
IQ:33,272,255,104,-22
IQ:34,280,2,-77,8
IQ:35,288,255,-91,59
SW:2
RR:3
SS:3
FR:2402
ME:38
MA:212
KE:34
KA:207
DF_END

Data arrived...
DF_BEGIN
IQ:0,0,11,-43,-187
IQ:1,8,11,-183,65
IQ:2,16,11,68,176
IQ:3,24,11,160,-102
IQ:4,32,11,-112,-161
IQ:5,40,11,-136,125
IQ:6,48,11,144,138
IQ:7,56,11,121,-152
IQ:8,72,12,-40,134
IQ:9,80,255,101,51
IQ:10,88,1,2,-77
IQ:11,96,255,-82,-11
IQ:12,104,2,2,32
IQ:13,112,255,33,-32
IQ:14,120,10,-108,-120
IQ:15,128,255,-149,34
IQ:16,136,3,-56,54
IQ:17,144,255,16,41
IQ:18,152,9,-28,12
IQ:19,160,255,-45,58
IQ:20,168,4,-5,136
IQ:21,176,255,103,12
IQ:22,184,8,1,-59
IQ:23,192,255,-68,29
IQ:24,200,7,-12,128
IQ:25,208,255,81,7
IQ:26,216,6,-58,-45
IQ:27,224,255,-22,71
IQ:28,232,5,137,37
IQ:29,240,255,31,-109
IQ:30,248,12,-132,39
IQ:31,256,255,4,116
IQ:32,264,1,61,-47
IQ:33,272,255,-37,-75
IQ:34,280,2,-28,19
IQ:35,288,255,84,24
SW:2
RR:3
SS:3
FR:2480
ME:7
MA:35
KE:31
KA:205
DF_END

Data arrived...
DF_BEGIN
IQ:0,0,11,-44,186
IQ:1,8,11,167,52
IQ:2,16,11,38,-176
IQ:3,24,11,-161,2
IQ:4,32,11,40,178
IQ:5,40,11,175,-39
IQ:6,48,11,-44,-175
IQ:7,56,11,-171,64
IQ:8,72,12,115,-156
IQ:9,80,255,-97,-119
IQ:10,88,1,-21,104
IQ:11,96,255,95,50
IQ:12,104,2,-2,-40
IQ:13,112,255,-72,5
IQ:14,120,10,43,115
IQ:15,128,255,157,72
IQ:16,136,3,171,27
IQ:17,144,255,59,-104
IQ:18,152,9,24,-13
IQ:19,160,255,104,-9
IQ:20,168,4,240,-130
IQ:21,176,255,-54,-187
IQ:22,184,8,-81,0
IQ:23,192,255,78,61
IQ:24,200,7,173,-163
IQ:25,208,255,-101,-141
IQ:26,216,6,15,113
IQ:27,224,255,131,-65
IQ:28,232,5,-117,-232
IQ:29,240,255,-175,71
IQ:30,248,12,186,28
IQ:31,256,255,69,-138
IQ:32,264,1,-122,39
IQ:33,272,255,-12,102
IQ:34,280,2,45,-48
IQ:35,288,255,-61,-100
SW:2
RR:3
SS:3
FR:2426
ME:41
MA:201
KE:32
KA:204
DF_END

Data arrived...
DF_BEGIN
IQ:0,0,11,184,44
IQ:1,8,11,36,-185
IQ:2,16,11,-197,-12
IQ:3,24,11,-2,184
IQ:4,32,11,187,-18
IQ:5,40,11,-36,-182
IQ:6,48,11,-181,49
IQ:7,56,11,71,178
IQ:8,72,12,-133,-13
IQ:9,80,255,-30,64
IQ:10,88,1,72,-141
IQ:11,96,255,-60,-96
IQ:12,104,2,33,58
IQ:13,112,255,73,12
IQ:14,120,10,90,-112
IQ:15,128,255,-9,-177
IQ:16,136,3,20,-264
IQ:17,144,255,-187,-104
IQ:18,152,9,-131,-34
IQ:19,160,255,-46,-82
IQ:20,168,4,-211,-365
IQ:21,176,255,-316,55
IQ:22,184,8,-57,242
IQ:23,192,255,135,-1
IQ:24,200,7,-217,-242
IQ:25,208,255,-202,77
IQ:26,216,6,75,-32
IQ:27,224,255,-101,-56
IQ:28,232,5,-211,221
IQ:29,240,255,101,192
IQ:30,248,12,-46,-122
IQ:31,256,255,-75,9
IQ:32,264,1,143,-2
IQ:33,272,255,54,-95
IQ:34,280,2,-41,58
IQ:35,288,255,-17,104
SW:2
RR:3
SS:3
FR:2402
ME:38
MA:215
KE:33
KA:206
DF_END

Data arrived...
DF_BEGIN
IQ:0,0,11,-155,-96
IQ:1,8,11,-87,167
IQ:2,16,11,174,68
IQ:3,24,11,56,-178
IQ:4,32,11,-181,-38
IQ:5,40,11,-24,185
IQ:6,48,11,179,1
IQ:7,56,11,-16,-180
IQ:8,72,12,114,40
IQ:9,80,255,35,-54
IQ:10,88,1,-121,107
IQ:11,96,255,22,119
IQ:12,104,2,3,-74
IQ:13,112,255,-66,-32
IQ:14,120,10,-122,86
IQ:15,128,255,-45,166
IQ:16,136,3,-105,224
IQ:17,144,255,130,154
IQ:18,152,9,107,76
IQ:19,160,255,29,80
IQ:20,168,4,106,395
IQ:21,176,255,320,37
IQ:22,184,8,139,-205
IQ:23,192,255,-125,-52
IQ:24,200,7,86,295
IQ:25,208,255,211,8
IQ:26,216,6,-76,-10
IQ:27,224,255,73,84
IQ:28,232,5,251,-146
IQ:29,240,255,-24,-202
IQ:30,248,12,2,121
IQ:31,256,255,72,31
IQ:32,264,1,-152,-55
IQ:33,272,255,-83,83
IQ:34,280,2,56,-41
IQ:35,288,255,55,-102
SW:2
RR:3
SS:3
FR:2402
ME:38
MA:212
KE:33
KA:207
DF_END

Data arrived...
DF_BEGIN
IQ:0,0,11,17,-190
IQ:1,8,11,-191,8
IQ:2,16,11,32,184
IQ:3,24,11,181,-48
IQ:4,32,11,-60,-177
IQ:5,40,11,-185,71
IQ:6,48,11,64,177
IQ:7,56,11,155,-96
IQ:8,72,12,-72,110
IQ:9,80,255,75,81
IQ:10,88,1,14,-72
IQ:11,96,255,-66,-40
IQ:12,104,2,-6,35
IQ:13,112,255,45,-20
IQ:14,120,10,-56,-148
IQ:15,128,255,-157,-28
IQ:16,136,3,-70,25
IQ:17,144,255,13,47
IQ:18,152,9,-25,6
IQ:19,160,255,-54,50
IQ:20,168,4,-51,133
IQ:21,176,255,98,53
IQ:22,184,8,11,-55
IQ:23,192,255,-78,7
IQ:24,200,7,-41,116
IQ:25,208,255,76,31
IQ:26,216,6,-40,-53
IQ:27,224,255,-41,68
IQ:28,232,5,113,91
IQ:29,240,255,71,-93
IQ:30,248,12,-134,-8
IQ:31,256,255,-28,117
IQ:32,264,1,73,-26
IQ:33,272,255,-11,-76
IQ:34,280,2,-41,12
IQ:35,288,255,63,46
SW:2
RR:3
SS:3
FR:2480
ME:5
MA:5
KE:30
KA:212
DF_END

Data arrived...
DF_BEGIN
IQ:0,0,11,28,-190
IQ:1,8,11,-183,-23
IQ:2,16,11,1,188
IQ:3,24,11,173,-25
IQ:4,32,11,-22,-167
IQ:5,40,11,-173,52
IQ:6,48,11,48,153
IQ:7,56,11,156,-87
IQ:8,72,12,-95,125
IQ:9,80,255,114,144
IQ:10,88,1,-3,-80
IQ:11,96,255,-120,-27
IQ:12,104,2,39,29
IQ:13,112,255,96,-27
IQ:14,120,10,-22,-122
IQ:15,128,255,-138,-59
IQ:16,136,3,-155,-20
IQ:17,144,255,-21,101
IQ:18,152,9,3,2
IQ:19,160,255,-81,5
IQ:20,168,4,-207,145
IQ:21,176,255,113,166
IQ:22,184,8,127,-29
IQ:23,192,255,-51,-42
IQ:24,200,7,-140,210
IQ:25,208,255,133,136
IQ:26,216,6,-4,-119
IQ:27,224,255,-97,94
IQ:28,232,5,164,224
IQ:29,240,255,181,-79
IQ:30,248,12,-152,4
IQ:31,256,255,-13,161
IQ:32,264,1,118,-24
IQ:33,272,255,11,-93
IQ:34,280,2,-29,53
IQ:35,288,255,83,94
SW:2
RR:3
SS:3
FR:2426
ME:44
MA:201
KE:31
KA:210
DF_END

Data arrived...
DF_BEGIN
IQ:0,0,11,179,-40
IQ:1,8,11,-77,-163
IQ:2,16,11,-144,114
IQ:3,24,11,119,152
IQ:4,32,11,139,-119
IQ:5,40,11,-147,-125
IQ:6,48,11,-113,153
IQ:7,56,11,168,82
IQ:8,72,12,-109,56
IQ:9,80,255,11,69
IQ:10,88,1,-22,-146
IQ:11,96,255,-102,-40
IQ:12,104,2,59,47
IQ:13,112,255,61,-33
IQ:14,120,10,11,-139
IQ:15,128,255,-115,-137
IQ:16,136,3,-148,-198
IQ:17,144,255,-214,20
IQ:18,152,9,-123,53
IQ:19,160,255,-81,-29
IQ:20,168,4,-378,-169
IQ:21,176,255,-218,235
IQ:22,184,8,87,227
IQ:23,192,255,111,-65
IQ:24,200,7,-304,-99
IQ:25,208,255,-119,164
IQ:26,216,6,50,-58
IQ:27,224,255,-115,3
IQ:28,232,5,-68,293
IQ:29,240,255,186,97
IQ:30,248,12,-108,-71
IQ:31,256,255,-63,26
IQ:32,264,1,128,-89
IQ:33,272,255,3,-112
IQ:34,280,2,0,66
IQ:35,288,255,40,95
SW:2
RR:3
SS:3
FR:2402
ME:38
MA:212
KE:32
KA:211
DF_END

Data arrived...
DF_BEGIN
IQ:0,0,11,-139,-23
IQ:1,8,11,2,147
IQ:2,16,11,145,-9
IQ:3,24,11,-19,-142
IQ:4,32,11,-140,34
IQ:5,40,11,49,135
IQ:6,48,11,125,-62
IQ:7,56,11,-82,-124
IQ:8,72,12,83,58
IQ:9,80,255,66,-55
IQ:10,88,1,-55,-16
IQ:11,96,255,-28,51
IQ:12,104,2,23,1
IQ:13,112,255,-14,-36
IQ:14,120,10,-108,41
IQ:15,128,255,-20,108
IQ:16,136,3,13,51
IQ:17,144,255,32,-6
IQ:18,152,9,1,18
IQ:19,160,255,31,50
IQ:20,168,4,97,33
IQ:21,176,255,43,-72
IQ:22,184,8,-39,-15
IQ:23,192,255,4,55
IQ:24,200,7,88,34
IQ:25,208,255,29,-56
IQ:26,216,6,-42,20
IQ:27,224,255,45,33
IQ:28,232,5,69,-85
IQ:29,240,255,-62,-54
IQ:30,248,12,1,101
IQ:31,256,255,85,33
IQ:32,264,1,-9,-56
IQ:33,272,255,-58,2
IQ:34,280,2,4,29
IQ:35,288,255,41,-49
SW:2
RR:3
SS:3
FR:2480
ME:7
MA:35
KE:30
KA:210
DF_END

Data arrived...
DF_BEGIN
IQ:0,0,11,130,-144
IQ:1,8,11,-163,-104
IQ:2,16,11,-110,162
IQ:3,24,11,173,77
IQ:4,32,11,52,-184
IQ:5,40,11,-189,-40
IQ:6,48,11,-32,196
IQ:7,56,11,194,17
IQ:8,72,12,-132,55
IQ:9,80,255,12,118
IQ:10,88,1,64,-44
IQ:11,96,255,-37,-65
IQ:12,104,2,-26,29
IQ:13,112,255,48,16
IQ:14,120,10,41,-149
IQ:15,128,255,-113,-98
IQ:16,136,3,-75,-16
IQ:17,144,255,-21,46
IQ:18,152,9,-21,-15
IQ:19,160,255,-77,8
IQ:20,168,4,-123,77
IQ:21,176,255,46,95
IQ:22,184,8,48,-30
IQ:23,192,255,-65,-38
IQ:24,200,7,-102,77
IQ:25,208,255,41,72
IQ:26,216,6,-1,-65
IQ:27,224,255,-73,34
IQ:28,232,5,50,140
IQ:29,240,255,107,-33
IQ:30,248,12,-114,-88
IQ:31,256,255,-97,74
IQ:32,264,1,70,25
IQ:33,272,255,41,-68
IQ:34,280,2,-31,-7
IQ:35,288,255,27,89
SW:2
RR:3
SS:3
FR:2480
ME:5
MA:5
KE:27
KA:220
DF_END

Data arrived...
DF_BEGIN
IQ:0,0,11,184,4
IQ:1,8,11,-41,-184
IQ:2,16,11,-185,34
IQ:3,24,11,60,158
IQ:4,32,11,161,-70
IQ:5,40,11,-77,-151
IQ:6,48,11,-153,80
IQ:7,56,11,120,151
IQ:8,72,12,-179,-27
IQ:9,80,255,-73,113
IQ:10,88,1,132,-43
IQ:11,96,255,46,-137
IQ:12,104,2,-52,51
IQ:13,112,255,26,87
IQ:14,120,10,70,-57
IQ:15,128,255,-19,-149
IQ:16,136,3,-48,-168
IQ:17,144,255,-134,-11
IQ:18,152,9,-49,5
IQ:19,160,255,-7,-117
IQ:20,168,4,-185,-208
IQ:21,176,255,-145,102
IQ:22,184,8,56,98
IQ:23,192,255,-17,-73
IQ:24,200,7,-257,-103
IQ:25,208,255,-99,130
IQ:26,216,6,124,-68
IQ:27,224,255,-142,-109
IQ:28,232,5,-210,179
IQ:29,240,255,104,130
IQ:30,248,12,-69,-191
IQ:31,256,255,-134,-1
IQ:32,264,1,74,122
IQ:33,272,255,95,-59
IQ:34,280,2,-40,-2
IQ:35,288,255,-68,73
SW:2
RR:3
SS:3
FR:2426
ME:44
MA:201
KE:28
KA:215
DF_END

Data arrived...
DF_BEGIN
IQ:0,0,11,133,122
IQ:1,8,11,109,-156
IQ:2,16,11,-164,-86
IQ:3,24,11,-77,171
IQ:4,32,11,183,57
IQ:5,40,11,38,-183
IQ:6,48,11,-194,-20
IQ:7,56,11,-6,189
IQ:8,72,12,-100,-57
IQ:9,80,255,-67,46
IQ:10,88,1,116,-93
IQ:11,96,255,-16,-114
IQ:12,104,2,-6,68
IQ:13,112,255,63,38
IQ:14,120,10,131,-69
IQ:15,128,255,67,-152
IQ:16,136,3,108,-243
IQ:17,144,255,-145,-157
IQ:18,152,9,-105,-66
IQ:19,160,255,-21,-87
IQ:20,168,4,-96,-403
IQ:21,176,255,-323,-13
IQ:22,184,8,-135,210
IQ:23,192,255,119,46
IQ:24,200,7,-77,-298
IQ:25,208,255,-203,-23
IQ:26,216,6,83,14
IQ:27,224,255,-68,-109
IQ:28,232,5,-264,129
IQ:29,240,255,53,202
IQ:30,248,12,-8,-127
IQ:31,256,255,-81,-37
IQ:32,264,1,133,66
IQ:33,272,255,82,-66
IQ:34,280,2,-60,31
IQ:35,288,255,-63,92
SW:2
RR:3
SS:3
FR:2402
ME:38
MA:212
KE:29
KA:214
DF_END

Data arrived...
DF_BEGIN
IQ:0,0,11,-161,112
IQ:1,8,11,124,144
IQ:2,16,11,119,-148
IQ:3,24,11,-159,-113
IQ:4,32,11,-103,161
IQ:5,40,11,173,87
IQ:6,48,11,73,-187
IQ:7,56,11,-186,-58
IQ:8,72,12,135,-27
IQ:9,80,255,13,-116
IQ:10,88,1,-76,25
IQ:11,96,255,9,77
IQ:12,104,2,27,-19
IQ:13,112,255,-49,-20
IQ:14,120,10,-85,139
IQ:15,128,255,81,123
IQ:16,136,3,62,33
IQ:17,144,255,32,-40
IQ:18,152,9,20,20
IQ:19,160,255,75,8
IQ:20,168,4,138,-45
IQ:21,176,255,-29,-106
IQ:22,184,8,-56,23
IQ:23,192,255,55,49
IQ:24,200,7,115,-43
IQ:25,208,255,-22,-81
IQ:26,216,6,-12,63
IQ:27,224,255,81,-17
IQ:28,232,5,-4,-148
IQ:29,240,255,-116,6
IQ:30,248,12,82,108
IQ:31,256,255,103,-52
IQ:32,264,1,-70,-43
IQ:33,272,255,-61,54
IQ:34,280,2,31,16
IQ:35,288,255,-8,-90
SW:2
RR:3
SS:3
FR:2480
ME:5
MA:5
KE:27
KA:226
DF_END

Data arrived...
DF_BEGIN
IQ:0,0,11,151,93
IQ:1,8,11,81,-158
IQ:2,16,11,-165,-69
IQ:3,24,11,-54,172
IQ:4,32,11,171,42
IQ:5,40,11,25,-173
IQ:6,48,11,-174,-9
IQ:7,56,11,21,180
IQ:8,72,12,-117,-148
IQ:9,80,255,-145,58
IQ:10,88,1,96,62
IQ:11,96,255,98,-66
IQ:12,104,2,-45,4
IQ:13,112,255,-17,80
IQ:14,120,10,110,-1
IQ:15,128,255,91,-131
IQ:16,136,3,75,-159
IQ:17,144,255,-99,-71
IQ:18,152,9,-15,-25
IQ:19,160,255,30,-108
IQ:20,168,4,-66,-269
IQ:21,176,255,-204,15
IQ:22,184,8,-21,101
IQ:23,192,255,70,-54
IQ:24,200,7,-120,-224
IQ:25,208,255,-154,68
IQ:26,216,6,127,13
IQ:27,224,255,-54,-137
IQ:28,232,5,-252,77
IQ:29,240,255,25,190
IQ:30,248,12,63,-171
IQ:31,256,255,-129,-106
IQ:32,264,1,0,116
IQ:33,272,255,115,42
IQ:34,280,2,-25,-39
IQ:35,288,255,-96,43
SW:2
RR:3
SS:3
FR:2426
ME:44
MA:201
KE:28
KA:220
DF_END

Data arrived...
DF_BEGIN
IQ:0,0,11,-8,-150
IQ:1,8,11,-153,27
IQ:2,16,11,35,141
IQ:3,24,11,137,-58
IQ:4,32,11,-73,-137
IQ:5,40,11,-122,88
IQ:6,48,11,88,125
IQ:7,56,11,112,-104
IQ:8,72,12,16,96
IQ:9,80,255,63,8
IQ:10,88,1,-115,-29
IQ:11,96,255,-61,67
IQ:12,104,2,37,-29
IQ:13,112,255,-1,-62
IQ:14,120,10,-100,-52
IQ:15,128,255,-131,51
IQ:16,136,3,-194,71
IQ:17,144,255,-19,166
IQ:18,152,9,20,92
IQ:19,160,255,-45,56
IQ:20,168,4,-195,245
IQ:21,176,255,144,208
IQ:22,184,8,192,-13
IQ:23,192,255,-33,-103
IQ:24,200,7,-128,211
IQ:25,208,255,104,118
IQ:26,216,6,-46,-53
IQ:27,224,255,-27,97
IQ:28,232,5,203,103
IQ:29,240,255,105,-130
IQ:30,248,12,-80,69
IQ:31,256,255,20,58
IQ:32,264,1,-43,-115
IQ:33,272,255,-87,-21
IQ:34,280,2,39,21
IQ:35,288,255,87,-6
SW:2
RR:3
SS:3
FR:2402
ME:38
MA:212
KE:29
KA:218
DF_END

Data arrived...
DF_BEGIN
IQ:0,0,11,110,156
IQ:1,8,11,151,-127
IQ:2,16,11,-133,-127
IQ:3,24,11,-112,161
IQ:4,32,11,168,105
IQ:5,40,11,95,-166
IQ:6,48,11,-180,-55
IQ:7,56,11,-32,192
IQ:8,72,12,-21,-136
IQ:9,80,255,-121,-7
IQ:10,88,1,38,68
IQ:11,96,255,78,-19
IQ:12,104,2,-20,-23
IQ:13,112,255,-15,49
IQ:14,120,10,150,75
IQ:15,128,255,129,-88
IQ:16,136,3,33,-66
IQ:17,144,255,-32,-31
IQ:18,152,9,20,-18
IQ:19,160,255,17,-77
IQ:20,168,4,-45,-128
IQ:21,176,255,-105,39
IQ:22,184,8,26,53
IQ:23,192,255,54,-57
IQ:24,200,7,-43,-113
IQ:25,208,255,-78,23
IQ:26,216,6,62,13
IQ:27,224,255,-15,-69
IQ:28,232,5,-148,22
IQ:29,240,255,21,121
IQ:30,248,12,114,-79
IQ:31,256,255,-37,-101
IQ:32,264,1,-41,73
IQ:33,272,255,63,56
IQ:34,280,2,18,-29
IQ:35,288,255,-88,12
SW:2
RR:3
SS:3
FR:2480
ME:7
MA:35
KE:26
KA:220
DF_END

Data arrived...
DF_BEGIN
IQ:0,0,11,173,37
IQ:1,8,11,20,-174
IQ:2,16,11,-181,13
IQ:3,24,11,29,175
IQ:4,32,11,175,-31
IQ:5,40,11,-49,-174
IQ:6,48,11,-161,69
IQ:7,56,11,93,154
IQ:8,72,12,-164,-90
IQ:9,80,255,-118,113
IQ:10,88,1,111,16
IQ:11,96,255,52,-106
IQ:12,104,2,-38,20
IQ:13,112,255,11,77
IQ:14,120,10,112,-22
IQ:15,128,255,38,-162
IQ:16,136,3,13,-177
IQ:17,144,255,-118,-43
IQ:18,152,9,-19,-14
IQ:19,160,255,-26,-113
IQ:20,168,4,-173,-225
IQ:21,176,255,-178,92
IQ:22,184,8,18,98
IQ:23,192,255,34,-79
IQ:24,200,7,-198,-169
IQ:25,208,255,-115,114
IQ:26,216,6,121,-39
IQ:27,224,255,-89,-118
IQ:28,232,5,-219,130
IQ:29,240,255,93,161
IQ:30,248,12,-11,-181
IQ:31,256,255,-163,-34
IQ:32,264,1,41,105
IQ:33,272,255,121,1
IQ:34,280,2,-44,-30
IQ:35,288,255,-81,69
SW:2
RR:3
SS:3
FR:2426
ME:44
MA:201
KE:28
KA:214
DF_END

Data arrived...
DF_BEGIN
IQ:0,0,11,-82,-130
IQ:1,8,11,-118,103
IQ:2,16,11,108,116
IQ:3,24,11,91,-125
IQ:4,32,11,-127,-82
IQ:5,40,11,-56,141
IQ:6,48,11,143,51
IQ:7,56,11,47,-149
IQ:8,72,12,67,76
IQ:9,80,255,49,-28
IQ:10,88,1,-110,48
IQ:11,96,255,-18,95
IQ:12,104,2,13,-32
IQ:13,112,255,-37,-34
IQ:14,120,10,-117,28
IQ:15,128,255,-91,120
IQ:16,136,3,-147,157
IQ:17,144,255,62,140
IQ:18,152,9,55,67
IQ:19,160,255,-13,66
IQ:20,168,4,-41,319
IQ:21,176,255,237,80
IQ:22,184,8,156,-124
IQ:23,192,255,-74,-61
IQ:24,200,7,0,232
IQ:25,208,255,158,43
IQ:26,216,6,-72,-32
IQ:27,224,255,45,97
IQ:28,232,5,238,-10
IQ:29,240,255,30,-167
IQ:30,248,12,-36,96
IQ:31,256,255,40,43
IQ:32,264,1,-93,-84
IQ:33,272,255,-88,28
IQ:34,280,2,50,-4
IQ:35,288,255,76,-57
SW:2
RR:3
SS:3
FR:2402
ME:38
MA:212
KE:29
KA:213
DF_END

Data arrived...
DF_BEGIN
IQ:0,0,11,191,36
IQ:1,8,11,10,-197
IQ:2,16,11,-192,6
IQ:3,24,11,25,193
IQ:4,32,11,197,-43
IQ:5,40,11,-56,-177
IQ:6,48,11,-165,98
IQ:7,56,11,101,168
IQ:8,72,12,-113,-84
IQ:9,80,255,-85,79
IQ:10,88,1,80,19
IQ:11,96,255,40,-73
IQ:12,104,2,-31,-9
IQ:13,112,255,19,38
IQ:14,120,10,159,-42
IQ:15,128,255,28,-155
IQ:16,136,3,-24,-80
IQ:17,144,255,-46,1
IQ:18,152,9,-8,-27
IQ:19,160,255,-47,-65
IQ:20,168,4,-126,-66
IQ:21,176,255,-46,95
IQ:22,184,8,58,18
IQ:23,192,255,-5,-76
IQ:24,200,7,-112,-50
IQ:25,208,255,-40,77
IQ:26,216,6,55,-33
IQ:27,224,255,-70,-45
IQ:28,232,5,-92,111
IQ:29,240,255,89,64
IQ:30,248,12,12,-138
IQ:31,256,255,-112,-36
IQ:32,264,1,27,75
IQ:33,272,255,81,-17
IQ:34,280,2,-5,-37
IQ:35,288,255,-55,68
SW:2
RR:3
SS:3
FR:2480
ME:7
MA:35
KE:27
KA:213
DF_END

Data arrived...
DF_BEGIN
IQ:0,0,11,-154,83
IQ:1,8,11,94,145
IQ:2,16,11,141,-116
IQ:3,24,11,-114,-133
IQ:4,32,11,-105,139
IQ:5,40,11,142,107
IQ:6,48,11,97,-146
IQ:7,56,11,-158,-84
IQ:8,72,12,185,-34
IQ:9,80,255,10,-159
IQ:10,88,1,-91,56
IQ:11,96,255,18,115
IQ:12,104,2,17,-44
IQ:13,112,255,-65,-45
IQ:14,120,10,-49,101
IQ:15,128,255,71,146
IQ:16,136,3,103,134
IQ:17,144,255,102,-45
IQ:18,152,9,32,-5
IQ:19,160,255,83,65
IQ:20,168,4,269,61
IQ:21,176,255,67,-193
IQ:22,184,8,-74,-62
IQ:23,192,255,9,82
IQ:24,200,7,242,-1
IQ:25,208,255,26,-159
IQ:26,216,6,-67,98
IQ:27,224,255,146,39
IQ:28,232,5,97,-237
IQ:29,240,255,-175,-65
IQ:30,248,12,119,136
IQ:31,256,255,149,-76
IQ:32,264,1,-95,-58
IQ:33,272,255,-85,79
IQ:34,280,2,50,-8
IQ:35,288,255,5,-113
SW:2
RR:3
SS:3
FR:2426
ME:44
MA:201
KE:28
KA:209
DF_END

Data arrived...
DF_BEGIN
IQ:0,0,11,-44,-147
IQ:1,8,11,-143,54
IQ:2,16,11,74,130
IQ:3,24,11,121,-96
IQ:4,32,11,-103,-117
IQ:5,40,11,-102,116
IQ:6,48,11,133,79
IQ:7,56,11,83,-133
IQ:8,72,12,44,94
IQ:9,80,255,59,-12
IQ:10,88,1,-111,19
IQ:11,96,255,-26,78
IQ:12,104,2,24,-40
IQ:13,112,255,-16,-57
IQ:14,120,10,-113,1
IQ:15,128,255,-103,88
IQ:16,136,3,-157,125
IQ:17,144,255,26,160
IQ:18,152,9,40,85
IQ:19,160,255,-20,61
IQ:20,168,4,-130,293
IQ:21,176,255,205,139
IQ:22,184,8,174,-82
IQ:23,192,255,-60,-80
IQ:24,200,7,-60,240
IQ:25,208,255,142,93
IQ:26,216,6,-61,-33
IQ:27,224,255,16,100
IQ:28,232,5,242,40
IQ:29,240,255,77,-157
IQ:30,248,12,-62,81
IQ:31,256,255,32,56
IQ:32,264,1,-59,-106
IQ:33,272,255,-86,-13
IQ:34,280,2,47,4
IQ:35,288,255,84,-31
SW:2
RR:3
SS:3
FR:2402
ME:38
MA:212
KE:29
KA:209
DF_END

Data arrived...
DF_BEGIN
IQ:0,0,11,192,4
IQ:1,8,11,-4,-194
IQ:2,16,11,-183,31
IQ:3,24,11,32,201
IQ:4,32,11,187,-52
IQ:5,40,11,-64,-171
IQ:6,48,11,-171,109
IQ:7,56,11,111,160
IQ:8,72,12,-112,-69
IQ:9,80,255,-69,86
IQ:10,88,1,80,19
IQ:11,96,255,37,-71
IQ:12,104,2,-30,0
IQ:13,112,255,27,46
IQ:14,120,10,148,-54
IQ:15,128,255,16,-153
IQ:16,136,3,-25,-69
IQ:17,144,255,-42,12
IQ:18,152,9,-3,-23
IQ:19,160,255,-51,-50
IQ:20,168,4,-1