IQ:20,168,4,-8,-188
IQ:21,176,255,-169,47
IQ:22,184,8,90,200
IQ:23,192,255,182,-82
IQ:24,200,7,-124,-114
IQ:25,208,255,-117,139
IQ:26,216,6,128,121
IQ:27,224,255,103,-157
IQ:28,232,5,-140,-123
IQ:29,240,255,-76,129
IQ:30,248,12,189,-1
IQ:31,256,255,9,-178
IQ:32,264,1,-144,25
IQ:33,272,255,40,178
IQ:34,280,2,167,16
IQ:35,288,255,-35,-159
SW:2
RR:3
SS:3
FR:2402
ME:359
MA:353
KE:3
KA:324
DF_END

Data arrived...
DF_BEGIN
IQ:0,0,11,6,-122
IQ:1,8,11,-139,-19
IQ:2,16,11,-2,132
IQ:3,24,11,118,-37
IQ:4,32,11,-52,-127
IQ:5,40,11,-123,51
IQ:6,48,11,54,117
IQ:7,56,11,106,-79
IQ:8,72,12,-69,138
IQ:9,80,255,72,11
IQ:10,88,1,-149,-166
IQ:11,96,255,-110,92
IQ:12,104,2,206,-38
IQ:13,112,255,33,-214
IQ:14,120,10,-63,-51
IQ:15,128,255,-9,27
IQ:16,136,3,154,-134
IQ:17,144,255,-32,-186
IQ:18,152,9,-103,-84
IQ:19,160,255,-9,42
IQ:20,168,4,77,-200
IQ:21,176,255,-127,-170
IQ:22,184,8,-124,17
IQ:23,192,255,36,100
IQ:24,200,7,110,-23
IQ:25,208,255,-12,-97
IQ:26,216,6,-53,31
IQ:27,224,255,35,-56
IQ:28,232,5,-130,-235
IQ:29,240,255,-262,22
IQ:30,248,12,-144,59
IQ:31,256,255,42,28
IQ:32,264,1,-11,-241
IQ:33,272,255,-152,-16
IQ:34,280,2,179,103
IQ:35,288,255,184,-136
SW:2
RR:3
SS:3
FR:2480
ME:13
MA:259
KE:4
KA:317
DF_END

Data arrived...
DF_BEGIN
IQ:0,0,11,115,-134
IQ:1,8,11,-143,-99
IQ:2,16,11,-75,156
IQ:3,24,11,160,53
IQ:4,32,11,34,-175
IQ:5,40,11,-177,-36
IQ:6,48,11,-14,171
IQ:7,56,11,177,-12
IQ:8,72,12,-100,79
IQ:9,80,255,81,131
IQ:10,88,1,112,-29
IQ:11,96,255,-56,-109
IQ:12,104,2,-132,57
IQ:13,112,255,81,101
IQ:14,120,10,123,-143
IQ:15,128,255,-140,-130
IQ:16,136,3,-111,99
IQ:17,144,255,114,40
IQ:18,152,9,12,-196
IQ:19,160,255,-199,-30
IQ:20,168,4,-44,173
IQ:21,176,255,153,8
IQ:22,184,8,-24,-229
IQ:23,192,255,-177,4
IQ:24,200,7,78,45
IQ:25,208,255,81,-108
IQ:26,216,6,-75,-112
IQ:27,224,255,-106,112
IQ:28,232,5,113,145
IQ:29,240,255,110,-89
IQ:30,248,12,-127,-12
IQ:31,256,255,-23,150
IQ:32,264,1,94,54
IQ:33,272,255,25,-115
IQ:34,280,2,-139,-48
IQ:35,288,255,0,124
SW:2
RR:3
SS:3
FR:2426
ME:359
MA:353
KE:4
KA:322
DF_END

Data arrived...
DF_BEGIN
IQ:0,0,11,134,168
IQ:1,8,11,152,-157
IQ:2,16,11,-175,-119
IQ:3,24,11,-100,192
IQ:4,32,11,198,92
IQ:5,40,11,57,-207
IQ:6,48,11,-212,-57
IQ:7,56,11,-36,214
IQ:8,72,12,-49,-177
IQ:9,80,255,-174,68
IQ:10,88,1,66,140
IQ:11,96,255,154,-97
IQ:12,104,2,-39,-166
IQ:13,112,255,-133,92
IQ:14,120,10,147,176
IQ:15,128,255,158,-154
IQ:16,136,3,-122,-177
IQ:17,144,255,-109,142
IQ:18,152,9,208,68
IQ:19,160,255,78,-200
IQ:20,168,4,-180,-52
IQ:21,176,255,-31,183
IQ:22,184,8,219,3
IQ:23,192,255,-8,-198
IQ:24,200,7,-152,81
IQ:25,208,255,90,161
IQ:26,216,6,164,-90
IQ:27,224,255,-106,-167
IQ:28,232,5,-168,86
IQ:29,240,255,98,119
IQ:30,248,12,76,-171
IQ:31,256,255,-170,-79
IQ:32,264,1,-49,145
IQ:33,272,255,177,37
IQ:34,280,2,75,-152
IQ:35,288,255,-161,-14
SW:2
RR:3
SS:3
FR:2402
ME:359
MA:353
KE:3
KA:326
DF_END

Data arrived...
DF_BEGIN
IQ:0,0,11,25,-213
IQ:1,8,11,-222,-6
IQ:2,16,11,18,205
IQ:3,24,11,214,-41
IQ:4,32,11,-63,-206
IQ:5,40,11,-201,91
IQ:6,48,11,105,194
IQ:7,56,11,173,-123
IQ:8,72,12,-82,168
IQ:9,80,255,163,91
IQ:10,88,1,56,-142
IQ:11,96,255,-176,-43
IQ:12,104,2,-95,150
IQ:13,112,255,156,30
IQ:14,120,10,27,-235
IQ:15,128,255,-219,-23
IQ:16,136,3,-35,207
IQ:17,144,255,182,-19
IQ:18,152,9,-77,-214
IQ:19,160,255,-201,71
IQ:20,168,4,86,171
IQ:21,176,255,139,-118
IQ:22,184,8,-162,-159
IQ:23,192,255,-138,138
IQ:24,200,7,166,60
IQ:25,208,255,68,-177
IQ:26,216,6,-172,-54
IQ:27,224,255,-43,189
IQ:28,232,5,170,65
IQ:29,240,255,17,-158
IQ:30,248,12,-178,58
IQ:31,256,255,47,178
IQ:32,264,1,137,-70
IQ:33,272,255,-93,-146
IQ:34,280,2,-160,65
IQ:35,288,255,81,139
SW:2
RR:3
SS:3
FR:2402
ME:359
MA:353
KE:3
KA:330
DF_END

Data arrived...
DF_BEGIN
IQ:0,0,11,-84,122
IQ:1,8,11,128,65
IQ:2,16,11,55,-129
IQ:3,24,11,-147,-26
IQ:4,32,11,-30,143
IQ:5,40,11,147,0
IQ:6,48,11,-4,-133
IQ:7,56,11,-138,36
IQ:8,72,12,111,-114
IQ:9,80,255,-61,-25
IQ:10,88,1,78,218
IQ:11,96,255,146,-24
IQ:12,104,2,-208,-39
IQ:13,112,255,-110,154
IQ:14,120,10,37,86
IQ:15,128,255,26,-24
IQ:16,136,3,-167,55
IQ:17,144,255,-31,181
IQ:18,152,9,53,113
IQ:19,160,255,34,-14
IQ:20,168,4,-134,137
IQ:21,176,255,68,164
IQ:22,184,8,124,28
IQ:23,192,255,21,-111
IQ:24,200,7,-132,-32
IQ:25,208,255,-40,87
IQ:26,216,6,51,-13
IQ:27,224,255,-44,38
IQ:28,232,5,46,250
IQ:29,240,255,247,71
IQ:30,248,12,163,2
IQ:31,256,255,-33,-61
IQ:32,264,1,-71,198
IQ:33,272,255,144,53
IQ:34,280,2,-126,-169
IQ:35,288,255,-208,34
SW:2
RR:3
SS:3
FR:2480
ME:13
MA:259
KE:3
KA:323
DF_END

Data arrived...
DF_BEGIN
IQ:0,0,11,36,-171
IQ:1,8,11,-170,47
IQ:2,16,11,61,163
IQ:3,24,11,166,-12
IQ:4,32,11,-53,-147
IQ:5,40,11,-153,76
IQ:6,48,11,82,155
IQ:7,56,11,127,-103
IQ:8,72,12,-35,109
IQ:9,80,255,166,50
IQ:10,88,1,103,-96
IQ:11,96,255,-115,-37
IQ:12,104,2,-79,124
IQ:13,112,255,103,-18
IQ:14,120,10,-15,-182
IQ:15,128,255,-168,-10
IQ:16,136,3,-45,124
IQ:17,144,255,102,-24
IQ:18,152,9,-112,-169
IQ:19,160,255,-152,115
IQ:20,168,4,73,163
IQ:21,176,255,116,-99
IQ:22,184,8,-168,-144
IQ:23,192,255,-120,114
IQ:24,200,7,79,-22
IQ:25,208,255,-5,-130
IQ:26,216,6,-123,-39
IQ:27,224,255,-34,137
IQ:28,232,5,182,31
IQ:29,240,255,41,-115
IQ:30,248,12,-113,71
IQ:31,256,255,54,120
IQ:32,264,1,150,-19
IQ:33,272,255,-64,-124
IQ:34,280,2,-136,48
IQ:35,288,255,77,88
SW:2
RR:3
SS:3
FR:2426
ME:356
MA:353
KE:3
KA:327
DF_END

Data arrived...
DF_BEGIN
IQ:0,0,11,198,-64
IQ:1,8,11,-108,-181
IQ:2,16,11,-177,127
IQ:3,24,11,130,162
IQ:4,32,11,151,-151
IQ:5,40,11,-165,-136
IQ:6,48,11,-115,179
IQ:7,56,11,191,90
IQ:8,72,12,-180,9
IQ:9,80,255,3,182
IQ:10,88,1,147,-30
IQ:11,96,255,-47,-174
IQ:12,104,2,-173,-4
IQ:13,112,255,43,151
IQ:14,120,10,213,-101
IQ:15,128,255,-88,-204
IQ:16,136,3,-194,61
IQ:17,144,255,92,146
IQ:18,152,9,136,-166
IQ:19,160,255,-161,-143
IQ:20,168,4,-105,149
IQ:21,176,255,163,72
IQ:22,184,8,82,-208
IQ:23,192,255,-179,-68
IQ:24,200,7,12,164
IQ:25,208,255,175,-26
IQ:26,216,6,-28,-172
IQ:27,224,255,-191,39
IQ:28,232,5,35,172
IQ:29,240,255,140,-66
IQ:30,248,12,-137,-115
IQ:31,256,255,-123,139
IQ:32,264,1,123,86
IQ:33,272,255,88,-151
IQ:34,280,2,-117,-128
IQ:35,288,255,-60,137
SW:2
RR:3
SS:3
FR:2402
ME:359
MA:353
KE:2
KA:331
DF_END

Data arrived...
DF_BEGIN
IQ:0,0,11,66,132
IQ:1,8,11,119,-83
IQ:2,16,11,-85,-114
IQ:3,24,11,-79,99
IQ:4,32,11,108,70
IQ:5,40,11,60,-136
IQ:6,48,11,-132,-59
IQ:7,56,11,-70,122
IQ:8,72,12,-33,-137
IQ:9,80,255,-62,34
IQ:10,88,1,208,35
IQ:11,96,255,38,-150
IQ:12,104,2,-139,155
IQ:13,112,255,102,159
IQ:14,120,10,88,-6
IQ:15,128,255,-18,-51
IQ:16,136,3,-25,166
IQ:17,144,255,141,119
IQ:18,152,9,116,-13
IQ:19,160,255,-12,-28
IQ:20,168,4,49,197
IQ:21,176,255,165,33
IQ:22,184,8,79,-99
IQ:23,192,255,-88,-61
IQ:24,200,7,-92,86
IQ:25,208,255,53,76
IQ:26,216,6,11,-53
IQ:27,224,255,3,56
IQ:28,232,5,244,132
IQ:29,240,255,211,-148
IQ:30,248,12,63,-161
IQ:31,256,255,-58,4
IQ:32,264,1,146,160
IQ:33,272,255,122,-79
IQ:34,280,2,-206,47
IQ:35,288,255,-72,194
SW:2
RR:3
SS:3
FR:2480
ME:13
MA:259
KE:3
KA:324
DF_END

Data arrived...
DF_BEGIN
IQ:0,0,11,166,48
IQ:1,8,11,37,-167
IQ:2,16,11,-170,-13
IQ:3,24,11,-14,172
IQ:4,32,11,162,-6
IQ:5,40,11,-23,-171
IQ:6,48,11,-165,42
IQ:7,56,11,67,149
IQ:8,72,12,-108,-57
IQ:9,80,255,-87,114
IQ:10,88,1,58,90
IQ:11,96,255,66,-91
IQ:12,104,2,-107,-103
IQ:13,112,255,-75,103
IQ:14,120,10,180,57
IQ:15,128,255,58,-171
IQ:16,136,3,-141,-61
IQ:17,144,255,-5,127
IQ:18,152,9,170,-55
IQ:19,160,255,-49,-176
IQ:20,168,4,-170,27
IQ:21,176,255,43,147
IQ:22,184,8,187,-114
IQ:23,192,255,-76,-165
IQ:24,200,7,-25,82
IQ:25,208,255,121,33
IQ:26,216,6,81,-102
IQ:27,224,255,-133,-58
IQ:28,232,5,-98,143
IQ:29,240,255,123,70
IQ:30,248,12,-44,-116
IQ:31,256,255,-143,27
IQ:32,264,1,-9,105
IQ:33,272,255,111,-22
IQ:34,280,2,-9,-149
IQ:35,288,255,-122,28
SW:2
RR:3
SS:3
FR:2426
ME:359
MA:353
KE:3
KA:328
DF_END

Data arrived...
DF_BEGIN
IQ:0,0,11,-24,207
IQ:1,8,11,211,-4
IQ:2,16,11,-27,-210
IQ:3,24,11,-214,41
IQ:4,32,11,55,205
IQ:5,40,11,193,-75
IQ:6,48,11,-109,-180
IQ:7,56,11,-170,129
IQ:8,72,12,102,-156
IQ:9,80,255,-151,-88
IQ:10,88,1,-43,144
IQ:11,96,255,174,53
IQ:12,104,2,87,-143
IQ:13,112,255,-152,-40
IQ:14,120,10,-24,221
IQ:15,128,255,218,11
IQ:16,136,3,32,-205
IQ:17,144,255,-179,4
IQ:18,152,9,63,201
IQ:19,160,255,195,-82
IQ:20,168,4,-67,-175
IQ:21,176,255,-138,104
IQ:22,184,8,148,167
IQ:23,192,255,130,-144
IQ:24,200,7,-162,-47
IQ:25,208,255,-53,175
IQ:26,216,6,171,66
IQ:27,224,255,49,-185
IQ:28,232,5,-175,-56
IQ:29,240,255,-26,153
IQ:30,248,12,172,-55
IQ:31,256,255,-56,-173
IQ:32,264,1,-131,65
IQ:33,272,255,102,146
IQ:34,280,2,165,-51
IQ:35,288,255,-87,-132
SW:2
RR:3
SS:3
FR:2402
ME:359
MA:353
KE:2
KA:331
DF_END

Data arrived...
DF_BEGIN
IQ:0,0,11,-201,-71
IQ:1,8,11,-50,203
IQ:2,16,11,211,11
IQ:3,24,11,-1,-212
IQ:4,32,11,-215,28
IQ:5,40,11,48,203
IQ:6,48,11,203,-48
IQ:7,56,11,-72,-196
IQ:8,72,12,132,120
IQ:9,80,255,112,-140
IQ:10,88,1,-131,-84
IQ:11,96,255,-85,152
IQ:12,104,2,126,106
IQ:13,112,255,58,-153
IQ:14,120,10,-220,-56
IQ:15,128,255,-52,213
IQ:16,136,3,196,64
IQ:17,144,255,19,-178
IQ:18,152,9,-218,35
IQ:19,160,255,33,204
IQ:20,168,4,177,-47
IQ:21,176,255,-84,-158
IQ:22,184,8,-196,114
IQ:23,192,255,103,166
IQ:24,200,7,86,-142
IQ:25,208,255,-161,-89
IQ:26,216,6,-94,153
IQ:27,224,255,172,75
IQ:28,232,5,82,-158
IQ:29,240,255,-156,-44
IQ:30,248,12,23,176
IQ:31,256,255,178,-21
IQ:32,264,1,-49,-140
IQ:33,272,255,-164,69
IQ:34,280,2,13,167
IQ:35,288,255,141,-61
SW:2
RR:3
SS:3
FR:2402
ME:359
MA:353
KE:2
KA:334
DF_END

Data arrived...
DF_BEGIN
IQ:0,0,11,160,-35
IQ:1,8,11,33,-115
IQ:2,16,11,-187,-34
IQ:3,24,11,34,188
IQ:4,32,11,116,-74
IQ:5,40,11,-21,-106
IQ:6,48,11,-155,53
IQ:7,56,11,104,125
IQ:8,72,12,-230,-48
IQ:9,80,255,28,146
IQ:10,88,1,165,-242
IQ:11,96,255,-201,-70
IQ:12,104,2,107,288
IQ:13,112,255,290,-43
IQ:14,120,10,-116,-133
IQ:15,128,255,54,67
IQ:16,136,3,102,102
IQ:17,144,255,141,-42
IQ:18,152,9,113,-146
IQ:19,160,255,-78,-41
IQ:20,168,4,222,75
IQ:21,176,255,46,-192
IQ:22,184,8,-32,-99
IQ:23,192,255,-146,18
IQ:24,200,7,72,175
IQ:25,208,255,81,-54
IQ:26,216,6,-61,14
IQ:27,224,255,76,1
IQ:28,232,5,198,-90
IQ:29,240,255,80,-298
IQ:30,248,12,-111,-221
IQ:31,256,255,-89,140
IQ:32,264,1,276,-127
IQ:33,272,255,-74,-171
IQ:34,280,2,-66,213
IQ:35,288,255,158,144
SW:2
RR:3
SS:3
FR:2480
ME:13
MA:257
KE:3
KA:328
DF_END

Data arrived...
DF_BEGIN
IQ:0,0,11,-6,-169
IQ:1,8,11,-177,12
IQ:2,16,11,27,166
IQ:3,24,11,157,-65
IQ:4,32,11,-71,-154
IQ:5,40,11,-156,92
IQ:6,48,11,98,140
IQ:7,56,11,108,-126
IQ:8,72,12,-5,118
IQ:9,80,255,147,65
IQ:10,88,1,70,-82
IQ:11,96,255,-100,-35
IQ:12,104,2,-43,143
IQ:13,112,255,119,6
IQ:14,120,10,-3,-178
IQ:15,128,255,-176,-9
IQ:16,136,3,-66,123
IQ:17,144,255,109,-33
IQ:18,152,9,-118,-139
IQ:19,160,255,-141,131
IQ:20,168,4,75,149
IQ:21,176,255,125,-92
IQ:22,184,8,-177,-135
IQ:23,192,255,-158,175
IQ:24,200,7,83,-24
IQ:25,208,255,-22,-132
IQ:26,216,6,-98,-30
IQ:27,224,255,64,159
IQ:28,232,5,187,7
IQ:29,240,255,13,-139
IQ:30,248,12,-74,115
IQ:31,256,255,86,104
IQ:32,264,1,101,-25
IQ:33,272,255,-55,-98
IQ:34,280,2,-155,46
IQ:35,288,255,83,65
SW:2
RR:3
SS:3
FR:2426
ME:359
MA:353
KE:2
KA:331
DF_END

Data arrived...
DF_BEGIN
IQ:0,0,11,-15,-211
IQ:1,8,11,-208,42
IQ:2,16,11,56,205
IQ:3,24,11,198,-73
IQ:4,32,11,-91,-192
IQ:5,40,11,-175,110
IQ:6,48,11,130,174
IQ:7,56,11,144,-148
IQ:8,72,12,-63,171
IQ:9,80,255,175,50
IQ:10,88,1,26,-149
IQ:11,96,255,-176,-30
IQ:12,104,2,-66,154
IQ:13,112,255,154,5
IQ:14,120,10,-17,-226
IQ:15,128,255,-209,22
IQ:16,136,3,11,203
IQ:17,144,255,169,-49
IQ:18,152,9,-115,-184
IQ:19,160,255,-177,113
IQ:20,168,4,103,161
IQ:21,176,255,120,-119
IQ:22,184,8,-180,-120
IQ:23,192,255,-111,161
IQ:24,200,7,156,35
IQ:25,208,255,14,-179
IQ:26,216,6,-188,-23
IQ:27,224,255,-22,191
IQ:28,232,5,175,22
IQ:29,240,255,-9,-150
IQ:30,248,12,-163,87
IQ:31,256,255,86,154
IQ:32,264,1,121,-97
IQ:33,272,255,-124,-128
IQ:34,280,2,-148,75
IQ:35,288,255,113,104
SW:2
RR:3
SS:3
FR:2402
ME:359
MA:353
KE:2
KA:333
DF_END

Data arrived...
DF_BEGIN
IQ:0,0,11,79,-199
IQ:1,8,11,-207,-60
IQ:2,16,11,-33,209
IQ:3,24,11,213,10
IQ:4,32,11,-10,-210
IQ:5,40,11,-204,41
IQ:6,48,11,59,209
IQ:7,56,11,185,-83
IQ:8,72,12,-111,139
IQ:9,80,255,136,120
IQ:10,88,1,76,-124
IQ:11,96,255,-161,-84
IQ:12,104,2,-120,120
IQ:13,112,255,139,72
IQ:14,120,10,61,-215
IQ:15,128,255,-212,-60
IQ:16,136,3,-75,189
IQ:17,144,255,180,25
IQ:18,152,9,-27,-220
IQ:19,160,255,-208,25
IQ:20,168,4,43,173
IQ:21,176,255,149,-86
IQ:22,184,8,-130,-187
IQ:23,192,255,-160,113
IQ:24,200,7,144,83
IQ:25,208,255,81,-168
IQ:26,216,6,-158,-91
IQ:27,224,255,-80,173
IQ:28,232,5,152,94
IQ:29,240,255,43,-143
IQ:30,248,12,-180,39
IQ:31,256,255,20,178
IQ:32,264,1,145,-42
IQ:33,272,255,-66,-169
IQ:34,280,2,-167,12
IQ:35,288,255,58,144
SW:2
RR:3
SS:3
FR:2402
ME:2
MA:5
KE:2
KA:337
DF_END

Data arrived...
DF_BEGIN
IQ:0,0,11,142,-34
IQ:1,8,11,-70,-125
IQ:2,16,11,-124,73
IQ:3,24,11,84,117
IQ:4,32,11,98,-101
IQ:5,40,11,-117,-97
IQ:6,48,11,-87,122
IQ:7,56,11,123,68
IQ:8,72,12,-162,25
IQ:9,80,255,37,76
IQ:10,88,1,75,-224
IQ:11,96,255,-156,-66
IQ:12,104,2,137,170
IQ:13,112,255,198,-52
IQ:14,120,10,27,-96
IQ:15,128,255,-48,16
IQ:16,136,3,156,76
IQ:17,144,255,136,-120
IQ:18,152,9,20,-111
IQ:19,160,255,-45,2
IQ:20,168,4,193,3
IQ:21,176,255,41,-184
IQ:22,184,8,-85,-102
IQ:23,192,255,-89,90
IQ:24,200,7,77,119
IQ:25,208,255,99,-41
IQ:26,216,6,-41,-23
IQ:27,224,255,54,9
IQ:28,232,5,149,-213
IQ:29,240,255,-142,-213
IQ:30,248,12,-127,-100
IQ:31,256,255,-17,73
IQ:32,264,1,197,-109
IQ:33,272,255,-72,-136
IQ:34,280,2,-25,210
IQ:35,288,255,187,115
SW:2
RR:3
SS:3
FR:2480
ME:13
MA:262
KE:3
KA:330
DF_END

Data arrived...
DF_BEGIN
IQ:0,0,11,-115,-120
IQ:1,8,11,-94,130
IQ:2,16,11,146,81
IQ:3,24,11,58,-143
IQ:4,32,11,-168,-36
IQ:5,40,11,-25,161
IQ:6,48,11,163,6
IQ:7,56,11,-20,-165
IQ:8,72,12,77,89
IQ:9,80,255,123,-68
IQ:10,88,1,-20,-105
IQ:11,96,255,-96,54
IQ:12,104,2,56,131
IQ:13,112,255,109,-70
IQ:14,120,10,-133,-122
IQ:15,128,255,-117,128
IQ:16,136,3,98,106
IQ:17,144,255,46,-99
IQ:18,152,9,-177,1
IQ:19,160,255,-21,183
IQ:20,168,4,171,44
IQ:21,176,255,13,-147
IQ:22,184,8,-219,33
IQ:23,192,255,-4,168
IQ:24,200,7,49,-70
IQ:25,208,255,-99,-79
IQ:26,216,6,-107,65
IQ:27,224,255,93,102
IQ:28,232,5,147,-94
IQ:29,240,255,-86,-108
IQ:30,248,12,-3,113
IQ:31,256,255,142,28
IQ:32,264,1,46,-94
IQ:33,272,255,-107,-22
IQ:34,280,2,-45,140
IQ:35,288,255,120,8
SW:2
RR:3
SS:3
FR:2426
ME:2
MA:5
KE:3
KA:334
DF_END

Data arrived...
DF_BEGIN
IQ:0,0,11,-159,139
IQ:1,8,11,168,118
IQ:2,16,11,90,-193
IQ:3,24,11,-198,-86
IQ:4,32,11,-70,196
IQ:5,40,11,203,50
IQ:6,48,11,35,-208
IQ:7,56,11,-211,-21
IQ:8,72,12,167,-72
IQ:9,80,255,-74,-171
IQ:10,88,1,-122,81
IQ:11,96,255,111,142
IQ:12,104,2,167,-52
IQ:13,112,255,-85,-130
IQ:14,120,10,-154,161
IQ:15,128,255,154,156
IQ:16,136,3,154,-143
IQ:17,144,255,-159,-91
IQ:18,152,9,-64,208
IQ:19,160,255,201,65
IQ:20,168,4,51,-176
IQ:21,176,255,-169,2
IQ:22,184,8,33,219
IQ:23,192,255,190,-35
IQ:24,200,7,-89,-138
IQ:25,208,255,-149,110
IQ:26,216,6,101,142
IQ:27,224,255,151,-125
IQ:28,232,5,-101,-160
IQ:29,240,255,-109,102
IQ:30,248,12,175,44
IQ:31,256,255,47,-173
IQ:32,264,1,-146,-17
IQ:33,272,255,-11,180
IQ:34,280,2,158,55
IQ:35,288,255,11,-153
SW:2
RR:3
SS:3
FR:2402
ME:359
MA:353
KE:2
KA:337
DF_END

Data arrived...
DF_BEGIN
IQ:0,0,11,14,156
IQ:1,8,11,130,-36
IQ:2,16,11,-62,-136
IQ:3,24,11,-134,70
IQ:4,32,11,82,135
IQ:5,40,11,119,-67
IQ:6,48,11,-114,-91
IQ:7,56,11,-90,139
IQ:8,72,12,13,-144
IQ:9,80,255,-66,22
IQ:10,88,1,201,125
IQ:11,96,255,69,-128
IQ:12,104,2,-183,111
IQ:13,112,255,28,200
IQ:14,120,10,87,52
IQ:15,128,255,18,-50
IQ:16,136,3,-111,155
IQ:17,144,255,89,170
IQ:18,152,9,114,58
IQ:19,160,255,5,-40
IQ:20,168,4,-20,213
IQ:21,176,255,170,95
IQ:22,184,8,96,-51
IQ:23,192,255,-68,-88
IQ:24,200,7,-121,62
IQ:25,208,255,37,106
IQ:26,216,6,41,-38
IQ:27,224,255,-15,61
IQ:28,232,5,198,181
IQ:29,240,255,253,-95
IQ:30,248,12,117,-103
IQ:31,256,255,-77,-16
IQ:32,264,1,104,212
IQ:33,272,255,144,-32
IQ:34,280,2,-214,-43
IQ:35,288,255,-154,176
SW:2
RR:3
SS:3
FR:2480
ME:13
MA:262
KE:3
KA:329
DF_END

Data arrived...
DF_BEGIN
IQ:0,0,11,-126,91
IQ:1,8,11,92,105
IQ:2,16,11,95,-121
IQ:3,24,11,-117,-86
IQ:4,32,11,-60,133
IQ:5,40,11,119,47
IQ:6,48,11,21,-137
IQ:7,56,11,-148,-26
IQ:8,72,12,140,-76
IQ:9,80,255,-46,-40
IQ:10,88,1,-17,223
IQ:11,96,255,133,26
IQ:12,104,2,-185,-97
IQ:13,112,255,-159,113
IQ:14,120,10,13,80
IQ:15,128,255,38,-13
IQ:16,136,3,-177,-13
IQ:17,144,255,-94,157
IQ:18,152,9,14,103
IQ:19,160,255,14,-8
IQ:20,168,4,-188,73
IQ:21,176,255,-4,165
IQ:22,184,8,99,58
IQ:23,192,255,28,-108
IQ:24,200,7,-98,-82
IQ:25,208,255,-77,71
IQ:26,216,6,37,-5
IQ:27,224,255,-46,21
IQ:28,232,5,-51,270
IQ:29,240,255,199,151
IQ:30,248,12,142,51
IQ:31,256,255,-7,-57
IQ:32,264,1,-129,180
IQ:33,272,255,110,96
IQ:34,280,2,-90,-196
IQ:35,288,255,-224,-42
SW:2
RR:3
SS:3
FR:2480
ME:13
MA:262
KE:4
KA:321
DF_END

Data arrived...
DF_BEGIN
IQ:0,0,11,165,-56
IQ:1,8,11,-61,-160
IQ:2,16,11,-154,80
IQ:3,24,11,94,137
IQ:4,32,11,138,-105
IQ:5,40,11,-114,-128
IQ:6,48,11,-107,130
IQ:7,56,11,146,92
IQ:8,72,12,-124,20
IQ:9,80,255,-12,148
IQ:10,88,1,104,47
IQ:11,96,255,13,-107
IQ:12,104,2,-143,-18
IQ:13,112,255,21,128
IQ:14,120,10,184,-69
IQ:15,128,255,-52,-177
IQ:16,136,3,-151,33
IQ:17,144,255,68,103
IQ:18,152,9,110,-150
IQ:19,160,255,-150,-113
IQ:20,168,4,-133,116
IQ:21,176,255,123,81
IQ:22,184,8,92,-207
IQ:23,192,255,-156,-92
IQ:24,200,7,35,80
IQ:25,208,255,123,-55
IQ:26,216,6,-17,-134
IQ:27,224,255,-148,28
IQ:28,232,5,5,186
IQ:29,240,255,136,-11
IQ:30,248,12,-98,-73
IQ:31,256,255,-103,106
IQ:32,264,1,55,96
IQ:33,272,255,80,-84
IQ:34,280,2,-96,-108
IQ:35,288,255,-75,108
SW:2
RR:3
SS:3
FR:2426
ME:359
MA:353
KE:4
KA:325
DF_END

Data arrived...