ME:27
MA:268
KE:13
KA:306
DF_END

Data arrived...
DF_BEGIN
IQ:0,0,11,146,-134
IQ:1,8,11,-143,-125
IQ:2,16,11,-106,161
IQ:3,24,11,171,89
IQ:4,32,11,66,-184
IQ:5,40,11,-187,-39
IQ:6,48,11,-23,192
IQ:7,56,11,199,4
IQ:8,72,12,-117,113
IQ:9,80,255,79,154
IQ:10,88,1,100,-32
IQ:11,96,255,-75,-97
IQ:12,104,2,-125,61
IQ:13,112,255,84,94
IQ:14,120,10,150,-130
IQ:15,128,255,-117,-127
IQ:16,136,3,-100,96
IQ:17,144,255,114,42
IQ:18,152,9,15,-210
IQ:19,160,255,-205,-38
IQ:20,168,4,-51,172
IQ:21,176,255,155,-2
IQ:22,184,8,-16,-241
IQ:23,192,255,-180,-11
IQ:24,200,7,116,47
IQ:25,208,255,77,-137
IQ:26,216,6,-94,-92
IQ:27,224,255,-106,125
IQ:28,232,5,120,152
IQ:29,240,255,110,-95
IQ:30,248,12,-166,-16
IQ:31,256,255,-41,167
IQ:32,264,1,92,27
IQ:33,272,255,-1,-118
IQ:34,280,2,-133,-26
IQ:35,288,255,15,136
SW:2
RR:3
SS:3
FR:2426
ME:359
MA:353
KE:12
KA:311
DF_END

Data arrived...
DF_BEGIN
IQ:0,0,11,-176,-46
IQ:1,8,11,-17,181
IQ:2,16,11,183,0
IQ:3,24,11,-13,-176
IQ:4,32,11,-185,27
IQ:5,40,11,61,172
IQ:6,48,11,165,-70
IQ:7,56,11,-83,-160
IQ:8,72,12,126,86
IQ:9,80,255,93,-124
IQ:10,88,1,-125,-49
IQ:11,96,255,-52,148
IQ:12,104,2,106,85
IQ:13,112,255,37,-120
IQ:14,120,10,-189,-38
IQ:15,128,255,-38,184
IQ:16,136,3,153,51
IQ:17,144,255,-1,-142
IQ:18,152,9,-178,42
IQ:19,160,255,43,169
IQ:20,168,4,142,-55
IQ:21,176,255,-88,-119
IQ:22,184,8,-148,116
IQ:23,192,255,108,125
IQ:24,200,7,46,-121
IQ:25,208,255,-142,-59
IQ:26,216,6,-66,143
IQ:27,224,255,151,46
IQ:28,232,5,52,-143
IQ:29,240,255,-127,-23
IQ:30,248,12,34,150
IQ:31,256,255,148,-31
IQ:32,264,1,-57,-119
IQ:33,272,255,-135,76
IQ:34,280,2,28,139
IQ:35,288,255,113,-67
SW:2
RR:3
SS:3
FR:2402
ME:359
MA:353
KE:11
KA:316
DF_END

Data arrived...
DF_BEGIN
IQ:0,0,11,-145,-101
IQ:1,8,11,-86,153
IQ:2,16,11,169,55
IQ:3,24,11,47,-172
IQ:4,32,11,-174,-19
IQ:5,40,11,12,180
IQ:6,48,11,176,-21
IQ:7,56,11,-40,-168
IQ:8,72,12,91,118
IQ:9,80,255,122,-96
IQ:10,88,1,-99,-93
IQ:11,96,255,-99,120
IQ:12,104,2,84,116
IQ:13,112,255,71,-115
IQ:14,120,10,-186,-88
IQ:15,128,255,-88,161
IQ:16,136,3,144,96
IQ:17,144,255,48,-142
IQ:18,152,9,-186,-15
IQ:19,160,255,-4,171
IQ:20,168,4,157,0
IQ:21,176,255,-25,-140
IQ:22,184,8,-178,77
IQ:23,192,255,67,156
IQ:24,200,7,87,-96
IQ:25,208,255,-123,-92
IQ:26,216,6,-102,111
IQ:27,224,255,133,93
IQ:28,232,5,110,-112
IQ:29,240,255,-110,-65
IQ:30,248,12,-19,150
IQ:31,256,255,150,15
IQ:32,264,1,-23,-128
IQ:33,272,255,-156,35
IQ:34,280,2,-18,143
IQ:35,288,255,129,-18
SW:2
RR:3
SS:3
FR:2402
ME:2
MA:5
KE:10
KA:322
DF_END

Data arrived...
DF_BEGIN
IQ:0,0,11,-175,-46
IQ:1,8,11,-23,162
IQ:2,16,11,162,-32
IQ:3,24,11,-48,-174
IQ:4,32,11,-164,60
IQ:5,40,11,66,149
IQ:6,48,11,143,-100
IQ:7,56,11,-121,-144
IQ:8,72,12,179,10
IQ:9,80,255,26,-90
IQ:10,88,1,-66,177
IQ:11,96,255,101,52
IQ:12,104,2,-115,-80
IQ:13,112,255,-152,52
IQ:14,120,10,-112,58
IQ:15,128,255,-3,71
IQ:16,136,3,-130,-12
IQ:17,144,255,-84,68
IQ:18,152,9,-77,83
IQ:19,160,255,25,65
IQ:20,168,4,-104,54
IQ:21,176,255,-27,88
IQ:22,184,8,2,60
IQ:23,192,255,69,-26
IQ:24,200,7,-36,-135
IQ:25,208,255,-134,7
IQ:26,216,6,5,61
IQ:27,224,255,-21,57
IQ:28,232,5,-45,216
IQ:29,240,255,139,137
IQ:30,248,12,125,138
IQ:31,256,255,61,-66
IQ:32,264,1,-155,89
IQ:33,272,255,13,98
IQ:34,280,2,-58,-150
IQ:35,288,255,-140,-76
SW:2
RR:3
SS:3
FR:2480
ME:19
MA:271
KE:11
KA:316
DF_END

Data arrived...
DF_BEGIN
IQ:0,0,11,157,-87
IQ:1,8,11,-121,-139
IQ:2,16,11,-136,129
IQ:3,24,11,136,115
IQ:4,32,11,102,-149
IQ:5,40,11,-163,-81
IQ:6,48,11,-73,167
IQ:7,56,11,174,48
IQ:8,72,12,-112,77
IQ:9,80,255,59,156
IQ:10,88,1,108,24
IQ:11,96,255,-11,-109
IQ:12,104,2,-145,4
IQ:13,112,255,35,114
IQ:14,120,10,172,-107
IQ:15,128,255,-83,-182
IQ:16,136,3,-153,43
IQ:17,144,255,80,81
IQ:18,152,9,71,-201
IQ:19,160,255,-196,-100
IQ:20,168,4,-125,149
IQ:21,176,255,126,80
IQ:22,184,8,57,-240
IQ:23,192,255,-181,-61
IQ:24,200,7,77,49
IQ:25,208,255,96,-99
IQ:26,216,6,-53,-124
IQ:27,224,255,-136,82
IQ:28,232,5,53,191
IQ:29,240,255,136,-38
IQ:30,248,12,-135,-17
IQ:31,256,255,-76,147
IQ:32,264,1,59,86
IQ:33,272,255,59,-94
IQ:34,280,2,-105,-100
IQ:35,288,255,-57,107
SW:2
RR:3
SS:3
FR:2426
ME:359
MA:353
KE:10
KA:320
DF_END

Data arrived...
DF_BEGIN
IQ:0,0,11,116,-132
IQ:1,8,11,-142,-101
IQ:2,16,11,-80,159
IQ:3,24,11,162,67
IQ:4,32,11,40,-163
IQ:5,40,11,-175,-6
IQ:6,48,11,-2,175
IQ:7,56,11,171,-19
IQ:8,72,12,-132,66
IQ:9,80,255,71,126
IQ:10,88,1,99,-86
IQ:11,96,255,-108,-105
IQ:12,104,2,-117,58
IQ:13,112,255,83,82
IQ:14,120,10,106,-157
IQ:15,128,255,-147,-118
IQ:16,136,3,-119,107
IQ:17,144,255,114,67
IQ:18,152,9,34,-173
IQ:19,160,255,-158,-26
IQ:20,168,4,-23,145
IQ:21,176,255,140,-5
IQ:22,184,8,-25,-179
IQ:23,192,255,-154,40
IQ:24,200,7,92,95
IQ:25,208,255,105,-102
IQ:26,216,6,-100,-107
IQ:27,224,255,-117,110
IQ:28,232,5,77,114
IQ:29,240,255,66,-99
IQ:30,248,12,-144,-27
IQ:31,256,255,-13,143
IQ:32,264,1,132,-1
IQ:33,272,255,-9,-156
IQ:34,280,2,-130,-32
IQ:35,288,255,7,122
SW:2
RR:3
SS:3
FR:2402
ME:2
MA:5
KE:9
KA:326
DF_END

Data arrived...
DF_BEGIN
IQ:0,0,11,140,134
IQ:1,8,11,125,-141
IQ:2,16,11,-152,-106
IQ:3,24,11,-91,161
IQ:4,32,11,185,54
IQ:5,40,11,49,-186
IQ:6,48,11,-192,-7
IQ:7,56,11,9,185
IQ:8,72,12,-120,-120
IQ:9,80,255,-81,43
IQ:10,88,1,121,-75
IQ:11,96,255,-15,-110
IQ:12,104,2,91,67
IQ:13,112,255,109,13
IQ:14,120,10,137,66
IQ:15,128,255,123,-69
IQ:16,136,3,94,25
IQ:17,144,255,93,2
IQ:18,152,9,183,11
IQ:19,160,255,78,-132
IQ:20,168,4,113,-62
IQ:21,176,255,36,-68
IQ:22,184,8,92,-49
IQ:23,192,255,-50,-46
IQ:24,200,7,-55,139
IQ:25,208,255,128,95
IQ:26,216,6,69,-59
IQ:27,224,255,51,-111
IQ:28,232,5,74,-188
IQ:29,240,255,-64,-150
IQ:30,248,12,1,-191
IQ:31,256,255,-82,-47
IQ:32,264,1,146,14
IQ:33,272,255,53,-81
IQ:34,280,2,28,105
IQ:35,288,255,57,93
SW:2
RR:3
SS:3
FR:2480
ME:24
MA:271
KE:10
KA:320
DF_END

Data arrived...
DF_BEGIN
IQ:0,0,11,-42,-163
IQ:1,8,11,-157,77
IQ:2,16,11,93,140
IQ:3,24,11,132,-107
IQ:4,32,11,-122,-123
IQ:5,40,11,-120,125
IQ:6,48,11,136,99
IQ:7,56,11,85,-154
IQ:8,72,12,36,121
IQ:9,80,255,149,-1
IQ:10,88,1,50,-79
IQ:11,96,255,-99,-14
IQ:12,104,2,-46,123
IQ:13,112,255,107,-6
IQ:14,120,10,-55,-187
IQ:15,128,255,-176,31
IQ:16,136,3,10,144
IQ:17,144,255,92,-54
IQ:18,152,9,-170,-94
IQ:19,160,255,-139,150
IQ:20,168,4,99,140
IQ:21,176,255,88,-113
IQ:22,184,8,-211,-127
IQ:23,192,255,-116,139
IQ:24,200,7,58,-65
IQ:25,208,255,-66,-109
IQ:26,216,6,-125,4
IQ:27,224,255,28,132
IQ:28,232,5,187,-1
IQ:29,240,255,4,-128
IQ:30,248,12,-45,118
IQ:31,256,255,109,99
IQ:32,264,1,84,-32
IQ:33,272,255,-69,-72
IQ:34,280,2,-111,70
IQ:35,288,255,75,70
SW:2
RR:3
SS:3
FR:2426
ME:359
MA:353
KE:9
KA:324
DF_END

Data arrived...
DF_BEGIN
IQ:0,0,11,-64,-162
IQ:1,8,11,-118,92
IQ:2,16,11,102,120
IQ:3,24,11,113,-120
IQ:4,32,11,-133,-109
IQ:5,40,11,-109,91
IQ:6,48,11,163,74
IQ:7,56,11,65,-162
IQ:8,72,12,109,77
IQ:9,80,255,109,-22
IQ:10,88,1,46,-97
IQ:11,96,255,-98,-1
IQ:12,104,2,-20,39
IQ:13,112,255,103,-11
IQ:14,120,10,-97,-160
IQ:15,128,255,-149,61
IQ:16,136,3,23,68
IQ:17,144,255,94,-68
IQ:18,152,9,-170,-77
IQ:19,160,255,-81,158
IQ:20,168,4,185,156
IQ:21,176,255,61,-95
IQ:22,184,8,-226,-83
IQ:23,192,255,-64,134
IQ:24,200,7,21,-79
IQ:25,208,255,-65,-102
IQ:26,216,6,-103,10
IQ:27,224,255,65,126
IQ:28,232,5,157,103
IQ:29,240,255,-24,-153
IQ:30,248,12,-28,113
IQ:31,256,255,118,85
IQ:32,264,1,273,-57
IQ:33,272,255,-89,-64
IQ:34,280,2,-98,108
IQ:35,288,255,61,51
SW:2
RR:3
SS:3
FR:2426
ME:359
MA:353
KE:8
KA:328
DF_END

Data arrived...
DF_BEGIN
IQ:0,0,11,23,175
IQ:1,8,11,170,-53
IQ:2,16,11,-61,-170
IQ:3,24,11,-158,79
IQ:4,32,11,93,155
IQ:5,40,11,142,-107
IQ:6,48,11,-120,-132
IQ:7,56,11,-116,132
IQ:8,72,12,31,-142
IQ:9,80,255,-148,-26
IQ:10,88,1,-1,125
IQ:11,96,255,155,7
IQ:12,104,2,47,-128
IQ:13,112,255,-124,4
IQ:14,120,10,43,184
IQ:15,128,255,179,-45
IQ:16,136,3,-8,-161
IQ:17,144,255,-127,47
IQ:18,152,9,95,147
IQ:19,160,255,142,-100
IQ:20,168,4,-87,-124
IQ:21,176,255,-90,110
IQ:22,184,8,157,94
IQ:23,192,255,71,-135
IQ:24,200,7,-132,-10
IQ:25,208,255,-9,142
IQ:26,216,6,146,5
IQ:27,224,255,-1,-157
IQ:28,232,5,-156,-8
IQ:29,240,255,15,125
IQ:30,248,12,111,-98
IQ:31,256,255,-86,-122
IQ:32,264,1,-86,91
IQ:33,272,255,108,103
IQ:34,280,2,117,-63
IQ:35,288,255,-97,-88
SW:2
RR:3
SS:3
FR:2402
ME:359
MA:353
KE:7
KA:332
DF_END

Data arrived...
DF_BEGIN
IQ:0,0,11,-153,76
IQ:1,8,11,93,154
IQ:2,16,11,135,-108
IQ:3,24,11,-127,-128
IQ:4,32,11,-96,123
IQ:5,40,11,149,88
IQ:6,48,11,83,-161
IQ:7,56,11,-165,-60
IQ:8,72,12,144,-93
IQ:9,80,255,-25,-87
IQ:10,88,1,24,168
IQ:11,96,255,106,24
IQ:12,104,2,-143,-1
IQ:13,112,255,-81,99
IQ:14,120,10,-80,79
IQ:15,128,255,18,67
IQ:16,136,3,-94,42
IQ:17,144,255,-57,92
IQ:18,152,9,-59,133
IQ:19,160,255,48,87
IQ:20,168,4,-38,109
IQ:21,176,255,20,80
IQ:22,184,8,32,65
IQ:23,192,255,45,-60
IQ:24,200,7,-129,-119
IQ:25,208,255,-111,83
IQ:26,216,6,17,40
IQ:27,224,255,43,55
IQ:28,232,5,96,171
IQ:29,240,255,188,12
IQ:30,248,12,176,54
IQ:31,256,255,39,-77
IQ:32,264,1,-73,141
IQ:33,272,255,67,72
IQ:34,280,2,-106,-85
IQ:35,288,255,-143,7
SW:2
RR:3
SS:3
FR:2480
ME:21
MA:268
KE:8
KA:326
DF_END

Data arrived...
DF_BEGIN
IQ:0,0,11,-32,140
IQ:1,8,11,147,19
IQ:2,16,11,-9,-147
IQ:3,24,11,-146,21
IQ:4,32,11,50,139
IQ:5,40,11,139,-52
IQ:6,48,11,-65,-135
IQ:7,56,11,-126,84
IQ:8,72,12,6,-106
IQ:9,80,255,-118,-56
IQ:10,88,1,-63,38
IQ:11,96,255,64,52
IQ:12,104,2,82,-79
IQ:13,112,255,-85,-38
IQ:14,120,10,-32,167
IQ:15,128,255,146,40
IQ:16,136,3,44,-118
IQ:17,144,255,-80,8
IQ:18,152,9,94,143
IQ:19,160,255,158,-71
IQ:20,168,4,-23,-142
IQ:21,176,255,-101,41
IQ:22,184,8,123,162
IQ:23,192,255,142,-77
IQ:24,200,7,-63,46
IQ:25,208,255,24,112
IQ:26,216,6,89,33
IQ:27,224,255,17,-118
IQ:28,232,5,-145,-77
IQ:29,240,255,-57,107
IQ:30,248,12,78,-74
IQ:31,256,255,-53,-117
IQ:32,264,1,-73,-14
IQ:33,272,255,26,75
IQ:34,280,2,109,-9
IQ:35,288,255,-36,-84
SW:2
RR:3
SS:3
FR:2426
ME:359
MA:353
KE:7
KA:330
DF_END

Data arrived...
DF_BEGIN
IQ:0,0,11,218,-44
IQ:1,8,11,-14,-151
IQ:2,16,11,-140,24
IQ:3,24,11,43,164
IQ:4,32,11,122,-56
IQ:5,40,11,-72,-135
IQ:6,48,11,-109,90
IQ:7,56,11,90,87
IQ:8,72,12,-97,0
IQ:9,80,255,-27,135
IQ:10,88,1,86,47
IQ:11,96,255,39,-86
IQ:12,104,2,-86,-73
IQ:13,112,255,-13,89
IQ:14,120,10,167,14
IQ:15,128,255,-9,-155
IQ:16,136,3,-141,-39
IQ:17,144,255,46,60
IQ:18,152,9,145,-104
IQ:19,160,255,-58,-100
IQ:20,168,4,-136,29
IQ:21,176,255,55,100
IQ:22,184,8,144,-139
IQ:23,192,255,-152,-128
IQ:24,200,7,67,61
IQ:25,208,255,151,-35
IQ:26,216,6,9,-90
IQ:27,224,255,-141,-9
IQ:28,232,5,-28,150
IQ:29,240,255,102,56
IQ:30,248,12,-75,-76
IQ:31,256,255,-84,117
IQ:32,264,1,26,76
IQ:33,272,255,57,-42
IQ:34,280,2,-5,-124
IQ:35,288,255,-89,53
SW:2
RR:3
SS:3
FR:2426
ME:359
MA:353
KE:6
KA:333
DF_END

Data arrived...
DF_BEGIN
IQ:0,0,11,-70,-160
IQ:1,8,11,-148,89
IQ:2,16,11,113,133
IQ:3,24,11,121,-130
IQ:4,32,11,-143,-112
IQ:5,40,11,-95,147
IQ:6,48,11,150,98
IQ:7,56,11,69,-157
IQ:8,72,12,24,143
IQ:9,80,255,153,-26
IQ:10,88,1,-40,-126
IQ:11,96,255,-154,37
IQ:12,104,2,-6,136
IQ:13,112,255,115,-39
IQ:14,120,10,-80,-180
IQ:15,128,255,-163,77
IQ:16,136,3,64,150
IQ:17,144,255,105,-90
IQ:18,152,9,-152,-102
IQ:19,160,255,-99,147
IQ:20,168,4,128,84
IQ:21,176,255,41,-135
IQ:22,184,8,-183,-38
IQ:23,192,255,-39,161
IQ:24,200,7,131,-28
IQ:25,208,255,-39,-148
IQ:26,216,6,-150,29
IQ:27,224,255,42,151
IQ:28,232,5,138,-39
IQ:29,240,255,-72,-99
IQ:30,248,12,-85,124
IQ:31,256,255,126,92
IQ:32,264,1,65,-118
IQ:33,272,255,-144,-55
IQ:34,280,2,-98,99
IQ:35,288,255,108,48
SW:2
RR:3
SS:3
FR:2402
ME:359
MA:353
KE:5
KA:336
DF_END

Data arrived...
DF_BEGIN
IQ:0,0,11,-214,-45
IQ:1,8,11,-5,220
IQ:2,16,11,218,-21
IQ:3,24,11,-31,-216
IQ:4,32,11,-211,54
IQ:5,40,11,93,206
IQ:6,48,11,186,-112
IQ:7,56,11,-136,-172
IQ:8,72,12,162,86
IQ:9,80,255,85,-166
IQ:10,88,1,-163,-50
IQ:11,96,255,-53,183
IQ:12,104,2,146,98
IQ:13,112,255,54,-154
IQ:14,120,10,-233,-45
IQ:15,128,255,-38,227
IQ:16,136,3,193,29
IQ:17,144,255,-39,-167
IQ:18,152,9,-220,73
IQ:19,160,255,65,212
IQ:20,168,4,178,-58
IQ:21,176,255,-103,-137
IQ:22,184,8,-177,158
IQ:23,192,255,139,150
IQ:24,200,7,48,-155
IQ:25,208,255,-174,-45
IQ:26,216,6,-46,178
IQ:27,224,255,191,41
IQ:28,232,5,67,-179
IQ:29,240,255,-152,-24
IQ:30,248,12,60,170
IQ:31,256,255,170,-63
IQ:32,264,1,-86,-138
IQ:33,272,255,-156,107
IQ:34,280,2,57,163
IQ:35,288,255,130,-88
SW:2
RR:3
SS:3
FR:2402
ME:2
MA:5
KE:4
KA:340
DF_END

Data arrived...
DF_BEGIN
IQ:0,0,11,181,97
IQ:1,8,11,77,-197
IQ:2,16,11,-207,-67
IQ:3,24,11,-30,201
IQ:4,32,11,199,3
IQ:5,40,11,-26,-202
IQ:6,48,11,-197,59
IQ:7,56,11,75,197
IQ:8,72,12,-184,-106
IQ:9,80,255,-88,68
IQ:10,88,1,114,-114
IQ:11,96,255,-28,-121
IQ:12,104,2,74,49
IQ:13,112,255,101,12
IQ:14,120,10,164,24
IQ:15,128,255,73,-112
IQ:16,136,3,66,2
IQ:17,144,255,71,-4
IQ:18,152,9,147,-53
IQ:19,160,255,17,-130
IQ:20,168,4,83,-50
IQ:21,176,255,25,-57
IQ:22,184,8,57,-104
IQ:23,192,255,-90,-45
IQ:24,200,7,-25,188
IQ:25,208,255,155,64
IQ:26,216,6,33,-79
IQ:27,224,255,-9,-102
IQ:28,232,5,25,-167
IQ:29,240,255,-72,-141
IQ:30,248,12,-72,-200
IQ:31,256,255,-124,0
IQ:32,264,1,147,-35
IQ:33,272,255,41,-125
IQ:34,280,2,14,87
IQ:35,288,255,66,90
SW:2
RR:3
SS:3
FR:2480
ME:24
MA:268
KE:6
KA:334
DF_END

Data arrived...
DF_BEGIN
IQ:0,0,11,-153,10
IQ:1,8,11,25,142
IQ:2,16,11,146,-38
IQ:3,24,11,-48,-140
IQ:4,32,11,-140,56
IQ:5,40,11,86,126
IQ:6,48,11,111,-100
IQ:7,56,11,-130,-97
IQ:8,72,12,104,-16
IQ:9,80,255,18,-135
IQ:10,88,1,-62,-72
IQ:11,96,255,-37,84
IQ:12,104,2,107,63
IQ:13,112,255,29,-97
IQ:14,120,10,-178,1
IQ:15,128,255,-7,166
IQ:16,136,3,138,29
IQ:17,144,255,-17,-88
IQ:18,152,9,-128,138
IQ:19,160,255,115,144
IQ:20,168,4,140,-72
IQ:21,176,255,-80,-97
IQ:22,184,8,-132,169
IQ:23,192,255,112,126
IQ:24,200,7,-43,-49
IQ:25,208,255,-103,39
IQ:26,216,6,-13,109
IQ:27,224,255,126,-15
IQ:28,232,5,40,-181
IQ:29,240,255,-115,-25
IQ:30,248,12,88,53
IQ:31,256,255,106,-84
IQ:32,264,1,-12,-94
IQ:33,272,255,-87,47
IQ:34,280,2,33,112
IQ:35,288,255,86,-65
SW:2
RR:3
SS:3
FR:2426
ME:359
MA:353
KE:5
KA:336
DF_END

Data arrived...
DF_BEGIN
IQ:0,0,11,-172,41
IQ:1,8,11,61,157
IQ:2,16,11,155,-91
IQ:3,24,11,-98,-154
IQ:4,32,11,-143,104
IQ:5,40,11,123,121
IQ:6,48,11,109,-141
IQ:7,56,11,-149,-98
IQ:8,72,12,146,13
IQ:9,80,255,11,-142
IQ:10,88,1,-126,13
IQ:11,96,255,10,154
IQ:12,104,2,134,45
IQ:13,112,255,-9,-118
IQ:14,120,10,-187,50
IQ:15,128,255,52,176
IQ:16,136,3,155,-39
IQ:17,144,255,-76,-125
IQ:18,152,9,-144,123
IQ:19,160,255,103,136
IQ:20,168,4,111,-104
IQ:21,176,255,-121,-74
IQ:22,184,8,-62,181
IQ:23,192,255,151,59
IQ:24,200,7,-6,-129
IQ:25,208,255,-151,18
IQ:26,216,6,5,145
IQ:27,224,255,155,-17
IQ:28,232,5,-6,-151
IQ:29,240,255,-124,27
IQ:30,248,12,94,115
IQ:31,256,255,116,-95
IQ:32,264,1,-97,-81
IQ:33,272,255,-93,117
IQ:34,280,2,75,111
IQ:35,288,255,61,-104
SW:2
RR:3
SS:3
FR:2402
ME:359
MA:353
KE:4
KA:339
DF_END

Data arrived...
DF_BEGIN
IQ:0,0,11,-100,153
IQ:1,8,11,181,127
IQ:2,16,11,106,-156
IQ:3,24,11,-188,-58
IQ:4,32,11,-43,180
IQ:5,40,11,195,-4
IQ:6,48,11,-7,-186
IQ:7,56,11,-190,33
IQ:8,72,12,108,-152
IQ:9,80,255,-57,-74
IQ:10,88,1,120,114
IQ:11,96,255,102,-44
IQ:12,104,2,-98,74
IQ:13,112,255,-23,121
IQ:14,120,10,-31,156
IQ:15,128,255,77,77
IQ:16,136,3,-28,97
IQ:17,144,255,7,100
IQ:18,152,9,43,115
IQ:19,160,255,93,32
IQ:20,168,4,34,90
IQ:21,176,255,65,59
IQ:22,184,8,81,83
IQ:23,192,255,46,-58
IQ:24,200,7,-177,-49
IQ:25,208,255,-89,146
IQ:26,216,6,69,39
IQ:27,224,255,84,29
IQ:28,232,5,166,89
IQ:29,240,255,159,-39
IQ:30,248,12,189,-34
IQ:31,256,255,-4,-91
IQ:32,264,1,27,156
IQ:33,272,255,106,38
IQ:34,280,2,-121,-1
IQ:35,288,255,-128,60
SW:2
RR:3
SS:3
FR:2480
ME:21
MA:271
KE:6
KA:332
DF_END

Data arrived...
DF_BEGIN
IQ:0,0,11,82,-120
IQ:1,8,11,-139,-77
IQ:2,16,11,-58,137
IQ:3,24,11,152,41
IQ:4,32,11,13,-152
IQ:5,40,11,-152,2
IQ:6,48,11,26,149
IQ:7,56,11,144,-45
IQ:8,72,12,-63,89
IQ:9,80,255,77,107
IQ:10,88,1,86,-8
IQ:11,96,255,-57,-70
IQ:12,104,2,-107,57
IQ:13,112,255,73,72
IQ:14,120,10,92,-146
IQ:15,128,255,-134,-92
IQ:16,136,3,-90,99
IQ:17,144,255,96,22
IQ:18,152,9,-36,-184
IQ:19,160,255,-190,-2
IQ:20,168,4,-33,149
IQ:21,176,255,121,-12
IQ:22,184,8,-76,-210
IQ:23,192,255,-170,29
IQ:24,200,7,75,-13
IQ:25,208,255,24,-108
IQ:26,216,6,-77,-73
IQ:27,224,255,-66,114
IQ:28,232,5,120,110
IQ:29,240,255,84,-86
IQ:30,248,12,-106,39
IQ:31,256,255,5,132
IQ:32,264,1,73,33
IQ:33,272,255,8,-87
IQ:34,280,2,-118,-24
IQ:35,288,255,12,96
SW:2
RR:3
SS:3
FR:2426
ME:359
MA:353
KE:5
KA:334
DF_END

Data arrived...
DF_BEGIN
IQ:0,0,11,120,-91
IQ:1,8,11,-101,-114
IQ:2,16,11,-103,115
IQ:3,24,11,122,74
IQ:4,32,11,56,-143
IQ:5,40,11,-145,-54
IQ:6,48,11,-38,145
IQ:7,56,11,149,14
IQ:8,72,12,-84,74
IQ:9,80,255,40,132
IQ:10,88,1,89,26
IQ:11,96,255,-9,-99
IQ:12,104,2,-122,-2
IQ:13,112,255,27,86
IQ:14,120,10,132,-95
IQ:15,128,255,-85,-141
IQ:16,136,3,-131,59
IQ:17,144,255,70,59
IQ:18,152,9,40,-177
IQ:19,160,255,-174,-64
IQ:20,168,4,-70,139
IQ:21,176,255,117,29
IQ:22,184,8,8,-230
IQ:23,192,255,-172,-45
IQ:24,200,7,65,12
IQ:25,208,255,56,-91
IQ:26,216,6,-49,-95
IQ:27,224,255,-103,77
IQ:28,232,5,81,143
IQ:29,240,255,110,-59
IQ:30,248,12,-109,-11
IQ:31,256,255,-45,131
IQ:32,264,1,64,66
IQ:33,272,255,51,-86
IQ:34,280,2,-92,-80
IQ:35,288,255,-29,87
SW:2
RR:3
SS:3
FR:2426
ME:359
MA:353
KE:4
KA:336
DF_END

Data arrived...
DF_BEGIN
IQ:0,0,11,-179,-16
IQ:1,8,11,9,175
IQ:2,16,11,173,-14
IQ:3,24,11,-32,-176
IQ:4,32,11,-167,40
IQ:5,40,11,79,153
IQ:6,48,11,150,-94
IQ:7,56,11,-114,-138
IQ:8,72,12,133,69
IQ:9,80,255,69,-138
IQ:10,88,1,-121,-51
IQ:11,96,255,-55,143
IQ:12,104,2,120,71
IQ:13,112,255,33,-125
IQ:14,120,10,-193,-21
IQ:15,128,255,-14,186
IQ:16,136,3,156,43
IQ:17,144,255,0,-140
IQ:18,152,9,-166,61
IQ:19,160,255