IQ:20,168,4,134,113
IQ:21,176,255,71,-153
IQ:22,184,8,-193,-67
IQ:23,192,255,-47,179
IQ:24,200,7,163,-21
IQ:25,208,255,-30,-176
IQ:26,216,6,-175,26
IQ:27,224,255,33,178
IQ:28,232,5,166,-27
IQ:29,240,255,-50,-128
IQ:30,248,12,-102,146
IQ:31,256,255,138,109
IQ:32,264,1,58,-129
IQ:33,272,255,-150,-75
IQ:34,280,2,-110,107
IQ:35,288,255,133,68
SW:2
RR:3
SS:3
FR:2402
ME:2
MA:5
KE:2
KA:336
DF_END

Data arrived...
DF_BEGIN
IQ:0,0,11,204,8
IQ:1,8,11,-10,-211
IQ:2,16,11,-209,15
IQ:3,24,11,30,206
IQ:4,32,11,207,-54
IQ:5,40,11,-81,-189
IQ:6,48,11,-175,109
IQ:7,56,11,126,162
IQ:8,72,12,-176,-71
IQ:9,80,255,-70,161
IQ:10,88,1,138,20
IQ:11,96,255,25,-174
IQ:12,104,2,-135,-82
IQ:13,112,255,-24,143
IQ:14,120,10,224,18
IQ:15,128,255,11,-208
IQ:16,136,3,-195,-32
IQ:17,144,255,15,173
IQ:18,152,9,200,-73
IQ:19,160,255,-76,-186
IQ:20,168,4,-156,67
IQ:21,176,255,111,128
IQ:22,184,8,155,-143
IQ:23,192,255,-124,-133
IQ:24,200,7,-63,157
IQ:25,208,255,166,47
IQ:26,216,6,43,-167
IQ:27,224,255,-174,-32
IQ:28,232,5,-51,165
IQ:29,240,255,139,15
IQ:30,248,12,-66,-169
IQ:31,256,255,-169,68
IQ:32,264,1,87,112
IQ:33,272,255,131,-109
IQ:34,280,2,-39,-152
IQ:35,288,255,-118,80
SW:2
RR:3
SS:3
FR:2402
ME:2
MA:5
KE:2
KA:339
DF_END

Data arrived...
DF_BEGIN
IQ:0,0,11,9,-214
IQ:1,8,11,-199,7
IQ:2,16,11,36,193
IQ:3,24,11,187,-66
IQ:4,32,11,-91,-182
IQ:5,40,11,-155,105
IQ:6,48,11,132,148
IQ:7,56,11,155,-142
IQ:8,72,12,-45,181
IQ:9,80,255,125,28
IQ:10,88,1,-109,-147
IQ:11,96,255,-139,53
IQ:12,104,2,70,-4
IQ:13,112,255,54,-119
IQ:14,120,10,-61,-174
IQ:15,128,255,-138,11
IQ:16,136,3,43,-17
IQ:17,144,255,29,-125
IQ:18,152,9,-120,-160
IQ:19,160,255,-132,44
IQ:20,168,4,20,-63
IQ:21,176,255,-47,-100
IQ:22,184,8,-122,-58
IQ:23,192,255,-11,107
IQ:24,200,7,196,3
IQ:25,208,255,27,-177
IQ:26,216,6,-108,4
IQ:27,224,255,-21,56
IQ:28,232,5,-71,-69
IQ:29,240,255,-140,6
IQ:30,248,12,-163,101
IQ:31,256,255,76,99
IQ:32,264,1,0,-172
IQ:33,272,255,-156,-37
IQ:34,280,2,44,43
IQ:35,288,255,130,-57
SW:2
RR:3
SS:3
FR:2480
ME:13
MA:268
KE:3
KA:332
DF_END

Data arrived...
DF_BEGIN
IQ:0,0,11,82,139
IQ:1,8,11,141,-83
IQ:2,16,11,-98,-125
IQ:3,24,11,-111,124
IQ:4,32,11,135,81
IQ:5,40,11,76,-142
IQ:6,48,11,-149,-78
IQ:7,56,11,-53,149
IQ:8,72,12,-32,-158
IQ:9,80,255,-112,20
IQ:10,88,1,124,57
IQ:11,96,255,70,-97
IQ:12,104,2,-51,20
IQ:13,112,255,11,103
IQ:14,120,10,112,93
IQ:15,128,255,88,-71
IQ:16,136,3,-26,17
IQ:17,144,255,30,91
IQ:18,152,9,138,57
IQ:19,160,255,70,-84
IQ:20,168,4,3,47
IQ:21,176,255,70,50
IQ:22,184,8,102,-8
IQ:23,192,255,-33,-94
IQ:24,200,7,-149,64
IQ:25,208,255,42,138
IQ:26,216,6,71,-43
IQ:27,224,255,-8,-48
IQ:28,232,5,73,12
IQ:29,240,255,101,-68
IQ:30,248,12,80,-141
IQ:31,256,255,-83,-55
IQ:32,264,1,63,124
IQ:33,272,255,111,-23
IQ:34,280,2,-64,-14
IQ:35,288,255,-85,77
SW:2
RR:3
SS:3
FR:2480
ME:13
MA:265
KE:4
KA:325
DF_END

Data arrived...
DF_BEGIN
IQ:0,0,11,-23,198
IQ:1,8,11,199,-18
IQ:2,16,11,-42,-202
IQ:3,24,11,-208,44
IQ:4,32,11,53,190
IQ:5,40,11,183,-92
IQ:6,48,11,-99,-179
IQ:7,56,11,-152,131
IQ:8,72,12,72,-160
IQ:9,80,255,-149,-85
IQ:10,88,1,-39,125
IQ:11,96,255,157,47
IQ:12,104,2,79,-127
IQ:13,112,255,-138,-22
IQ:14,120,10,-15,228
IQ:15,128,255,208,40
IQ:16,136,3,35,-183
IQ:17,144,255,-165,27
IQ:18,152,9,73,189
IQ:19,160,255,185,-74
IQ:20,168,4,-76,-155
IQ:21,176,255,-127,97
IQ:22,184,8,148,139
IQ:23,192,255,121,-127
IQ:24,200,7,-149,-52
IQ:25,208,255,-44,170
IQ:26,216,6,162,43
IQ:27,224,255,39,-170
IQ:28,232,5,-157,-47
IQ:29,240,255,-9,135
IQ:30,248,12,158,-76
IQ:31,256,255,-58,-164
IQ:32,264,1,-114,64
IQ:33,272,255,96,133
IQ:34,280,2,150,-43
IQ:35,288,255,-89,-119
SW:2
RR:3
SS:3
FR:2402
ME:359
MA:353
KE:4
KA:328
DF_END

Data arrived...
DF_BEGIN
IQ:0,0,11,103,148
IQ:1,8,11,126,-129
IQ:2,16,11,-148,-119
IQ:3,24,11,-96,155
IQ:4,32,11,167,83
IQ:5,40,11,64,-178
IQ:6,48,11,-177,-56
IQ:7,56,11,-38,172
IQ:8,72,12,-101,-101
IQ:9,80,255,-140,68
IQ:10,88,1,11,88
IQ:11,96,255,106,-42
IQ:12,104,2,-14,-129
IQ:13,112,255,-96,50
IQ:14,120,10,137,169
IQ:15,128,255,174,-105
IQ:16,136,3,-56,-139
IQ:17,144,255,-70,77
IQ:18,152,9,200,31
IQ:19,160,255,62,-201
IQ:20,168,4,-145,-87
IQ:21,176,255,-28,135
IQ:22,184,8,270,8
IQ:23,192,255,39,-205
IQ:24,200,7,-15,73
IQ:25,208,255,102,60
IQ:26,216,6,104,-60
IQ:27,224,255,-87,-107
IQ:28,232,5,-158,93
IQ:29,240,255,67,106
IQ:30,248,12,-2,-140
IQ:31,256,255,-154,-34
IQ:32,264,1,-50,73
IQ:33,272,255,100,33
IQ:34,280,2,74,-101
IQ:35,288,255,-111,-23
SW:2
RR:3
SS:3
FR:2426
ME:359
MA:353
KE:3
KA:331
DF_END

Data arrived...
DF_BEGIN
IQ:0,0,11,-12,-174
IQ:1,8,11,-167,31
IQ:2,16,11,49,167
IQ:3,24,11,155,-67
IQ:4,32,11,-85,-145
IQ:5,40,11,-146,95
IQ:6,48,11,113,126
IQ:7,56,11,126,-122
IQ:8,72,12,-49,144
IQ:9,80,255,138,41
IQ:10,88,1,2,-113
IQ:11,96,255,-149,0
IQ:12,104,2,-52,116
IQ:13,112,255,117,8
IQ:14,120,10,-17,-186
IQ:15,128,255,-174,25
IQ:16,136,3,-3,163
IQ:17,144,255,133,-34
IQ:18,152,9,-91,-150
IQ:19,160,255,-145,81
IQ:20,168,4,83,125
IQ:21,176,255,105,-92
IQ:22,184,8,-143,-106
IQ:23,192,255,-88,129
IQ:24,200,7,125,19
IQ:25,208,255,8,-148
IQ:26,216,6,-142,-16
IQ:27,224,255,-5,148
IQ:28,232,5,136,24
IQ:29,240,255,-17,-117
IQ:30,248,12,-133,79
IQ:31,256,255,69,130
IQ:32,264,1,77,-83
IQ:33,272,255,-104,-98
IQ:34,280,2,-118,43
IQ:35,288,255,84,82
SW:2
RR:3
SS:3
FR:2402
ME:359
MA:353
KE:3
KA:334
DF_END

Data arrived...
DF_BEGIN
IQ:0,0,11,161,-71
IQ:1,8,11,-80,-162
IQ:2,16,11,-146,92
IQ:3,24,11,102,139
IQ:4,32,11,128,-126
IQ:5,40,11,-134,-110
IQ:6,48,11,-90,140
IQ:7,56,11,155,76
IQ:8,72,12,-150,30
IQ:9,80,255,24,103
IQ:10,88,1,43,-131
IQ:11,96,255,-81,-71
IQ:12,104,2,47,23
IQ:13,112,255,107,-6
IQ:14,120,10,125,-97
IQ:15,128,255,-40,-116
IQ:16,136,3,33,10
IQ:17,144,255,99,-28
IQ:18,152,9,103,-135
IQ:19,160,255,-68,-102
IQ:20,168,4,32,-28
IQ:21,176,255,40,-63
IQ:22,184,8,20,-96
IQ:23,192,255,-79,13
IQ:24,200,7,74,158
IQ:25,208,255,151,-30
IQ:26,216,6,-30,-82
IQ:27,224,255,-59,-29
IQ:28,232,5,-20,-90
IQ:29,240,255,-76,-68
IQ:30,248,12,-144,-81
IQ:31,256,255,-63,80
IQ:32,264,1,121,-58
IQ:33,272,255,-14,-108
IQ:34,280,2,11,50
IQ:35,288,255,97,73
SW:2
RR:3
SS:3
FR:2480
ME:19
MA:268
KE:4
KA:327
DF_END

Data arrived...
DF_BEGIN
IQ:0,0,11,74,-175
IQ:1,8,11,-174,-54
IQ:2,16,11,-43,187
IQ:3,24,11,187,14
IQ:4,32,11,-5,-185
IQ:5,40,11,-187,39
IQ:6,48,11,45,179
IQ:7,56,11,181,-65
IQ:8,72,12,-65,132
IQ:9,80,255,132,99
IQ:10,88,1,93,-58
IQ:11,96,255,-89,-83
IQ:12,104,2,-116,75
IQ:13,112,255,107,60
IQ:14,120,10,93,-195
IQ:15,128,255,-177,-90
IQ:16,136,3,-75,134
IQ:17,144,255,117,17
IQ:18,152,9,-46,-191
IQ:19,160,255,-192,37
IQ:20,168,4,14,174
IQ:21,176,255,150,-43
IQ:22,184,8,-113,-214
IQ:23,192,255,-182,68
IQ:24,200,7,92,27
IQ:25,208,255,45,-129
IQ:26,216,6,-108,-81
IQ:27,224,255,-60,137
IQ:28,232,5,164,77
IQ:29,240,255,66,-128
IQ:30,248,12,-143,40
IQ:31,256,255,16,160
IQ:32,264,1,112,8
IQ:33,272,255,-21,-123
IQ:34,280,2,-142,-8
IQ:35,288,255,26,122
SW:2
RR:3
SS:3
FR:2426
ME:359
MA:353
KE:4
KA:330
DF_END

Data arrived...
DF_BEGIN
IQ:0,0,11,-132,146
IQ:1,8,11,147,122
IQ:2,16,11,94,-175
IQ:3,24,11,-174,-83
IQ:4,32,11,-69,182
IQ:5,40,11,190,56
IQ:6,48,11,40,-189
IQ:7,56,11,-190,-11
IQ:8,72,12,159,-79
IQ:9,80,255,-75,-147
IQ:10,88,1,-96,87
IQ:11,96,255,98,120
IQ:12,104,2,136,-50
IQ:13,112,255,-89,-99
IQ:14,120,10,-146,151
IQ:15,128,255,131,146
IQ:16,136,3,134,-112
IQ:17,144,255,-136,-85
IQ:18,152,9,-63,184
IQ:19,160,255,177,44
IQ:20,168,4,34,-158
IQ:21,176,255,-152,-12
IQ:22,184,8,2,196
IQ:23,192,255,171,-19
IQ:24,200,7,-80,-130
IQ:25,208,255,-133,99
IQ:26,216,6,89,128
IQ:27,224,255,137,-90
IQ:28,232,5,-88,-125
IQ:29,240,255,-83,103
IQ:30,248,12,166,55
IQ:31,256,255,49,-155
IQ:32,264,1,-130,-5
IQ:33,272,255,-10,159
IQ:34,280,2,126,67
IQ:35,288,255,9,-130
SW:2
RR:3
SS:3
FR:2402
ME:359
MA:353
KE:3
KA:333
DF_END

Data arrived...
DF_BEGIN
IQ:0,0,11,7,182
IQ:1,8,11,186,-43
IQ:2,16,11,-65,-179
IQ:3,24,11,-181,79
IQ:4,32,11,91,163
IQ:5,40,11,156,-111
IQ:6,48,11,-124,-142
IQ:7,56,11,-135,144
IQ:8,72,12,42,-162
IQ:9,80,255,-159,-60
IQ:10,88,1,-20,125
IQ:11,96,255,151,6
IQ:12,104,2,56,-128
IQ:13,112,255,-135,-2
IQ:14,120,10,9,202
IQ:15,128,255,196,5
IQ:16,136,3,5,-171
IQ:17,144,255,-148,36
IQ:18,152,9,94,171
IQ:19,160,255,163,-85
IQ:20,168,4,-92,-140
IQ:21,176,255,-104,113
IQ:22,184,8,151,115
IQ:23,192,255,93,-142
IQ:24,200,7,-147,-34
IQ:25,208,255,-24,165
IQ:26,216,6,150,25
IQ:27,224,255,11,-163
IQ:28,232,5,-150,-21
IQ:29,240,255,19,130
IQ:30,248,12,128,-101
IQ:31,256,255,-95,-140
IQ:32,264,1,-98,87
IQ:33,272,255,110,104
IQ:34,280,2,132,-56
IQ:35,288,255,-92,-95
SW:2
RR:3
SS:3
FR:2402
ME:2
MA:5
KE:3
KA:337
DF_END

Data arrived...
DF_BEGIN
IQ:0,0,11,156,-18
IQ:1,8,11,-32,-151
IQ:2,16,11,-142,39
IQ:3,24,11,72,133
IQ:4,32,11,124,-73
IQ:5,40,11,-94,-124
IQ:6,48,11,-102,112
IQ:7,56,11,112,99
IQ:8,72,12,-152,-12
IQ:9,80,255,-9,84
IQ:10,88,1,56,-124
IQ:11,96,255,-67,-70
IQ:12,104,2,71,28
IQ:13,112,255,83,-25
IQ:14,120,10,111,-47
IQ:15,128,255,-6,-93
IQ:16,136,3,54,-10
IQ:17,144,255,57,-40
IQ:18,152,9,86,-97
IQ:19,160,255,-26,-102
IQ:20,168,4,47,-51
IQ:21,176,255,18,-59
IQ:22,184,8,13,-69
IQ:23,192,255,-50,2
IQ:24,200,7,33,139
IQ:25,208,255,120,-6
IQ:26,216,6,-9,-62
IQ:27,224,255,-37,-57
IQ:28,232,5,-15,-131
IQ:29,240,255,-102,-85
IQ:30,248,12,-115,-111
IQ:31,256,255,-69,35
IQ:32,264,1,103,-62
IQ:33,272,255,-10,-93
IQ:34,280,2,33,68
IQ:35,288,255,83,59
SW:2
RR:3
SS:3
FR:2480
ME:21
MA:268
KE:5
KA:330
DF_END

Data arrived...
DF_BEGIN
IQ:0,0,11,7,-168
IQ:1,8,11,-171,12
IQ:2,16,11,21,162
IQ:3,24,11,155,-41
IQ:4,32,11,-77,-145
IQ:5,40,11,-135,97
IQ:6,48,11,112,129
IQ:7,56,11,123,-115
IQ:8,72,12,-13,120
IQ:9,80,255,137,30
IQ:10,88,1,45,-82
IQ:11,96,255,-102,-27
IQ:12,104,2,-46,102
IQ:13,112,255,108,1
IQ:14,120,10,-12,-192
IQ:15,128,255,-171,-16
IQ:16,136,3,-21,120
IQ:17,144,255,89,-38
IQ:18,152,9,-122,-135
IQ:19,160,255,-143,102
IQ:20,168,4,85,135
IQ:21,176,255,99,-97
IQ:22,184,8,-176,-124
IQ:23,192,255,-117,119
IQ:24,200,7,72,-31
IQ:25,208,255,-30,-114
IQ:26,216,6,-117,-22
IQ:27,224,255,13,125
IQ:28,232,5,168,16
IQ:29,240,255,18,-130
IQ:30,248,12,-94,82
IQ:31,256,255,73,121
IQ:32,264,1,90,-33
IQ:33,272,255,-55,-80
IQ:34,280,2,-110,50
IQ:35,288,255,78,69
SW:2
RR:3
SS:3
FR:2426
ME:359
MA:353
KE:4
KA:332
DF_END

Data arrived...
DF_BEGIN
IQ:0,0,11,147,-103
IQ:1,8,11,-117,-137
IQ:2,16,11,-115,133
IQ:3,24,11,147,94
IQ:4,32,11,82,-159
IQ:5,40,11,-165,-69
IQ:6,48,11,-65,170
IQ:7,56,11,172,41
IQ:8,72,12,-143,48
IQ:9,80,255,41,142
IQ:10,88,1,99,-65
IQ:11,96,255,-83,-125
IQ:12,104,2,-126,22
IQ:13,112,255,58,104
IQ:14,120,10,152,-110
IQ:15,128,255,-110,-136
IQ:16,136,3,-136,87
IQ:17,144,255,107,83
IQ:18,152,9,76,-160
IQ:19,160,255,-149,-76
IQ:20,168,4,-60,136
IQ:21,176,255,134,24
IQ:22,184,8,12,-179
IQ:23,192,255,-156,-4
IQ:24,200,7,59,121
IQ:25,208,255,127,-69
IQ:26,216,6,-61,-135
IQ:27,224,255,-130,75
IQ:28,232,5,77,120
IQ:29,240,255,91,-79
IQ:30,248,12,-143,-63
IQ:31,256,255,-73,131
IQ:32,264,1,112,21
IQ:33,272,255,15,-150
IQ:34,280,2,-111,-64
IQ:35,288,255,-18,122
SW:2
RR:3
SS:3
FR:2402
ME:359
MA:353
KE:4
KA:335
DF_END

Data arrived...
DF_BEGIN
IQ:0,0,11,-170,5
IQ:1,8,11,32,172
IQ:2,16,11,180,-56
IQ:3,24,11,-69,-170
IQ:4,32,11,-165,83
IQ:5,40,11,96,163
IQ:6,48,11,143,-103
IQ:7,56,11,-116,-137
IQ:8,72,12,182,26
IQ:9,80,255,40,-106
IQ:10,88,1,-85,102
IQ:11,96,255,52,106
IQ:12,104,2,-35,0
IQ:13,112,255,-71,-2
IQ:14,120,10,-135,61
IQ:15,128,255,8,120
IQ:16,136,3,-11,0
IQ:17,144,255,-71,2
IQ:18,152,9,-106,113
IQ:19,160,255,55,125
IQ:20,168,4,-9,32
IQ:21,176,255,-40,32
IQ:22,184,8,-41,95
IQ:23,192,255,89,12
IQ:24,200,7,-20,-163
IQ:25,208,255,-148,4
IQ:26,216,6,7,96
IQ:27,224,255,80,63
IQ:28,232,5,44,74
IQ:29,240,255,58,67
IQ:30,248,12,126,128
IQ:31,256,255,97,-51
IQ:32,264,1,-123,38
IQ:33,272,255,-25,112
IQ:34,280,2,-20,-20
IQ:35,288,255,-49,-74
SW:2
RR:3
SS:3
FR:2480
ME:27
MA:262
KE:6
KA:328
DF_END

Data arrived...
DF_BEGIN
IQ:0,0,11,-149,-41
IQ:1,8,11,-29,144
IQ:2,16,11,149,-5
IQ:3,24,11,-23,-159
IQ:4,32,11,-155,33
IQ:5,40,11,48,139
IQ:6,48,11,135,-69
IQ:7,56,11,-77,-127
IQ:8,72,12,133,37
IQ:9,80,255,45,-95
IQ:10,88,1,-75,65
IQ:11,96,255,18,90
IQ:12,104,2,-16,-20
IQ:13,112,255,-55,-28
IQ:14,120,10,-124,15
IQ:15,128,255,-13,96
IQ:16,136,3,-3,-8
IQ:17,144,255,-56,-24
IQ:18,152,9,-114,70
IQ:19,160,255,34,95
IQ:20,168,4,-6,9
IQ:21,176,255,-44,3
IQ:22,184,8,-49,66
IQ:23,192,255,82,23
IQ:24,200,7,27,-139
IQ:25,208,255,-132,-38
IQ:26,216,6,-21,89
IQ:27,224,255,63,49
IQ:28,232,5,12,55
IQ:29,240,255,19,56
IQ:30,248,12,60,127
IQ:31,256,255,93,-33
IQ:32,264,1,-99,-2
IQ:33,272,255,-39,86
IQ:34,280,2,-7,-27
IQ:35,288,255,-27,-79
SW:2
RR:3
SS:3
FR:2480
ME:21
MA:265
KE:8
KA:320
DF_END

Data arrived...
DF_BEGIN
IQ:0,0,11,-161,-58
IQ:1,8,11,-46,168
IQ:2,16,11,171,24
IQ:3,24,11,9,-171
IQ:4,32,11,-170,15
IQ:5,40,11,29,169
IQ:6,48,11,171,-41
IQ:7,56,11,-64,-156
IQ:8,72,12,115,94
IQ:9,80,255,99,-110
IQ:10,88,1,-107,-52
IQ:11,96,255,-61,131
IQ:12,104,2,86,86
IQ:13,112,255,45,-106
IQ:14,120,10,-172,-64
IQ:15,128,255,-55,164
IQ:16,136,3,145,59
IQ:17,144,255,23,-132
IQ:18,152,9,-170,18
IQ:19,160,255,26,155
IQ:20,168,4,144,-34
IQ:21,176,255,-46,-121
IQ:22,184,8,-152,101
IQ:23,192,255,87,130
IQ:24,200,7,75,-104
IQ:25,208,255,-115,-83
IQ:26,216,6,-73,112
IQ:27,224,255,132,66
IQ:28,232,5,66,-123
IQ:29,240,255,-116,-34
IQ:30,248,12,24,147
IQ:31,256,255,149,-17
IQ:32,264,1,-43,-106
IQ:33,272,255,-126,64
IQ:34,280,2,6,122
IQ:35,288,255,113,-43
SW:2
RR:3
SS:3
FR:2402
ME:2
MA:5
KE:7
KA:325
DF_END

Data arrived...
DF_BEGIN
IQ:0,0,11,-129,-93
IQ:1,8,11,-72,128
IQ:2,16,11,149,53
IQ:3,24,11,45,-151
IQ:4,32,11,-159,-13
IQ:5,40,11,-6,155
IQ:6,48,11,151,-22
IQ:7,56,11,-21,-154
IQ:8,72,12,115,106
IQ:9,80,255,84,-68
IQ:10,88,1,-117,15
IQ:11,96,255,-25,103
IQ:12,104,2,0,-20
IQ:13,112,255,-41,-54
IQ:14,120,10,-119,-34
IQ:15,128,255,-47,88
IQ:16,136,3,8,-13
IQ:17,144,255,-51,-52
IQ:18,152,9,-132,9
IQ:19,160,255,-18,109
IQ:20,168,4,-4,2
IQ:21,176,255,-53,-24
IQ:22,184,8,-71,58
IQ:23,192,255,65,55
IQ:24,200,7,81,-123
IQ:25,208,255,-112,-85
IQ:26,216,6,-52,71
IQ:27,224,255,33,77
IQ:28,232,5,-18,49
IQ:29,240,255,-19,74
IQ:30,248,12,-1,151
IQ:31,256,255,101,2
IQ:32,264,1,-90,-53
IQ:33,272,255,-91,75
IQ:34,280,2,14,-9
IQ:35,288,255,7,-84
SW:2
RR:3
SS:3
FR:2480
ME:19
MA:259
KE:8
KA:317
DF_END

Data arrived...
DF_BEGIN
IQ:0,0,11,-157,-25
IQ:1,8,11,-9,162
IQ:2,16,11,161,-17
IQ:3,24,11,-39,-150
IQ:4,32,11,-143,65
IQ:5,40,11,69,141
IQ:6,48,11,137,-80
IQ:7,56,11,-86,-138
IQ:8,72,12,144,55
IQ:9,80,255,39,-100
IQ:10,88,1,-95,66
IQ:11,96,255,26,106
IQ:12,104,2,-13,-21
IQ:13,112,255,-65,-32
IQ:14,120,10,-132,8
IQ:15,128,255,-12,99
IQ:16,136,3,0,-17
IQ:17,144,255,-82,-30
IQ:18,152,9,-113,82
IQ:19,160,255,47,107
IQ:20,168,4,0,5
IQ:21,176,255,-54,15
IQ:22,184,8,-47,90
IQ:23,192,255,88,20
IQ:24,200,7,11,-141
IQ:25,208,255,-134,-27
IQ:26,216,6,-5,96
IQ:27,224,255,64,56
IQ:28,232,5,5,46
IQ:29,240,255,14,74
IQ:30,248,12,74,143
IQ:31,256,255,92,-38
IQ:32,264,1,-115,-20
IQ:33,272,255,-45,106
IQ:34,280,2,16,-14
IQ:35,288,255,-29,-82
SW:2
RR:3
SS:3
FR:2480
ME:19
MA:259
KE:10
KA:309
DF_END

Data arrived...
DF_BEGIN
IQ:0,0,11,-176,73
IQ:1,8,11,75,171
IQ:2,16,11,161,-99
IQ:3,24,11,-116,-138
IQ:4,32,11,-119,131
IQ:5,40,11,142,113
IQ:6,48,11,96,-150
IQ:7,56,11,-166,-65
IQ:8,72,12,126,-57
IQ:9,80,255,-24,-155
IQ:10,88,1,-103,-31
IQ:11,96,255,-1,101
IQ:12,104,2,125,13
IQ:13,112,255,-29,-107
IQ:14,120,10,-182,85
IQ:15,128,255,75,187
IQ:16,136,3,135,-38
IQ:17,144,255,-73,-81
IQ:18,152,9,-80,182
IQ:19,160,255,179,102
IQ:20,168,4,135,-142
IQ:21,176,255,-131,-78
IQ:22,184,8,-44,262
IQ:23,192,255,189,93
IQ:24,200,7,-53,-33
IQ:25,208,255,-93,70
IQ:26,216,6,35,113
IQ:27,224,255,127,-60
IQ:28,232,5,-64,-189
IQ:29,240,255,-131,45
IQ:30,248,12,124,30
IQ:31,256,255,83,-131
IQ:32,264,1,-54,-87
IQ:33,272,255,-66,85
IQ:34,280,2,91,92
IQ:35,288,255,51,-98
SW:2
RR:3
SS:3
FR:2426
ME:359
MA:353
KE:9
KA:314
DF_END

Data arrived...
DF_BEGIN
IQ:0,0,11,105,139
IQ:1,8,11,123,-120
IQ:2,16,11,-137,-115
IQ:3,24,11,-92,149
IQ:4,32,11,162,67
IQ:5,40,11,47,-172
IQ:6,48,11,-170,-58
IQ:7,56,11,-30,168
IQ:8,72,12,-66,-142
IQ:9,80,255,-146,51
IQ:10,88,1,66,95
IQ:11,96,255,115,-90
IQ:12,104,2,-48,-123
IQ:13,112,255,-98,69
IQ:14,120,10,136,132
IQ:15,128,255,126,-124
IQ:16,136,3,-95,-135
IQ:17,144,255,-87,116
IQ:18,152,9,161,75
IQ:19,160,255,58,-151
IQ:20,168,4,-145,-40
IQ:21,176,255,-17,138
IQ:22,184,8,185,-9
IQ:23,192,255,-6,-161
IQ:24,200,7,-120,61
IQ:25,208,255,67,132
IQ:26,216,6,129,-68
IQ:27,224,255,-82,-128
IQ:28,232,5,-122,66
IQ:29,240,255,87,91
IQ:30,248,12,55,-146
IQ:31,256,255,-142,-46
IQ:32,264,1,-12,116
IQ:33,272,255,146,17
IQ:34,280,2,62,-112
IQ:35,288,255,-121,-4
SW:2
RR:3
SS:3
FR:2402
ME:2
MA:5
KE:8
KA:320
DF_END

Data arrived...
DF_BEGIN
IQ:0,0,11,70,-158
IQ:1,8,11,-156,-43
IQ:2,16,11,-34,160
IQ:3,24,11,161,0
IQ:4,32,11,-5,-176
IQ:5,40,11,-158,22
IQ:6,48,11,58,153
IQ:7,56,11,158,-66
IQ:8,72,12,-74,141
IQ:9,80,255,82,55
IQ:10,88,1,-81,-99
IQ:11,96,255,-92,6
IQ:12,104,2,20,-52
IQ:13,112,255,21,-66
IQ:14,120,10,13,-123
IQ:15,128,255,-95,-48
IQ:16,136,3,-10,-39
IQ:17,144,255,8,-71
IQ:18,152,9,-62,-126
IQ:19,160,255,-113,0
IQ:20,168,4,-37,-37
IQ:21,176,255,-30,-31
IQ:22,184,8,-59,-43
IQ:23,192,255,-22,64
IQ:24,200,7,139,36
IQ:25,208,255,56,-125
IQ:26,216,6,-68,-32
IQ:27,224,255,-86,27
IQ:28,232,5,-105,-11
IQ:29,240,255,-79,40
IQ:30,248,12,-157,52
IQ:31,256,255,19,99
IQ:32,264,1,-7,-124
IQ:33,272,255,-90,-56
IQ:34,280,2,48,-38
IQ:35,288,255,70,-48
SW:2
RR:3
SS:3
FR:2480
ME:24
MA:268
KE:10
KA:313
DF_END

Data arrived...
DF