IQ:18,152,9,49,-1
IQ:19,160,255,21,-113
IQ:20,168,4,-133,-125
IQ:21,176,255,-129,104
IQ:22,184,8,-16,79
IQ:23,192,255,29,-38
IQ:24,200,7,-131,-76
IQ:25,208,255,-66,106
IQ:26,216,6,102,17
IQ:27,224,255,-13,-85
IQ:28,232,5,-111,78
IQ:29,240,255,71,111
IQ:30,248,12,98,-95
IQ:31,256,255,-84,-91
IQ:32,264,1,-42,106
IQ:33,272,255,91,69
IQ:34,280,2,13,-32
IQ:35,288,255,-94,-11
SW:2
RR:3
SS:3
FR:2426
ME:5
MA:353
KE:17
KA:342
DF_END

Data arrived...
DF_BEGIN
IQ:0,0,11,-136,171
IQ:1,8,11,178,118
IQ:2,16,11,98,-196
IQ:3,24,11,-204,-64
IQ:4,32,11,-50,205
IQ:5,40,11,205,41
IQ:6,48,11,11,-213
IQ:7,56,11,-208,-1
IQ:8,72,12,172,-132
IQ:9,80,255,-87,-152
IQ:10,88,1,-22,180
IQ:11,96,255,126,78
IQ:12,104,2,-69,-8
IQ:13,112,255,-110,71
IQ:14,120,10,-62,245
IQ:15,128,255,211,153
IQ:16,136,3,207,59
IQ:17,144,255,83,-78
IQ:18,152,9,108,57
IQ:19,160,255,175,-128
IQ:20,168,4,85,-395
IQ:21,176,255,-273,-188
IQ:22,184,8,-124,-50
IQ:23,192,255,32,38
IQ:24,200,7,187,-173
IQ:25,208,255,-88,-119
IQ:26,216,6,31,122
IQ:27,224,255,63,-54
IQ:28,232,5,-210,-30
IQ:29,240,255,-98,207
IQ:30,248,12,189,98
IQ:31,256,255,79,-144
IQ:32,264,1,-151,80
IQ:33,272,255,-8,152
IQ:34,280,2,-39,-52
IQ:35,288,255,-108,-69
SW:2
RR:3
SS:3
FR:2402
ME:52
MA:215
KE:21
KA:330
DF_END

Data arrived...
DF_BEGIN
IQ:0,0,11,-138,-51
IQ:1,8,11,-40,140
IQ:2,16,11,138,33
IQ:3,24,11,22,-138
IQ:4,32,11,-145,4
IQ:5,40,11,14,148
IQ:6,48,11,142,-21
IQ:7,56,11,-33,-135
IQ:8,72,12,62,78
IQ:9,80,255,73,-56
IQ:10,88,1,-75,-44
IQ:11,96,255,-56,75
IQ:12,104,2,67,32
IQ:13,112,255,19,-57
IQ:14,120,10,-113,41
IQ:15,128,255,-2,134
IQ:16,136,3,67,52
IQ:17,144,255,48,-49
IQ:18,152,9,-6,9
IQ:19,160,255,33,44
IQ:20,168,4,85,-29
IQ:21,176,255,-35,-97
IQ:22,184,8,-80,-19
IQ:23,192,255,6,72
IQ:24,200,7,113,-21
IQ:25,208,255,-24,-98
IQ:26,216,6,-71,47
IQ:27,224,255,44,58
IQ:28,232,5,24,-61
IQ:29,240,255,-78,-18
IQ:30,248,12,-36,98
IQ:31,256,255,84,39
IQ:32,264,1,0,-81
IQ:33,272,255,-93,-5
IQ:34,280,2,3,78
IQ:35,288,255,97,-22
SW:2
RR:3
SS:3
FR:2480
ME:2
MA:5
KE:18
KA:337
DF_END

Data arrived...
DF_BEGIN
IQ:0,0,11,-172,-27
IQ:1,8,11,-2,171
IQ:2,16,11,174,-5
IQ:3,24,11,-20,-178
IQ:4,32,11,-170,30
IQ:5,40,11,53,164
IQ:6,48,11,160,-63
IQ:7,56,11,-88,-145
IQ:8,72,12,125,55
IQ:9,80,255,48,-119
IQ:10,88,1,-124,-9
IQ:11,96,255,-39,119
IQ:12,104,2,42,2
IQ:13,112,255,-25,-75
IQ:14,120,10,-158,57
IQ:15,128,255,-1,185
IQ:16,136,3,90,111
IQ:17,144,255,67,-41
IQ:18,152,9,-35,40
IQ:19,160,255,77,79
IQ:20,168,4,179,-39
IQ:21,176,255,-9,-172
IQ:22,184,8,-58,-54
IQ:23,192,255,15,46
IQ:24,200,7,150,-62
IQ:25,208,255,-55,-117
IQ:26,216,6,-82,78
IQ:27,224,255,76,46
IQ:28,232,5,10,-138
IQ:29,240,255,-141,-8
IQ:30,248,12,14,140
IQ:31,256,255,135,6
IQ:32,264,1,-62,-117
IQ:33,272,255,-128,22
IQ:34,280,2,26,40
IQ:35,288,255,75,-71
SW:2
RR:3
SS:3
FR:2426
ME:5
MA:353
KE:17
KA:341
DF_END

Data arrived...
DF_BEGIN
IQ:0,0,11,-160,-119
IQ:1,8,11,-102,199
IQ:2,16,11,194,96
IQ:3,24,11,71,-200
IQ:4,32,11,-215,-53
IQ:5,40,11,-31,215
IQ:6,48,11,219,8
IQ:7,56,11,12,-218
IQ:8,72,12,106,181
IQ:9,80,255,140,-65
IQ:10,88,1,-159,-28
IQ:11,96,255,-92,114
IQ:12,104,2,-4,-76
IQ:13,112,255,-87,-93
IQ:14,120,10,-241,-60
IQ:15,128,255,-164,217
IQ:16,136,3,-72,205
IQ:17,144,255,69,94
IQ:18,152,9,-49,104
IQ:19,160,255,116,197
IQ:20,168,4,381,105
IQ:21,176,255,197,-264
IQ:22,184,8,47,-130
IQ:23,192,255,-37,32
IQ:24,200,7,180,167
IQ:25,208,255,129,-93
IQ:26,216,6,-128,31
IQ:27,224,255,52,66
IQ:28,232,5,30,-202
IQ:29,240,255,-204,-73
IQ:30,248,12,-90,193
IQ:31,256,255,130,85
IQ:32,264,1,-89,-154
IQ:33,272,255,-152,8
IQ:34,280,2,73,-52
IQ:35,288,255,47,-111
SW:2
RR:3
SS:3
FR:2402
ME:52
MA:215
KE:20
KA:329
DF_END

Data arrived...
DF_BEGIN
IQ:0,0,11,-58,-126
IQ:1,8,11,-113,71
IQ:2,16,11,73,93
IQ:3,24,11,39,-105
IQ:4,32,11,-173,-77
IQ:5,40,11,-82,158
IQ:6,48,11,159,69
IQ:7,56,11,68,-140
IQ:8,72,12,-49,79
IQ:9,80,255,24,15
IQ:10,88,1,-124,-84
IQ:11,96,255,-165,68
IQ:12,104,2,-10,8
IQ:13,112,255,69,-96
IQ:14,120,10,-111,-31
IQ:15,128,255,-81,101
IQ:16,136,3,13,59
IQ:17,144,255,82,-27
IQ:18,152,9,-20,-25
IQ:19,160,255,11,76
IQ:20,168,4,114,61
IQ:21,176,255,66,-70
IQ:22,184,8,-25,-51
IQ:23,192,255,-70,102
IQ:24,200,7,12,13
IQ:25,208,255,4,-185
IQ:26,216,6,-62,-10
IQ:27,224,255,34,77
IQ:28,232,5,106,-109
IQ:29,240,255,16,-53
IQ:30,248,12,-37,119
IQ:31,256,255,11,150
IQ:32,264,1,-43,-87
IQ:33,272,255,-52,-131
IQ:34,280,2,14,36
IQ:35,288,255,133,-29
SW:2
RR:3
SS:3
FR:2480
ME:5
MA:353
KE:18
KA:334
DF_END

Data arrived...
DF_BEGIN
IQ:0,0,11,153,-70
IQ:1,8,11,-79,-143
IQ:2,16,11,-130,95
IQ:3,24,11,108,121
IQ:4,32,11,112,-116
IQ:5,40,11,-124,-107
IQ:6,48,11,-87,137
IQ:7,56,11,143,70
IQ:8,72,12,-125,35
IQ:9,80,255,13,123
IQ:10,88,1,100,-51
IQ:11,96,255,-25,-108
IQ:12,104,2,-31,21
IQ:13,112,255,53,43
IQ:14,120,10,89,-115
IQ:15,128,255,-107,-141
IQ:16,136,3,-138,-55
IQ:17,144,255,-47,81
IQ:18,152,9,6,-39
IQ:19,160,255,-100,-21
IQ:20,168,4,-133,123
IQ:21,176,255,100,135
IQ:22,184,8,71,33
IQ:23,192,255,-25,-36
IQ:24,200,7,-92,124
IQ:25,208,255,93,72
IQ:26,216,6,30,-111
IQ:27,224,255,-85,-11
IQ:28,232,5,59,113
IQ:29,240,255,118,-61
IQ:30,248,12,-83,-94
IQ:31,256,255,-102,73
IQ:32,264,1,94,58
IQ:33,272,255,78,-81
IQ:34,280,2,-28,-23
IQ:35,288,255,-17,94
SW:2
RR:3
SS:3
FR:2426
ME:5
MA:359
KE:17
KA:339
DF_END

Data arrived...
DF_BEGIN
IQ:0,0,11,154,31
IQ:1,8,11,4,-161
IQ:2,16,11,-155,-4
IQ:3,24,11,8,157
IQ:4,32,11,164,-28
IQ:5,40,11,-52,-151
IQ:6,48,11,-143,82
IQ:7,56,11,73,135
IQ:8,72,12,-142,-87
IQ:9,80,255,-82,98
IQ:10,88,1,126,-43
IQ:11,96,255,19,-119
IQ:12,104,2,24,26
IQ:13,112,255,79,40
IQ:14,120,10,185,-37
IQ:15,128,255,50,-192
IQ:16,136,3,-28,-153
IQ:17,144,255,-77,-16
IQ:18,152,9,12,-87
IQ:19,160,255,-138,-103
IQ:20,168,4,-285,62
IQ:21,176,255,-28,239
IQ:22,184,8,31,88
IQ:23,192,255,2,-48
IQ:24,200,7,-172,-34
IQ:25,208,255,-23,98
IQ:26,216,6,71,-80
IQ:27,224,255,-70,-29
IQ:28,232,5,24,155
IQ:29,240,255,173,-24
IQ:30,248,12,9,-172
IQ:31,256,255,-120,-17
IQ:32,264,1,97,84
IQ:33,272,255,107,-50
IQ:34,280,2,-19,35
IQ:35,288,255,-7,93
SW:2
RR:3
SS:3
FR:2402
ME:52
MA:215
KE:20
KA:328
DF_END

Data arrived...
DF_BEGIN
IQ:0,0,11,-35,-197
IQ:1,8,11,-185,41
IQ:2,16,11,68,178
IQ:3,24,11,171,-87
IQ:4,32,11,-100,-157
IQ:5,40,11,-140,123
IQ:6,48,11,148,139
IQ:7,56,11,133,-149
IQ:8,72,12,-10,124
IQ:9,80,255,118,20
IQ:10,88,1,1,-107
IQ:11,96,255,-104,-8
IQ:12,104,2,17,89
IQ:13,112,255,75,-34
IQ:14,120,10,-127,-85
IQ:15,128,255,-137,96
IQ:16,136,3,6,103
IQ:17,144,255,89,11
IQ:18,152,9,-16,3
IQ:19,160,255,-2,67
IQ:20,168,4,108,78
IQ:21,176,255,84,-107
IQ:22,184,8,-32,-96
IQ:23,192,255,-64,56
IQ:24,200,7,98,74
IQ:25,208,255,73,-95
IQ:26,216,6,-97,-33
IQ:27,224,255,-8,85
IQ:28,232,5,98,-27
IQ:29,240,255,-32,-105
IQ:30,248,12,-112,36
IQ:31,256,255,40,117
IQ:32,264,1,92,-57
IQ:33,272,255,-60,-92
IQ:34,280,2,-73,57
IQ:35,288,255,104,73
SW:2
RR:3
SS:3
FR:2480
ME:2
MA:5
KE:18
KA:335
DF_END

Data arrived...
DF_BEGIN
IQ:0,0,11,-28,152
IQ:1,8,11,150,22
IQ:2,16,11,-3,-145
IQ:3,24,11,-146,24
IQ:4,32,11,32,145
IQ:5,40,11,142,-60
IQ:6,48,11,-66,-130
IQ:7,56,11,-129,77
IQ:8,72,12,60,-88
IQ:9,80,255,-81,-51
IQ:10,88,1,-27,79
IQ:11,96,255,83,27
IQ:12,104,2,16,-79
IQ:13,112,255,-67,1
IQ:14,120,10,59,102
IQ:15,128,255,131,-22
IQ:16,136,3,27,-81
IQ:17,144,255,-61,-33
IQ:18,152,9,16,7
IQ:19,160,255,29,-48
IQ:20,168,4,-49,-89
IQ:21,176,255,-93,40
IQ:22,184,8,0,80
IQ:23,192,255,64,-24
IQ:24,200,7,-57,-80
IQ:25,208,255,-74,55
IQ:26,216,6,61,54
IQ:27,224,255,44,-63
IQ:28,232,5,-73,-16
IQ:29,240,255,-13,89
IQ:30,248,12,103,4
IQ:31,256,255,4,-98
IQ:32,264,1,-83,14
IQ:33,272,255,26,75
IQ:34,280,2,69,-26
IQ:35,288,255,-60,-79
SW:2
RR:3
SS:3
FR:2480
ME:2
MA:5
KE:17
KA:340
DF_END

Data arrived...
DF_BEGIN
IQ:0,0,11,117,-89
IQ:1,8,11,-98,-115
IQ:2,16,11,-111,112
IQ:3,24,11,123,92
IQ:4,32,11,74,-136
IQ:5,40,11,-141,-63
IQ:6,48,11,-54,135
IQ:7,56,11,146,35
IQ:8,72,12,-115,32
IQ:9,80,255,17,88
IQ:10,88,1,73,-62
IQ:11,96,255,-35,-100
IQ:12,104,2,-24,11
IQ:13,112,255,43,13
IQ:14,120,10,42,-137
IQ:15,128,255,-124,-115
IQ:16,136,3,-144,-25
IQ:17,144,255,-32,90
IQ:18,152,9,-5,-25
IQ:19,160,255,-100,4
IQ:20,168,4,-110,141
IQ:21,176,255,101,125
IQ:22,184,8,76,19
IQ:23,192,255,-25,-31
IQ:24,200,7,-76,122
IQ:25,208,255,110,91
IQ:26,216,6,14,-98
IQ:27,224,255,-80,11
IQ:28,232,5,86,74
IQ:29,240,255,87,-97
IQ:30,248,12,-87,-68
IQ:31,256,255,-74,77
IQ:32,264,1,98,20
IQ:33,272,255,86,-104
IQ:34,280,2,-26,-13
IQ:35,288,255,-4,79
SW:2
RR:3
SS:3
FR:2426
ME:5
MA:5
KE:15
KA:345
DF_END

Data arrived...
DF_BEGIN
IQ:0,0,11,-89,-174
IQ:1,8,11,-179,81
IQ:2,16,11,103,177
IQ:3,24,11,161,-116
IQ:4,32,11,-130,-143
IQ:5,40,11,-144,148
IQ:6,48,11,148,119
IQ:7,56,11,105,-164
IQ:8,72,12,18,215
IQ:9,80,255,155,1
IQ:10,88,1,-149,-118
IQ:11,96,255,-127,72
IQ:12,104,2,60,-72
IQ:13,112,255,-15,-159
IQ:14,120,10,-156,-174
IQ:15,128,255,-231,78
IQ:16,136,3,-149,86
IQ:17,144,255,-22,107
IQ:18,152,9,-121,89
IQ:19,160,255,22,239
IQ:20,168,4,259,289
IQ:21,176,255,302,-80
IQ:22,184,8,104,-40
IQ:23,192,255,-18,1
IQ:24,200,7,7,214
IQ:25,208,255,135,9
IQ:26,216,6,-104,-26
IQ:27,224,255,28,47
IQ:28,232,5,142,-191
IQ:29,240,255,-150,-171
IQ:30,248,12,-174,120
IQ:31,256,255,64,121
IQ:32,264,1,24,-169
IQ:33,272,255,-123,-70
IQ:34,280,2,97,39
IQ:35,288,255,137,-63
SW:2
RR:3
SS:3
FR:2402
ME:52
MA:215
KE:19
KA:335
DF_END

Data arrived...
DF_BEGIN
IQ:0,0,11,-133,-155
IQ:1,8,11,-145,134
IQ:2,16,11,150,115
IQ:3,24,11,83,-179
IQ:4,32,11,-187,-66
IQ:5,40,11,-70,192
IQ:6,48,11,186,54
IQ:7,56,11,28,-203
IQ:8,72,12,45,130
IQ:9,80,255,123,-35
IQ:10,88,1,-74,-93
IQ:11,96,255,-105,62
IQ:12,104,2,66,73
IQ:13,112,255,49,-75
IQ:14,120,10,-166,-13
IQ:15,128,255,-79,160
IQ:16,136,3,57,98
IQ:17,144,255,84,-33
IQ:18,152,9,-27,1
IQ:19,160,255,26,70
IQ:20,168,4,131,9
IQ:21,176,255,25,-133
IQ:22,184,8,-91,-85
IQ:23,192,255,-33,82
IQ:24,200,7,143,3
IQ:25,208,255,12,-130
IQ:26,216,6,-111,20
IQ:27,224,255,31,97
IQ:28,232,5,64,-66
IQ:29,240,255,-76,-78
IQ:30,248,12,-91,104
IQ:31,256,255,95,84
IQ:32,264,1,41,-112
IQ:33,272,255,-109,-44
IQ:34,280,2,-27,97
IQ:35,288,255,133,12
SW:2
RR:3
SS:3
FR:2480
ME:2
MA:5
KE:17
KA:341
DF_END

Data arrived...
DF_BEGIN
IQ:0,0,11,-118,-101
IQ:1,8,11,-81,127
IQ:2,16,11,131,88
IQ:3,24,11,75,-135
IQ:4,32,11,-149,-53
IQ:5,40,11,-39,148
IQ:6,48,11,159,13
IQ:7,56,11,-7,-157
IQ:8,72,12,81,82
IQ:9,80,255,87,-63
IQ:10,88,1,-92,-45
IQ:11,96,255,-77,70
IQ:12,104,2,20,15
IQ:13,112,255,6,-56
IQ:14,120,10,-139,-25
IQ:15,128,255,-80,148
IQ:16,136,3,20,140
IQ:17,144,255,85,-3
IQ:18,152,9,-25,15
IQ:19,160,255,32,91
IQ:20,168,4,171,56
IQ:21,176,255,88,-141
IQ:22,184,8,-10,-78
IQ:23,192,255,-21,36
IQ:24,200,7,136,43
IQ:25,208,255,40,-110
IQ:26,216,6,-100,10
IQ:27,224,255,27,64
IQ:28,232,5,63,-111
IQ:29,240,255,-101,-65
IQ:30,248,12,-33,108
IQ:31,256,255,102,43
IQ:32,264,1,-1,-96
IQ:33,272,255,-100,-29
IQ:34,280,2,-4,18
IQ:35,288,255,69,-28
SW:2
RR:3
SS:3
FR:2426
ME:5
MA:5
KE:16
KA:345
DF_END

Data arrived...
DF_BEGIN
IQ:0,0,11,26,213
IQ:1,8,11,205,-53
IQ:2,16,11,-76,-203
IQ:3,24,11,-202,91
IQ:4,32,11,112,179
IQ:5,40,11,184,-124
IQ:6,48,11,-143,-167
IQ:7,56,11,-155,142
IQ:8,72,12,26,-228
IQ:9,80,255,-155,-50
IQ:10,88,1,104,102
IQ:11,96,255,151,-18
IQ:12,104,2,17,64
IQ:13,112,255,14,85
IQ:14,120,10,120,196
IQ:15,128,255,275,-36
IQ:16,136,3,229,-144
IQ:17,144,255,-40,-177
IQ:18,152,9,58,-39
IQ:19,160,255,38,-195
IQ:20,168,4,-223,-348
IQ:21,176,255,-346,67
IQ:22,184,8,-125,124
IQ:23,192,255,91,2
IQ:24,200,7,-43,-271
IQ:25,208,255,-193,8
IQ:26,216,6,110,80
IQ:27,224,255,26,-90
IQ:28,232,5,-153,97
IQ:29,240,255,79,178
IQ:30,248,12,195,-93
IQ:31,256,255,-33,-163
IQ:32,264,1,-41,135
IQ:33,272,255,84,119
IQ:34,280,2,-50,57
IQ:35,288,255,-72,34
SW:2
RR:3
SS:3
FR:2402
ME:52
MA:220
KE:19
KA:334
DF_END

Data arrived...
DF_BEGIN
IQ:0,0,11,-146,115
IQ:1,8,11,114,140
IQ:2,16,11,108,-137
IQ:3,24,11,-155,-93
IQ:4,32,11,-74,163
IQ:5,40,11,162,80
IQ:6,48,11,47,-162
IQ:7,56,11,-178,-31
IQ:8,72,12,120,-37
IQ:9,80,255,-23,-114
IQ:10,88,1,-92,45
IQ:11,96,255,38,94
IQ:12,104,2,58,-59
IQ:13,112,255,-54,-39
IQ:14,120,10,10,145
IQ:15,128,255,153,51
IQ:16,136,3,95,-35
IQ:17,144,255,-7,-75
IQ:18,152,9,14,9
IQ:19,160,255,65,-25
IQ:20,168,4,19,-110
IQ:21,176,255,-122,-30
IQ:22,184,8,-77,64
IQ:23,192,255,66,33
IQ:24,200,7,24,-128
IQ:25,208,255,-107,-20
IQ:26,216,6,4,95
IQ:27,224,255,84,-8
IQ:28,232,5,-57,-48
IQ:29,240,255,-55,83
IQ:30,248,12,94,80
IQ:31,256,255,75,-84
IQ:32,264,1,-94,-44
IQ:33,272,255,-48,84
IQ:34,280,2,74,21
IQ:35,288,255,1,-114
SW:2
RR:3
SS:3
FR:2480
ME:2
MA:5
KE:18
KA:340
DF_END

Data arrived...
DF_BEGIN
IQ:0,0,11,63,167
IQ:1,8,11,158,-67
IQ:2,16,11,-84,-153
IQ:3,24,11,-136,98
IQ:4,32,11,122,127
IQ:5,40,11,111,-133
IQ:6,48,11,-140,-114
IQ:7,56,11,-95,143
IQ:8,72,12,-5,-135
IQ:9,80,255,-127,-14
IQ:10,88,1,41,99
IQ:11,96,255,119,-24
IQ:12,104,2,-2,-41
IQ:13,112,255,-50,42
IQ:14,120,10,119,93
IQ:15,128,255,165,-97
IQ:16,136,3,59,-175
IQ:17,144,255,-105,-56
IQ:18,152,9,30,31
IQ:19,160,255,45,-91
IQ:20,168,4,-139,-149
IQ:21,176,255,-152,110
IQ:22,184,8,-20,103
IQ:23,192,255,50,-33
IQ:24,200,7,-127,-112
IQ:25,208,255,-96,109
IQ:26,216,6,117,41
IQ:27,224,255,4,-104
IQ:28,232,5,-116,60
IQ:29,240,255,62,122
IQ:30,248,12,99,-95
IQ:31,256,255,-69,-119
IQ:32,264,1,-64,91
IQ:33,272,255,85,93
IQ:34,280,2,41,-22
IQ:35,288,255,-76,-37
SW:2
RR:3
SS:3
FR:2426
ME:5
MA:5
KE:16
KA:345
DF_END

Data arrived...
DF_BEGIN
IQ:0,0,11,18,154
IQ:1,8,11,157,-48
IQ:2,16,11,-48,-153
IQ:3,24,11,-142,64
IQ:4,32,11,79,134
IQ:5,40,11,129,-106
IQ:6,48,11,-110,-121
IQ:7,56,11,-106,117
IQ:8,72,12,24,-161
IQ:9,80,255,-110,-35
IQ:10,88,1,76,68
IQ:11,96,255,99,-35
IQ:12,104,2,-1,30
IQ:13,112,255,5,75
IQ:14,120,10,92,152
IQ:15,128,255,192,-40
IQ:16,136,3,142,-125
IQ:17,144,255,-42,-96
IQ:18,152,9,58,-24
IQ:19,160,255,34,-146
IQ:20,168,4,-175,-231
IQ:21,176,255,-247,84
IQ:22,184,8,-65,70
IQ:23,192,255,51,-11
IQ:24,200,7,-46,-180
IQ:25,208,255,-118,31
IQ:26,216,6,83,40
IQ:27,224,255,16,-61
IQ:28,232,5,-118,66
IQ:29,240,255,74,129
IQ:30,248,12,146,-64
IQ:31,256,255,-42,-115
IQ:32,264,1,-18,107
IQ:33,272,255,83,74
IQ:34,280,2,-23,20
IQ:35,288,255,-66,13
SW:2
RR:3
SS:3
FR:2402
ME:52
MA:220
KE:20
KA:335
DF_END

Data arrived...
DF_BEGIN
IQ:0,0,11,-72,169
IQ:1,8,11,177,53
IQ:2,16,11,38,-171
IQ:3,24,11,-178,-10
IQ:4,32,11,-2,191
IQ:5,40,11,182,-3
IQ:6,48,11,-36,-172
IQ:7,56,11,-175,64
IQ:8,72,12,98,-83
IQ:9,80,255,-73,-93
IQ:10,88,1,-61,93
IQ:11,96,255,92,68
IQ:12,104,2,35,-80
IQ:13,112,255,-73,-6
IQ:14,120,10,70,131
IQ:15,128,255,167,-5
IQ:16,136,3,64,-75
IQ:17,144,255,-52,-49
IQ:18,152,9,12,7
IQ:19,160,255,47,-50
IQ:20,168,4,-27,-108
IQ:21,176,255,-122,25
IQ:22,184,8,-32,89
IQ:23,192,255,79,-5
IQ:24,200,7,-43,-127
IQ:25,208,255,-115,38
IQ:26,216,6,62,85
IQ:27,224,255,68,-59
IQ:28,232,5,-80,-29
IQ:29,240,255,-17,102
IQ:30,248,12,123,44
IQ:31,256,255,46,-109
IQ:32,264,1,-110,7
IQ:33,272,255,1,111
IQ:34,280,2,84,-12
IQ:35,288,255,-53,-113
SW:2
RR:3
SS:3
FR:2480
ME:2
MA:5
KE:18
KA:340
DF_END

Data arrived...
DF_BEGIN
IQ:0,0,11,-165,4
IQ:1,8,11,34,177
IQ:2,16,11,69,-168
IQ:3,24,11,-129,-113
IQ:4,32,11,-108,131
IQ:5,40,11,140,93
IQ:6,48,11,76,-144
IQ:7,56,11,-155,-58
IQ:8,72,12,121,-37
IQ:9,80,255,-19,-125
IQ:10,88,1,-88,62
IQ:11,96,255,34,110
IQ:12,104,2,32,-7
IQ:13,112,255,-43,-27
IQ:14,120,10,-81,123
IQ:15,128,255,115,142
IQ:16,136,3,153,41
IQ:17,144,255,38,-94
IQ:18,152,9,-7,37
IQ:19,160,255,100,6
IQ:20,168,4,114,-140
IQ:21,176,255,-110,-131
IQ:22,184,8,-87,-24
IQ:23,192,255,35,33
IQ:24,200,7,80,-127
IQ:25,208,255,-112,-64
IQ:26,216,6,-23,102
IQ:27,224,255,86,-13
IQ:28,232,5,-65,-100
IQ:29,240,255,-101,73
IQ:30,248,12,96,83
IQ:31,256,255,81,-86
IQ:32,264,1,-96,-38
IQ:33,272,255,-70,91
IQ:34,280,2,19,22
IQ:35,288,255,8,-81
SW:2
RR:3
SS:3
FR:2426
ME:5
MA:5
KE:16
KA:345
DF_END

Data arrived...
DF_BEGIN
IQ:0,0,11,-126,-101
IQ:1,8,11,-95,121
IQ:2,16,11,129,81
IQ:3,24,11,85,-139
IQ:4,32,11,-140,-75
IQ:5,40,11,-41,133
IQ:6,48,11,149,31
IQ:7,56,11,18,-157
IQ:8,72,12,81,138
IQ:9,80,255,111,-35
IQ:10,88,1,-108,-31
IQ:11,96,255,-70,88
IQ:12,104,2,-26,-22
IQ:13,112,255,-27,-51
IQ:14,120,10,-165,-52
IQ:15,128,255,-120,154
IQ:16,136,3,-44,184
IQ:17,144,255,89,62
IQ:18,152,9,-31,47
IQ:19,160,255,77,120
IQ:20,168,4,287,75
IQ:21,176,255,151,-200
IQ:22,184,8,11,-102
IQ:23,192,255,-30,50
IQ:24,200,7,154,111
IQ:25,208,255,87,-92
IQ:26,216,6,-111,6
IQ:27,224,255,36,67
IQ:28,232,5,55,-143
IQ:29,240,255,-140,-75
IQ:30,248,12,-80,146
IQ:31,256,255,91,82
IQ:32,264,1,-44,-105
IQ:33,272,255,-112,-22
IQ:34,280,2,4,-29
IQ:35,288,255,47,-41
SW:2
RR:3
SS:3
FR:2402
ME:55
MA:220
KE:20
KA:334
DF_END

Data arrived...
DF_BEGIN
IQ:0,0,11,-127,144
IQ:1,8,11,149,109
IQ:2,16,11,91,-159
IQ:3,24,11,-175,-69
IQ:4,32,11,-28,186
IQ:5,40,11,185,24
IQ:6,48,11,9,-190
IQ:7,56,11,-186,-4
IQ:8,72,12,119,-68
IQ:9,80,255,-51,-114
IQ:10,88,1,-90,73
IQ:11,96,255,76,87
IQ:12,104,2,50,-80
IQ:13,112,255,-81,-37
IQ:14,120,10,13,152
IQ:15,128,255,165,50
IQ:16,136,3,88,-53
IQ:17,144,255,-45,-72
IQ:18,152,9,2,18
IQ:19,160,255,59,-38
IQ:20,168,4,-10,-124
IQ:21,176,255,-136,16
IQ:22,184,8,-58,95
IQ:23,192,255,82,17
IQ:24,200,7,-16,-141
IQ:25,208,255,-128,22
IQ:26,216,6,52,93
IQ:27,224,255,86,-47
IQ:28,232,5,-73,-43
IQ:29,240,255,-41,95
IQ:30,248,12,120,71
IQ:31,256,255,61,-109
IQ:32,264,1,-111,-17
IQ:33,272,255,-22,112
IQ:34,280,2,86,0
IQ:35,288,255,-27,-126
SW:2
RR:3