IQ:0,0,11,142,-131
IQ:1,8,11,-131,-141
IQ:2,16,11,-109,149
IQ:3,24,11,161,90
IQ:4,32,11,54,-182
IQ:5,40,11,-190,-50
IQ:6,48,11,-55,178
IQ:7,56,11,179,37
IQ:8,72,12,-128,52
IQ:9,80,255,60,112
IQ:10,88,1,80,-88
IQ:11,96,255,-72,-89
IQ:12,104,2,-58,63
IQ:13,112,255,74,39
IQ:14,120,10,-2,-148
IQ:15,128,255,-157,-54
IQ:16,136,3,-88,49
IQ:17,144,255,32,64
IQ:18,152,9,-1,-22
IQ:19,160,255,-56,24
IQ:20,168,4,2,109
IQ:21,176,255,127,4
IQ:22,184,8,76,-76
IQ:23,192,255,-70,-23
IQ:24,200,7,19,146
IQ:25,208,255,133,-5
IQ:26,216,6,-30,-102
IQ:27,224,255,-89,32
IQ:28,232,5,63,49
IQ:29,240,255,52,-82
IQ:30,248,12,-117,-86
IQ:31,256,255,-69,95
IQ:32,264,1,107,22
IQ:33,272,255,31,-114
IQ:34,280,2,-91,-16
IQ:35,288,255,4,129
SW:2
RR:3
SS:3
FR:2480
ME:2
MA:5
KE:21
KA:328
DF_END

Data arrived...
DF_BEGIN
IQ:0,0,11,150,-96
IQ:1,8,11,-109,-154
IQ:2,16,11,-125,114
IQ:3,24,11,128,122
IQ:4,32,11,107,-146
IQ:5,40,11,-151,-104
IQ:6,48,11,-83,154
IQ:7,56,11,165,63
IQ:8,72,12,-111,20
IQ:9,80,255,7,112
IQ:10,88,1,75,-56
IQ:11,96,255,-21,-107
IQ:12,104,2,-27,-39
IQ:13,112,255,16,15
IQ:14,120,10,53,-116
IQ:15,128,255,-120,-151
IQ:16,136,3,-233,-66
IQ:17,144,255,-86,152
IQ:18,152,9,24,28
IQ:19,160,255,-69,-20
IQ:20,168,4,-161,155
IQ:21,176,255,112,187
IQ:22,184,8,152,40
IQ:23,192,255,-22,-86
IQ:24,200,7,-114,166
IQ:25,208,255,144,112
IQ:26,216,6,52,-125
IQ:27,224,255,-88,-30
IQ:28,232,5,80,80
IQ:29,240,255,108,-71
IQ:30,248,12,-77,-92
IQ:31,256,255,-102,65
IQ:32,264,1,73,34
IQ:33,272,255,85,-80
IQ:34,280,2,7,-36
IQ:35,288,255,3,53
SW:2
RR:3
SS:3
FR:2426
ME:5
MA:2
KE:19
KA:335
DF_END

Data arrived...
DF_BEGIN
IQ:0,0,11,131,-132
IQ:1,8,11,-140,-116
IQ:2,16,11,-94,150
IQ:3,24,11,153,73
IQ:4,32,11,76,-167
IQ:5,40,11,-172,-60
IQ:6,48,11,-44,181
IQ:7,56,11,185,12
IQ:8,72,12,-146,100
IQ:9,80,255,23,136
IQ:10,88,1,-2,-51
IQ:11,96,255,-59,-80
IQ:12,104,2,-38,-119
IQ:13,112,255,-27,-14
IQ:14,120,10,60,-165
IQ:15,128,255,-189,-134
IQ:16,136,3,-311,-3
IQ:17,144,255,-54,209
IQ:18,152,9,14,13
IQ:19,160,255,-98,54
IQ:20,168,4,-24,367
IQ:21,176,255,305,152
IQ:22,184,8,207,-57
IQ:23,192,255,-80,-116
IQ:24,200,7,-148,233
IQ:25,208,255,170,121
IQ:26,216,6,0,-138
IQ:27,224,255,-109,-13
IQ:28,232,5,75,66
IQ:29,240,255,51,-111
IQ:30,248,12,-158,-79
IQ:31,256,255,-104,100
IQ:32,264,1,41,-33
IQ:33,272,255,43,-94
IQ:34,280,2,90,-94
IQ:35,288,255,-14,-22
SW:2
RR:3
SS:3
FR:2402
ME:49
MA:217
KE:22
KA:319
DF_END

Data arrived...
DF_BEGIN
IQ:0,0,11,-91,119
IQ:1,8,11,138,73
IQ:2,16,11,63,-143
IQ:3,24,11,-147,-53
IQ:4,32,11,-37,144
IQ:5,40,11,149,24
IQ:6,48,11,7,-151
IQ:7,56,11,-154,8
IQ:8,72,12,88,-99
IQ:9,80,255,-44,-115
IQ:10,88,1,6,38
IQ:11,96,255,57,66
IQ:12,104,2,49,80
IQ:13,112,255,13,8
IQ:14,120,10,-30,144
IQ:15,128,255,174,99
IQ:16,136,3,245,-41
IQ:17,144,255,16,-173
IQ:18,152,9,-9,-7
IQ:19,160,255,71,-65
IQ:20,168,4,-17,-305
IQ:21,176,255,-271,-101
IQ:22,184,8,-154,60
IQ:23,192,255,78,66
IQ:24,200,7,50,-219
IQ:25,208,255,-164,-61
IQ:26,216,6,4,115
IQ:27,224,255,93,-6
IQ:28,232,5,-75,-20
IQ:29,240,255,-35,97
IQ:30,248,12,143,33
IQ:31,256,255,75,-106
IQ:32,264,1,-35,23
IQ:33,272,255,-17,77
IQ:34,280,2,-54,72
IQ:35,288,255,20,3
SW:2
RR:3
SS:3
FR:2402
ME:52
MA:217
KE:26
KA:298
DF_END

Data arrived...
DF_BEGIN
IQ:0,0,11,33,186
IQ:1,8,11,186,-52
IQ:2,16,11,-67,-177
IQ:3,24,11,-163,88
IQ:4,32,11,112,150
IQ:5,40,11,140,-130
IQ:6,48,11,-141,-128
IQ:7,56,11,-122,149
IQ:8,72,12,28,-136
IQ:9,80,255,-119,-27
IQ:10,88,1,20,109
IQ:11,96,255,116,-13
IQ:12,104,2,-17,-86
IQ:13,112,255,-68,35
IQ:14,120,10,126,79
IQ:15,128,255,140,-96
IQ:16,136,3,18,-97
IQ:17,144,255,-73,-14
IQ:18,152,9,20,3
IQ:19,160,255,13,-64
IQ:20,168,4,-84,-64
IQ:21,176,255,-79,96
IQ:22,184,8,18,96
IQ:23,192,255,53,-52
IQ:24,200,7,-129,-64
IQ:25,208,255,-64,117
IQ:26,216,6,98,43
IQ:27,224,255,33,-92
IQ:28,232,5,-70,19
IQ:29,240,255,49,91
IQ:30,248,12,141,-51
IQ:31,256,255,-39,-117
IQ:32,264,1,-75,79
IQ:33,272,255,75,95
IQ:34,280,2,55,-59
IQ:35,288,255,-112,-65
SW:2
RR:3
SS:3
FR:2480
ME:2
MA:5
KE:23
KA:313
DF_END

Data arrived...
DF_BEGIN
IQ:0,0,11,182,5
IQ:1,8,11,-31,-185
IQ:2,16,11,-168,33
IQ:3,24,11,53,159
IQ:4,32,11,162,-67
IQ:5,40,11,-78,-162
IQ:6,48,11,-156,80
IQ:7,56,11,108,122
IQ:8,72,12,-102,-45
IQ:9,80,255,-59,95
IQ:10,88,1,82,4
IQ:11,96,255,46,-107
IQ:12,104,2,12,-49
IQ:13,112,255,7,27
IQ:14,120,10,107,-79
IQ:15,128,255,-47,-194
IQ:16,136,3,-183,-152
IQ:17,144,255,-148,106
IQ:18,152,9,15,43
IQ:19,160,255,-44,-51
IQ:20,168,4,-206,74
IQ:21,176,255,2,213
IQ:22,184,8,125,113
IQ:23,192,255,29,-75
IQ:24,200,7,-202,76
IQ:25,208,255,63,177
IQ:26,216,6,106,-74
IQ:27,224,255,-78,-60
IQ:28,232,5,11,106
IQ:29,240,255,130,-1
IQ:30,248,12,-18,-107
IQ:31,256,255,-122,-14
IQ:32,264,1,52,70
IQ:33,272,255,110,-11
IQ:34,280,2,44,-18
IQ:35,288,255,-38,31
SW:2
RR:3
SS:3
FR:2426
ME:2
MA:5
KE:21
KA:325
DF_END

Data arrived...
DF_BEGIN
IQ:0,0,11,98,-126
IQ:1,8,11,-139,-91
IQ:2,16,11,-75,133
IQ:3,24,11,146,45
IQ:4,32,11,59,-149
IQ:5,40,11,-155,-51
IQ:6,48,11,-38,156
IQ:7,56,11,150,5
IQ:8,72,12,-108,95
IQ:9,80,255,43,120
IQ:10,88,1,-10,-39
IQ:11,96,255,-52,-72
IQ:12,104,2,-45,-106
IQ:13,112,255,-32,1
IQ:14,120,10,29,-145
IQ:15,128,255,-172,-101
IQ:16,136,3,-259,35
IQ:17,144,255,-25,181
IQ:18,152,9,22,7
IQ:19,160,255,-80,43
IQ:20,168,4,-19,297
IQ:21,176,255,278,92
IQ:22,184,8,170,-69
IQ:23,192,255,-81,-84
IQ:24,200,7,-71,214
IQ:25,208,255,166,70
IQ:26,216,6,-5,-125
IQ:27,224,255,-91,-1
IQ:28,232,5,75,31
IQ:29,240,255,45,-95
IQ:30,248,12,-129,-47
IQ:31,256,255,-76,94
IQ:32,264,1,30,-25
IQ:33,272,255,32,-83
IQ:34,280,2,47,-93
IQ:35,288,255,-14,-8
SW:2
RR:3
SS:3
FR:2402
ME:52
MA:217
KE:24
KA:306
DF_END

Data arrived...
DF_BEGIN
IQ:0,0,11,-169,-78
IQ:1,8,11,-66,157
IQ:2,16,11,174,41
IQ:3,24,11,23,-180
IQ:4,32,11,-180,-7
IQ:5,40,11,6,185
IQ:6,48,11,175,-11
IQ:7,56,11,-39,-181
IQ:8,72,12,85,88
IQ:9,80,255,116,-60
IQ:10,88,1,-74,-44
IQ:11,96,255,-94,95
IQ:12,104,2,-13,53
IQ:13,112,255,5,-17
IQ:14,120,10,-120,17
IQ:15,128,255,-35,189
IQ:16,136,3,103,230
IQ:17,144,255,209,-35
IQ:18,152,9,-11,-33
IQ:19,160,255,47,68
IQ:20,168,4,226,39
IQ:21,176,255,100,-204
IQ:22,184,8,-86,-160
IQ:23,192,255,-55,70
IQ:24,200,7,207,-7
IQ:25,208,255,-5,-192
IQ:26,216,6,-142,39
IQ:27,224,255,33,99
IQ:28,232,5,39,-113
IQ:29,240,255,-112,-84
IQ:30,248,12,-37,128
IQ:31,256,255,101,72
IQ:32,264,1,-2,-86
IQ:33,272,255,-112,-21
IQ:34,280,2,-62,7
IQ:35,288,255,46,-3
SW:2
RR:3
SS:3
FR:2426
ME:2
MA:5
KE:22
KA:320
DF_END

Data arrived...
DF_BEGIN
IQ:0,0,11,164,-31
IQ:1,8,11,-40,-160
IQ:2,16,11,-154,53
IQ:3,24,11,69,146
IQ:4,32,11,127,-78
IQ:5,40,11,-88,-138
IQ:6,48,11,-122,108
IQ:7,56,11,121,118
IQ:8,72,12,-148,-13
IQ:9,80,255,-54,125
IQ:10,88,1,42,-22
IQ:11,96,255,13,-96
IQ:12,104,2,37,-96
IQ:13,112,255,-4,-11
IQ:14,120,10,132,-72
IQ:15,128,255,-51,-202
IQ:16,136,3,-209,-143
IQ:17,144,255,-134,108
IQ:18,152,9,14,2
IQ:19,160,255,-101,-23
IQ:20,168,4,-243,221
IQ:21,176,255,125,258
IQ:22,184,8,158,55
IQ:23,192,255,-8,-112
IQ:24,200,7,-217,75
IQ:25,208,255,69,165
IQ:26,216,6,78,-100
IQ:27,224,255,-86,-56
IQ:28,232,5,29,93
IQ:29,240,255,102,-36
IQ:30,248,12,-62,-138
IQ:31,256,255,-133,17
IQ:32,264,1,49,14
IQ:33,272,255,81,-40
IQ:34,280,2,93,-33
IQ:35,288,255,-14,-6
SW:2
RR:3
SS:3
FR:2402
ME:2
MA:5
KE:20
KA:331
DF_END

Data arrived...
DF_BEGIN
IQ:0,0,11,-51,-148
IQ:1,8,11,-136,65
IQ:2,16,11,80,128
IQ:3,24,11,113,-103
IQ:4,32,11,-100,-128
IQ:5,40,11,-116,111
IQ:6,48,11,133,90
IQ:7,56,11,80,-131
IQ:8,72,12,8,145
IQ:9,80,255,128,34
IQ:10,88,1,-34,-37
IQ:11,96,255,-93,10
IQ:12,104,2,-101,0
IQ:13,112,255,-4,10
IQ:14,120,10,-106,-117
IQ:15,128,255,-190,79
IQ:16,136,3,-89,224
IQ:17,144,255,145,96
IQ:18,152,9,6,-10
IQ:19,160,255,-13,96
IQ:20,168,4,257,198
IQ:21,176,255,242,-158
IQ:22,184,8,-1,-174
IQ:23,192,255,-114,42
IQ:24,200,7,145,176
IQ:25,208,255,145,-121
IQ:26,216,6,-112,-62
IQ:27,224,255,-53,96
IQ:28,232,5,81,-55
IQ:29,240,255,-64,-95
IQ:30,248,12,-114,87
IQ:31,256,255,42,132
IQ:32,264,1,-1,-51
IQ:33,272,255,-60,-63
IQ:34,280,2,-59,-82
IQ:35,288,255,-6,16
SW:2
RR:3
SS:3
FR:2402
ME:2
MA:5
KE:18
KA:339
DF_END

Data arrived...
DF_BEGIN
IQ:0,0,11,-111,-91
IQ:1,8,11,-72,123
IQ:2,16,11,134,53
IQ:3,24,11,40,-147
IQ:4,32,11,-136,-33
IQ:5,40,11,-15,140
IQ:6,48,11,144,-5
IQ:7,56,11,-9,-148
IQ:8,72,12,63,89
IQ:9,80,255,83,-46
IQ:10,88,1,-63,-57
IQ:11,96,255,-47,63
IQ:12,104,2,63,32
IQ:13,112,255,11,-54
IQ:14,120,10,-107,23
IQ:15,128,255,-18,128
IQ:16,136,3,45,63
IQ:17,144,255,53,-33
IQ:18,152,9,-7,-1
IQ:19,160,255,24,40
IQ:20,168,4,83,-12
IQ:21,176,255,-4,-96
IQ:22,184,8,-70,-38
IQ:23,192,255,-5,60
IQ:24,200,7,97,-43
IQ:25,208,255,-31,-96
IQ:26,216,6,-64,37
IQ:27,224,255,36,62
IQ:28,232,5,29,-54
IQ:29,240,255,-67,-21
IQ:30,248,12,-32,98
IQ:31,256,255,88,36
IQ:32,264,1,5,-80
IQ:33,272,255,-83,-12
IQ:34,280,2,0,56
IQ:35,288,255,88,-30
SW:2
RR:3
SS:3
FR:2480
ME:2
MA:356
KE:16
KA:343
DF_END

Data arrived...
DF_BEGIN
IQ:0,0,11,212,63
IQ:1,8,11,113,-188
IQ:2,16,11,-136,-89
IQ:3,24,11,-63,150
IQ:4,32,11,169,71
IQ:5,40,11,69,-223
IQ:6,48,11,-175,-33
IQ:7,56,11,-18,161
IQ:8,72,12,-104,-119
IQ:9,80,255,-124,64
IQ:10,88,1,83,70
IQ:11,96,255,121,14
IQ:12,104,2,19,-40
IQ:13,112,255,-11,58
IQ:14,120,10,139,69
IQ:15,128,255,183,-226
IQ:16,136,3,-75,-259
IQ:17,144,255,-101,-62
IQ:18,152,9,-40,41
IQ:19,160,255,37,-130
IQ:20,168,4,-74,-92
IQ:21,176,255,-163,202
IQ:22,184,8,80,195
IQ:23,192,255,80,-56
IQ:24,200,7,-230,-56
IQ:25,208,255,-2,205
IQ:26,216,6,94,-37
IQ:27,224,255,40,-85
IQ:28,232,5,-64,112
IQ:29,240,255,70,159
IQ:30,248,12,100,-129
IQ:31,256,255,-182,-120
IQ:32,264,1,12,50
IQ:33,272,255,154,-50
IQ:34,280,2,51,24
IQ:35,288,255,-97,15
SW:2
RR:3
SS:3
FR:2426
ME:359
MA:5
KE:14
KA:348
DF_END

Data arrived...
DF_BEGIN
IQ:0,0,11,135,-103
IQ:1,8,11,-101,-128
IQ:2,16,11,-109,125
IQ:3,24,11,136,90
IQ:4,32,11,81,-148
IQ:5,40,11,-155,-62
IQ:6,48,11,-67,154
IQ:7,56,11,166,45
IQ:8,72,12,-131,57
IQ:9,80,255,11,133
IQ:10,88,1,21,-44
IQ:11,96,255,-42,-87
IQ:12,104,2,-23,-104
IQ:13,112,255,-10,-5
IQ:14,120,10,74,-138
IQ:15,128,255,-141,-141
IQ:16,136,3,-263,5
IQ:17,144,255,-56,190
IQ:18,152,9,22,0
IQ:19,160,255,-84,26
IQ:20,168,4,-72,300
IQ:21,176,255,254,149
IQ:22,184,8,181,-48
IQ:23,192,255,-80,-96
IQ:24,200,7,-116,210
IQ:25,208,255,163,111
IQ:26,216,6,20,-136
IQ:27,224,255,-107,-13
IQ:28,232,5,63,55
IQ:29,240,255,70,-92
IQ:30,248,12,-129,-85
IQ:31,256,255,-111,78
IQ:32,264,1,46,-9
IQ:33,272,255,55,-81
IQ:34,280,2,76,-80
IQ:35,288,255,-13,1
SW:2
RR:3
SS:3
FR:2402
ME:5
MA:2
KE:12
KA:351
DF_END

Data arrived...
DF_BEGIN
IQ:0,0,11,173,51
IQ:1,8,11,28,-166
IQ:2,16,11,-165,-15
IQ:3,24,11,15,159
IQ:4,32,11,173,-13
IQ:5,40,11,-34,-158
IQ:6,48,11,-161,47
IQ:7,56,11,67,153
IQ:8,72,12,-128,-71
IQ:9,80,255,-85,89
IQ:10,88,1,50,-9
IQ:11,96,255,45,-83
IQ:12,104,2,50,-80
IQ:13,112,255,3,-3
IQ:14,120,10,151,-16
IQ:15,128,255,45,-200
IQ:16,136,3,-135,-216
IQ:17,144,255,-169,63
IQ:18,152,9,12,9
IQ:19,160,255,-94,-52
IQ:20,168,4,-300,122
IQ:21,176,255,30,290
IQ:22,184,8,139,103
IQ:23,192,255,34,-118
IQ:24,200,7,-234,39
IQ:25,208,255,8,186
IQ:26,216,6,111,-61
IQ:27,224,255,-42,-92
IQ:28,232,5,-8,93
IQ:29,240,255,116,6
IQ:30,248,12,-26,-144
IQ:31,256,255,-132,-31
IQ:32,264,1,41,37
IQ:33,272,255,93,-18
IQ:34,280,2,97,2
IQ:35,288,255,-5,-16
SW:2
RR:3
SS:3
FR:2402
ME:2
MA:5
KE:10
KA:354
DF_END

Data arrived...
DF_BEGIN
IQ:0,0,11,60,-182
IQ:1,8,11,-185,-42
IQ:2,16,11,-24,186
IQ:3,24,11,195,10
IQ:4,32,11,-11,-187
IQ:5,40,11,-188,27
IQ:6,48,11,47,175
IQ:7,56,11,174,-72
IQ:8,72,12,-86,104
IQ:9,80,255,93,84
IQ:10,88,1,35,-102
IQ:11,96,255,-106,-43
IQ:12,104,2,-18,83
IQ:13,112,255,75,-1
IQ:14,120,10,-76,-121
IQ:15,128,255,-164,34
IQ:16,136,3,-54,90
IQ:17,144,255,61,54
IQ:18,152,9,-2,-14
IQ:19,160,255,-35,49
IQ:20,168,4,47,96
IQ:21,176,255,114,-56
IQ:22,184,8,27,-99
IQ:23,192,255,-75,10
IQ:24,200,7,81,111
IQ:25,208,255,105,-79
IQ:26,216,6,-70,-67
IQ:27,224,255,-62,71
IQ:28,232,5,71,21
IQ:29,240,255,1,-91
IQ:30,248,12,-136,-9
IQ:31,256,255,-18,124
IQ:32,264,1,103,-18
IQ:33,272,255,-20,-106
IQ:34,280,2,-74,35
IQ:35,288,255,66,101
SW:2
RR:3
SS:3
FR:2480
ME:2
MA:353
KE:9
KA:354
DF_END

Data arrived...
DF_BEGIN
IQ:0,0,11,-144,127
IQ:1,8,11,143,119
IQ:2,16,11,114,-150
IQ:3,24,11,-163,-91
IQ:4,32,11,-93,177
IQ:5,40,11,168,79
IQ:6,48,11,36,-186
IQ:7,56,11,-187,-34
IQ:8,72,12,123,-48
IQ:9,80,255,-32,-125
IQ:10,88,1,-76,63
IQ:11,96,255,38,122
IQ:12,104,2,47,22
IQ:13,112,255,-21,-29
IQ:14,120,10,-24,129
IQ:15,128,255,169,118
IQ:16,136,3,243,-2
IQ:17,144,255,39,-170
IQ:18,152,9,-45,-2
IQ:19,160,255,73,10
IQ:20,168,4,105,-200
IQ:21,176,255,-185,-154
IQ:22,184,8,-161,6
IQ:23,192,255,45,72
IQ:24,200,7,86,-200
IQ:25,208,255,-167,-78
IQ:26,216,6,-17,138
IQ:27,224,255,104,2
IQ:28,232,5,-95,-88
IQ:29,240,255,-99,95
IQ:30,248,12,94,83
IQ:31,256,255,90,-86
IQ:32,264,1,-91,-25
IQ:33,272,255,-83,95
IQ:34,280,2,-12,50
IQ:35,288,255,0,-70
SW:2
RR:3
SS:3
FR:2426
ME:2
MA:5
KE:8
KA:356
DF_END

Data arrived...
DF_BEGIN
IQ:0,0,11,-107,130
IQ:1,8,11,132,93
IQ:2,16,11,64,-149
IQ:3,24,11,-161,-62
IQ:4,32,11,-46,152
IQ:5,40,11,161,23
IQ:6,48,11,19,-165
IQ:7,56,11,-159,2
IQ:8,72,12,105,-94
IQ:9,80,255,-44,-130
IQ:10,88,1,5,39
IQ:11,96,255,58,68
IQ:12,104,2,59,83
IQ:13,112,255,19,-3
IQ:14,120,10,-29,149
IQ:15,128,255,175,96
IQ:16,136,3,261,-51
IQ:17,144,255,10,-188
IQ:18,152,9,-9,2
IQ:19,160,255,78,-58
IQ:20,168,4,-11,-308
IQ:21,176,255,-273,-97
IQ:22,184,8,-156,65
IQ:23,192,255,84,75
IQ:24,200,7,55,-230
IQ:25,208,255,-178,-57
IQ:26,216,6,21,131
IQ:27,224,255,89,-16
IQ:28,232,5,-82,-33
IQ:29,240,255,-37,99
IQ:30,248,12,135,47
IQ:31,256,255,81,-100
IQ:32,264,1,-43,14
IQ:33,272,255,-25,84
IQ:34,280,2,-51,89
IQ:35,288,255,8,-6
SW:2
RR:3
SS:3
FR:2402
ME:5
MA:356
KE:7
KA:357
DF_END

Data arrived...
DF_BEGIN
IQ:0,0,11,143,83
IQ:1,8,11,65,-152
IQ:2,16,11,-163,-49
IQ:3,24,11,-25,159
IQ:4,32,11,163,16
IQ:5,40,11,6,-176
IQ:6,48,11,-168,-4
IQ:7,56,11,19,160
IQ:8,72,12,-97,-98
IQ:9,80,255,-125,65
IQ:10,88,1,36,-4
IQ:11,96,255,63,-67
IQ:12,104,2,74,-77
IQ:13,112,255,-8,-22
IQ:14,120,10,144,-8
IQ:15,128,255,81,-187
IQ:16,136,3,-87,-247
IQ:17,144,255,-188,11
IQ:18,152,9,8,23
IQ:19,160,255,-51,-79
IQ:20,168,4,-302,36
IQ:21,176,255,-58,279
IQ:22,184,8,110,148
IQ:23,192,255,60,-116
IQ:24,200,7,-242,-2
IQ:25,208,255,-37,188
IQ:26,216,6,132,-35
IQ:27,224,255,-22,-110
IQ:28,232,5,-25,86
IQ:29,240,255,96,25
IQ:30,248,12,21,-151
IQ:31,256,255,-117,-70
IQ:32,264,1,27,35
IQ:33,272,255,84,19
IQ:34,280,2,109,33
IQ:35,288,255,-11,-8
SW:2
RR:3
SS:3
FR:2402
ME:2
MA:5
KE:6
KA:358
DF_END

Data arrived...
DF_BEGIN
IQ:0,0,11,-142,47
IQ:1,8,11,47,136
IQ:2,16,11,125,-66
IQ:3,24,11,-70,-128
IQ:4,32,11,-109,84
IQ:5,40,11,93,100
IQ:6,48,11,88,-104
IQ:7,56,11,-114,-92
IQ:8,72,12,99,1
IQ:9,80,255,7,-89
IQ:10,88,1,-82,15
IQ:11,96,255,8,84
IQ:12,104,2,57,-20
IQ:13,112,255,-35,-60
IQ:14,120,10,-64,94
IQ:15,128,255,80,100
IQ:16,136,3,77,1
IQ:17,144,255,2,-59
IQ:18,152,9,1,8
IQ:19,160,255,46,0
IQ:20,168,4,41,-78
IQ:21,176,255,-80,-64
IQ:22,184,8,-74,25
IQ:23,192,255,41,39
IQ:24,200,7,32,-99
IQ:25,208,255,-91,-40
IQ:26,216,6,-17,75
IQ:27,224,255,67,11
IQ:28,232,5,-14,-56
IQ:29,240,255,-66,32
IQ:30,248,12,43,91
IQ:31,256,255,78,-36
IQ:32,264,1,-63,-54
IQ:33,272,255,-60,61
IQ:34,280,2,51,38
IQ:35,288,255,40,-89
SW:2
RR:3
SS:3
FR:2480
ME:2
MA:5
KE:5
KA:359
DF_END

Data arrived...
DF_BEGIN
IQ:0,0,11,120,-143
IQ:1,8,11,-155,-109
IQ:2,16,11,-62,168
IQ:3,24,11,192,33
IQ:4,32,11,45,-178
IQ:5,40,11,-193,-42
IQ:6,48,11,-26,167
IQ:7,56,11,200,-9
IQ:8,72,12,-133,70
IQ:9,80,255,42,121
IQ:10,88,1,66,-73
IQ:11,96,255,-85,-64
IQ:12,104,2,-63,68
IQ:13,112,255,73,18
IQ:14,120,10,-44,-153
IQ:15,128,255,-164,-22
IQ:16,136,3,-68,70
IQ:17,144,255,49,53
IQ:18,152,9,-7,-12
IQ:19,160,255,-59,41
IQ:20,168,4,17,117
IQ:21,176,255,136,1
IQ:22,184,8,62,-76
IQ:23,192,255,-60,-6
IQ:24,200,7,34,154
IQ:25,208,255,114,-31
IQ:26,216,6,-43,-106
IQ:27,224,255,-89,31
IQ:28,232,5,65,44
IQ:29,240,255,28,-87
IQ:30,248,12,-118,-66
IQ:31,256,255,-66,104
IQ:32,264,1,94,14
IQ:33,272,255,13,-113
IQ:34,280,2,-93,0
IQ:35,288,255,17,111
SW:2
RR:3
SS:3
FR:2480
ME:2
MA:353
KE:4
KA:359
DF_END

Data arrived...
DF_BEGIN
IQ:0,0,11,-143,117
IQ:1,8,11,129,121
IQ:2,16,11,105,-148
IQ:3,24,11,-165,-100
IQ:4,32,11,-73,171
IQ:5,40,11,175,59
IQ:6,48,11,41,-189
IQ:7,56,11,-185,-28
IQ:8,72,12,119,-48
IQ:9,80,255,-38,-122
IQ:10,88,1,-74,64
IQ:11,96,255,58,108
IQ:12,104,2,38,20
IQ:13,112,255,-32,-17
IQ:14,120,10,-26,134
IQ:15,128,255,170,92
IQ:16,136,3,234,-30
IQ:17,144,255,28,-181
IQ:18,152,9,-29,-12
IQ:19,160,255,82,2
IQ:20,168,4,105,-194
IQ:21,176,255,-177,-131
IQ:22,184,8,-151,27
IQ:23,192,255,50,69
IQ:24,200,7,51,-216
IQ:25,208,255,-168,-70
IQ:26,216,6,-22,129
IQ:27,224,255,103,-24
IQ:28,232,5,-97,-74
IQ:29,240,255,-93,103
IQ:30,248,12,106,68
IQ:31,256,255,76,-106
IQ:32,264,1,-95,-12
IQ:33,272,255,-62,112
IQ:34,280,2,7,44
IQ:35,288,255,-9,-68
SW:2
RR:3
SS:3
FR:2426
ME:5
MA:5
KE:4
KA:0
DF_END

Data arrived...
DF_BEGIN
IQ:0,0,11,147,-75
IQ:1,8,11,-84,-146
IQ:2,16,11,-119,97
IQ:3,24,11,113,120
IQ:4,32,11,97,-130
IQ:5,40,11,-144,-82
IQ:6,48,11,-79,139
IQ:7,56,11,136,53
IQ:8,72,12,-133,40
IQ:9,80,255,-2,130
IQ:10,88,1,12,-38
IQ:11,96,255,-24,-80
IQ:12,104,2,-8,-102
IQ:13,112,255,-13,-15
IQ:14,120,10,94,-108
IQ:15,128,255,-111,-170
IQ:16,136,3,-239,-77
IQ:17,144,255,-91,155
IQ:18,152,9,6,13
IQ:19,160,255,-87,15
IQ:20,168,4