IQ:33,272,255,-98,109
IQ:34,280,2,156,77
IQ:35,288,255,88,-174
SW:2
RR:3
SS:3
FR:2480
ME:359
MA:353
KE:0
KA:357
DF_END

Data arrived...
DF_BEGIN
IQ:0,0,11,186,-59
IQ:1,8,11,-73,-169
IQ:2,16,11,-160,98
IQ:3,24,11,97,150
IQ:4,32,11,126,-129
IQ:5,40,11,-144,-125
IQ:6,48,11,-106,148
IQ:7,56,11,169,86
IQ:8,72,12,-134,-23
IQ:9,80,255,-22,152
IQ:10,88,1,135,28
IQ:11,96,255,-6,-133
IQ:12,104,2,-141,67
IQ:13,112,255,95,155
IQ:14,120,10,201,-81
IQ:15,128,255,-70,-182
IQ:16,136,3,-119,54
IQ:17,144,255,64,69
IQ:18,152,9,8,-179
IQ:19,160,255,-210,-61
IQ:20,168,4,-80,134
IQ:21,176,255,136,72
IQ:22,184,8,17,-120
IQ:23,192,255,-137,-33
IQ:24,200,7,-3,93
IQ:25,208,255,128,-22
IQ:26,216,6,-4,-163
IQ:27,224,255,-160,38
IQ:28,232,5,51,183
IQ:29,240,255,175,-60
IQ:30,248,12,-53,-123
IQ:31,256,255,-132,65
IQ:32,264,1,58,121
IQ:33,272,255,103,-74
IQ:34,280,2,-132,-82
IQ:35,288,255,-96,161
SW:2
RR:3
SS:3
FR:2480
ME:359
MA:353
KE:0
KA:357
DF_END

Data arrived...
DF_BEGIN
IQ:0,0,11,-154,84
IQ:1,8,11,90,139
IQ:2,16,11,125,-110
IQ:3,24,11,-129,-111
IQ:4,32,11,-98,140
IQ:5,40,11,147,91
IQ:6,48,11,83,-148
IQ:7,56,11,-157,-59
IQ:8,72,12,119,-5
IQ:9,80,255,-32,-125
IQ:10,88,1,-144,59
IQ:11,96,255,53,148
IQ:12,104,2,144,-72
IQ:13,112,255,-86,-136
IQ:14,120,10,-136,94
IQ:15,128,255,85,127
IQ:16,136,3,76,-94
IQ:17,144,255,-121,-68
IQ:18,152,9,-78,124
IQ:19,160,255,122,89
IQ:20,168,4,62,-115
IQ:21,176,255,-135,-38
IQ:22,184,8,-1,131
IQ:23,192,255,142,-4
IQ:24,200,7,-5,-145
IQ:25,208,255,-154,19
IQ:26,216,6,17,139
IQ:27,224,255,137,-36
IQ:28,232,5,-44,-129
IQ:29,240,255,-122,63
IQ:30,248,12,80,104
IQ:31,256,255,87,-93
IQ:32,264,1,-124,-89
IQ:33,272,255,-82,133
IQ:34,280,2,137,87
IQ:35,288,255,76,-147
SW:2
RR:3
SS:3
FR:2426
ME:359
MA:353
KE:359
KA:356
DF_END

Data arrived...
DF_BEGIN
IQ:0,0,11,-87,-161
IQ:1,8,11,-150,92
IQ:2,16,11,106,137
IQ:3,24,11,122,-123
IQ:4,32,11,-139,-115
IQ:5,40,11,-100,142
IQ:6,48,11,151,100
IQ:7,56,11,74,-158
IQ:8,72,12,41,53
IQ:9,80,255,65,-90
IQ:10,88,1,-150,-147
IQ:11,96,255,-169,151
IQ:12,104,2,124,200
IQ:13,112,255,189,-144
IQ:14,120,10,-158,-186
IQ:15,128,255,-144,85
IQ:16,136,3,181,-83
IQ:17,144,255,-35,-234
IQ:18,152,9,-210,-31
IQ:19,160,255,-70,185
IQ:20,168,4,79,1
IQ:21,176,255,1,-126
IQ:22,184,8,-95,9
IQ:23,192,255,58,121
IQ:24,200,7,195,-65
IQ:25,208,255,-51,-190
IQ:26,216,6,-158,43
IQ:27,224,255,1,176
IQ:28,232,5,87,48
IQ:29,240,255,0,-57
IQ:30,248,12,-22,70
IQ:31,256,255,116,12
IQ:32,264,1,34,-202
IQ:33,272,255,-215,-60
IQ:34,280,2,-112,220
IQ:35,288,255,214,126
SW:2
RR:3
SS:3
FR:2402
ME:2
MA:359
KE:0
KA:357
DF_END

Data arrived...
DF_BEGIN
IQ:0,0,11,-163,86
IQ:1,8,11,92,166
IQ:2,16,11,147,-117
IQ:3,24,11,-143,-132
IQ:4,32,11,-113,143
IQ:5,40,11,160,102
IQ:6,48,11,91,-168
IQ:7,56,11,-175,-78
IQ:8,72,12,141,-1
IQ:9,80,255,-13,-162
IQ:10,88,1,-152,5
IQ:11,96,255,33,138
IQ:12,104,2,126,-100
IQ:13,112,255,-114,-146
IQ:14,120,10,-191,104
IQ:15,128,255,98,165
IQ:16,136,3,116,-91
IQ:17,144,255,-83,-62
IQ:18,152,9,37,182
IQ:19,160,255,217,-2
IQ:20,168,4,80,-155
IQ:21,176,255,-154,-57
IQ:22,184,8,-14,124
IQ:23,192,255,138,-11
IQ:24,200,7,-15,-106
IQ:25,208,255,-120,39
IQ:26,216,6,45,163
IQ:27,224,255,159,-72
IQ:28,232,5,-77,-185
IQ:29,240,255,-175,75
IQ:30,248,12,76,118
IQ:31,256,255,110,-112
IQ:32,264,1,-104,-128
IQ:33,272,255,-90,107
IQ:34,280,2,147,57
IQ:35,288,255,58,-168
SW:2
RR:3
SS:3
FR:2480
ME:359
MA:353
KE:0
KA:356
DF_END

Data arrived...
DF_BEGIN
IQ:0,0,11,-104,119
IQ:1,8,11,123,92
IQ:2,16,11,72,-138
IQ:3,24,11,-146,-59
IQ:4,32,11,-56,153
IQ:5,40,11,149,43
IQ:6,48,11,9,-153
IQ:7,56,11,-160,4
IQ:8,72,12,118,-51
IQ:9,80,255,-68,-109
IQ:10,88,1,-110,90
IQ:11,96,255,100,107
IQ:12,104,2,105,-111
IQ:13,112,255,-117,-98
IQ:14,120,10,-103,112
IQ:15,128,255,107,80
IQ:16,136,3,28,-111
IQ:17,144,255,-130,-21
IQ:18,152,9,-26,136
IQ:19,160,255,140,17
IQ:20,168,4,15,-126
IQ:21,176,255,-131,4
IQ:22,184,8,32,129
IQ:23,192,255,136,-42
IQ:24,200,7,-60,-125
IQ:25,208,255,-130,62
IQ:26,216,6,57,123
IQ:27,224,255,114,-79
IQ:28,232,5,-78,-107
IQ:29,240,255,-95,91
IQ:30,248,12,102,72
IQ:31,256,255,54,-113
IQ:32,264,1,-150,-39
IQ:33,272,255,-34,138
IQ:34,280,2,150,22
IQ:35,288,255,22,-162
SW:2
RR:3
SS:3
FR:2426
ME:2
MA:353
KE:0
KA:356
DF_END

Data arrived...
DF_BEGIN
IQ:0,0,11,-145,72
IQ:1,8,11,88,135
IQ:2,16,11,138,-100
IQ:3,24,11,-108,-136
IQ:4,32,11,-108,118
IQ:5,40,11,140,90
IQ:6,48,11,95,-137
IQ:7,56,11,-150,-67
IQ:8,72,12,78,-10
IQ:9,80,255,-39,-81
IQ:10,88,1,-94,121
IQ:11,96,255,139,128
IQ:12,104,2,170,-112
IQ:13,112,255,-108,-158
IQ:14,120,10,-169,124
IQ:15,128,255,67,144
IQ:16,136,3,-62,-110
IQ:17,144,255,-173,25
IQ:18,152,9,-48,177
IQ:19,160,255,151,55
IQ:20,168,4,28,-81
IQ:21,176,255,-103,-13
IQ:22,184,8,-13,93
IQ:23,192,255,105,-25
IQ:24,200,7,-46,-181
IQ:25,208,255,-170,28
IQ:26,216,6,28,148
IQ:27,224,255,159,-19
IQ:28,232,5,47,-102
IQ:29,240,255,-78,3
IQ:30,248,12,55,48
IQ:31,256,255,26,-86
IQ:32,264,1,-165,-39
IQ:33,272,255,-63,171
IQ:34,280,2,169,96
IQ:35,288,255,92,-177
SW:2
RR:3
SS:3
FR:2402
ME:2
MA:353
KE:0
KA:355
DF_END

Data arrived...
DF_BEGIN
IQ:0,0,11,-124,64
IQ:1,8,11,117,115
IQ:2,16,11,74,-136
IQ:3,24,11,-154,-99
IQ:4,32,11,-90,107
IQ:5,40,11,153,24
IQ:6,48,11,41,-150
IQ:7,56,11,-193,-19
IQ:8,72,12,109,-33
IQ:9,80,255,-46,-123
IQ:10,88,1,-129,86
IQ:11,96,255,81,128
IQ:12,104,2,147,-116
IQ:13,112,255,-126,-86
IQ:14,120,10,-101,72
IQ:15,128,255,109,98
IQ:16,136,3,48,-94
IQ:17,144,255,-152,-31
IQ:18,152,9,-48,113
IQ:19,160,255,144,15
IQ:20,168,4,18,-128
IQ:21,176,255,-134,3
IQ:22,184,8,21,126
IQ:23,192,255,118,-41
IQ:24,200,7,-44,-141
IQ:25,208,255,-140,24
IQ:26,216,6,31,112
IQ:27,224,255,118,-50
IQ:28,232,5,-64,-124
IQ:29,240,255,-116,67
IQ:30,248,12,92,77
IQ:31,256,255,68,-95
IQ:32,264,1,-164,-69
IQ:33,272,255,-72,152
IQ:34,280,2,156,79
IQ:35,288,255,58,-191
SW:2
RR:3
SS:3
FR:2426
ME:2
MA:5
KE:0
KA:356
DF_END

Data arrived...
DF_BEGIN
IQ:0,0,11,-44,-138
IQ:1,8,11,-134,69
IQ:2,16,11,81,125
IQ:3,24,11,131,-82
IQ:4,32,11,-103,-113
IQ:5,40,11,-107,113
IQ:6,48,11,115,95
IQ:7,56,11,73,-122
IQ:8,72,12,14,61
IQ:9,80,255,64,-50
IQ:10,88,1,-118,-108
IQ:11,96,255,-140,124
IQ:12,104,2,72,162
IQ:13,112,255,152,-100
IQ:14,120,10,-105,-166
IQ:15,128,255,-128,44
IQ:16,136,3,115,-57
IQ:17,144,255,-14,-166
IQ:18,152,9,-160,-56
IQ:19,160,255,-67,142
IQ:20,168,4,60,34
IQ:21,176,255,10,-89
IQ:22,184,8,-69,-3
IQ:23,192,255,22,101
IQ:24,200,7,164,-22
IQ:25,208,255,-17,-157
IQ:26,216,6,-142,15
IQ:27,224,255,-4,156
IQ:28,232,5,82,64
IQ:29,240,255,18,-57
IQ:30,248,12,-50,39
IQ:31,256,255,74,30
IQ:32,264,1,28,-157
IQ:33,272,255,-168,-52
IQ:34,280,2,-91,165
IQ:35,288,255,157,102
SW:2
RR:3
SS:3
FR:2402
ME:2
MA:356
KE:0
KA:356
DF_END

Data arrived...
DF_BEGIN
IQ:0,0,11,172,31
IQ:1,8,11,24,-187
IQ:2,16,11,-175,-6
IQ:3,24,11,31,179
IQ:4,32,11,180,-42
IQ:5,40,11,-54,-174
IQ:6,48,11,-162,73
IQ:7,56,11,95,158
IQ:8,72,12,-108,-89
IQ:9,80,255,-75,129
IQ:10,88,1,116,92
IQ:11,96,255,57,-137
IQ:12,104,2,-177,-15
IQ:13,112,255,-9,179
IQ:14,120,10,205,23
IQ:15,128,255,27,-192
IQ:16,136,3,-150,10
IQ:17,144,255,49,92
IQ:18,152,9,74,-184
IQ:19,160,255,-177,-140
IQ:20,168,4,-158,62
IQ:21,176,255,75,141
IQ:22,184,8,78,-90
IQ:23,192,255,-116,-80
IQ:24,200,7,-42,81
IQ:25,208,255,130,22
IQ:26,216,6,70,-159
IQ:27,224,255,-166,-46
IQ:28,232,5,-54,191
IQ:29,240,255,194,56
IQ:30,248,12,8,-124
IQ:31,256,255,-146,17
IQ:32,264,1,12,146
IQ:33,272,255,144,-32
IQ:34,280,2,-77,-139
IQ:35,288,255,-159,90
SW:2
RR:3
SS:3
FR:2480
ME:359
MA:353
KE:0
KA:356
DF_END

Data arrived...
DF_BEGIN
IQ:0,0,11,-36,-157
IQ:1,8,11,-156,44
IQ:2,16,11,51,150
IQ:3,24,11,141,-72
IQ:4,32,11,-81,-131
IQ:5,40,11,-120,99
IQ:6,48,11,110,110
IQ:7,56,11,99,-131
IQ:8,72,12,-40,110
IQ:9,80,255,126,13
IQ:10,88,1,-1,-151
IQ:11,96,255,-156,5
IQ:12,104,2,17,145
IQ:13,112,255,148,-40
IQ:14,120,10,-38,-155
IQ:15,128,255,-137,29
IQ:16,136,3,64,89
IQ:17,144,255,98,-88
IQ:18,152,9,-91,-111
IQ:19,160,255,-110,89
IQ:20,168,4,89,86
IQ:21,176,255,77,-101
IQ:22,184,8,-121,-65
IQ:23,192,255,-54,123
IQ:24,200,7,132,18
IQ:25,208,255,19,-149
IQ:26,216,6,-134,-26
IQ:27,224,255,-9,139
IQ:28,232,5,132,7
IQ:29,240,255,-10,-120
IQ:30,248,12,-117,26
IQ:31,256,255,60,107
IQ:32,264,1,130,-83
IQ:33,272,255,-97,-115
IQ:34,280,2,-120,104
IQ:35,288,255,110,115
SW:2
RR:3
SS:3
FR:2426
ME:359
MA:5
KE:0
KA:356
DF_END

Data arrived...
DF_BEGIN
IQ:0,0,11,-75,-132
IQ:1,8,11,-122,116
IQ:2,16,11,122,115
IQ:3,24,11,106,-122
IQ:4,32,11,-218,-125
IQ:5,40,11,-46,151
IQ:6,48,11,153,43
IQ:7,56,11,31,-148
IQ:8,72,12,27,126
IQ:9,80,255,134,-29
IQ:10,88,1,-64,-146
IQ:11,96,255,-117,-31
IQ:12,104,2,66,143
IQ:13,112,255,107,-108
IQ:14,120,10,-97,-132
IQ:15,128,255,-127,90
IQ:16,136,3,105,57
IQ:17,144,255,69,-136
IQ:18,152,9,-137,-67
IQ:19,160,255,-20,78
IQ:20,168,4,119,46
IQ:21,176,255,32,-119
IQ:22,184,8,-135,10
IQ:23,192,255,4,97
IQ:24,200,7,124,-41
IQ:25,208,255,-38,-144
IQ:26,216,6,-147,37
IQ:27,224,255,-5,203
IQ:28,232,5,117,-61
IQ:29,240,255,-73,-100
IQ:30,248,12,-101,77
IQ:31,256,255,123,90
IQ:32,264,1,72,-140
IQ:33,272,255,-121,-85
IQ:34,280,2,-56,146
IQ:35,288,255,97,54
SW:2
RR:3
SS:3
FR:2426
ME:2
MA:5
KE:0
KA:357
DF_END

Data arrived...
DF_BEGIN
IQ:0,0,11,-83,145
IQ:1,8,11,148,57
IQ:2,16,11,33,-155
IQ:3,24,11,-164,-18
IQ:4,32,11,-11,160
IQ:5,40,11,164,-10
IQ:6,48,11,-24,-154
IQ:7,56,11,-153,50
IQ:8,72,12,19,-45
IQ:9,80,255,-80,2
IQ:10,88,1,2,184
IQ:11,96,255,201,7
IQ:12,104,2,45,-219
IQ:13,112,255,-203,-40
IQ:14,120,10,-36,225
IQ:15,128,255,138,54
IQ:16,136,3,-171,-37
IQ:17,144,255,-107,178
IQ:18,152,9,110,151
IQ:19,160,255,159,-80
IQ:20,168,4,-24,-60
IQ:21,176,255,-60,66
IQ:22,184,8,67,42
IQ:23,192,255,34,-116
IQ:24,200,7,-147,-101
IQ:25,208,255,-92,140
IQ:26,216,6,111,83
IQ:27,224,255,113,-115
IQ:28,232,5,-23,-111
IQ:29,240,255,-74,43
IQ:30,248,12,56,-5
IQ:31,256,255,-57,-68
IQ:32,264,1,-140,132
IQ:33,272,255,103,182
IQ:34,280,2,208,-65
IQ:35,288,255,-55,-213
SW:2
RR:3
SS:3
FR:2402
ME:2
MA:5
KE:0
KA:358
DF_END

Data arrived...
DF_BEGIN
IQ:0,0,11,-153,-133
IQ:1,8,11,-128,170
IQ:2,16,11,186,111
IQ:3,24,11,80,-188
IQ:4,32,11,-208,-53
IQ:5,40,11,-61,207
IQ:6,48,11,204,40
IQ:7,56,11,-5,-213
IQ:8,72,12,60,157
IQ:9,80,255,172,-74
IQ:10,88,1,-45,-177
IQ:11,96,255,-127,91
IQ:12,104,2,185,83
IQ:13,112,255,104,-194
IQ:14,120,10,-187,-165
IQ:15,128,255,-143,169
IQ:16,136,3,148,87
IQ:17,144,255,30,-111
IQ:18,152,9,-155,129
IQ:19,160,255,91,238
IQ:20,168,4,209,32
IQ:21,176,255,-12,-185
IQ:22,184,8,-121,37
IQ:23,192,255,61,145
IQ:24,200,7,108,-39
IQ:25,208,255,-94,-93
IQ:26,216,6,-154,127
IQ:27,224,255,142,148
IQ:28,232,5,153,-181
IQ:29,240,255,-177,-154
IQ:30,248,12,-101,136
IQ:31,256,255,155,102
IQ:32,264,1,104,-146
IQ:33,272,255,-148,-45
IQ:34,280,2,9,201
IQ:35,288,255,224,-1
SW:2
RR:3
SS:3
FR:2480
ME:359
MA:353
KE:0
KA:357
DF_END

Data arrived...
DF_BEGIN
IQ:0,0,11,-153,-59
IQ:1,8,11,-34,154
IQ:2,16,11,156,24
IQ:3,24,11,12,-170
IQ:4,32,11,-158,6
IQ:5,40,11,31,153
IQ:6,48,11,150,-39
IQ:7,56,11,-69,-145
IQ:8,72,12,86,79
IQ:9,80,255,76,-109
IQ:10,88,1,-124,-78
IQ:11,96,255,-60,133
IQ:12,104,2,131,58
IQ:13,112,255,47,-147
IQ:14,120,10,-152,-40
IQ:15,128,255,-41,130
IQ:16,136,3,116,-8
IQ:17,144,255,-41,-124
IQ:18,152,9,-138,39
IQ:19,160,255,27,132
IQ:20,168,4,114,-48
IQ:21,176,255,-66,-114
IQ:22,184,8,-112,76
IQ:23,192,255,95,95
IQ:24,200,7,80,-117
IQ:25,208,255,-123,-85
IQ:26,216,6,-90,103
IQ:27,224,255,113,69
IQ:28,232,5,63,-109
IQ:29,240,255,-117,-51
IQ:30,248,12,-18,123
IQ:31,256,255,127,2
IQ:32,264,1,-11,-152
IQ:33,272,255,-144,14
IQ:34,280,2,17,150
IQ:35,288,255,157,-41
SW:2
RR:3
SS:3
FR:2426
ME:359
MA:353
KE:0
KA:357
DF_END

Data arrived...
DF_BEGIN
IQ:0,0,11,-148,118
IQ:1,8,11,130,141
IQ:2,16,11,130,-140
IQ:3,24,11,-150,-108
IQ:4,32,11,-85,161
IQ:5,40,11,177,69
IQ:6,48,11,61,-192
IQ:7,56,11,-181,-47
IQ:8,72,12,79,-35
IQ:9,80,255,-83,-50
IQ:10,88,1,-87,185
IQ:11,96,255,198,106
IQ:12,104,2,157,-176
IQ:13,112,255,-180,-144
IQ:14,120,10,-151,200
IQ:15,128,255,115,130
IQ:16,136,3,-123,-132
IQ:17,144,255,-196,85
IQ:18,152,9,19,203
IQ:19,160,255,202,25
IQ:20,168,4,28,-82
IQ:21,176,255,-102,13
IQ:22,184,8,38,100
IQ:23,192,255,105,-79
IQ:24,200,7,-89,-184
IQ:25,208,255,-168,85
IQ:26,216,6,77,149
IQ:27,224,255,171,-52
IQ:28,232,5,28,-110
IQ:29,240,255,-70,3
IQ:30,248,12,70,52
IQ:31,256,255,15,-101
IQ:32,264,1,-194,29
IQ:33,272,255,12,221
IQ:34,280,2,225,35
IQ:35,288,255,66,-254
SW:2
RR:3
SS:3
FR:2402
ME:2
MA:5
KE:0
KA:358
DF_END

Data arrived...
DF_BEGIN
IQ:0,0,11,-14,-156
IQ:1,8,11,-156,19
IQ:2,16,11,16,150
IQ:3,24,11,154,-31
IQ:4,32,11,-61,-148
IQ:5,40,11,-144,67
IQ:6,48,11,75,126
IQ:7,56,11,125,-87
IQ:8,72,12,-21,68
IQ:9,80,255,77,-23
IQ:10,88,1,-79,-143
IQ:11,96,255,-166,62
IQ:12,104,2,30,184
IQ:13,112,255,184,-31
IQ:14,120,10,-31,-193
IQ:15,128,255,-146,2
IQ:16,136,3,134,-7
IQ:17,144,255,32,-170
IQ:18,152,9,-132,-106
IQ:19,160,255,-120,107
IQ:20,168,4,47,57
IQ:21,176,255,54,-83
IQ:22,184,8,-69,-33
IQ:23,192,255,-8,103
IQ:24,200,7,158,29
IQ:25,208,255,54,-154
IQ:26,216,6,-130,-36
IQ:27,224,255,-42,141
IQ:28,232,5,55,62
IQ:29,240,255,26,-49
IQ:30,248,12,-68,24
IQ:31,256,255,63,48
IQ:32,264,1,83,-141
IQ:33,272,255,-137,-116
IQ:34,280,2,-130,130
IQ:35,288,255,131,156
SW:2
RR:3
SS:3
FR:2402
ME:2
MA:353
KE:0
KA:357
DF_END

Data arrived...
DF_BEGIN
IQ:0,0,11,216,-35
IQ:1,8,11,-52,-219
IQ:2,16,11,-202,83
IQ:3,24,11,103,190
IQ:4,32,11,185,-128
IQ:5,40,11,-132,-168
IQ:6,48,11,-155,153
IQ:7,56,11,164,146
IQ:8,72,12,-156,-43
IQ:9,80,255,-42,191
IQ:10,88,1,167,58
IQ:11,96,255,-5,-170
IQ:12,104,2,-194,69
IQ:13,112,255,94,208
IQ:14,120,10,247,-65
IQ:15,128,255,-76,-216
IQ:16,136,3,-154,85
IQ:17,144,255,86,98
IQ:18,152,9,27,-223
IQ:19,160,255,-257,-55
IQ:20,168,4,-126,180
IQ:21,176,255,178,99
IQ:22,184,8,43,-148
IQ:23,192,255,-164,-55
IQ:24,200,7,-36,104
IQ:25,208,255,149,-12
IQ:26,216,6,6,-197
IQ:27,224,255,-208,40
IQ:28,232,5,43,252
IQ:29,240,255,235,-41
IQ:30,248,12,-54,-159
IQ:31,256,255,-175,74
IQ:32,264,1,63,176
IQ:33,272,255,130,-92
IQ:34,280,2,-173,-108
IQ:35,288,255,-136,193
SW:2
RR:3
SS:3
FR:2480
ME:359
MA:353
KE:0
KA:357
DF_END

Data arrived...
DF_BEGIN
IQ:0,0,11,-123,95
IQ:1,8,11,110,110
IQ:2,16,11,104,-119
IQ:3,24,11,-130,-85
IQ:4,32,11,-83,129
IQ:5,40,11,138,64
IQ:6,48,11,53,-146
IQ:7,56,11,-147,-31
IQ:8,72,12,116,-31
IQ:9,80,255,-43,-115
IQ:10,88,1,-125,57
IQ:11,96,255,77,125
IQ:12,104,2,124,-89
IQ:13,112,255,-92,-120
IQ:14,120,10,-120,86
IQ:15,128,255,80,105
IQ:16,136,3,55,-96
IQ:17,144,255,-120,-62
IQ:18,152,9,-53,119
IQ:19,160,255,123,51
IQ:20,168,4,31,-114
IQ:21,176,255,-117,-21
IQ:22,184,8,-4,136
IQ:23,192,255,137,-16
IQ:24,200,7,-41,-125
IQ:25,208,255,-133,51
IQ:26,216,6,36,128
IQ:27,224,255,115,-57
IQ:28,232,5,-56,-119
IQ:29,240,255,-108,56
IQ:30,248,12,79,92
IQ:31,256,255,76,-95
IQ:32,264,1,-132,-71
IQ:33,272,255,-69,125
IQ:34,280,2,137,63
IQ:35,288,255,60,-153
SW:2
RR:3
SS:3
FR:2426
ME:359
MA:5
KE:0
KA:358
DF_END

Data arrived...
DF_BEGIN
IQ:0,0,11,-178,7
IQ:1,8,11,21,182
IQ:2,16,11,175,-13
IQ:3,24,11,-44,-174
IQ:4,32,11,-170,57
IQ:5,40,11,72,159
IQ:6,48,11,153,-76
IQ:7,56,11,-97,-151
IQ:8,72,12,89,4
IQ:9,80,255,-39,-113
IQ:10,88,1,-205,77
IQ:11,96,255,61,232
IQ:12,104,2,235,-4
IQ:13,112,255,-30,-232
IQ:14,120,10,-250,16
IQ:15,128,255,-3,156
IQ:16,136,3,10,-192
IQ:17,144,255,-220,-78
IQ:18,152,9,-141,164
IQ:19,160,255,129,152
IQ:20,168,4,53,-61
IQ:21,176,255,-97,-53
IQ:22,184,8,-41,102
IQ:23,192,255,127,8
IQ:24,200,7,24,-213
IQ:25,208,255,-196,-44
IQ:26,216,6,-36,164
IQ:27,224,255,164,72
IQ:28,232,5,71,-55
IQ:29,240,255,-62,-21
IQ:30,248,12,56,74
IQ:31,256,255,80,-91
IQ:32,264,1,-171,-119
IQ:33,272,255,-148,184
IQ:34,280,2,147,177
IQ:35,288,255,197,-136
SW:2
RR:3
SS:3
FR:2402
ME:2
MA:353
KE:0
KA:357
DF_END

Data arrived...
DF_BEGIN
IQ:0,0,11,93,-160
IQ:1,8,11,-176,-70
IQ:2,16,11,-66,170
IQ:3,24,11,177,37
IQ:4,32,11,5,-189
IQ:5,40,11,-183,-4
IQ:6,48,11,19,173
IQ:7,56,11,193,-37
IQ:8,72,12,-119,71
IQ:9,80,255,110,131
IQ:10,88,1,133,-92
IQ:11,96,255,-101,-91
IQ:12,104,2,-52,167
IQ:13,112,255,177,65
IQ:14,120,10,89,-191
IQ:15,128,255,-177,-73
IQ:16,136,3,-18,135
IQ:17,144,255,111,-9
IQ:18,152,9,-122,-134
IQ:19,160,255,-184,119
IQ:20,168,4,45,174
IQ:21,176,255,172,-45
IQ:22,184,8,-54,-108
IQ:23,192,255,-117,77
IQ:24,200,7,53,80
IQ:25,208,255,73,-100
IQ:26,216,6,-126,-114
IQ:27,224,255,-101,136
IQ:28,232,5,178,85
IQ:29,240,255,84,-185
IQ:30,248,12,-124,-54
IQ:31,256,255,-29,149
IQ:32,264,1,152,45
IQ:33,272,255,7,-143
IQ:34,280,2,-163,43
IQ:35,288,255,61,194
SW:2
RR:3
SS:3
FR:2480
ME:359
MA:353
KE:0
KA:357
DF_END

Data arrived...
DF_BEGIN
IQ:0,0,11,54,147
IQ:1,8,11,138,-59
IQ:2,16,11,-69,-131
IQ:3,24,11,-116,97
IQ:4,32,11,103,113
IQ:5,40,11,102,-124
IQ:6,48,11,-127,-92
IQ:7,56,11,-76,140
IQ:8,72,12,18,-118
IQ:9,80,255,-106,15
IQ:10,88,1,26,145
IQ:11,96,255,137,-48
IQ:12,104,2,-47,-158
IQ:13,112,255,-152,49
IQ:14,120,10,49,137
IQ:15,128,255,126,-51
IQ:16,136,3,-78,-68
IQ:17,144,255,-74,99
IQ:18,152,9,94,85
IQ:19,160,255,70,-115
IQ:20,168,4,-75,-83
IQ:21,176,255,-68,121
IQ:22,184,8,136,56
IQ:23,192,255,31,-123
IQ:24,200,7,-173,-5
IQ:25,208,255,10,170
IQ:26,216,6,139,-25
IQ:27,224,255,-20,-136
IQ:28,232,5,-141,51
IQ:29,240,255,21,148
IQ:30,248,12,107,-52
IQ:31,256,255,-71,-98
IQ:32,264,1,-127,123
IQ:33,272,255,103,93
IQ:34,280,2,142,-98
IQ:35,288,255,-145,-115
S