IQ:26,216,6,30,153
IQ:27,224,255,153,-36
IQ:28,232,5,-41,-142
IQ:29,240,255,-126,63
IQ:30,248,12,95,96
IQ:31,256,255,89,-113
IQ:32,264,1,-134,-86
IQ:33,272,255,-88,142
IQ:34,280,2,141,86
IQ:35,288,255,71,-164
SW:2
RR:3
SS:3
FR:2426
ME:2
MA:5
KE:0
KA:356
DF_END

Data arrived...
DF_BEGIN
IQ:0,0,11,156,76
IQ:1,8,11,59,-164
IQ:2,16,11,-173,-51
IQ:3,24,11,-34,167
IQ:4,32,11,173,9
IQ:5,40,11,-15,-184
IQ:6,48,11,-174,3
IQ:7,56,11,24,171
IQ:8,72,12,-53,-61
IQ:9,80,255,-13,93
IQ:10,88,1,199,27
IQ:11,96,255,38,-226
IQ:12,104,2,-245,-88
IQ:13,112,255,-69,231
IQ:14,120,10,213,59
IQ:15,128,255,64,-148
IQ:16,136,3,-26,140
IQ:17,144,255,163,123
IQ:18,152,9,177,-91
IQ:19,160,255,-53,-179
IQ:20,168,4,-59,32
IQ:21,176,255,68,86
IQ:22,184,8,75,-45
IQ:23,192,255,-97,-66
IQ:24,200,7,-130,167
IQ:25,208,255,157,118
IQ:26,216,6,91,-135
IQ:27,224,255,-148,-119
IQ:28,232,5,-110,35
IQ:29,240,255,55,59
IQ:30,248,12,18,-74
IQ:31,256,255,-86,29
IQ:32,264,1,92,175
IQ:33,272,255,202,-85
IQ:34,280,2,-72,-246
IQ:35,288,255,-255,58
SW:2
RR:3
SS:3
FR:2402
ME:2
MA:353
KE:0
KA:356
DF_END

Data arrived...
DF_BEGIN
IQ:0,0,11,148,76
IQ:1,8,11,59,-165
IQ:2,16,11,-165,-42
IQ:3,24,11,-26,167
IQ:4,32,11,170,17
IQ:5,40,11,-7,-173
IQ:6,48,11,-174,19
IQ:7,56,11,29,158
IQ:8,72,12,-53,-58
IQ:9,80,255,-8,97
IQ:10,88,1,199,12
IQ:11,96,255,-6,-233
IQ:12,104,2,-254,-79
IQ:13,112,255,-73,235
IQ:14,120,10,226,63
IQ:15,128,255,84,-141
IQ:16,136,3,-58,148
IQ:17,144,255,158,121
IQ:18,152,9,170,-88
IQ:19,160,255,-79,-172
IQ:20,168,4,-64,34
IQ:21,176,255,76,75
IQ:22,184,8,68,-53
IQ:23,192,255,-107,-67
IQ:24,200,7,-116,171
IQ:25,208,255,161,129
IQ:26,216,6,102,-130
IQ:27,224,255,-127,-127
IQ:28,232,5,-107,27
IQ:29,240,255,47,65
IQ:30,248,12,22,-70
IQ:31,256,255,-88,35
IQ:32,264,1,95,178
IQ:33,272,255,200,-100
IQ:34,280,2,-89,-239
IQ:35,288,255,-251,62
SW:2
RR:3
SS:3
FR:2402
ME:2
MA:353
KE:0
KA:356
DF_END

Data arrived...
DF_BEGIN
IQ:0,0,11,75,143
IQ:1,8,11,137,-84
IQ:2,16,11,-107,-125
IQ:3,24,11,-121,117
IQ:4,32,11,125,97
IQ:5,40,11,79,-137
IQ:6,48,11,-149,-71
IQ:7,56,11,-62,149
IQ:8,72,12,-2,-126
IQ:9,80,255,-138,24
IQ:10,88,1,6,145
IQ:11,96,255,118,-25
IQ:12,104,2,-90,-113
IQ:13,112,255,-120,105
IQ:14,120,10,97,143
IQ:15,128,255,125,-93
IQ:16,136,3,-89,-75
IQ:17,144,255,-40,88
IQ:18,152,9,160,-20
IQ:19,160,255,1,-186
IQ:20,168,4,-143,-43
IQ:21,176,255,-39,149
IQ:22,184,8,106,21
IQ:23,192,255,-2,-115
IQ:24,200,7,-115,17
IQ:25,208,255,37,117
IQ:26,216,6,138,-41
IQ:27,224,255,-63,-137
IQ:28,232,5,-147,72
IQ:29,240,255,86,137
IQ:30,248,12,107,-69
IQ:31,256,255,-83,-109
IQ:32,264,1,-121,85
IQ:33,272,255,99,84
IQ:34,280,2,47,-131
IQ:35,288,255,-162,-51
SW:2
RR:3
SS:3
FR:2480
ME:359
MA:353
KE:0
KA:355
DF_END

Data arrived...
DF_BEGIN
IQ:0,0,11,-148,-101
IQ:1,8,11,-79,159
IQ:2,16,11,164,73
IQ:3,24,11,58,-170
IQ:4,32,11,-173,-46
IQ:5,40,11,-32,174
IQ:6,48,11,182,1
IQ:7,56,11,-9,-178
IQ:8,72,12,72,117
IQ:9,80,255,113,-94
IQ:10,88,1,-101,-128
IQ:11,96,255,-118,111
IQ:12,104,2,125,106
IQ:13,112,255,93,-139
IQ:14,120,10,-150,-98
IQ:15,128,255,-87,134
IQ:16,136,3,130,33
IQ:17,144,255,18,-144
IQ:18,152,9,-156,-11
IQ:19,160,255,-18,157
IQ:20,168,4,143,2
IQ:21,176,255,-26,-145
IQ:22,184,8,-149,42
IQ:23,192,255,51,140
IQ:24,200,7,142,-65
IQ:25,208,255,-84,-130
IQ:26,216,6,-123,84
IQ:27,224,255,93,124
IQ:28,232,5,118,-98
IQ:29,240,255,-96,-101
IQ:30,248,12,-56,118
IQ:31,256,255,142,39
IQ:32,264,1,31,-155
IQ:33,272,255,-163,-27
IQ:34,280,2,-40,165
IQ:35,288,255,173,18
SW:2
RR:3
SS:3
FR:2426
ME:359
MA:5
KE:0
KA:356
DF_END

Data arrived...
DF_BEGIN
IQ:0,0,11,-115,-125
IQ:1,8,11,-97,125
IQ:2,16,11,143,87
IQ:3,24,11,66,-145
IQ:4,32,11,-154,-51
IQ:5,40,11,-56,162
IQ:6,48,11,157,31
IQ:7,56,11,13,-158
IQ:8,72,12,33,60
IQ:9,80,255,34,-90
IQ:10,88,1,-181,-56
IQ:11,96,255,-89,200
IQ:12,104,2,195,130
IQ:13,112,255,118,-204
IQ:14,120,10,-193,-123
IQ:15,128,255,-95,120
IQ:16,136,3,85,-133
IQ:17,144,255,-128,-159
IQ:18,152,9,-185,44
IQ:19,160,255,14,171
IQ:20,168,4,61,-25
IQ:21,176,255,-50,-88
IQ:22,184,8,-72,44
IQ:23,192,255,84,77
IQ:24,200,7,145,-124
IQ:25,208,255,-124,-150
IQ:26,216,6,-124,96
IQ:27,224,255,79,144
IQ:28,232,5,106,9
IQ:29,240,255,-24,-70
IQ:30,248,12,-35,60
IQ:31,256,255,80,-17
IQ:32,264,1,-42,-192
IQ:33,272,255,-212,42
IQ:34,280,2,3,245
IQ:35,288,255,235,34
SW:2
RR:3
SS:3
FR:2402
ME:2
MA:353
KE:0
KA:356
DF_END

Data arrived...
DF_BEGIN
IQ:0,0,11,-128,112
IQ:1,8,11,113,121
IQ:2,16,11,101,-123
IQ:3,24,11,-150,-90
IQ:4,32,11,-87,148
IQ:5,40,11,153,54
IQ:6,48,11,44,-160
IQ:7,56,11,-169,-37
IQ:8,72,12,126,-21
IQ:9,80,255,-48,-134
IQ:10,88,1,-143,36
IQ:11,96,255,65,107
IQ:12,104,2,85,-106
IQ:13,112,255,-137,-100
IQ:14,120,10,-133,125
IQ:15,128,255,105,121
IQ:16,136,3,60,-87
IQ:17,144,255,-99,-32
IQ:18,152,9,52,156
IQ:19,160,255,178,-24
IQ:20,168,4,15,-136
IQ:21,176,255,-159,-7
IQ:22,184,8,-10,113
IQ:23,192,255,103,-29
IQ:24,200,7,-45,-104
IQ:25,208,255,-121,51
IQ:26,216,6,53,130
IQ:27,224,255,125,-79
IQ:28,232,5,-112,-128
IQ:29,240,255,-134,104
IQ:30,248,12,82,94
IQ:31,256,255,81,-106
IQ:32,264,1,-114,-90
IQ:33,272,255,-68,100
IQ:34,280,2,142,14
IQ:35,288,255,9,-162
SW:2
RR:3
SS:3
FR:2480
ME:359
MA:5
KE:0
KA:357
DF_END

Data arrived...
DF_BEGIN
IQ:0,0,11,80,160
IQ:1,8,11,148,-93
IQ:2,16,11,-117,-134
IQ:3,24,11,-125,128
IQ:4,32,11,139,108
IQ:5,40,11,105,-154
IQ:6,48,11,-149,-96
IQ:7,56,11,-74,162
IQ:8,72,12,-1,-133
IQ:9,80,255,-145,16
IQ:10,88,1,34,154
IQ:11,96,255,158,-39
IQ:12,104,2,-48,-157
IQ:13,112,255,-148,73
IQ:14,120,10,78,155
IQ:15,128,255,134,-80
IQ:16,136,3,-102,-80
IQ:17,144,255,-83,119
IQ:18,152,9,123,101
IQ:19,160,255,89,-125
IQ:20,168,4,-126,-68
IQ:21,176,255,-61,133
IQ:22,184,8,144,30
IQ:23,192,255,14,-150
IQ:24,200,7,-148,5
IQ:25,208,255,16,161
IQ:26,216,6,148,-17
IQ:27,224,255,-31,-149
IQ:28,232,5,-141,27
IQ:29,240,255,41,133
IQ:30,248,12,112,-71
IQ:31,256,255,-92,-107
IQ:32,264,1,-103,115
IQ:33,272,255,131,98
IQ:34,280,2,94,-135
IQ:35,288,255,-148,-87
SW:2
RR:3
SS:3
FR:2426
ME:359
MA:5
KE:0
KA:358
DF_END

Data arrived...
DF_BEGIN
IQ:0,0,11,20,173
IQ:1,8,11,164,-41
IQ:2,16,11,-70,-169
IQ:3,24,11,-163,72
IQ:4,32,11,95,142
IQ:5,40,11,150,-105
IQ:6,48,11,-110,-138
IQ:7,56,11,-130,121
IQ:8,72,12,32,-130
IQ:9,80,255,-142,-24
IQ:10,88,1,-2,160
IQ:11,96,255,167,9
IQ:12,104,2,0,-165
IQ:13,112,255,-163,22
IQ:14,120,10,34,158
IQ:15,128,255,150,-52
IQ:16,136,3,-68,-115
IQ:17,144,255,-131,76
IQ:18,152,9,79,131
IQ:19,160,255,123,-87
IQ:20,168,4,-103,-97
IQ:21,176,255,-103,100
IQ:22,184,8,119,76
IQ:23,192,255,68,-139
IQ:24,200,7,-138,-59
IQ:25,208,255,-47,152
IQ:26,216,6,138,38
IQ:27,224,255,19,-149
IQ:28,232,5,-152,-16
IQ:29,240,255,-3,135
IQ:30,248,12,127,-39
IQ:31,256,255,-60,-129
IQ:32,264,1,-139,72
IQ:33,272,255,80,136
IQ:34,280,2,127,-102
IQ:35,288,255,-110,-144
SW:2
RR:3
SS:3
FR:2426
ME:359
MA:5
KE:0
KA:358
DF_END

Data arrived...
DF_BEGIN
IQ:0,0,11,162,9
IQ:1,8,11,0,-159
IQ:2,16,11,-160,1
IQ:3,24,11,21,157
IQ:4,32,11,157,-45
IQ:5,40,11,-53,-147
IQ:6,48,11,-146,56
IQ:7,56,11,68,144
IQ:8,72,12,-61,-29
IQ:9,80,255,26,85
IQ:10,88,1,177,-76
IQ:11,96,255,-56,-207
IQ:12,104,2,-243,-10
IQ:13,112,255,-2,219
IQ:14,120,10,218,-24
IQ:15,128,255,21,-150
IQ:16,136,3,19,160
IQ:17,144,255,197,56
IQ:18,152,9,117,-153
IQ:19,160,255,-121,-116
IQ:20,168,4,-33,53
IQ:21,176,255,90,51
IQ:22,184,8,28,-74
IQ:23,192,255,-114,-12
IQ:24,200,7,-67,187
IQ:25,208,255,175,74
IQ:26,216,6,59,-144
IQ:27,224,255,-152,-73
IQ:28,232,5,-89,47
IQ:29,240,255,47,33
IQ:30,248,12,-16,-61
IQ:31,256,255,-58,66
IQ:32,264,1,150,137
IQ:33,272,255,152,-155
IQ:34,280,2,-132,-202
IQ:35,288,255,-197,133
SW:2
RR:3
SS:3
FR:2402
ME:2
MA:353
KE:0
KA:358
DF_END

Data arrived...
DF_BEGIN
IQ:0,0,11,-26,159
IQ:1,8,11,153,10
IQ:2,16,11,-14,-164
IQ:3,24,11,-156,23
IQ:4,32,11,33,156
IQ:5,40,11,149,-57
IQ:6,48,11,-64,-143
IQ:7,56,11,-131,75
IQ:8,72,12,80,-99
IQ:9,80,255,-129,-73
IQ:10,88,1,-83,114
IQ:11,96,255,113,53
IQ:12,104,2,-6,-142
IQ:13,112,255,-167,9
IQ:14,120,10,-23,171
IQ:15,128,255,146,9
IQ:16,136,3,-15,-109
IQ:17,144,255,-94,43
IQ:18,152,9,140,89
IQ:19,160,255,117,-141
IQ:20,168,4,-76,-117
IQ:21,176,255,-116,90
IQ:22,184,8,56,77
IQ:23,192,255,69,-87
IQ:24,200,7,-98,-57
IQ:25,208,255,-43,119
IQ:26,216,6,141,52
IQ:27,224,255,37,-141
IQ:28,232,5,-159,-34
IQ:29,240,255,-28,160
IQ:30,248,12,125,9
IQ:31,256,255,-7,-135
IQ:32,264,1,-149,2
IQ:33,272,255,20,122
IQ:34,280,2,117,-70
IQ:35,288,255,-90,-142
SW:2
RR:3
SS:3
FR:2480
ME:359
MA:5
KE:0
KA:359
DF_END

Data arrived...
DF_BEGIN
IQ:0,0,11,-132,-151
IQ:1,8,11,-93,172
IQ:2,16,11,175,78
IQ:3,24,11,51,-183
IQ:4,32,11,-164,-18
IQ:5,40,11,-32,202
IQ:6,48,11,172,11
IQ:7,56,11,19,-171
IQ:8,72,12,46,147
IQ:9,80,255,111,-89
IQ:10,88,1,-86,-105
IQ:11,96,255,-68,149
IQ:12,104,2,106,71
IQ:13,112,255,107,-121
IQ:14,120,10,-111,-84
IQ:15,128,255,-86,108
IQ:16,136,3,124,43
IQ:17,144,255,8,-152
IQ:18,152,9,-156,-25
IQ:19,160,255,-13,140
IQ:20,168,4,129,-3
IQ:21,176,255,-33,-119
IQ:22,184,8,-163,22
IQ:23,192,255,50,133
IQ:24,200,7,145,-74
IQ:25,208,255,-57,-132
IQ:26,216,6,-134,83
IQ:27,224,255,113,138
IQ:28,232,5,116,-96
IQ:29,240,255,-116,-100
IQ:30,248,12,-62,109
IQ:31,256,255,133,50
IQ:32,264,1,36,-175
IQ:33,272,255,-163,-13
IQ:34,280,2,-31,175
IQ:35,288,255,182,40
SW:2
RR:3
SS:3
FR:2426
ME:359
MA:5
KE:0
KA:359
DF_END

Data arrived...
DF_BEGIN
IQ:0,0,11,11,170
IQ:1,8,11,164,-48
IQ:2,16,11,-56,-168
IQ:3,24,11,-160,68
IQ:4,32,11,83,150
IQ:5,40,11,142,-107
IQ:6,48,11,-128,-128
IQ:7,56,11,-127,126
IQ:8,72,12,40,-131
IQ:9,80,255,-140,-25
IQ:10,88,1,-9,156
IQ:11,96,255,164,11
IQ:12,104,2,9,-167
IQ:13,112,255,-162,4
IQ:14,120,10,25,167
IQ:15,128,255,151,-29
IQ:16,136,3,-69,-110
IQ:17,144,255,-118,79
IQ:18,152,9,88,119
IQ:19,160,255,115,-97
IQ:20,168,4,-103,-101
IQ:21,176,255,-89,117
IQ:22,184,8,125,72
IQ:23,192,255,47,-134
IQ:24,200,7,-152,-30
IQ:25,208,255,-40,155
IQ:26,216,6,141,42
IQ:27,224,255,25,-152
IQ:28,232,5,-146,-15
IQ:29,240,255,3,134
IQ:30,248,12,132,-45
IQ:31,256,255,-56,-127
IQ:32,264,1,-132,83
IQ:33,272,255,90,140
IQ:34,280,2,137,-88
IQ:35,288,255,-109,-141
SW:2
RR:3
SS:3
FR:2426
ME:359
MA:353
KE:359
KA:359
DF_END

Data arrived...
DF_BEGIN
IQ:0,0,11,156,-81
IQ:1,8,11,-99,-144
IQ:2,16,11,-141,101
IQ:3,24,11,119,123
IQ:4,32,11,110,-138
IQ:5,40,11,-146,-91
IQ:6,48,11,-82,154
IQ:7,56,11,150,82
IQ:8,72,12,-79,31
IQ:9,80,255,73,78
IQ:10,88,1,146,-139
IQ:11,96,255,-160,-156
IQ:12,104,2,-221,152
IQ:13,112,255,125,187
IQ:14,120,10,187,-151
IQ:15,128,255,-65,-156
IQ:16,136,3,76,152
IQ:17,144,255,208,-36
IQ:18,152,9,38,-204
IQ:19,160,255,-188,-51
IQ:20,168,4,-12,85
IQ:21,176,255,122,-8
IQ:22,184,8,-1,-100
IQ:23,192,255,-113,39
IQ:24,200,7,65,208
IQ:25,208,255,207,-38
IQ:26,216,6,-50,-153
IQ:27,224,255,-185,29
IQ:28,232,5,-40,114
IQ:29,240,255,84,-4
IQ:30,248,12,-54,-58
IQ:31,256,255,-25,99
IQ:32,264,1,197,45
IQ:33,272,255,42,-225
IQ:34,280,2,-236,-119
IQ:35,288,255,-124,215
SW:2
RR:3
SS:3
FR:2402
ME:2
MA:353
KE:0
KA:358
DF_END

Data arrived...
DF_BEGIN
IQ:0,0,11,84,-147
IQ:1,8,11,-144,-75
IQ:2,16,11,-37,152
IQ:3,24,11,158,33
IQ:4,32,11,9,-169
IQ:5,40,11,-161,-20
IQ:6,48,11,3,161
IQ:7,56,11,161,-24
IQ:8,72,12,-114,69
IQ:9,80,255,87,109
IQ:10,88,1,109,-95
IQ:11,96,255,-96,-91
IQ:12,104,2,-53,134
IQ:13,112,255,156,49
IQ:14,120,10,83,-157
IQ:15,128,255,-139,-72
IQ:16,136,3,-35,112
IQ:17,144,255,94,-19
IQ:18,152,9,-108,-117
IQ:19,160,255,-158,96
IQ:20,168,4,32,135
IQ:21,176,255,142,-45
IQ:22,184,8,-28,-114
IQ:23,192,255,-107,47
IQ:24,200,7,71,86
IQ:25,208,255,82,-97
IQ:26,216,6,-109,-98
IQ:27,224,255,-91,120
IQ:28,232,5,141,81
IQ:29,240,255,83,-149
IQ:30,248,12,-104,-62
IQ:31,256,255,-38,131
IQ:32,264,1,139,49
IQ:33,272,255,32,-124
IQ:34,280,2,-142,27
IQ:35,288,255,41,161
SW:2
RR:3
SS:3
FR:2480
ME:359
MA:5
KE:359
KA:359
DF_END

Data arrived...
DF_BEGIN
IQ:0,0,11,177,-14
IQ:1,8,11,-40,-172
IQ:2,16,11,-171,39
IQ:3,24,11,51,164
IQ:4,32,11,158,-85
IQ:5,40,11,-86,-157
IQ:6,48,11,-149,100
IQ:7,56,11,118,132
IQ:8,72,12,-124,-40
IQ:9,80,255,-37,142
IQ:10,88,1,155,26
IQ:11,96,255,18,-163
IQ:12,104,2,-154,-8
IQ:13,112,255,19,161
IQ:14,120,10,169,-17
IQ:15,128,255,-17,-157
IQ:16,136,3,-116,48
IQ:17,144,255,65,125
IQ:18,152,9,140,-76
IQ:19,160,255,-90,-129
IQ:20,168,4,-115,85
IQ:21,176,255,105,104
IQ:22,184,8,79,-115
IQ:23,192,255,-132,-78
IQ:24,200,7,-53,146
IQ:25,208,255,150,53
IQ:26,216,6,37,-138
IQ:27,224,255,-151,-42
IQ:28,232,5,-36,144
IQ:29,240,255,132,21
IQ:30,248,12,-30,-132
IQ:31,256,255,-137,45
IQ:32,264,1,65,134
IQ:33,272,255,128,-80
IQ:34,280,2,-87,-144
IQ:35,288,255,-148,101
SW:2
RR:3
SS:3
FR:2426
ME:359
MA:5
KE:359
KA:0
DF_END

Data arrived...
DF_BEGIN
IQ:0,0,11,150,-48
IQ:1,8,11,-70,-144
IQ:2,16,11,-143,86
IQ:3,24,11,101,128
IQ:4,32,11,123,-114
IQ:5,40,11,-116,-106
IQ:6,48,11,-112,126
IQ:7,56,11,127,93
IQ:8,72,12,-68,16
IQ:9,80,255,72,67
IQ:10,88,1,150,-136
IQ:11,96,255,-159,-153
IQ:12,104,2,-210,128
IQ:13,112,255,111,203
IQ:14,120,10,186,-120
IQ:15,128,255,-58,-147
IQ:16,136,3,75,146
IQ:17,144,255,201,-28
IQ:18,152,9,51,-187
IQ:19,160,255,-167,-83
IQ:20,168,4,-20,72
IQ:21,176,255,116,6
IQ:22,184,8,-1,-76
IQ:23,192,255,-118,31
IQ:24,200,7,35,195
IQ:25,208,255,194,-22
IQ:26,216,6,-29,-151
IQ:27,224,255,-174,-1
IQ:28,232,5,-56,90
IQ:29,240,255,62,13
IQ:30,248,12,-41,-53
IQ:31,256,255,-28,91
IQ:32,264,1,181,61
IQ:33,272,255,71,-198
IQ:34,280,2,-214,-107
IQ:35,288,255,-137,199
SW:2
RR:3
SS:3
FR:2402
ME:2
MA:353
KE:0
KA:359
DF_END

Data arrived...
DF_BEGIN
IQ:0,0,11,-102,131
IQ:1,8,11,161,62
IQ:2,16,11,60,-170
IQ:3,24,11,-160,-41
IQ:4,32,11,-14,163
IQ:5,40,11,174,5
IQ:6,48,11,-9,-174
IQ:7,56,11,-171,14
IQ:8,72,12,58,-50
IQ:9,80,255,-98,-21
IQ:10,88,1,-26,194
IQ:11,96,255,206,27
IQ:12,104,2,97,-249
IQ:13,112,255,-211,-123
IQ:14,120,10,-98,215
IQ:15,128,255,140,84
IQ:16,136,3,-145,-71
IQ:17,144,255,-143,156
IQ:18,152,9,92,179
IQ:19,160,255,177,-53
IQ:20,168,4,-40,-75
IQ:21,176,255,-95,66
IQ:22,184,8,53,81
IQ:23,192,255,62,-105
IQ:24,200,7,-167,-127
IQ:25,208,255,-138,155
IQ:26,216,6,113,113
IQ:27,224,255,135,-112
IQ:28,232,5,-22,-110
IQ:29,240,255,-71,46
IQ:30,248,12,64,13
IQ:31,256,255,-30,-89
IQ:32,264,1,-186,75
IQ:33,272,255,85,200
IQ:34,280,2,245,-42
IQ:35,288,255,-33,-252
SW:2
RR:3
SS:3
FR:2402
ME:2
MA:353
KE:0
KA:358
DF_END

Data arrived...
DF_BEGIN
IQ:0,0,11,-82,-136
IQ:1,8,11,-140,89
IQ:2,16,11,100,132
IQ:3,24,11,117,-110
IQ:4,32,11,-129,-97
IQ:5,40,11,-92,139
IQ:6,48,11,136,78
IQ:7,56,11,58,-149
IQ:8,72,12,3,123
IQ:9,80,255,141,-20
IQ:10,88,1,-6,-136
IQ:11,96,255,-120,40
IQ:12,104,2,73,119
IQ:13,112,255,135,-94
IQ:14,120,10,-83,-159
IQ:15,128,255,-134,87
IQ:16,136,3,77,87
IQ:17,144,255,39,-78
IQ:18,152,9,-165,18
IQ:19,160,255,-21,181
IQ:20,168,4,124,51
IQ:21,176,255,37,-141
IQ:22,184,8,-110,-30
IQ:23,192,255,-16,116
IQ:24,200,7,110,-8
IQ:25,208,255,-45,-120
IQ:26,216,6,-144,44
IQ:27,224,255,46,140
IQ:28,232,5,155,-62
IQ:29,240,255,-73,-139
IQ:30,248,12,-110,66
IQ:31,256,255,89,112
IQ:32,264,1,107,-92
IQ:33,272,255,-97,-87
IQ:34,280,2,-49,131
IQ:35,288,255,157,58
SW:2
RR:3
SS:3
FR:2480
ME:359
MA:353
KE:0
KA:358
DF_END

Data arrived...
DF_BEGIN
IQ:0,0,11,-173,-7
IQ:1,8,11,7,171
IQ:2,16,11,170,-34
IQ:3,24,11,-44,-171
IQ:4,32,11,-159,68
IQ:5,40,11,71,158
IQ:6,48,11,155,-91
IQ:7,56,11,-96,-145
IQ:8,72,12,123,64
IQ:9,80,255,51,-133
IQ:10,88,1,-146,-52
IQ:11,96,255,-39,155
IQ:12,104,2,155,29
IQ:13,112,255,24,-158
IQ:14,120,10,-164,-10
IQ:15,128,255,13,147
IQ:16,136,3,121,-45
IQ:17,144,255,-52,-130
IQ:18,152,9,-137,61
IQ:19,160,255,56,134
IQ:20,168,4,113,-71
IQ:21,176,255,-94,-105
IQ:22,184,8,-88,103
IQ:23,192,255,118,85
IQ:24,200,7,71,-133
IQ:25,208,255,-138,-76
IQ:26,216,6,-69,125
IQ:27,224,255,139,54
IQ:28,232,5,53,-135
IQ:29,240,255,-127,-43
IQ:30,248,12,5,130
IQ:31,256,255,135,-33
IQ:32,264,1,-54,-145
IQ:33,272,255,-147,61
IQ:34,280,2,54,151
IQ:35,288,255,154,-70
SW:2
RR:3
SS:3
FR:2426
ME:359
MA:5
KE:359
KA:358
DF_END

Data arrived...
DF_BEGIN
IQ:0,0,11,153,-89
IQ:1,8,11,-110,-143
IQ:2,16,11,-128,123
IQ:3,24,11,137,113
IQ:4,32,11,103,-143
IQ:5,40,11,-149,-93
IQ:6,48,11,-77,162
IQ:7,56,11,165,68
IQ:8,72,12,-138,16
IQ:9,80,255,30,134
IQ:10,88,1,143,-55
IQ:11,96,255,-58,-154
IQ:12,104,2,-149,65
IQ:13,112,255,89,129
IQ:14,120,10,140,-100
IQ:15,128,255,-80,-138
IQ:16,136,3,-89,91
IQ:17,144,255,115,72
IQ:18,152,9,75,-137
IQ:19,160,255,-131,-74
IQ:20,168,4,-51,125
IQ:21,176,255,132,36
IQ:22,184,8,11,-146
IQ:23,192,255,-154,-6
IQ:24,200,7,-1,156
IQ:25,208,255,155,-12
IQ:26,216,6,-16,-147
IQ:27,224,255,-149,32
IQ:28,232,5,31,142
IQ:29,240,255,127,-54
IQ:30,248,12,-87,-109
IQ:31,256,255,-95,102
IQ:32,264,1,125,88
IQ:33,272,255,90,-132
IQ:34,280,2,-136,-98
IQ:35,288,255,-88,148
SW:2
RR:3
SS:3
FR:2426
ME:359
MA:5
KE:359
KA:359
DF_END

Data arrived...
DF_BEGIN
IQ:0,0,11,-179,36
IQ:1,8,11,55,171
IQ:2,16,11,158,-93
IQ:3,24,11,-77,-158
IQ:4,32,11,-145,100
IQ:5,40,11,102,136
IQ:6,48,11,117,-126
IQ:7,56,11,-146,-109
IQ:8,72,12,85,-5
IQ:9,80,255,-57,-99
IQ:10,88,1,-193,97
IQ:11,96,255,105,206
IQ:12,104,2,243,-75
IQ:13,112,255,-86,-232
IQ:14,120,10,-213,98
IQ:15,128,255,56,153
IQ:16,136,3,-45,-162
IQ:17,144,255,-213,-11
IQ:18,152,9,-91,183
IQ:19,160,255,164,94
IQ:20,168,4,19,-83
IQ:21,176,255,-114,-18
IQ:22,184,8,-14,106
IQ:23,192,255,135,-26
IQ:24,200,7,-6,-221
IQ:25,208,255,-220,-6
IQ:26,216,6,-27,171
IQ:27,224,255,187,22
IQ:28,232,5,54,-100
IQ:29,240,255,-88,