IQ:6,48,11,149,-86
IQ:7,56,11,-93,-150
IQ:8,72,12,50,22
IQ:9,80,255,26,-44
IQ:10,88,1,-35,16
IQ:11,96,255,8,62
IQ:12,104,2,70,59
IQ:13,112,255,19,-62
IQ:14,120,10,-124,-33
IQ:15,128,255,-16,82
IQ:16,136,3,107,-7
IQ:17,144,255,-27,-112
IQ:18,152,9,-142,18
IQ:19,160,255,9,113
IQ:20,168,4,62,-39
IQ:21,176,255,-67,-47
IQ:22,184,8,-100,123
IQ:23,192,255,94,96
IQ:24,200,7,76,-29
IQ:25,208,255,-38,-54
IQ:26,216,6,-21,53
IQ:27,224,255,74,10
IQ:28,232,5,46,-76
IQ:29,240,255,-56,-36
IQ:30,248,12,-16,58
IQ:31,256,255,47,0
IQ:32,264,1,-37,-18
IQ:33,272,255,-53,47
IQ:34,280,2,-26,86
IQ:35,288,255,69,-32
SW:2
RR:3
SS:3
FR:2480
ME:2
MA:5
KE:21
KA:62
DF_END

Data arrived...
DF_BEGIN
IQ:0,0,11,-60,167
IQ:1,8,11,151,51
IQ:2,16,11,-2,-167
IQ:3,24,11,-168,5
IQ:4,32,11,1,166
IQ:5,40,11,163,-31
IQ:6,48,11,-42,-158
IQ:7,56,11,-148,52
IQ:8,72,12,-42,188
IQ:9,80,255,231,118
IQ:10,88,1,374,-59
IQ:11,96,255,122,-299
IQ:12,104,2,161,-233
IQ:13,112,255,-111,-149
IQ:14,120,10,1,107
IQ:15,128,255,51,-16
IQ:16,136,3,-93,-211
IQ:17,144,255,-148,5
IQ:18,152,9,44,9
IQ:19,160,255,14,-81
IQ:20,168,4,-140,-144
IQ:21,176,255,-128,37
IQ:22,184,8,65,113
IQ:23,192,255,124,36
IQ:24,200,7,189,11
IQ:25,208,255,59,-148
IQ:26,216,6,-45,-42
IQ:27,224,255,-83,-19
IQ:28,232,5,-179,13
IQ:29,240,255,-125,104
IQ:30,248,12,-175,72
IQ:31,256,255,19,260
IQ:32,264,1,228,257
IQ:33,272,255,307,-86
IQ:34,280,2,293,7
IQ:35,288,255,28,-197
SW:2
RR:3
SS:3
FR:2426
ME:55
MA:97
KE:24
KA:66
DF_END

Data arrived...
DF_BEGIN
IQ:0,0,11,-37,-153
IQ:1,8,11,-142,63
IQ:2,16,11,64,133
IQ:3,24,11,119,-87
IQ:4,32,11,-99,-110
IQ:5,40,11,-100,122
IQ:6,48,11,110,125
IQ:7,56,11,99,-117
IQ:8,72,12,-289,309
IQ:9,80,255,313,366
IQ:10,88,1,443,-81
IQ:11,96,255,41,-353
IQ:12,104,2,84,-85
IQ:13,112,255,73,-93
IQ:14,120,10,33,-168
IQ:15,128,255,-232,-99
IQ:16,136,3,-284,50
IQ:17,144,255,-1,114
IQ:18,152,9,-119,-181
IQ:19,160,255,-243,4
IQ:20,168,4,-79,-28
IQ:21,176,255,-1,-47
IQ:22,184,8,-188,-46
IQ:23,192,255,-126,254
IQ:24,200,7,156,339
IQ:25,208,255,296,-130
IQ:26,216,6,-136,-191
IQ:27,224,255,-206,75
IQ:28,232,5,-12,45
IQ:29,240,255,-49,-109
IQ:30,248,12,-441,-65
IQ:31,256,255,-183,441
IQ:32,264,1,274,354
IQ:33,272,255,325,-137
IQ:34,280,2,115,12
IQ:35,288,255,104,-34
SW:2
RR:3
SS:3
FR:2402
ME:19
MA:103
KE:24
KA:71
DF_END

Data arrived...
DF_BEGIN
IQ:0,0,11,153,-79
IQ:1,8,11,-90,-162
IQ:2,16,11,-155,90
IQ:3,24,11,114,138
IQ:4,32,11,126,-128
IQ:5,40,11,-143,-114
IQ:6,48,11,-92,145
IQ:7,56,11,148,83
IQ:8,72,12,-67,-4
IQ:9,80,255,-2,52
IQ:10,88,1,16,-40
IQ:11,96,255,-54,-60
IQ:12,104,2,-94,-34
IQ:13,112,255,-5,64
IQ:14,120,10,116,-22
IQ:15,128,255,-35,-87
IQ:16,136,3,-99,58
IQ:17,144,255,76,71
IQ:18,152,9,110,-105
IQ:19,160,255,-76,-93
IQ:20,168,4,-46,67
IQ:21,176,255,69,7
IQ:22,184,8,24,-158
IQ:23,192,255,-141,-51
IQ:24,200,7,-59,70
IQ:25,208,255,52,15
IQ:26,216,6,-30,-65
IQ:27,224,255,-84,27
IQ:28,232,5,-10,81
IQ:29,240,255,69,-12
IQ:30,248,12,-28,-65
IQ:31,256,255,-55,15
IQ:32,264,1,44,-6
IQ:33,272,255,13,-73
IQ:34,280,2,-35,-98
IQ:35,288,255,-62,63
SW:2
RR:3
SS:3
FR:2480
ME:2
MA:5
KE:21
KA:63
DF_END

Data arrived...
DF_BEGIN
IQ:0,0,11,-158,-40
IQ:1,8,11,-9,148
IQ:2,16,11,151,-9
IQ:3,24,11,-32,-159
IQ:4,32,11,-151,61
IQ:5,40,11,57,144
IQ:6,48,11,129,-78
IQ:7,56,11,-98,-134
IQ:8,72,12,-217,79
IQ:9,80,255,15,288
IQ:10,88,1,208,303
IQ:11,96,255,294,-50
IQ:12,104,2,264,39
IQ:13,112,255,116,-151
IQ:14,120,10,-82,16
IQ:15,128,255,14,36
IQ:16,136,3,154,-172
IQ:17,144,255,-57,-118
IQ:18,152,9,10,13
IQ:19,160,255,40,-29
IQ:20,168,4,65,-160
IQ:21,176,255,-66,-109
IQ:22,184,8,-84,63
IQ:23,192,255,-9,126
IQ:24,200,7,111,191
IQ:25,208,255,193,-39
IQ:26,216,6,6,-78
IQ:27,224,255,-70,-72
IQ:28,232,5,-55,-160
IQ:29,240,255,-144,-78
IQ:30,248,12,-168,-145
IQ:31,256,255,-235,153
IQ:32,264,1,-114,337
IQ:33,272,255,196,225
IQ:34,280,2,100,266
IQ:35,288,255,194,-13
SW:2
RR:3
SS:3
FR:2426
ME:55
MA:94
KE:25
KA:67
DF_END

Data arrived...
DF_BEGIN
IQ:0,0,11,-110,87
IQ:1,8,11,106,91
IQ:2,16,11,74,-130
IQ:3,24,11,-159,-64
IQ:4,32,11,-53,141
IQ:5,40,11,140,38
IQ:6,48,11,22,-162
IQ:7,56,11,-153,-19
IQ:8,72,12,-49,216
IQ:9,80,255,229,184
IQ:10,88,1,362,-22
IQ:11,96,255,127,-265
IQ:12,104,2,212,-187
IQ:13,112,255,-33,-166
IQ:14,120,10,-46,102
IQ:15,128,255,13,14
IQ:16,136,3,-34,-219
IQ:17,144,255,-134,-34
IQ:18,152,9,15,8
IQ:19,160,255,9,-51
IQ:20,168,4,-75,-136
IQ:21,176,255,-106,-4
IQ:22,184,8,-36,109
IQ:23,192,255,101,86
IQ:24,200,7,184,59
IQ:25,208,255,99,-155
IQ:26,216,6,-63,-52
IQ:27,224,255,-94,-6
IQ:28,232,5,-159,-18
IQ:29,240,255,-149,49
IQ:30,248,12,-232,45
IQ:31,256,255,-36,281
IQ:32,264,1,197,318
IQ:33,272,255,285,-25
IQ:34,280,2,270,80
IQ:35,288,255,98,-176
SW:2
RR:3
SS:3
FR:2426
ME:52
MA:94
KE:28
KA:71
DF_END

Data arrived...
DF_BEGIN
IQ:0,0,11,1,133
IQ:1,8,11,115,-29
IQ:2,16,11,-34,-120
IQ:3,24,11,-117,31
IQ:4,32,11,55,123
IQ:5,40,11,114,-64
IQ:6,48,11,-70,-109
IQ:7,56,11,-98,83
IQ:8,72,12,335,-211
IQ:9,80,255,-169,-424
IQ:10,88,1,-437,-62
IQ:11,96,255,-124,320
IQ:12,104,2,-111,99
IQ:13,112,255,-50,86
IQ:14,120,10,-87,137
IQ:15,128,255,186,152
IQ:16,136,3,278,32
IQ:17,144,255,33,-97
IQ:18,152,9,50,189
IQ:19,160,255,199,72
IQ:20,168,4,78,42
IQ:21,176,255,-2,36
IQ:22,184,8,162,48
IQ:23,192,255,173,-208
IQ:24,200,7,-77,-345
IQ:25,208,255,-326,52
IQ:26,216,6,64,218
IQ:27,224,255,213,-14
IQ:28,232,5,45,-39
IQ:29,240,255,37,105
IQ:30,248,12,363,189
IQ:31,256,255,291,-354
IQ:32,264,1,-179,-400
IQ:33,272,255,-360,43
IQ:34,280,2,-143,-58
IQ:35,288,255,-120,24
SW:2
RR:3
SS:3
FR:2402
ME:21
MA:100
KE:27
KA:75
DF_END

Data arrived...
DF_BEGIN
IQ:0,0,11,-135,109
IQ:1,8,11,119,131
IQ:2,16,11,109,-130
IQ:3,24,11,-149,-88
IQ:4,32,11,-61,161
IQ:5,40,11,166,56
IQ:6,48,11,46,-165
IQ:7,56,11,-178,-37
IQ:8,72,12,57,-19
IQ:9,80,255,-20,-54
IQ:10,88,1,-17,45
IQ:11,96,255,62,36
IQ:12,104,2,83,-18
IQ:13,112,255,-28,-61
IQ:14,120,10,-101,62
IQ:15,128,255,57,73
IQ:16,136,3,79,-86
IQ:17,144,255,-102,-51
IQ:18,152,9,-78,133
IQ:19,160,255,98,66
IQ:20,168,4,32,-83
IQ:21,176,255,-78,3
IQ:22,184,8,25,161
IQ:23,192,255,139,0
IQ:24,200,7,25,-91
IQ:25,208,255,-64,-3
IQ:26,216,6,36,52
IQ:27,224,255,67,-54
IQ:28,232,5,-24,-85
IQ:29,240,255,-64,28
IQ:30,248,12,55,42
IQ:31,256,255,32,-42
IQ:32,264,1,-46,9
IQ:33,272,255,10,74
IQ:34,280,2,54,78
IQ:35,288,255,26,-78
SW:2
RR:3
SS:3
FR:2480
ME:2
MA:5
KE:25
KA:68
DF_END

Data arrived...
DF_BEGIN
IQ:0,0,11,-29,148
IQ:1,8,11,158,10
IQ:2,16,11,-11,-153
IQ:3,24,11,-158,23
IQ:4,32,11,31,150
IQ:5,40,11,126,-57
IQ:6,48,11,-66,-148
IQ:7,56,11,-131,73
IQ:8,72,12,49,205
IQ:9,80,255,285,63
IQ:10,88,1,350,-140
IQ:11,96,255,44,-312
IQ:12,104,2,109,-265
IQ:13,112,255,-131,-123
IQ:14,120,10,24,109
IQ:15,128,255,52,-19
IQ:16,136,3,-153,-187
IQ:17,144,255,-149,29
IQ:18,152,9,34,12
IQ:19,160,255,-17,-77
IQ:20,168,4,-158,-109
IQ:21,176,255,-117,60
IQ:22,184,8,52,107
IQ:23,192,255,131,21
IQ:24,200,7,184,-45
IQ:25,208,255,-9,-176
IQ:26,216,6,-61,-18
IQ:27,224,255,-75,33
IQ:28,232,5,-170,41
IQ:29,240,255,-105,135
IQ:30,248,12,-165,137
IQ:31,256,255,84,234
IQ:32,264,1,305,177
IQ:33,272,255,296,-136
IQ:34,280,2,287,-44
IQ:35,288,255,14,-196
SW:2
RR:3
SS:3
FR:2426
ME:52
MA:94
KE:27
KA:71
DF_END

Data arrived...
DF_BEGIN
IQ:0,0,11,-128,40
IQ:1,8,11,58,110
IQ:2,16,11,118,-86
IQ:3,24,11,-90,-100
IQ:4,32,11,-102,97
IQ:5,40,11,96,83
IQ:6,48,11,83,-103
IQ:7,56,11,-123,-67
IQ:8,72,12,278,298
IQ:9,80,255,379,-225
IQ:10,88,1,-62,-417
IQ:11,96,255,-344,-45
IQ:12,104,2,-129,-101
IQ:13,112,255,-106,-45
IQ:14,120,10,-171,-38
IQ:15,128,255,-83,207
IQ:16,136,3,28,265
IQ:17,144,255,108,9
IQ:18,152,9,-173,89
IQ:19,160,255,-12,217
IQ:20,168,4,-28,91
IQ:21,176,255,-43,-7
IQ:22,184,8,-25,178
IQ:23,192,255,248,122
IQ:24,200,7,353,-107
IQ:25,208,255,-99,-285
IQ:26,216,6,-169,125
IQ:27,224,255,62,203
IQ:28,232,5,45,41
IQ:29,240,255,-99,47
IQ:30,248,12,-90,394
IQ:31,256,255,397,189
IQ:32,264,1,340,-238
IQ:33,272,255,-144,-324
IQ:34,280,2,1,-151
IQ:35,288,255,-56,-109
SW:2
RR:3
SS:3
FR:2402
ME:21
MA:100
KE:27
KA:74
DF_END

Data arrived...
DF_BEGIN
IQ:0,0,11,-166,61
IQ:1,8,11,84,156
IQ:2,16,11,144,-94
IQ:3,24,11,-106,-136
IQ:4,32,11,-120,117
IQ:5,40,11,134,118
IQ:6,48,11,107,-134
IQ:7,56,11,-152,-87
IQ:8,72,12,63,6
IQ:9,80,255,13,-54
IQ:10,88,1,-33,23
IQ:11,96,255,37,59
IQ:12,104,2,95,32
IQ:13,112,255,0,-72
IQ:14,120,10,-116,25
IQ:15,128,255,31,86
IQ:16,136,3,101,-58
IQ:17,144,255,-82,-80
IQ:18,152,9,-126,95
IQ:19,160,255,56,110
IQ:20,168,4,52,-68
IQ:21,176,255,-75,-24
IQ:22,184,8,-44,166
IQ:23,192,255,121,59
IQ:24,200,7,50,-68
IQ:25,208,255,-51,-37
IQ:26,216,6,12,63
IQ:27,224,255,81,-17
IQ:28,232,5,27,-91
IQ:29,240,255,-61,-6
IQ:30,248,12,26,64
IQ:31,256,255,47,-17
IQ:32,264,1,-36,-12
IQ:33,272,255,-25,70
IQ:34,280,2,24,98
IQ:35,288,255,62,-49
SW:2
RR:3
SS:3
FR:2480
ME:2
MA:5
KE:24
KA:67
DF_END

Data arrived...
DF_BEGIN
IQ:0,0,11,-47,119
IQ:1,8,11,120,26
IQ:2,16,11,2,-124
IQ:3,24,11,-125,19
IQ:4,32,11,22,130
IQ:5,40,11,117,-41
IQ:6,48,11,-29,-138
IQ:7,56,11,-108,47
IQ:8,72,12,22,231
IQ:9,80,255,317,48
IQ:10,88,1,336,-185
IQ:11,96,255,-30,-308
IQ:12,104,2,125,-248
IQ:13,112,255,-99,-124
IQ:14,120,10,25,66
IQ:15,128,255,13,-17
IQ:16,136,3,-120,-149
IQ:17,144,255,-126,6
IQ:18,152,9,22,-26
IQ:19,160,255,-36,-34
IQ:20,168,4,-149,-74
IQ:21,176,255,-94,39
IQ:22,184,8,20,90
IQ:23,192,255,124,43
IQ:24,200,7,234,-30
IQ:25,208,255,19,-200
IQ:26,216,6,-98,-26
IQ:27,224,255,-90,63
IQ:28,232,5,-132,36
IQ:29,240,255,-85,92
IQ:30,248,12,-195,160
IQ:31,256,255,100,286
IQ:32,264,1,339,170
IQ:33,272,255,244,-183
IQ:34,280,2,250,-35
IQ:35,288,255,8,-197
SW:2
RR:3
SS:3
FR:2426
ME:52
MA:94
KE:27
KA:70
DF_END

Data arrived...
DF_BEGIN
IQ:0,0,11,-54,-112
IQ:1,8,11,-102,75
IQ:2,16,11,77,108
IQ:3,24,11,93,-99
IQ:4,32,11,-92,-88
IQ:5,40,11,-75,99
IQ:6,48,11,109,59
IQ:7,56,11,49,-114
IQ:8,72,12,-182,-183
IQ:9,80,255,-287,130
IQ:10,88,1,-140,356
IQ:11,96,255,208,249
IQ:12,104,2,68,252
IQ:13,112,255,154,36
IQ:14,120,10,-54,-40
IQ:15,128,255,-6,22
IQ:16,136,3,199,40
IQ:17,144,255,77,-83
IQ:18,152,9,0,40
IQ:19,160,255,51,15
IQ:20,168,4,162,-10
IQ:21,176,255,44,-81
IQ:22,184,8,-93,-38
IQ:23,192,255,-125,32
IQ:24,200,7,-160,147
IQ:25,208,255,101,174
IQ:26,216,6,88,-38
IQ:27,224,255,28,-109
IQ:28,232,5,83,-108
IQ:29,240,255,13,-120
IQ:30,248,12,52,-248
IQ:31,256,255,-253,-168
IQ:32,264,1,-391,31
IQ:33,272,255,-138,290
IQ:34,280,2,-192,180
IQ:35,288,255,96,146
SW:2
RR:3
SS:3
FR:2426
ME:55
MA:94
KE:30
KA:73
DF_END

Data arrived...
DF_BEGIN
IQ:0,0,11,105,25
IQ:1,8,11,16,-110
IQ:2,16,11,-109,-2
IQ:3,24,11,-1,107
IQ:4,32,11,106,-5
IQ:5,40,11,-17,-110
IQ:6,48,11,-114,6
IQ:7,56,11,30,102
IQ:8,72,12,61,-380
IQ:9,80,255,-390,-128
IQ:10,88,1,-295,258
IQ:11,96,255,116,304
IQ:12,104,2,-17,199
IQ:13,112,255,82,122
IQ:14,120,10,74,106
IQ:15,128,255,202,-53
IQ:16,136,3,207,-123
IQ:17,144,255,-12,-72
IQ:18,152,9,179,74
IQ:19,160,255,151,-119
IQ:20,168,4,114,16
IQ:21,176,255,70,15
IQ:22,184,8,131,-94
IQ:23,192,255,-60,-231
IQ:24,200,7,-284,-169
IQ:25,208,255,-169,211
IQ:26,216,6,162,55
IQ:27,224,255,116,-141
IQ:28,232,5,59,-51
IQ:29,240,255,103,-1
IQ:30,248,12,353,-161
IQ:31,256,255,-93,-403
IQ:32,264,1,-358,-160
IQ:33,272,255,-219,220
IQ:34,280,2,-179,71
IQ:35,288,255,-42,162
SW:2
RR:3
SS:3
FR:2402
ME:24
MA:100
KE:29
KA:77
DF_END

Data arrived...
DF_BEGIN
IQ:0,0,11,-6,-175
IQ:1,8,11,-174,32
IQ:2,16,11,42,175
IQ:3,24,11,162,-48
IQ:4,32,11,-82,-164
IQ:5,40,11,-149,92
IQ:6,48,11,102,133
IQ:7,56,11,114,-122
IQ:8,72,12,-33,50
IQ:9,80,255,41,28
IQ:10,88,1,-5,-33
IQ:11,96,255,-63,23
IQ:12,104,2,-58,91
IQ:13,112,255,63,32
IQ:14,120,10,9,-113
IQ:15,128,255,-95,1
IQ:16,136,3,21,123
IQ:17,144,255,107,-39
IQ:18,152,9,-46,-141
IQ:19,160,255,-116,31
IQ:20,168,4,61,63
IQ:21,176,255,49,-68
IQ:22,184,8,-131,-80
IQ:23,192,255,-85,109
IQ:24,200,7,48,83
IQ:25,208,255,52,-35
IQ:26,216,6,-61,-7
IQ:27,224,255,-13,78
IQ:28,232,5,85,43
IQ:29,240,255,26,-75
IQ:30,248,12,-65,11
IQ:31,256,255,0,55
IQ:32,264,1,16,-21
IQ:33,272,255,-48,-42
IQ:34,280,2,-107,-12
IQ:35,288,255,44,82
SW:2
RR:3
SS:3
FR:2480
ME:2
MA:5
KE:27
KA:70
DF_END

Data arrived...
DF_BEGIN
IQ:0,0,11,105,92
IQ:1,8,11,81,-120
IQ:2,16,11,-109,-68
IQ:3,24,11,-60,125
IQ:4,32,11,136,57
IQ:5,40,11,38,-143
IQ:6,48,11,-135,-35
IQ:7,56,11,-9,141
IQ:8,72,12,218,88
IQ:9,80,255,219,-235
IQ:10,88,1,22,-396
IQ:11,96,255,-265,-177
IQ:12,104,2,-125,-226
IQ:13,112,255,-152,16
IQ:14,120,10,85,28
IQ:15,128,255,-3,-30
IQ:16,136,3,-204,7
IQ:17,144,255,-48,118
IQ:18,152,9,11,-26
IQ:19,160,255,-55,-14
IQ:20,168,4,-154,64
IQ:21,176,255,-20,96
IQ:22,184,8,95,13
IQ:23,192,255,91,-77
IQ:24,200,7,96,-212
IQ:25,208,255,-170,-123
IQ:26,216,6,-61,63
IQ:27,224,255,11,90
IQ:28,232,5,-55,139
IQ:29,240,255,38,138
IQ:30,248,12,42,242
IQ:31,256,255,294,47
IQ:32,264,1,338,-169
IQ:33,272,255,30,-322
IQ:34,280,2,140,-224
IQ:35,288,255,-164,-125
SW:2
RR:3
SS:3
FR:2426
ME:55
MA:94
KE:30
KA:73
DF_END

Data arrived...
DF_BEGIN
IQ:0,0,11,100,68
IQ:1,8,11,79,-108
IQ:2,16,11,-122,-66
IQ:3,24,11,-33,126
IQ:4,32,11,123,13
IQ:5,40,11,15,-141
IQ:6,48,11,-124,-4
IQ:7,56,11,10,116
IQ:8,72,12,49,-398
IQ:9,80,255,-423,-144
IQ:10,88,1,-356,263
IQ:11,96,255,123,314
IQ:12,104,2,-15,155
IQ:13,112,255,27,128
IQ:14,120,10,60,143
IQ:15,128,255,231,-49
IQ:16,136,3,190,-183
IQ:17,144,255,-50,-73
IQ:18,152,9,208,82
IQ:19,160,255,168,-145
IQ:20,168,4,83,-15
IQ:21,176,255,26,22
IQ:22,184,8,160,-79
IQ:23,192,255,-33,-265
IQ:24,200,7,-311,-190
IQ:25,208,255,-185,256
IQ:26,216,6,184,71
IQ:27,224,255,123,-180
IQ:28,232,5,-5,-69
IQ:29,240,255,104,16
IQ:30,248,12,371,-198
IQ:31,256,255,-122,-448
IQ:32,264,1,-414,-122
IQ:33,272,255,-201,278
IQ:34,280,2,-139,76
IQ:35,288,255,-41,123
SW:2
RR:3
SS:3
FR:2402
ME:24
MA:97
KE:29
KA:76
DF_END

Data arrived...
DF_BEGIN
IQ:0,0,11,-125,46
IQ:1,8,11,54,123
IQ:2,16,11,120,-61
IQ:3,24,11,-83,-106
IQ:4,32,11,-108,98
IQ:5,40,11,95,90
IQ:6,48,11,75,-109
IQ:7,56,11,-116,-77
IQ:8,72,12,48,2
IQ:9,80,255,6,-44
IQ:10,88,1,-26,22
IQ:11,96,255,26,44
IQ:12,104,2,76,23
IQ:13,112,255,0,-54
IQ:14,120,10,-89,19
IQ:15,128,255,22,70
IQ:16,136,3,81,-41
IQ:17,144,255,-61,-72
IQ:18,152,9,-106,64
IQ:19,160,255,41,80
IQ:20,168,4,40,-53
IQ:21,176,255,-56,-24
IQ:22,184,8,-44,110
IQ:23,192,255,93,36
IQ:24,200,7,45,-57
IQ:25,208,255,-44,-33
IQ:26,216,6,4,49
IQ:27,224,255,64,-19
IQ:28,232,5,15,-72
IQ:29,240,255,-55,0
IQ:30,248,12,23,53
IQ:31,256,255,38,-14
IQ:32,264,1,-32,-5
IQ:33,272,255,-28,46
IQ:34,280,2,12,76
IQ:35,288,255,50,-45
SW:2
RR:3
SS:3
FR:2480
ME:2
MA:5
KE:27
KA:69
DF_END

Data arrived...
DF_BEGIN
IQ:0,0,11,-61,99
IQ:1,8,11,108,36
IQ:2,16,11,28,-120
IQ:3,24,11,-127,-20
IQ:4,32,11,-1,137
IQ:5,40,11,122,-23
IQ:6,48,11,-24,-120
IQ:7,56,11,-114,40
IQ:8,72,12,-31,229
IQ:9,80,255,282,138
IQ:10,88,1,376,-138
IQ:11,96,255,59,-319
IQ:12,104,2,151,-206
IQ:13,112,255,-49,-150
IQ:14,120,10,12,80
IQ:15,128,255,22,-20
IQ:16,136,3,-105,-172
IQ:17,144,255,-114,-7
IQ:18,152,9,23,-24
IQ:19,160,255,-29,-52
IQ:20,168,4,-112,-111
IQ:21,176,255,-107,3
IQ:22,184,8,34,83
IQ:23,192,255,95,62
IQ:24,200,7,223,43
IQ:25,208,255,78,-185
IQ:26,216,6,-88,-71
IQ:27,224,255,-114,26
IQ:28,232,5,-150,22
IQ:29,240,255,-125,51
IQ:30,248,12,-228,82
IQ:31,256,255,29,302
IQ:32,264,1,296,268
IQ:33,272,255,299,-126
IQ:34,280,2,278,35
IQ:35,288,255,74,-176
SW:2
RR:3
SS:3
FR:2426
ME:58
MA:94
KE:30
KA:72
DF_END

Data arrived...
DF_BEGIN
IQ:0,0,11,74,107
IQ:1,8,11,99,-87
IQ:2,16,11,-95,-83
IQ:3,24,11,-76,85
IQ:4,32,11,96,88
IQ:5,40,11,41,-106
IQ:6,48,11,-112,-64
IQ:7,56,11,-47,122
IQ:8,72,12,234,-332
IQ:9,80,255,-320,-301
IQ:10,88,1,-413,116
IQ:11,96,255,-16,355
IQ:12,104,2,-98,132
IQ:13,112,255,-28,111
IQ:14,120,10,-28,153
IQ:15,128,255,221,43
IQ:16,136,3,252,-85
IQ:17,144,255,-23,-86
IQ:18,152,9,138,166
IQ:19,160,255,212,-31
IQ:20,168,4,85,34
IQ:21,176,255,40,33
IQ:22,184,8,189,15
IQ:23,192,255,97,-247
IQ:24,200,7,-159,-309
IQ:25,208,255,-267,141
IQ:26,216,6,127,138
IQ:27,224,255,174,-97
IQ:28,232,5,39,-24
IQ:29,240,255,82,79
IQ:30,248,12,413,37
IQ:31,256,255,124,-426
IQ:32,264,1,-317,-297
IQ:33,272,255,-321,134
IQ:34,280,2,-152,-23
IQ:35,288,255,-113,84
SW:2
RR:3
SS:3
FR:2402
ME:21
MA:97
KE:29
KA:75
DF_END

Data arrived...
DF_BEGIN
IQ:0,0,11,-2,-121
IQ:1,8,11,-128,0
IQ:2,16,11,16,121
IQ:3,24,11,128,-34
IQ:4,32,11,-29,-113
IQ:5,40,11,-116,52
IQ:6,48,11,46,117
IQ:7,56,11,90,-61
IQ:8,72,12,-379,68
IQ:9,80,255,33,429
IQ:10,88,1,372,189
IQ:11,96,255,236,-274
IQ:12,104,2,169,-14
IQ:13,112,255,95,-66
IQ:14,120,10,92,-106
IQ:15,128,255,-129,-199
IQ:16,136,3,-218,-115
IQ:17,144,255,-65,62
IQ:18,152,9,-4,-212
IQ:19,160,255,-167,-111
IQ:20,168,4,-43,-90
IQ:21,176,255,-7,-45
IQ:22,184,8,-125,-133
IQ:23,192,255,-226,145
IQ:24,200,7,-60,325
IQ:25,208,255,309,57
IQ:26,216,6,9,-206
IQ:27,224,255,-183,-54
IQ:28,232,5,-52,-3
IQ:29,240,255,-27,-108
IQ:30,248,12,-291,-270
IQ:31,256,255,-363,265
IQ:32,264,1,16,435
IQ:33,272,255,336,98
IQ:34,280,2,107,123
IQ:35,288,255,146,3
SW:2
RR:3
SS:3
FR:2402
ME:24
MA:97
KE:28
KA:78
DF_END

Data arrived...
DF_BEGIN
IQ:0,0,11,-147,97
IQ:1,8,11,111,131
IQ:2,16,11,135,-119
IQ:3,24,11,-126,-119
IQ:4,32,11,-96,139
IQ:5,40,11,155,88
IQ:6,48,11,84,-162
IQ:7,56,11,-168,-60
IQ:8,72,12,62,-7
IQ:9,80,255,1,-61