IQ:2,16,11,34,-78
IQ:3,24,11,-86,-10
IQ:4,32,11,-12,97
IQ:5,40,11,108,0
IQ:6,48,11,7,-101
IQ:7,56,11,-92,24
IQ:8,72,12,-208,110
IQ:9,80,255,68,319
IQ:10,88,1,378,215
IQ:11,96,255,276,-233
IQ:12,104,2,209,-107
IQ:13,112,255,9,-103
IQ:14,120,10,-5,109
IQ:15,128,255,63,-34
IQ:16,136,3,-12,-233
IQ:17,144,255,-108,-18
IQ:18,152,9,76,6
IQ:19,160,255,24,-121
IQ:20,168,4,-82,-180
IQ:21,176,255,-78,9
IQ:22,184,8,61,71
IQ:23,192,255,38,34
IQ:24,200,7,98,190
IQ:25,208,255,195,-56
IQ:26,216,6,8,-127
IQ:27,224,255,-149,-88
IQ:28,232,5,-170,-35
IQ:29,240,255,-80,29
IQ:30,248,12,-203,-146
IQ:31,256,255,-225,199
IQ:32,264,1,42,438
IQ:33,272,255,350,131
IQ:34,280,2,189,129
IQ:35,288,255,105,-92
SW:2
RR:3
SS:3
FR:2426
ME:58
MA:97
KE:24
KA:60
DF_END

Data arrived...
DF_BEGIN
IQ:0,0,11,89,-9
IQ:1,8,11,-26,-82
IQ:2,16,11,-107,26
IQ:3,24,11,27,98
IQ:4,32,11,66,-59
IQ:5,40,11,-46,-81
IQ:6,48,11,-76,66
IQ:7,56,11,63,47
IQ:8,72,12,208,93
IQ:9,80,255,195,-270
IQ:10,88,1,-83,-440
IQ:11,96,255,-368,-82
IQ:12,104,2,-192,-100
IQ:13,112,255,-80,54
IQ:14,120,10,84,-65
IQ:15,128,255,-83,-33
IQ:16,136,3,-171,163
IQ:17,144,255,53,110
IQ:18,152,9,-70,-69
IQ:19,160,255,-120,59
IQ:20,168,4,-80,165
IQ:21,176,255,74,84
IQ:22,184,8,14,-76
IQ:23,192,255,7,-35
IQ:24,200,7,107,-201
IQ:25,208,255,-155,-143
IQ:26,216,6,-115,75
IQ:27,224,255,15,179
IQ:28,232,5,49,175
IQ:29,240,255,67,65
IQ:30,248,12,-7,235
IQ:31,256,255,314,57
IQ:32,264,1,321,-292
IQ:33,272,255,-143,-358
IQ:34,280,2,-20,-235
IQ:35,288,255,-137,-42
SW:2
RR:3
SS:3
FR:2426
ME:63
MA:94
KE:28
KA:65
DF_END

Data arrived...
DF_BEGIN
IQ:0,0,11,150,35
IQ:1,8,11,-3,-176
IQ:2,16,11,-153,10
IQ:3,24,11,30,167
IQ:4,32,11,152,-35
IQ:5,40,11,-70,-156
IQ:6,48,11,-141,78
IQ:7,56,11,87,137
IQ:8,72,12,-168,-333
IQ:9,80,255,-376,119
IQ:10,88,1,-71,339
IQ:11,96,255,233,125
IQ:12,104,2,22,93
IQ:13,112,255,59,115
IQ:14,120,10,141,94
IQ:15,128,255,168,-173
IQ:16,136,3,19,-214
IQ:17,144,255,-72,22
IQ:18,152,9,228,-31
IQ:19,160,255,73,-220
IQ:20,168,4,6,-47
IQ:21,176,255,41,48
IQ:22,184,8,128,-143
IQ:23,192,255,-160,-194
IQ:24,200,7,-310,17
IQ:25,208,255,24,264
IQ:26,216,6,199,-86
IQ:27,224,255,-19,-200
IQ:28,232,5,-36,-3
IQ:29,240,255,114,-19
IQ:30,248,12,164,-329
IQ:31,256,255,-310,-266
IQ:32,264,1,-329,101
IQ:33,272,255,15,255
IQ:34,280,2,-81,77
IQ:35,288,255,-39,114
SW:2
RR:3
SS:3
FR:2402
ME:19
MA:103
KE:26
KA:69
DF_END

Data arrived...
DF_BEGIN
IQ:0,0,11,170,52
IQ:1,8,11,51,-170
IQ:2,16,11,-169,-33
IQ:3,24,11,-13,175
IQ:4,32,11,177,-5
IQ:5,40,11,-27,-172
IQ:6,48,11,-179,48
IQ:7,56,11,61,164
IQ:8,72,12,-36,-45
IQ:9,80,255,-46,38
IQ:10,88,1,24,2
IQ:11,96,255,11,-60
IQ:12,104,2,-49,-96
IQ:13,112,255,-50,54
IQ:14,120,10,105,64
IQ:15,128,255,52,-80
IQ:16,136,3,-106,-42
IQ:17,144,255,-9,118
IQ:18,152,9,158,24
IQ:19,160,255,20,-120
IQ:20,168,4,-81,16
IQ:21,176,255,32,71
IQ:22,184,8,124,-78
IQ:23,192,255,-58,-127
IQ:24,200,7,-96,9
IQ:25,208,255,6,75
IQ:26,216,6,30,-51
IQ:27,224,255,-70,-49
IQ:28,232,5,-79,48
IQ:29,240,255,50,53
IQ:30,248,12,17,-62
IQ:31,256,255,-44,-27
IQ:32,264,1,11,22
IQ:33,272,255,59,-26
IQ:34,280,2,46,-91
IQ:35,288,255,-84,-9
SW:2
RR:3
SS:3
FR:2480
ME:2
MA:5
KE:24
KA:62
DF_END

Data arrived...
DF_BEGIN
IQ:0,0,11,83,-19
IQ:1,8,11,-16,-93
IQ:2,16,11,-79,28
IQ:3,24,11,42,76
IQ:4,32,11,77,-42
IQ:5,40,11,-50,-71
IQ:6,48,11,-78,44
IQ:7,56,11,71,64
IQ:8,72,12,189,146
IQ:9,80,255,276,-196
IQ:10,88,1,-3,-422
IQ:11,96,255,-370,-129
IQ:12,104,2,-200,-150
IQ:13,112,255,-92,37
IQ:14,120,10,104,-48
IQ:15,128,255,-76,-51
IQ:16,136,3,-220,130
IQ:17,144,255,12,116
IQ:18,152,9,-34,-104
IQ:19,160,255,-139,42
IQ:20,168,4,-110,155
IQ:21,176,255,65,69
IQ:22,184,8,46,-72
IQ:23,192,255,11,-42
IQ:24,200,7,134,-166
IQ:25,208,255,-131,-183
IQ:26,216,6,-128,31
IQ:27,224,255,-22,192
IQ:28,232,5,-3,189
IQ:29,240,255,47,84
IQ:30,248,12,-52,252
IQ:31,256,255,301,121
IQ:32,264,1,380,-227
IQ:33,272,255,-46,-378
IQ:34,280,2,21,-230
IQ:35,288,255,-128,-64
SW:2
RR:3
SS:3
FR:2426
ME:58
MA:97
KE:27
KA:67
DF_END

Data arrived...
DF_BEGIN
IQ:0,0,11,-177,67
IQ:1,8,11,84,165
IQ:2,16,11,162,-79
IQ:3,24,11,-100,-156
IQ:4,32,11,-150,113
IQ:5,40,11,124,136
IQ:6,48,11,110,-130
IQ:7,56,11,-160,-98
IQ:8,72,12,352,262
IQ:9,80,255,362,-335
IQ:10,88,1,-113,-419
IQ:11,96,255,-367,-24
IQ:12,104,2,-87,-67
IQ:13,112,255,-94,-78
IQ:14,120,10,-227,-51
IQ:15,128,255,-86,271
IQ:16,136,3,116,265
IQ:17,144,255,101,-45
IQ:18,152,9,-251,116
IQ:19,160,255,27,279
IQ:20,168,4,24,95
IQ:21,176,255,-56,-22
IQ:22,184,8,-66,211
IQ:23,192,255,278,143
IQ:24,200,7,346,-201
IQ:25,208,255,-159,-318
IQ:26,216,6,-190,155
IQ:27,224,255,137,219
IQ:28,232,5,69,7
IQ:29,240,255,-108,68
IQ:30,248,12,-10,449
IQ:31,256,255,481,121
IQ:32,264,1,333,-302
IQ:33,272,255,-187,-312
IQ:34,280,2,8,-109
IQ:35,288,255,-46,-102
SW:2
RR:3
SS:3
FR:2402
ME:19
MA:103
KE:27
KA:72
DF_END

Data arrived...
DF_BEGIN
IQ:0,0,11,-170,-28
IQ:1,8,11,-10,175
IQ:2,16,11,169,-9
IQ:3,24,11,-40,-168
IQ:4,32,11,-170,36
IQ:5,40,11,63,159
IQ:6,48,11,158,-78
IQ:7,56,11,-99,-139
IQ:8,72,12,51,37
IQ:9,80,255,31,-40
IQ:10,88,1,-26,6
IQ:11,96,255,3,60
IQ:12,104,2,68,70
IQ:13,112,255,32,-59
IQ:14,120,10,-117,-37
IQ:15,128,255,-24,83
IQ:16,136,3,107,-11
IQ:17,144,255,-28,-113
IQ:18,152,9,-151,29
IQ:19,160,255,3,118
IQ:20,168,4,69,-30
IQ:21,176,255,-51,-60
IQ:22,184,8,-108,97
IQ:23,192,255,91,100
IQ:24,200,7,92,-33
IQ:25,208,255,-19,-62
IQ:26,216,6,-22,50
IQ:27,224,255,69,25
IQ:28,232,5,60,-70
IQ:29,240,255,-52,-40
IQ:30,248,12,-3,58
IQ:31,256,255,48,10
IQ:32,264,1,-19,-16
IQ:33,272,255,-53,33
IQ:34,280,2,-29,97
IQ:35,288,255,78,-21
SW:2
RR:3
SS:3
FR:2480
ME:2
MA:5
KE:24
KA:65
DF_END

Data arrived...
DF_BEGIN
IQ:0,0,11,-19,98
IQ:1,8,11,108,1
IQ:2,16,11,0,-95
IQ:3,24,11,-109,13
IQ:4,32,11,13,99
IQ:5,40,11,96,-29
IQ:6,48,11,-24,-113
IQ:7,56,11,-116,37
IQ:8,72,12,-201,115
IQ:9,80,255,120,295
IQ:10,88,1,431,124
IQ:11,96,255,251,-297
IQ:12,104,2,188,-151
IQ:13,112,255,-27,-100
IQ:14,120,10,10,120
IQ:15,128,255,60,-58
IQ:16,136,3,-84,-221
IQ:17,144,255,-132,13
IQ:18,152,9,87,-1
IQ:19,160,255,1,-130
IQ:20,168,4,-114,-163
IQ:21,176,255,-84,44
IQ:22,184,8,50,59
IQ:23,192,255,59,32
IQ:24,200,7,127,185
IQ:25,208,255,207,-52
IQ:26,216,6,21,-128
IQ:27,224,255,-146,-69
IQ:28,232,5,-204,-38
IQ:29,240,255,-96,44
IQ:30,248,12,-216,-104
IQ:31,256,255,-193,230
IQ:32,264,1,106,425
IQ:33,272,255,385,45
IQ:34,280,2,225,77
IQ:35,288,255,62,-129
SW:2
RR:3
SS:3
FR:2426
ME:55
MA:97
KE:28
KA:70
DF_END

Data arrived...
DF_BEGIN
IQ:0,0,11,82,-155
IQ:1,8,11,-158,-66
IQ:2,16,11,-57,160
IQ:3,24,11,160,42
IQ:4,32,11,35,-184
IQ:5,40,11,-173,-12
IQ:6,48,11,0,167
IQ:7,56,11,177,-30
IQ:8,72,12,-443,44
IQ:9,80,255,-52,487
IQ:10,88,1,363,231
IQ:11,96,255,270,-208
IQ:12,104,2,139,18
IQ:13,112,255,131,-25
IQ:14,120,10,157,-92
IQ:15,128,255,-109,-240
IQ:16,136,3,-208,-143
IQ:17,144,255,-32,48
IQ:18,152,9,65,-232
IQ:19,160,255,-174,-199
IQ:20,168,4,-38,-60
IQ:21,176,255,46,-60
IQ:22,184,8,-105,-186
IQ:23,192,255,-287,97
IQ:24,200,7,-117,362
IQ:25,208,255,312,115
IQ:26,216,6,38,-244
IQ:27,224,255,-200,-105
IQ:28,232,5,-16,18
IQ:29,240,255,34,-142
IQ:30,248,12,-246,-376
IQ:31,256,255,-465,154
IQ:32,264,1,-64,410
IQ:33,272,255,310,124
IQ:34,280,2,48,136
IQ:35,288,255,127,78
SW:2
RR:3
SS:3
FR:2402
ME:19
MA:103
KE:27
KA:74
DF_END

Data arrived...
DF_BEGIN
IQ:0,0,11,9,182
IQ:1,8,11,183,-19
IQ:2,16,11,-28,-177
IQ:3,24,11,-166,60
IQ:4,32,11,83,160
IQ:5,40,11,158,-98
IQ:6,48,11,-105,-142
IQ:7,56,11,-109,126
IQ:8,72,12,33,-64
IQ:9,80,255,-50,-32
IQ:10,88,1,13,34
IQ:11,96,255,70,-12
IQ:12,104,2,63,-91
IQ:13,112,255,-65,-25
IQ:14,120,10,-7,133
IQ:15,128,255,108,9
IQ:16,136,3,-10,-121
IQ:17,144,255,-117,51
IQ:18,152,9,52,156
IQ:19,160,255,124,-25
IQ:20,168,4,-45,-67
IQ:21,176,255,-38,66
IQ:22,184,8,137,72
IQ:23,192,255,90,-112
IQ:24,200,7,-55,-96
IQ:25,208,255,-58,40
IQ:26,216,6,71,6
IQ:27,224,255,16,-89
IQ:28,232,5,-88,-49
IQ:29,240,255,-29,73
IQ:30,248,12,70,-7
IQ:31,256,255,2,-61
IQ:32,264,1,-19,27
IQ:33,272,255,57,50
IQ:34,280,2,112,5
IQ:35,288,255,-39,-84
SW:2
RR:3
SS:3
FR:2480
ME:2
MA:5
KE:24
KA:67
DF_END

Data arrived...
DF_BEGIN
IQ:0,0,11,-72,41
IQ:1,8,11,67,56
IQ:2,16,11,47,-64
IQ:3,24,11,-63,-56
IQ:4,32,11,-28,70
IQ:5,40,11,63,34
IQ:6,48,11,27,-82
IQ:7,56,11,-90,-25
IQ:8,72,12,-229,52
IQ:9,80,255,16,312
IQ:10,88,1,339,273
IQ:11,96,255,326,-169
IQ:12,104,2,246,-46
IQ:13,112,255,28,-110
IQ:14,120,10,-23,94
IQ:15,128,255,69,-37
IQ:16,136,3,34,-209
IQ:17,144,255,-94,-61
IQ:18,152,9,68,10
IQ:19,160,255,34,-103
IQ:20,168,4,-19,-195
IQ:21,176,255,-83,-13
IQ:22,184,8,14,63
IQ:23,192,255,11,51
IQ:24,200,7,72,214
IQ:25,208,255,205,2
IQ:26,216,6,41,-119
IQ:27,224,255,-90,-120
IQ:28,232,5,-124,-116
IQ:29,240,255,-106,-22
IQ:30,248,12,-187,-169
IQ:31,256,255,-276,167
IQ:32,264,1,-49,417
IQ:33,272,255,299,188
IQ:34,280,2,140,194
IQ:35,288,255,135,-51
SW:2
RR:3
SS:3
FR:2426
ME:58
MA:94
KE:28
KA:71
DF_END

Data arrived...
DF_BEGIN
IQ:0,0,11,-128,68
IQ:1,8,11,84,121
IQ:2,16,11,100,-107
IQ:3,24,11,-111,-104
IQ:4,32,11,-73,129
IQ:5,40,11,139,68
IQ:6,48,11,84,-136
IQ:7,56,11,-136,-65
IQ:8,72,12,395,179
IQ:9,80,255,280,-412
IQ:10,88,1,-182,-388
IQ:11,96,255,-352,41
IQ:12,104,2,-116,-34
IQ:13,112,255,-112,-17
IQ:14,120,10,-198,11
IQ:15,128,255,-37,268
IQ:16,136,3,134,249
IQ:17,144,255,78,-66
IQ:18,152,9,-182,157
IQ:19,160,255,73,233
IQ:20,168,4,2,90
IQ:21,176,255,-33,10
IQ:22,184,8,7,206
IQ:23,192,255,278,41
IQ:24,200,7,288,-278
IQ:25,208,255,-196,-259
IQ:26,216,6,-146,179
IQ:27,224,255,156,173
IQ:28,232,5,50,11
IQ:29,240,255,-86,103
IQ:30,248,12,58,434
IQ:31,256,255,476,57
IQ:32,264,1,269,-351
IQ:33,272,255,-232,-281
IQ:34,280,2,-25,-126
IQ:35,288,255,-84,-90
SW:2
RR:3
SS:3
FR:2402
ME:19
MA:100
KE:27
KA:75
DF_END

Data arrived...
DF_BEGIN
IQ:0,0,11,-132,34
IQ:1,8,11,47,125
IQ:2,16,11,121,-68
IQ:3,24,11,-80,-110
IQ:4,32,11,-102,96
IQ:5,40,11,98,91
IQ:6,48,11,90,-108
IQ:7,56,11,-110,-76
IQ:8,72,12,54,9
IQ:9,80,255,15,-42
IQ:10,88,1,-24,8
IQ:11,96,255,15,45
IQ:12,104,2,71,28
IQ:13,112,255,4,-56
IQ:14,120,10,-97,17
IQ:15,128,255,12,72
IQ:16,136,3,81,-47
IQ:17,144,255,-52,-83
IQ:18,152,9,-106,57
IQ:19,160,255,46,85
IQ:20,168,4,35,-52
IQ:21,176,255,-52,-22
IQ:22,184,8,-34,109
IQ:23,192,255,97,44
IQ:24,200,7,64,-53
IQ:25,208,255,-43,-42
IQ:26,216,6,2,51
IQ:27,224,255,60,-10
IQ:28,232,5,20,-67
IQ:29,240,255,-50,-4
IQ:30,248,12,15,53
IQ:31,256,255,44,-10
IQ:32,264,1,-24,-14
IQ:33,272,255,-29,43
IQ:34,280,2,6,77
IQ:35,288,255,46,-45
SW:2
RR:3
SS:3
FR:2480
ME:2
MA:5
KE:24
KA:68
DF_END

Data arrived...
DF_BEGIN
IQ:0,0,11,185,-54
IQ:1,8,11,-70,-181
IQ:2,16,11,-163,72
IQ:3,24,11,97,154
IQ:4,32,11,136,-111
IQ:5,40,11,-120,-128
IQ:6,48,11,-116,137
IQ:7,56,11,155,91
IQ:8,72,12,-68,-28
IQ:9,80,255,-19,50
IQ:10,88,1,29,-14
IQ:11,96,255,-26,-72
IQ:12,104,2,-96,-49
IQ:13,112,255,-5,74
IQ:14,120,10,123,0
IQ:15,128,255,-4,-108
IQ:16,136,3,-110,43
IQ:17,144,255,63,98
IQ:18,152,9,143,-69
IQ:19,160,255,-36,-109
IQ:20,168,4,-63,60
IQ:21,176,255,74,39
IQ:22,184,8,69,-144
IQ:23,192,255,-113,-74
IQ:24,200,7,-83,63
IQ:25,208,255,55,56
IQ:26,216,6,0,-60
IQ:27,224,255,-83,7
IQ:28,232,5,-28,96
IQ:29,240,255,76,4
IQ:30,248,12,-14,-76
IQ:31,256,255,-61,9
IQ:32,264,1,31,18
IQ:33,272,255,46,-54
IQ:34,280,2,4,-108
IQ:35,288,255,-82,47
SW:2
RR:3
SS:3
FR:2480
ME:2
MA:5
KE:22
KA:60
DF_END

Data arrived...
DF_BEGIN
IQ:0,0,11,81,50
IQ:1,8,11,42,-86
IQ:2,16,11,-88,-42
IQ:3,24,11,-25,93
IQ:4,32,11,89,33
IQ:5,40,11,22,-91
IQ:6,48,11,-91,-13
IQ:7,56,11,-11,88
IQ:8,72,12,151,200
IQ:9,80,255,302,-143
IQ:10,88,1,143,-412
IQ:11,96,255,-257,-261
IQ:12,104,2,-113,-223
IQ:13,112,255,-117,8
IQ:14,120,10,96,4
IQ:15,128,255,-18,-37
IQ:16,136,3,-216,-3
IQ:17,144,255,-34,93
IQ:18,152,9,8,-71
IQ:19,160,255,-98,-13
IQ:20,168,4,-158,79
IQ:21,176,255,27,78
IQ:22,184,8,66,-21
IQ:23,192,255,63,-32
IQ:24,200,7,167,-140
IQ:25,208,255,-93,-201
IQ:26,216,6,-109,15
IQ:27,224,255,-57,134
IQ:28,232,5,-64,147
IQ:29,240,255,9,112
IQ:30,248,12,-101,224
IQ:31,256,255,247,179
IQ:32,264,1,423,-83
IQ:33,272,255,109,-352
IQ:34,280,2,125,-212
IQ:35,288,255,-97,-113
SW:2
RR:3
SS:3
FR:2426
ME:52
MA:100
KE:25
KA:65
DF_END

Data arrived...
DF_BEGIN
IQ:0,0,11,18,-164
IQ:1,8,11,-164,24
IQ:2,16,11,14,170
IQ:3,24,11,172,-20
IQ:4,32,11,-38,-165
IQ:5,40,11,-144,64
IQ:6,48,11,62,142
IQ:7,56,11,134,-97
IQ:8,72,12,-381,215
IQ:9,80,255,154,467
IQ:10,88,1,394,105
IQ:11,96,255,134,-311
IQ:12,104,2,125,-62
IQ:13,112,255,95,-85
IQ:14,120,10,101,-169
IQ:15,128,255,-218,-161
IQ:16,136,3,-268,-42
IQ:17,144,255,-5,92
IQ:18,152,9,-33,-247
IQ:19,160,255,-237,-62
IQ:20,168,4,-67,-33
IQ:21,176,255,27,-60
IQ:22,184,8,-193,-127
IQ:23,192,255,-223,192
IQ:24,200,7,34,375
IQ:25,208,255,327,-40
IQ:26,216,6,-82,-214
IQ:27,224,255,-221,25
IQ:28,232,5,-36,26
IQ:29,240,255,-37,-143
IQ:30,248,12,-398,-190
IQ:31,256,255,-298,380
IQ:32,264,1,132,397
IQ:33,272,255,333,-27
IQ:34,280,2,122,83
IQ:35,288,255,129,-4
SW:2
RR:3
SS:3
FR:2402
ME:19
MA:100
KE:24
KA:70
DF_END

Data arrived...
DF_BEGIN
IQ:0,0,11,70,178
IQ:1,8,11,164,-72
IQ:2,16,11,-99,-146
IQ:3,24,11,-133,119
IQ:4,32,11,132,134
IQ:5,40,11,108,-132
IQ:6,48,11,-156,-89
IQ:7,56,11,-84,165
IQ:8,72,12,13,-61
IQ:9,80,255,-58,-2
IQ:10,88,1,22,35
IQ:11,96,255,56,-36
IQ:12,104,2,22,-95
IQ:13,112,255,-76,4
IQ:14,120,10,31,138
IQ:15,128,255,101,-21
IQ:16,136,3,-63,-92
IQ:17,144,255,-85,84
IQ:18,152,9,97,133
IQ:19,160,255,108,-61
IQ:20,168,4,-69,-45
IQ:21,176,255,-22,71
IQ:22,184,8,144,25
IQ:23,192,255,40,-133
IQ:24,200,7,-81,-76
IQ:25,208,255,-49,67
IQ:26,216,6,61,-7
IQ:27,224,255,-16,-76
IQ:28,232,5,-90,-14
IQ:29,240,255,1,77
IQ:30,248,12,75,-24
IQ:31,256,255,-11,-54
IQ:32,264,1,-11,30
IQ:33,272,255,70,34
IQ:34,280,2,106,-31
IQ:35,288,255,-62,-64
SW:2
RR:3
SS:3
FR:2480
ME:2
MA:5
KE:22
KA:62
DF_END

Data arrived...
DF_BEGIN
IQ:0,0,11,99,150
IQ:1,8,11,137,-111
IQ:2,16,11,-112,-123
IQ:3,24,11,-114,136
IQ:4,32,11,151,99
IQ:5,40,11,84,-150
IQ:6,48,11,-162,-63
IQ:7,56,11,-56,168
IQ:8,72,12,6,-63
IQ:9,80,255,-60,-1
IQ:10,88,1,23,30
IQ:11,96,255,59,-49
IQ:12,104,2,2,-96
IQ:13,112,255,-69,25
IQ:14,120,10,47,117
IQ:15,128,255,90,-36
IQ:16,136,3,-76,-84
IQ:17,144,255,-75,97
IQ:18,152,9,104,117
IQ:19,160,255,94,-75
IQ:20,168,4,-70,-34
IQ:21,176,255,-16,85
IQ:22,184,8,140,-8
IQ:23,192,255,26,-130
IQ:24,200,7,-91,-58
IQ:25,208,255,-27,77
IQ:26,216,6,58,-22
IQ:27,224,255,-35,-69
IQ:28,232,5,-89,14
IQ:29,240,255,15,76
IQ:30,248,12,67,-32
IQ:31,256,255,-24,-56
IQ:32,264,1,-6,34
IQ:33,272,255,66,29
IQ:34,280,2,96,-43
IQ:35,288,255,-76,-43
SW:2
RR:3
SS:3
FR:2480
ME:2
MA:5
KE:19
KA:54
DF_END

Data arrived...
DF_BEGIN
IQ:0,0,11,-58,-48
IQ:1,8,11,-38,60
IQ:2,16,11,73,34
IQ:3,24,11,32,-64
IQ:4,32,11,-81,-23
IQ:5,40,11,-16,67
IQ:6,48,11,75,-11
IQ:7,56,11,-2,-81
IQ:8,72,12,-205,-162
IQ:9,80,255,-256,201
IQ:10,88,1,-40,437
IQ:11,96,255,303,192
IQ:12,104,2,147,152
IQ:13,112,255,101,-12
IQ:14,120,10,-60,9
IQ:15,128,255,46,5
IQ:16,136,3,189,-92
IQ:17,144,255,1,-95
IQ:18,152,9,49,42
IQ:19,160,255,82,-81
IQ:20,168,4,114,-119
IQ:21,176,255,-27,-68
IQ:22,184,8,-46,31
IQ:23,192,255,-55,27
IQ:24,200,7,-140,203
IQ:25,208,255,140,188
IQ:26,216,6,111,-44
IQ:27,224,255,22,-148
IQ:28,232,5,7,-154
IQ:29,240,255,-34,-93
IQ:30,248,12,24,-238
IQ:31,256,255,-298,-125
IQ:32,264,1,-398,153
IQ:33,272,255,0,344
IQ:34,280,2,-88,204
IQ:35,288,255,108,84
SW:2
RR:3
SS:3
FR:2426
ME:55
MA:94
KE:22
KA:59
DF_END

Data arrived...
DF_BEGIN
IQ:0,0,11,-6,-169
IQ:1,8,11,-157,23
IQ:2,16,11,33,164
IQ:3,24,11,152,-47
IQ:4,32,11,-61,-149
IQ:5,40,11,-155,64
IQ:6,48,11,73,144
IQ:7,56,11,124,-95
IQ:8,72,12,-383,199
IQ:9,80,255,145,434
IQ:10,88,1,415,93
IQ:11,96,255,169,-282
IQ:12,104,2,134,-32
IQ:13,112,255,102,-91
IQ:14,120,10,71,-165
IQ:15,128,255,-199,-160
IQ:16,136,3,-237,-45
IQ:17,144,255,6,59
IQ:18,152,9,-39,-242
IQ:19,160,255,-228,-71
IQ:20,168,4,-45,-45
IQ:21,176,255,17,-54
IQ:22,184,8,-187,-110
IQ:23,192,255,-208,210
IQ:24,200,7,39,368
IQ:25,208,255,317,-18
IQ:26,216,6,-70,-223
IQ:27,224,255,-212,8
IQ:28,232,5,-27,1
IQ:29,240,255,-16,-140
IQ:30,248,12,-371,-239
IQ:31,256,255,-313,342
IQ:32,264,1,139,409
IQ:33,272,255,329,-19
IQ:34,280,2,106,111
IQ:35,288,255,144,12
SW:2
RR:3
SS:3
FR:2402
ME:24
MA:100
KE:22
KA:63
DF_END

Data arrived...
DF_BEGIN
IQ:0,0,11,-122,66
IQ:1,8,11,84,138
IQ:2,16,11,119,-120
IQ:3,24,11,-111,-118
IQ:4,32,11,-93,108
IQ:5,40,11,129,76
IQ:6,48,11,78,-143
IQ:7,56,11,-150,-49
IQ:8,72,12,355,256
IQ:9,80,255,320,-323
IQ:10,88,1,-97,-398
IQ:11,96,255,-335,8
IQ:12,104,2,-121,-96
IQ:13,112,255,-156,-41
IQ:14,120,10,-179,21
IQ:15,128,255,-56,246
IQ:16,136,3,77,222
IQ:17,144,255,57,-18
IQ:18,152,9,-164,143
IQ:19,160,255,65,229
IQ:20,168,4,-24,53
IQ:21,176,255,-54,25
IQ:22,184,8,-18,230
IQ:23,192,255,286,81
IQ:24,200,7,276,-219
IQ:25,208,255,-185,-248
IQ:26,216,6,-140,176
IQ:27,224,255,104,174
IQ:28,232,5,26,16
IQ:29,240,255,-101,95
IQ:30,248,12,-45,431
IQ:31,256,255,428,93
IQ:32,264,1,277,-293
IQ:33,272,255,-184,-276
IQ:34,280,2,16,-170
IQ:35,288,255,-87,-123
SW:2
RR:3
SS:3
FR:2402
ME:24
MA:97
KE:22
KA:67
DF_END

Data arrived...
DF_BEGIN
IQ:0,0,11,-47,-168
IQ:1,8,11,-180,48
IQ:2,16,11,79,156
IQ:3,24,11,136,-105
IQ:4,32,11,-111,-156
IQ:5,