KE:357
KA:354
DF_END

Data arrived...
DF_BEGIN
IQ:0,0,11,-179,10
IQ:1,8,11,9,180
IQ:2,16,11,176,-34
IQ:3,24,11,-61,-172
IQ:4,32,11,-167,56
IQ:5,40,11,72,160
IQ:6,48,11,152,-90
IQ:7,56,11,-109,-152
IQ:8,72,12,80,107
IQ:9,80,255,75,-84
IQ:10,88,1,-117,-63
IQ:11,96,255,-32,121
IQ:12,104,2,101,69
IQ:13,112,255,34,-73
IQ:14,120,10,-50,28
IQ:15,128,255,40,62
IQ:16,136,3,30,-32
IQ:17,144,255,-107,-11
IQ:18,152,9,-77,209
IQ:19,160,255,211,66
IQ:20,168,4,82,-276
IQ:21,176,255,-262,-147
IQ:22,184,8,-262,119
IQ:23,192,255,117,177
IQ:24,200,7,150,-191
IQ:25,208,255,-152,-122
IQ:26,216,6,-35,139
IQ:27,224,255,200,16
IQ:28,232,5,130,-208
IQ:29,240,255,-160,-108
IQ:30,248,12,-58,122
IQ:31,256,255,103,16
IQ:32,264,1,-15,-130
IQ:33,272,255,-132,29
IQ:34,280,2,-14,118
IQ:35,288,255,103,-35
SW:2
RR:3
SS:3
FR:2402
ME:356
MA:5
KE:357
KA:355
DF_END

Data arrived...
DF_BEGIN
IQ:0,0,11,31,-158
IQ:1,8,11,-168,-22
IQ:2,16,11,-11,165
IQ:3,24,11,162,-5
IQ:4,32,11,-41,-162
IQ:5,40,11,-147,57
IQ:6,48,11,69,160
IQ:7,56,11,140,-93
IQ:8,72,12,-146,50
IQ:9,80,255,48,134
IQ:10,88,1,123,-65
IQ:11,96,255,-61,-127
IQ:12,104,2,-103,56
IQ:13,112,255,95,96
IQ:14,120,10,204,-166
IQ:15,128,255,-84,-199
IQ:16,136,3,-92,79
IQ:17,144,255,91,105
IQ:18,152,9,109,-64
IQ:19,160,255,-66,-78
IQ:20,168,4,-39,75
IQ:21,176,255,66,15
IQ:22,184,8,-94,-100
IQ:23,192,255,-133,69
IQ:24,200,7,17,88
IQ:25,208,255,101,-29
IQ:26,216,6,-19,-115
IQ:27,224,255,-98,34
IQ:28,232,5,81,103
IQ:29,240,255,102,-87
IQ:30,248,12,-121,-95
IQ:31,256,255,-106,104
IQ:32,264,1,109,64
IQ:33,272,255,77,-111
IQ:34,280,2,-100,-58
IQ:35,288,255,-21,94
SW:2
RR:3
SS:3
FR:2480
ME:2
MA:5
KE:357
KA:356
DF_END

Data arrived...
DF_BEGIN
IQ:0,0,11,127,104
IQ:1,8,11,84,-141
IQ:2,16,11,-137,-75
IQ:3,24,11,-43,153
IQ:4,32,11,158,40
IQ:5,40,11,16,-167
IQ:6,48,11,-163,-9
IQ:7,56,11,4,153
IQ:8,72,12,9,-144
IQ:9,80,255,-154,-19
IQ:10,88,1,-12,135
IQ:11,96,255,136,2
IQ:12,104,2,-4,-115
IQ:13,112,255,-129,48
IQ:14,120,10,48,265
IQ:15,128,255,220,9
IQ:16,136,3,-30,-121
IQ:17,144,255,-136,43
IQ:18,152,9,-2,123
IQ:19,160,255,101,-10
IQ:20,168,4,-47,-72
IQ:21,176,255,-45,50
IQ:22,184,8,132,-46
IQ:23,192,255,-17,-150
IQ:24,200,7,-91,-19
IQ:25,208,255,-18,117
IQ:26,216,6,104,40
IQ:27,224,255,8,-109
IQ:28,232,5,-133,17
IQ:29,240,255,37,122
IQ:30,248,12,134,-66
IQ:31,256,255,-61,-131
IQ:32,264,1,-115,76
IQ:33,272,255,70,123
IQ:34,280,2,98,-58
IQ:35,288,255,-69,-68
SW:2
RR:3
SS:3
FR:2480
ME:2
MA:5
KE:358
KA:357
DF_END

Data arrived...
DF_BEGIN
IQ:0,0,11,-17,166
IQ:1,8,11,167,2
IQ:2,16,11,-7,-170
IQ:3,24,11,-163,20
IQ:4,32,11,38,159
IQ:5,40,11,156,-63
IQ:6,48,11,-67,-157
IQ:7,56,11,-141,82
IQ:8,72,12,150,-109
IQ:9,80,255,-114,-130
IQ:10,88,1,-130,137
IQ:11,96,255,126,127
IQ:12,104,2,124,-104
IQ:13,112,255,-117,-98
IQ:14,120,10,-94,104
IQ:15,128,255,90,75
IQ:16,136,3,65,-85
IQ:17,144,255,-56,-27
IQ:18,152,9,54,65
IQ:19,160,255,74,-66
IQ:20,168,4,-76,-58
IQ:21,176,255,-90,102
IQ:22,184,8,114,179
IQ:23,192,255,143,-101
IQ:24,200,7,-130,-104
IQ:25,208,255,-123,109
IQ:26,216,6,78,82
IQ:27,224,255,53,-127
IQ:28,232,5,-171,-92
IQ:29,240,255,-87,156
IQ:30,248,12,174,68
IQ:31,256,255,55,-163
IQ:32,264,1,-175,-41
IQ:33,272,255,-33,174
IQ:34,280,2,163,55
IQ:35,288,255,19,-133
SW:2
RR:3
SS:3
FR:2426
ME:356
MA:353
KE:357
KA:357
DF_END

Data arrived...
DF_BEGIN
IQ:0,0,11,152,99
IQ:1,8,11,88,-149
IQ:2,16,11,-167,-64
IQ:3,24,11,-52,170
IQ:4,32,11,170,18
IQ:5,40,11,4,-179
IQ:6,48,11,-181,0
IQ:7,56,11,14,175
IQ:8,72,12,-8,-142
IQ:9,80,255,-99,27
IQ:10,88,1,81,98
IQ:11,96,255,92,-102
IQ:12,104,2,-56,-105
IQ:13,112,255,-64,47
IQ:14,120,10,48,-7
IQ:15,128,255,-15,-85
IQ:16,136,3,-41,9
IQ:17,144,255,93,47
IQ:18,152,9,159,-154
IQ:19,160,255,-157,-151
IQ:20,168,4,-182,204
IQ:21,176,255,164,233
IQ:22,184,8,276,-11
IQ:23,192,255,-27,-210
IQ:24,200,7,-223,106
IQ:25,208,255,67,184
IQ:26,216,6,86,-102
IQ:27,224,255,-169,-103
IQ:28,232,5,-215,119
IQ:29,240,255,101,167
IQ:30,248,12,122,-78
IQ:31,256,255,-79,-72
IQ:32,264,1,-41,119
IQ:33,272,255,125,38
IQ:34,280,2,70,-95
IQ:35,288,255,-113,-13
SW:2
RR:3
SS:3
FR:2402
ME:359
MA:353
KE:357
KA:356
DF_END

Data arrived...
DF_BEGIN
IQ:0,0,11,-97,128
IQ:1,8,11,150,87
IQ:2,16,11,80,-132
IQ:3,24,11,-159,-60
IQ:4,32,11,-54,157
IQ:5,40,11,151,36
IQ:6,48,11,9,-163
IQ:7,56,11,-164,20
IQ:8,72,12,140,19
IQ:9,80,255,6,-140
IQ:10,88,1,-136,-23
IQ:11,96,255,-12,133
IQ:12,104,2,108,-11
IQ:13,112,255,-60,-121
IQ:14,120,10,-276,40
IQ:15,128,255,-10,204
IQ:16,136,3,110,-39
IQ:17,144,255,-31,-137
IQ:18,152,9,-130,1
IQ:19,160,255,12,100
IQ:20,168,4,63,-49
IQ:21,176,255,-48,-47
IQ:22,184,8,44,123
IQ:23,192,255,144,2
IQ:24,200,7,8,-95
IQ:25,208,255,-115,-9
IQ:26,216,6,-35,111
IQ:27,224,255,96,10
IQ:28,232,5,-22,-133
IQ:29,240,255,-126,19
IQ:30,248,12,65,127
IQ:31,256,255,145,-58
IQ:32,264,1,-71,-109
IQ:33,272,255,-121,58
IQ:34,280,2,49,98
IQ:35,288,255,59,-70
SW:2
RR:3
SS:3
FR:2480
ME:359
MA:353
KE:358
KA:356
DF_END

Data arrived...
DF_BEGIN
IQ:0,0,11,-40,-166
IQ:1,8,11,-162,51
IQ:2,16,11,64,155
IQ:3,24,11,142,-85
IQ:4,32,11,-105,-126
IQ:5,40,11,-121,120
IQ:6,48,11,120,110
IQ:7,56,11,95,-144
IQ:8,72,12,-91,164
IQ:9,80,255,154,73
IQ:10,88,1,71,-174
IQ:11,96,255,-165,-70
IQ:12,104,2,-72,153
IQ:13,112,255,150,54
IQ:14,120,10,64,-128
IQ:15,128,255,-115,-39
IQ:16,136,3,-30,98
IQ:17,144,255,58,6
IQ:18,152,9,-72,-32
IQ:19,160,255,-46,79
IQ:20,168,4,94,23
IQ:21,176,255,36,-131
IQ:22,184,8,-169,-125
IQ:23,192,255,-104,143
IQ:24,200,7,159,41
IQ:25,208,255,61,-157
IQ:26,216,6,-107,-46
IQ:27,224,255,5,129
IQ:28,232,5,194,-1
IQ:29,240,255,0,-188
IQ:30,248,12,-192,3
IQ:31,256,255,15,169
IQ:32,264,1,181,-40
IQ:33,272,255,-36,-174
IQ:34,280,2,-172,15
IQ:35,288,255,33,138
SW:2
RR:3
SS:3
FR:2426
ME:359
MA:353
KE:358
KA:355
DF_END

Data arrived...
DF_BEGIN
IQ:0,0,11,-116,-135
IQ:1,8,11,-116,124
IQ:2,16,11,141,109
IQ:3,24,11,90,-139
IQ:4,32,11,-159,-74
IQ:5,40,11,-59,166
IQ:6,48,11,165,42
IQ:7,56,11,30,-180
IQ:8,72,12,-34,185
IQ:9,80,255,180,1
IQ:10,88,1,-13,-191
IQ:11,96,255,-181,6
IQ:12,104,2,-1,173
IQ:13,112,255,156,-21
IQ:14,120,10,-15,-145
IQ:15,128,255,-125,28
IQ:16,136,3,23,105
IQ:17,144,255,63,-25
IQ:18,152,9,-80,-2
IQ:19,160,255,-8,100
IQ:20,168,4,101,-8
IQ:21,176,255,-18,-139
IQ:22,184,8,-213,-53
IQ:23,192,255,-42,178
IQ:24,200,7,160,-23
IQ:25,208,255,-10,-169
IQ:26,216,6,-123,7
IQ:27,224,255,52,124
IQ:28,232,5,186,-79
IQ:29,240,255,-86,-164
IQ:30,248,12,-174,96
IQ:31,256,255,95,145
IQ:32,264,1,157,-113
IQ:33,272,255,-97,-150
IQ:34,280,2,-152,89
IQ:35,288,255,95,119
SW:2
RR:3
SS:3
FR:2426
ME:359
MA:353
KE:358
KA:355
DF_END

Data arrived...
DF_BEGIN
IQ:0,0,11,-47,178
IQ:1,8,11,186,30
IQ:2,16,11,6,-185
IQ:3,24,11,-187,21
IQ:4,32,11,14,183
IQ:5,40,11,177,-43
IQ:6,48,11,-51,-186
IQ:7,56,11,-169,78
IQ:8,72,12,144,-76
IQ:9,80,255,-67,-96
IQ:10,88,1,-74,101
IQ:11,96,255,123,64
IQ:12,104,2,89,-87
IQ:13,112,255,-72,-51
IQ:14,120,10,11,44
IQ:15,128,255,69,-27
IQ:16,136,3,-13,-29
IQ:17,144,255,-7,91
IQ:18,152,9,198,84
IQ:19,160,255,91,-199
IQ:20,168,4,-256,-104
IQ:21,176,255,-181,242
IQ:22,184,8,102,264
IQ:23,192,255,191,-95
IQ:24,200,7,-184,-159
IQ:25,208,255,-156,134
IQ:26,216,6,131,53
IQ:27,224,255,36,-189
IQ:28,232,5,-200,-143
IQ:29,240,255,-111,171
IQ:30,248,12,134,84
IQ:31,256,255,52,-102
IQ:32,264,1,-122,-1
IQ:33,272,255,11,139
IQ:34,280,2,122,40
IQ:35,288,255,-12,-122
SW:2
RR:3
SS:3
FR:2402
ME:356
MA:356
KE:358
KA:355
DF_END

Data arrived...
DF_BEGIN
IQ:0,0,11,-103,-127
IQ:1,8,11,-108,110
IQ:2,16,11,115,94
IQ:3,24,11,78,-130
IQ:4,32,11,-147,-56
IQ:5,40,11,-53,143
IQ:6,48,11,145,42
IQ:7,56,11,33,-153
IQ:8,72,12,-35,135
IQ:9,80,255,143,38
IQ:10,88,1,5,-123
IQ:11,96,255,-122,-24
IQ:12,104,2,-15,111
IQ:13,112,255,133,-21
IQ:14,120,10,13,-262
IQ:15,128,255,-215,-52
IQ:16,136,3,17,108
IQ:17,144,255,124,-35
IQ:18,152,9,9,-112
IQ:19,160,255,-82,2
IQ:20,168,4,36,58
IQ:21,176,255,42,-49
IQ:22,184,8,-125,26
IQ:23,192,255,-10,141
IQ:24,200,7,87,32
IQ:25,208,255,20,-88
IQ:26,216,6,-84,-57
IQ:27,224,255,-21,95
IQ:28,232,5,137,12
IQ:29,240,255,0,-126
IQ:30,248,12,-141,29
IQ:31,256,255,49,136
IQ:32,264,1,118,-44
IQ:33,272,255,-61,-142
IQ:34,280,2,-95,41
IQ:35,288,255,55,59
SW:2
RR:3
SS:3
FR:2480
ME:2
MA:5
KE:358
KA:356
DF_END

Data arrived...
DF_BEGIN
IQ:0,0,11,87,146
IQ:1,8,11,129,-97
IQ:2,16,11,-110,-118
IQ:3,24,11,-115,130
IQ:4,32,11,130,99
IQ:5,40,11,72,-156
IQ:6,48,11,-156,-60
IQ:7,56,11,-53,163
IQ:8,72,12,53,-134
IQ:9,80,255,-135,-69
IQ:10,88,1,-55,118
IQ:11,96,255,120,68
IQ:12,104,2,42,-100
IQ:13,112,255,-132,6
IQ:14,120,10,-60,267
IQ:15,128,255,193,103
IQ:16,136,3,9,-116
IQ:17,144,255,-137,-15
IQ:18,152,9,-24,111
IQ:19,160,255,94,10
IQ:20,168,4,-29,-78
IQ:21,176,255,-63,37
IQ:22,184,8,142,11
IQ:23,192,255,47,-141
IQ:24,200,7,-76,-47
IQ:25,208,255,-49,103
IQ:26,216,6,85,72
IQ:27,224,255,43,-103
IQ:28,232,5,-141,-19
IQ:29,240,255,-33,139
IQ:30,248,12,144,-14
IQ:31,256,255,-11,-148
IQ:32,264,1,-135,20
IQ:33,272,255,10,135
IQ:34,280,2,105,-13
IQ:35,288,255,-43,-80
SW:2
RR:3
SS:3
FR:2480
ME:2
MA:5
KE:358
KA:357
DF_END

Data arrived...
DF_BEGIN
IQ:0,0,11,-173,-1
IQ:1,8,11,23,168
IQ:2,16,11,165,-35
IQ:3,24,11,-61,-166
IQ:4,32,11,-160,66
IQ:5,40,11,82,154
IQ:6,48,11,138,-97
IQ:7,56,11,-117,-133
IQ:8,72,12,131,136
IQ:9,80,255,109,-137
IQ:10,88,1,-156,-114
IQ:11,96,255,-99,148
IQ:12,104,2,143,93
IQ:13,112,255,91,-132
IQ:14,120,10,-118,-85
IQ:15,128,255,-51,110
IQ:16,136,3,101,48
IQ:17,144,255,10,-73
IQ:18,152,9,-59,62
IQ:19,160,255,71,69
IQ:20,168,4,54,-82
IQ:21,176,255,-121,-80
IQ:22,184,8,-156,147
IQ:23,192,255,121,148
IQ:24,200,7,90,-137
IQ:25,208,255,-137,-107
IQ:26,216,6,-82,92
IQ:27,224,255,130,37
IQ:28,232,5,66,-187
IQ:29,240,255,-185,-63
IQ:30,248,12,-62,180
IQ:31,256,255,174,35
IQ:32,264,1,37,-189
IQ:33,272,255,-178,-29
IQ:34,280,2,-23,164
IQ:35,288,255,140,-7
SW:2
RR:3
SS:3
FR:2426
ME:356
MA:353
KE:358
KA:357
DF_END

Data arrived...
DF_BEGIN
IQ:0,0,11,-55,-150
IQ:1,8,11,-138,71
IQ:2,16,11,88,123
IQ:3,24,11,111,-114
IQ:4,32,11,-119,-101
IQ:5,40,11,-103,129
IQ:6,48,11,136,95
IQ:7,56,11,73,-133
IQ:8,72,12,-70,121
IQ:9,80,255,79,32
IQ:10,88,1,-10,-106
IQ:11,96,255,-113,14
IQ:12,104,2,-31,91
IQ:13,112,255,60,20
IQ:14,120,10,-25,-13
IQ:15,128,255,-14,47
IQ:16,136,3,13,-19
IQ:17,144,255,-71,-63
IQ:18,152,9,-196,70
IQ:19,160,255,60,186
IQ:20,168,4,244,-101
IQ:21,176,255,-26,-269
IQ:22,184,8,-224,-136
IQ:23,192,255,-91,172
IQ:24,200,7,208,27
IQ:25,208,255,32,-165
IQ:26,216,6,-98,39
IQ:27,224,255,64,150
IQ:28,232,5,219,12
IQ:29,240,255,-7,-185
IQ:30,248,12,-129,-21
IQ:31,256,255,-1,87
IQ:32,264,1,68,-63
IQ:33,272,255,-71,-82
IQ:34,280,2,-94,24
IQ:35,288,255,51,67
SW:2
RR:3
SS:3
FR:2402
ME:356
MA:356
KE:358
KA:357
DF_END

Data arrived...
DF_BEGIN
IQ:0,0,11,73,-142
IQ:1,8,11,-154,-68
IQ:2,16,11,-59,151
IQ:3,24,11,152,46
IQ:4,32,11,26,-157
IQ:5,40,11,-159,-7
IQ:6,48,11,2,161
IQ:7,56,11,157,-13
IQ:8,72,12,-135,8
IQ:9,80,255,26,85
IQ:10,88,1,86,-72
IQ:11,96,255,-83,-75
IQ:12,104,2,-86,37
IQ:13,112,255,31,55
IQ:14,120,10,-7,-13
IQ:15,128,255,-51,18
IQ:16,136,3,17,8
IQ:17,144,255,2,-91
IQ:18,152,9,-168,-106
IQ:19,160,255,-111,166
IQ:20,168,4,220,134
IQ:21,176,255,194,-191
IQ:22,184,8,-30,-260
IQ:23,192,255,-192,30
IQ:24,200,7,110,179
IQ:25,208,255,147,-77
IQ:26,216,6,-104,-44
IQ:27,224,255,-65,154
IQ:28,232,5,133,179
IQ:29,240,255,152,-99
IQ:30,248,12,-66,-118
IQ:31,256,255,-67,53
IQ:32,264,1,99,40
IQ:33,272,255,22,-107
IQ:34,280,2,-78,-60
IQ:35,288,255,-27,84
SW:2
RR:3
SS:3
FR:2402
ME:356
MA:359
KE:358
KA:357
DF_END

Data arrived...
DF_BEGIN
IQ:0,0,11,102,-163
IQ:1,8,11,-166,-82
IQ:2,16,11,-54,151
IQ:3,24,11,175,29
IQ:4,32,11,27,-185
IQ:5,40,11,-181,-34
IQ:6,48,11,-5,155
IQ:7,56,11,179,-33
IQ:8,72,12,-146,-29
IQ:9,80,255,-16,146
IQ:10,88,1,148,-17
IQ:11,96,255,-5,-149
IQ:12,104,2,-126,22
IQ:13,112,255,47,126
IQ:14,120,10,270,-70
IQ:15,128,255,-18,-236
IQ:16,136,3,-125,42
IQ:17,144,255,53,132
IQ:18,152,9,137,-29
IQ:19,160,255,-30,-118
IQ:20,168,4,-58,48
IQ:21,176,255,71,39
IQ:22,184,8,-42,-149
IQ:23,192,255,-146,15
IQ:24,200,7,-4,93
IQ:25,208,255,126,-8
IQ:26,216,6,24,-124
IQ:27,224,255,-120,2
IQ:28,232,5,27,135
IQ:29,240,255,129,-43
IQ:30,248,12,-81,-123
IQ:31,256,255,-149,66
IQ:32,264,1,76,119
IQ:33,272,255,110,-76
IQ:34,280,2,-85,-97
IQ:35,288,255,-59,82
SW:2
RR:3
SS:3
FR:2480
ME:359
MA:353
KE:358
KA:357
DF_END

Data arrived...
DF_BEGIN
IQ:0,0,11,-78,-150
IQ:1,8,11,-142,84
IQ:2,16,11,110,126
IQ:3,24,11,129,-120
IQ:4,32,11,-127,-105
IQ:5,40,11,-98,139
IQ:6,48,11,143,84
IQ:7,56,11,72,-151
IQ:8,72,12,-64,176
IQ:9,80,255,164,49
IQ:10,88,1,29,-184
IQ:11,96,255,-178,-31
IQ:12,104,2,-38,165
IQ:13,112,255,156,26
IQ:14,120,10,25,-138
IQ:15,128,255,-130,-10
IQ:16,136,3,-11,109
IQ:17,144,255,62,-14
IQ:18,152,9,-87,-17
IQ:19,160,255,-32,98
IQ:20,168,4,94,6
IQ:21,176,255,10,-139
IQ:22,184,8,-199,-84
IQ:23,192,255,-85,163
IQ:24,200,7,165,19
IQ:25,208,255,39,-162
IQ:26,216,6,-113,-28
IQ:27,224,255,20,128
IQ:28,232,5,190,-15
IQ:29,240,255,-27,-179
IQ:30,248,12,-177,34
IQ:31,256,255,48,166
IQ:32,264,1,173,-51
IQ:33,272,255,-71,-162
IQ:34,280,2,-158,60
IQ:35,288,255,65,126
SW:2
RR:3
SS:3
FR:2426
ME:356
MA:353
KE:358
KA:356
DF_END

Data arrived...
DF_BEGIN
IQ:0,0,11,100,-113
IQ:1,8,11,-127,-85
IQ:2,16,11,-80,152
IQ:3,24,11,150,79
IQ:4,32,11,59,-151
IQ:5,40,11,-164,-44
IQ:6,48,11,-31,160
IQ:7,56,11,163,6
IQ:8,72,12,-128,-31
IQ:9,80,255,8,97
IQ:10,88,1,108,-49
IQ:11,96,255,-56,-110
IQ:12,104,2,-112,20
IQ:13,112,255,22,62
IQ:14,120,10,5,-40
IQ:15,128,255,-61,-13
IQ:16,136,3,-7,25
IQ:17,144,255,33,-72
IQ:18,152,9,-138,-147
IQ:19,160,255,-152,140
IQ:20,168,4,168,185
IQ:21,176,255,247,-120
IQ:22,184,8,47,-263
IQ:23,192,255,-201,-21
IQ:24,200,7,67,214
IQ:25,208,255,178,-48
IQ:26,216,6,-87,-89
IQ:27,224,255,-114,127
IQ:28,232,5,71,205
IQ:29,240,255,179,-52
IQ:30,248,12,-33,-129
IQ:31,256,255,-80,49
IQ:32,264,1,95,52
IQ:33,272,255,53,-103
IQ:34,280,2,-69,-82
IQ:35,288,255,-42,88
SW:2
RR:3
SS:3
FR:2402
ME:356
MA:353
KE:357
KA:356
DF_END

Data arrived...
DF_BEGIN
IQ:0,0,11,62,160
IQ:1,8,11,149,-78
IQ:2,16,11,-82,-146
IQ:3,24,11,-136,107
IQ:4,32,11,122,126
IQ:5,40,11,111,-117
IQ:6,48,11,-148,-101
IQ:7,56,11,-107,140
IQ:8,72,12,91,-130
IQ:9,80,255,-112,-105
IQ:10,88,1,-90,112
IQ:11,96,255,115,81
IQ:12,104,2,67,-108
IQ:13,112,255,-140,-42
IQ:14,120,10,-123,255
IQ:15,128,255,188,125
IQ:16,136,3,35,-124
IQ:17,144,255,-146,-43
IQ:18,152,9,-61,113
IQ:19,160,255,101,50
IQ:20,168,4,-4,-87
IQ:21,176,255,-83,28
IQ:22,184,8,137,37
IQ:23,192,255,79,-134
IQ:24,200,7,-71,-73
IQ:25,208,255,-81,90
IQ:26,216,6,84,102
IQ:27,224,255,65,-89
IQ:28,232,5,-132,-60
IQ:29,240,255,-50,132
IQ:30,248,12,151,22
IQ:31,256,255,39,-152
IQ:32,264,1,-142,-18
IQ:33,272,255,-26,147
IQ:34,280,2,125,10
IQ:35,288,255,-32,-94
SW:2
RR:3
SS:3
FR:2480
ME:359
MA:353
KE:357
KA:355
DF_END

Data arrived...
DF_BEGIN
IQ:0,0,11,38,-178
IQ:1,8,11,-176,-21
IQ:2,16,11,-13,178
IQ:3,24,11,179,-11
IQ:4,32,11,-38,-174
IQ:5,40,11,-180,40
IQ:6,48,11,59,158
IQ:7,56,11,154,-86
IQ:8,72,12,-165,95
IQ:9,80,255,104,135
IQ:10,88,1,150,-126
IQ:11,96,255,-126,-135
IQ:12,104,2,-135,108
IQ:13,112,255,111,115
IQ:14,120,10,106,-111
IQ:15,128,255,-99,-95
IQ:16,136,3,-79,71
IQ:17,144,255,52,40
IQ:18,152,9,-53,-73
IQ:19,160,255,-86,56
IQ:20,168,4,76,69
IQ:21,176,255,102,-104
IQ:22,184,8,-85,-202
IQ:23,192,255,-167,78
IQ:24,200,7,126,118
IQ:25,208,255,131,-111
IQ:26,216,6,-80,-98
IQ:27,224,255,-78,115
IQ:28,232,5,167,120
IQ:29,240,255,97,-156
IQ:30,248,12,-178,-83
IQ:31,256,255,-82,163
IQ:32,264,1,178,65
IQ:33,272,255,65,-174
IQ:34,280,2,-154,-69
IQ:35,288,255,-42,147
SW:2
RR:3
SS:3
FR:2426
ME:359
MA:353
KE:358
KA:355
DF_END

Data arrived...
DF_BEGIN
IQ:0,0,11,-161,58
IQ:1,8,11,80,162
IQ:2,16,11,161,-78
IQ:3,24,11,-102,-137
IQ:4,32,11,-129,122
IQ:5,40,11,125,122
IQ:6,48,11,114,-137
IQ:7,56,11,-148,-86
IQ:8,72,12,121,92
IQ:9,80,255,46,-88
IQ:10,88,1,-123,-4
IQ:11,96,255,-2,128
IQ:12,104,2,117,40
IQ:13,112,255,13,-90
IQ:14,120,10,-30,18
IQ:15,128,255,37,42
IQ:16,136,3,26,1
IQ:17,144,255,-53,41
IQ:18,152,9,45,184
IQ:19,160,255,180,-49
IQ:20,168,4,-81,-233
IQ:21,176,255,-269,14
IQ:22,184,8,-157,233
IQ:23,192,255,182,97
IQ:24,200,7,24,-236
IQ:25,208,255,-190,-49
IQ:26,216,6,29,117
IQ:27,224,255,164,-65
IQ:28,232,5,6,-234
IQ:29,240,255,-197,-23
IQ:30,248,12,-15,149
IQ:31,256,255,108,-4
IQ:32,264,1,-47,-102
IQ:33,272,255,-98,76
IQ:34,280,2,22,120
IQ:35,288,255,79,-67
SW:2
RR:3
SS:3
FR:2402
ME:356
MA:353
KE:357
KA:355
DF_END

Data arrived...
DF_BEGIN
IQ:0,0,11,-142,96
IQ:1,8,11,128,118
IQ:2,16,11,128,-135
IQ:3,24,11,-141,-103
IQ:4,32,11,-86,152
IQ:5,40,11,159,73
IQ:6,48,11,62,-172
IQ:7,56,11,-164,-65
IQ:8,72,12,146,57
IQ:9,80,255,24,-109
IQ:10,88,1,-110,20
IQ:11,96,255,37,117
IQ:12,104,2,125,5
IQ:13,112,255,-3,-87
IQ:14,120,10,-32,25
IQ:15,128,255,48,38
IQ:16,136,3,13,-9
IQ:17,144,255,-36,56
IQ:18,152,9,89,174
IQ:19,160,255,158,-87
IQ:20,168,4,-140,-193
IQ:21,176,255,-252,97
IQ:22,184,8,-94,262
IQ:23,192,255,202,41
IQ:24,200,7,-32,-235
IQ:25,208,255,-194,-1
IQ:26,216,6,62,98
IQ:27,224,255,137,-103
IQ:28,232,5,-50,-232
IQ:29,240,255,-197,17
IQ:30,248,12,21,146
IQ:31,256,255,102,-29
IQ:32,264,1,-83,-80
IQ:33,272,255,-85,91
IQ:34,280,2,44,104
IQ:35,288,255,58,-87
SW:2
RR:3
SS:3
FR:2402
ME:356
MA:353
KE:357
KA:354
DF_END