Data arrived...
DF_BEGIN
IQ:0,0,11,102,115
IQ:1,8,11,111,-118
IQ:2,16,11,-133,-96
IQ:3,24,11,-86,140
IQ:4,32,11,140,64
IQ:5,40,11,53,-152
IQ:6,48,11,-155,-40
IQ:7,56,11,-19,152
IQ:8,72,12,1,-24
IQ:9,80,255,-42,-22
IQ:10,88,1,16,-18
IQ:11,96,255,18,-11
IQ:12,104,2,-35,-20
IQ:13,112,255,-55,41
IQ:14,120,10,-28,58
IQ:15,128,255,107,-23
IQ:16,136,3,108,-257
IQ:17,144,255,-213,-98
IQ:18,152,9,-69,193
IQ:19,160,255,132,-22
IQ:20,168,4,-188,-277
IQ:21,176,255,-262,101
IQ:22,184,8,155,162
IQ:23,192,255,143,-164
IQ:24,200,7,-224,-154
IQ:25,208,255,-169,169
IQ:26,216,6,102,75
IQ:27,224,255,8,-95
IQ:28,232,5,-223,88
IQ:29,240,255,11,220
IQ:30,248,12,25,1
IQ:31,256,255,-9,-51
IQ:32,264,1,16,-3
IQ:33,272,255,26,8
IQ:34,280,2,3,-27
IQ:35,288,255,-78,12
SW:2
RR:3
SS:3
FR:2402
ME:10
MA:327
KE:11
KA:349
DF_END

Data arrived...
DF_BEGIN
IQ:0,0,11,-117,-54
IQ:1,8,11,-52,130
IQ:2,16,11,123,25
IQ:3,24,11,22,-142
IQ:4,32,11,-137,-2
IQ:5,40,11,-3,126
IQ:6,48,11,130,-22
IQ:7,56,11,-41,-125
IQ:8,72,12,-57,-34
IQ:9,80,255,-94,126
IQ:10,88,1,57,135
IQ:11,96,255,124,-76
IQ:12,104,2,-59,-55
IQ:13,112,255,-165,187
IQ:14,120,10,-260,471
IQ:15,128,255,133,128
IQ:16,136,3,-354,-212
IQ:17,144,255,-133,449
IQ:18,152,9,716,394
IQ:19,160,255,350,-492
IQ:20,168,4,-434,15
IQ:21,176,255,46,378
IQ:22,184,8,508,-117
IQ:23,192,255,-120,-379
IQ:24,200,7,-387,374
IQ:25,208,255,294,398
IQ:26,216,6,194,-174
IQ:27,224,255,-160,-82
IQ:28,232,5,35,362
IQ:29,240,255,332,78
IQ:30,248,12,-4,-57
IQ:31,256,255,-174,-20
IQ:32,264,1,-79,122
IQ:33,272,255,136,43
IQ:34,280,2,12,-79
IQ:35,288,255,-72,-61
SW:2
RR:3
SS:3
FR:2480
ME:359
MA:5
KE:9
KA:349
DF_END

Data arrived...
DF_BEGIN
IQ:0,0,11,-65,-168
IQ:1,8,11,-156,85
IQ:2,16,11,90,152
IQ:3,24,11,145,-103
IQ:4,32,11,-123,-130
IQ:5,40,11,-118,123
IQ:6,48,11,142,111
IQ:7,56,11,95,-151
IQ:8,72,12,5,146
IQ:9,80,255,175,45
IQ:10,88,1,47,-116
IQ:11,96,255,-129,-48
IQ:12,104,2,-5,106
IQ:13,112,255,148,43
IQ:14,120,10,113,-60
IQ:15,128,255,-133,-63
IQ:16,136,3,-234,181
IQ:17,144,255,175,140
IQ:18,152,9,123,-278
IQ:19,160,255,-250,-60
IQ:20,168,4,-13,390
IQ:21,176,255,293,39
IQ:22,184,8,-130,-290
IQ:23,192,255,-266,131
IQ:24,200,7,216,212
IQ:25,208,255,241,-179
IQ:26,216,6,-112,-140
IQ:27,224,255,-43,106
IQ:28,232,5,280,-60
IQ:29,240,255,11,-245
IQ:30,248,12,-122,84
IQ:31,256,255,57,175
IQ:32,264,1,130,-24
IQ:33,272,255,-15,-139
IQ:34,280,2,-102,42
IQ:35,288,255,82,94
SW:2
RR:3
SS:3
FR:2426
ME:2
MA:353
KE:8
KA:348
DF_END

Data arrived...
DF_BEGIN
IQ:0,0,11,104,-146
IQ:1,8,11,-147,-94
IQ:2,16,11,-60,158
IQ:3,24,11,164,42
IQ:4,32,11,24,-167
IQ:5,40,11,-175,-10
IQ:6,48,11,-6,168
IQ:7,56,11,172,-12
IQ:8,72,12,-112,81
IQ:9,80,255,49,164
IQ:10,88,1,120,-25
IQ:11,96,255,-22,-139
IQ:12,104,2,-98,46
IQ:13,112,255,54,144
IQ:14,120,10,106,62
IQ:15,128,255,-27,-133
IQ:16,136,3,-289,-52
IQ:17,144,255,2,232
IQ:18,152,9,295,-58
IQ:19,160,255,-98,-228
IQ:20,168,4,-288,236
IQ:21,176,255,181,233
IQ:22,184,8,153,-295
IQ:23,192,255,-252,-157
IQ:24,200,7,-70,294
IQ:25,208,255,280,87
IQ:26,216,6,50,-172
IQ:27,224,255,-120,28
IQ:28,232,5,195,208
IQ:29,240,255,218,-122
IQ:30,248,12,-135,-56
IQ:31,256,255,-102,142
IQ:32,264,1,99,81
IQ:33,272,255,95,-106
IQ:34,280,2,-91,-58
IQ:35,288,255,-36,119
SW:2
RR:3
SS:3
FR:2426
ME:5
MA:359
KE:7
KA:348
DF_END

Data arrived...
DF_BEGIN
IQ:0,0,11,121,152
IQ:1,8,11,123,-121
IQ:2,16,11,-142,-136
IQ:3,24,11,-126,144
IQ:4,32,11,159,107
IQ:5,40,11,79,-163
IQ:6,48,11,-187,-57
IQ:7,56,11,-55,178
IQ:8,72,12,23,3
IQ:9,80,255,-25,-43
IQ:10,88,1,0,-46
IQ:11,96,255,18,4
IQ:12,104,2,-37,-18
IQ:13,112,255,-84,37
IQ:14,120,10,-69,35
IQ:15,128,255,131,7
IQ:16,136,3,243,-313
IQ:17,144,255,-260,-213
IQ:18,152,9,-144,246
IQ:19,160,255,170,11
IQ:20,168,4,-268,-367
IQ:21,176,255,-365,157
IQ:22,184,8,158,268
IQ:23,192,255,246,-178
IQ:24,200,7,-256,-293
IQ:25,208,255,-300,164
IQ:26,216,6,113,127
IQ:27,224,255,28,-117
IQ:28,232,5,-297,101
IQ:29,240,255,-13,305
IQ:30,248,12,3,27
IQ:31,256,255,21,-62
IQ:32,264,1,35,-14
IQ:33,272,255,33,9
IQ:34,280,2,-20,-42
IQ:35,288,255,-93,-6
SW:2
RR:3
SS:3
FR:2402
ME:49
MA:75
KE:11
KA:355
DF_END

Data arrived...
DF_BEGIN
IQ:0,0,11,-108,-95
IQ:1,8,11,-84,96
IQ:2,16,11,108,62
IQ:3,24,11,51,-120
IQ:4,32,11,-146,-51
IQ:5,40,11,-38,113
IQ:6,48,11,118,-3
IQ:7,56,11,3,-148
IQ:8,72,12,-57,-64
IQ:9,80,255,-114,101
IQ:10,88,1,2,133
IQ:11,96,255,115,-50
IQ:12,104,2,-45,-64
IQ:13,112,255,-211,117
IQ:14,120,10,-337,402
IQ:15,128,255,142,162
IQ:16,136,3,-269,-329
IQ:17,144,255,-260,376
IQ:18,152,9,572,555
IQ:19,160,255,413,-402
IQ:20,168,4,-417,-85
IQ:21,176,255,-39,387
IQ:22,184,8,520,-15
IQ:23,192,255,-32,-394
IQ:24,200,7,-445,294
IQ:25,208,255,179,453
IQ:26,216,6,215,-104
IQ:27,224,255,-139,-147
IQ:28,232,5,-75,369
IQ:29,240,255,292,135
IQ:30,248,12,-3,-68
IQ:31,256,255,-166,-36
IQ:32,264,1,-96,107
IQ:33,272,255,105,80
IQ:34,280,2,31,-74
IQ:35,288,255,-60,-72
SW:2
RR:3
SS:3
FR:2480
ME:359
MA:5
KE:10
KA:356
DF_END

Data arrived...
DF_BEGIN
IQ:0,0,11,65,-162
IQ:1,8,11,-166,-57
IQ:2,16,11,-34,164
IQ:3,24,11,167,-3
IQ:4,32,11,-8,-183
IQ:5,40,11,-165,18
IQ:6,48,11,51,163
IQ:7,56,11,176,-39
IQ:8,72,12,-104,118
IQ:9,80,255,93,147
IQ:10,88,1,117,-61
IQ:11,96,255,-60,-123
IQ:12,104,2,-78,78
IQ:13,112,255,80,135
IQ:14,120,10,102,32
IQ:15,128,255,-69,-122
IQ:16,136,3,-291,15
IQ:17,144,255,32,226
IQ:18,152,9,266,-120
IQ:19,160,255,-151,-203
IQ:20,168,4,-273,287
IQ:21,176,255,185,229
IQ:22,184,8,107,-305
IQ:23,192,255,-274,-85
IQ:24,200,7,11,302
IQ:25,208,255,289,29
IQ:26,216,6,3,-174
IQ:27,224,255,-111,43
IQ:28,232,5,236,140
IQ:29,240,255,174,-183
IQ:30,248,12,-146,-23
IQ:31,256,255,-78,167
IQ:32,264,1,107,67
IQ:33,272,255,65,-125
IQ:34,280,2,-103,-25
IQ:35,288,255,12,128
SW:2
RR:3
SS:3
FR:2426
ME:5
MA:353
KE:9
KA:355
DF_END

Data arrived...
DF_BEGIN
IQ:0,0,11,151,57
IQ:1,8,11,31,-156
IQ:2,16,11,-172,-36
IQ:3,24,11,-15,176
IQ:4,32,11,169,16
IQ:5,40,11,-20,-165
IQ:6,48,11,-175,39
IQ:7,56,11,37,155
IQ:8,72,12,23,-23
IQ:9,80,255,-50,-22
IQ:10,88,1,-14,-19
IQ:11,96,255,7,-24
IQ:12,104,2,-34,10
IQ:13,112,255,-49,69
IQ:14,120,10,-32,69
IQ:15,128,255,96,-86
IQ:16,136,3,-13,-334
IQ:17,144,255,-288,2
IQ:18,152,9,49,237
IQ:19,160,255,128,-85
IQ:20,168,4,-379,-144
IQ:21,176,255,-196,285
IQ:22,184,8,251,107
IQ:23,192,255,67,-238
IQ:24,200,7,-313,-50
IQ:25,208,255,-64,277
IQ:26,216,6,154,14
IQ:27,224,255,-58,-101
IQ:28,232,5,-173,225
IQ:29,240,255,119,228
IQ:30,248,12,24,22
IQ:31,256,255,-31,-57
IQ:32,264,1,10,-16
IQ:33,272,255,7,6
IQ:34,280,2,-25,-25
IQ:35,288,255,-80,41
SW:2
RR:3
SS:3
FR:2402
ME:49
MA:75
KE:13
KA:2
DF_END

Data arrived...
DF_BEGIN
IQ:0,0,11,23,165
IQ:1,8,11,155,-42
IQ:2,16,11,-58,-163
IQ:3,24,11,-157,66
IQ:4,32,11,84,147
IQ:5,40,11,130,-110
IQ:6,48,11,-120,-118
IQ:7,56,11,-117,128
IQ:8,72,12,21,12
IQ:9,80,255,-5,-55
IQ:10,88,1,4,-29
IQ:11,96,255,14,3
IQ:12,104,2,-18,-16
IQ:13,112,255,-88,-11
IQ:14,120,10,-64,10
IQ:15,128,255,120,43
IQ:16,136,3,260,-211
IQ:17,144,255,-172,-233
IQ:18,152,9,-194,160
IQ:19,160,255,146,55
IQ:20,168,4,-65,-401
IQ:21,176,255,-340,-17
IQ:22,184,8,63,260
IQ:23,192,255,258,-65
IQ:24,200,7,-105,-320
IQ:25,208,255,-286,64
IQ:26,216,6,61,138
IQ:27,224,255,65,-100
IQ:28,232,5,-272,-29
IQ:29,240,255,-114,242
IQ:30,248,12,7,35
IQ:31,256,255,34,-54
IQ:32,264,1,26,-9
IQ:33,272,255,1,28
IQ:34,280,2,0,-32
IQ:35,288,255,-84,-37
SW:2
RR:3
SS:3
FR:2402
ME:52
MA:72
KE:17
KA:10
DF_END

Data arrived...
DF_BEGIN
IQ:0,0,11,-130,-63
IQ:1,8,11,-39,111
IQ:2,16,11,123,20
IQ:3,24,11,30,-151
IQ:4,32,11,-132,-14
IQ:5,40,11,6,135
IQ:6,48,11,128,-46
IQ:7,56,11,-54,-139
IQ:8,72,12,-55,-43
IQ:9,80,255,-80,115
IQ:10,88,1,45,119
IQ:11,96,255,92,-91
IQ:12,104,2,-52,-61
IQ:13,112,255,-155,193
IQ:14,120,10,-228,491
IQ:15,128,255,161,102
IQ:16,136,3,-346,-222
IQ:17,144,255,-97,445
IQ:18,152,9,741,351
IQ:19,160,255,313,-535
IQ:20,168,4,-433,8
IQ:21,176,255,64,357
IQ:22,184,8,508,-125
IQ:23,192,255,-139,-377
IQ:24,200,7,-350,411
IQ:25,208,255,312,351
IQ:26,216,6,170,-176
IQ:27,224,255,-175,-63
IQ:28,232,5,66,360
IQ:29,240,255,334,47
IQ:30,248,12,-8,-60
IQ:31,256,255,-162,-9
IQ:32,264,1,-83,104
IQ:33,272,255,136,38
IQ:34,280,2,12,-77
IQ:35,288,255,-72,-72
SW:2
RR:3
SS:3
FR:2480
ME:356
MA:5
KE:15
KA:10
DF_END

Data arrived...
DF_BEGIN
IQ:0,0,11,-120,-38
IQ:1,8,11,-30,127
IQ:2,16,11,123,47
IQ:3,24,11,29,-121
IQ:4,32,11,-141,7
IQ:5,40,11,17,137
IQ:6,48,11,130,-21
IQ:7,56,11,-13,-128
IQ:8,72,12,-65,-29
IQ:9,80,255,-73,157
IQ:10,88,1,60,140
IQ:11,96,255,95,-68
IQ:12,104,2,-50,-33
IQ:13,112,255,-162,156
IQ:14,120,10,-248,473
IQ:15,128,255,164,121
IQ:16,136,3,-319,-217
IQ:17,144,255,-108,454
IQ:18,152,9,741,381
IQ:19,160,255,341,-499
IQ:20,168,4,-412,48
IQ:21,176,255,54,390
IQ:22,184,8,493,-74
IQ:23,192,255,-93,-380
IQ:24,200,7,-338,385
IQ:25,208,255,303,392
IQ:26,216,6,170,-154
IQ:27,224,255,-179,-87
IQ:28,232,5,55,340
IQ:29,240,255,349,69
IQ:30,248,12,-5,-59
IQ:31,256,255,-159,11
IQ:32,264,1,-68,97
IQ:33,272,255,140,33
IQ:34,280,2,31,-53
IQ:35,288,255,-71,-68
SW:2
RR:3
SS:3
FR:2480
ME:359
MA:5
KE:13
KA:10
DF_END

Data arrived...
DF_BEGIN
IQ:0,0,11,93,-150
IQ:1,8,11,-157,-80
IQ:2,16,11,-44,168
IQ:3,24,11,174,38
IQ:4,32,11,20,-179
IQ:5,40,11,-185,-11
IQ:6,48,11,8,168
IQ:7,56,11,175,-18
IQ:8,72,12,-108,98
IQ:9,80,255,80,164
IQ:10,88,1,125,-26
IQ:11,96,255,-21,-139
IQ:12,104,2,-86,50
IQ:13,112,255,59,142
IQ:14,120,10,103,66
IQ:15,128,255,-41,-134
IQ:16,136,3,-299,-55
IQ:17,144,255,-9,220
IQ:18,152,9,302,-83
IQ:19,160,255,-101,-230
IQ:20,168,4,-299,249
IQ:21,176,255,176,248
IQ:22,184,8,165,-282
IQ:23,192,255,-253,-145
IQ:24,200,7,-66,297
IQ:25,208,255,277,76
IQ:26,216,6,34,-172
IQ:27,224,255,-128,37
IQ:28,232,5,207,196
IQ:29,240,255,207,-145
IQ:30,248,12,-147,-50
IQ:31,256,255,-103,161
IQ:32,264,1,96,77
IQ:33,272,255,87,-114
IQ:34,280,2,-95,-47
IQ:35,288,255,-34,117
SW:2
RR:3
SS:3
FR:2426
ME:5
MA:353
KE:12
KA:9
DF_END

Data arrived...
DF_BEGIN
IQ:0,0,11,117,166
IQ:1,8,11,145,-140
IQ:2,16,11,-160,-138
IQ:3,24,11,-115,166
IQ:4,32,11,181,87
IQ:5,40,11,97,-173
IQ:6,48,11,-181,-78
IQ:7,56,11,-51,193
IQ:8,72,12,54,-11
IQ:9,80,255,-49,-66
IQ:10,88,1,-15,-34
IQ:11,96,255,29,9
IQ:12,104,2,-26,-7
IQ:13,112,255,-94,22
IQ:14,120,10,-91,71
IQ:15,128,255,165,-21
IQ:16,136,3,181,-393
IQ:17,144,255,-329,-159
IQ:18,152,9,-104,308
IQ:19,160,255,207,-9
IQ:20,168,4,-286,-402
IQ:21,176,255,-374,196
IQ:22,184,8,220,255
IQ:23,192,255,228,-217
IQ:24,200,7,-321,-257
IQ:25,208,255,-270,237
IQ:26,216,6,165,129
IQ:27,224,255,32,-152
IQ:28,232,5,-326,122
IQ:29,240,255,-6,321
IQ:30,248,12,29,34
IQ:31,256,255,24,-79
IQ:32,264,1,12,-32
IQ:33,272,255,10,23
IQ:34,280,2,-2,-23
IQ:35,288,255,-97,12
SW:2
RR:3
SS:3
FR:2402
ME:353
MA:5
KE:11
KA:9
DF_END

Data arrived...
DF_BEGIN
IQ:0,0,11,-64,107
IQ:1,8,11,113,50
IQ:2,16,11,50,-105
IQ:3,24,11,-116,-34
IQ:4,32,11,-38,129
IQ:5,40,11,133,19
IQ:6,48,11,4,-137
IQ:7,56,11,-122,22
IQ:8,72,12,-57,62
IQ:9,80,255,125,118
IQ:10,88,1,159,-37
IQ:11,96,255,-67,-143
IQ:12,104,2,-74,47
IQ:13,112,255,151,193
IQ:14,120,10,438,342
IQ:15,128,255,151,-136
IQ:16,136,3,-303,289
IQ:17,144,255,421,192
IQ:18,152,9,459,-701
IQ:19,160,255,-457,-413
IQ:20,168,4,-42,414
IQ:21,176,255,400,5
IQ:22,184,8,-3,-544
IQ:23,192,255,-401,37
IQ:24,200,7,343,439
IQ:25,208,255,446,-220
IQ:26,216,6,-136,-212
IQ:27,224,255,-120,144
IQ:28,232,5,368,18
IQ:29,240,255,126,-319
IQ:30,248,12,-74,-10
IQ:31,256,255,-28,175
IQ:32,264,1,121,85
IQ:33,272,255,89,-139
IQ:34,280,2,-67,-42
IQ:35,288,255,-65,69
SW:2
RR:3
SS:3
FR:2480
ME:356
MA:5
KE:9
KA:9
DF_END

Data arrived...
DF_BEGIN
IQ:0,0,11,115,146
IQ:1,8,11,127,-129
IQ:2,16,11,-137,-122
IQ:3,24,11,-127,140
IQ:4,32,11,141,110
IQ:5,40,11,82,-166
IQ:6,48,11,-164,-72
IQ:7,56,11,-36,177
IQ:8,72,12,-46,-154
IQ:9,80,255,-184,1
IQ:10,88,1,-13,122
IQ:11,96,255,143,18
IQ:12,104,2,-11,-109
IQ:13,112,255,-155,-5
IQ:14,120,10,-85,84
IQ:15,128,255,143,4
IQ:16,136,3,154,-260
IQ:17,144,255,-210,-88
IQ:18,152,9,-28,305
IQ:19,160,255,257,-23
IQ:20,168,4,-87,-385
IQ:21,176,255,-285,65
IQ:22,184,8,201,262
IQ:23,192,255,249,-165
IQ:24,200,7,-249,-183
IQ:25,208,255,-186,223
IQ:26,216,6,150,93
IQ:27,224,255,-1,-124
IQ:28,232,5,-258,129
IQ:29,240,255,52,258
IQ:30,248,12,85,-128
IQ:31,256,255,-116,-151
IQ:32,264,1,-112,66
IQ:33,272,255,72,127
IQ:34,280,2,86,-72
IQ:35,288,255,-111,-75
SW:2
RR:3
SS:3
FR:2426
ME:5
MA:353
KE:9
KA:8
DF_END

Data arrived...
DF_BEGIN
IQ:0,0,11,141,-75
IQ:1,8,11,-65,-137
IQ:2,16,11,-130,86
IQ:3,24,11,96,121
IQ:4,32,11,108,-113
IQ:5,40,11,-120,-93
IQ:6,48,11,-90,124
IQ:7,56,11,137,67
IQ:8,72,12,-5,-38
IQ:9,80,255,-49,35
IQ:10,88,1,-14,15
IQ:11,96,255,10,-27
IQ:12,104,2,-29,11
IQ:13,112,255,0,78
IQ:14,120,10,55,63
IQ:15,128,255,2,-123
IQ:16,136,3,-260,-170
IQ:17,144,255,-141,207
IQ:18,152,9,205,98
IQ:19,160,255,10,-149
IQ:20,168,4,-311,165
IQ:21,176,255,102,285
IQ:22,184,8,198,-121
IQ:23,192,255,-139,-197
IQ:24,200,7,-217,181
IQ:25,208,255,133,218
IQ:26,216,6,105,-99
IQ:27,224,255,-95,-37
IQ:28,232,5,51,241
IQ:29,240,255,235,48
IQ:30,248,12,31,-21
IQ:31,256,255,-56,-14
IQ:32,264,1,-18,8
IQ:33,272,255,26,1
IQ:34,280,2,-25,-13
IQ:35,288,255,-21,74
SW:2
RR:3
SS:3
FR:2402
ME:356
MA:5
KE:7
KA:9
DF_END

Data arrived...
DF_BEGIN
IQ:0,0,11,-111,-109
IQ:1,8,11,-94,121
IQ:2,16,11,124,76
IQ:3,24,11,64,-144
IQ:4,32,11,-142,-65
IQ:5,40,11,-48,145
IQ:6,48,11,150,28
IQ:7,56,11,-1,-154
IQ:8,72,12,-29,21
IQ:9,80,255,51,42
IQ:10,88,1,12,-2
IQ:11,96,255,-37,4
IQ:12,104,2,18,26
IQ:13,112,255,70,-38
IQ:14,120,10,34,-69
IQ:15,128,255,-116,31
IQ:16,136,3,-72,285
IQ:17,144,255,241,52
IQ:18,152,9,4,-228
IQ:19,160,255,-144,51
IQ:20,168,4,263,212
IQ:21,176,255,229,-184
IQ:22,184,8,-184,-146
IQ:23,192,255,-119,198
IQ:24,200,7,270,121
IQ:25,208,255,156,-205
IQ:26,216,6,-126,-73
IQ:27,224,255,1,107
IQ:28,232,5,190,-147
IQ:29,240,255,-59,-221
IQ:30,248,12,-41,-24
IQ:31,256,255,0,69
IQ:32,264,1,-3,13
IQ:33,272,255,-26,-27
IQ:34,280,2,-8,22
IQ:35,288,255,88,-3
SW:2
RR:3
SS:3
FR:2402
ME:356
MA:5
KE:6
KA:9
DF_END

Data arrived...
DF_BEGIN
IQ:0,0,11,-121,-51
IQ:1,8,11,-59,105
IQ:2,16,11,118,54
IQ:3,24,11,32,-118
IQ:4,32,11,-132,-8
IQ:5,40,11,6,133
IQ:6,48,11,126,-31
IQ:7,56,11,-34,-130
IQ:8,72,12,-56,-31
IQ:9,80,255,-76,130
IQ:10,88,1,47,133
IQ:11,96,255,117,-54
IQ:12,104,2,-50,-59
IQ:13,112,255,-149,183
IQ:14,120,10,-205,472
IQ:15,128,255,180,90
IQ:16,136,3,-355,-234
IQ:17,144,255,-125,441
IQ:18,152,9,723,385
IQ:19,160,255,314,-511
IQ:20,168,4,-426,12
IQ:21,176,255,57,377
IQ:22,184,8,510,-138
IQ:23,192,255,-112,-370
IQ:24,200,7,-364,383
IQ:25,208,255,288,382
IQ:26,216,6,188,-156
IQ:27,224,255,-147,-83
IQ:28,232,5,62,366
IQ:29,240,255,337,75
IQ:30,248,12,-11,-50
IQ:31,256,255,-167,14
IQ:32,264,1,-82,127
IQ:33,272,255,133,66
IQ:34,280,2,28,-79
IQ:35,288,255,-61,-42
SW:2
RR:3
SS:3
FR:2480
ME:359
MA:5
KE:5
KA:9
DF_END

Data arrived...
DF_BEGIN
IQ:0,0,11,-173,44
IQ:1,8,11,48,171
IQ:2,16,11,160,-69
IQ:3,24,11,-80,-159
IQ:4,32,11,-158,79
IQ:5,40,11,99,140
IQ:6,48,11,123,-122
IQ:7,56,11,-141,-108
IQ:8,72,12,147,10
IQ:9,80,255,59,-168
IQ:10,88,1,-118,-57
IQ:11,96,255,-64,128
IQ:12,104,2,119,26
IQ:13,112,255,62,-155
IQ:14,120,10,-39,-108
IQ:15,128,255,-53,121
IQ:16,136,3,188,221
IQ:17,144,255,154,-181
IQ:18,152,9,-268,-144
IQ:19,160,255,-94,247
IQ:20,168,4,383,58
IQ:21,176,255,44,-297
IQ:22,184,8,-308,107
IQ:23,192,255,109,271
IQ:24,200,7,250,-193
IQ:25,208,255,-150,-239
IQ:26,216,6,-137,100
IQ:27,224,255,105,49
IQ:28,232,5,-31,-297
IQ:29,240,255,-265,-42
IQ:30,248,12,66,130
IQ:31,256,255,180,-26
IQ:32,264,1,-21,-127
IQ:33,272,255,-143,9
IQ:34,280,2,49,105
IQ:35,288,255,105,-68
SW:2
RR:3
SS:3
FR:2426
ME:2
MA:353
KE:4
KA:7
DF_END

Data arrived...
DF_BEGIN
IQ:0,0,11,-131,112
IQ:1,8,11,129,113
IQ:2,16,11,108,-136
IQ:3,24,11,-144,-93
IQ:4,32,11,-72,161
IQ:5,40,11,162,62
IQ:6,48,11,47,-163
IQ:7,56,11,-174,-31
IQ:8,72,12,130,-64
IQ:9,80,255,-32,-176
IQ:10,88,1,-131,11
IQ:11,96,255,16,145
IQ:12,104,2,107,-40
IQ:13,112,255,-36,-159
IQ:14,120,10,-98,-77
IQ:15,128,255,12,142
IQ:16,136,3,264,106
IQ:17,144,255,52,-229
IQ:18,152,9,-300,12
IQ:19,160,255,71,239
IQ:20,168,4,342,-203
IQ:21,176,255,-117,-278
IQ:22,184,8,-219,244
IQ:23,192,255,216,195
IQ:24,200,7,126,-286
IQ:25,208,255,-254,-144
IQ:26,216,6,-77,162
IQ:27,224,255,122,-5
IQ:28,232,5,-183,-229
IQ:29,240,255,-238,105
IQ:30,248,12,128,64
IQ:31,256,255,139,-118
IQ:32,264,1,-73,-107
IQ:33,272,255,-107,84
IQ:34,280,2,91,61
IQ:35,288,255,56,-120
SW:2
RR:3
SS:3
FR:2426
ME:5
MA:353
KE:4
KA:5
DF_END

Data arrived...
DF_BEGIN
IQ:0,0,11,38,144
IQ:1,8,11,141,-43
IQ:2,16,11,-59,-133
IQ:3,24,11,-131,70
IQ:4,32,11,81,123
IQ:5,40,11,116,-101
IQ:6,48,11,-98,-130
IQ:7,56,11,-104,98
IQ:8,72,12,43,0
IQ:9,80,255,-29,-60
IQ:10,88,1,7,-20
IQ:11,96,255,27,6
IQ:12,104,2,-7,-27
IQ:13,112,255,-78,-11
IQ:14,120,10,-68,31
IQ:15,128,255,117,25
IQ:16,136,3,204,-217
IQ:17,144,255,-167,-178
IQ:18,152,9,-139,175
IQ:19,160,255,137,31
IQ:20,168,4,-107,-316
IQ:21,176,255,-298,28
IQ:22,184,8,73,218
IQ:23,192,255,205,-107
IQ:24,200,7,-130,-257
IQ:25,208,255,-250,95
IQ:26,216,6,65,128
IQ:27,224,255,46,-81
IQ:28,232,5,-232,-1
IQ:29,240,255,-75,214
IQ:30,248,12,22,36
IQ:31,256,255,30,-60
IQ:32,264,1,10,-9
IQ:33,272,255,7,30
IQ:34,280,2,15,-13
IQ:35,288,255,-66,-25
SW:2
RR:3
SS:3
FR:2402
ME:356
MA:5
KE:3
KA:5
DF_END

Data arrived...
DF_BEGIN
IQ:0,0,11,-103,109
IQ:1,8,11,12