IQ:31,256,255,45,-194
IQ:32,264,1,-98,182
IQ:33,272,255,114,144
IQ:34,280,2,-48,-70
IQ:35,288,255,-137,-9
SW:2
RR:3
SS:3
FR:2426
ME:41
MA:237
KE:19
KA:263
DF_END

Data arrived...
DF_BEGIN
IQ:0,0,11,14,-151
IQ:1,8,11,-149,-14
IQ:2,16,11,1,149
IQ:3,24,11,142,-23
IQ:4,32,11,-46,-144
IQ:5,40,11,-142,58
IQ:6,48,11,60,136
IQ:7,56,11,123,-80
IQ:8,72,12,22,129
IQ:9,80,255,107,-4
IQ:10,88,1,-47,-62
IQ:11,96,255,-107,40
IQ:12,104,2,-67,75
IQ:13,112,255,57,-5
IQ:14,120,10,-34,-185
IQ:15,128,255,-175,41
IQ:16,136,3,-4,181
IQ:17,144,255,111,-40
IQ:18,152,9,-173,-126
IQ:19,160,255,-149,175
IQ:20,168,4,133,222
IQ:21,176,255,162,-61
IQ:22,184,8,-134,-8
IQ:23,192,255,-42,133
IQ:24,200,7,5,9
IQ:25,208,255,-40,-36
IQ:26,216,6,-123,16
IQ:27,224,255,68,123
IQ:28,232,5,251,-70
IQ:29,240,255,-33,-207
IQ:30,248,12,-86,84
IQ:31,256,255,84,79
IQ:32,264,1,11,-67
IQ:33,272,255,-93,-57
IQ:34,280,2,-103,-9
IQ:35,288,255,36,73
SW:2
RR:3
SS:3
FR:2402
ME:2
MA:5
KE:17
KA:271
DF_END

Data arrived...
DF_BEGIN
IQ:0,0,11,-146,-12
IQ:1,8,11,-5,150
IQ:2,16,11,153,-11
IQ:3,24,11,-19,-150
IQ:4,32,11,-148,31
IQ:5,40,11,46,142
IQ:6,48,11,139,-56
IQ:7,56,11,-65,-137
IQ:8,72,12,135,-24
IQ:9,80,255,-8,-116
IQ:10,88,1,-67,44
IQ:11,96,255,38,109
IQ:12,104,2,69,66
IQ:13,112,255,-7,-57
IQ:14,120,10,-188,44
IQ:15,128,255,29,169
IQ:16,136,3,177,-7
IQ:17,144,255,-44,-116
IQ:18,152,9,-132,154
IQ:19,160,255,172,148
IQ:20,168,4,221,-130
IQ:21,176,255,-72,-158
IQ:22,184,8,-16,138
IQ:23,192,255,127,38
IQ:24,200,7,1,-3
IQ:25,208,255,-47,40
IQ:26,216,6,21,112
IQ:27,224,255,128,-74
IQ:28,232,5,-88,-239
IQ:29,240,255,-200,46
IQ:30,248,12,90,93
IQ:31,256,255,93,-75
IQ:32,264,1,-78,-25
IQ:33,272,255,-50,109
IQ:34,280,2,-5,99
IQ:35,288,255,72,-35
SW:2
RR:3
SS:3
FR:2402
ME:359
MA:353
KE:15
KA:281
DF_END

Data arrived...
DF_BEGIN
IQ:0,0,11,-46,148
IQ:1,8,11,152,41
IQ:2,16,11,23,-148
IQ:3,24,11,-153,3
IQ:4,32,11,10,158
IQ:5,40,11,146,-28
IQ:6,48,11,-56,-145
IQ:7,56,11,-142,66
IQ:8,72,12,40,-179
IQ:9,80,255,-116,-19
IQ:10,88,1,105,144
IQ:11,96,255,128,-67
IQ:12,104,2,-121,-33
IQ:13,112,255,-115,145
IQ:14,120,10,-27,205
IQ:15,128,255,128,47
IQ:16,136,3,-37,10
IQ:17,144,255,1,117
IQ:18,152,9,164,122
IQ:19,160,255,145,-88
IQ:20,168,4,55,-17
IQ:21,176,255,40,30
IQ:22,184,8,168,97
IQ:23,192,255,75,-90
IQ:24,200,7,-67,123
IQ:25,208,255,97,114
IQ:26,216,6,86,-16
IQ:27,224,255,-15,-117
IQ:28,232,5,-93,-49
IQ:29,240,255,2,63
IQ:30,248,12,151,-79
IQ:31,256,255,-70,-92
IQ:32,264,1,-27,181
IQ:33,272,255,134,39
IQ:34,280,2,-54,-109
IQ:35,288,255,-174,-2
SW:2
RR:3
SS:3
FR:2480
ME:10
MA:257
KE:14
KA:278
DF_END

Data arrived...
DF_BEGIN
IQ:0,0,11,-187,18
IQ:1,8,11,28,177
IQ:2,16,11,166,-55
IQ:3,24,11,-79,-156
IQ:4,32,11,-150,100
IQ:5,40,11,112,156
IQ:6,48,11,132,-128
IQ:7,56,11,-135,-111
IQ:8,72,12,331,100
IQ:9,80,255,93,-206
IQ:10,88,1,-147,203
IQ:11,96,255,97,189
IQ:12,104,2,-61,-95
IQ:13,112,255,-169,-59
IQ:14,120,10,-194,4
IQ:15,128,255,-24,226
IQ:16,136,3,-2,241
IQ:17,144,255,37,64
IQ:18,152,9,-143,202
IQ:19,160,255,175,277
IQ:20,168,4,333,150
IQ:21,176,255,85,-128
IQ:22,184,8,-112,317
IQ:23,192,255,183,165
IQ:24,200,7,-134,1
IQ:25,208,255,-134,140
IQ:26,216,6,-29,174
IQ:27,224,255,284,24
IQ:28,232,5,263,-331
IQ:29,240,255,-188,-151
IQ:30,248,12,144,328
IQ:31,256,255,222,-62
IQ:32,264,1,-259,8
IQ:33,272,255,-78,201
IQ:34,280,2,38,-104
IQ:35,288,255,-79,-155
SW:2
RR:3
SS:3
FR:2426
ME:38
MA:237
KE:17
KA:272
DF_END

Data arrived...
DF_BEGIN
IQ:0,0,11,-24,-148
IQ:1,8,11,-146,40
IQ:2,16,11,45,134
IQ:3,24,11,136,-61
IQ:4,32,11,-80,-126
IQ:5,40,11,-128,85
IQ:6,48,11,84,108
IQ:7,56,11,101,-101
IQ:8,72,12,37,123
IQ:9,80,255,111,-23
IQ:10,88,1,-60,-48
IQ:11,96,255,-90,74
IQ:12,104,2,-44,90
IQ:13,112,255,58,-32
IQ:14,120,10,-99,-166
IQ:15,128,255,-168,70
IQ:16,136,3,37,177
IQ:17,144,255,96,-64
IQ:18,152,9,-191,-78
IQ:19,160,255,-105,196
IQ:20,168,4,186,185
IQ:21,176,255,131,-112
IQ:22,184,8,-129,40
IQ:23,192,255,4,140
IQ:24,200,7,4,3
IQ:25,208,255,-50,-30
IQ:26,216,6,-108,37
IQ:27,224,255,105,91
IQ:28,232,5,203,-145
IQ:29,240,255,-91,-188
IQ:30,248,12,-64,103
IQ:31,256,255,102,72
IQ:32,264,1,-9,-81
IQ:33,272,255,-109,-26
IQ:34,280,2,-96,20
IQ:35,288,255,53,61
SW:2
RR:3
SS:3
FR:2402
ME:359
MA:353
KE:15
KA:282
DF_END

Data arrived...
DF_BEGIN
IQ:0,0,11,-1,153
IQ:1,8,11,155,-13
IQ:2,16,11,-27,-141
IQ:3,24,11,-143,51
IQ:4,32,11,67,132
IQ:5,40,11,124,-79
IQ:6,48,11,-90,-121
IQ:7,56,11,-108,101
IQ:8,72,12,-33,-128
IQ:9,80,255,-116,13
IQ:10,88,1,53,57
IQ:11,96,255,105,-58
IQ:12,104,2,55,-85
IQ:13,112,255,-63,14
IQ:14,120,10,60,181
IQ:15,128,255,166,-55
IQ:16,136,3,-15,-183
IQ:17,144,255,-105,45
IQ:18,152,9,190,87
IQ:19,160,255,94,-199
IQ:20,168,4,-180,-193
IQ:21,176,255,-145,93
IQ:22,184,8,133,-21
IQ:23,192,255,25,-137
IQ:24,200,7,-6,-6
IQ:25,208,255,44,33
IQ:26,216,6,109,-44
IQ:27,224,255,-102,-111
IQ:28,232,5,-230,119
IQ:29,240,255,75,187
IQ:30,248,12,65,-100
IQ:31,256,255,-77,-88
IQ:32,264,1,-14,75
IQ:33,272,255,106,42
IQ:34,280,2,101,-11
IQ:35,288,255,-49,-70
SW:2
RR:3
SS:3
FR:2402
ME:359
MA:353
KE:13
KA:292
DF_END

Data arrived...
DF_BEGIN
IQ:0,0,11,-146,-65
IQ:1,8,11,-56,142
IQ:2,16,11,145,34
IQ:3,24,11,0,-159
IQ:4,32,11,-161,8
IQ:5,40,11,12,152
IQ:6,48,11,148,-24
IQ:7,56,11,-51,-149
IQ:8,72,12,166,61
IQ:9,80,255,21,-106
IQ:10,88,1,-144,112
IQ:11,96,255,64,133
IQ:12,104,2,47,-123
IQ:13,112,255,-138,-107
IQ:14,120,10,-209,-20
IQ:15,128,255,-50,130
IQ:16,136,3,-11,-36
IQ:17,144,255,-112,-10
IQ:18,152,9,-127,166
IQ:19,160,255,76,153
IQ:20,168,4,8,68
IQ:21,176,255,-32,46
IQ:22,184,8,-98,160
IQ:23,192,255,89,77
IQ:24,200,7,-120,-74
IQ:25,208,255,-126,99
IQ:26,216,6,8,92
IQ:27,224,255,118,-6
IQ:28,232,5,65,-87
IQ:29,240,255,-61,4
IQ:30,248,12,62,165
IQ:31,256,255,98,-45
IQ:32,264,1,-172,-36
IQ:33,272,255,-50,135
IQ:34,280,2,112,-52
IQ:35,288,255,12,-172
SW:2
RR:3
SS:3
FR:2480
ME:10
MA:257
KE:12
KA:288
DF_END

Data arrived...
DF_BEGIN
IQ:0,0,11,-148,41
IQ:1,8,11,53,142
IQ:2,16,11,142,-63
IQ:3,24,11,-80,-123
IQ:4,32,11,-126,92
IQ:5,40,11,99,116
IQ:6,48,11,100,-116
IQ:7,56,11,-120,-94
IQ:8,72,12,167,-63
IQ:9,80,255,-38,-114
IQ:10,88,1,-66,163
IQ:11,96,255,130,68
IQ:12,104,2,-32,-123
IQ:13,112,255,-179,-21
IQ:14,120,10,-184,82
IQ:15,128,255,41,139
IQ:16,136,3,-34,-23
IQ:17,144,255,-99,63
IQ:18,152,9,-22,211
IQ:19,160,255,151,85
IQ:20,168,4,45,49
IQ:21,176,255,9,49
IQ:22,184,8,14,198
IQ:23,192,255,116,18
IQ:24,200,7,-145,0
IQ:25,208,255,-52,147
IQ:26,216,6,55,73
IQ:27,224,255,101,-78
IQ:28,232,5,-1,-103
IQ:29,240,255,-46,41
IQ:30,248,12,154,93
IQ:31,256,255,44,-105
IQ:32,264,1,-162,64
IQ:33,272,255,38,138
IQ:34,280,2,70,-104
IQ:35,288,255,-94,-144
SW:2
RR:3
SS:3
FR:2480
ME:10
MA:257
KE:12
KA:284
DF_END

Data arrived...
DF_BEGIN
IQ:0,0,11,147,-41
IQ:1,8,11,-41,-143
IQ:2,16,11,-132,64
IQ:3,24,11,90,109
IQ:4,32,11,97,-110
IQ:5,40,11,-111,-97
IQ:6,48,11,-80,126
IQ:7,56,11,123,71
IQ:8,72,12,-288,-27
IQ:9,80,255,-47,180
IQ:10,88,1,106,-177
IQ:11,96,255,-99,-148
IQ:12,104,2,50,70
IQ:13,112,255,142,18
IQ:14,120,10,160,-37
IQ:15,128,255,-14,-182
IQ:16,136,3,-37,-186
IQ:17,144,255,-43,-43
IQ:18,152,9,110,-183
IQ:19,160,255,-176,-206
IQ:20,168,4,-298,-70
IQ:21,176,255,-40,104
IQ:22,184,8,43,-259
IQ:23,192,255,-179,-97
IQ:24,200,7,119,-5
IQ:25,208,255,93,-130
IQ:26,216,6,-3,-147
IQ:27,224,255,-224,43
IQ:28,232,5,-180,300
IQ:29,240,255,138,116
IQ:30,248,12,-163,-235
IQ:31,256,255,-170,68
IQ:32,264,1,208,-40
IQ:33,272,255,22,-176
IQ:34,280,2,-31,90
IQ:35,288,255,74,107
SW:2
RR:3
SS:3
FR:2426
ME:38
MA:237
KE:14
KA:278
DF_END

Data arrived...
DF_BEGIN
IQ:0,0,11,-105,110
IQ:1,8,11,109,102
IQ:2,16,11,86,-117
IQ:3,24,11,-126,-83
IQ:4,32,11,-55,135
IQ:5,40,11,139,39
IQ:6,48,11,35,-141
IQ:7,56,11,-144,-12
IQ:8,72,12,64,-116
IQ:9,80,255,-95,-64
IQ:10,88,1,1,77
IQ:11,96,255,108,29
IQ:12,104,2,100,-10
IQ:13,112,255,-51,-29
IQ:14,120,10,-76,180
IQ:15,128,255,149,85
IQ:16,136,3,116,-148
IQ:17,144,255,-114,-40
IQ:18,152,9,62,195
IQ:19,160,255,219,-59
IQ:20,168,4,29,-271
IQ:21,176,255,-164,-41
IQ:22,184,8,105,91
IQ:23,192,255,103,-75
IQ:24,200,7,1,-3
IQ:25,208,255,6,58
IQ:26,216,6,97,57
IQ:27,224,255,11,-146
IQ:28,232,5,-240,-98
IQ:29,240,255,-96,178
IQ:30,248,12,127,-22
IQ:31,256,255,-12,-113
IQ:32,264,1,-58,47
IQ:33,272,255,40,110
IQ:34,280,2,69,74
IQ:35,288,255,24,-80
SW:2
RR:3
SS:3
FR:2402
ME:2
MA:5
KE:13
KA:288
DF_END

Data arrived...
DF_BEGIN
IQ:0,0,11,20,154
IQ:1,8,11,158,-24
IQ:2,16,11,-30,-148
IQ:3,24,11,-128,73
IQ:4,32,11,83,138
IQ:5,40,11,127,-90
IQ:6,48,11,-92,-121
IQ:7,56,11,-97,112
IQ:8,72,12,-24,-179
IQ:9,80,255,-111,28
IQ:10,88,1,158,92
IQ:11,96,255,88,-124
IQ:12,104,2,-126,17
IQ:13,112,255,-45,170
IQ:14,120,10,74,197
IQ:15,128,255,134,-17
IQ:16,136,3,-27,24
IQ:17,144,255,53,105
IQ:18,152,9,211,47
IQ:19,160,255,113,-144
IQ:20,168,4,51,-42
IQ:21,176,255,63,-1
IQ:22,184,8,208,20
IQ:23,192,255,36,-107
IQ:24,200,7,-15,149
IQ:25,208,255,141,74
IQ:26,216,6,84,-55
IQ:27,224,255,-57,-101
IQ:28,232,5,-96,-16
IQ:29,240,255,40,55
IQ:30,248,12,115,-137
IQ:31,256,255,-103,-56
IQ:32,264,1,51,171
IQ:33,272,255,150,-23
IQ:34,280,2,-90,-85
IQ:35,288,255,-150,67
SW:2
RR:3
SS:3
FR:2480
ME:10
MA:257
KE:12
KA:284
DF_END

Data arrived...
DF_BEGIN
IQ:0,0,11,149,24
IQ:1,8,11,17,-149
IQ:2,16,11,-147,-11
IQ:3,24,11,9,150
IQ:4,32,11,149,-30
IQ:5,40,11,-28,-155
IQ:6,48,11,-146,55
IQ:7,56,11,53,136
IQ:8,72,12,-237,-180
IQ:9,80,255,-142,124
IQ:10,88,1,191,-90
IQ:11,96,255,-11,-182
IQ:12,104,2,11,87
IQ:13,112,255,100,99
IQ:14,120,10,166,53
IQ:15,128,255,98,-153
IQ:16,136,3,71,-178
IQ:17,144,255,-4,-54
IQ:18,152,9,186,-108
IQ:19,160,255,-57,-255
IQ:20,168,4,-230,-194
IQ:21,176,255,-98,71
IQ:22,184,8,185,-199
IQ:23,192,255,-102,-186
IQ:24,200,7,105,57
IQ:25,208,255,146,-59
IQ:26,216,6,76,-131
IQ:27,224,255,-216,-95
IQ:28,232,5,-312,149
IQ:29,240,255,85,177
IQ:30,248,12,-24,-292
IQ:31,256,255,-195,-25
IQ:32,264,1,180,97
IQ:33,272,255,138,-126
IQ:34,280,2,-63,66
IQ:35,288,255,-7,144
SW:2
RR:3
SS:3
FR:2426
ME:41
MA:237
KE:15
KA:277
DF_END

Data arrived...
DF_BEGIN
IQ:0,0,11,-152,-5
IQ:1,8,11,6,147
IQ:2,16,11,153,-33
IQ:3,24,11,-34,-150
IQ:4,32,11,-140,51
IQ:5,40,11,70,135
IQ:6,48,11,124,-85
IQ:7,56,11,-103,-112
IQ:8,72,12,129,-16
IQ:9,80,255,-3,-111
IQ:10,88,1,-48,60
IQ:11,96,255,57,97
IQ:12,104,2,81,68
IQ:13,112,255,-18,-59
IQ:14,120,10,-170,71
IQ:15,128,255,59,173
IQ:16,136,3,183,-16
IQ:17,144,255,-55,-103
IQ:18,152,9,-104,180
IQ:19,160,255,185,117
IQ:20,168,4,211,-157
IQ:21,176,255,-97,-139
IQ:22,184,8,4,132
IQ:23,192,255,128,25
IQ:24,200,7,13,-7
IQ:25,208,255,-41,43
IQ:26,216,6,17,115
IQ:27,224,255,114,-87
IQ:28,232,5,-105,-239
IQ:29,240,255,-194,61
IQ:30,248,12,98,79
IQ:31,256,255,84,-78
IQ:32,264,1,-77,-11
IQ:33,272,255,-43,103
IQ:34,280,2,3,104
IQ:35,288,255,67,-43
SW:2
RR:3
SS:3
FR:2402
ME:2
MA:5
KE:14
KA:287
DF_END

Data arrived...
DF_BEGIN
IQ:0,0,11,-145,118
IQ:1,8,11,126,130
IQ:2,16,11,128,-140
IQ:3,24,11,-160,-98
IQ:4,32,11,-103,168
IQ:5,40,11,176,69
IQ:6,48,11,61,-176
IQ:7,56,11,-184,-29
IQ:8,72,12,100,-123
IQ:9,80,255,-100,-95
IQ:10,88,1,-26,96
IQ:11,96,255,132,52
IQ:12,104,2,123,-11
IQ:13,112,255,-52,-42
IQ:14,120,10,-124,223
IQ:15,128,255,185,125
IQ:16,136,3,172,-155
IQ:17,144,255,-133,-69
IQ:18,152,9,39,253
IQ:19,160,255,282,-40
IQ:20,168,4,74,-327
IQ:21,176,255,-203,-78
IQ:22,184,8,116,126
IQ:23,192,255,150,-83
IQ:24,200,7,2,-8
IQ:25,208,255,6,73
IQ:26,216,6,115,85
IQ:27,224,255,37,-180
IQ:28,232,5,-306,-142
IQ:29,240,255,-145,221
IQ:30,248,12,161,-8
IQ:31,256,255,15,-153
IQ:32,264,1,-78,58
IQ:33,272,255,40,135
IQ:34,280,2,73,105
IQ:35,288,255,28,-91
SW:2
RR:3
SS:3
FR:2402
ME:359
MA:353
KE:12
KA:297
DF_END

Data arrived...
DF_BEGIN
IQ:0,0,11,-20,149
IQ:1,8,11,158,15
IQ:2,16,11,-10,-150
IQ:3,24,11,-145,47
IQ:4,32,11,57,140
IQ:5,40,11,139,-73
IQ:6,48,11,-81,-135
IQ:7,56,11,-123,92
IQ:8,72,12,4,-173
IQ:9,80,255,-111,20
IQ:10,88,1,146,120
IQ:11,96,255,103,-94
IQ:12,104,2,-124,-6
IQ:13,112,255,-74,168
IQ:14,120,10,31,212
IQ:15,128,255,130,7
IQ:16,136,3,-36,23
IQ:17,144,255,23,111
IQ:18,152,9,192,80
IQ:19,160,255,126,-120
IQ:20,168,4,57,-26
IQ:21,176,255,43,22
IQ:22,184,8,178,79
IQ:23,192,255,62,-98
IQ:24,200,7,-46,136
IQ:25,208,255,121,92
IQ:26,216,6,82,-44
IQ:27,224,255,-42,-111
IQ:28,232,5,-99,-38
IQ:29,240,255,21,53
IQ:30,248,12,118,-138
IQ:31,256,255,-86,-70
IQ:32,264,1,26,178
IQ:33,272,255,151,23
IQ:34,280,2,-63,-93
IQ:35,288,255,-163,50
SW:2
RR:3
SS:3
FR:2480
ME:10
MA:257
KE:12
KA:291
DF_END

Data arrived...
DF_BEGIN
IQ:0,0,11,-56,147
IQ:1,8,11,143,43
IQ:2,16,11,44,-156
IQ:3,24,11,-151,-40
IQ:4,32,11,-9,154
IQ:5,40,11,158,-13
IQ:6,48,11,-28,-157
IQ:7,56,11,-157,29
IQ:8,72,12,235,-179
IQ:9,80,255,-105,-158
IQ:10,88,1,60,216
IQ:11,96,255,187,36
IQ:12,104,2,-89,-28
IQ:13,112,255,-125,79
IQ:14,120,10,-96,133
IQ:15,128,255,130,134
IQ:16,136,3,150,115
IQ:17,144,255,50,21
IQ:18,152,9,62,210
IQ:19,160,255,263,-3
IQ:20,168,4,247,-166
IQ:21,176,255,-50,-112
IQ:22,184,8,157,224
IQ:23,192,255,200,-58
IQ:24,200,7,-92,86
IQ:25,208,255,20,175
IQ:26,216,6,105,96
IQ:27,224,255,150,-189
IQ:28,232,5,-86,-338
IQ:29,240,255,-193,21
IQ:30,248,12,292,38
IQ:31,256,255,45,-183
IQ:32,264,1,-121,180
IQ:33,272,255,99,160
IQ:34,280,2,-36,-89
IQ:35,288,255,-137,-35
SW:2
RR:3
SS:3
FR:2426
ME:41
MA:237
KE:15
KA:283
DF_END

Data arrived...
DF_BEGIN
IQ:0,0,11,-47,151
IQ:1,8,11,154,22
IQ:2,16,11,2,-156
IQ:3,24,11,-153,8
IQ:4,32,11,29,158
IQ:5,40,11,146,-49
IQ:6,48,11,-51,-145
IQ:7,56,11,-140,50
IQ:8,72,12,-5,-132
IQ:9,80,255,-121,-19
IQ:10,88,1,35,69
IQ:11,96,255,115,-29
IQ:12,104,2,78,-66
IQ:13,112,255,-61,11
IQ:14,120,10,36,194
IQ:15,128,255,183,-27
IQ:16,136,3,26,-180
IQ:17,144,255,-121,21
IQ:18,152,9,131,161
IQ:19,160,255,182,-145
IQ:20,168,4,-110,-239
IQ:21,176,255,-156,55
IQ:22,184,8,140,16
IQ:23,192,255,48,-132
IQ:24,200,7,-15,-10
IQ:25,208,255,36,52
IQ:26,216,6,118,-5
IQ:27,224,255,-51,-138
IQ:28,232,5,-259,60
IQ:29,240,255,23,206
IQ:30,248,12,104,-79
IQ:31,256,255,-72,-103
IQ:32,264,1,-32,76
IQ:33,272,255,90,69
IQ:34,280,2,102,12
IQ:35,288,255,-38,-76
SW:2
RR:3
SS:3
FR:2402
ME:359
MA:353
KE:13
KA:293
DF_END

Data arrived...
DF_BEGIN
IQ:0,0,11,149,31
IQ:1,8,11,19,-148
IQ:2,16,11,-156,3
IQ:3,24,11,22,155
IQ:4,32,11,147,-45
IQ:5,40,11,-56,-145
IQ:6,48,11,-131,67
IQ:7,56,11,93,133
IQ:8,72,12,-181,-4
IQ:9,80,255,-9,113
IQ:10,88,1,113,-129
IQ:11,96,255,-90,-111
IQ:12,104,2,-19,120
IQ:13,112,255,148,73
IQ:14,120,10,206,-32
IQ:15,128,255,10,-141
IQ:16,136,3,21,34
IQ:17,144,255,107,-29
IQ:18,152,9,91,-189
IQ:19,160,255,-103,-128
IQ:20,168,4,-29,-59
IQ:21,176,255,12,-46
IQ:22,184,8,63,-187
IQ:23,192,255,-101,-65
IQ:24,200,7,140,42
IQ:25,208,255,101,-114
IQ:26,216,6,-33,-78
IQ:27,224,255,-110,42
IQ:28,232,5,-45,104
IQ:29,240,255,63,-13
IQ:30,248,12,-105,-133
IQ:31,256,255,-75,77
IQ:32,264,1,182,-13
IQ:33,272,255,9,-144
IQ:34,280,2,-101,74
IQ:35,288,255,17,163
SW:2
RR:3
SS:3
FR:2480
ME:10
MA:257
KE:13
KA:287
DF_END

Data arrived...
DF_BEGIN
IQ:0,0,11,-10,-166
IQ:1,8,11,-153,43
IQ:2,16,11,34,144
IQ:3,24,11,156,-68
IQ:4,32,11,-72,-136
IQ:5,40,11,-147,115
IQ:6,48,11,123,121
IQ:7,56,11,102,-122
IQ:8,72,12,-85,299
IQ:9,80,255,205,62
IQ:10,88,1,-236,-188
IQ:11,96,255,-215,72
IQ:12,104,2,115,-73
IQ:13,112,255,85,-203
IQ:14,120,10,7,-204
IQ:15,128,255,-198,-43
IQ:16,136,3,-228,-69
IQ:17,144,255,-57,11
IQ:18,152,9,-202,-144
IQ:19,160,255,-271,140
IQ:20,168,4,-147,317
IQ:21,176,255,74,79
IQ:22,184,8,-348,-140
IQ:23,192,255,-163,160
IQ:24,200,7,42,-154
IQ:25,208,255,-128,-142
IQ:26,216,6,-170,-22
IQ:27,224,255,28,287
IQ:28,232,5,337,292
IQ:29,240,255,197,-112
IQ:30,248,12,-285,176
IQ:31,256,255,72,238
IQ:32,264,1,42,-242
IQ:33,272,255,-216,-120
IQ:34,280,2,101,64
IQ:35,288,255,153,-99
SW:2
RR:3
SS:3
FR:2426
ME:38
MA:237
KE:15
KA:280
DF_END

Data arrived...
DF_BEGIN
IQ:0,0,11,-102,-108
IQ:1,8,11,-105,117
IQ:2,16,11,123,77
IQ:3,24,11,69,-136
IQ:4,32,11,-137,-55
IQ:5,40,11,-35,155
IQ:6,48,11,157,30
IQ:7,56,11,28,-156
IQ:8,72,12,97,72
IQ:9,80,255,80,-85
IQ:10,88,1,-69,-5
IQ:11,96,255,-31,106
IQ:12,104,2,16,113
IQ:13,112,255,36,-46
IQ:14,120,10,-178,-82
IQ:15,128,255,-83,157
IQ:16,136,3,128,123
IQ:17,144,255,40,-103
IQ:18,152,9,-211,39
IQ:19,160,255,43,216
IQ:20,168,4,262,40
IQ:21,176,255,47,-162
IQ:22,184,8,-106,89
IQ:23,192,255,74,116
IQ:24,200,7,5,5
IQ:25,208,255,-62,5
IQ:26,216,6,-58,95
IQ:27,224,255,145,15
IQ:28,232,5,82,-253
IQ:29,240,255,-182,-101
IQ:30,248,12,11,118
IQ:31,256,255,110,-5
IQ:32,264,1,-43,-52
IQ:33,272,255,-112,33
IQ:34,280,2,-74,68
IQ:35,288,255,76,16
SW:2
RR:3
SS:3
FR:2402
ME:2
MA:5
KE:14
KA:289
DF_END

Data arrived...
DF_BEGIN
IQ:0,0,11,48,-157
IQ:1,8,11,-157,-19
IQ:2,16,11,-3,162
IQ:3,24,11,155,-15
IQ:4,32,11,-12,-164
IQ:5,40,11,-140,29
IQ:6,48,11,54,146
IQ:7,56,11,140,-71
IQ:8,72,12,-13,133
IQ:9,80,255,110,26
IQ:10,88,1,-34,-68
IQ:11,96,255,-108,29
IQ:12,104,2,-81,62
IQ:13,112,255,60,7
IQ:14,120,10,-13,-194
IQ:15,128,255,-186,14
IQ:16,136,3,-29,178
IQ:17,144,255,119,-32
IQ:18,152,9,-156,-148
IQ:19,160,255,-168,154
IQ:20,168,4,102,247
IQ:21,176,255,164,-59
IQ:22,184,8,-133,-33
IQ:23,192,255,-56,126
IQ:24,200,7,9,8
IQ:25,208,255,-26,-46
IQ:26,216,6,-116,-3
IQ:27,224,255,47,141
IQ:28,232,5,256,-19
IQ:29,240,255,1,-207
IQ:30,248,12,-100,73
IQ:31,256,255,57,107
IQ:32,264,1,32,-79
IQ:33,272,255,-91,-71
IQ:34,