SW:2
RR:3
SS:3
FR:2480
ME:5
MA:5
KE:4
KA:356
DF_END

Data arrived...
DF_BEGIN
IQ:0,0,11,43,190
IQ:1,8,11,177,-72
IQ:2,16,11,-84,-176
IQ:3,24,11,-178,94
IQ:4,32,11,117,164
IQ:5,40,11,139,-135
IQ:6,48,11,-157,-121
IQ:7,56,11,-106,165
IQ:8,72,12,118,-166
IQ:9,80,255,-166,-124
IQ:10,88,1,-100,146
IQ:11,96,255,139,92
IQ:12,104,2,25,-161
IQ:13,112,255,-184,-14
IQ:14,120,10,-18,274
IQ:15,128,255,236,29
IQ:16,136,3,-18,-208
IQ:17,144,255,-242,27
IQ:18,152,9,-50,275
IQ:19,160,255,233,41
IQ:20,168,4,13,-183
IQ:21,176,255,-154,-13
IQ:22,184,8,26,54
IQ:23,192,255,65,-81
IQ:24,200,7,-69,-137
IQ:25,208,255,-106,84
IQ:26,216,6,120,86
IQ:27,224,255,111,-139
IQ:28,232,5,-80,-119
IQ:29,240,255,-42,85
IQ:30,248,12,208,-19
IQ:31,256,255,-4,-209
IQ:32,264,1,-180,22
IQ:33,272,255,29,167
IQ:34,280,2,132,-80
IQ:35,288,255,-103,-113
SW:2
RR:3
SS:3
FR:2480
ME:5
MA:5
KE:4
KA:357
DF_END

Data arrived...
DF_BEGIN
IQ:0,0,11,-105,171
IQ:1,8,11,166,88
IQ:2,16,11,61,-184
IQ:3,24,11,-191,-24
IQ:4,32,11,-1,191
IQ:5,40,11,205,-9
IQ:6,48,11,-29,-195
IQ:7,56,11,-180,46
IQ:8,72,12,101,-103
IQ:9,80,255,-148,1
IQ:10,88,1,31,223
IQ:11,96,255,272,-40
IQ:12,104,2,-13,-177
IQ:13,112,255,-168,70
IQ:14,120,10,213,-8
IQ:15,128,255,86,-288
IQ:16,136,3,-289,-123
IQ:17,144,255,-69,387
IQ:18,152,9,556,172
IQ:19,160,255,279,-560
IQ:20,168,4,-438,-340
IQ:21,176,255,-315,449
IQ:22,184,8,129,387
IQ:23,192,255,192,-198
IQ:24,200,7,-404,-205
IQ:25,208,255,-144,312
IQ:26,216,6,386,-17
IQ:27,224,255,-31,-425
IQ:28,232,5,-356,15
IQ:29,240,255,18,329
IQ:30,248,12,125,18
IQ:31,256,255,-109,-114
IQ:32,264,1,-154,165
IQ:33,272,255,208,175
IQ:34,280,2,123,-130
IQ:35,288,255,-198,-149
SW:2
RR:3
SS:3
FR:2426
ME:2
MA:353
KE:4
KA:357
DF_END

Data arrived...
DF_BEGIN
IQ:0,0,11,164,29
IQ:1,8,11,5,-166
IQ:2,16,11,-172,35
IQ:3,24,11,34,169
IQ:4,32,11,155,-59
IQ:5,40,11,-77,-159
IQ:6,48,11,-157,75
IQ:7,56,11,96,142
IQ:8,72,12,-53,-82
IQ:9,80,255,-58,94
IQ:10,88,1,137,22
IQ:11,96,255,14,-173
IQ:12,104,2,-181,-28
IQ:13,112,255,5,216
IQ:14,120,10,305,-14
IQ:15,128,255,7,-257
IQ:16,136,3,-242,127
IQ:17,144,255,134,295
IQ:18,152,9,294,-42
IQ:19,160,255,-75,-284
IQ:20,168,4,-327,94
IQ:21,176,255,63,322
IQ:22,184,8,188,128
IQ:23,192,255,21,-150
IQ:24,200,7,-227,-6
IQ:25,208,255,23,143
IQ:26,216,6,134,-205
IQ:27,224,255,-209,-162
IQ:28,232,5,-167,95
IQ:29,240,255,101,102
IQ:30,248,12,18,-99
IQ:31,256,255,-113,2
IQ:32,264,1,72,108
IQ:33,272,255,154,-95
IQ:34,280,2,-100,-151
IQ:35,288,255,-158,118
SW:2
RR:3
SS:3
FR:2402
ME:5
MA:353
KE:4
KA:356
DF_END

Data arrived...
DF_BEGIN
IQ:0,0,11,-208,51
IQ:1,8,11,97,191
IQ:2,16,11,181,-106
IQ:3,24,11,-122,-170
IQ:4,32,11,-167,142
IQ:5,40,11,146,149
IQ:6,48,11,134,-167
IQ:7,56,11,-184,-98
IQ:8,72,12,103,74
IQ:9,80,255,16,-137
IQ:10,88,1,-156,49
IQ:11,96,255,50,207
IQ:12,104,2,221,-45
IQ:13,112,255,-104,-249
IQ:14,120,10,-344,127
IQ:15,128,255,110,289
IQ:16,136,3,181,-255
IQ:17,144,255,-324,-254
IQ:18,152,9,-305,191
IQ:19,160,255,211,286
IQ:20,168,4,330,-257
IQ:21,176,255,-214,-337
IQ:22,184,8,-267,-27
IQ:23,192,255,65,176
IQ:24,200,7,275,-101
IQ:25,208,255,-105,-143
IQ:26,216,6,-53,291
IQ:27,224,255,300,98
IQ:28,232,5,125,-181
IQ:29,240,255,-166,-55
IQ:30,248,12,22,121
IQ:31,256,255,118,-74
IQ:32,264,1,-138,-92
IQ:33,272,255,-106,178
IQ:34,280,2,195,121
IQ:35,288,255,129,-215
SW:2
RR:3
SS:3
FR:2402
ME:5
MA:353
KE:4
KA:356
DF_END

Data arrived...
DF_BEGIN
IQ:0,0,11,-112,108
IQ:1,8,11,115,97
IQ:2,16,11,82,-130
IQ:3,24,11,-134,-68
IQ:4,32,11,-40,136
IQ:5,40,11,139,32
IQ:6,48,11,-5,-151
IQ:7,56,11,-152,3
IQ:8,72,12,166,-17
IQ:9,80,255,-8,-164
IQ:10,88,1,-146,-3
IQ:11,96,255,9,122
IQ:12,104,2,112,-60
IQ:13,112,255,-69,-121
IQ:14,120,10,-169,112
IQ:15,128,255,88,167
IQ:16,136,3,136,-94
IQ:17,144,255,-121,-154
IQ:18,152,9,-200,80
IQ:19,160,255,73,155
IQ:20,168,4,116,-82
IQ:21,176,255,-75,-105
IQ:22,184,8,-24,35
IQ:23,192,255,85,3
IQ:24,200,7,60,-112
IQ:25,208,255,-102,-38
IQ:26,216,6,-1,116
IQ:27,224,255,136,-2
IQ:28,232,5,29,-113
IQ:29,240,255,-77,6
IQ:30,248,12,114,107
IQ:31,256,255,127,-106
IQ:32,264,1,-103,-103
IQ:33,272,255,-87,101
IQ:34,280,2,117,54
IQ:35,288,255,34,-121
SW:2
RR:3
SS:3
FR:2480
ME:5
MA:5
KE:4
KA:357
DF_END

Data arrived...
DF_BEGIN
IQ:0,0,11,-197,17
IQ:1,8,11,33,174
IQ:2,16,11,179,-67
IQ:3,24,11,-75,-175
IQ:4,32,11,-167,78
IQ:5,40,11,100,156
IQ:6,48,11,141,-119
IQ:7,56,11,-144,-118
IQ:8,72,12,136,30
IQ:9,80,255,-86,-113
IQ:10,88,1,-164,155
IQ:11,96,255,208,181
IQ:12,104,2,111,-129
IQ:13,112,255,-153,-102
IQ:14,120,10,110,141
IQ:15,128,255,260,-98
IQ:16,136,3,-54,-323
IQ:17,144,255,-352,169
IQ:18,152,9,198,526
IQ:19,160,255,606,-111
IQ:20,168,4,41,-554
IQ:21,176,255,-535,-67
IQ:22,184,8,-274,308
IQ:23,192,255,268,69
IQ:24,200,7,-40,-424
IQ:25,208,255,-353,72
IQ:26,216,6,240,302
IQ:27,224,255,312,-279
IQ:28,232,5,-214,-286
IQ:29,240,255,-285,191
IQ:30,248,12,42,104
IQ:31,256,255,26,-150
IQ:32,264,1,-236,-39
IQ:33,272,255,-47,254
IQ:34,280,2,165,13
IQ:35,288,255,19,-222
SW:2
RR:3
SS:3
FR:2426
ME:359
MA:5
KE:3
KA:358
DF_END

Data arrived...
DF_BEGIN
IQ:0,0,11,-174,-113
IQ:1,8,11,-90,179
IQ:2,16,11,201,60
IQ:3,24,11,52,-189
IQ:4,32,11,-203,-27
IQ:5,40,11,-12,202
IQ:6,48,11,192,0
IQ:7,56,11,-29,-206
IQ:8,72,12,18,109
IQ:9,80,255,108,-72
IQ:10,88,1,-129,-97
IQ:11,96,255,-127,172
IQ:12,104,2,177,128
IQ:13,112,255,101,-239
IQ:14,120,10,-325,-146
IQ:15,128,255,-136,276
IQ:16,136,3,324,-18
IQ:17,144,255,-9,-384
IQ:18,152,9,-343,-98
IQ:19,160,255,-58,336
IQ:20,168,4,407,66
IQ:21,176,255,112,-388
IQ:22,184,8,-125,-226
IQ:23,192,255,-103,141
IQ:24,200,7,245,155
IQ:25,208,255,51,-165
IQ:26,216,6,-246,136
IQ:27,224,255,113,291
IQ:28,232,5,212,-26
IQ:29,240,255,-55,-161
IQ:30,248,12,-73,80
IQ:31,256,255,113,33
IQ:32,264,1,-10,-180
IQ:33,272,255,-211,13
IQ:34,280,2,15,225
IQ:35,288,255,239,-31
SW:2
RR:3
SS:3
FR:2402
ME:5
MA:353
KE:3
KA:357
DF_END

Data arrived...
DF_BEGIN
IQ:0,0,11,-117,113
IQ:1,8,11,124,97
IQ:2,16,11,78,-146
IQ:3,24,11,-143,-62
IQ:4,32,11,-49,145
IQ:5,40,11,157,41
IQ:6,48,11,17,-160
IQ:7,56,11,-162,0
IQ:8,72,12,96,19
IQ:9,80,255,-43,-93
IQ:10,88,1,-86,105
IQ:11,96,255,123,128
IQ:12,104,2,127,-125
IQ:13,112,255,-169,-128
IQ:14,120,10,-164,233
IQ:15,128,255,218,127
IQ:16,136,3,26,-265
IQ:17,144,255,-316,-52
IQ:18,152,9,-131,257
IQ:19,160,255,256,105
IQ:20,168,4,106,-316
IQ:21,176,255,-276,-146
IQ:22,184,8,-216,78
IQ:23,192,255,104,104
IQ:24,200,7,149,-168
IQ:25,208,255,-116,-70
IQ:26,216,6,64,217
IQ:27,224,255,247,-47
IQ:28,232,5,18,-177
IQ:29,240,255,-135,33
IQ:30,248,12,53,73
IQ:31,256,255,43,-89
IQ:32,264,1,-134,-14
IQ:33,272,255,10,172
IQ:34,280,2,178,-13
IQ:35,288,255,4,-199
SW:2
RR:3
SS:3
FR:2402
ME:7
MA:338
KE:4
KA:355
DF_END

Data arrived...
DF_BEGIN
IQ:0,0,11,143,-130
IQ:1,8,11,-143,-120
IQ:2,16,11,-117,142
IQ:3,24,11,164,93
IQ:4,32,11,68,-177
IQ:5,40,11,-189,-49
IQ:6,48,11,-53,183
IQ:7,56,11,187,23
IQ:8,72,12,-192,-27
IQ:9,80,255,-15,200
IQ:10,88,1,183,25
IQ:11,96,255,0,-166
IQ:12,104,2,-152,46
IQ:13,112,255,78,152
IQ:14,120,10,255,-106
IQ:15,128,255,-69,-232
IQ:16,136,3,-173,92
IQ:17,144,255,135,201
IQ:18,152,9,266,-101
IQ:19,160,255,-74,-228
IQ:20,168,4,-152,86
IQ:21,176,255,69,149
IQ:22,184,8,44,-49
IQ:23,192,255,-106,-28
IQ:24,200,7,-116,122
IQ:25,208,255,117,72
IQ:26,216,6,26,-149
IQ:27,224,255,-172,-26
IQ:28,232,5,-58,128
IQ:29,240,255,95,-12
IQ:30,248,12,-126,-167
IQ:31,256,255,-183,105
IQ:32,264,1,94,157
IQ:33,272,255,143,-97
IQ:34,280,2,-124,-90
IQ:35,288,255,-70,128
SW:2
RR:3
SS:3
FR:2480
ME:5
MA:5
KE:4
KA:356
DF_END

Data arrived...
DF_BEGIN
IQ:0,0,11,-152,74
IQ:1,8,11,70,144
IQ:2,16,11,132,-102
IQ:3,24,11,-121,-111
IQ:4,32,11,-97,127
IQ:5,40,11,127,81
IQ:6,48,11,75,-141
IQ:7,56,11,-146,-58
IQ:8,72,12,105,-30
IQ:9,80,255,-102,-72
IQ:10,88,1,-82,162
IQ:11,96,255,211,88
IQ:12,104,2,63,-139
IQ:13,112,255,-148,-28
IQ:14,120,10,141,77
IQ:15,128,255,190,-163
IQ:16,136,3,-166,-218
IQ:17,144,255,-230,228
IQ:18,152,9,295,349
IQ:19,160,255,418,-265
IQ:20,168,4,-182,-427
IQ:21,176,255,-416,165
IQ:22,184,8,-79,319
IQ:23,192,255,236,-18
IQ:24,200,7,-130,-334
IQ:25,208,255,-249,154
IQ:26,216,6,265,160
IQ:27,224,255,169,-281
IQ:28,232,5,-244,-170
IQ:29,240,255,-147,240
IQ:30,248,12,82,63
IQ:31,256,255,-32,-130
IQ:32,264,1,-197,60
IQ:33,272,255,55,216
IQ:34,280,2,132,-35
IQ:35,288,255,-64,-193
SW:2
RR:3
SS:3
FR:2426
ME:2
MA:353
KE:4
KA:356
DF_END

Data arrived...
DF_BEGIN
IQ:0,0,11,-112,164
IQ:1,8,11,178,103
IQ:2,16,11,98,-171
IQ:3,24,11,-196,-72
IQ:4,32,11,-42,198
IQ:5,40,11,196,14
IQ:6,48,11,20,-192
IQ:7,56,11,-213,-4
IQ:8,72,12,109,-88
IQ:9,80,255,-157,-25
IQ:10,88,1,-22,244
IQ:11,96,255,275,3
IQ:12,104,2,11,-180
IQ:13,112,255,-188,36
IQ:14,120,10,203,41
IQ:15,128,255,111,-289
IQ:16,136,3,-290,-187
IQ:17,144,255,-175,392
IQ:18,152,9,482,280
IQ:19,160,255,328,-526
IQ:20,168,4,-386,-458
IQ:21,176,255,-422,357
IQ:22,184,8,56,417
IQ:23,192,255,232,-150
IQ:24,200,7,-349,-304
IQ:25,208,255,-195,300
IQ:26,216,6,405,58
IQ:27,224,255,55,-419
IQ:28,232,5,-360,-70
IQ:29,240,255,-57,358
IQ:30,248,12,124,49
IQ:31,256,255,-87,-139
IQ:32,264,1,-197,158
IQ:33,272,255,169,243
IQ:34,280,2,157,-106
IQ:35,288,255,-159,-185
SW:2
RR:3
SS:3
FR:2426
ME:359
MA:5
KE:3
KA:357
DF_END

Data arrived...
DF_BEGIN
IQ:0,0,11,-136,86
IQ:1,8,11,110,108
IQ:2,16,11,115,-127
IQ:3,24,11,-128,-101
IQ:4,32,11,-91,147
IQ:5,40,11,139,83
IQ:6,48,11,65,-157
IQ:7,56,11,-159,-45
IQ:8,72,12,81,29
IQ:9,80,255,-26,-102
IQ:10,88,1,-111,79
IQ:11,96,255,103,135
IQ:12,104,2,139,-115
IQ:13,112,255,-156,-142
IQ:14,120,10,-212,207
IQ:15,128,255,157,199
IQ:16,136,3,96,-249
IQ:17,144,255,-288,-141
IQ:18,152,9,-183,216
IQ:19,160,255,236,144
IQ:20,168,4,186,-281
IQ:21,176,255,-248,-218
IQ:22,184,8,-211,11
IQ:23,192,255,85,113
IQ:24,200,7,179,-157
IQ:25,208,255,-105,-91
IQ:26,216,6,15,240
IQ:27,224,255,248,12
IQ:28,232,5,47,-162
IQ:29,240,255,-134,-11
IQ:30,248,12,33,86
IQ:31,256,255,69,-82
IQ:32,264,1,-126,-39
IQ:33,272,255,-34,176
IQ:34,280,2,174,46
IQ:35,288,255,37,-191
SW:2
RR:3
SS:3
FR:2402
ME:5
MA:353
KE:3
KA:356
DF_END

Data arrived...
DF_BEGIN
IQ:0,0,11,25,186
IQ:1,8,11,172,-58
IQ:2,16,11,-71,-177
IQ:3,24,11,-157,89
IQ:4,32,11,127,146
IQ:5,40,11,124,-124
IQ:6,48,11,-148,-109
IQ:7,56,11,-103,163
IQ:8,72,12,102,-175
IQ:9,80,255,-174,-110
IQ:10,88,1,-102,149
IQ:11,96,255,145,84
IQ:12,104,2,32,-167
IQ:13,112,255,-170,-11
IQ:14,120,10,-16,262
IQ:15,128,255,236,33
IQ:16,136,3,-1,-200
IQ:17,144,255,-240,17
IQ:18,152,9,-58,272
IQ:19,160,255,237,37
IQ:20,168,4,-1,-180
IQ:21,176,255,-154,12
IQ:22,184,8,22,53
IQ:23,192,255,68,-81
IQ:24,200,7,-70,-142
IQ:25,208,255,-121,78
IQ:26,216,6,126,99
IQ:27,224,255,112,-135
IQ:28,232,5,-88,-108
IQ:29,240,255,-37,85
IQ:30,248,12,203,-31
IQ:31,256,255,3,-205
IQ:32,264,1,-175,29
IQ:33,272,255,36,174
IQ:34,280,2,142,-72
IQ:35,288,255,-85,-123
SW:2
RR:3
SS:3
FR:2480
ME:5
MA:5
KE:3
KA:357
DF_END

Data arrived...
DF_BEGIN
IQ:0,0,11,-179,27
IQ:1,8,11,41,171
IQ:2,16,11,179,-73
IQ:3,24,11,-72,-178
IQ:4,32,11,-160,100
IQ:5,40,11,121,148
IQ:6,48,11,120,-129
IQ:7,56,11,-145,-116
IQ:8,72,12,113,45
IQ:9,80,255,-99,-119
IQ:10,88,1,-166,156
IQ:11,96,255,193,180
IQ:12,104,2,116,-144
IQ:13,112,255,-173,-79
IQ:14,120,10,124,150
IQ:15,128,255,287,-124
IQ:16,136,3,-62,-339
IQ:17,144,255,-378,151
IQ:18,152,9,224,512
IQ:19,160,255,590,-157
IQ:20,168,4,-23,-593
IQ:21,176,255,-563,-28
IQ:22,184,8,-241,330
IQ:23,192,255,279,65
IQ:24,200,7,-19,-445
IQ:25,208,255,-367,23
IQ:26,216,6,201,317
IQ:27,224,255,321,-271
IQ:28,232,5,-211,-297
IQ:29,240,255,-284,196
IQ:30,248,12,64,99
IQ:31,256,255,24,-151
IQ:32,264,1,-237,-31
IQ:33,272,255,-14,276
IQ:34,280,2,177,20
IQ:35,288,255,32,-232
SW:2
RR:3
SS:3
FR:2426
ME:2
MA:353
KE:3
KA:357
DF_END

Data arrived...
DF_BEGIN
IQ:0,0,11,168,-37
IQ:1,8,11,-68,-170
IQ:2,16,11,-166,75
IQ:3,24,11,82,163
IQ:4,32,11,158,-108
IQ:5,40,11,-114,-146
IQ:6,48,11,-143,121
IQ:7,56,11,152,110
IQ:8,72,12,-110,-23
IQ:9,80,255,109,95
IQ:10,88,1,167,-150
IQ:11,96,255,-193,-174
IQ:12,104,2,-100,121
IQ:13,112,255,169,81
IQ:14,120,10,-120,-128
IQ:15,128,255,-263,161
IQ:16,136,3,103,330
IQ:17,144,255,366,-179
IQ:18,152,9,-212,-520
IQ:19,160,255,-561,209
IQ:20,168,4,55,572
IQ:21,176,255,557,32
IQ:22,184,8,190,-340
IQ:23,192,255,-310,-35
IQ:24,200,7,50,437
IQ:25,208,255,330,-83
IQ:26,216,6,-261,-300
IQ:27,224,255,-311,269
IQ:28,232,5,234,267
IQ:29,240,255,254,-215
IQ:30,248,12,-33,-93
IQ:31,256,255,-14,145
IQ:32,264,1,211,20
IQ:33,272,255,20,-261
IQ:34,280,2,-168,-14
IQ:35,288,255,2,229
SW:2
RR:3
SS:3
FR:2426
ME:359
MA:5
KE:3
KA:357
DF_END

Data arrived...
DF_BEGIN
IQ:0,0,11,-137,-87
IQ:1,8,11,-66,146
IQ:2,16,11,168,42
IQ:3,24,11,44,-157
IQ:4,32,11,-159,-20
IQ:5,40,11,4,159
IQ:6,48,11,164,-2
IQ:7,56,11,-19,-154
IQ:8,72,12,7,92
IQ:9,80,255,81,-53
IQ:10,88,1,-107,-72
IQ:11,96,255,-80,123
IQ:12,104,2,145,78
IQ:13,112,255,61,-203
IQ:14,120,10,-268,-100
IQ:15,128,255,-107,226
IQ:16,136,3,258,-41
IQ:17,144,255,9,-308
IQ:18,152,9,-272,-82
IQ:19,160,255,-49,276
IQ:20,168,4,323,54
IQ:21,176,255,99,-321
IQ:22,184,8,-107,-175
IQ:23,192,255,-85,132
IQ:24,200,7,209,135
IQ:25,208,255,36,-153
IQ:26,216,6,-200,110
IQ:27,224,255,115,220
IQ:28,232,5,159,-21
IQ:29,240,255,-47,-139
IQ:30,248,12,-76,51
IQ:31,256,255,96,29
IQ:32,264,1,-12,-130
IQ:33,272,255,-175,32
IQ:34,280,2,42,163
IQ:35,288,255,199,-37
SW:2
RR:3
SS:3
FR:2402
ME:5
MA:353
KE:3
KA:357
DF_END

Data arrived...
DF_BEGIN
IQ:0,0,11,-57,190
IQ:1,8,11,192,42
IQ:2,16,11,29,-202
IQ:3,24,11,-214,2
IQ:4,32,11,22,207
IQ:5,40,11,185,-35
IQ:6,48,11,-66,-185
IQ:7,56,11,-185,86
IQ:8,72,12,81,-111
IQ:9,80,255,-148,29
IQ:10,88,1,71,208
IQ:11,96,255,265,-78
IQ:12,104,2,-41,-186
IQ:13,112,255,-156,97
IQ:14,120,10,173,-47
IQ:15,128,255,5,-303
IQ:16,136,3,-339,-56
IQ:17,144,255,6,408
IQ:18,152,9,579,36
IQ:19,160,255,79,-582
IQ:20,168,4,-522,-255
IQ:21,176,255,-294,483
IQ:22,184,8,188,364
IQ:23,192,255,188,-208
IQ:24,200,7,-423,-162
IQ:25,208,255,-114,346
IQ:26,216,6,370,-65
IQ:27,224,255,-139,-397
IQ:28,232,5,-353,72
IQ:29,240,255,57,335
IQ:30,248,12,106,10
IQ:31,256,255,-112,-114
IQ:32,264,1,-138,196
IQ:33,272,255,225,134
IQ:34,280,2,76,-167
IQ:35,288,255,-233,-101
SW:2
RR:3
SS:3
FR:2426
ME:2
MA:353
KE:3
KA:357
DF_END

Data arrived...
DF_BEGIN
IQ:0,0,11,174,-91
IQ:1,8,11,-104,-147
IQ:2,16,11,-164,125
IQ:3,24,11,127,142
IQ:4,32,11,118,-159
IQ:5,40,11,-180,-93
IQ:6,48,11,-92,170
IQ:7,56,11,182,71
IQ:8,72,12,-131,11
IQ:9,80,255,124,79
IQ:10,88,1,104,-200
IQ:11,96,255,-251,-93
IQ:12,104,2,-60,173
IQ:13,112,255,183,32
IQ:14,120,10,-162,-77
IQ:15,128,255,-213,201
IQ:16,136,3,204,281
IQ:17,144,255,280,-292
IQ:18,152,9,-349,-443
IQ:19,160,255,-516,309
IQ:20,168,4,197,512
IQ:21,176,255,546,-152
IQ:22,184,8,129,-404
IQ:23,192,255,-284,18
IQ:24,200,7,190,397
IQ:25,208,255,283,-204
IQ:26,216,6,-349,-183
IQ:27,224,255,-174,369
IQ:28,232,5,315,168
IQ:29,240,255,185,-296
IQ:30,248,12,-81,-103
IQ:31,256,255,14,153
IQ:32,264,1,219,-63
IQ:33,272,255,-91,-253
IQ:34,280,2,-174,55
IQ:35,288,255,77,216
SW:2
RR:3
SS:3
FR:2426
ME:2
MA:353
KE:2
KA:356
DF_END

Data arrived...
DF_BEGIN
IQ:0,0,11,-57,189
IQ:1,8,11,198,65
IQ:2,16,11,37,-209
IQ:3,24,11,-203,-33
IQ:4,32,11,-14,203
IQ:5,40,11,195,-19
IQ:6,48,11,-45,-186
IQ:7,56,11,-193,74
IQ:8,72,12,114,-33
IQ:9,80,255,-83,-89
IQ:10,88,1,-61,162
IQ:11,96,255,187,90
IQ:12,104,2,84,-194
IQ:13,112,255,-257,-41
IQ:14,120,10,-80,353
IQ:15,128,255,292,74
IQ:16,136,3,-91,-317
IQ:17,144,255,-368,84
IQ:18,152,9,-32,352
IQ:19,160,255,355,-17
IQ:20,168,4,-49,-406
IQ:21,176,255,-416,-46
IQ:22,184,8,-204,193
IQ:23,192,255,178,66
IQ:24,200,7,94,-291
IQ:25,208,255,-180,-9
IQ:26,216,6,188,219
IQ:27,224,255,241,-199
IQ:28,232,5,-86,-208
IQ:29,240,255,-148,97
IQ:30,248,12,107,61
IQ:31,256,255,25,-126
IQ:32,264,1,-163,41
IQ:33,272,255,51,194
IQ:34,280,2,200,-84
IQ:35,288,255,-90,-230
SW:2
RR:3
SS:3
FR:2402
ME:5
MA:353
KE:3
KA:356
DF_END

Data arrived...
DF_BEGIN
IQ:0,0,11,14,-159
IQ:1,8,11,-145,-9
IQ:2,16,11,15,145
IQ:3,24,11,143,-43
IQ:4,32,11,-59,-135
IQ:5,40,11,-124,76
IQ:6,48,11,100,113
IQ:7,56,11,112,-102
IQ:8,72,12,-117,96
IQ:9,80,255,101,129
IQ:10,88,1,121,-86
IQ:11,96,255,-81,-95
IQ:12,104,2,-47,112
IQ:13,112,255,133,38
IQ:14,120,10,60,-199
IQ:15,128,255,-173,-80
IQ:16,136,3,-45,156
IQ:17,144,255,190,26
IQ:18,152,9,105,-201
IQ:19,160,255,-153,-86
IQ:20,168,4,-19,131
IQ:21,176,255,128,25
IQ:22,184,8,3,-49
IQ:23,192,255,-67,41
IQ:24,200,7,31,125
IQ:25,208,255,103,-42
IQ:26,216,6,-70,-95
IQ:27,224,255,-101,85
IQ:28,232,5,46,95
IQ:29,240,255,49,-58
IQ:30,248,12,-161,-4
IQ:31,256,255,-15,159
IQ:32,264,1,144,14
IQ:33,272,255,7,-137
IQ:34,280,2,-125,20
IQ:35,288,255,46,106
SW:2
RR:3
SS:3
FR:2480
ME:5
MA:5
KE:3
KA:356
DF_END

Data arrived...
DF_BEGIN
IQ:0,0,11,-140,-169
IQ:1,8,11,-123,150
IQ:2,16,11,162,106
IQ:3,24,11,88,-192
IQ:4,32,11,-207,-56
IQ:5,40,11,-38,182
IQ:6,48,11,184,30
IQ:7,56,11,-20,-198
IQ:8,72,12,62,137
IQ:9,80,255,53,-131
IQ:10,88,1,-216,-47
IQ:11,96,255,-44,274
IQ:12,104,2,169,9
IQ:13,112,255,-46,-168
IQ:14,120,10,-7,165
IQ:15,128,255,251,146
IQ:16,136,3,195,-261
IQ:17,144,255,-338,-190
IQ:18,152,9,-297,489
IQ:19,160,255,474,359
IQ:20,168,4,440,-371
IQ:21,176,255,-299,-506
IQ:22,184,8,-383,25
IQ:23,192,255,129,266
IQ:24,200,7,295,-313
IQ:25,208,255,-308,-222
IQ:26,216,6,-90,387
IQ:27,224,255,399,52
IQ:28,232,5,71,-357
IQ:29,240,255,-328,-108
IQ:30,248,12,-64,109
IQ:31,256,255,119,-74
IQ:32,264,1,-144,-195
IQ:33,272,255,-222,172
IQ:34,280,2,101,143
IQ:35,288,255,212,-145
SW:2
RR:3
SS:3