IQ:2,16,11,167,81
IQ:3,24,11,70,-168
IQ:4,32,11,-188,-51
IQ:5,40,11,-25,191
IQ:6,48,11,180,6
IQ:7,56,11,-15,-187
IQ:8,72,12,60,78
IQ:9,80,255,13,-140
IQ:10,88,1,-187,-17
IQ:11,96,255,-37,226
IQ:12,104,2,127,33
IQ:13,112,255,-14,-145
IQ:14,120,10,-69,131
IQ:15,128,255,195,144
IQ:16,136,3,148,-198
IQ:17,144,255,-287,-155
IQ:18,152,9,-272,381
IQ:19,160,255,364,325
IQ:20,168,4,328,-278
IQ:21,176,255,-271,-349
IQ:22,184,8,-371,42
IQ:23,192,255,90,235
IQ:24,200,7,272,-281
IQ:25,208,255,-237,-197
IQ:26,216,6,-76,316
IQ:27,224,255,335,71
IQ:28,232,5,81,-270
IQ:29,240,255,-250,-74
IQ:30,248,12,-39,83
IQ:31,256,255,103,-82
IQ:32,264,1,-125,-149
IQ:33,272,255,-177,139
IQ:34,280,2,66,115
IQ:35,288,255,158,-115
SW:2
RR:3
SS:3
FR:2426
ME:359
MA:5
KE:3
KA:356
DF_END

Data arrived...
DF_BEGIN
IQ:0,0,11,156,99
IQ:1,8,11,75,-164
IQ:2,16,11,-182,-51
IQ:3,24,11,-63,182
IQ:4,32,11,182,39
IQ:5,40,11,27,-188
IQ:6,48,11,-191,-12
IQ:7,56,11,20,188
IQ:8,72,12,-2,-103
IQ:9,80,255,-98,51
IQ:10,88,1,106,81
IQ:11,96,255,101,-162
IQ:12,104,2,-153,-116
IQ:13,112,255,-121,187
IQ:14,120,10,258,170
IQ:15,128,255,151,-219
IQ:16,136,3,-275,-9
IQ:17,144,255,-44,335
IQ:18,152,9,279,132
IQ:19,160,255,84,-303
IQ:20,168,4,-337,-126
IQ:21,176,255,-150,291
IQ:22,184,8,124,178
IQ:23,192,255,92,-134
IQ:24,200,7,-176,-141
IQ:25,208,255,-38,122
IQ:26,216,6,215,-125
IQ:27,224,255,-94,-259
IQ:28,232,5,-197,-3
IQ:29,240,255,29,137
IQ:30,248,12,75,-77
IQ:31,256,255,-110,-55
IQ:32,264,1,-8,142
IQ:33,272,255,187,1
IQ:34,280,2,16,-191
IQ:35,288,255,-198,7
SW:2
RR:3
SS:3
FR:2402
ME:5
MA:353
KE:3
KA:356
DF_END

Data arrived...
DF_BEGIN
IQ:0,0,11,191,-84
IQ:1,8,11,-82,-182
IQ:2,16,11,-175,104
IQ:3,24,11,118,143
IQ:4,32,11,116,-163
IQ:5,40,11,-163,-137
IQ:6,48,11,-100,163
IQ:7,56,11,184,79
IQ:8,72,12,-184,-84
IQ:9,80,255,-94,177
IQ:10,88,1,152,81
IQ:11,96,255,67,-153
IQ:12,104,2,-158,-22
IQ:13,112,255,3,170
IQ:14,120,10,280,-37
IQ:15,128,255,-7,-261
IQ:16,136,3,-201,31
IQ:17,144,255,63,229
IQ:18,152,9,286,-17
IQ:19,160,255,3,-250
IQ:20,168,4,-188,11
IQ:21,176,255,14,151
IQ:22,184,8,53,-33
IQ:23,192,255,-85,-71
IQ:24,200,7,-148,78
IQ:25,208,255,92,101
IQ:26,216,6,78,-133
IQ:27,224,255,-151,-98
IQ:28,232,5,-103,91
IQ:29,240,255,86,33
IQ:30,248,12,-53,-201
IQ:31,256,255,-201,43
IQ:32,264,1,27,169
IQ:33,272,255,168,-46
IQ:34,280,2,-81,-144
IQ:35,288,255,-107,96
SW:2
RR:3
SS:3
FR:2480
ME:5
MA:5
KE:3
KA:357
DF_END

Data arrived...
DF_BEGIN
IQ:0,0,11,-30,150
IQ:1,8,11,148,15
IQ:2,16,11,-7,-158
IQ:3,24,11,-148,19
IQ:4,32,11,45,148
IQ:5,40,11,144,-50
IQ:6,48,11,-63,-137
IQ:7,56,11,-133,71
IQ:8,72,12,113,-95
IQ:9,80,255,-78,-137
IQ:10,88,1,-117,55
IQ:11,96,255,71,101
IQ:12,104,2,63,-105
IQ:13,112,255,-116,-59
IQ:14,120,10,-89,194
IQ:15,128,255,159,111
IQ:16,136,3,72,-136
IQ:17,144,255,-167,-70
IQ:18,152,9,-116,172
IQ:19,160,255,158,90
IQ:20,168,4,69,-121
IQ:21,176,255,-102,-56
IQ:22,184,8,-4,56
IQ:23,192,255,73,-29
IQ:24,200,7,3,-127
IQ:25,208,255,-105,12
IQ:26,216,6,53,106
IQ:27,224,255,122,-49
IQ:28,232,5,-15,-107
IQ:29,240,255,-57,36
IQ:30,248,12,142,44
IQ:31,256,255,46,-147
IQ:32,264,1,-128,-55
IQ:33,272,255,-43,116
IQ:34,280,2,120,3
IQ:35,288,255,-19,-103
SW:2
RR:3
SS:3
FR:2480
ME:5
MA:5
KE:3
KA:358
DF_END

Data arrived...
DF_BEGIN
IQ:0,0,11,-154,53
IQ:1,8,11,62,153
IQ:2,16,11,140,-67
IQ:3,24,11,-85,-128
IQ:4,32,11,-106,100
IQ:5,40,11,117,107
IQ:6,48,11,98,-125
IQ:7,56,11,-133,-86
IQ:8,72,12,86,1
IQ:9,80,255,-66,-77
IQ:10,88,1,-102,105
IQ:11,96,255,135,124
IQ:12,104,2,86,-62
IQ:13,112,255,-102,-51
IQ:14,120,10,48,103
IQ:15,128,255,180,-46
IQ:16,136,3,-42,-200
IQ:17,144,255,-230,105
IQ:18,152,9,133,345
IQ:19,160,255,386,-110
IQ:20,168,4,-17,-368
IQ:21,176,255,-374,-23
IQ:22,184,8,-184,247
IQ:23,192,255,193,50
IQ:24,200,7,-39,-320
IQ:25,208,255,-255,36
IQ:26,216,6,157,206
IQ:27,224,255,209,-182
IQ:28,232,5,-129,-206
IQ:29,240,255,-187,116
IQ:30,248,12,50,61
IQ:31,256,255,13,-107
IQ:32,264,1,-146,9
IQ:33,272,255,18,188
IQ:34,280,2,100,16
IQ:35,288,255,-1,-156
SW:2
RR:3
SS:3
FR:2426
ME:2
MA:353
KE:3
KA:357
DF_END

Data arrived...
DF_BEGIN
IQ:0,0,11,185,-39
IQ:1,8,11,-67,-175
IQ:2,16,11,-177,86
IQ:3,24,11,94,160
IQ:4,32,11,150,-112
IQ:5,40,11,-131,-134
IQ:6,48,11,-114,134
IQ:7,56,11,159,94
IQ:8,72,12,-85,-65
IQ:9,80,255,-23,126
IQ:10,88,1,135,-42
IQ:11,96,255,-53,-181
IQ:12,104,2,-191,37
IQ:13,112,255,91,202
IQ:14,120,10,280,-123
IQ:15,128,255,-87,-258
IQ:16,136,3,-203,194
IQ:17,144,255,219,245
IQ:18,152,9,280,-156
IQ:19,160,255,-170,-256
IQ:20,168,4,-297,196
IQ:21,176,255,160,295
IQ:22,184,8,218,25
IQ:23,192,255,-54,-161
IQ:24,200,7,-221,77
IQ:25,208,255,98,112
IQ:26,216,6,68,-249
IQ:27,224,255,-244,-101
IQ:28,232,5,-121,140
IQ:29,240,255,131,52
IQ:30,248,12,-9,-118
IQ:31,256,255,-120,44
IQ:32,264,1,102,100
IQ:33,272,255,114,-152
IQ:34,280,2,-146,-132
IQ:35,288,255,-117,163
SW:2
RR:3
SS:3
FR:2402
ME:5
MA:353
KE:3
KA:357
DF_END

Data arrived...
DF_BEGIN
IQ:0,0,11,37,146
IQ:1,8,11,146,-54
IQ:2,16,11,-61,-140
IQ:3,24,11,-118,93
IQ:4,32,11,101,121
IQ:5,40,11,112,-103
IQ:6,48,11,-118,-100
IQ:7,56,11,-77,126
IQ:8,72,12,78,-131
IQ:9,80,255,-133,-88
IQ:10,88,1,-91,101
IQ:11,96,255,104,65
IQ:12,104,2,27,-122
IQ:13,112,255,-131,-12
IQ:14,120,10,-1,209
IQ:15,128,255,195,23
IQ:16,136,3,6,-155
IQ:17,144,255,-179,13
IQ:18,152,9,-32,217
IQ:19,160,255,177,39
IQ:20,168,4,9,-136
IQ:21,176,255,-120,3
IQ:22,184,8,11,49
IQ:23,192,255,51,-69
IQ:24,200,7,-53,-114
IQ:25,208,255,-92,58
IQ:26,216,6,92,74
IQ:27,224,255,82,-102
IQ:28,232,5,-67,-89
IQ:29,240,255,-35,57
IQ:30,248,12,156,-23
IQ:31,256,255,-7,-158
IQ:32,264,1,-129,18
IQ:33,272,255,27,125
IQ:34,280,2,105,-53
IQ:35,288,255,-71,-94
SW:2
RR:3
SS:3
FR:2480
ME:5
MA:5
KE:3
KA:358
DF_END

Data arrived...
DF_BEGIN
IQ:0,0,11,-149,49
IQ:1,8,11,51,146
IQ:2,16,11,136,-61
IQ:3,24,11,-88,-122
IQ:4,32,11,-124,95
IQ:5,40,11,114,101
IQ:6,48,11,86,-130
IQ:7,56,11,-134,-83
IQ:8,72,12,138,76
IQ:9,80,255,93,-129
IQ:10,88,1,-111,-72
IQ:11,96,255,-69,101
IQ:12,104,2,124,21
IQ:13,112,255,10,-127
IQ:14,120,10,-219,4
IQ:15,128,255,-29,192
IQ:16,136,3,157,-6
IQ:17,144,255,-11,-186
IQ:18,152,9,-210,-35
IQ:19,160,255,-19,186
IQ:20,168,4,138,10
IQ:21,176,255,1,-121
IQ:22,184,8,-42,16
IQ:23,192,255,59,58
IQ:24,200,7,119,-57
IQ:25,208,255,-64,-85
IQ:26,216,6,-66,93
IQ:27,224,255,107,80
IQ:28,232,5,82,-64
IQ:29,240,255,-63,-26
IQ:30,248,12,25,154
IQ:31,256,255,154,-9
IQ:32,264,1,-11,-135
IQ:33,272,255,-130,21
IQ:34,280,2,49,109
IQ:35,288,255,88,-66
SW:2
RR:3
SS:3
FR:2480
ME:5
MA:5
KE:4
KA:359
DF_END

Data arrived...
DF_BEGIN
IQ:0,0,11,-131,-83
IQ:1,8,11,-61,126
IQ:2,16,11,136,46
IQ:3,24,11,28,-148
IQ:4,32,11,-150,-8
IQ:5,40,11,-9,151
IQ:6,48,11,140,-11
IQ:7,56,11,-35,-149
IQ:8,72,12,54,56
IQ:9,80,255,3,-102
IQ:10,88,1,-142,21
IQ:11,96,255,33,176
IQ:12,104,2,93,-9
IQ:13,112,255,-43,-99
IQ:14,120,10,-23,115
IQ:15,128,255,157,77
IQ:16,136,3,84,-172
IQ:17,144,255,-249,-58
IQ:18,152,9,-118,352
IQ:19,160,255,365,180
IQ:20,168,4,239,-250
IQ:21,176,255,-270,-224
IQ:22,184,8,-295,57
IQ:23,192,255,94,186
IQ:24,200,7,181,-243
IQ:25,208,255,-210,-118
IQ:26,216,6,-7,250
IQ:27,224,255,265,-3
IQ:28,232,5,21,-223
IQ:29,240,255,-207,-26
IQ:30,248,12,-16,72
IQ:31,256,255,78,-61
IQ:32,264,1,-105,-92
IQ:33,272,255,-116,135
IQ:34,280,2,58,90
IQ:35,288,255,106,-98
SW:2
RR:3
SS:3
FR:2426
ME:2
MA:353
KE:3
KA:358
DF_END

Data arrived...
DF_BEGIN
IQ:0,0,11,-199,-51
IQ:1,8,11,-5,195
IQ:2,16,11,197,-7
IQ:3,24,11,-21,-196
IQ:4,32,11,-185,49
IQ:5,40,11,60,196
IQ:6,48,11,185,-85
IQ:7,56,11,-100,-174
IQ:8,72,12,106,63
IQ:9,80,255,-22,-111
IQ:10,88,1,-143,71
IQ:11,96,255,83,201
IQ:12,104,2,128,-35
IQ:13,112,255,-82,-124
IQ:14,120,10,20,127
IQ:15,128,255,213,7
IQ:16,136,3,29,-236
IQ:17,144,255,-299,16
IQ:18,152,9,2,467
IQ:19,160,255,479,73
IQ:20,168,4,145,-421
IQ:21,176,255,-417,-204
IQ:22,184,8,-322,206
IQ:23,192,255,210,162
IQ:24,200,7,83,-363
IQ:25,208,255,-321,-35
IQ:26,216,6,102,301
IQ:27,224,255,315,-131
IQ:28,232,5,-71,-271
IQ:29,240,255,-268,49
IQ:30,248,12,-6,103
IQ:31,256,255,66,-100
IQ:32,264,1,-172,-82
IQ:33,272,255,-104,212
IQ:34,280,2,98,80
IQ:35,288,255,81,-168
SW:2
RR:3
SS:3
FR:2426
ME:359
MA:5
KE:3
KA:359
DF_END

Data arrived...
DF_BEGIN
IQ:0,0,11,-141,-26
IQ:1,8,11,-17,147
IQ:2,16,11,154,-2
IQ:3,24,11,-19,-152
IQ:4,32,11,-142,34
IQ:5,40,11,46,137
IQ:6,48,11,134,-58
IQ:7,56,11,-87,-133
IQ:8,72,12,51,80
IQ:9,80,255,65,-89
IQ:10,88,1,-114,-31
IQ:11,96,255,-30,147
IQ:12,104,2,151,41
IQ:13,112,255,9,-183
IQ:14,120,10,-241,-22
IQ:15,128,255,-14,209
IQ:16,136,3,214,-77
IQ:17,144,255,-44,-255
IQ:18,152,9,-253,11
IQ:19,160,255,41,241
IQ:20,168,4,282,-40
IQ:21,176,255,-22,-249
IQ:22,184,8,-146,-102
IQ:23,192,255,-21,133
IQ:24,200,7,174,28
IQ:25,208,255,-14,-121
IQ:26,216,6,-132,159
IQ:27,224,255,148,151
IQ:28,232,5,123,-74
IQ:29,240,255,-97,-82
IQ:30,248,12,-30,86
IQ:31,256,255,101,-11
IQ:32,264,1,-50,-96
IQ:33,272,255,-126,60
IQ:34,280,2,73,145
IQ:35,288,255,152,-62
SW:2
RR:3
SS:3
FR:2402
ME:5
MA:353
KE:3
KA:358
DF_END

Data arrived...
DF_BEGIN
IQ:0,0,11,-73,-134
IQ:1,8,11,-138,77
IQ:2,16,11,91,119
IQ:3,24,11,115,-106
IQ:4,32,11,-120,-104
IQ:5,40,11,-84,132
IQ:6,48,11,129,87
IQ:7,56,11,69,-134
IQ:8,72,12,-57,142
IQ:9,80,255,145,62
IQ:10,88,1,65,-123
IQ:11,96,255,-112,-54
IQ:12,104,2,-17,121
IQ:13,112,255,133,-14
IQ:14,120,10,-23,-222
IQ:15,128,255,-195,-6
IQ:16,136,3,36,153
IQ:17,144,255,180,-33
IQ:18,152,9,5,-225
IQ:19,160,255,-189,-14
IQ:20,168,4,20,126
IQ:21,176,255,121,-32
IQ:22,184,8,-30,-45
IQ:23,192,255,-49,68
IQ:24,200,7,64,114
IQ:25,208,255,81,-67
IQ:26,216,6,-96,-57
IQ:27,224,255,-67,115
IQ:28,232,5,72,79
IQ:29,240,255,18,-72
IQ:30,248,12,-145,54
IQ:31,256,255,36,149
IQ:32,264,1,128,-46
IQ:33,272,255,-39,-127
IQ:34,280,2,-102,68
IQ:35,288,255,84,88
SW:2
RR:3
SS:3
FR:2480
ME:5
MA:5
KE:3
KA:359
DF_END

Data arrived...
DF_BEGIN
IQ:0,0,11,138,-70
IQ:1,8,11,-74,-142
IQ:2,16,11,-126,86
IQ:3,24,11,104,112
IQ:4,32,11,92,-124
IQ:5,40,11,-125,-90
IQ:6,48,11,-78,133
IQ:7,56,11,146,57
IQ:8,72,12,-147,-34
IQ:9,80,255,-51,150
IQ:10,88,1,121,52
IQ:11,96,255,47,-118
IQ:12,104,2,-121,4
IQ:13,112,255,20,129
IQ:14,120,10,212,-41
IQ:15,128,255,-16,-196
IQ:16,136,3,-149,34
IQ:17,144,255,58,180
IQ:18,152,9,222,-3
IQ:19,160,255,0,-177
IQ:20,168,4,-140,20
IQ:21,176,255,33,121
IQ:22,184,8,47,-21
IQ:23,192,255,-72,-48
IQ:24,200,7,-101,73
IQ:25,208,255,80,78
IQ:26,216,6,50,-115
IQ:27,224,255,-115,-66
IQ:28,232,5,-81,73
IQ:29,240,255,65,24
IQ:30,248,12,-55,-148
IQ:31,256,255,-148,47
IQ:32,264,1,53,131
IQ:33,272,255,120,-52
IQ:34,280,2,-74,-95
IQ:35,288,255,-78,96
SW:2
RR:3
SS:3
FR:2480
ME:5
MA:5
KE:3
KA:0
DF_END

Data arrived...
DF_BEGIN
IQ:0,0,11,-49,154
IQ:1,8,11,160,32
IQ:2,16,11,8,-161
IQ:3,24,11,-160,9
IQ:4,32,11,35,164
IQ:5,40,11,157,-33
IQ:6,48,11,-56,-153
IQ:7,56,11,-158,61
IQ:8,72,12,62,-63
IQ:9,80,255,-102,4
IQ:10,88,1,28,153
IQ:11,96,255,173,-50
IQ:12,104,2,-18,-103
IQ:13,112,255,-92,52
IQ:14,120,10,94,1
IQ:15,128,255,31,-165
IQ:16,136,3,-188,-52
IQ:17,144,255,-22,261
IQ:18,152,9,357,92
IQ:19,160,255,110,-384
IQ:20,168,4,-314,-196
IQ:21,176,255,-201,308
IQ:22,184,8,128,293
IQ:23,192,255,161,-137
IQ:24,200,7,-290,-100
IQ:25,208,255,-83,249
IQ:26,216,6,261,-37
IQ:27,224,255,-45,-271
IQ:28,232,5,-224,1
IQ:29,240,255,3,216
IQ:30,248,12,83,-2
IQ:31,256,255,-73,-69
IQ:32,264,1,-91,111
IQ:33,272,255,151,108
IQ:34,280,2,80,-66
IQ:35,288,255,-123,-86
SW:2
RR:3
SS:3
FR:2426
ME:359
MA:5
KE:3
KA:0
DF_END

Data arrived...
DF_BEGIN
IQ:0,0,11,36,144
IQ:1,8,11,145,-51
IQ:2,16,11,-59,-140
IQ:3,24,11,-125,81
IQ:4,32,11,79,123
IQ:5,40,11,121,-91
IQ:6,48,11,-100,-108
IQ:7,56,11,-86,116
IQ:8,72,12,64,-71
IQ:9,80,255,-98,-26
IQ:10,88,1,9,101
IQ:11,96,255,130,-34
IQ:12,104,2,-37,-152
IQ:13,112,255,-168,62
IQ:14,120,10,76,225
IQ:15,128,255,201,-66
IQ:16,136,3,-164,-145
IQ:17,144,255,-191,177
IQ:18,152,9,119,214
IQ:19,160,255,190,-150
IQ:20,168,4,-168,-249
IQ:21,176,255,-246,117
IQ:22,184,8,-30,178
IQ:23,192,255,127,-36
IQ:24,200,7,-65,-168
IQ:25,208,255,-97,61
IQ:26,216,6,194,45
IQ:27,224,255,77,-209
IQ:28,232,5,-123,-108
IQ:29,240,255,-61,109
IQ:30,248,12,87,-6
IQ:31,256,255,-23,-96
IQ:32,264,1,-67,74
IQ:33,272,255,111,78
IQ:34,280,2,97,-109
IQ:35,288,255,-121,-108
SW:2
RR:3
SS:3
FR:2402
ME:5
MA:353
KE:3
KA:0
DF_END

Data arrived...
DF_BEGIN
IQ:0,0,11,-90,164
IQ:1,8,11,167,69
IQ:2,16,11,60,-164
IQ:3,24,11,-172,-45
IQ:4,32,11,-26,177
IQ:5,40,11,170,14
IQ:6,48,11,-12,-185
IQ:7,56,11,-182,29
IQ:8,72,12,101,-22
IQ:9,80,255,-62,-99
IQ:10,88,1,-86,100
IQ:11,96,255,138,102
IQ:12,104,2,113,-149
IQ:13,112,255,-186,-102
IQ:14,120,10,-118,263
IQ:15,128,255,237,103
IQ:16,136,3,-13,-269
IQ:17,144,255,-339,-24
IQ:18,152,9,-105,284
IQ:19,160,255,290,52
IQ:20,168,4,75,-365
IQ:21,176,255,-321,-132
IQ:22,184,8,-192,121
IQ:23,192,255,139,87
IQ:24,200,7,107,-180
IQ:25,208,255,-136,-20
IQ:26,216,6,123,219
IQ:27,224,255,253,-91
IQ:28,232,5,5,-193
IQ:29,240,255,-138,32
IQ:30,248,12,76,62
IQ:31,256,255,45,-100
IQ:32,264,1,-133,-5
IQ:33,272,255,4,170
IQ:34,280,2,184,-14
IQ:35,288,255,-36,-210
SW:2
RR:3
SS:3
FR:2402
ME:5
MA:353
KE:3
KA:359
DF_END

Data arrived...
DF_BEGIN
IQ:0,0,11,47,-196
IQ:1,8,11,-197,-27
IQ:2,16,11,-9,187
IQ:3,24,11,185,-36
IQ:4,32,11,-62,-192
IQ:5,40,11,-185,70
IQ:6,48,11,94,173
IQ:7,56,11,163,-110
IQ:8,72,12,-171,97
IQ:9,80,255,75,182
IQ:10,88,1,155,-68
IQ:11,96,255,-90,-147
IQ:12,104,2,-111,120
IQ:13,112,255,135,82
IQ:14,120,10,128,-243
IQ:15,128,255,-203,-149
IQ:16,136,3,-98,177
IQ:17,144,255,207,102
IQ:18,152,9,176,-223
IQ:19,160,255,-190,-158
IQ:20,168,4,-99,158
IQ:21,176,255,139,84
IQ:22,184,8,7,-54
IQ:23,192,255,-102,29
IQ:24,200,7,-25,147
IQ:25,208,255,119,-11
IQ:26,216,6,-76,-136
IQ:27,224,255,-168,72
IQ:28,232,5,11,146
IQ:29,240,255,72,-36
IQ:30,248,12,-184,-57
IQ:31,256,255,-82,176
IQ:32,264,1,155,65
IQ:33,272,255,49,-155
IQ:34,280,2,-154,-6
IQ:35,288,255,22,129
SW:2
RR:3
SS:3
FR:2480
ME:5
MA:5
KE:3
KA:0
DF_END

Data arrived...
DF_BEGIN
IQ:0,0,11,-23,172
IQ:1,8,11,175,11
IQ:2,16,11,2,-163
IQ:3,24,11,-169,18
IQ:4,32,11,35,169
IQ:5,40,11,159,-41
IQ:6,48,11,-88,-155
IQ:7,56,11,-156,97
IQ:8,72,12,61,-67
IQ:9,80,255,-88,32
IQ:10,88,1,72,151
IQ:11,96,255,161,-109
IQ:12,104,2,-33,-101
IQ:13,112,255,-88,62
IQ:14,120,10,121,-32
IQ:15,128,255,-7,-205
IQ:16,136,3,-227,13
IQ:17,144,255,38,280
IQ:18,152,9,417,-48
IQ:19,160,255,23,-466
IQ:20,168,4,-410,-124
IQ:21,176,255,-155,428
IQ:22,184,8,219,276
IQ:23,192,255,156,-198
IQ:24,200,7,-341,-87
IQ:25,208,255,-40,259
IQ:26,216,6,285,-101
IQ:27,224,255,-95,-296
IQ:28,232,5,-255,39
IQ:29,240,255,56,225
IQ:30,248,12,85,11
IQ:31,256,255,-85,-47
IQ:32,264,1,-63,146
IQ:33,272,255,174,90
IQ:34,280,2,54,-93
IQ:35,288,255,-131,-75
SW:2
RR:3
SS:3
FR:2426
ME:359
MA:5
KE:3
KA:0
DF_END

Data arrived...
DF_BEGIN
IQ:0,0,11,-17,213
IQ:1,8,11,206,-9
IQ:2,16,11,-35,-211
IQ:3,24,11,-200,33
IQ:4,32,11,64,204
IQ:5,40,11,194,-69
IQ:6,48,11,-84,-178
IQ:7,56,11,-164,124
IQ:8,72,12,108,-59
IQ:9,80,255,-108,-67
IQ:10,88,1,-18,155
IQ:11,96,255,188,26
IQ:12,104,2,18,-207
IQ:13,112,255,-254,18
IQ:14,120,10,11,343
IQ:15,128,255,298,-16
IQ:16,136,3,-172,-279
IQ:17,144,255,-341,192
IQ:18,152,9,47,351
IQ:19,160,255,337,-109
IQ:20,168,4,-118,-415
IQ:21,176,255,-408,52
IQ:22,184,8,-109,237
IQ:23,192,255,214,12
IQ:24,200,7,41,-275
IQ:25,208,255,-159,12
IQ:26,216,6,228,168
IQ:27,224,255,189,-252
IQ:28,232,5,-130,-211
IQ:29,240,255,-149,119
IQ:30,248,12,102,45
IQ:31,256,255,-12,-133
IQ:32,264,1,-142,83
IQ:33,272,255,121,166
IQ:34,280,2,180,-123
IQ:35,288,255,-137,-195
SW:2
RR:3
SS:3
FR:2402
ME:5
MA:353
KE:3
KA:359
DF_END

Data arrived...
DF_BEGIN
IQ:0,0,11,-133,81
IQ:1,8,11,92,123
IQ:2,16,11,101,-113
IQ:3,24,11,-129,-89
IQ:4,32,11,-82,140
IQ:5,40,11,140,69
IQ:6,48,11,44,-142
IQ:7,56,11,-156,-41
IQ:8,72,12,140,38
IQ:9,80,255,34,-145
IQ:10,88,1,-135,-28
IQ:11,96,255,-27,126
IQ:12,104,2,114,-19
IQ:13,112,255,-42,-121
IQ:14,120,10,-200,76
IQ:15,128,255,44,191
IQ:16,136,3,146,-45
IQ:17,144,255,-61,-170
IQ:18,152,9,-214,38
IQ:19,160,255,42,181
IQ:20,168,4,132,-47
IQ:21,176,255,-40,-119
IQ:22,184,8,-42,24
IQ:23,192,255,71,36
IQ:24,200,7,83,-86
IQ:25,208,255,-87,-57
IQ:26,216,6,-45,112
IQ:27,224,255,126,48
IQ:28,232,5,58,-85
IQ:29,240,255,-70,-4
IQ:30,248,12,78,137
IQ:31,256,255,140,-55
IQ:32,264,1,-62,-121
IQ:33,272,255,-111,66
IQ:34,280,2,85,86
IQ:35,288,255,63,-93
SW:2
RR:3
SS:3
FR:2480
ME:5
MA:5
KE:3
KA:0
DF_END

Data arrived...
DF_BEGIN
IQ:0,0,11,15,-151
IQ:1,8,11,-151,5
IQ:2,16,11,23,153
IQ:3,24,11,149,-46
IQ:4,32,11,-57,-153
IQ:5,40,11,-141,66
IQ:6,48,11,87,132
IQ:7,56,11,130,-92
IQ:8,72,12,-117,90
IQ:9,80,255,90,126
IQ:10,88,1,115,-80
IQ:11,96,255,-77,-105
IQ:12,104,2,-65,100
IQ:13,112,255,121,48
IQ:14,120,10,84,-195
IQ:15,128,255,-171,-101
IQ:16,136,3,-55,142
IQ:17,144,255,182,47
IQ:18,152,9,113,-191
IQ:19,160,255,-170,-85
IQ:20,168,4,-42,133
IQ:21,176,255,122,30
IQ:22,184,8,-1,-48
IQ:23,192,255,-70,31
IQ:24,200,7,9,122
IQ:25,208,255,106,-27
IQ:26,216,6,-67,-102
IQ:27,224,255,-124,68
IQ:28,232,5,18,104
IQ:29,240,255,51,-46
IQ:30,248,12,-148,-37
IQ:31,256,255,-47,147
IQ:32,264,1,128,22
IQ:33,272,255,19,-130
IQ:34,280,2,-121,8
IQ:35,288,255,35,104
SW:2
RR:3
SS:3
FR:2480
ME:5
MA:5
KE:3
KA:0
DF_END

Data arrived...
DF_BEGIN
IQ:0,0,11,18,157
IQ:1,8,11,147,-64
IQ:2,16,11,-65,-140
IQ:3,24,11,-136,90
IQ:4,32,11,95,130
IQ:5,40,11,11