IQ:31,256,255,-103,105
IQ:32,264,1,108,137
IQ:33,272,255,146,-128
IQ:34,280,2,-68,-125
IQ:35,288,255,-127,105
SW:2
RR:3
SS:3
FR:2426
ME:2
MA:353
KE:3
KA:357
DF_END

Data arrived...
DF_BEGIN
IQ:0,0,11,-67,-177
IQ:1,8,11,-174,101
IQ:2,16,11,109,173
IQ:3,24,11,166,-112
IQ:4,32,11,-130,-148
IQ:5,40,11,-126,150
IQ:6,48,11,164,116
IQ:7,56,11,98,-182
IQ:8,72,12,-5,115
IQ:9,80,255,117,-81
IQ:10,88,1,-118,-155
IQ:11,96,255,-183,147
IQ:12,104,2,83,142
IQ:13,112,255,96,-124
IQ:14,120,10,-186,40
IQ:15,128,255,51,266
IQ:16,136,3,301,-25
IQ:17,144,255,-100,-341
IQ:18,152,9,-510,126
IQ:19,160,255,69,554
IQ:20,168,4,511,46
IQ:21,176,255,72,-482
IQ:22,184,8,-306,-234
IQ:23,192,255,-78,269
IQ:24,200,7,416,-54
IQ:25,208,255,-84,-359
IQ:26,216,6,-305,177
IQ:27,224,255,199,327
IQ:28,232,5,265,-152
IQ:29,240,255,-144,-256
IQ:30,248,12,-91,53
IQ:31,256,255,163,59
IQ:32,264,1,36,-190
IQ:33,272,255,-232,-57
IQ:34,280,2,-77,147
IQ:35,288,255,203,40
SW:2
RR:3
SS:3
FR:2426
ME:359
MA:5
KE:3
KA:358
DF_END

Data arrived...
DF_BEGIN
IQ:0,0,11,85,-135
IQ:1,8,11,-139,-69
IQ:2,16,11,-48,146
IQ:3,24,11,157,31
IQ:4,32,11,22,-149
IQ:5,40,11,-157,-1
IQ:6,48,11,15,156
IQ:7,56,11,150,-32
IQ:8,72,12,-102,-1
IQ:9,80,255,45,98
IQ:10,88,1,84,-86
IQ:11,96,255,-119,-95
IQ:12,104,2,-93,126
IQ:13,112,255,174,73
IQ:14,120,10,107,-221
IQ:15,128,255,-192,-97
IQ:16,136,3,-4,226
IQ:17,144,255,276,23
IQ:18,152,9,99,-246
IQ:19,160,255,-237,-66
IQ:20,168,4,-64,288
IQ:21,176,255,274,78
IQ:22,184,8,139,-151
IQ:23,192,255,-152,-71
IQ:24,200,7,-81,170
IQ:25,208,255,132,14
IQ:26,216,6,-100,-187
IQ:27,224,255,-204,104
IQ:28,232,5,27,174
IQ:29,240,255,131,-43
IQ:30,248,12,-69,-84
IQ:31,256,255,-56,95
IQ:32,264,1,124,20
IQ:33,272,255,8,-151
IQ:34,280,2,-159,8
IQ:35,288,255,18,171
SW:2
RR:3
SS:3
FR:2402
ME:5
MA:353
KE:3
KA:357
DF_END

Data arrived...
DF_BEGIN
IQ:0,0,11,123,90
IQ:1,8,11,99,-134
IQ:2,16,11,-132,-91
IQ:3,24,11,-65,146
IQ:4,32,11,145,58
IQ:5,40,11,40,-149
IQ:6,48,11,-156,-10
IQ:7,56,11,3,157
IQ:8,72,12,5,-149
IQ:9,80,255,-157,-6
IQ:10,88,1,-11,135
IQ:11,96,255,119,11
IQ:12,104,2,-40,-113
IQ:13,112,255,-110,68
IQ:14,120,10,120,187
IQ:15,128,255,172,-79
IQ:16,136,3,-89,-132
IQ:17,144,255,-160,111
IQ:18,152,9,67,211
IQ:19,160,255,174,-43
IQ:20,168,4,-74,-126
IQ:21,176,255,-113,62
IQ:22,184,8,42,34
IQ:23,192,255,22,-85
IQ:24,200,7,-96,-74
IQ:25,208,255,-31,96
IQ:26,216,6,122,7
IQ:27,224,255,13,-144
IQ:28,232,5,-112,-55
IQ:29,240,255,-3,82
IQ:30,248,12,130,-88
IQ:31,256,255,-85,-128
IQ:32,264,1,-101,80
IQ:33,272,255,79,92
IQ:34,280,2,77,-106
IQ:35,288,255,-104,-48
SW:2
RR:3
SS:3
FR:2480
ME:5
MA:5
KE:3
KA:358
DF_END

Data arrived...
DF_BEGIN
IQ:0,0,11,130,-74
IQ:1,8,11,-93,-131
IQ:2,16,11,-115,96
IQ:3,24,11,118,93
IQ:4,32,11,74,-136
IQ:5,40,11,-141,-61
IQ:6,48,11,-60,141
IQ:7,56,11,148,50
IQ:8,72,12,-148,-34
IQ:9,80,255,-60,144
IQ:10,88,1,119,47
IQ:11,96,255,34,-117
IQ:12,104,2,-126,9
IQ:13,112,255,24,128
IQ:14,120,10,210,-53
IQ:15,128,255,-29,-193
IQ:16,136,3,-154,36
IQ:17,144,255,62,177
IQ:18,152,9,212,-32
IQ:19,160,255,-16,-187
IQ:20,168,4,-147,33
IQ:21,176,255,21,132
IQ:22,184,8,45,-26
IQ:23,192,255,-68,-46
IQ:24,200,7,-105,75
IQ:25,208,255,78,72
IQ:26,216,6,40,-110
IQ:27,224,255,-129,-65
IQ:28,232,5,-65,96
IQ:29,240,255,75,19
IQ:30,248,12,-58,-141
IQ:31,256,255,-148,47
IQ:32,264,1,55,115
IQ:33,272,255,119,-50
IQ:34,280,2,-69,-100
IQ:35,288,255,-73,87
SW:2
RR:3
SS:3
FR:2480
ME:5
MA:5
KE:3
KA:359
DF_END

Data arrived...
DF_BEGIN
IQ:0,0,11,205,-11
IQ:1,8,11,-37,-180
IQ:2,16,11,-175,71
IQ:3,24,11,79,181
IQ:4,32,11,159,-107
IQ:5,40,11,-121,-165
IQ:6,48,11,-142,120
IQ:7,56,11,145,129
IQ:8,72,12,-114,-21
IQ:9,80,255,71,159
IQ:10,88,1,181,-78
IQ:11,96,255,-99,-223
IQ:12,104,2,-161,40
IQ:13,112,255,121,133
IQ:14,120,10,29,-190
IQ:15,128,255,-283,-68
IQ:16,136,3,-88,297
IQ:17,144,255,357,38
IQ:18,152,9,61,-510
IQ:19,160,255,-547,-86
IQ:20,168,4,-218,482
IQ:21,176,255,431,232
IQ:22,184,8,311,-221
IQ:23,192,255,-208,-149
IQ:24,200,7,-62,407
IQ:25,208,255,342,24
IQ:26,216,6,-123,-345
IQ:27,224,255,-377,120
IQ:28,232,5,59,304
IQ:29,240,255,261,-74
IQ:30,248,12,-57,-88
IQ:31,256,255,-81,141
IQ:32,264,1,162,96
IQ:33,272,255,90,-224
IQ:34,280,2,-141,-89
IQ:35,288,255,-76,197
SW:2
RR:3
SS:3
FR:2426
ME:2
MA:356
KE:3
KA:358
DF_END

Data arrived...
DF_BEGIN
IQ:0,0,11,-39,151
IQ:1,8,11,162,30
IQ:2,16,11,11,-160
IQ:3,24,11,-159,-1
IQ:4,32,11,21,152
IQ:5,40,11,156,-34
IQ:6,48,11,-49,-152
IQ:7,56,11,-142,73
IQ:8,72,12,93,-27
IQ:9,80,255,-75,-78
IQ:10,88,1,-67,105
IQ:11,96,255,136,70
IQ:12,104,2,66,-145
IQ:13,112,255,-188,-56
IQ:14,120,10,-55,232
IQ:15,128,255,216,33
IQ:16,136,3,-66,-221
IQ:17,144,255,-263,68
IQ:18,152,9,-18,264
IQ:19,160,255,250,-13
IQ:20,168,4,-10,-305
IQ:21,176,255,-292,-16
IQ:22,184,8,-87,185
IQ:23,192,255,161,22
IQ:24,200,7,33,-181
IQ:25,208,255,-120,29
IQ:26,216,6,159,144
IQ:27,224,255,180,-145
IQ:28,232,5,-56,-176
IQ:29,240,255,-123,73
IQ:30,248,12,91,44
IQ:31,256,255,20,-113
IQ:32,264,1,-126,10
IQ:33,272,255,29,146
IQ:34,280,2,155,-52
IQ:35,288,255,-72,-163
SW:2
RR:3
SS:3
FR:2402
ME:5
MA:353
KE:3
KA:358
DF_END

Data arrived...
DF_BEGIN
IQ:0,0,11,-100,120
IQ:1,8,11,134,96
IQ:2,16,11,80,-133
IQ:3,24,11,-140,-57
IQ:4,32,11,-38,160
IQ:5,40,11,143,34
IQ:6,48,11,-4,-153
IQ:7,56,11,-162,14
IQ:8,72,12,150,-6
IQ:9,80,255,-5,-158
IQ:10,88,1,-133,12
IQ:11,96,255,11,123
IQ:12,104,2,115,-45
IQ:13,112,255,-71,-109
IQ:14,120,10,-173,126
IQ:15,128,255,94,170
IQ:16,136,3,129,-80
IQ:17,144,255,-120,-141
IQ:18,152,9,-203,92
IQ:19,160,255,91,163
IQ:20,168,4,117,-86
IQ:21,176,255,-81,-107
IQ:22,184,8,-32,34
IQ:23,192,255,84,12
IQ:24,200,7,56,-114
IQ:25,208,255,-104,-31
IQ:26,216,6,1,120
IQ:27,224,255,136,18
IQ:28,232,5,36,-106
IQ:29,240,255,-75,6
IQ:30,248,12,103,109
IQ:31,256,255,129,-94
IQ:32,264,1,-87,-97
IQ:33,272,255,-87,94
IQ:34,280,2,103,59
IQ:35,288,255,32,-106
SW:2
RR:3
SS:3
FR:2480
ME:5
MA:5
KE:3
KA:358
DF_END

Data arrived...
DF_BEGIN
IQ:0,0,11,-118,-114
IQ:1,8,11,-85,124
IQ:2,16,11,119,69
IQ:3,24,11,73,-155
IQ:4,32,11,-154,-53
IQ:5,40,11,-28,148
IQ:6,48,11,153,19
IQ:7,56,11,10,-154
IQ:8,72,12,63,75
IQ:9,80,255,46,-124
IQ:10,88,1,-145,-63
IQ:11,96,255,-57,173
IQ:12,104,2,97,56
IQ:13,112,255,10,-138
IQ:14,120,10,-141,116
IQ:15,128,255,123,208
IQ:16,136,3,220,-112
IQ:17,144,255,-188,-216
IQ:18,152,9,-323,292
IQ:19,160,255,262,365
IQ:20,168,4,384,-155
IQ:21,176,255,-138,-376
IQ:22,184,8,-305,-74
IQ:23,192,255,20,214
IQ:24,200,7,277,-175
IQ:25,208,255,-184,-202
IQ:26,216,6,-125,254
IQ:27,224,255,281,148
IQ:28,232,5,155,-206
IQ:29,240,255,-174,-131
IQ:30,248,12,-25,75
IQ:31,256,255,121,-47
IQ:32,264,1,-50,-153
IQ:33,272,255,-190,52
IQ:34,280,2,30,121
IQ:35,288,255,159,-73
SW:2
RR:3
SS:3
FR:2426
ME:2
MA:353
KE:3
KA:358
DF_END

Data arrived...
DF_BEGIN
IQ:0,0,11,15,152
IQ:1,8,11,139,-27
IQ:2,16,11,-53,-163
IQ:3,24,11,-137,80
IQ:4,32,11,83,128
IQ:5,40,11,119,-103
IQ:6,48,11,-99,-118
IQ:7,56,11,-104,116
IQ:8,72,12,8,-81
IQ:9,80,255,-115,53
IQ:10,88,1,74,125
IQ:11,96,255,161,-89
IQ:12,104,2,-50,-115
IQ:13,112,255,-99,102
IQ:14,120,10,164,17
IQ:15,128,255,30,-247
IQ:16,136,3,-232,-58
IQ:17,144,255,12,276
IQ:18,152,9,433,-52
IQ:19,160,255,-9,-461
IQ:20,168,4,-412,-123
IQ:21,176,255,-174,367
IQ:22,184,8,175,231
IQ:23,192,255,110,-175
IQ:24,200,7,-317,-21
IQ:25,208,255,18,274
IQ:26,216,6,266,-121
IQ:27,224,255,-106,-309
IQ:28,232,5,-241,55
IQ:29,240,255,80,202
IQ:30,248,12,67,-50
IQ:31,256,255,-111,-55
IQ:32,264,1,-57,146
IQ:33,272,255,185,33
IQ:34,280,2,48,-113
IQ:35,288,255,-151,-55
SW:2
RR:3
SS:3
FR:2426
ME:2
MA:353
KE:3
KA:357
DF_END

Data arrived...
DF_BEGIN
IQ:0,0,11,129,90
IQ:1,8,11,72,-138
IQ:2,16,11,-147,-55
IQ:3,24,11,-51,146
IQ:4,32,11,155,22
IQ:5,40,11,15,-159
IQ:6,48,11,-152,-26
IQ:7,56,11,3,154
IQ:8,72,12,-1,-91
IQ:9,80,255,-95,44
IQ:10,88,1,70,96
IQ:11,96,255,113,-99
IQ:12,104,2,-115,-113
IQ:13,112,255,-104,157
IQ:14,120,10,209,127
IQ:15,128,255,104,-177
IQ:16,136,3,-232,-20
IQ:17,144,255,-54,269
IQ:18,152,9,228,125
IQ:19,160,255,95,-225
IQ:20,168,4,-280,-87
IQ:21,176,255,-127,260
IQ:22,184,8,129,145
IQ:23,192,255,80,-140
IQ:24,200,7,-161,-100
IQ:25,208,255,-30,130
IQ:26,216,6,194,-68
IQ:27,224,255,-79,-216
IQ:28,232,5,-177,-4
IQ:29,240,255,20,131
IQ:30,248,12,73,-58
IQ:31,256,255,-102,-48
IQ:32,264,1,-34,122
IQ:33,272,255,140,22
IQ:34,280,2,3,-163
IQ:35,288,255,-174,-12
SW:2
RR:3
SS:3
FR:2402
ME:5
MA:353
KE:3
KA:357
DF_END

Data arrived...
DF_BEGIN
IQ:0,0,11,82,133
IQ:1,8,11,132,-100
IQ:2,16,11,-98,-121
IQ:3,24,11,-108,105
IQ:4,32,11,124,98
IQ:5,40,11,89,-141
IQ:6,48,11,-133,-68
IQ:7,56,11,-49,152
IQ:8,72,12,-23,-85
IQ:9,80,255,-99,89
IQ:10,88,1,122,104
IQ:11,96,255,125,-147
IQ:12,104,2,-89,-97
IQ:13,112,255,-45,126
IQ:14,120,10,167,-55
IQ:15,128,255,-54,-233
IQ:16,136,3,-238,48
IQ:17,144,255,128,283
IQ:18,152,9,402,-171
IQ:19,160,255,-123,-435
IQ:20,168,4,-403,16
IQ:21,176,255,-24,403
IQ:22,184,8,265,158
IQ:23,192,255,18,-217
IQ:24,200,7,-340,100
IQ:25,208,255,93,273
IQ:26,216,6,202,-209
IQ:27,224,255,-225,-227
IQ:28,232,5,-194,136
IQ:29,240,255,163,177
IQ:30,248,12,42,-66
IQ:31,256,255,-149,-14
IQ:32,264,1,-1,156
IQ:33,272,255,199,-10
IQ:34,280,2,8,-135
IQ:35,288,255,-172,16
SW:2
RR:3
SS:3
FR:2426
ME:2
MA:353
KE:3
KA:356
DF_END

Data arrived...
DF_BEGIN
IQ:0,0,11,176,-60
IQ:1,8,11,-86,-170
IQ:2,16,11,-163,90
IQ:3,24,11,100,142
IQ:4,32,11,150,-118
IQ:5,40,11,-147,-135
IQ:6,48,11,-122,162
IQ:7,56,11,152,108
IQ:8,72,12,-101,11
IQ:9,80,255,105,118
IQ:10,88,1,162,-118
IQ:11,96,255,-135,-202
IQ:12,104,2,-138,76
IQ:13,112,255,124,87
IQ:14,120,10,-40,-209
IQ:15,128,255,-285,7
IQ:16,136,3,-22,299
IQ:17,144,255,331,-77
IQ:18,152,9,-136,-484
IQ:19,160,255,-565,74
IQ:20,168,4,-71,510
IQ:21,176,255,472,69
IQ:22,184,8,217,-308
IQ:23,192,255,-254,-49
IQ:24,200,7,14,414
IQ:25,208,255,320,-56
IQ:26,216,6,-193,-285
IQ:27,224,255,-297,198
IQ:28,232,5,154,253
IQ:29,240,255,228,-137
IQ:30,248,12,-73,-77
IQ:31,256,255,-39,151
IQ:32,264,1,178,29
IQ:33,272,255,37,-229
IQ:34,280,2,-151,-51
IQ:35,288,255,-20,204
SW:2
RR:3
SS:3
FR:2426
ME:359
MA:5
KE:3
KA:357
DF_END

Data arrived...
DF_BEGIN
IQ:0,0,11,141,-51
IQ:1,8,11,-72,-135
IQ:2,16,11,-139,84
IQ:3,24,11,80,113
IQ:4,32,11,111,-115
IQ:5,40,11,-107,-110
IQ:6,48,11,-94,126
IQ:7,56,11,118,77
IQ:8,72,12,-71,-64
IQ:9,80,255,-22,99
IQ:10,88,1,124,-8
IQ:11,96,255,-27,-151
IQ:12,104,2,-153,34
IQ:13,112,255,70,172
IQ:14,120,10,218,-93
IQ:15,128,255,-75,-191
IQ:16,136,3,-144,168
IQ:17,144,255,195,187
IQ:18,152,9,219,-125
IQ:19,160,255,-156,-201
IQ:20,168,4,-245,171
IQ:21,176,255,137,249
IQ:22,184,8,194,-10
IQ:23,192,255,-63,-147
IQ:24,200,7,-178,71
IQ:25,208,255,73,90
IQ:26,216,6,38,-201
IQ:27,224,255,-218,-68
IQ:28,232,5,-98,133
IQ:29,240,255,110,60
IQ:30,248,12,-10,-91
IQ:31,256,255,-93,45
IQ:32,264,1,84,98
IQ:33,272,255,100,-119
IQ:34,280,2,-131,-92
IQ:35,288,255,-87,142
SW:2
RR:3
SS:3
FR:2402
ME:5
MA:353
KE:3
KA:357
DF_END

Data arrived...
DF_BEGIN
IQ:0,0,11,-57,-147
IQ:1,8,11,-152,59
IQ:2,16,11,79,131
IQ:3,24,11,115,-111
IQ:4,32,11,-119,-109
IQ:5,40,11,-102,121
IQ:6,48,11,137,94
IQ:7,56,11,78,-134
IQ:8,72,12,-76,134
IQ:9,80,255,129,86
IQ:10,88,1,67,-117
IQ:11,96,255,-122,-56
IQ:12,104,2,-27,126
IQ:13,112,255,132,0
IQ:14,120,10,-14,-220
IQ:15,128,255,-200,-15
IQ:16,136,3,5,160
IQ:17,144,255,186,-19
IQ:18,152,9,33,-214
IQ:19,160,255,-189,-16
IQ:20,168,4,5,151
IQ:21,176,255,127,-4
IQ:22,184,8,-18,-52
IQ:23,192,255,-57,64
IQ:24,200,7,63,108
IQ:25,208,255,74,-74
IQ:26,216,6,-115,-65
IQ:27,224,255,-83,105
IQ:28,232,5,75,82
IQ:29,240,255,24,-72
IQ:30,248,12,-152,32
IQ:31,256,255,21,150
IQ:32,264,1,131,-29
IQ:33,272,255,-30,-132
IQ:34,280,2,-109,60
IQ:35,288,255,73,93
SW:2
RR:3
SS:3
FR:2480
ME:5
MA:5
KE:3
KA:357
DF_END

Data arrived...
DF_BEGIN
IQ:0,0,11,-63,145
IQ:1,8,11,160,39
IQ:2,16,11,24,-157
IQ:3,24,11,-162,-12
IQ:4,32,11,-6,155
IQ:5,40,11,154,-19
IQ:6,48,11,-45,-148
IQ:7,56,11,-162,51
IQ:8,72,12,143,-45
IQ:9,80,255,-48,-148
IQ:10,88,1,-131,31
IQ:11,96,255,36,124
IQ:12,104,2,107,-73
IQ:13,112,255,-102,-87
IQ:14,120,10,-128,180
IQ:15,128,255,136,141
IQ:16,136,3,106,-121
IQ:17,144,255,-155,-109
IQ:18,152,9,-166,153
IQ:19,160,255,128,138
IQ:20,168,4,93,-113
IQ:21,176,255,-109,-80
IQ:22,184,8,-23,47
IQ:23,192,255,77,-12
IQ:24,200,7,34,-123
IQ:25,208,255,-110,-12
IQ:26,216,6,24,124
IQ:27,224,255,132,-28
IQ:28,232,5,-3,-109
IQ:29,240,255,-77,31
IQ:30,248,12,128,87
IQ:31,256,255,94,-125
IQ:32,264,1,-111,-73
IQ:33,272,255,-56,120
IQ:34,280,2,122,37
IQ:35,288,255,5,-114
SW:2
RR:3
SS:3
FR:2480
ME:5
MA:5
KE:3
KA:358
DF_END

Data arrived...
DF_BEGIN
IQ:0,0,11,148,40
IQ:1,8,11,11,-158
IQ:2,16,11,-161,-8
IQ:3,24,11,7,156
IQ:4,32,11,152,-31
IQ:5,40,11,-44,-148
IQ:6,48,11,-156,51
IQ:7,56,11,59,144
IQ:8,72,12,-33,-90
IQ:9,80,255,-78,69
IQ:10,88,1,96,70
IQ:11,96,255,58,-134
IQ:12,104,2,-155,-50
IQ:13,112,255,-33,182
IQ:14,120,10,243,39
IQ:15,128,255,25,-212
IQ:16,136,3,-221,82
IQ:17,144,255,60,265
IQ:18,152,9,260,-6
IQ:19,160,255,-31,-243
IQ:20,168,4,-305,21
IQ:21,176,255,-15,290
IQ:22,184,8,166,95
IQ:23,192,255,16,-166
IQ:24,200,7,-191,-32
IQ:25,208,255,19,125
IQ:26,216,6,166,-133
IQ:27,224,255,-144,-175
IQ:28,232,5,-162,78
IQ:29,240,255,67,115
IQ:30,248,12,39,-86
IQ:31,256,255,-109,-19
IQ:32,264,1,30,117
IQ:33,272,255,149,-29
IQ:34,280,2,-35,-157
IQ:35,288,255,-166,58
SW:2
RR:3
SS:3
FR:2402
ME:5
MA:353
KE:3
KA:358
DF_END

Data arrived...
DF_BEGIN
IQ:0,0,11,-79,135
IQ:1,8,11,148,65
IQ:2,16,11,67,-145
IQ:3,24,11,-151,-34
IQ:4,32,11,-12,164
IQ:5,40,11,165,8
IQ:6,48,11,-15,-156
IQ:7,56,11,-156,34
IQ:8,72,12,147,-32
IQ:9,80,255,-28,-157
IQ:10,88,1,-125,27
IQ:11,96,255,32,126
IQ:12,104,2,116,-59
IQ:13,112,255,-75,-105
IQ:14,120,10,-163,148
IQ:15,128,255,121,153
IQ:16,136,3,117,-113
IQ:17,144,255,-137,-135
IQ:18,152,9,-181,123
IQ:19,160,255,105,160
IQ:20,168,4,116,-102
IQ:21,176,255,-82,-93
IQ:22,184,8,-22,45
IQ:23,192,255,86,1
IQ:24,200,7,53,-118
IQ:25,208,255,-97,-19
IQ:26,216,6,18,117
IQ:27,224,255,136,-19
IQ:28,232,5,13,-118
IQ:29,240,255,-75,19
IQ:30,248,12,122,93
IQ:31,256,255,109,-108
IQ:32,264,1,-101,-80
IQ:33,272,255,-76,107
IQ:34,280,2,117,48
IQ:35,288,255,24,-112
SW:2
RR:3
SS:3
FR:2480
ME:5
MA:5
KE:3
KA:358
DF_END

Data arrived...
DF_BEGIN
IQ:0,0,11,49,-152
IQ:1,8,11,-151,-41
IQ:2,16,11,-28,156
IQ:3,24,11,159,-2
IQ:4,32,11,-12,-161
IQ:5,40,11,-149,33
IQ:6,48,11,32,160
IQ:7,56,11,146,-71
IQ:8,72,12,-45,80
IQ:9,80,255,126,-1
IQ:10,88,1,-4,-153
IQ:11,96,255,-179,20
IQ:12,104,2,-5,129
IQ:13,112,255,117,-56
IQ:14,120,10,-138,-80
IQ:15,128,255,-134,176
IQ:16,136,3,193,140
IQ:17,144,255,98,-277
IQ:18,152,9,-402,-170
IQ:19,160,255,-227,396
IQ:20,168,4,306,281
IQ:21,176,255,279,-280
IQ:22,184,8,-102,-294
IQ:23,192,255,-171,132
IQ:24,200,7,295,158
IQ:25,208,255,119,-270
IQ:26,216,6,-280,-17
IQ:27,224,255,2,299
IQ:28,232,5,249,46
IQ:29,240,255,10,-226
IQ:30,248,12,-88,5
IQ:31,256,255,92,98
IQ:32,264,1,112,-97
IQ:33,272,255,-132,-132
IQ:34,280,2,-111,75
IQ:35,288,255,118,113
SW:2
RR:3
SS:3
FR:2426
ME:2
MA:353
KE:3
KA:358
DF_END

Data arrived...
DF_BEGIN
IQ:0,0,11,103,102
IQ:1,8,11,100,-105
IQ:2,16,11,-109,-94
IQ:3,24,11,-74,129
IQ:4,32,11,135,61
IQ:5,40,11,55,-138
IQ:6,48,11,-136,-48
IQ:7,56,11,-29,143
IQ:8,72,12,22,-93
IQ:9,80,255,-101,20
IQ:10,88,1,55,109
IQ:11,96,255,119,-92
IQ:12,104,2,-104,-120
IQ:13,112,255,-125,137
IQ:14,120,10,155,174
IQ:15,128,255,139,-139
IQ:16,136,3,-220,-51
IQ:17,144,255,-115,255
IQ:18,152,9,166,170
IQ:19,160,255,123,-200
IQ:20,168,4,-249,-141
IQ:21,176,255,-147,231
IQ:22,184,8,75,164
IQ:23,192,255,103,-102
IQ:24,200,7,-121,-144
IQ:25,208,255,-60,98
IQ:26,216,6,202,-29
IQ:27,224,255,-18,-218
IQ:28,232,5,-146,-38
IQ:29,240,255,1,127
IQ:30,248,12,83,-43
IQ:31,256,255,-79,-64
IQ:32,264,1,-43,112
IQ:33,272,255,145,43
IQ:34,280,2,34,-147
IQ:35,288,255,-169,-28
SW:2
RR:3
SS:3
FR:2402
ME:5
MA:353
KE:3
KA:357
DF_END

Data arrived...
DF_BEGIN
IQ:0,0,11,-130,-75
IQ:1,8,11,-45,143
IQ:2,16,11,152,33
IQ:3,24,11,22,-150
IQ:4,32,11,-154,-9
IQ:5,40,11,-8,158
IQ:6,48,11,146,-12
IQ:7,56,11,-30,-153
IQ:8,72,12,9,85
IQ:9,80,255,81,-62
IQ:10,88,1,-110,-86
IQ:11,96,255,-96,133
IQ:12,104,2,135,88
IQ:13,112,255,82,-173
IQ:14,120,10,-221,-117
IQ:15,128,255,-96,190
IQ:16,136,3,243,-1
IQ:17,144,255,30,-272
IQ:18,152,9,-239,-81
IQ:19,160,255,-46,232
IQ:20,168,4,285,50
IQ:21,176,255,65,-278
IQ:22,184,8,-132,-150
IQ:23,192,255,-69,130
IQ:24,200,7,161,68
IQ:25,208,255,12,-116
IQ:26,216,6,-175,96
IQ:27,224,255,110,196
IQ:28,232,5,165,-21
IQ:29,240,255,-46,-123
IQ:30,248,12,-59,64
IQ:31,256,255,95,36
IQ:32,264,1,4,-123
IQ:33,272,255,-161,3
IQ:34,280,2,15,171
IQ:35,288,255,182,-34
SW:2
RR:3
SS:3
FR:2402
ME:5
MA:353
KE:3
KA:357
DF_END

Data arrived...
DF_BEGIN
IQ:0,0,11,134,79
IQ:1,8,11,74,-147
IQ:2,16,11,-150,-47
IQ:3,24,11,-22,153
IQ:4,32,11,154,9
IQ:5,40,11,-8,-157
IQ:6,48,11,-158,19
IQ:7,56,11,48,145
IQ:8,72,12,-36,-148
IQ:9,80,255,-151,27
IQ:10,88,1,18,129
IQ:11,96,255,114,-48
IQ:12,104,2,-78,-101
IQ:13,112,255,-87,88
IQ:14,120,10,161,143
IQ:15,128,255,153,-120
IQ:16,136,3,-110,-113
IQ:17,144,255,-124,139
IQ:18,152,9,143,172
IQ:19,160,255,157,-119
IQ:20,168,4,-96,-111
IQ:21,176,255,-88,92
IQ:22,184,8,51,16
IQ:23,192,255,-9,-86
IQ:24,200,7,-129,-42
IQ:25,208,255,-17,106
IQ:26,216,6,119,-25
IQ:27,224,255,-18,-139
IQ:28,232,5,-115,-17
IQ:29,240,255,24,69
IQ:30,248,12,86,-132
IQ:31,256,255,-114,-106
IQ:32,264,1,-77,99
IQ:33,272,255,112,65
IQ:34,2