KE:3
KA:359
DF_END

Data arrived...
DF_BEGIN
IQ:0,0,11,-153,-60
IQ:1,8,11,-40,157
IQ:2,16,11,163,14
IQ:3,24,11,-1,-168
IQ:4,32,11,-162,9
IQ:5,40,11,26,160
IQ:6,48,11,153,-39
IQ:7,56,11,-64,-152
IQ:8,72,12,36,72
IQ:9,80,255,75,-84
IQ:10,88,1,-101,-68
IQ:11,96,255,-80,140
IQ:12,104,2,143,76
IQ:13,112,255,47,-182
IQ:14,120,10,-236,-70
IQ:15,128,255,-70,203
IQ:16,136,3,250,-40
IQ:17,144,255,-4,-284
IQ:18,152,9,-244,-41
IQ:19,160,255,-17,250
IQ:20,168,4,294,10
IQ:21,176,255,51,-278
IQ:22,184,8,-132,-112
IQ:23,192,255,-41,138
IQ:24,200,7,145,55
IQ:25,208,255,-9,-101
IQ:26,216,6,-174,120
IQ:27,224,255,123,180
IQ:28,232,5,136,-45
IQ:29,240,255,-48,-105
IQ:30,248,12,-28,73
IQ:31,256,255,106,15
IQ:32,264,1,-15,-123
IQ:33,272,255,-148,34
IQ:34,280,2,30,165
IQ:35,288,255,166,-53
SW:2
RR:3
SS:3
FR:2402
ME:5
MA:353
KE:4
KA:358
DF_END

Data arrived...
DF_BEGIN
IQ:0,0,11,-41,-200
IQ:1,8,11,-210,28
IQ:2,16,11,29,188
IQ:3,24,11,191,-64
IQ:4,32,11,-96,-183
IQ:5,40,11,-168,102
IQ:6,48,11,121,153
IQ:7,56,11,151,-141
IQ:8,72,12,-146,123
IQ:9,80,255,129,150
IQ:10,88,1,146,-116
IQ:11,96,255,-105,-115
IQ:12,104,2,-81,138
IQ:13,112,255,155,50
IQ:14,120,10,52,-267
IQ:15,128,255,-241,-85
IQ:16,136,3,-72,193
IQ:17,144,255,228,58
IQ:18,152,9,103,-271
IQ:19,160,255,-231,-98
IQ:20,168,4,-56,175
IQ:21,176,255,172,36
IQ:22,184,8,16,-69
IQ:23,192,255,-89,42
IQ:24,200,7,31,159
IQ:25,208,255,141,-51
IQ:26,216,6,-91,-133
IQ:27,224,255,-146,105
IQ:28,232,5,61,128
IQ:29,240,255,65,-76
IQ:30,248,12,-202,-15
IQ:31,256,255,-31,195
IQ:32,264,1,166,11
IQ:33,272,255,6,-173
IQ:34,280,2,-153,29
IQ:35,288,255,54,130
SW:2
RR:3
SS:3
FR:2480
ME:5
MA:5
KE:4
KA:359
DF_END

Data arrived...
DF_BEGIN
IQ:0,0,11,89,-121
IQ:1,8,11,-102,-100
IQ:2,16,11,-84,137
IQ:3,24,11,151,85
IQ:4,32,11,47,-144
IQ:5,40,11,-151,-33
IQ:6,48,11,-29,166
IQ:7,56,11,151,6
IQ:8,72,12,-69,53
IQ:9,80,255,133,26
IQ:10,88,1,14,-138
IQ:11,96,255,-194,-17
IQ:12,104,2,-32,116
IQ:13,112,255,112,-25
IQ:14,120,10,-154,-109
IQ:15,128,255,-142,210
IQ:16,136,3,182,198
IQ:17,144,255,173,-268
IQ:18,152,9,-370,-301
IQ:19,160,255,-349,414
IQ:20,168,4,205,391
IQ:21,176,255,396,-217
IQ:22,184,8,50,-318
IQ:23,192,255,-219,72
IQ:24,200,7,256,239
IQ:25,208,255,195,-244
IQ:26,216,6,-272,-100
IQ:27,224,255,-78,291
IQ:28,232,5,231,77
IQ:29,240,255,79,-215
IQ:30,248,12,-63,8
IQ:31,256,255,78,116
IQ:32,264,1,118,-88
IQ:33,272,255,-103,-154
IQ:34,280,2,-88,26
IQ:35,288,255,79,141
SW:2
RR:3
SS:3
FR:2426
ME:2
MA:353
KE:3
KA:358
DF_END

Data arrived...
DF_BEGIN
IQ:0,0,11,-84,138
IQ:1,8,11,163,71
IQ:2,16,11,60,-161
IQ:3,24,11,-178,-49
IQ:4,32,11,-15,172
IQ:5,40,11,188,2
IQ:6,48,11,-15,-183
IQ:7,56,11,-187,20
IQ:8,72,12,35,-92
IQ:9,80,255,-109,-18
IQ:10,88,1,1,170
IQ:11,96,255,205,-3
IQ:12,104,2,14,-125
IQ:13,112,255,-128,33
IQ:14,120,10,166,84
IQ:15,128,255,151,-199
IQ:16,136,3,-218,-168
IQ:17,144,255,-178,297
IQ:18,152,9,429,253
IQ:19,160,255,326,-429
IQ:20,168,4,-278,-365
IQ:21,176,255,-354,269
IQ:22,184,8,27,349
IQ:23,192,255,207,-79
IQ:24,200,7,-287,-244
IQ:25,208,255,-166,261
IQ:26,216,6,313,28
IQ:27,224,255,56,-367
IQ:28,232,5,-261,-58
IQ:29,240,255,-50,227
IQ:30,248,12,91,-21
IQ:31,256,255,-107,-110
IQ:32,264,1,-124,116
IQ:33,272,255,152,146
IQ:34,280,2,116,-69
IQ:35,288,255,-103,-152
SW:2
RR:3
SS:3
FR:2426
ME:2
MA:353
KE:3
KA:358
DF_END

Data arrived...
DF_BEGIN
IQ:0,0,11,-103,-146
IQ:1,8,11,-144,98
IQ:2,16,11,134,123
IQ:3,24,11,108,-151
IQ:4,32,11,-150,-107
IQ:5,40,11,-86,162
IQ:6,48,11,167,67
IQ:7,56,11,46,-171
IQ:8,72,12,-31,98
IQ:9,80,255,122,-14
IQ:10,88,1,-48,-122
IQ:11,96,255,-158,70
IQ:12,104,2,76,155
IQ:13,112,255,160,-112
IQ:14,120,10,-160,-228
IQ:15,128,255,-204,129
IQ:16,136,3,203,126
IQ:17,144,255,149,-240
IQ:18,152,9,-191,-194
IQ:19,160,255,-170,210
IQ:20,168,4,236,195
IQ:21,176,255,192,-216
IQ:22,184,8,-67,-190
IQ:23,192,255,-116,101
IQ:24,200,7,119,149
IQ:25,208,255,65,-118
IQ:26,216,6,-224,8
IQ:27,224,255,-25,233
IQ:28,232,5,154,71
IQ:29,240,255,27,-136
IQ:30,248,12,-89,46
IQ:31,256,255,87,93
IQ:32,264,1,74,-103
IQ:33,272,255,-152,-64
IQ:34,280,2,-82,157
IQ:35,288,255,174,72
SW:2
RR:3
SS:3
FR:2402
ME:5
MA:353
KE:3
KA:357
DF_END

Data arrived...
DF_BEGIN
IQ:0,0,11,-101,112
IQ:1,8,11,128,93
IQ:2,16,11,69,-120
IQ:3,24,11,-138,-53
IQ:4,32,11,-45,145
IQ:5,40,11,143,28
IQ:6,48,11,13,-147
IQ:7,56,11,-152,5
IQ:8,72,12,145,-5
IQ:9,80,255,7,-156
IQ:10,88,1,-127,-15
IQ:11,96,255,12,123
IQ:12,104,2,119,-43
IQ:13,112,255,-57,-117
IQ:14,120,10,-185,103
IQ:15,128,255,79,172
IQ:16,136,3,127,-86
IQ:17,144,255,-113,-143
IQ:18,152,9,-203,92
IQ:19,160,255,69,173
IQ:20,168,4,121,-75
IQ:21,176,255,-74,-104
IQ:22,184,8,-35,28
IQ:23,192,255,79,7
IQ:24,200,7,73,-104
IQ:25,208,255,-99,-49
IQ:26,216,6,-1,120
IQ:27,224,255,136,21
IQ:28,232,5,43,-96
IQ:29,240,255,-70,6
IQ:30,248,12,105,110
IQ:31,256,255,119,-96
IQ:32,264,1,-90,-110
IQ:33,272,255,-94,86
IQ:34,280,2,103,70
IQ:35,288,255,37,-112
SW:2
RR:3
SS:3
FR:2480
ME:5
MA:5
KE:3
KA:358
DF_END

Data arrived...
DF_BEGIN
IQ:0,0,11,151,-7
IQ:1,8,11,-26,-148
IQ:2,16,11,-142,44
IQ:3,24,11,61,138
IQ:4,32,11,128,-78
IQ:5,40,11,-85,-124
IQ:6,48,11,-110,103
IQ:7,56,11,114,90
IQ:8,72,12,-78,-10
IQ:9,80,255,48,112
IQ:10,88,1,99,-52
IQ:11,96,255,-76,-135
IQ:12,104,2,-109,19
IQ:13,112,255,83,73
IQ:14,120,10,15,-130
IQ:15,128,255,-185,-41
IQ:16,136,3,-22,183
IQ:17,144,255,241,-23
IQ:18,152,9,-24,-359
IQ:19,160,255,-385,-37
IQ:20,168,4,-121,317
IQ:21,176,255,315,106
IQ:22,184,8,194,-173
IQ:23,192,255,-159,-102
IQ:24,200,7,-24,268
IQ:25,208,255,234,-1
IQ:26,216,6,-76,-221
IQ:27,224,255,-226,91
IQ:28,232,5,42,193
IQ:29,240,255,171,-50
IQ:30,248,12,-44,-62
IQ:31,256,255,-61,96
IQ:32,264,1,106,45
IQ:33,272,255,46,-155
IQ:34,280,2,-89,-72
IQ:35,288,255,-69,133
SW:2
RR:3
SS:3
FR:2426
ME:2
MA:5
KE:3
KA:358
DF_END

Data arrived...
DF_BEGIN
IQ:0,0,11,-144,117
IQ:1,8,11,139,112
IQ:2,16,11,98,-164
IQ:3,24,11,-175,-100
IQ:4,32,11,-75,168
IQ:5,40,11,178,46
IQ:6,48,11,34,-188
IQ:7,56,11,-190,-15
IQ:8,72,12,106,-3
IQ:9,80,255,-51,-118
IQ:10,88,1,-135,71
IQ:11,96,255,105,158
IQ:12,104,2,155,-115
IQ:13,112,255,-144,-161
IQ:14,120,10,-210,184
IQ:15,128,255,169,179
IQ:16,136,3,121,-248
IQ:17,144,255,-269,-139
IQ:18,152,9,-167,224
IQ:19,160,255,230,146
IQ:20,168,4,192,-262
IQ:21,176,255,-237,-164
IQ:22,184,8,-151,91
IQ:23,192,255,113,98
IQ:24,200,7,120,-105
IQ:25,208,255,-117,-27
IQ:26,216,6,49,226
IQ:27,224,255,242,-24
IQ:28,232,5,12,-172
IQ:29,240,255,-138,31
IQ:30,248,12,78,74
IQ:31,256,255,71,-121
IQ:32,264,1,-140,-57
IQ:33,272,255,-50,172
IQ:34,280,2,190,62
IQ:35,288,255,50,-199
SW:2
RR:3
SS:3
FR:2402
ME:5
MA:353
KE:3
KA:358
DF_END

Data arrived...
DF_BEGIN
IQ:0,0,11,-187,48
IQ:1,8,11,72,170
IQ:2,16,11,161,-103
IQ:3,24,11,-128,-147
IQ:4,32,11,-141,146
IQ:5,40,11,145,125
IQ:6,48,11,117,-157
IQ:7,56,11,-157,-104
IQ:8,72,12,170,97
IQ:9,80,255,103,-187
IQ:10,88,1,-153,-118
IQ:11,96,255,-106,129
IQ:12,104,2,159,38
IQ:13,112,255,0,-179
IQ:14,120,10,-274,22
IQ:15,128,255,-17,265
IQ:16,136,3,214,5
IQ:17,144,255,-41,-248
IQ:18,152,9,-306,-13
IQ:19,160,255,-16,259
IQ:20,168,4,201,-10
IQ:21,176,255,-4,-188
IQ:22,184,8,-67,9
IQ:23,192,255,78,75
IQ:24,200,7,165,-85
IQ:25,208,255,-88,-129
IQ:26,216,6,-97,140
IQ:27,224,255,148,126
IQ:28,232,5,118,-98
IQ:29,240,255,-87,-60
IQ:30,248,12,21,191
IQ:31,256,255,209,-15
IQ:32,264,1,-21,-180
IQ:33,272,255,-181,40
IQ:34,280,2,62,148
IQ:35,288,255,117,-94
SW:2
RR:3
SS:3
FR:2480
ME:5
MA:5
KE:3
KA:358
DF_END

Data arrived...
DF_BEGIN
IQ:0,0,11,-139,-117
IQ:1,8,11,-99,108
IQ:2,16,11,155,81
IQ:3,24,11,41,-154
IQ:4,32,11,-152,-48
IQ:5,40,11,-26,165
IQ:6,48,11,146,22
IQ:7,56,11,8,-159
IQ:8,72,12,57,80
IQ:9,80,255,33,-128
IQ:10,88,1,-161,-41
IQ:11,96,255,-43,184
IQ:12,104,2,137,49
IQ:13,112,255,-4,-168
IQ:14,120,10,-131,140
IQ:15,128,255,178,178
IQ:16,136,3,224,-206
IQ:17,144,255,-295,-214
IQ:18,152,9,-323,381
IQ:19,160,255,342,414
IQ:20,168,4,399,-217
IQ:21,176,255,-203,-397
IQ:22,184,8,-332,-38
IQ:23,192,255,54,199
IQ:24,200,7,312,-256
IQ:25,208,255,-215,-251
IQ:26,216,6,-127,311
IQ:27,224,255,324,98
IQ:28,232,5,131,-238
IQ:29,240,255,-236,-95
IQ:30,248,12,-21,77
IQ:31,256,255,122,-65
IQ:32,264,1,-81,-150
IQ:33,272,255,-190,82
IQ:34,280,2,58,141
IQ:35,288,255,177,-96
SW:2
RR:3
SS:3
FR:2426
ME:2
MA:353
KE:3
KA:358
DF_END

Data arrived...
DF_BEGIN
IQ:0,0,11,-143,-138
IQ:1,8,11,-102,158
IQ:2,16,11,186,77
IQ:3,24,11,86,-175
IQ:4,32,11,-190,-59
IQ:5,40,11,-33,198
IQ:6,48,11,187,12
IQ:7,56,11,-5,-190
IQ:8,72,12,78,60
IQ:9,80,255,35,-165
IQ:10,88,1,-191,-48
IQ:11,96,255,-42,233
IQ:12,104,2,170,49
IQ:13,112,255,-7,-168
IQ:14,120,10,-136,199
IQ:15,128,255,222,217
IQ:16,136,3,266,-243
IQ:17,144,255,-353,-241
IQ:18,152,9,-359,474
IQ:19,160,255,472,444
IQ:20,168,4,478,-327
IQ:21,176,255,-289,-477
IQ:22,184,8,-416,-58
IQ:23,192,255,51,256
IQ:24,200,7,387,-279
IQ:25,208,255,-224,-291
IQ:26,216,6,-142,375
IQ:27,224,255,385,127
IQ:28,232,5,102,-301
IQ:29,240,255,-282,-108
IQ:30,248,12,0,83
IQ:31,256,255,154,-96
IQ:32,264,1,-78,-164
IQ:33,272,255,-231,115
IQ:34,280,2,58,159
IQ:35,288,255,213,-116
SW:2
RR:3
SS:3
FR:2426
ME:2
MA:353
KE:3
KA:357
DF_END

Data arrived...
DF_BEGIN
IQ:0,0,11,74,152
IQ:1,8,11,134,-79
IQ:2,16,11,-94,-140
IQ:3,24,11,-129,109
IQ:4,32,11,125,105
IQ:5,40,11,93,-132
IQ:6,48,11,-133,-87
IQ:7,56,11,-70,138
IQ:8,72,12,47,-95
IQ:9,80,255,-118,-5
IQ:10,88,1,20,127
IQ:11,96,255,152,-49
IQ:12,104,2,-36,-162
IQ:13,112,255,-183,73
IQ:14,120,10,109,225
IQ:15,128,255,192,-95
IQ:16,136,3,-199,-135
IQ:17,144,255,-179,211
IQ:18,152,9,148,209
IQ:19,160,255,186,-178
IQ:20,168,4,-215,-207
IQ:21,176,255,-217,194
IQ:22,184,8,34,188
IQ:23,192,255,130,-78
IQ:24,200,7,-86,-175
IQ:25,208,255,-83,84
IQ:26,216,6,221,30
IQ:27,224,255,38,-226
IQ:28,232,5,-152,-77
IQ:29,240,255,-35,127
IQ:30,248,12,93,-29
IQ:31,256,255,-52,-105
IQ:32,264,1,-86,94
IQ:33,272,255,127,97
IQ:34,280,2,92,-139
IQ:35,288,255,-165,-83
SW:2
RR:3
SS:3
FR:2402
ME:5
MA:353
KE:3
KA:357
DF_END

Data arrived...
DF_BEGIN
IQ:0,0,11,28,-148
IQ:1,8,11,-151,-14
IQ:2,16,11,9,150
IQ:3,24,11,145,-25
IQ:4,32,11,-42,-146
IQ:5,40,11,-138,58
IQ:6,48,11,64,140
IQ:7,56,11,128,-79
IQ:8,72,12,-117,86
IQ:9,80,255,86,131
IQ:10,88,1,117,-73
IQ:11,96,255,-76,-107
IQ:12,104,2,-81,94
IQ:13,112,255,110,67
IQ:14,120,10,94,-191
IQ:15,128,255,-159,-109
IQ:16,136,3,-79,137
IQ:17,144,255,168,75
IQ:18,152,9,127,-190
IQ:19,160,255,-160,-105
IQ:20,168,4,-65,130
IQ:21,176,255,121,55
IQ:22,184,8,11,-47
IQ:23,192,255,-72,30
IQ:24,200,7,-1,130
IQ:25,208,255,105,-20
IQ:26,216,6,-60,-107
IQ:27,224,255,-125,51
IQ:28,232,5,24,110
IQ:29,240,255,62,-49
IQ:30,248,12,-142,-52
IQ:31,256,255,-64,137
IQ:32,264,1,121,53
IQ:33,272,255,30,-132
IQ:34,280,2,-126,-4
IQ:35,288,255,14,109
SW:2
RR:3
SS:3
FR:2480
ME:5
MA:5
KE:3
KA:357
DF_END

Data arrived...
DF_BEGIN
IQ:0,0,11,-88,-129
IQ:1,8,11,-124,97
IQ:2,16,11,101,111
IQ:3,24,11,95,-128
IQ:4,32,11,-137,-71
IQ:5,40,11,-71,136
IQ:6,48,11,150,45
IQ:7,56,11,29,-151
IQ:8,72,12,-26,149
IQ:9,80,255,157,33
IQ:10,88,1,47,-132
IQ:11,96,255,-124,-30
IQ:12,104,2,17,130
IQ:13,112,255,131,-35
IQ:14,120,10,-72,-204
IQ:15,128,255,-188,36
IQ:16,136,3,51,153
IQ:17,144,255,178,-76
IQ:18,152,9,-27,-218
IQ:19,160,255,-185,26
IQ:20,168,4,45,138
IQ:21,176,255,127,-43
IQ:22,184,8,-23,-35
IQ:23,192,255,-22,77
IQ:24,200,7,95,96
IQ:25,208,255,71,-85
IQ:26,216,6,-115,-32
IQ:27,224,255,-40,135
IQ:28,232,5,100,59
IQ:29,240,255,9,-76
IQ:30,248,12,-138,82
IQ:31,256,255,72,141
IQ:32,264,1,125,-67
IQ:33,272,255,-61,-112
IQ:34,280,2,-79,88
IQ:35,288,255,108,66
SW:2
RR:3
SS:3
FR:2480
ME:5
MA:5
KE:3
KA:358
DF_END

Data arrived...
DF_BEGIN
IQ:0,0,11,-161,-22
IQ:1,8,11,9,161
IQ:2,16,11,176,-28
IQ:3,24,11,-50,-168
IQ:4,32,11,-159,49
IQ:5,40,11,66,143
IQ:6,48,11,145,-85
IQ:7,56,11,-103,-144
IQ:8,72,12,85,4
IQ:9,80,255,-80,-123
IQ:10,88,1,-146,90
IQ:11,96,255,116,165
IQ:12,104,2,125,-52
IQ:13,112,255,-95,-87
IQ:14,120,10,-16,192
IQ:15,128,255,241,55
IQ:16,136,3,64,-264
IQ:17,144,255,-345,27
IQ:18,152,9,0,507
IQ:19,160,255,528,73
IQ:20,168,4,223,-435
IQ:21,176,255,-400,-226
IQ:22,184,8,-276,168
IQ:23,192,255,189,122
IQ:24,200,7,52,-356
IQ:25,208,255,-311,1
IQ:26,216,6,97,302
IQ:27,224,255,319,-97
IQ:28,232,5,-48,-287
IQ:29,240,255,-252,51
IQ:30,248,12,34,62
IQ:31,256,255,50,-141
IQ:32,264,1,-153,-57
IQ:33,272,255,-86,198
IQ:34,280,2,103,66
IQ:35,288,255,87,-152
SW:2
RR:3
SS:3
FR:2426
ME:2
MA:353
KE:3
KA:358
DF_END

Data arrived...
DF_BEGIN
IQ:0,0,11,-171,-42
IQ:1,8,11,-36,173
IQ:2,16,11,176,-10
IQ:3,24,11,-23,-175
IQ:4,32,11,-173,50
IQ:5,40,11,58,161
IQ:6,48,11,168,-57
IQ:7,56,11,-73,-160
IQ:8,72,12,48,90
IQ:9,80,255,78,-88
IQ:10,88,1,-126,-57
IQ:11,96,255,-55,159
IQ:12,104,2,171,43
IQ:13,112,255,19,-202
IQ:14,120,10,-253,-48
IQ:15,128,255,-36,240
IQ:16,136,3,255,-32
IQ:17,144,255,-33,-287
IQ:18,152,9,-262,-6
IQ:19,160,255,36,248
IQ:20,168,4,304,-68
IQ:21,176,255,-14,-297
IQ:22,184,8,-174,-76
IQ:23,192,255,-22,149
IQ:24,200,7,174,32
IQ:25,208,255,-38,-125
IQ:26,216,6,-179,145
IQ:27,224,255,150,180
IQ:28,232,5,160,-60
IQ:29,240,255,-85,-98
IQ:30,248,12,-30,107
IQ:31,256,255,125,4
IQ:32,264,1,-35,-139
IQ:33,272,255,-163,65
IQ:34,280,2,61,157
IQ:35,288,255,178,-75
SW:2
RR:3
SS:3
FR:2402
ME:5
MA:353
KE:3
KA:357
DF_END

Data arrived...
DF_BEGIN
IQ:0,0,11,-139,-25
IQ:1,8,11,-3,145
IQ:2,16,11,148,-15
IQ:3,24,11,-24,-143
IQ:4,32,11,-143,37
IQ:5,40,11,49,135
IQ:6,48,11,127,-70
IQ:7,56,11,-83,-125
IQ:8,72,12,80,120
IQ:9,80,255,125,-77
IQ:10,88,1,-59,-113
IQ:11,96,255,-101,74
IQ:12,104,2,101,67
IQ:13,112,255,60,-111
IQ:14,120,10,-183,-90
IQ:15,128,255,-106,155
IQ:16,136,3,140,64
IQ:17,144,255,66,-176
IQ:18,152,9,-169,-138
IQ:19,160,255,-112,145
IQ:20,168,4,126,62
IQ:21,176,255,59,-110
IQ:22,184,8,-42,-9
IQ:23,192,255,31,77
IQ:24,200,7,129,11
IQ:25,208,255,-4,-101
IQ:26,216,6,-98,58
IQ:27,224,255,60,117
IQ:28,232,5,103,-20
IQ:29,240,255,-43,-58
IQ:30,248,12,-43,146
IQ:31,256,255,141,57
IQ:32,264,1,46,-121
IQ:33,272,255,-115,-30
IQ:34,280,2,-4,117
IQ:35,288,255,113,-10
SW:2
RR:3
SS:3
FR:2480
ME:5
MA:5
KE:4
KA:358
DF_END

Data arrived...
DF_BEGIN
IQ:0,0,11,-137,121
IQ:1,8,11,130,110
IQ:2,16,11,99,-147
IQ:3,24,11,-162,-85
IQ:4,32,11,-69,166
IQ:5,40,11,177,44
IQ:6,48,11,36,-168
IQ:7,56,11,-177,-8
IQ:8,72,12,44,-63
IQ:9,80,255,-147,-26
IQ:10,88,1,-30,163
IQ:11,96,255,202,55
IQ:12,104,2,52,-114
IQ:13,112,255,-148,8
IQ:14,120,10,130,139
IQ:15,128,255,196,-173
IQ:16,136,3,-181,-223
IQ:17,144,255,-232,258
IQ:18,152,9,373,326
IQ:19,160,255,381,-365
IQ:20,168,4,-234,-439
IQ:21,176,255,-433,155
IQ:22,184,8,-56,334
IQ:23,192,255,219,-58
IQ:24,200,7,-241,-278
IQ:25,208,255,-204,235
IQ:26,216,6,290,120
IQ:27,224,255,108,-328
IQ:28,232,5,-253,-135
IQ:29,240,255,-136,223
IQ:30,248,12,80,3
IQ:31,256,255,-74,-130
IQ:32,264,1,-154,84
IQ:33,272,255,101,190
IQ:34,280,2,131,-26
IQ:35,288,255,-72,-176
SW:2
RR:3
SS:3
FR:2426
ME:2
MA:353
KE:3
KA:357
DF_END

Data arrived...
DF_BEGIN
IQ:0,0,11,100,-141
IQ:1,8,11,-157,-82
IQ:2,16,11,-56,161
IQ:3,24,11,170,55
IQ:4,32,11,41,-180
IQ:5,40,11,-184,-16
IQ:6,48,11,0,175
IQ:7,56,11,179,-9
IQ:8,72,12,-56,77
IQ:9,80,255,135,1
IQ:10,88,1,10,-163
IQ:11,96,255,-210,5
IQ:12,104,2,-32,124
IQ:13,112,255,139,-46
IQ:14,120,10,-165,-103
IQ:15,128,255,-173,197
IQ:16,136,3,219,173
IQ:17,144,255,167,-298
IQ:18,152,9,-445,-232
IQ:19,160,255,-316,455
IQ:20,168,4,269,406
IQ:21,176,255,397,-227
IQ:22,184,8,-17,-342
IQ:23,192,255,-211,87
IQ:24,200,7,271,226
IQ:25,208,255,167,-270
IQ:26,216,6,-321,-59
IQ:27,224,255,-49,342
IQ:28,232,5,272,62
IQ:29,240,255,62,-251
IQ:30,248,12,-86,8
IQ:31,256,255,73,129
IQ:32,264,1,132,-97
IQ:33,272,255,-131,-169
IQ:34,280,2,-120,59
IQ:35,288,255,109,150
SW:2
RR:3
SS:3
FR:2426
ME:2
MA:353
KE:3
KA:357
DF_END

Data arrived...
DF_BEGIN
IQ:0,0,11,-38,170
IQ:1,8,11,170,32
IQ:2,16,11,17,-174
IQ:3,24,11,-172,13
IQ:4,32,11,22,166
IQ:5,40,11,165,-43
IQ:6,48,11,-48,-161
IQ:7,56,11,-151,75
IQ:8,72,12,85,-59
IQ:9,80,255,-96,-76
IQ:10,88,1,-52,127
IQ:11,96,255,151,59
IQ:12,104,2,66,-156
IQ:13,112,255,-187,-50
IQ:14,120,10,-98,248
IQ:15,128,255,209,73
IQ:16,136,3,-41,-243
IQ:17,144,255,-282,35
IQ:18,152,9,-29,255
IQ:19,160,255,246,-25
IQ:20,168,4,-20,-307
IQ:21,176,255,-285,-32
IQ:22,184,8,-92,151
IQ:23,192,255,141,11
IQ:24,200,7,29,-154
IQ:25,208,255,-100,25
IQ:26,216,6,156,152
IQ:27,224,255,188,-137
IQ:28,232,5,-49,-161
IQ:29,240,255,-92,67
IQ:30,248,12,103,16
IQ:31,256,255,-8,-122
IQ:32,264,1,-130,32
IQ:33,272,255,52,167
IQ:34,280,2,157,-45
IQ:35,288,255,-66,-170
SW:2
RR:3
SS:3
FR:2402
ME:5
MA:353
KE:3
KA:356
DF_END

Data arrived...
DF_BEGIN
IQ:0,0,11,-191,-55
IQ:1,8,11,-39,198
IQ:2,16,11,180,24
IQ:3,24,11,-12,-192
IQ:4,32,11,-193,20
IQ:5,40,11,38,183
IQ:6,48,11,185,-58
IQ:7,56,11,-74,-178
IQ:8,72,12,68,179
IQ:9,80,255,196,-51
IQ:10,88,1,-39,-180
IQ:11,96,255,-150,64
IQ:12,104,2,111,115
IQ:13,112,255,107,-139
IQ:14,120,10,-235,-151
IQ:15,128,255,-175,185
IQ:16,136,3,171,112
IQ:17,144,255,138,-215
IQ:18,152,9,-203,-220
IQ:19,160,255,-180,165
IQ:20,168,4,146,108
IQ:21,176,255,94,-139
IQ:22,184,8,-56,-28
IQ:23,192,255,20,99
IQ:24,200,7,165,30
IQ:25,208,255,4,-138
IQ:26,216,6,-150,48
IQ:27,224,255,50,176
IQ:28,232,5,149,2
IQ:29,240,255,-37,-89
IQ:30,248,12,-67,178
IQ:31,256,255,176,104
IQ:32,264,1,84,-157
IQ:33,272,255,-157,-69
IQ:34,280,2,-33,158
IQ:35,288,255,144,-11
SW:2
RR:3
SS:3
FR:2480
ME:5
MA:5
KE:3
KA:357
DF_END