RR:3
SS:3
FR:2402
ME:5
MA:353
KE:3
KA:359
DF_END

Data arrived...
DF_BEGIN
IQ:0,0,11,148,-92
IQ:1,8,11,-116,-134
IQ:2,16,11,-139,124
IQ:3,24,11,115,123
IQ:4,32,11,95,-155
IQ:5,40,11,-148,-75
IQ:6,48,11,-80,160
IQ:7,56,11,163,60
IQ:8,72,12,-93,-51
IQ:9,80,255,-11,114
IQ:10,88,1,102,-47
IQ:11,96,255,-91,-155
IQ:12,104,2,-171,50
IQ:13,112,255,116,166
IQ:14,120,10,226,-194
IQ:15,128,255,-160,-209
IQ:16,136,3,-117,217
IQ:17,144,255,277,153
IQ:18,152,9,196,-228
IQ:19,160,255,-246,-185
IQ:20,168,4,-245,282
IQ:21,176,255,233,271
IQ:22,184,8,241,-29
IQ:23,192,255,-106,-153
IQ:24,200,7,-232,142
IQ:25,208,255,104,108
IQ:26,216,6,-13,-246
IQ:27,224,255,-281,-25
IQ:28,232,5,-91,215
IQ:29,240,255,166,43
IQ:30,248,12,-25,-100
IQ:31,256,255,-88,59
IQ:32,264,1,97,60
IQ:33,272,255,73,-146
IQ:34,280,2,-156,-91
IQ:35,288,255,-77,173
SW:2
RR:3
SS:3
FR:2402
ME:5
MA:353
KE:3
KA:358
DF_END

Data arrived...
DF_BEGIN
IQ:0,0,11,173,62
IQ:1,8,11,25,-173
IQ:2,16,11,-191,-3
IQ:3,24,11,14,188
IQ:4,32,11,167,-32
IQ:5,40,11,-52,-183
IQ:6,48,11,-183,70
IQ:7,56,11,81,164
IQ:8,72,12,-87,-177
IQ:9,80,255,-165,70
IQ:10,88,1,57,151
IQ:11,96,255,128,-71
IQ:12,104,2,-111,-111
IQ:13,112,255,-102,128
IQ:14,120,10,206,144
IQ:15,128,255,129,-198
IQ:16,136,3,-173,-108
IQ:17,144,255,-102,215
IQ:18,152,9,202,189
IQ:19,160,255,147,-188
IQ:20,168,4,-158,-106
IQ:21,176,255,-84,141
IQ:22,184,8,50,5
IQ:23,192,255,-23,-97
IQ:24,200,7,-146,-37
IQ:25,208,255,-5,134
IQ:26,216,6,127,-53
IQ:27,224,255,-49,-191
IQ:28,232,5,-155,-10
IQ:29,240,255,23,82
IQ:30,248,12,78,-179
IQ:31,256,255,-167,-84
IQ:32,264,1,-74,158
IQ:33,272,255,146,71
IQ:34,280,2,35,-148
IQ:35,288,255,-144,8
SW:2
RR:3
SS:3
FR:2480
ME:5
MA:5
KE:3
KA:359
DF_END

Data arrived...
DF_BEGIN
IQ:0,0,11,100,110
IQ:1,8,11,101,-124
IQ:2,16,11,-123,-99
IQ:3,24,11,-84,132
IQ:4,32,11,133,71
IQ:5,40,11,64,-149
IQ:6,48,11,-146,-37
IQ:7,56,11,-27,161
IQ:8,72,12,-20,-84
IQ:9,80,255,-46,77
IQ:10,88,1,114,63
IQ:11,96,255,49,-155
IQ:12,104,2,-96,-72
IQ:13,112,255,-42,101
IQ:14,120,10,64,-82
IQ:15,128,255,-102,-129
IQ:16,136,3,-131,125
IQ:17,144,255,207,141
IQ:18,152,9,260,-285
IQ:19,160,255,-253,-321
IQ:20,168,4,-349,184
IQ:21,176,255,162,353
IQ:22,184,8,290,20
IQ:23,192,255,-75,-202
IQ:24,200,7,-252,184
IQ:25,208,255,170,191
IQ:26,216,6,98,-239
IQ:27,224,255,-268,-115
IQ:28,232,5,-150,199
IQ:29,240,255,177,125
IQ:30,248,12,50,-61
IQ:31,256,255,-100,30
IQ:32,264,1,33,115
IQ:33,272,255,152,-65
IQ:34,280,2,-7,-119
IQ:35,288,255,-146,42
SW:2
RR:3
SS:3
FR:2426
ME:359
MA:5
KE:3
KA:359
DF_END

Data arrived...
DF_BEGIN
IQ:0,0,11,-29,149
IQ:1,8,11,147,19
IQ:2,16,11,-6,-153
IQ:3,24,11,-139,22
IQ:4,32,11,53,142
IQ:5,40,11,135,-54
IQ:6,48,11,-60,-149
IQ:7,56,11,-134,70
IQ:8,72,12,80,-8
IQ:9,80,255,-52,-65
IQ:10,88,1,-30,92
IQ:11,96,255,144,42
IQ:12,104,2,59,-150
IQ:13,112,255,-185,-22
IQ:14,120,10,-21,272
IQ:15,128,255,236,39
IQ:16,136,3,-94,-217
IQ:17,144,255,-289,83
IQ:18,152,9,4,283
IQ:19,160,255,275,-51
IQ:20,168,4,-44,-351
IQ:21,176,255,-341,-10
IQ:22,184,8,-162,167
IQ:23,192,255,155,46
IQ:24,200,7,88,-222
IQ:25,208,255,-118,-16
IQ:26,216,6,172,150
IQ:27,224,255,183,-181
IQ:28,232,5,-74,-208
IQ:29,240,255,-155,55
IQ:30,248,12,64,53
IQ:31,256,255,13,-87
IQ:32,264,1,-98,29
IQ:33,272,255,57,134
IQ:34,280,2,147,-42
IQ:35,288,255,-64,-161
SW:2
RR:3
SS:3
FR:2402
ME:5
MA:353
KE:3
KA:359
DF_END

Data arrived...
DF_BEGIN
IQ:0,0,11,70,168
IQ:1,8,11,160,-90
IQ:2,16,11,-107,-158
IQ:3,24,11,-150,110
IQ:4,32,11,131,138
IQ:5,40,11,122,-147
IQ:6,48,11,-138,-117
IQ:7,56,11,-95,155
IQ:8,72,12,71,-93
IQ:9,80,255,-115,-23
IQ:10,88,1,18,122
IQ:11,96,255,168,-53
IQ:12,104,2,-31,-188
IQ:13,112,255,-185,89
IQ:14,120,10,148,254
IQ:15,128,255,237,-124
IQ:16,136,3,-216,-148
IQ:17,144,255,-196,251
IQ:18,152,9,185,256
IQ:19,160,255,215,-210
IQ:20,168,4,-260,-247
IQ:21,176,255,-282,241
IQ:22,184,8,1,242
IQ:23,192,255,162,-86
IQ:24,200,7,-107,-231
IQ:25,208,255,-138,85
IQ:26,216,6,251,59
IQ:27,224,255,69,-283
IQ:28,232,5,-199,-129
IQ:29,240,255,-79,165
IQ:30,248,12,106,-3
IQ:31,256,255,-55,-117
IQ:32,264,1,-89,103
IQ:33,272,255,144,97
IQ:34,280,2,117,-145
IQ:35,288,255,-161,-116
SW:2
RR:3
SS:3
FR:2402
ME:5
MA:353
KE:3
KA:358
DF_END

Data arrived...
DF_BEGIN
IQ:0,0,11,149,10
IQ:1,8,11,-19,-146
IQ:2,16,11,-138,35
IQ:3,24,11,58,139
IQ:4,32,11,142,-67
IQ:5,40,11,-73,-127
IQ:6,48,11,-109,103
IQ:7,56,11,110,103
IQ:8,72,12,-111,-104
IQ:9,80,255,-102,109
IQ:10,88,1,99,104
IQ:11,96,255,98,-92
IQ:12,104,2,-107,-49
IQ:13,112,255,-36,130
IQ:14,120,10,205,40
IQ:15,128,255,70,-183
IQ:16,136,3,-148,-45
IQ:17,144,255,-30,185
IQ:18,152,9,203,93
IQ:19,160,255,66,-171
IQ:20,168,4,-135,-19
IQ:21,176,255,-15,132
IQ:22,184,8,48,0
IQ:23,192,255,-48,-63
IQ:24,200,7,-123,28
IQ:25,208,255,37,95
IQ:26,216,6,84,-88
IQ:27,224,255,-96,-106
IQ:28,232,5,-107,56
IQ:29,240,255,61,58
IQ:30,248,12,22,-153
IQ:31,256,255,-153,-30
IQ:32,264,1,-13,133
IQ:33,272,255,133,9
IQ:34,280,2,-21,-115
IQ:35,288,255,-100,55
SW:2
RR:3
SS:3
FR:2480
ME:5
MA:5
KE:3
KA:359
DF_END

Data arrived...
DF_BEGIN
IQ:0,0,11,-57,137
IQ:1,8,11,139,40
IQ:2,16,11,24,-137
IQ:3,24,11,-148,-8
IQ:4,32,11,-3,157
IQ:5,40,11,143,-13
IQ:6,48,11,-35,-144
IQ:7,56,11,-142,40
IQ:8,72,12,70,-58
IQ:9,80,255,-81,-27
IQ:10,88,1,-9,108
IQ:11,96,255,122,-15
IQ:12,104,2,35,-91
IQ:13,112,255,-91,7
IQ:14,120,10,65,18
IQ:15,128,255,57,-105
IQ:16,136,3,-121,-49
IQ:17,144,255,-11,193
IQ:18,152,9,283,85
IQ:19,160,255,102,-293
IQ:20,168,4,-268,-177
IQ:21,176,255,-208,259
IQ:22,184,8,90,236
IQ:23,192,255,121,-114
IQ:24,200,7,-248,-135
IQ:25,208,255,-106,202
IQ:26,216,6,208,-13
IQ:27,224,255,-8,-227
IQ:28,232,5,-198,-19
IQ:29,240,255,-22,175
IQ:30,248,12,74,26
IQ:31,256,255,-40,-63
IQ:32,264,1,-88,62
IQ:33,272,255,95,105
IQ:34,280,2,85,-37
IQ:35,288,255,-91,-105
SW:2
RR:3
SS:3
FR:2426
ME:359
MA:5
KE:3
KA:359
DF_END

Data arrived...
DF_BEGIN
IQ:0,0,11,183,117
IQ:1,8,11,87,-191
IQ:2,16,11,-210,-46
IQ:3,24,11,-26,224
IQ:4,32,11,217,25
IQ:5,40,11,-18,-225
IQ:6,48,11,-219,8
IQ:7,56,11,34,207
IQ:8,72,12,-5,-150
IQ:9,80,255,-121,57
IQ:10,88,1,107,89
IQ:11,96,255,89,-162
IQ:12,104,2,-161,-139
IQ:13,112,255,-88,214
IQ:14,120,10,339,65
IQ:15,128,255,117,-299
IQ:16,136,3,-250,66
IQ:17,144,255,86,343
IQ:18,152,9,376,61
IQ:19,160,255,7,-352
IQ:20,168,4,-434,31
IQ:21,176,255,-24,445
IQ:22,184,8,260,208
IQ:23,192,255,81,-236
IQ:24,200,7,-338,-115
IQ:25,208,255,-42,227
IQ:26,216,6,240,-196
IQ:27,224,255,-201,-272
IQ:28,232,5,-286,85
IQ:29,240,255,82,222
IQ:30,248,12,127,-80
IQ:31,256,255,-129,-71
IQ:32,264,1,-5,136
IQ:33,272,255,188,-38
IQ:34,280,2,-18,-210
IQ:35,288,255,-208,26
SW:2
RR:3
SS:3
FR:2402
ME:5
MA:353
KE:3
KA:359
DF_END

Data arrived...
DF_BEGIN
IQ:0,0,11,-150,-65
IQ:1,8,11,-27,149
IQ:2,16,11,163,21
IQ:3,24,11,-6,-163
IQ:4,32,11,-168,5
IQ:5,40,11,12,158
IQ:6,48,11,155,-19
IQ:7,56,11,-40,-150
IQ:8,72,12,17,100
IQ:9,80,255,95,-50
IQ:10,88,1,-81,-37
IQ:11,96,255,-39,139
IQ:12,104,2,133,60
IQ:13,112,255,34,-174
IQ:14,120,10,-277,-47
IQ:15,128,255,-58,220
IQ:16,136,3,188,-84
IQ:17,144,255,-98,-271
IQ:18,152,9,-292,4
IQ:19,160,255,32,286
IQ:20,168,4,332,-76
IQ:21,176,255,-18,-350
IQ:22,184,8,-213,-165
IQ:23,192,255,-59,180
IQ:24,200,7,268,78
IQ:25,208,255,21,-178
IQ:26,216,6,-183,165
IQ:27,224,255,144,229
IQ:28,232,5,212,-57
IQ:29,240,255,-63,-163
IQ:30,248,12,-82,71
IQ:31,256,255,95,41
IQ:32,264,1,-24,-92
IQ:33,272,255,-144,46
IQ:34,280,2,18,147
IQ:35,288,255,156,-63
SW:2
RR:3
SS:3
FR:2402
ME:5
MA:353
KE:3
KA:358
DF_END

Data arrived...
DF_BEGIN
IQ:0,0,11,154,45
IQ:1,8,11,28,-143
IQ:2,16,11,-158,6
IQ:3,24,11,20,148
IQ:4,32,11,152,-45
IQ:5,40,11,-48,-146
IQ:6,48,11,-140,64
IQ:7,56,11,80,132
IQ:8,72,12,-89,-134
IQ:9,80,255,-145,68
IQ:10,88,1,76,120
IQ:11,96,255,114,-67
IQ:12,104,2,-94,-81
IQ:13,112,255,-70,112
IQ:14,120,10,191,98
IQ:15,128,255,111,-169
IQ:16,136,3,-133,-72
IQ:17,144,255,-45,185
IQ:18,152,9,193,119
IQ:19,160,255,110,-155
IQ:20,168,4,-134,-55
IQ:21,176,255,-51,127
IQ:22,184,8,50,14
IQ:23,192,255,-27,-78
IQ:24,200,7,-134,-6
IQ:25,208,255,19,114
IQ:26,216,6,113,-65
IQ:27,224,255,-76,-123
IQ:28,232,5,-109,21
IQ:29,240,255,55,62
IQ:30,248,12,44,-156
IQ:31,256,255,-146,-65
IQ:32,264,1,-44,126
IQ:33,272,255,131,27
IQ:34,280,2,12,-121
IQ:35,288,255,-115,17
SW:2
RR:3
SS:3
FR:2480
ME:5
MA:5
KE:3
KA:359
DF_END

Data arrived...
DF_BEGIN
IQ:0,0,11,-139,75
IQ:1,8,11,92,129
IQ:2,16,11,124,-107
IQ:3,24,11,-113,-128
IQ:4,32,11,-104,134
IQ:5,40,11,143,81
IQ:6,48,11,79,-131
IQ:7,56,11,-143,-76
IQ:8,72,12,87,26
IQ:9,80,255,-43,-63
IQ:10,88,1,-43,63
IQ:11,96,255,111,63
IQ:12,104,2,81,-35
IQ:13,112,255,-52,-50
IQ:14,120,10,47,6
IQ:15,128,255,73,-77
IQ:16,136,3,-99,-66
IQ:17,144,255,-99,160
IQ:18,152,9,223,212
IQ:19,160,255,250,-241
IQ:20,168,4,-201,-280
IQ:21,176,255,-316,152
IQ:22,184,8,-91,301
IQ:23,192,255,191,-2
IQ:24,200,7,-152,-244
IQ:25,208,255,-180,122
IQ:26,216,6,206,108
IQ:27,224,255,117,-223
IQ:28,232,5,-165,-139
IQ:29,240,255,-119,146
IQ:30,248,12,33,69
IQ:31,256,255,10,-72
IQ:32,264,1,-108,8
IQ:33,272,255,26,132
IQ:34,280,2,80,42
IQ:35,288,255,-12,-118
SW:2
RR:3
SS:3
FR:2426
ME:356
MA:5
KE:2
KA:359
DF_END

Data arrived...
DF_BEGIN
IQ:0,0,11,134,129
IQ:1,8,11,106,-148
IQ:2,16,11,-162,-101
IQ:3,24,11,-91,156
IQ:4,32,11,165,65
IQ:5,40,11,44,-183
IQ:6,48,11,-184,-40
IQ:7,56,11,-11,171
IQ:8,72,12,49,-111
IQ:9,80,255,-117,14
IQ:10,88,1,72,106
IQ:11,96,255,130,-119
IQ:12,104,2,-120,-137
IQ:13,112,255,-132,174
IQ:14,120,10,257,153
IQ:15,128,255,153,-221
IQ:16,136,3,-260,-21
IQ:17,144,255,-59,307
IQ:18,152,9,286,142
IQ:19,160,255,104,-280
IQ:20,168,4,-360,-90
IQ:21,176,255,-141,339
IQ:22,184,8,106,242
IQ:23,192,255,124,-140
IQ:24,200,7,-220,-157
IQ:25,208,255,-77,148
IQ:26,216,6,247,-102
IQ:27,224,255,-83,-277
IQ:28,232,5,-232,-17
IQ:29,240,255,10,184
IQ:30,248,12,106,-55
IQ:31,256,255,-97,-66
IQ:32,264,1,-33,119
IQ:33,272,255,164,39
IQ:34,280,2,51,-177
IQ:35,288,255,-194,-31
SW:2
RR:3
SS:3
FR:2402
ME:5
MA:353
KE:3
KA:359
DF_END

Data arrived...
DF_BEGIN
IQ:0,0,11,-92,-128
IQ:1,8,11,-110,98
IQ:2,16,11,115,81
IQ:3,24,11,82,-130
IQ:4,32,11,-130,-73
IQ:5,40,11,-59,128
IQ:6,48,11,138,46
IQ:7,56,11,31,-138
IQ:8,72,12,-38,94
IQ:9,80,255,104,-5
IQ:10,88,1,-47,-93
IQ:11,96,255,-116,85
IQ:12,104,2,85,126
IQ:13,112,255,119,-126
IQ:14,120,10,-179,-160
IQ:15,128,255,-152,144
IQ:16,136,3,191,56
IQ:17,144,255,76,-235
IQ:18,152,9,-214,-146
IQ:19,160,255,-105,220
IQ:20,168,4,274,101
IQ:21,176,255,169,-250
IQ:22,184,8,-68,-193
IQ:23,192,255,-113,95
IQ:24,200,7,156,155
IQ:25,208,255,78,-114
IQ:26,216,6,-201,32
IQ:27,224,255,23,232
IQ:28,232,5,185,50
IQ:29,240,255,16,-146
IQ:30,248,12,-93,34
IQ:31,256,255,56,80
IQ:32,264,1,55,-94
IQ:33,272,255,-132,-45
IQ:34,280,2,-46,138
IQ:35,288,255,158,34
SW:2
RR:3
SS:3
FR:2402
ME:5
MA:353
KE:3
KA:358
DF_END

Data arrived...
DF_BEGIN
IQ:0,0,11,107,95
IQ:1,8,11,103,-119
IQ:2,16,11,-119,-91
IQ:3,24,11,-73,131
IQ:4,32,11,138,50
IQ:5,40,11,31,-154
IQ:6,48,11,-153,-29
IQ:7,56,11,-13,140
IQ:8,72,12,1,-150
IQ:9,80,255,-160,-11
IQ:10,88,1,-38,123
IQ:11,96,255,114,5
IQ:12,104,2,-34,-122
IQ:13,112,255,-123,53
IQ:14,120,10,97,183
IQ:15,128,255,174,-60
IQ:16,136,3,-67,-139
IQ:17,144,255,-158,97
IQ:18,152,9,61,215
IQ:19,160,255,183,-49
IQ:20,168,4,-65,-125
IQ:21,176,255,-105,65
IQ:22,184,8,33,34
IQ:23,192,255,21,-76
IQ:24,200,7,-101,-85
IQ:25,208,255,-58,90
IQ:26,216,6,112,20
IQ:27,224,255,37,-135
IQ:28,232,5,-103,-59
IQ:29,240,255,-10,61
IQ:30,248,12,123,-93
IQ:31,256,255,-79,-141
IQ:32,264,1,-111,71
IQ:33,272,255,85,94
IQ:34,280,2,66,-103
IQ:35,288,255,-110,-51
SW:2
RR:3
SS:3
FR:2480
ME:5
MA:5
KE:3
KA:359
DF_END

Data arrived...
DF_BEGIN
IQ:0,0,11,-75,-148
IQ:1,8,11,-136,93
IQ:2,16,11,101,111
IQ:3,24,11,108,-116
IQ:4,32,11,-123,-92
IQ:5,40,11,-87,136
IQ:6,48,11,155,71
IQ:7,56,11,72,-152
IQ:8,72,12,-16,79
IQ:9,80,255,52,-45
IQ:10,88,1,-86,-60
IQ:11,96,255,-55,118
IQ:12,104,2,56,81
IQ:13,112,255,33,-71
IQ:14,120,10,-24,59
IQ:15,128,255,85,90
IQ:16,136,3,103,-117
IQ:17,144,255,-171,-132
IQ:18,152,9,-252,212
IQ:19,160,255,218,269
IQ:20,168,4,310,-185
IQ:21,176,255,-150,-336
IQ:22,184,8,-296,-57
IQ:23,192,255,27,203
IQ:24,200,7,270,-159
IQ:25,208,255,-150,-203
IQ:26,216,6,-109,220
IQ:27,224,255,232,119
IQ:28,232,5,148,-173
IQ:29,240,255,-154,-149
IQ:30,248,12,-74,35
IQ:31,256,255,66,2
IQ:32,264,1,-9,-97
IQ:33,272,255,-135,35
IQ:34,280,2,-23,85
IQ:35,288,255,129,-9
SW:2
RR:3
SS:3
FR:2426
ME:356
MA:5
KE:2
KA:359
DF_END

Data arrived...
DF_BEGIN
IQ:0,0,11,109,105
IQ:1,8,11,88,-125
IQ:2,16,11,-141,-76
IQ:3,24,11,-67,136
IQ:4,32,11,142,68
IQ:5,40,11,41,-143
IQ:6,48,11,-157,-32
IQ:7,56,11,-18,146
IQ:8,72,12,17,-93
IQ:9,80,255,-93,14
IQ:10,88,1,58,85
IQ:11,96,255,109,-85
IQ:12,104,2,-88,-120
IQ:13,112,255,-109,132
IQ:14,120,10,196,134
IQ:15,128,255,139,-164
IQ:16,136,3,-203,-36
IQ:17,144,255,-80,249
IQ:18,152,9,212,141
IQ:19,160,255,108,-221
IQ:20,168,4,-279,-107
IQ:21,176,255,-132,261
IQ:22,184,8,79,180
IQ:23,192,255,99,-106
IQ:24,200,7,-163,-142
IQ:25,208,255,-79,115
IQ:26,216,6,200,-44
IQ:27,224,255,-43,-216
IQ:28,232,5,-179,-5
IQ:29,240,255,1,145
IQ:30,248,12,75,-39
IQ:31,256,255,-74,-65
IQ:32,264,1,-25,99
IQ:33,272,255,149,15
IQ:34,280,2,45,-144
IQ:35,288,255,-156,-3
SW:2
RR:3
SS:3
FR:2402
ME:5
MA:353
KE:2
KA:359
DF_END

Data arrived...
DF_BEGIN
IQ:0,0,11,157,-17
IQ:1,8,11,-24,-159
IQ:2,16,11,-148,45
IQ:3,24,11,56,137
IQ:4,32,11,124,-85
IQ:5,40,11,-93,-121
IQ:6,48,11,-112,101
IQ:7,56,11,106,103
IQ:8,72,12,-125,-93
IQ:9,80,255,-113,111
IQ:10,88,1,98,92
IQ:11,96,255,72,-106
IQ:12,104,2,-110,-33
IQ:13,112,255,-9,136
IQ:14,120,10,215,25
IQ:15,128,255,60,-192
IQ:16,136,3,-150,-23
IQ:17,144,255,2,187
IQ:18,152,9,210,79
IQ:19,160,255,61,-171
IQ:20,168,4,-140,-22
IQ:21,176,255,-15,126
IQ:22,184,8,48,-2
IQ:23,192,255,-47,-59
IQ:24,200,7,-123,46
IQ:25,208,255,48,92
IQ:26,216,6,74,-89
IQ:27,224,255,-105,-94
IQ:28,232,5,-97,64
IQ:29,240,255,67,34
IQ:30,248,12,-19,-163
IQ:31,256,255,-161,-4
IQ:32,264,1,3,133
IQ:33,272,255,131,-18
IQ:34,280,2,-41,-115
IQ:35,288,255,-100,61
SW:2
RR:3
SS:3
FR:2480
ME:5
MA:5
KE:3
KA:359
DF_END

Data arrived...
DF_BEGIN
IQ:0,0,11,-78,135
IQ:1,8,11,131,72
IQ:2,16,11,58,-136
IQ:3,24,11,-153,-36
IQ:4,32,11,-16,149
IQ:5,40,11,153,4
IQ:6,48,11,-11,-151
IQ:7,56,11,-141,29
IQ:8,72,12,151,-36
IQ:9,80,255,-16,-158
IQ:10,88,1,-133,21
IQ:11,96,255,28,126
IQ:12,104,2,104,-64
IQ:13,112,255,-86,-101
IQ:14,120,10,-160,143
IQ:15,128,255,103,159
IQ:16,136,3,110,-105
IQ:17,144,255,-142,-115
IQ:18,152,9,-182,132
IQ:19,160,255,99,155
IQ:20,168,4,107,-93
IQ:21,176,255,-96,-93
IQ:22,184,8,-28,37
IQ:23,192,255,76,2
IQ:24,200,7,47,-119
IQ:25,208,255,-106,-23
IQ:26,216,6,12,126
IQ:27,224,255,137,-3
IQ:28,232,5,19,-111
IQ:29,240,255,-79,18
IQ:30,248,12,115,107
IQ:31,256,255,101,-116
IQ:32,264,1,-106,-85
IQ:33,272,255,-79,104
IQ:34,280,2,114,42
IQ:35,288,255,11,-115
SW:2
RR:3
SS:3
FR:2480
ME:5
MA:5
KE:3
KA:0
DF_END

Data arrived...
DF_BEGIN
IQ:0,0,11,159,-50
IQ:1,8,11,-48,-139
IQ:2,16,11,-131,84
IQ:3,24,11,88,132
IQ:4,32,11,110,-110
IQ:5,40,11,-123,-103
IQ:6,48,11,-93,125
IQ:7,56,11,134,71
IQ:8,72,12,-86,-35
IQ:9,80,255,32,62
IQ:10,88,1,77,-63
IQ:11,96,255,-109,-97
IQ:12,104,2,-103,22
IQ:13,112,255,67,55
IQ:14,120,10,-54,-78
IQ:15,128,255,-132,48
IQ:16,136,3,64,133
IQ:17,144,255,170,-145
IQ:18,152,9,-161,-332
IQ:19,160,255,-336,124
IQ:20,168,4,88,352
IQ:21,176,255,344,-62
IQ:22,184,8,129,-276
IQ:23,192,255,-210,-36
IQ:24,200,7,74,331
IQ:25,208,255,228,-80
IQ:26,216,6,-204,-144
IQ:27,224,255,-189,188
IQ:28,232,5,119,165
IQ:29,240,255,160,-113
IQ:30,248,12,-11,-70
IQ:31,256,255,-17,78
IQ:32,264,1,108,5
IQ:33,272,255,-8,-144
IQ:34,280,2,-93,-68
IQ:35,288,255,-20,124
SW:2
RR:3
SS:3
FR:2426
ME:359
MA:359
KE:2
KA:0
DF_END

Data arrived...
DF_BEGIN
IQ:0,0,11,153,-27
IQ:1,8,11,-65,-150
IQ:2,16,11,-147,77
IQ:3,24,11,61,152
IQ:4,32,11,149,-73
IQ:5,40,11,-108,-117
IQ:6,48,11,-118,118
IQ:7,56,11,137,100
IQ:8,72,12,-47,-54
IQ:9,80,255,-23,83
IQ:10,88,1,117,-27
IQ:11,96,255,-16,-167
IQ:12,104,2,-155,-12
IQ:13,112,255,32,189
IQ:14,120,10,259,-63
IQ:15,128,255,-45,-233
IQ:16,136,3,-176,164
IQ:17,144,255,170,237
IQ:18,152,9,280,-84
IQ:19,160,255,-130,-254
IQ:20,168,4,-311,132
IQ:21,176,255,70,314
IQ:22,184,8,187,103
IQ:23,192,255,8,-145
IQ:24,200,7,-230,-19
IQ:25,208,255,11,119
IQ:26,216,6,86,-208
IQ:27,224,255,-216,-141
IQ:28,232,5,-166,99
IQ:29,240,255,85,96
IQ:30,248,12,2,-71
IQ:31,256,255,-94,26
IQ:32,264,1,84,80
IQ:33,272,255,99,-119
IQ:34,280,2,-100,-120
IQ:35,288,255,-128,128
SW:2
RR:3
SS:3
FR:2402
ME:7
MA:338
KE:3
KA:357
DF_END

Data arrived...
DF_BEGIN
IQ:0,0,11,-35,185
IQ:1,8,11,191,26
IQ:2,16,11,9,-193
IQ:3,24,11,-182,19
IQ:4,32,11,32,193
IQ:5,40,11,178,-56
IQ:6,48,11,-93,-170
IQ:7,56,11,-171,86
IQ:8,72,12,170,-91
IQ:9,80,255,-94,-176
IQ:10,88,1,-163,85
IQ:11,96,255,75,146
IQ:12,104,2,96,-127
IQ:13,112,255,-140,-85
IQ:14,120,10,-153,236
IQ:15,128,255,184,158
IQ:16,136,3,101,-157
IQ:17,144,255,-217,-93
IQ:18,152,9,-180,220
IQ:19,160,255,185,153
IQ:20,168,4,86,-157
IQ:21,176,255,-152,-71
IQ:22,184,8,-18,47
IQ:23,192,255,91,-26
IQ:24,200,7,25,-154
IQ:25,208,255,-134,4
IQ:26,216,6,49,143
IQ:27,224,255,171,-50
IQ:28,232,5,-11,-147
IQ:29,240,255,-83,43
IQ:30,248,12,185,68
IQ:31,256,255,95,-175
IQ:32,264,1,-166,-71
IQ:33,272,255,-58,159
IQ:34,280,2,147,8
IQ:35,288,255,-33,-149
SW:2
RR:3
SS:3
FR:2480
M