KE:1
KA:0
DF_END

Data arrived...
DF_BEGIN
IQ:0,0,11,-175,89
IQ:1,8,11,103,172
IQ:2,16,11,152,-122
IQ:3,24,11,-123,-144
IQ:4,32,11,-148,130
IQ:5,40,11,150,118
IQ:6,48,11,100,-166
IQ:7,56,11,-165,-85
IQ:8,72,12,221,46
IQ:9,80,255,35,-186
IQ:10,88,1,-135,13
IQ:11,96,255,30,109
IQ:12,104,2,103,-32
IQ:13,112,255,-12,-118
IQ:14,120,10,89,-170
IQ:15,128,255,-8,-107
IQ:16,136,3,43,-50
IQ:17,144,255,-52,-5
IQ:18,152,9,60,106
IQ:19,160,255,131,-48
IQ:20,168,4,-39,-168
IQ:21,176,255,-197,19
IQ:22,184,8,-74,154
IQ:23,192,255,140,24
IQ:24,200,7,20,-189
IQ:25,208,255,-139,-18
IQ:26,216,6,58,105
IQ:27,224,255,100,-49
IQ:28,232,5,-47,-37
IQ:29,240,255,-75,119
IQ:30,248,12,79,224
IQ:31,256,255,169,-44
IQ:32,264,1,-80,-121
IQ:33,272,255,-111,68
IQ:34,280,2,66,62
IQ:35,288,255,63,-120
SW:2
RR:3
SS:3
FR:2480
ME:55
MA:352
KE:6
KA:0
DF_END

Data arrived...
DF_BEGIN
IQ:0,0,11,180,27
IQ:1,8,11,14,-175
IQ:2,16,11,-172,-1
IQ:3,24,11,26,181
IQ:4,32,11,179,-34
IQ:5,40,11,-49,-178
IQ:6,48,11,-160,58
IQ:7,56,11,96,156
IQ:8,72,12,-150,-138
IQ:9,80,255,-167,151
IQ:10,88,1,107,178
IQ:11,96,255,136,-131
IQ:12,104,2,-186,-162
IQ:13,112,255,-170,181
IQ:14,120,10,177,206
IQ:15,128,255,172,-161
IQ:16,136,3,-166,-116
IQ:17,144,255,-117,151
IQ:18,152,9,88,70
IQ:19,160,255,61,-109
IQ:20,168,4,-104,-68
IQ:21,176,255,-14,88
IQ:22,184,8,160,-129
IQ:23,192,255,-108,-175
IQ:24,200,7,-137,105
IQ:25,208,255,109,163
IQ:26,216,6,153,-67
IQ:27,224,255,-87,-110
IQ:28,232,5,-91,187
IQ:29,240,255,176,104
IQ:30,248,12,63,-185
IQ:31,256,255,-200,-96
IQ:32,264,1,-102,177
IQ:33,272,255,180,78
IQ:34,280,2,66,-239
IQ:35,288,255,-198,-64
SW:2
RR:3
SS:3
FR:2426
ME:359
MA:353
KE:5
KA:359
DF_END

Data arrived...
DF_BEGIN
IQ:0,0,11,-88,130
IQ:1,8,11,96,52
IQ:2,16,11,70,-107
IQ:3,24,11,-96,-29
IQ:4,32,11,-50,180
IQ:5,40,11,151,-9
IQ:6,48,11,-5,-136
IQ:7,56,11,-120,9
IQ:8,72,12,151,-64
IQ:9,80,255,-140,-159
IQ:10,88,1,-164,-20
IQ:11,96,255,32,115
IQ:12,104,2,139,-80
IQ:13,112,255,-93,-159
IQ:14,120,10,-203,76
IQ:15,128,255,68,156
IQ:16,136,3,130,-86
IQ:17,144,255,-76,-128
IQ:18,152,9,-76,46
IQ:19,160,255,64,73
IQ:20,168,4,77,-57
IQ:21,176,255,-59,-29
IQ:22,184,8,39,144
IQ:23,192,255,158,-18
IQ:24,200,7,-38,-126
IQ:25,208,255,-138,31
IQ:26,216,6,5,126
IQ:27,224,255,95,-34
IQ:28,232,5,-109,-112
IQ:29,240,255,-118,98
IQ:30,248,12,118,99
IQ:31,256,255,122,-129
IQ:32,264,1,-104,-124
IQ:33,272,255,-101,108
IQ:34,280,2,152,104
IQ:35,288,255,101,-132
SW:2
RR:3
SS:3
FR:2426
ME:2
MA:5
KE:4
KA:359
DF_END

Data arrived...
DF_BEGIN
IQ:0,0,11,28,153
IQ:1,8,11,139,-40
IQ:2,16,11,-55,-140
IQ:3,24,11,-151,68
IQ:4,32,11,76,127
IQ:5,40,11,119,-100
IQ:6,48,11,-90,-120
IQ:7,56,11,-100,111
IQ:8,72,12,113,-134
IQ:9,80,255,-132,-122
IQ:10,88,1,-93,138
IQ:11,96,255,150,102
IQ:12,104,2,76,-159
IQ:13,112,255,-186,-67
IQ:14,120,10,-115,207
IQ:15,128,255,190,96
IQ:16,136,3,54,-233
IQ:17,144,255,-250,-97
IQ:18,152,9,-162,170
IQ:19,160,255,145,126
IQ:20,168,4,106,-153
IQ:21,176,255,-111,-58
IQ:22,184,8,93,82
IQ:23,192,255,117,-104
IQ:24,200,7,-45,-71
IQ:25,208,255,-90,104
IQ:26,216,6,87,162
IQ:27,224,255,129,-68
IQ:28,232,5,-103,-44
IQ:29,240,255,-50,131
IQ:30,248,12,160,61
IQ:31,256,255,55,-172
IQ:32,264,1,-169,-41
IQ:33,272,255,-41,169
IQ:34,280,2,173,-2
IQ:35,288,255,-12,-171
SW:2
RR:3
SS:3
FR:2402
ME:2
MA:5
KE:4
KA:0
DF_END

Data arrived...
DF_BEGIN
IQ:0,0,11,72,-176
IQ:1,8,11,-193,-31
IQ:2,16,11,-27,201
IQ:3,24,11,192,19
IQ:4,32,11,-7,-184
IQ:5,40,11,-184,44
IQ:6,48,11,51,198
IQ:7,56,11,183,-56
IQ:8,72,12,-167,160
IQ:9,80,255,124,148
IQ:10,88,1,85,-108
IQ:11,96,255,-104,-41
IQ:12,104,2,-40,108
IQ:13,112,255,78,100
IQ:14,120,10,55,179
IQ:15,128,255,83,68
IQ:16,136,3,2,73
IQ:17,144,255,37,-19
IQ:18,152,9,-116,-32
IQ:19,160,255,-56,143
IQ:20,168,4,147,88
IQ:21,176,255,100,-163
IQ:22,184,8,-72,-158
IQ:23,192,255,-104,87
IQ:24,200,7,133,127
IQ:25,208,255,110,-87
IQ:26,216,6,-107,-19
IQ:27,224,255,-30,112
IQ:28,232,5,54,9
IQ:29,240,255,-49,-118
IQ:30,248,12,-221,-63
IQ:31,256,255,-78,165
IQ:32,264,1,156,28
IQ:33,272,255,12,-123
IQ:34,280,2,-89,23
IQ:35,288,255,58,128
SW:2
RR:3
SS:3
FR:2480
ME:356
MA:5
KE:3
KA:0
DF_END

Data arrived...
DF_BEGIN
IQ:0,0,11,108,-161
IQ:1,8,11,-151,-90
IQ:2,16,11,-70,163
IQ:3,24,11,175,58
IQ:4,32,11,55,-170
IQ:5,40,11,-187,-13
IQ:6,48,11,-14,175
IQ:7,56,11,172,-7
IQ:8,72,12,-191,80
IQ:9,80,255,56,212
IQ:10,88,1,199,-28
IQ:11,96,255,-53,-197
IQ:12,104,2,-229,100
IQ:13,112,255,96,232
IQ:14,120,10,253,-78
IQ:15,128,255,-64,-221
IQ:16,136,3,-176,93
IQ:17,144,255,83,171
IQ:18,152,9,95,-53
IQ:19,160,255,-80,-96
IQ:20,168,4,-111,55
IQ:21,176,255,73,47
IQ:22,184,8,-45,-203
IQ:23,192,255,-201,21
IQ:24,200,7,45,162
IQ:25,208,255,190,-45
IQ:26,216,6,6,-169
IQ:27,224,255,-139,28
IQ:28,232,5,123,161
IQ:29,240,255,164,-114
IQ:30,248,12,-157,-128
IQ:31,256,255,-162,155
IQ:32,264,1,109,171
IQ:33,272,255,143,-132
IQ:34,280,2,-179,-167
IQ:35,288,255,-147,151
SW:2
RR:3
SS:3
FR:2426
ME:359
MA:353
KE:3
KA:0
DF_END

Data arrived...
DF_BEGIN
IQ:0,0,11,57,-180
IQ:1,8,11,-175,-34
IQ:2,16,11,-5,176
IQ:3,24,11,177,3
IQ:4,32,11,-28,-182
IQ:5,40,11,-174,36
IQ:6,48,11,53,161
IQ:7,56,11,164,-87
IQ:8,72,12,-144,150
IQ:9,80,255,148,172
IQ:10,88,1,164,-114
IQ:11,96,255,-139,-148
IQ:12,104,2,-175,170
IQ:13,112,255,171,168
IQ:14,120,10,210,-168
IQ:15,128,255,-146,-182
IQ:16,136,3,-142,144
IQ:17,144,255,123,142
IQ:18,152,9,75,-78
IQ:19,160,255,-108,-61
IQ:20,168,4,-81,107
IQ:21,176,255,79,15
IQ:22,184,8,-123,-171
IQ:23,192,255,-189,84
IQ:24,200,7,89,135
IQ:25,208,255,163,-97
IQ:26,216,6,-68,-155
IQ:27,224,255,-109,88
IQ:28,232,5,177,101
IQ:29,240,255,109,-174
IQ:30,248,12,-184,-87
IQ:31,256,255,-96,189
IQ:32,264,1,178,113
IQ:33,272,255,83,-182
IQ:34,280,2,-231,-91
IQ:35,288,255,-84,198
SW:2
RR:3
SS:3
FR:2426
ME:2
MA:5
KE:3
KA:0
DF_END

Data arrived...
DF_BEGIN
IQ:0,0,11,-65,139
IQ:1,8,11,143,47
IQ:2,16,11,48,-142
IQ:3,24,11,-145,-23
IQ:4,32,11,-5,148
IQ:5,40,11,152,1
IQ:6,48,11,-1,-158
IQ:7,56,11,-148,15
IQ:8,72,12,163,-30
IQ:9,80,255,-34,-173
IQ:10,88,1,-165,43
IQ:11,96,255,61,175
IQ:12,104,2,153,-89
IQ:13,112,255,-117,-159
IQ:14,120,10,-194,112
IQ:15,128,255,107,179
IQ:16,136,3,191,-152
IQ:17,144,255,-147,-231
IQ:18,152,9,-228,46
IQ:19,160,255,69,178
IQ:20,168,4,170,-62
IQ:21,176,255,-58,-107
IQ:22,184,8,24,120
IQ:23,192,255,150,-4
IQ:24,200,7,8,-83
IQ:25,208,255,-126,12
IQ:26,216,6,-37,184
IQ:27,224,255,143,28
IQ:28,232,5,-56,-94
IQ:29,240,255,-114,85
IQ:30,248,12,91,162
IQ:31,256,255,154,-96
IQ:32,264,1,-101,-134
IQ:33,272,255,-129,120
IQ:34,280,2,142,85
IQ:35,288,255,75,-136
SW:2
RR:3
SS:3
FR:2402
ME:2
MA:5
KE:3
KA:0
DF_END

Data arrived...
DF_BEGIN
IQ:0,0,11,-186,-67
IQ:1,8,11,-69,184
IQ:2,16,11,183,42
IQ:3,24,11,13,-188
IQ:4,32,11,-225,-10
IQ:5,40,11,1,185
IQ:6,48,11,188,-29
IQ:7,56,11,-50,-191
IQ:8,72,12,118,202
IQ:9,80,255,156,-66
IQ:10,88,1,-107,-97
IQ:11,96,255,-60,96
IQ:12,104,2,99,49
IQ:13,112,255,75,-64
IQ:14,120,10,170,-34
IQ:15,128,255,63,-64
IQ:16,136,3,51,-8
IQ:17,144,255,-25,-27
IQ:18,152,9,-63,117
IQ:19,160,255,134,67
IQ:20,168,4,97,-149
IQ:21,176,255,-146,-118
IQ:22,184,8,-181,54
IQ:23,192,255,53,115
IQ:24,200,7,158,-102
IQ:25,208,255,-98,-95
IQ:26,216,6,-54,117
IQ:27,224,255,94,59
IQ:28,232,5,-31,-69
IQ:29,240,255,-125,46
IQ:30,248,12,-104,220
IQ:31,256,255,145,90
IQ:32,264,1,20,-136
IQ:33,272,255,-127,-16
IQ:34,280,2,4,92
IQ:35,288,255,110,-39
SW:2
RR:3
SS:3
FR:2480
ME:55
MA:352
KE:7
KA:0
DF_END

Data arrived...
DF_BEGIN
IQ:0,0,11,-42,173
IQ:1,8,11,171,24
IQ:2,16,11,17,-187
IQ:3,24,11,-173,11
IQ:4,32,11,24,182
IQ:5,40,11,189,-28
IQ:6,48,11,-38,-179
IQ:7,56,11,-172,60
IQ:8,72,12,137,-154
IQ:9,80,255,-149,-170
IQ:10,88,1,-174,108
IQ:11,96,255,120,166
IQ:12,104,2,176,-166
IQ:13,112,255,-169,-174
IQ:14,120,10,-206,174
IQ:15,128,255,146,185
IQ:16,136,3,130,-159
IQ:17,144,255,-150,-128
IQ:18,152,9,-84,82
IQ:19,160,255,105,73
IQ:20,168,4,89,-94
IQ:21,176,255,-88,-26
IQ:22,184,8,120,165
IQ:23,192,255,183,-92
IQ:24,200,7,-96,-138
IQ:25,208,255,-166,97
IQ:26,216,6,55,168
IQ:27,224,255,125,-73
IQ:28,232,5,-173,-99
IQ:29,240,255,-101,172
IQ:30,248,12,180,68
IQ:31,256,255,93,-214
IQ:32,264,1,-168,-117
IQ:33,272,255,-87,182
IQ:34,280,2,229,91
IQ:35,288,255,74,-203
SW:2
RR:3
SS:3
FR:2426
ME:359
MA:353
KE:7
KA:359
DF_END

Data arrived...
DF_BEGIN
IQ:0,0,11,185,32
IQ:1,8,11,21,-176
IQ:2,16,11,-191,-17
IQ:3,24,11,-1,182
IQ:4,32,11,184,-26
IQ:5,40,11,-36,-184
IQ:6,48,11,-178,52
IQ:7,56,11,72,166
IQ:8,72,12,-134,-157
IQ:9,80,255,-173,135
IQ:10,88,1,105,182
IQ:11,96,255,155,-133
IQ:12,104,2,-173,-174
IQ:13,112,255,-166,179
IQ:14,120,10,175,212
IQ:15,128,255,175,-154
IQ:16,136,3,-165,-130
IQ:17,144,255,-132,153
IQ:18,152,9,73,90
IQ:19,160,255,52,-106
IQ:20,168,4,-99,-84
IQ:21,176,255,-5,92
IQ:22,184,8,161,-129
IQ:23,192,255,-111,-177
IQ:24,200,7,-129,99
IQ:25,208,255,102,160
IQ:26,216,6,165,-56
IQ:27,224,255,-76,-126
IQ:28,232,5,-102,184
IQ:29,240,255,172,105
IQ:30,248,12,65,-193
IQ:31,256,255,-206,-100
IQ:32,264,1,-125,171
IQ:33,272,255,180,90
IQ:34,280,2,96,-223
IQ:35,288,255,-197,-67
SW:2
RR:3
SS:3
FR:2426
ME:359
MA:353
KE:6
KA:358
DF_END

Data arrived...
DF_BEGIN
IQ:0,0,11,-93,-125
IQ:1,8,11,-112,110
IQ:2,16,11,123,104
IQ:3,24,11,94,-134
IQ:4,32,11,-132,-68
IQ:5,40,11,-54,148
IQ:6,48,11,143,49
IQ:7,56,11,45,-151
IQ:8,72,12,-37,175
IQ:9,80,255,174,38
IQ:10,88,1,10,-175
IQ:11,96,255,-171,-20
IQ:12,104,2,12,174
IQ:13,112,255,191,-38
IQ:14,120,10,-26,-228
IQ:15,128,255,-213,32
IQ:16,136,3,69,234
IQ:17,144,255,256,-60
IQ:18,152,9,55,-229
IQ:19,160,255,-191,-30
IQ:20,168,4,-20,179
IQ:21,176,255,111,-2
IQ:22,184,8,-135,-12
IQ:23,192,255,-46,149
IQ:24,200,7,70,34
IQ:25,208,255,20,-141
IQ:26,216,6,-163,-104
IQ:27,224,255,-86,127
IQ:28,232,5,111,-16
IQ:29,240,255,-39,-139
IQ:30,248,12,-182,33
IQ:31,256,255,39,181
IQ:32,264,1,166,-54
IQ:33,272,255,-54,-163
IQ:34,280,2,-152,84
IQ:35,288,255,87,144
SW:2
RR:3
SS:3
FR:2402
ME:2
MA:5
KE:6
KA:359
DF_END

Data arrived...
DF_BEGIN
IQ:0,0,11,-45,-186
IQ:1,8,11,-191,66
IQ:2,16,11,50,171
IQ:3,24,11,158,-93
IQ:4,32,11,-103,-165
IQ:5,40,11,-160,111
IQ:6,48,11,107,149
IQ:7,56,11,133,-140
IQ:8,72,12,-160,155
IQ:9,80,255,160,158
IQ:10,88,1,132,-178
IQ:11,96,255,-194,-120
IQ:12,104,2,-79,215
IQ:13,112,255,245,69
IQ:14,120,10,108,-276
IQ:15,128,255,-259,-97
IQ:16,136,3,-81,303
IQ:17,144,255,305,126
IQ:18,152,9,189,-228
IQ:19,160,255,-202,-148
IQ:20,168,4,-126,206
IQ:21,176,255,145,72
IQ:22,184,8,-117,-104
IQ:23,192,255,-162,127
IQ:24,200,7,55,89
IQ:25,208,255,109,-127
IQ:26,216,6,-123,-212
IQ:27,224,255,-165,112
IQ:28,232,5,123,67
IQ:29,240,255,44,-181
IQ:30,248,12,-237,-54
IQ:31,256,255,-77,225
IQ:32,264,1,213,28
IQ:33,272,255,31,-227
IQ:34,280,2,-226,26
IQ:35,288,255,24,201
SW:2
RR:3
SS:3
FR:2402
ME:2
MA:5
KE:6
KA:359
DF_END

Data arrived...
DF_BEGIN
IQ:0,0,11,159,14
IQ:1,8,11,-5,-157
IQ:2,16,11,-146,40
IQ:3,24,11,54,147
IQ:4,32,11,144,-63
IQ:5,40,11,-88,-145
IQ:6,48,11,-128,85
IQ:7,56,11,110,110
IQ:8,72,12,-169,-95
IQ:9,80,255,-80,128
IQ:10,88,1,106,27
IQ:11,96,255,22,-109
IQ:12,104,2,-81,12
IQ:13,112,255,-30,88
IQ:14,120,10,-111,90
IQ:15,128,255,-29,81
IQ:16,136,3,-52,30
IQ:17,144,255,38,13
IQ:18,152,9,-4,-99
IQ:19,160,255,-115,-2
IQ:20,168,4,-18,149
IQ:21,176,255,156,38
IQ:22,184,8,95,-99
IQ:23,192,255,-97,-70
IQ:24,200,7,-59,136
IQ:25,208,255,113,44
IQ:26,216,6,-12,-102
IQ:27,224,255,-96,0
IQ:28,232,5,24,40
IQ:29,240,255,86,-71
IQ:30,248,12,27,-190
IQ:31,256,255,-140,-21
IQ:32,264,1,20,124
IQ:33,272,255,104,-25
IQ:34,280,2,-39,-68
IQ:35,288,255,-85,80
SW:2
RR:3
SS:3
FR:2480
ME:356
MA:5
KE:5
KA:0
DF_END

Data arrived...
DF_BEGIN
IQ:0,0,11,-184,-72
IQ:1,8,11,-48,177
IQ:2,16,11,195,26
IQ:3,24,11,9,-205
IQ:4,32,11,-190,1
IQ:5,40,11,25,179
IQ:6,48,11,197,-53
IQ:7,56,11,-64,-185
IQ:8,72,12,145,171
IQ:9,80,255,141,-111
IQ:10,88,1,-129,-75
IQ:11,96,255,-63,99
IQ:12,104,2,103,27
IQ:13,112,255,70,-88
IQ:14,120,10,165,-69
IQ:15,128,255,54,-92
IQ:16,136,3,79,-11
IQ:17,144,255,-33,-30
IQ:18,152,9,-43,118
IQ:19,160,255,135,46
IQ:20,168,4,73,-159
IQ:21,176,255,-167,-98
IQ:22,184,8,-160,81
IQ:23,192,255,93,99
IQ:24,200,7,123,-133
IQ:25,208,255,-101,-111
IQ:26,216,6,-30,113
IQ:27,224,255,103,34
IQ:28,232,5,-19,-53
IQ:29,240,255,-117,43
IQ:30,248,12,-108,212
IQ:31,256,255,157,75
IQ:32,264,1,23,-142
IQ:33,272,255,-126,-18
IQ:34,280,2,17,101
IQ:35,288,255,134,-54
SW:2
RR:3
SS:3
FR:2480
ME:356
MA:5
KE:4
KA:0
DF_END

Data arrived...
DF_BEGIN
IQ:0,0,11,-47,-176
IQ:1,8,11,-174,60
IQ:2,16,11,79,172
IQ:3,24,11,154,-86
IQ:4,32,11,-103,-153
IQ:5,40,11,-136,123
IQ:6,48,11,125,134
IQ:7,56,11,122,-134
IQ:8,72,12,-74,189
IQ:9,80,255,202,94
IQ:10,88,1,109,-188
IQ:11,96,255,-190,-87
IQ:12,104,2,-70,241
IQ:13,112,255,230,75
IQ:14,120,10,115,-252
IQ:15,128,255,-213,-97
IQ:16,136,3,-30,195
IQ:17,144,255,190,50
IQ:18,152,9,46,-113
IQ:19,160,255,-125,1
IQ:20,168,4,-23,122
IQ:21,176,255,85,-25
IQ:22,184,8,-178,-107
IQ:23,192,255,-129,166
IQ:24,200,7,146,86
IQ:25,208,255,117,-152
IQ:26,216,6,-115,-119
IQ:27,224,255,-70,120
IQ:28,232,5,199,19
IQ:29,240,255,25,-207
IQ:30,248,12,-199,17
IQ:31,256,255,7,223
IQ:32,264,1,210,36
IQ:33,272,255,10,-201
IQ:34,280,2,-244,17
IQ:35,288,255,27,213
SW:2
RR:3
SS:3
FR:2426
ME:359
MA:353
KE:3
KA:0
DF_END

Data arrived...
DF_BEGIN
IQ:0,0,11,-146,67
IQ:1,8,11,90,137
IQ:2,16,11,124,-98
IQ:3,24,11,-108,-111
IQ:4,32,11,-100,120
IQ:5,40,11,125,80
IQ:6,48,11,82,-129
IQ:7,56,11,-142,-61
IQ:8,72,12,157,86
IQ:9,80,255,66,-156
IQ:10,88,1,-172,-51
IQ:11,96,255,-38,176
IQ:12,104,2,185,14
IQ:13,112,255,1,-197
IQ:14,120,10,-224,-3
IQ:15,128,255,2,224
IQ:16,136,3,246,-27
IQ:17,144,255,9,-274
IQ:18,152,9,-214,-102
IQ:19,160,255,-54,191
IQ:20,168,4,185,55
IQ:21,176,255,20,-119
IQ:22,184,8,-44,122
IQ:23,192,255,138,72
IQ:24,200,7,56,-70
IQ:25,208,255,-130,-48
IQ:26,216,6,-109,154
IQ:27,224,255,122,95
IQ:28,232,5,2,-111
IQ:29,240,255,-153,8
IQ:30,248,12,3,183
IQ:31,256,255,186,-14
IQ:32,264,1,-39,-174
IQ:33,272,255,-174,30
IQ:34,280,2,65,165
IQ:35,288,255,156,-81
SW:2
RR:3
SS:3
FR:2402
ME:2
MA:5
KE:3
KA:0
DF_END

Data arrived...
DF_BEGIN
IQ:0,0,11,-29,187
IQ:1,8,11,188,2
IQ:2,16,11,-6,-196
IQ:3,24,11,-189,23
IQ:4,32,11,41,176
IQ:5,40,11,167,-62
IQ:6,48,11,-98,-192
IQ:7,56,11,-186,79
IQ:8,72,12,138,-186
IQ:9,80,255,-142,-113
IQ:10,88,1,-66,129
IQ:11,96,255,109,42
IQ:12,104,2,2,-98
IQ:13,112,255,-109,-69
IQ:14,120,10,-84,-161
IQ:15,128,255,-102,-47
IQ:16,136,3,-32,-73
IQ:17,144,255,-36,42
IQ:18,152,9,115,16
IQ:19,160,255,18,-149
IQ:20,168,4,-187,-63
IQ:21,176,255,-100,173
IQ:22,184,8,93,129
IQ:23,192,255,83,-124
IQ:24,200,7,-148,-127
IQ:25,208,255,-98,104
IQ:26,216,6,114,14
IQ:27,224,255,7,-122
IQ:28,232,5,-83,28
IQ:29,240,255,61,117
IQ:30,248,12,213,55
IQ:31,256,255,33,-167
IQ:32,264,1,-147,0
IQ:33,272,255,-3,128
IQ:34,280,2,92,-35
IQ:35,288,255,-71,-127
SW:2
RR:3
SS:3
FR:2480
ME:356
MA:5
KE:2
KA:1
DF_END

Data arrived...
DF_BEGIN
IQ:0,0,11,-74,161
IQ:1,8,11,168,56
IQ:2,16,11,36,-178
IQ:3,24,11,-182,-28
IQ:4,32,11,-17,180
IQ:5,40,11,179,-11
IQ:6,48,11,-22,-173
IQ:7,56,11,-177,39
IQ:8,72,12,164,-108
IQ:9,80,255,-105,-196
IQ:10,88,1,-196,61
IQ:11,96,255,87,175
IQ:12,104,2,215,-130
IQ:13,112,255,-135,-201
IQ:14,120,10,-234,141
IQ:15,128,255,108,207
IQ:16,136,3,154,-127
IQ:17,144,255,-120,-144
IQ:18,152,9,-92,63
IQ:19,160,255,93,69
IQ:20,168,4,92,-87
IQ:21,176,255,-88,-24
IQ:22,184,8,97,181
IQ:23,192,255,194,-63
IQ:24,200,7,-68,-152
IQ:25,208,255,-177,66
IQ:26,216,6,24,165
IQ:27,224,255,121,-61
IQ:28,232,5,-158,-131
IQ:29,240,255,-147,139
IQ:30,248,12,166,100
IQ:31,256,255,133,-178
IQ:32,264,1,-149,-152
IQ:33,272,255,-124,152
IQ:34,280,2,212,113
IQ:35,288,255,89,-190
SW:2
RR:3
SS:3
FR:2426
ME:359
MA:353
KE:1
KA:0
DF_END

Data arrived...
DF_BEGIN
IQ:0,0,11,5,-178
IQ:1,8,11,-187,4
IQ:2,16,11,19,191
IQ:3,24,11,176,-32
IQ:4,32,11,-70,-177
IQ:5,40,11,-169,77
IQ:6,48,11,79,167
IQ:7,56,11,151,-102
IQ:8,72,12,-118,162
IQ:9,80,255,170,144
IQ:10,88,1,161,-136
IQ:11,96,255,-157,-130
IQ:12,104,2,-147,208
IQ:13,112,255,205,134
IQ:14,120,10,167,-216
IQ:15,128,255,-187,-140
IQ:16,136,3,-83,184
IQ:17,144,255,167,90
IQ:18,152,9,64,-97
IQ:19,160,255,-116,-41
IQ:20,168,4,-48,115
IQ:21,176,255,85,-9
IQ:22,184,8,-145,-151
IQ:23,192,255,-157,133
IQ:24,200,7,122,121
IQ:25,208,255,134,-138
IQ:26,216,6,-94,-153
IQ:27,224,255,-102,105
IQ:28,232,5,191,63
IQ:29,240,255,73,-191
IQ:30,248,12,-200,-28
IQ:31,256,255,-47,223
IQ:32,264,1,191,83
IQ:33,272,255,57,-198
IQ:34,280,2,-246,-54
IQ:35,288,255,-51,213
SW:2
RR:3
SS:3
FR:2426
ME:359
MA:353
KE:1
KA:359
DF_END

Data arrived...
DF_BEGIN
IQ:0,0,11,61,-141
IQ:1,8,11,-150,-50
IQ:2,16,11,-30,148
IQ:3,24,11,160,17
IQ:4,32,11,-3,-156
IQ:5,40,11,-155,19
IQ:6,48,11,26,158
IQ:7,56,11,151,-43
IQ:8,72,12,-169,66
IQ:9,80,255,66,184
IQ:10,88,1,163,-63
IQ:11,96,255,-90,-163
IQ:12,104,2,-149,104
IQ:13,112,255,131,150
IQ:14,120,10,178,-156
IQ:15,128,255,-144,-174
IQ:16,136,3,-169,186
IQ:17,144,255,190,201
IQ:18,152,9,213,-102
IQ:19,160,255,-100,-185
IQ:20,168,4,-178,95
IQ:21,176,255,70,104
IQ:22,184,8,-27,-119
IQ:23,192,255,-160,10
IQ:24,200,7,0,95
IQ:25,208,255,123,-53
IQ:26,216,6,-3,-197
IQ:27,224,255,-155,-2
IQ:28,232,5,65,92
IQ:29,240,255,106,-107
IQ:30,248,12,-127,-136
IQ:31,256,255,-146,118
IQ:32,264,1,138,106
IQ:33,272,255,117,-144
IQ:34,280,2,-148,-85
IQ:35,288,255,-69,157
SW:2
RR:3
SS:3
FR:2402
ME:2
MA:5
KE:1
KA:0
DF_END