RR:3
SS:3
FR:2480
ME:356
MA:5
KE:358
KA:2
DF_END

Data arrived...
DF_BEGIN
IQ:0,0,11,151,83
IQ:1,8,11,80,-163
IQ:2,16,11,-163,-67
IQ:3,24,11,-54,164
IQ:4,32,11,173,28
IQ:5,40,11,17,-177
IQ:6,48,11,-173,-1
IQ:7,56,11,20,176
IQ:8,72,12,-94,-176
IQ:9,80,255,-213,90
IQ:10,88,1,42,205
IQ:11,96,255,186,-60
IQ:12,104,2,-122,-207
IQ:13,112,255,-216,106
IQ:14,120,10,111,240
IQ:15,128,255,204,-106
IQ:16,136,3,-135,-161
IQ:17,144,255,-173,114
IQ:18,152,9,67,101
IQ:19,160,255,81,-91
IQ:20,168,4,-74,-106
IQ:21,176,255,-56,71
IQ:22,184,8,192,-68
IQ:23,192,255,-48,-204
IQ:24,200,7,-165,60
IQ:25,208,255,60,186
IQ:26,216,6,164,-11
IQ:27,224,255,-44,-132
IQ:28,232,5,-140,147
IQ:29,240,255,131,144
IQ:30,248,12,116,-169
IQ:31,256,255,-169,-143
IQ:32,264,1,-155,141
IQ:33,272,255,147,126
IQ:34,280,2,127,-213
IQ:35,288,255,-178,-119
SW:2
RR:3
SS:3
FR:2426
ME:359
MA:353
KE:358
KA:1
DF_END

Data arrived...
DF_BEGIN
IQ:0,0,11,167,80
IQ:1,8,11,54,-171
IQ:2,16,11,-182,-31
IQ:3,24,11,-22,184
IQ:4,32,11,179,5
IQ:5,40,11,-26,-180
IQ:6,48,11,-180,1
IQ:7,56,11,25,171
IQ:8,72,12,-102,-183
IQ:9,80,255,-212,103
IQ:10,88,1,60,202
IQ:11,96,255,169,-92
IQ:12,104,2,-129,-209
IQ:13,112,255,-209,133
IQ:14,120,10,121,239
IQ:15,128,255,202,-106
IQ:16,136,3,-147,-148
IQ:17,144,255,-159,120
IQ:18,152,9,68,97
IQ:19,160,255,82,-99
IQ:20,168,4,-86,-105
IQ:21,176,255,-31,91
IQ:22,184,8,190,-83
IQ:23,192,255,-70,-193
IQ:24,200,7,-163,76
IQ:25,208,255,76,185
IQ:26,216,6,168,-38
IQ:27,224,255,-61,-122
IQ:28,232,5,-136,162
IQ:29,240,255,148,140
IQ:30,248,12,94,-188
IQ:31,256,255,-200,-123
IQ:32,264,1,-137,161
IQ:33,272,255,169,111
IQ:34,280,2,110,-217
IQ:35,288,255,-195,-101
SW:2
RR:3
SS:3
FR:2426
ME:359
MA:353
KE:358
KA:0
DF_END

Data arrived...
DF_BEGIN
IQ:0,0,11,-58,170
IQ:1,8,11,166,49
IQ:2,16,11,32,-177
IQ:3,24,11,-180,-6
IQ:4,32,11,17,183
IQ:5,40,11,170,-28
IQ:6,48,11,-36,-176
IQ:7,56,11,-173,58
IQ:8,72,12,188,-51
IQ:9,80,255,-71,-192
IQ:10,88,1,-182,85
IQ:11,96,255,105,175
IQ:12,104,2,155,-134
IQ:13,112,255,-158,-168
IQ:14,120,10,-190,161
IQ:15,128,255,163,161
IQ:16,136,3,181,-206
IQ:17,144,255,-212,-197
IQ:18,152,9,-216,119
IQ:19,160,255,118,160
IQ:20,168,4,166,-122
IQ:21,176,255,-102,-89
IQ:22,184,8,57,134
IQ:23,192,255,171,-40
IQ:24,200,7,-15,-103
IQ:25,208,255,-142,56
IQ:26,216,6,24,218
IQ:27,224,255,166,0
IQ:28,232,5,-84,-97
IQ:29,240,255,-100,132
IQ:30,248,12,150,133
IQ:31,256,255,130,-156
IQ:32,264,1,-169,-103
IQ:33,272,255,-95,182
IQ:34,280,2,200,52
IQ:35,288,255,48,-192
SW:2
RR:3
SS:3
FR:2402
ME:2
MA:5
KE:359
KA:0
DF_END

Data arrived...
DF_BEGIN
IQ:0,0,11,70,144
IQ:1,8,11,140,-70
IQ:2,16,11,-77,-114
IQ:3,24,11,-102,106
IQ:4,32,11,120,106
IQ:5,40,11,89,-116
IQ:6,48,11,-130,-64
IQ:7,56,11,-50,149
IQ:8,72,12,16,-166
IQ:9,80,255,-126,-20
IQ:10,88,1,19,91
IQ:11,96,255,91,-16
IQ:12,104,2,-27,-65
IQ:13,112,255,-78,11
IQ:14,120,10,-94,-40
IQ:15,128,255,-52,-1
IQ:16,136,3,-35,-38
IQ:17,144,255,-4,39
IQ:18,152,9,101,-11
IQ:19,160,255,-22,-94
IQ:20,168,4,-113,20
IQ:21,176,255,12,137
IQ:22,184,8,124,45
IQ:23,192,255,13,-98
IQ:24,200,7,-130,7
IQ:25,208,255,12,101
IQ:26,216,6,84,-40
IQ:27,224,255,-35,-75
IQ:28,232,5,-31,32
IQ:29,240,255,84,46
IQ:30,248,12,150,-82
IQ:31,256,255,-53,-120
IQ:32,264,1,-66,58
IQ:33,272,255,67,69
IQ:34,280,2,56,-47
IQ:35,288,255,-88,-26
SW:2
RR:3
SS:3
FR:2480
ME:359
MA:5
KE:359
KA:1
DF_END

Data arrived...
DF_BEGIN
IQ:0,0,11,-67,-163
IQ:1,8,11,-154,78
IQ:2,16,11,113,145
IQ:3,24,11,135,-110
IQ:4,32,11,-132,-127
IQ:5,40,11,-129,136
IQ:6,48,11,141,107
IQ:7,56,11,88,-161
IQ:8,72,12,-61,195
IQ:9,80,255,209,91
IQ:10,88,1,98,-179
IQ:11,96,255,-186,-58
IQ:12,104,2,-28,245
IQ:13,112,255,248,34
IQ:14,120,10,61,-253
IQ:15,128,255,-218,-52
IQ:16,136,3,3,208
IQ:17,144,255,192,9
IQ:18,152,9,20,-106
IQ:19,160,255,-113,17
IQ:20,168,4,6,124
IQ:21,176,255,80,-39
IQ:22,184,8,-193,-59
IQ:23,192,255,-84,187
IQ:24,200,7,163,48
IQ:25,208,255,62,-177
IQ:26,216,6,-137,-87
IQ:27,224,255,-37,131
IQ:28,232,5,195,-31
IQ:29,240,255,-37,-203
IQ:30,248,12,-195,66
IQ:31,256,255,47,221
IQ:32,264,1,212,-6
IQ:33,272,255,-18,-194
IQ:34,280,2,-244,70
IQ:35,288,255,60,191
SW:2
RR:3
SS:3
FR:2426
ME:359
MA:353
KE:359
KA:0
DF_END

Data arrived...
DF_BEGIN
IQ:0,0,11,190,37
IQ:1,8,11,23,-192
IQ:2,16,11,-185,7
IQ:3,24,11,25,189
IQ:4,32,11,192,-37
IQ:5,40,11,-51,-175
IQ:6,48,11,-171,85
IQ:7,56,11,90,159
IQ:8,72,12,-86,-197
IQ:9,80,255,-191,95
IQ:10,88,1,122,161
IQ:11,96,255,162,-130
IQ:12,104,2,-173,-127
IQ:13,112,255,-153,179
IQ:14,120,10,185,167
IQ:15,128,255,141,-195
IQ:16,136,3,-241,-113
IQ:17,144,255,-139,273
IQ:18,152,9,163,196
IQ:19,160,255,158,-167
IQ:20,168,4,-142,-151
IQ:21,176,255,-81,112
IQ:22,184,8,130,-77
IQ:23,192,255,-76,-168
IQ:24,200,7,-109,30
IQ:25,208,255,70,142
IQ:26,216,6,196,-74
IQ:27,224,255,-68,-166
IQ:28,232,5,-73,116
IQ:29,240,255,162,79
IQ:30,248,12,97,-188
IQ:31,256,255,-183,-96
IQ:32,264,1,-74,179
IQ:33,272,255,197,67
IQ:34,280,2,29,-213
IQ:35,288,255,-195,-29
SW:2
RR:3
SS:3
FR:2402
ME:2
MA:5
KE:359
KA:0
DF_END

Data arrived...
DF_BEGIN
IQ:0,0,11,48,-174
IQ:1,8,11,-179,-22
IQ:2,16,11,-13,182
IQ:3,24,11,175,-10
IQ:4,32,11,-20,-184
IQ:5,40,11,-168,32
IQ:6,48,11,44,175
IQ:7,56,11,161,-70
IQ:8,72,12,-187,65
IQ:9,80,255,95,185
IQ:10,88,1,172,-100
IQ:11,96,255,-110,-163
IQ:12,104,2,-128,157
IQ:13,112,255,183,138
IQ:14,120,10,173,-177
IQ:15,128,255,-172,-155
IQ:16,136,3,-157,223
IQ:17,144,255,224,191
IQ:18,152,9,208,-144
IQ:19,160,255,-138,-172
IQ:20,168,4,-145,149
IQ:21,176,255,123,90
IQ:22,184,8,-59,-131
IQ:23,192,255,-170,42
IQ:24,200,7,20,105
IQ:25,208,255,136,-68
IQ:26,216,6,-40,-217
IQ:27,224,255,-173,33
IQ:28,232,5,99,90
IQ:29,240,255,96,-151
IQ:30,248,12,-156,-136
IQ:31,256,255,-142,163
IQ:32,264,1,152,109
IQ:33,272,255,90,-168
IQ:34,280,2,-196,-60
IQ:35,288,255,-35,187
SW:2
RR:3
SS:3
FR:2402
ME:2
MA:5
KE:359
KA:1
DF_END

Data arrived...
DF_BEGIN
IQ:0,0,11,-139,-49
IQ:1,8,11,-39,151
IQ:2,16,11,155,30
IQ:3,24,11,17,-154
IQ:4,32,11,-153,-7
IQ:5,40,11,19,150
IQ:6,48,11,147,-35
IQ:7,56,11,-36,-153
IQ:8,72,12,115,125
IQ:9,80,255,117,-81
IQ:10,88,1,-63,-64
IQ:11,96,255,-52,79
IQ:12,104,2,73,32
IQ:13,112,255,66,-60
IQ:14,120,10,98,-27
IQ:15,128,255,43,-26
IQ:16,136,3,67,9
IQ:17,144,255,-7,-43
IQ:18,152,9,-64,67
IQ:19,160,255,84,78
IQ:20,168,4,99,-87
IQ:21,176,255,-87,-95
IQ:22,184,8,-106,52
IQ:23,192,255,71,85
IQ:24,200,7,105,-92
IQ:25,208,255,-60,-81
IQ:26,216,6,-35,88
IQ:27,224,255,88,34
IQ:28,232,5,22,-47
IQ:29,240,255,-89,11
IQ:30,248,12,-66,147
IQ:31,256,255,128,58
IQ:32,264,1,18,-91
IQ:33,272,255,-86,-9
IQ:34,280,2,-1,75
IQ:35,288,255,101,-24
SW:2
RR:3
SS:3
FR:2480
ME:356
MA:5
KE:359
KA:1
DF_END

Data arrived...
DF_BEGIN
IQ:0,0,11,38,-142
IQ:1,8,11,-162,-31
IQ:2,16,11,-16,160
IQ:3,24,11,143,-2
IQ:4,32,11,-13,-166
IQ:5,40,11,-155,26
IQ:6,48,11,55,149
IQ:7,56,11,146,-52
IQ:8,72,12,-108,125
IQ:9,80,255,98,112
IQ:10,88,1,58,-71
IQ:11,96,255,-90,-47
IQ:12,104,2,-26,78
IQ:13,112,255,59,69
IQ:14,120,10,48,85
IQ:15,128,255,37,29
IQ:16,136,3,-3,67
IQ:17,144,255,38,-12
IQ:18,152,9,-68,-58
IQ:19,160,255,-51,87
IQ:20,168,4,95,85
IQ:21,176,255,77,-118
IQ:22,184,8,-81,-105
IQ:23,192,255,-69,90
IQ:24,200,7,103,105
IQ:25,208,255,69,-82
IQ:26,216,6,-88,-16
IQ:27,224,255,-43,90
IQ:28,232,5,53,24
IQ:29,240,255,-27,-85
IQ:30,248,12,-176,-53
IQ:31,256,255,-61,120
IQ:32,264,1,94,11
IQ:33,272,255,-14,-78
IQ:34,280,2,-86,8
IQ:35,288,255,43,95
SW:2
RR:3
SS:3
FR:2480
ME:356
MA:5
KE:359
KA:1
DF_END

Data arrived...
DF_BEGIN
IQ:0,0,11,151,-99
IQ:1,8,11,-113,-153
IQ:2,16,11,-143,118
IQ:3,24,11,132,139
IQ:4,32,11,129,-139
IQ:5,40,11,-136,-124
IQ:6,48,11,-111,151
IQ:7,56,11,168,84
IQ:8,72,12,-186,-92
IQ:9,80,255,-90,196
IQ:10,88,1,194,70
IQ:11,96,255,44,-203
IQ:12,104,2,-216,-8
IQ:13,112,255,7,227
IQ:14,120,10,250,23
IQ:15,128,255,8,-238
IQ:16,136,3,-269,27
IQ:17,144,255,15,295
IQ:18,152,9,263,59
IQ:19,160,255,30,-231
IQ:20,168,4,-212,-20
IQ:21,176,255,14,141
IQ:22,184,8,56,-141
IQ:23,192,255,-156,-107
IQ:24,200,7,-84,84
IQ:25,208,255,137,73
IQ:26,216,6,136,-168
IQ:27,224,255,-140,-110
IQ:28,232,5,0,135
IQ:29,240,255,179,-31
IQ:30,248,12,1,-202
IQ:31,256,255,-214,15
IQ:32,264,1,32,199
IQ:33,272,255,194,-40
IQ:34,280,2,-95,-184
IQ:35,288,255,-168,105
SW:2
RR:3
SS:3
FR:2402
ME:359
MA:5
KE:359
KA:2
DF_END

Data arrived...
DF_BEGIN
IQ:0,0,11,-167,-70
IQ:1,8,11,-65,168
IQ:2,16,11,167,40
IQ:3,24,11,12,-177
IQ:4,32,11,-187,-1
IQ:5,40,11,-9,183
IQ:6,48,11,171,-15
IQ:7,56,11,-44,-168
IQ:8,72,12,109,158
IQ:9,80,255,136,-74
IQ:10,88,1,-80,-86
IQ:11,96,255,-69,78
IQ:12,104,2,73,49
IQ:13,112,255,64,-63
IQ:14,120,10,114,-22
IQ:15,128,255,57,-34
IQ:16,136,3,67,11
IQ:17,144,255,-23,-38
IQ:18,152,9,-69,87
IQ:19,160,255,104,72
IQ:20,168,4,105,-114
IQ:21,176,255,-114,-112
IQ:22,184,8,-133,61
IQ:23,192,255,67,104
IQ:24,200,7,134,-80
IQ:25,208,255,-69,-105
IQ:26,216,6,-40,91
IQ:27,224,255,94,49
IQ:28,232,5,6,-56
IQ:29,240,255,-108,10
IQ:30,248,12,-101,166
IQ:31,256,255,131,81
IQ:32,264,1,29,-101
IQ:33,272,255,-107,-7
IQ:34,280,2,-7,89
IQ:35,288,255,110,-27
SW:2
RR:3
SS:3
FR:2480
ME:356
MA:5
KE:358
KA:2
DF_END

Data arrived...
DF_BEGIN
IQ:0,0,11,155,71
IQ:1,8,11,68,-160
IQ:2,16,11,-161,-43
IQ:3,24,11,-29,173
IQ:4,32,11,171,-3
IQ:5,40,11,-13,-185
IQ:6,48,11,-167,12
IQ:7,56,11,36,170
IQ:8,72,12,-104,-170
IQ:9,80,255,-194,83
IQ:10,88,1,59,192
IQ:11,96,255,173,-84
IQ:12,104,2,-129,-190
IQ:13,112,255,-197,136
IQ:14,120,10,124,230
IQ:15,128,255,196,-97
IQ:16,136,3,-136,-148
IQ:17,144,255,-158,108
IQ:18,152,9,46,91
IQ:19,160,255,67,-94
IQ:20,168,4,-86,-91
IQ:21,176,255,-27,90
IQ:22,184,8,187,-76
IQ:23,192,255,-54,-196
IQ:24,200,7,-143,67
IQ:25,208,255,58,177
IQ:26,216,6,162,-4
IQ:27,224,255,-47,-121
IQ:28,232,5,-137,150
IQ:29,240,255,152,128
IQ:30,248,12,97,-166
IQ:31,256,255,-180,-119
IQ:32,264,1,-157,140
IQ:33,272,255,144,117
IQ:34,280,2,123,-205
IQ:35,288,255,-175,-127
SW:2
RR:3
SS:3
FR:2426
ME:2
MA:5
KE:359
KA:2
DF_END

Data arrived...
DF_BEGIN
IQ:0,0,11,-165,-45
IQ:1,8,11,-11,163
IQ:2,16,11,174,-5
IQ:3,24,11,-13,-172
IQ:4,32,11,-168,23
IQ:5,40,11,40,167
IQ:6,48,11,151,-66
IQ:7,56,11,-81,-157
IQ:8,72,12,139,137
IQ:9,80,255,168,-134
IQ:10,88,1,-96,-180
IQ:11,96,255,-152,108
IQ:12,104,2,168,167
IQ:13,112,255,167,-173
IQ:14,120,10,-174,-194
IQ:15,128,255,-165,147
IQ:16,136,3,166,113
IQ:17,144,255,131,-139
IQ:18,152,9,-78,-65
IQ:19,160,255,-48,100
IQ:20,168,4,92,81
IQ:21,176,255,10,-80
IQ:22,184,8,-164,120
IQ:23,192,255,107,168
IQ:24,200,7,125,-102
IQ:25,208,255,-106,-151
IQ:26,216,6,-157,52
IQ:27,224,255,75,99
IQ:28,232,5,87,-185
IQ:29,240,255,-169,-103
IQ:30,248,12,-71,189
IQ:31,256,255,194,93
IQ:32,264,1,108,-164
IQ:33,272,255,-166,-83
IQ:34,280,2,-64,227
IQ:35,288,255,192,64
SW:2
RR:3
SS:3
FR:2426
ME:359
MA:353
KE:359
KA:1
DF_END

Data arrived...
DF_BEGIN
IQ:0,0,11,188,11
IQ:1,8,11,4,-192
IQ:2,16,11,-186,16
IQ:3,24,11,29,188
IQ:4,32,11,175,-54
IQ:5,40,11,-67,-175
IQ:6,48,11,-178,66
IQ:7,56,11,90,166
IQ:8,72,12,-106,-184
IQ:9,80,255,-190,110
IQ:10,88,1,115,166
IQ:11,96,255,161,-136
IQ:12,104,2,-171,-131
IQ:13,112,255,-134,186
IQ:14,120,10,203,155
IQ:15,128,255,131,-207
IQ:16,136,3,-251,-117
IQ:17,144,255,-147,261
IQ:18,152,9,176,193
IQ:19,160,255,150,-182
IQ:20,168,4,-161,-148
IQ:21,176,255,-81,121
IQ:22,184,8,123,-94
IQ:23,192,255,-83,-174
IQ:24,200,7,-112,35
IQ:25,208,255,102,130
IQ:26,216,6,202,-91
IQ:27,224,255,-73,-168
IQ:28,232,5,-84,124
IQ:29,240,255,153,91
IQ:30,248,12,109,-189
IQ:31,256,255,-188,-98
IQ:32,264,1,-83,186
IQ:33,272,255,190,64
IQ:34,280,2,12,-217
IQ:35,288,255,-201,-28
SW:2
RR:3
SS:3
FR:2402
ME:2
MA:5
KE:359
KA:2
DF_END

Data arrived...
DF_BEGIN
IQ:0,0,11,-78,197
IQ:1,8,11,211,66
IQ:2,16,11,57,-214
IQ:3,24,11,-212,-22
IQ:4,32,11,1,207
IQ:5,40,11,215,-17
IQ:6,48,11,-48,-222
IQ:7,56,11,-205,71
IQ:8,72,12,180,-161
IQ:9,80,255,-109,-154
IQ:10,88,1,-93,89
IQ:11,96,255,115,49
IQ:12,104,2,41,-101
IQ:13,112,255,-86,-87
IQ:14,120,10,-39,-160
IQ:15,128,255,-66,-69
IQ:16,136,3,18,-87
IQ:17,144,255,-43,23
IQ:18,152,9,111,73
IQ:19,160,255,81,-147
IQ:20,168,4,-146,-124
IQ:21,176,255,-130,133
IQ:22,184,8,81,157
IQ:23,192,255,109,-97
IQ:24,200,7,-129,-130
IQ:25,208,255,-107,105
IQ:26,216,6,124,35
IQ:27,224,255,50,-119
IQ:28,232,5,-65,0
IQ:29,240,255,28,120
IQ:30,248,12,221,93
IQ:31,256,255,89,-171
IQ:32,264,1,-131,-21
IQ:33,272,255,-6,125
IQ:34,280,2,101,0
IQ:35,288,255,-55,-142
SW:2
RR:3
SS:3
FR:2480
ME:356
MA:5
KE:359
KA:2
DF_END

Data arrived...
DF_BEGIN
IQ:0,0,11,-75,-149
IQ:1,8,11,-145,104
IQ:2,16,11,112,144
IQ:3,24,11,126,-113
IQ:4,32,11,-136,-102
IQ:5,40,11,-94,152
IQ:6,48,11,155,91
IQ:7,56,11,72,-160
IQ:8,72,12,-7,196
IQ:9,80,255,156,19
IQ:10,88,1,-11,-105
IQ:11,96,255,-79,31
IQ:12,104,2,46,77
IQ:13,112,255,98,-2
IQ:14,120,10,131,49
IQ:15,128,255,75,-4
IQ:16,136,3,47,53
IQ:17,144,255,6,-25
IQ:18,152,9,-94,43
IQ:19,160,255,46,126
IQ:20,168,4,148,-26
IQ:21,176,255,-18,-149
IQ:22,184,8,-139,-40
IQ:23,192,255,-1,125
IQ:24,200,7,156,2
IQ:25,208,255,8,-117
IQ:26,216,6,-77,56
IQ:27,224,255,39,99
IQ:28,232,5,34,-35
IQ:29,240,255,-92,-43
IQ:30,248,12,-172,94
IQ:31,256,255,58,140
IQ:32,264,1,91,-63
IQ:33,272,255,-82,-56
IQ:34,280,2,-29,83
IQ:35,288,255,119,36
SW:2
RR:3
SS:3
FR:2480
ME:356
MA:5
KE:358
KA:2
DF_END

Data arrived...
DF_BEGIN
IQ:0,0,11,136,95
IQ:1,8,11,61,-149
IQ:2,16,11,-162,-51
IQ:3,24,11,-33,174
IQ:4,32,11,173,39
IQ:5,40,11,32,-166
IQ:6,48,11,-163,-3
IQ:7,56,11,31,171
IQ:8,72,12,-76,-186
IQ:9,80,255,-208,66
IQ:10,88,1,22,202
IQ:11,96,255,187,-53
IQ:12,104,2,-91,-221
IQ:13,112,255,-216,89
IQ:14,120,10,83,250
IQ:15,128,255,205,-69
IQ:16,136,3,-122,-166
IQ:17,144,255,-171,96
IQ:18,152,9,40,102
IQ:19,160,255,78,-88
IQ:20,168,4,-72,-107
IQ:21,176,255,-41,82
IQ:22,184,8,191,-76
IQ:23,192,255,-34,-203
IQ:24,200,7,-154,53
IQ:25,208,255,48,183
IQ:26,216,6,162,11
IQ:27,224,255,-45,-129
IQ:28,232,5,-146,146
IQ:29,240,255,121,152
IQ:30,248,12,119,-157
IQ:31,256,255,-171,-135
IQ:32,264,1,-168,126
IQ:33,272,255,129,138
IQ:34,280,2,143,-194
IQ:35,288,255,-162,-125
SW:2
RR:3
SS:3
FR:2426
ME:359
MA:353
KE:358
KA:1
DF_END

Data arrived...
DF_BEGIN
IQ:0,0,11,136,111
IQ:1,8,11,96,-162
IQ:2,16,11,-173,-95
IQ:3,24,11,-85,171
IQ:4,32,11,174,63
IQ:5,40,11,54,-180
IQ:6,48,11,-182,-23
IQ:7,56,11,-4,192
IQ:8,72,12,-5,-224
IQ:9,80,255,-221,13
IQ:10,88,1,45,200
IQ:11,96,255,203,-51
IQ:12,104,2,-78,-201
IQ:13,112,255,-216,87
IQ:14,120,10,103,233
IQ:15,128,255,214,-117
IQ:16,136,3,-167,-225
IQ:17,144,255,-250,166
IQ:18,152,9,62,269
IQ:19,160,255,231,-53
IQ:20,168,4,-84,-207
IQ:21,176,255,-127,74
IQ:22,184,8,147,6
IQ:23,192,255,14,-198
IQ:24,200,7,-118,-31
IQ:25,208,255,4,165
IQ:26,216,6,223,37
IQ:27,224,255,26,-185
IQ:28,232,5,-133,66
IQ:29,240,255,106,149
IQ:30,248,12,186,-112
IQ:31,256,255,-106,-185
IQ:32,264,1,-169,126
IQ:33,272,255,131,165
IQ:34,280,2,130,-165
IQ:35,288,255,-171,-122
SW:2
RR:3
SS:3
FR:2402
ME:2
MA:5
KE:359
KA:2
DF_END

Data arrived...
DF_BEGIN
IQ:0,0,11,-21,-185
IQ:1,8,11,-185,40
IQ:2,16,11,64,177
IQ:3,24,11,181,-72
IQ:4,32,11,-76,-171
IQ:5,40,11,-168,96
IQ:6,48,11,101,155
IQ:7,56,11,131,-131
IQ:8,72,12,-148,164
IQ:9,80,255,160,165
IQ:10,88,1,130,-156
IQ:11,96,255,-180,-121
IQ:12,104,2,-77,183
IQ:13,112,255,222,73
IQ:14,120,10,116,-243
IQ:15,128,255,-224,-85
IQ:16,136,3,-53,275
IQ:17,144,255,285,72
IQ:18,152,9,150,-223
IQ:19,160,255,-210,-105
IQ:20,168,4,-80,202
IQ:21,176,255,154,32
IQ:22,184,8,-114,-97
IQ:23,192,255,-146,122
IQ:24,200,7,64,111
IQ:25,208,255,104,-124
IQ:26,216,6,-135,-192
IQ:27,224,255,-144,111
IQ:28,232,5,132,44
IQ:29,240,255,42,-181
IQ:30,248,12,-210,-79
IQ:31,256,255,-49,209
IQ:32,264,1,203,19
IQ:33,272,255,20,-209
IQ:34,280,2,-219,16
IQ:35,288,255,25,193
SW:2
RR:3
SS:3
FR:2402
ME:359
MA:5
KE:359
KA:2
DF_END

Data arrived...
DF_BEGIN
IQ:0,0,11,171,-147
IQ:1,8,11,-139,-172
IQ:2,16,11,-125,164
IQ:3,24,11,212,94
IQ:4,32,11,93,-207
IQ:5,40,11,-212,-89
IQ:6,48,11,-67,207
IQ:7,56,11,219,35
IQ:8,72,12,-239,26
IQ:9,80,255,24,186
IQ:10,88,1,131,-68
IQ:11,96,255,-66,-119
IQ:12,104,2,-83,59
IQ:13,112,255,49,106
IQ:14,120,10,-20,155
IQ:15,128,255,14,76
IQ:16,136,3,-36,70
IQ:17,144,255,59,-13
IQ:18,152,9,-57,-132
IQ:19,160,255,-141,66
IQ:20,168,4,74,160
IQ:21,176,255,201,-80
IQ:22,184,8,14,-182
IQ:23,192,255,-145,31
IQ:24,200,7,34,180
IQ:25,208,255,141,-40
IQ:26,216,6,-102,-111
IQ:27,224,255,-102,63
IQ:28,232,5,69,23
IQ:29,240,255,40,-152
IQ:30,248,12,-148,-198
IQ:31,256,255,-154,93
IQ:32,264,1,126,75
IQ:33,272,255,60,-121
IQ:34,280,2,-90,-37
IQ:35,288,255,0,135
SW:2
RR:3
SS:3
FR:2480
ME:356
MA:5
KE:358
KA:2
DF_END

Data arrived...
DF_BEGIN
IQ:0,0,11,-164,-71
IQ:1,8,11,-39,180
IQ:2,16,11,175,29
IQ:3,24,11,0,-182
IQ:4,32,11,-188,13
IQ:5,40,11,24,173
IQ:6,48,11,182,-36
IQ:7,56,11,-54,-170
IQ:8,72,12,79,190
IQ:9,80,255,209,-77
IQ:10,88,1,-97,-174
IQ:11,96,255,-182,108
IQ:12,104,2,139,151
IQ:13,112,255,162,-172
IQ:14,120,10,-171,-189
IQ:15,128,255,-158,177
IQ:16,136,3,218,161
IQ:17,144,255,188,-232
IQ:18,152,9,-143,-225
IQ:19,160,255,-190,131
IQ:20,168,4,137,165
IQ:21,176,255,100,-114
IQ:22,184,8,-132,57
IQ:23,192,255,68,173
IQ:24,200,7,114,-13
IQ:25,208,255,-60,-148
IQ:26,216,6,-221,28
IQ:27,224,255,18,172
IQ:28,232,5,96,-103
IQ:29,240,255,-144,-106
IQ:30,248,12,-136,153
IQ:31,256,255,162,138
IQ:32,264,1,113,-169
IQ:33,272,255,-173,-118
IQ:34,280,2,-65,191
IQ:35,288,255,186,30
SW:2
RR:3
SS:3
FR:2402
ME: