IQ:9,80,255,83,92
IQ:10,88,1,85,-125
IQ:11,96,255,-113,-70
IQ:12,104,2,-48,191
IQ:13,112,255,179,71
IQ:14,120,10,88,-190
IQ:15,128,255,-178,-84
IQ:16,136,3,-64,180
IQ:17,144,255,221,105
IQ:18,152,9,168,-111
IQ:19,160,255,-87,-134
IQ:20,168,4,-92,43
IQ:21,176,255,58,17
IQ:22,184,8,-82,-108
IQ:23,192,255,-115,79
IQ:24,200,7,83,67
IQ:25,208,255,105,-118
IQ:26,216,6,-61,-155
IQ:27,224,255,-90,38
IQ:28,232,5,119,23
IQ:29,240,255,61,-131
IQ:30,248,12,-135,-43
IQ:31,256,255,-60,127
IQ:32,264,1,141,22
IQ:33,272,255,30,-140
IQ:34,280,2,-178,15
IQ:35,288,255,40,165
SW:2
RR:3
SS:3
FR:2402
ME:2
MA:5
KE:7
KA:359
DF_END

Data arrived...
DF_BEGIN
IQ:0,0,11,-180,-50
IQ:1,8,11,-23,190
IQ:2,16,11,173,-12
IQ:3,24,11,-12,-197
IQ:4,32,11,-183,34
IQ:5,40,11,53,175
IQ:6,48,11,185,-70
IQ:7,56,11,-81,-175
IQ:8,72,12,123,48
IQ:9,80,255,80,-98
IQ:10,88,1,-45,-70
IQ:11,96,255,-44,31
IQ:12,104,2,47,10
IQ:13,112,255,100,-89
IQ:14,120,10,233,-316
IQ:15,128,255,-93,-236
IQ:16,136,3,28,44
IQ:17,144,255,79,60
IQ:18,152,9,171,69
IQ:19,160,255,92,-133
IQ:20,168,4,-82,-69
IQ:21,176,255,-102,49
IQ:22,184,8,-103,65
IQ:23,192,255,33,36
IQ:24,200,7,-31,-129
IQ:25,208,255,-74,-1
IQ:26,216,6,59,7
IQ:27,224,255,26,-39
IQ:28,232,5,0,33
IQ:29,240,255,15,39
IQ:30,248,12,-13,125
IQ:31,256,255,101,31
IQ:32,264,1,57,-76
IQ:33,272,255,-48,-32
IQ:34,280,2,2,31
IQ:35,288,255,76,-63
SW:2
RR:3
SS:3
FR:2480
ME:41
MA:352
KE:10
KA:358
DF_END

Data arrived...
DF_BEGIN
IQ:0,0,11,178,-56
IQ:1,8,11,-79,-195
IQ:2,16,11,-210,70
IQ:3,24,11,92,164
IQ:4,32,11,135,-122
IQ:5,40,11,-146,-137
IQ:6,48,11,-135,137
IQ:7,56,11,151,121
IQ:8,72,12,-115,-18
IQ:9,80,255,-36,101
IQ:10,88,1,76,31
IQ:11,96,255,29,-43
IQ:12,104,2,-44,-22
IQ:13,112,255,-92,86
IQ:14,120,10,-64,365
IQ:15,128,255,197,129
IQ:16,136,3,-32,-78
IQ:17,144,255,-119,-33
IQ:18,152,9,-138,10
IQ:19,160,255,-23,128
IQ:20,168,4,109,18
IQ:21,176,255,66,-93
IQ:22,184,8,84,-78
IQ:23,192,255,-26,-54
IQ:24,200,7,52,72
IQ:25,208,255,48,-23
IQ:26,216,6,-25,5
IQ:27,224,255,1,8
IQ:28,232,5,-11,-50
IQ:29,240,255,-39,-67
IQ:30,248,12,-34,-124
IQ:31,256,255,-98,2
IQ:32,264,1,-29,65
IQ:33,272,255,53,14
IQ:34,280,2,-11,-61
IQ:35,288,255,-46,43
SW:2
RR:3
SS:3
FR:2480
ME:41
MA:356
KE:13
KA:358
DF_END

Data arrived...
DF_BEGIN
IQ:0,0,11,135,131
IQ:1,8,11,113,-160
IQ:2,16,11,-165,-110
IQ:3,24,11,-77,169
IQ:4,32,11,179,66
IQ:5,40,11,49,-187
IQ:6,48,11,-193,-33
IQ:7,56,11,-17,190
IQ:8,72,12,-49,-246
IQ:9,80,255,-276,41
IQ:10,88,1,-23,275
IQ:11,96,255,253,11
IQ:12,104,2,-37,-254
IQ:13,112,255,-258,51
IQ:14,120,10,30,309
IQ:15,128,255,270,-19
IQ:16,136,3,-66,-263
IQ:17,144,255,-252,42
IQ:18,152,9,20,165
IQ:19,160,255,151,-63
IQ:20,168,4,-78,-157
IQ:21,176,255,-98,91
IQ:22,184,8,229,35
IQ:23,192,255,51,-225
IQ:24,200,7,-182,6
IQ:25,208,255,3,226
IQ:26,216,6,194,72
IQ:27,224,255,7,-174
IQ:28,232,5,-241,84
IQ:29,240,255,60,227
IQ:30,248,12,199,-148
IQ:31,256,255,-150,-243
IQ:32,264,1,-254,111
IQ:33,272,255,84,236
IQ:34,280,2,220,-133
IQ:35,288,255,-120,-194
SW:2
RR:3
SS:3
FR:2426
ME:2
MA:5
KE:12
KA:359
DF_END

Data arrived...
DF_BEGIN
IQ:0,0,11,184,44
IQ:1,8,11,23,-194
IQ:2,16,11,-197,-24
IQ:3,24,11,-17,196
IQ:4,32,11,189,5
IQ:5,40,11,-32,-192
IQ:6,48,11,-184,41
IQ:7,56,11,65,182
IQ:8,72,12,-44,-170
IQ:9,80,255,-181,35
IQ:10,88,1,55,150
IQ:11,96,255,159,-84
IQ:12,104,2,-137,-189
IQ:13,112,255,-221,147
IQ:14,120,10,102,231
IQ:15,128,255,201,-120
IQ:16,136,3,-143,-219
IQ:17,144,255,-262,113
IQ:18,152,9,20,247
IQ:19,160,255,205,-21
IQ:20,168,4,5,-135
IQ:21,176,255,-58,27
IQ:22,184,8,155,-8
IQ:23,192,255,9,-179
IQ:24,200,7,-135,-3
IQ:25,208,255,23,188
IQ:26,216,6,185,51
IQ:27,224,255,12,-129
IQ:28,232,5,-111,109
IQ:29,240,255,111,143
IQ:30,248,12,148,-96
IQ:31,256,255,-103,-141
IQ:32,264,1,-122,115
IQ:33,272,255,131,112
IQ:34,280,2,121,-201
IQ:35,288,255,-182,-113
SW:2
RR:3
SS:3
FR:2402
ME:2
MA:2
KE:11
KA:359
DF_END

Data arrived...
DF_BEGIN
IQ:0,0,11,117,-144
IQ:1,8,11,-169,-106
IQ:2,16,11,-96,170
IQ:3,24,11,166,77
IQ:4,32,11,67,-188
IQ:5,40,11,-178,-41
IQ:6,48,11,-37,184
IQ:7,56,11,189,12
IQ:8,72,12,-167,-20
IQ:9,80,255,-23,178
IQ:10,88,1,174,-9
IQ:11,96,255,-12,-187
IQ:12,104,2,-232,79
IQ:13,112,255,90,233
IQ:14,120,10,246,-73
IQ:15,128,255,-72,-240
IQ:16,136,3,-256,64
IQ:17,144,255,43,293
IQ:18,152,9,248,77
IQ:19,160,255,66,-213
IQ:20,168,4,-131,-59
IQ:21,176,255,-2,76
IQ:22,184,8,44,-160
IQ:23,192,255,-176,-55
IQ:24,200,7,-49,129
IQ:25,208,255,169,45
IQ:26,216,6,105,-156
IQ:27,224,255,-133,-61
IQ:28,232,5,62,136
IQ:29,240,255,191,-66
IQ:30,248,12,-69,-160
IQ:31,256,255,-169,53
IQ:32,264,1,82,155
IQ:33,272,255,141,-87
IQ:34,280,2,-174,-181
IQ:35,288,255,-158,161
SW:2
RR:3
SS:3
FR:2402
ME:2
MA:5
KE:10
KA:0
DF_END

Data arrived...
DF_BEGIN
IQ:0,0,11,-116,-181
IQ:1,8,11,-166,124
IQ:2,16,11,130,155
IQ:3,24,11,135,-137
IQ:4,32,11,-170,-128
IQ:5,40,11,-128,171
IQ:6,48,11,167,93
IQ:7,56,11,73,-192
IQ:8,72,12,5,149
IQ:9,80,255,107,13
IQ:10,88,1,8,-95
IQ:11,96,255,-63,-5
IQ:12,104,2,14,68
IQ:13,112,255,104,25
IQ:14,120,10,317,34
IQ:15,128,255,107,-164
IQ:16,136,3,-37,47
IQ:17,144,255,-39,71
IQ:18,152,9,-53,143
IQ:19,160,255,116,50
IQ:20,168,4,33,-106
IQ:21,176,255,-128,-93
IQ:22,184,8,-122,-76
IQ:23,192,255,-43,42
IQ:24,200,7,125,-106
IQ:25,208,255,-55,-114
IQ:26,216,6,-33,56
IQ:27,224,255,31,9
IQ:28,232,5,-45,-42
IQ:29,240,255,-102,31
IQ:30,248,12,-139,73
IQ:31,256,255,21,104
IQ:32,264,1,89,-29
IQ:33,272,255,-34,-59
IQ:34,280,2,-67,64
IQ:35,288,255,89,28
SW:2
RR:3
SS:3
FR:2480
ME:47
MA:352
KE:14
KA:359
DF_END

Data arrived...
DF_BEGIN
IQ:0,0,11,96,-113
IQ:1,8,11,-126,-87
IQ:2,16,11,-76,122
IQ:3,24,11,137,54
IQ:4,32,11,42,-138
IQ:5,40,11,-149,-34
IQ:6,48,11,-24,145
IQ:7,56,11,147,11
IQ:8,72,12,-188,26
IQ:9,80,255,28,213
IQ:10,88,1,204,13
IQ:11,96,255,-4,-200
IQ:12,104,2,-198,21
IQ:13,112,255,32,190
IQ:14,120,10,233,-27
IQ:15,128,255,-17,-212
IQ:16,136,3,-205,32
IQ:17,144,255,28,179
IQ:18,152,9,128,-27
IQ:19,160,255,-53,-107
IQ:20,168,4,-93,66
IQ:21,176,255,82,59
IQ:22,184,8,-1,-176
IQ:23,192,255,-182,-19
IQ:24,200,7,-4,137
IQ:25,208,255,170,-12
IQ:26,216,6,45,-154
IQ:27,224,255,-140,-14
IQ:28,232,5,49,180
IQ:29,240,255,178,-50
IQ:30,248,12,-116,-158
IQ:31,256,255,-183,109
IQ:32,264,1,82,191
IQ:33,272,255,178,-79
IQ:34,280,2,-102,-170
IQ:35,288,255,-142,84
SW:2
RR:3
SS:3
FR:2426
ME:359
MA:353
KE:12
KA:358
DF_END

Data arrived...
DF_BEGIN
IQ:0,0,11,144,-43
IQ:1,8,11,-45,-132
IQ:2,16,11,-130,70
IQ:3,24,11,75,128
IQ:4,32,11,116,-94
IQ:5,40,11,-93,-117
IQ:6,48,11,-110,101
IQ:7,56,11,115,99
IQ:8,72,12,-178,-76
IQ:9,80,255,-102,190
IQ:10,88,1,166,132
IQ:11,96,255,103,-169
IQ:12,104,2,-188,-67
IQ:13,112,255,-56,196
IQ:14,120,10,216,96
IQ:15,128,255,71,-193
IQ:16,136,3,-197,-67
IQ:17,144,255,-71,175
IQ:18,152,9,113,53
IQ:19,160,255,15,-104
IQ:20,168,4,-123,6
IQ:21,176,255,33,100
IQ:22,184,8,102,-149
IQ:23,192,255,-137,-125
IQ:24,200,7,-68,125
IQ:25,208,255,147,92
IQ:26,216,6,122,-100
IQ:27,224,255,-108,-80
IQ:28,232,5,-54,188
IQ:29,240,255,182,44
IQ:30,248,12,15,-199
IQ:31,256,255,-216,-7
IQ:32,264,1,-31,204
IQ:33,272,255,201,33
IQ:34,280,2,15,-204
IQ:35,288,255,-170,-1
SW:2
RR:3
SS:3
FR:2426
ME:359
MA:353
KE:11
KA:357
DF_END

Data arrived...
DF_BEGIN
IQ:0,0,11,48,-160
IQ:1,8,11,-167,-14
IQ:2,16,11,-5,164
IQ:3,24,11,167,-10
IQ:4,32,11,-13,-154
IQ:5,40,11,-165,41
IQ:6,48,11,47,149
IQ:7,56,11,148,-72
IQ:8,72,12,-150,61
IQ:9,80,255,61,151
IQ:10,88,1,130,-75
IQ:11,96,255,-89,-126
IQ:12,104,2,-127,162
IQ:13,112,255,170,151
IQ:14,120,10,174,-141
IQ:15,128,255,-136,-157
IQ:16,136,3,-150,172
IQ:17,144,255,168,186
IQ:18,152,9,196,-77
IQ:19,160,255,-85,-162
IQ:20,168,4,-132,54
IQ:21,176,255,52,48
IQ:22,184,8,-33,-144
IQ:23,192,255,-152,31
IQ:24,200,7,54,112
IQ:25,208,255,154,-56
IQ:26,216,6,-2,-170
IQ:27,224,255,-124,5
IQ:28,232,5,101,64
IQ:29,240,255,103,-114
IQ:30,248,12,-115,-108
IQ:31,256,255,-118,115
IQ:32,264,1,120,84
IQ:33,272,255,77,-131
IQ:34,280,2,-196,-43
IQ:35,288,255,-33,190
SW:2
RR:3
SS:3
FR:2402
ME:2
MA:2
KE:10
KA:358
DF_END

Data arrived...
DF_BEGIN
IQ:0,0,11,-167,82
IQ:1,8,11,102,150
IQ:2,16,11,148,-119
IQ:3,24,11,-130,-139
IQ:4,32,11,-127,146
IQ:5,40,11,143,117
IQ:6,48,11,103,-157
IQ:7,56,11,-159,-93
IQ:8,72,12,242,46
IQ:9,80,255,90,-261
IQ:10,88,1,-234,-131
IQ:11,96,255,-109,229
IQ:12,104,2,242,63
IQ:13,112,255,61,-240
IQ:14,120,10,-286,-84
IQ:15,128,255,-73,251
IQ:16,136,3,242,33
IQ:17,144,255,50,-229
IQ:18,152,9,-151,-36
IQ:19,160,255,-3,155
IQ:20,168,4,140,-17
IQ:21,176,255,-65,-111
IQ:22,184,8,-110,199
IQ:23,192,255,188,118
IQ:24,200,7,51,-170
IQ:25,208,255,-201,-96
IQ:26,216,6,-115,157
IQ:27,224,255,159,65
IQ:28,232,5,37,-243
IQ:29,240,255,-232,-31
IQ:30,248,12,59,230
IQ:31,256,255,271,-40
IQ:32,264,1,14,-267
IQ:33,272,255,-245,2
IQ:34,280,2,45,243
IQ:35,288,255,217,-52
SW:2
RR:3
SS:3
FR:2426
ME:359
MA:353
KE:9
KA:357
DF_END

Data arrived...
DF_BEGIN
IQ:0,0,11,-188,-15
IQ:1,8,11,10,180
IQ:2,16,11,185,-18
IQ:3,24,11,-37,-181
IQ:4,32,11,-173,58
IQ:5,40,11,76,175
IQ:6,48,11,172,-77
IQ:7,56,11,-90,-161
IQ:8,72,12,171,173
IQ:9,80,255,205,-182
IQ:10,88,1,-152,-218
IQ:11,96,255,-196,145
IQ:12,104,2,178,175
IQ:13,112,255,171,-194
IQ:14,120,10,-194,-231
IQ:15,128,255,-206,172
IQ:16,136,3,197,167
IQ:17,144,255,155,-180
IQ:18,152,9,-117,-104
IQ:19,160,255,-77,124
IQ:20,168,4,143,59
IQ:21,176,255,0,-123
IQ:22,184,8,-180,124
IQ:23,192,255,114,198
IQ:24,200,7,126,-121
IQ:25,208,255,-144,-173
IQ:26,216,6,-177,75
IQ:27,224,255,116,131
IQ:28,232,5,138,-199
IQ:29,240,255,-191,-133
IQ:30,248,12,-81,226
IQ:31,256,255,249,97
IQ:32,264,1,156,-219
IQ:33,272,255,-202,-132
IQ:34,280,2,-109,234
IQ:35,288,255,196,77
SW:2
RR:3
SS:3
FR:2426
ME:359
MA:353
KE:8
KA:357
DF_END

Data arrived...
DF_BEGIN
IQ:0,0,11,54,-161
IQ:1,8,11,-176,-27
IQ:2,16,11,-20,170
IQ:3,24,11,170,14
IQ:4,32,11,-14,-174
IQ:5,40,11,-173,25
IQ:6,48,11,17,172
IQ:7,56,11,168,-40
IQ:8,72,12,-152,43
IQ:9,80,255,37,159
IQ:10,88,1,133,-49
IQ:11,96,255,-79,-130
IQ:12,104,2,-145,147
IQ:13,112,255,132,174
IQ:14,120,10,185,-111
IQ:15,128,255,-96,-176
IQ:16,136,3,-153,126
IQ:17,144,255,133,184
IQ:18,152,9,194,-26
IQ:19,160,255,-28,-151
IQ:20,168,4,-99,19
IQ:21,176,255,46,50
IQ:22,184,8,-29,-147
IQ:23,192,255,-158,19
IQ:24,200,7,29,105
IQ:25,208,255,149,-44
IQ:26,216,6,31,-155
IQ:27,224,255,-108,6
IQ:28,232,5,101,102
IQ:29,240,255,128,-102
IQ:30,248,12,-102,-109
IQ:31,256,255,-116,111
IQ:32,264,1,116,99
IQ:33,272,255,89,-125
IQ:34,280,2,-181,-81
IQ:35,288,255,-64,170
SW:2
RR:3
SS:3
FR:2402
ME:2
MA:353
KE:7
KA:356
DF_END

Data arrived...
DF_BEGIN
IQ:0,0,11,179,33
IQ:1,8,11,20,-181
IQ:2,16,11,-187,11
IQ:3,24,11,35,184
IQ:4,32,11,164,-39
IQ:5,40,11,-57,-166
IQ:6,48,11,-174,58
IQ:7,56,11,91,152
IQ:8,72,12,-125,-53
IQ:9,80,255,-64,80
IQ:10,88,1,49,52
IQ:11,96,255,19,-49
IQ:12,104,2,-43,-7
IQ:13,112,255,-80,48
IQ:14,120,10,-250,240
IQ:15,128,255,67,240
IQ:16,136,3,3,-24
IQ:17,144,255,-36,-88
IQ:18,152,9,-135,-119
IQ:19,160,255,-135,115
IQ:20,168,4,85,128
IQ:21,176,255,151,-60
IQ:22,184,8,79,-71
IQ:23,192,255,-27,-18
IQ:24,200,7,45,131
IQ:25,208,255,91,-25
IQ:26,216,6,-54,-27
IQ:27,224,255,-6,62
IQ:28,232,5,65,-15
IQ:29,240,255,28,-111
IQ:30,248,12,-3,-139
IQ:31,256,255,-97,-6
IQ:32,264,1,-12,62
IQ:33,272,255,49,0
IQ:34,280,2,-16,-43
IQ:35,288,255,-52,52
SW:2
RR:3
SS:3
FR:2480
ME:44
MA:355
KE:10
KA:356
DF_END

Data arrived...
DF_BEGIN
IQ:0,0,11,-26,-141
IQ:1,8,11,-135,40
IQ:2,16,11,61,133
IQ:3,24,11,136,-60
IQ:4,32,11,-65,-129
IQ:5,40,11,-125,79
IQ:6,48,11,84,122
IQ:7,56,11,108,-98
IQ:8,72,12,-107,156
IQ:9,80,255,166,124
IQ:10,88,1,141,-145
IQ:11,96,255,-136,-130
IQ:12,104,2,-104,151
IQ:13,112,255,163,96
IQ:14,120,10,129,-184
IQ:15,128,255,-175,-98
IQ:16,136,3,-84,173
IQ:17,144,255,153,91
IQ:18,152,9,72,-97
IQ:19,160,255,-101,-43
IQ:20,168,4,-18,116
IQ:21,176,255,96,-12
IQ:22,184,8,-120,-126
IQ:23,192,255,-131,104
IQ:24,200,7,106,78
IQ:25,208,255,119,-121
IQ:26,216,6,-63,-133
IQ:27,224,255,-84,99
IQ:28,232,5,175,83
IQ:29,240,255,64,-161
IQ:30,248,12,-193,-23
IQ:31,256,255,-33,214
IQ:32,264,1,187,81
IQ:33,272,255,64,-180
IQ:34,280,2,-182,-39
IQ:35,288,255,-11,157
SW:2
RR:3
SS:3
FR:2426
ME:359
MA:359
KE:9
KA:356
DF_END

Data arrived...
DF_BEGIN
IQ:0,0,11,111,150
IQ:1,8,11,129,-126
IQ:2,16,11,-140,-128
IQ:3,24,11,-117,139
IQ:4,32,11,144,104
IQ:5,40,11,78,-167
IQ:6,48,11,-178,-53
IQ:7,56,11,-47,184
IQ:8,72,12,-1,-245
IQ:9,80,255,-271,-34
IQ:10,88,1,-76,244
IQ:11,96,255,236,51
IQ:12,104,2,25,-241
IQ:13,112,255,-245,-6
IQ:14,120,10,-27,291
IQ:15,128,255,258,11
IQ:16,136,3,-18,-244
IQ:17,144,255,-243,0
IQ:18,152,9,-30,154
IQ:19,160,255,135,-21
IQ:20,168,4,-39,-138
IQ:21,176,255,-94,75
IQ:22,184,8,211,49
IQ:23,192,255,70,-211
IQ:24,200,7,-176,-10
IQ:25,208,255,-42,207
IQ:26,216,6,171,87
IQ:27,224,255,25,-168
IQ:28,232,5,-247,17
IQ:29,240,255,25,229
IQ:30,248,12,230,-101
IQ:31,256,255,-92,-250
IQ:32,264,1,-252,51
IQ:33,272,255,58,235
IQ:34,280,2,231,-93
IQ:35,288,255,-84,-190
SW:2
RR:3
SS:3
FR:2426
ME:359
MA:353
KE:8
KA:356
DF_END

Data arrived...
DF_BEGIN
IQ:0,0,11,140,40
IQ:1,8,11,18,-157
IQ:2,16,11,-160,-11
IQ:3,24,11,2,152
IQ:4,32,11,150,-24
IQ:5,40,11,-34,-147
IQ:6,48,11,-145,34
IQ:7,56,11,53,135
IQ:8,72,12,-39,-125
IQ:9,80,255,-131,50
IQ:10,88,1,60,117
IQ:11,96,255,114,-80
IQ:12,104,2,-154,-133
IQ:13,112,255,-146,140
IQ:14,120,10,134,154
IQ:15,128,255,151,-113
IQ:16,136,3,-138,-146
IQ:17,144,255,-186,126
IQ:18,152,9,30,176
IQ:19,160,255,151,-33
IQ:20,168,4,-6,-100
IQ:21,176,255,-34,32
IQ:22,184,8,130,-44
IQ:23,192,255,-19,-148
IQ:24,200,7,-113,35
IQ:25,208,255,32,146
IQ:26,216,6,147,7
IQ:27,224,255,-6,-103
IQ:28,232,5,-70,102
IQ:29,240,255,109,99
IQ:30,248,12,86,-106
IQ:31,256,255,-103,-100
IQ:32,264,1,-83,106
IQ:33,272,255,119,65
IQ:34,280,2,70,-185
IQ:35,288,255,-161,-66
SW:2
RR:3
SS:3
FR:2402
ME:2
MA:5
KE:7
KA:356
DF_END

Data arrived...
DF_BEGIN
IQ:0,0,11,-175,-58
IQ:1,8,11,-46,183
IQ:2,16,11,178,36
IQ:3,24,11,10,-179
IQ:4,32,11,-188,8
IQ:5,40,11,21,183
IQ:6,48,11,191,-48
IQ:7,56,11,-58,-164
IQ:8,72,12,107,63
IQ:9,80,255,46,-81
IQ:10,88,1,-36,-56
IQ:11,96,255,-22,27
IQ:12,104,2,40,2
IQ:13,112,255,76,-25
IQ:14,120,10,274,-204
IQ:15,128,255,-13,-240
IQ:16,136,3,-8,13
IQ:17,144,255,16,89
IQ:18,152,9,114,145
IQ:19,160,255,139,-103
IQ:20,168,4,-92,-119
IQ:21,176,255,-160,43
IQ:22,184,8,-100,39
IQ:23,192,255,11,21
IQ:24,200,7,-40,-136
IQ:25,208,255,-105,-5
IQ:26,216,6,62,33
IQ:27,224,255,30,-56
IQ:28,232,5,-75,17
IQ:29,240,255,-21,109
IQ:30,248,12,-16,119
IQ:31,256,255,88,15
IQ:32,264,1,23,-54
IQ:33,272,255,-25,-9
IQ:34,280,2,9,34
IQ:35,288,255,48,-54
SW:2
RR:3
SS:3
FR:2480
ME:44
MA:352
KE:11
KA:356
DF_END

Data arrived...
DF_BEGIN
IQ:0,0,11,1,-191
IQ:1,8,11,-191,6
IQ:2,16,11,22,183
IQ:3,24,11,173,-51
IQ:4,32,11,-68,-176
IQ:5,40,11,-173,83
IQ:6,48,11,87,163
IQ:7,56,11,153,-115
IQ:8,72,12,-130,211
IQ:9,80,255,208,181
IQ:10,88,1,206,-164
IQ:11,96,255,-172,-186
IQ:12,104,2,-151,191
IQ:13,112,255,213,151
IQ:14,120,10,206,-222
IQ:15,128,255,-207,-167
IQ:16,136,3,-139,226
IQ:17,144,255,209,149
IQ:18,152,9,111,-124
IQ:19,160,255,-130,-74
IQ:20,168,4,-64,154
IQ:21,176,255,129,1
IQ:22,184,8,-154,-166
IQ:23,192,255,-182,124
IQ:24,200,7,134,107
IQ:25,208,255,160,-143
IQ:26,216,6,-64,-189
IQ:27,224,255,-132,111
IQ:28,232,5,214,132
IQ:29,240,255,131,-197
IQ:30,248,12,-239,-50
IQ:31,256,255,-85,259
IQ:32,264,1,237,122
IQ:33,272,255,97,-225
IQ:34,280,2,-240,-54
IQ:35,288,255,-55,210
SW:2
RR:3
SS:3
FR:2426
ME:2
MA:5
KE:10
KA:357
DF_END

Data arrived...
DF_BEGIN
IQ:0,0,11,136,71
IQ:1,8,11,42,-145
IQ:2,16,11,-159,-22
IQ:3,24,11,-18,159
IQ:4,32,11,156,10
IQ:5,40,11,-24,-148
IQ:6,48,11,-148,36
IQ:7,56,11,34,152
IQ:8,72,12,-41,-126
IQ:9,80,255,-133,36
IQ:10,88,1,46,116
IQ:11,96,255,122,-66
IQ:12,104,2,-119,-145
IQ:13,112,255,-161,111
IQ:14,120,10,98,173
IQ:15,128,255,163,-98
IQ:16,136,3,-128,-140
IQ:17,144,255,-195,113
IQ:18,152,9,4,181
IQ:19,160,255,161,-20
IQ:20,168,4,-23,-102
IQ:21,176,255,-43,36
IQ:22,184,8,124,-45
IQ:23,192,255,-17,-134
IQ:24,200,7,-101,15
IQ:25,208,255,6,131
IQ:26,216,6,141,25
IQ:27,224,255,11,-106
IQ:28,232,5,-94,85
IQ:29,240,255,79,124
IQ:30,248,12,100,-87
IQ:31,256,255,-97,-116
IQ:32,264,1,-97,98
IQ:33,272,255,105,76
IQ:34,280,2,76,-176
IQ:35,288,255,-155,-87
SW:2
RR:3
SS:3
FR:2402
ME:2
MA:5
KE:9
KA:357
DF_END

Data arrived...
DF_BEGIN
IQ:0,0,11,-86,158
IQ:1,8,11,161,67
IQ:2,16,11,41,-164
IQ:3,24,11,-185,-26
IQ:4,32,11,-3,175
IQ:5,40,11,179,-2
IQ:6,48,11,-21,-194
IQ:7,56,11,-183,46
IQ:8,72,12,61,-121
IQ:9,80,255,-78,-70
IQ:10,88,1,-44,47
IQ:11,96,255,24,23
IQ:12,104,2,5,-20
IQ:13,112,255,-27,-80
IQ:14,120,10,-189,-310
IQ:15,128,255,-267,-5
IQ:16,136,3,-3,30
IQ:17,144,255,101,-3
IQ:18,152,9,158,-122
IQ:19,160,255,-85,-164
IQ:20,168,4,-168,54
IQ:21,176,255,20,152
IQ:22,184,8,37,85
IQ:23,192,255,-6,-24
IQ:24,200,7,-127,17
IQ:25,208,255,17,83
IQ:26,216,6,65,-58
IQ:27,224,255,-69,-40
IQ:28,232,5,-20,69
IQ:29,240,255,92,69
IQ:30,248,12,135,22
IQ:31,256,255,19,-92
IQ:32,264,1,-45,-37
IQ:33,272,255,-2,27
IQ:34,280,2,21,-10
IQ:35,288,255,-42,-70
SW:2
RR:3
SS:3
FR:2480
ME:47
MA:356
KE:12
KA:357
DF_END

Data arrived...
DF_BEGIN
IQ:0,0,11,-167,-67
IQ:1,8,11,-16,177
IQ:2,16,11,198,27
IQ:3,24,11,37,-194
IQ:4,32,11,-170,-12
IQ:5,40,11,46,168
IQ:6,48,11,206,-39
IQ:7,56,11,-46,-186
IQ:8,72,12,136,73
IQ:9,80,255,83,-83
IQ:10,88,1,-38,-73
IQ:11,96,255,-28,31
IQ:12,104,2,62