IQ:22,184,8,-9,-111
IQ:23,192,255,-78,-3
IQ:24,200,7,-23,52
IQ:25,208,255,20,8
IQ:26,216,6,-46,-13
IQ:27,224,255,-5,15
IQ:28,232,5,15,-68
IQ:29,240,255,-78,-65
IQ:30,248,12,-126,2
IQ:31,256,255,-17,100
IQ:32,264,1,76,19
IQ:33,272,255,19,-68
IQ:34,280,2,-32,-22
IQ:35,288,255,9,-14
SW:2
RR:3
SS:3
FR:2480
ME:30
MA:49
KE:12
KA:22
DF_END

Data arrived...
DF_BEGIN
IQ:0,0,11,139,88
IQ:1,8,11,64,-152
IQ:2,16,11,-167,-39
IQ:3,24,11,-31,162
IQ:4,32,11,170,4
IQ:5,40,11,-11,-172
IQ:6,48,11,-170,25
IQ:7,56,11,18,169
IQ:8,72,12,-23,-121
IQ:9,80,255,-117,8
IQ:10,88,1,-8,80
IQ:11,96,255,68,0
IQ:12,104,2,-4,-28
IQ:13,112,255,-17,59
IQ:14,120,10,126,125
IQ:15,128,255,114,-62
IQ:16,136,3,-15,45
IQ:17,144,255,25,89
IQ:18,152,9,93,81
IQ:19,160,255,41,-44
IQ:20,168,4,-74,74
IQ:21,176,255,11,118
IQ:22,184,8,-8,72
IQ:23,192,255,37,5
IQ:24,200,7,37,-5
IQ:25,208,255,42,-13
IQ:26,216,6,72,-23
IQ:27,224,255,-63,-17
IQ:28,232,5,-38,196
IQ:29,240,255,167,101
IQ:30,248,12,107,-70
IQ:31,256,255,-57,-98
IQ:32,264,1,-78,32
IQ:33,272,255,23,66
IQ:34,280,2,20,-20
IQ:35,288,255,-52,22
SW:2
RR:3
SS:3
FR:2426
ME:44
MA:41
KE:15
KA:23
DF_END

Data arrived...
DF_BEGIN
IQ:0,0,11,-34,171
IQ:1,8,11,166,5
IQ:2,16,11,-10,-170
IQ:3,24,11,-174,21
IQ:4,32,11,34,169
IQ:5,40,11,166,-39
IQ:6,48,11,-61,-161
IQ:7,56,11,-154,72
IQ:8,72,12,124,-44
IQ:9,80,255,-35,-115
IQ:10,88,1,-75,13
IQ:11,96,255,18,64
IQ:12,104,2,25,-19
IQ:13,112,255,-70,-6
IQ:14,120,10,-91,153
IQ:15,128,255,91,98
IQ:16,136,3,-50,0
IQ:17,144,255,-82,42
IQ:18,152,9,-53,111
IQ:19,160,255,52,30
IQ:20,168,4,-86,-53
IQ:21,176,255,-104,47
IQ:22,184,8,-74,19
IQ:23,192,255,7,40
IQ:24,200,7,8,36
IQ:25,208,255,20,37
IQ:26,216,6,39,61
IQ:27,224,255,-4,-63
IQ:28,232,5,-199,10
IQ:29,240,255,-41,192
IQ:30,248,12,100,82
IQ:31,256,255,75,-87
IQ:32,264,1,-51,-61
IQ:33,272,255,-44,45
IQ:34,280,2,22,16
IQ:35,288,255,-44,-51
SW:2
RR:3
SS:3
FR:2426
ME:7
MA:248
KE:14
KA:18
DF_END

Data arrived...
DF_BEGIN
IQ:0,0,11,135,-100
IQ:1,8,11,-115,-123
IQ:2,16,11,-106,128
IQ:3,24,11,140,94
IQ:4,32,11,90,-148
IQ:5,40,11,-147,-85
IQ:6,48,11,-61,154
IQ:7,56,11,154,41
IQ:8,72,12,-154,-115
IQ:9,80,255,-117,149
IQ:10,88,1,105,151
IQ:11,96,255,144,-91
IQ:12,104,2,6,-151
IQ:13,112,255,-46,-5
IQ:14,120,10,194,-29
IQ:15,128,255,58,-200
IQ:16,136,3,11,-169
IQ:17,144,255,-32,-23
IQ:18,152,9,160,-26
IQ:19,160,255,51,-118
IQ:20,168,4,81,-32
IQ:21,176,255,75,-11
IQ:22,184,8,215,40
IQ:23,192,255,53,-166
IQ:24,200,7,-91,-109
IQ:25,208,255,-69,26
IQ:26,216,6,33,-81
IQ:27,224,255,11,-19
IQ:28,232,5,173,-53
IQ:29,240,255,59,-184
IQ:30,248,12,26,-199
IQ:31,256,255,-177,-47
IQ:32,264,1,-97,160
IQ:33,272,255,146,91
IQ:34,280,2,125,-77
IQ:35,288,255,-4,-45
SW:2
RR:3
SS:3
FR:2402
ME:24
MA:52
KE:15
KA:22
DF_END

Data arrived...
DF_BEGIN
IQ:0,0,11,63,-179
IQ:1,8,11,-175,-55
IQ:2,16,11,-33,183
IQ:3,24,11,190,13
IQ:4,32,11,8,-186
IQ:5,40,11,-180,21
IQ:6,48,11,44,184
IQ:7,56,11,172,-64
IQ:8,72,12,-149,-60
IQ:9,80,255,-68,134
IQ:10,88,1,88,76
IQ:11,96,255,59,-82
IQ:12,104,2,-37,-37
IQ:13,112,255,39,24
IQ:14,120,10,203,-130
IQ:15,128,255,-34,-196
IQ:16,136,3,-26,-10
IQ:17,144,255,63,36
IQ:18,152,9,146,-102
IQ:19,160,255,-34,-129
IQ:20,168,4,5,9
IQ:21,176,255,70,4
IQ:22,184,8,146,-34
IQ:23,192,255,-20,-103
IQ:24,200,7,-81,-7
IQ:25,208,255,0,45
IQ:26,216,6,4,-70
IQ:27,224,255,-28,1
IQ:28,232,5,88,28
IQ:29,240,255,77,-110
IQ:30,248,12,-21,-168
IQ:31,256,255,-151,-2
IQ:32,264,1,-5,121
IQ:33,272,255,104,14
IQ:34,280,2,17,-53
IQ:35,288,255,20,18
SW:2
RR:3
SS:3
FR:2480
ME:359
MA:353
KE:13
KA:18
DF_END

Data arrived...
DF_BEGIN
IQ:0,0,11,145,121
IQ:1,8,11,115,-154
IQ:2,16,11,-160,-97
IQ:3,24,11,-76,170
IQ:4,32,11,180,55
IQ:5,40,11,51,-184
IQ:6,48,11,-188,-17
IQ:7,56,11,10,186
IQ:8,72,12,97,-127
IQ:9,80,255,-104,-111
IQ:10,88,1,-98,57
IQ:11,96,255,45,82
IQ:12,104,2,52,-22
IQ:13,112,255,-26,22
IQ:14,120,10,54,236
IQ:15,128,255,189,34
IQ:16,136,3,21,-28
IQ:17,144,255,-49,47
IQ:18,152,9,43,157
IQ:19,160,255,130,7
IQ:20,168,4,-8,3
IQ:21,176,255,-26,60
IQ:22,184,8,-17,130
IQ:23,192,255,104,25
IQ:24,200,7,56,-67
IQ:25,208,255,-24,-25
IQ:26,216,6,66,22
IQ:27,224,255,3,-36
IQ:28,232,5,-62,67
IQ:29,240,255,87,99
IQ:30,248,12,159,17
IQ:31,256,255,36,-137
IQ:32,264,1,-100,-54
IQ:33,272,255,-46,79
IQ:34,280,2,49,25
IQ:35,288,255,-15,4
SW:2
RR:3
SS:3
FR:2480
ME:359
MA:353
KE:12
KA:15
DF_END

Data arrived...
DF_BEGIN
IQ:0,0,11,-177,-49
IQ:1,8,11,-34,179
IQ:2,16,11,178,15
IQ:3,24,11,-15,-176
IQ:4,32,11,-182,31
IQ:5,40,11,46,179
IQ:6,48,11,173,-56
IQ:7,56,11,-75,-164
IQ:8,72,12,54,124
IQ:9,80,255,124,-35
IQ:10,88,1,-21,-80
IQ:11,96,255,-75,22
IQ:12,104,2,13,37
IQ:13,112,255,7,-65
IQ:14,120,10,-156,-109
IQ:15,128,255,-106,84
IQ:16,136,3,13,-42
IQ:17,144,255,-33,-89
IQ:18,152,9,-111,-64
IQ:19,160,255,-39,64
IQ:20,168,4,64,-74
IQ:21,176,255,-46,-105
IQ:22,184,8,-28,-74
IQ:23,192,255,-38,15
IQ:24,200,7,-28,7
IQ:25,208,255,-40,12
IQ:26,216,6,-80,44
IQ:27,224,255,58,13
IQ:28,232,5,-9,-191
IQ:29,240,255,-197,-40
IQ:30,248,12,-80,114
IQ:31,256,255,95,78
IQ:32,264,1,65,-54
IQ:33,272,255,-52,-54
IQ:34,280,2,-28,25
IQ:35,288,255,54,-35
SW:2
RR:3
SS:3
FR:2426
ME:356
MA:5
KE:10
KA:13
DF_END

Data arrived...
DF_BEGIN
IQ:0,0,11,125,94
IQ:1,8,11,76,-135
IQ:2,16,11,-145,-64
IQ:3,24,11,-57,143
IQ:4,32,11,148,50
IQ:5,40,11,33,-141
IQ:6,48,11,-150,-25
IQ:7,56,11,5,153
IQ:8,72,12,70,-146
IQ:9,80,255,-147,-83
IQ:10,88,1,-112,114
IQ:11,96,255,87,136
IQ:12,104,2,132,2
IQ:13,112,255,18,-31
IQ:14,120,10,77,176
IQ:15,128,255,186,25
IQ:16,136,3,143,6
IQ:17,144,255,25,-26
IQ:18,152,9,40,131
IQ:19,160,255,97,28
IQ:20,168,4,50,102
IQ:21,176,255,43,76
IQ:22,184,8,-15,199
IQ:23,192,255,165,39
IQ:24,200,7,114,-98
IQ:25,208,255,-19,-84
IQ:26,216,6,67,11
IQ:27,224,255,18,24
IQ:28,232,5,100,177
IQ:29,240,255,211,31
IQ:30,248,12,170,0
IQ:31,256,255,7,-150
IQ:32,264,1,-162,-47
IQ:33,272,255,-72,141
IQ:34,280,2,63,121
IQ:35,288,255,53,14
SW:2
RR:3
SS:3
FR:2402
ME:24
MA:52
KE:11
KA:17
DF_END

Data arrived...
DF_BEGIN
IQ:0,0,11,-180,67
IQ:1,8,11,84,165
IQ:2,16,11,153,-102
IQ:3,24,11,-130,-140
IQ:4,32,11,-135,135
IQ:5,40,11,146,118
IQ:6,48,11,99,-159
IQ:7,56,11,-171,-89
IQ:8,72,12,58,162
IQ:9,80,255,140,-48
IQ:10,88,1,-24,-126
IQ:11,96,255,-110,15
IQ:12,104,2,8,65
IQ:13,112,255,-7,-38
IQ:14,120,10,-242,-56
IQ:15,128,255,-126,160
IQ:16,136,3,22,27
IQ:17,144,255,-24,-74
IQ:18,152,9,-174,-25
IQ:19,160,255,-61,119
IQ:20,168,4,10,-4
IQ:21,176,255,-41,-60
IQ:22,184,8,-126,-81
IQ:23,192,255,-62,95
IQ:24,200,7,59,68
IQ:25,208,255,27,-29
IQ:26,216,6,-60,44
IQ:27,224,255,30,35
IQ:28,232,5,-31,-84
IQ:29,240,255,-138,16
IQ:30,248,12,-117,131
IQ:31,256,255,114,100
IQ:32,264,1,97,-86
IQ:33,272,255,-79,-86
IQ:34,280,2,-54,36
IQ:35,288,255,1,-19
SW:2
RR:3
SS:3
FR:2480
ME:359
MA:353
KE:10
KA:14
DF_END

Data arrived...
DF_BEGIN
IQ:0,0,11,65,-167
IQ:1,8,11,-183,-48
IQ:2,16,11,-39,188
IQ:3,24,11,182,13
IQ:4,32,11,6,-192
IQ:5,40,11,-182,14
IQ:6,48,11,29,192
IQ:7,56,11,183,-56
IQ:8,72,12,-138,25
IQ:9,80,255,10,131
IQ:10,88,1,84,3
IQ:11,96,255,-13,-74
IQ:12,104,2,-42,16
IQ:13,112,255,64,19
IQ:14,120,10,140,-138
IQ:15,128,255,-71,-127
IQ:16,136,3,37,33
IQ:17,144,255,102,-19
IQ:18,152,9,78,-103
IQ:19,160,255,-58,-43
IQ:20,168,4,62,80
IQ:21,176,255,119,-22
IQ:22,184,8,77,-19
IQ:23,192,255,-15,-41
IQ:24,200,7,1,-26
IQ:25,208,255,-2,-50
IQ:26,216,6,-37,-82
IQ:27,224,255,-24,64
IQ:28,232,5,194,43
IQ:29,240,255,90,-179
IQ:30,248,12,-91,-113
IQ:31,256,255,-107,74
IQ:32,264,1,43,75
IQ:33,272,255,63,-40
IQ:34,280,2,-27,-35
IQ:35,288,255,23,68
SW:2
RR:3
SS:3
FR:2426
ME:356
MA:5
KE:8
KA:12
DF_END

Data arrived...
DF_BEGIN
IQ:0,0,11,-15,-160
IQ:1,8,11,-154,27
IQ:2,16,11,52,143
IQ:3,24,11,142,-71
IQ:4,32,11,-88,-132
IQ:5,40,11,-128,102
IQ:6,48,11,103,125
IQ:7,56,11,108,-114
IQ:8,72,12,-170,68
IQ:9,80,255,61,171
IQ:10,88,1,190,-4
IQ:11,96,255,14,-170
IQ:12,104,2,-113,-86
IQ:13,112,255,-22,30
IQ:14,120,10,77,-190
IQ:15,128,255,-135,-164
IQ:16,136,3,-134,-109
IQ:17,144,255,-30,22
IQ:18,152,9,57,-155
IQ:19,160,255,-82,-109
IQ:20,168,4,17,-88
IQ:21,176,255,23,-71
IQ:22,184,8,138,-166
IQ:23,192,255,-112,-146
IQ:24,200,7,-146,20
IQ:25,208,255,-21,78
IQ:26,216,6,-32,-70
IQ:27,224,255,-17,-24
IQ:28,232,5,44,-184
IQ:29,240,255,-131,-151
IQ:30,248,12,-143,-120
IQ:31,256,255,-113,135
IQ:32,264,1,88,172
IQ:33,272,255,162,-57
IQ:34,280,2,8,-140
IQ:35,288,255,-33,-35
SW:2
RR:3
SS:3
FR:2402
ME:24
MA:52
KE:10
KA:17
DF_END

Data arrived...
DF_BEGIN
IQ:0,0,11,120,125
IQ:1,8,11,114,-131
IQ:2,16,11,-136,-110
IQ:3,24,11,-81,145
IQ:4,32,11,154,67
IQ:5,40,11,34,-160
IQ:6,48,11,-164,-34
IQ:7,56,11,-20,170
IQ:8,72,12,84,-143
IQ:9,80,255,-157,-86
IQ:10,88,1,-137,108
IQ:11,96,255,85,137
IQ:12,104,2,128,-8
IQ:13,112,255,-3,-31
IQ:14,120,10,43,211
IQ:15,128,255,198,63
IQ:16,136,3,162,11
IQ:17,144,255,25,-24
IQ:18,152,9,47,163
IQ:19,160,255,127,28
IQ:20,168,4,31,75
IQ:21,176,255,20,82
IQ:22,184,8,-5,216
IQ:23,192,255,172,50
IQ:24,200,7,97,-89
IQ:25,208,255,-20,-58
IQ:26,216,6,83,24
IQ:27,224,255,6,0
IQ:28,232,5,62,174
IQ:29,240,255,203,56
IQ:30,248,12,176,-2
IQ:31,256,255,5,-173
IQ:32,264,1,-168,-80
IQ:33,272,255,-84,140
IQ:34,280,2,58,118
IQ:35,288,255,34,9
SW:2
RR:3
SS:3
FR:2402
ME:27
MA:52
KE:11
KA:20
DF_END

Data arrived...
DF_BEGIN
IQ:0,0,11,-136,-132
IQ:1,8,11,-115,137
IQ:2,16,11,156,92
IQ:3,24,11,68,-169
IQ:4,32,11,-172,-58
IQ:5,40,11,-44,171
IQ:6,48,11,178,17
IQ:7,56,11,0,-187
IQ:8,72,12,-114,124
IQ:9,80,255,110,111
IQ:10,88,1,105,-70
IQ:11,96,255,-56,-94
IQ:12,104,2,-57,20
IQ:13,112,255,30,-13
IQ:14,120,10,-48,-235
IQ:15,128,255,-186,-39
IQ:16,136,3,-20,25
IQ:17,144,255,50,-50
IQ:18,152,9,-44,-184
IQ:19,160,255,-141,-13
IQ:20,168,4,3,4
IQ:21,176,255,33,-60
IQ:22,184,8,7,-160
IQ:23,192,255,-112,-16
IQ:24,200,7,-36,84
IQ:25,208,255,47,12
IQ:26,216,6,-59,-36
IQ:27,224,255,-15,36
IQ:28,232,5,60,-60
IQ:29,240,255,-70,-110
IQ:30,248,12,-169,-24
IQ:31,256,255,-35,147
IQ:32,264,1,116,58
IQ:33,272,255,47,-100
IQ:34,280,2,-53,-40
IQ:35,288,255,19,-10
SW:2
RR:3
SS:3
FR:2480
ME:359
MA:353
KE:10
KA:17
DF_END

Data arrived...
DF_BEGIN
IQ:0,0,11,-180,-5
IQ:1,8,11,1,170
IQ:2,16,11,169,-20
IQ:3,24,11,-38,-171
IQ:4,32,11,-160,68
IQ:5,40,11,88,156
IQ:6,48,11,152,-92
IQ:7,56,11,-97,-144
IQ:8,72,12,56,121
IQ:9,80,255,115,-47
IQ:10,88,1,-24,-83
IQ:11,96,255,-67,25
IQ:12,104,2,29,22
IQ:13,112,255,-5,-68
IQ:14,120,10,-179,-67
IQ:15,128,255,-93,99
IQ:16,136,3,8,-46
IQ:17,144,255,-57,-76
IQ:18,152,9,-121,-33
IQ:19,160,255,-11,68
IQ:20,168,4,48,-99
IQ:21,176,255,-70,-104
IQ:22,184,8,-30,-57
IQ:23,192,255,-26,15
IQ:24,200,7,-35,18
IQ:25,208,255,-32,27
IQ:26,216,6,-63,62
IQ:27,224,255,67,1
IQ:28,232,5,-41,-197
IQ:29,240,255,-204,0
IQ:30,248,12,-69,115
IQ:31,256,255,104,67
IQ:32,264,1,61,-66
IQ:33,272,255,-58,-45
IQ:34,280,2,-8,35
IQ:35,288,255,50,-43
SW:2
RR:3
SS:3
FR:2426
ME:356
MA:5
KE:8
KA:16
DF_END

Data arrived...
DF_BEGIN
IQ:0,0,11,159,78
IQ:1,8,11,51,-169
IQ:2,16,11,-172,-24
IQ:3,24,11,-22,175
IQ:4,32,11,174,-1
IQ:5,40,11,-22,-178
IQ:6,48,11,-175,26
IQ:7,56,11,50,171
IQ:8,72,12,-20,-134
IQ:9,80,255,-127,10
IQ:10,88,1,-6,82
IQ:11,96,255,70,-6
IQ:12,104,2,-20,-35
IQ:13,112,255,-18,68
IQ:14,120,10,139,131
IQ:15,128,255,121,-69
IQ:16,136,3,-20,40
IQ:17,144,255,31,92
IQ:18,152,9,102,75
IQ:19,160,255,37,-64
IQ:20,168,4,-83,67
IQ:21,176,255,27,117
IQ:22,184,8,18,67
IQ:23,192,255,37,-11
IQ:24,200,7,37,-2
IQ:25,208,255,44,-16
IQ:26,216,6,74,-40
IQ:27,224,255,-65,-17
IQ:28,232,5,-28,203
IQ:29,240,255,187,95
IQ:30,248,12,106,-83
IQ:31,256,255,-82,-88
IQ:32,264,1,-75,43
IQ:33,272,255,40,55
IQ:34,280,2,22,-32
IQ:35,288,255,-67,23
SW:2
RR:3
SS:3
FR:2426
ME:356
MA:5
KE:7
KA:15
DF_END

Data arrived...
DF_BEGIN
IQ:0,0,11,80,140
IQ:1,8,11,120,-108
IQ:2,16,11,-118,-107
IQ:3,24,11,-99,125
IQ:4,32,11,129,85
IQ:5,40,11,79,-144
IQ:6,48,11,-148,-82
IQ:7,56,11,-66,146
IQ:8,72,12,126,-134
IQ:9,80,255,-109,-144
IQ:10,88,1,-146,78
IQ:11,96,255,59,148
IQ:12,104,2,125,32
IQ:13,112,255,13,-31
IQ:14,120,10,-5,186
IQ:15,128,255,167,94
IQ:16,136,3,144,56
IQ:17,144,255,29,-16
IQ:18,152,9,-7,160
IQ:19,160,255,97,74
IQ:20,168,4,19,98
IQ:21,176,255,13,83
IQ:22,184,8,-64,207
IQ:23,192,255,164,78
IQ:24,200,7,119,-70
IQ:25,208,255,-4,-62
IQ:26,216,6,67,28
IQ:27,224,255,13,25
IQ:28,232,5,40,177
IQ:29,240,255,184,85
IQ:30,248,12,185,56
IQ:31,256,255,58,-164
IQ:32,264,1,-132,-104
IQ:33,272,255,-108,125
IQ:34,280,2,22,126
IQ:35,288,255,38,31
SW:2
RR:3
SS:3
FR:2402
ME:24
MA:52
KE:9
KA:19
DF_END

Data arrived...
DF_BEGIN
IQ:0,0,11,124,-135
IQ:1,8,11,-148,-118
IQ:2,16,11,-108,148
IQ:3,24,11,150,85
IQ:4,32,11,60,-172
IQ:5,40,11,-183,-49
IQ:6,48,11,-32,183
IQ:7,56,11,186,12
IQ:8,72,12,-113,-112
IQ:9,80,255,-114,90
IQ:10,88,1,57,100
IQ:11,96,255,89,-47
IQ:12,104,2,-27,-45
IQ:13,112,255,23,31
IQ:14,120,10,242,-17
IQ:15,128,255,55,-188
IQ:16,136,3,-24,-14
IQ:17,144,255,43,45
IQ:18,152,9,162,-40
IQ:19,160,255,-1,-128
IQ:20,168,4,1,6
IQ:21,176,255,51,34
IQ:22,184,8,130,23
IQ:23,192,255,23,-106
IQ:24,200,7,-75,-49
IQ:25,208,255,-28,22
IQ:26,216,6,25,-67
IQ:27,224,255,-35,-9
IQ:28,232,5,75,52
IQ:29,240,255,100,-75
IQ:30,248,12,37,-162
IQ:31,256,255,-135,-44
IQ:32,264,1,-50,100
IQ:33,272,255,88,48
IQ:34,280,2,37,-42
IQ:35,288,255,8,17
SW:2
RR:3
SS:3
FR:2480
ME:359
MA:353
KE:7
KA:16
DF_END

Data arrived...
DF_BEGIN
IQ:0,0,11,149,71
IQ:1,8,11,62,-160
IQ:2,16,11,-160,-48
IQ:3,24,11,-21,168
IQ:4,32,11,170,5
IQ:5,40,11,-1,-168
IQ:6,48,11,-162,10
IQ:7,56,11,36,162
IQ:8,72,12,-12,-128
IQ:9,80,255,-119,3
IQ:10,88,1,-17,91
IQ:11,96,255,69,10
IQ:12,104,2,2,-43
IQ:13,112,255,-26,55
IQ:14,120,10,120,136
IQ:15,128,255,132,-52
IQ:16,136,3,-19,31
IQ:17,144,255,10,85
IQ:18,152,9,88,84
IQ:19,160,255,50,-45
IQ:20,168,4,-74,65
IQ:21,176,255,14,117
IQ:22,184,8,8,77
IQ:23,192,255,50,-1
IQ:24,200,7,34,-25
IQ:25,208,255,30,-12
IQ:26,216,6,79,-20
IQ:27,224,255,-42,-27
IQ:28,232,5,-44,194
IQ:29,240,255,171,87
IQ:30,248,12,105,-69
IQ:31,256,255,-59,-104
IQ:32,264,1,-80,29
IQ:33,272,255,35,66
IQ:34,280,2,32,-27
IQ:35,288,255,-52,17
SW:2
RR:3
SS:3
FR:2426
ME:359
MA:5
KE:6
KA:15
DF_END

Data arrived...
DF_BEGIN
IQ:0,0,11,156,-16
IQ:1,8,11,-48,-150
IQ:2,16,11,-145,46
IQ:3,24,11,65,140
IQ:4,32,11,134,-71
IQ:5,40,11,-85,-131
IQ:6,48,11,-123,100
IQ:7,56,11,95,105
IQ:8,72,12,-49,-166
IQ:9,80,255,-160,46
IQ:10,88,1,-18,160
IQ:11,96,255,148,34
IQ:12,104,2,106,-92
IQ:13,112,255,-10,-38
IQ:14,120,10,183,76
IQ:15,128,255,148,-118
IQ:16,136,3,113,-109
IQ:17,144,255,1,-42
IQ:18,152,9,144,50
IQ:19,160,255,101,-59
IQ:20,168,4,109,43
IQ:21,176,255,96,12
IQ:22,184,8,135,140
IQ:23,192,255,135,-89
IQ:24,200,7,0,-139
IQ:25,208,255,-62,-32
IQ:26,216,6,49,-50
IQ:27,224,255,15,-5
IQ:28,232,5,194,42
IQ:29,240,255,164,-130
IQ:30,248,12,113,-130
IQ:31,256,255,-127,-103
IQ:32,264,1,-142,72
IQ:33,272,255,57,140
IQ:34,280,2,137,40
IQ:35,288,255,51,-39
SW:2
RR:3
SS:3
FR:2402
ME:24
MA:52
KE:8
KA:18
DF_END

Data arrived...
DF_BEGIN
IQ:0,0,11,-142,133
IQ:1,8,11,141,136
IQ:2,16,11,120,-146
IQ:3,24,11,-160,-98
IQ:4,32,11,-91,171
IQ:5,40,11,172,66
IQ:6,48,11,41,-188
IQ:7,56,11,-184,-32
IQ:8,72,12,110,117
IQ:9,80,255,108,-96
IQ:10,88,1,-47,-104
IQ:11,96,255,-91,31
IQ:12,104,2,10,50
IQ:13,112,255,-27,-33
IQ:14,120,10,-255,13
IQ:15,128,255,-74,181
IQ:16,136,3,22,14
IQ:17,144,255,-49,-58
IQ:18,152,9,-177,20
IQ:19,160,255,-18,125
IQ:20,168,4,-6,-16
IQ:21,176,255,-64,-38
IQ:22,184,8,-125,-23
IQ:23,192,255,-12,95
IQ:24,200,7,64,39
IQ:25,208,255,16,-25
IQ:26,216,6,-28,64
IQ:27,224,255,32,3
IQ:28,232,5,-75,-68
IQ:29,240,255,-116,69
IQ:30,248,12,-47,154
IQ:31,256,255,131,49
IQ:32,264,1,48,-104
IQ:33,272,255,-85,-54
IQ:34,280,2,-43,40
IQ:35,288,255,-17,-28
SW:2
RR:3
SS:3
FR:2480
ME:356
MA:353
KE:6
KA:16
DF_END

Data arrived...
DF_BEGIN
IQ:0,0,11,101,-159
IQ:1,8,11,-169,-92
IQ:2,16,11,-79,170
IQ:3,24,11,182,47
IQ:4,32,11,40,-190
IQ:5,40,11,-181,-42
IQ:6,48,11,-20,188
IQ:7,56,11,188,-9
IQ:8,72,12,-120,-102
IQ:9,80,255,-93,103
IQ:10,88,1,62,86
IQ:11,96,255,70,-58
IQ:12,104,2,-21,-49
IQ:13,112,255,29,28
IQ:14,120,10,242,-51
IQ:15,128,255,29,-191
IQ:16,136,3,-18,-17
IQ:17,144,255,59,41
IQ:18,152,9,158,-52
IQ:19,160,255,9,-126
IQ:20,168,4,12,14
IQ:21,176,255,66,14
IQ:22,184,8,133,3
IQ:23,192,255,16,-102
IQ:24,200,7,-70,-35
IQ:25,208,255,-12,27
IQ:26,216,6,18,-61
IQ:27,224,255,-29,-2
IQ:28,232,5,82,41
IQ:29,240,255,88,-98
IQ:30,248,12,22,-163
IQ:31,256,255,-141,-40
IQ:32,264,1,-48,97
IQ:33,272,255,83,35
IQ:34,280,2,40,-40
IQ:35,288,255,16,18
SW:2
RR:3
SS:3
FR:2480
ME:356
MA:353
KE:5
KA:13
DF_END

Data arrived...
DF_BEGIN
IQ:0,0,11,-85,-144
IQ:1,8,11,-136,97
IQ:2,16,11,118,125
IQ:3,24,11,122,-118
IQ:4,32,11,-132,-117
IQ:5,40,11,-96,144
IQ:6,48,11,152,69
IQ:7,56,11,58,-167
IQ:8,72,12,-66,107
IQ:9,80,255,102,62
IQ:10,88,1,56,-58
IQ:11,96,255,-47,-42
IQ:12,104,2,-9,29
IQ:13,112,255,49,-39
IQ:14,120,10,-19,-186
IQ:15,128,255,-122,-37
IQ:16,136,3,34,-25
IQ:17,144,255,38,-78
IQ:18,152,9,-20,-114
IQ:19,160,255,-64,14
IQ:20,168,4,110,-7
IQ:21,176,255,45,-105
IQ:22,184,8,33,-63
IQ:23,192,255,-31,-25
IQ:24,200,7,-40,-16
IQ:25,208,255,-36,-11
IQ:26,216,6,-76,-16
IQ:27,224,255,33,41
IQ:28,232,5,126,-150
IQ:29,240,255,-102,-172
IQ:30,248,12,-140,-17
IQ:31,256,255,-21,111
IQ:32,264,1,77,24
IQ:33,272,255,11,-64
IQ:34,280,2,-31,0
IQ:35,288,255,63,8
SW:2
RR:3