IQ:7,56,11,-25,146
IQ:8,72,12,90,-140
IQ:9,80,255,-128,-111
IQ:10,88,1,-144,90
IQ:11,96,255,79,145
IQ:12,104,2,164,11
IQ:13,112,255,14,-55
IQ:14,120,10,42,176
IQ:15,128,255,190,39
IQ:16,136,3,184,9
IQ:17,144,255,29,-42
IQ:18,152,9,45,153
IQ:19,160,255,118,50
IQ:20,168,4,62,84
IQ:21,176,255,32,54
IQ:22,184,8,-23,221
IQ:23,192,255,174,62
IQ:24,200,7,117,-99
IQ:25,208,255,-26,-83
IQ:26,216,6,59,34
IQ:27,224,255,28,22
IQ:28,232,5,77,148
IQ:29,240,255,178,20
IQ:30,248,12,166,-3
IQ:31,256,255,19,-160
IQ:32,264,1,-159,-83
IQ:33,272,255,-78,149
IQ:34,280,2,83,138
IQ:35,288,255,62,3
SW:2
RR:3
SS:3
FR:2402
ME:21
MA:52
KE:17
KA:37
DF_END

Data arrived...
DF_BEGIN
IQ:0,0,11,153,127
IQ:1,8,11,112,-149
IQ:2,16,11,-159,-103
IQ:3,24,11,-85,174
IQ:4,32,11,182,51
IQ:5,40,11,31,-191
IQ:6,48,11,-199,-27
IQ:7,56,11,-3,187
IQ:8,72,12,79,-184
IQ:9,80,255,-195,-105
IQ:10,88,1,-181,135
IQ:11,96,255,127,174
IQ:12,104,2,199,-22
IQ:13,112,255,11,-71
IQ:14,120,10,88,219
IQ:15,128,255,248,36
IQ:16,136,3,228,-21
IQ:17,144,255,19,-58
IQ:18,152,9,56,185
IQ:19,160,255,167,56
IQ:20,168,4,86,97
IQ:21,176,255,48,62
IQ:22,184,8,18,268
IQ:23,192,255,242,42
IQ:24,200,7,139,-156
IQ:25,208,255,-49,-104
IQ:26,216,6,79,23
IQ:27,224,255,49,27
IQ:28,232,5,123,185
IQ:29,240,255,227,4
IQ:30,248,12,215,-19
IQ:31,256,255,-6,-219
IQ:32,264,1,-212,-85
IQ:33,272,255,-82,195
IQ:34,280,2,129,162
IQ:35,288,255,86,-13
SW:2
RR:3
SS:3
FR:2402
ME:24
MA:52
KE:18
KA:39
DF_END

Data arrived...
DF_BEGIN
IQ:0,0,11,80,160
IQ:1,8,11,154,-109
IQ:2,16,11,-99,-159
IQ:3,24,11,-134,119
IQ:4,32,11,150,108
IQ:5,40,11,104,-157
IQ:6,48,11,-167,-94
IQ:7,56,11,-71,163
IQ:8,72,12,135,-72
IQ:9,80,255,-47,-130
IQ:10,88,1,-106,9
IQ:11,96,255,5,88
IQ:12,104,2,49,4
IQ:13,112,255,-35,11
IQ:14,120,10,-36,238
IQ:15,128,255,159,97
IQ:16,136,3,24,-11
IQ:17,144,255,-58,26
IQ:18,152,9,-24,163
IQ:19,160,255,114,57
IQ:20,168,4,-3,-3
IQ:21,176,255,-46,40
IQ:22,184,8,-62,116
IQ:23,192,255,91,46
IQ:24,200,7,65,-41
IQ:25,208,255,-12,-32
IQ:26,216,6,53,35
IQ:27,224,255,15,-24
IQ:28,232,5,-70,51
IQ:29,240,255,41,117
IQ:30,248,12,136,73
IQ:31,256,255,84,-115
IQ:32,264,1,-65,-88
IQ:33,272,255,-71,58
IQ:34,280,2,21,41
IQ:35,288,255,-21,10
SW:2
RR:3
SS:3
FR:2480
ME:356
MA:353
KE:15
KA:33
DF_END

Data arrived...
DF_BEGIN
IQ:0,0,11,-34,178
IQ:1,8,11,180,12
IQ:2,16,11,-9,-184
IQ:3,24,11,-188,33
IQ:4,32,11,44,177
IQ:5,40,11,168,-68
IQ:6,48,11,-81,-167
IQ:7,56,11,-172,83
IQ:8,72,12,117,-41
IQ:9,80,255,-47,-108
IQ:10,88,1,-88,15
IQ:11,96,255,15,72
IQ:12,104,2,26,-23
IQ:13,112,255,-77,4
IQ:14,120,10,-98,178
IQ:15,128,255,87,110
IQ:16,136,3,-52,-9
IQ:17,144,255,-85,51
IQ:18,152,9,-57,120
IQ:19,160,255,62,39
IQ:20,168,4,-97,-59
IQ:21,176,255,-112,61
IQ:22,184,8,-69,37
IQ:23,192,255,13,40
IQ:24,200,7,0,30
IQ:25,208,255,18,45
IQ:26,216,6,64,66
IQ:27,224,255,4,-69
IQ:28,232,5,-203,24
IQ:29,240,255,-28,201
IQ:30,248,12,111,83
IQ:31,256,255,73,-99
IQ:32,264,1,-61,-62
IQ:33,272,255,-46,54
IQ:34,280,2,31,7
IQ:35,288,255,-53,-51
SW:2
RR:3
SS:3
FR:2426
ME:356
MA:5
KE:13
KA:29
DF_END

Data arrived...
DF_BEGIN
IQ:0,0,11,-153,100
IQ:1,8,11,98,149
IQ:2,16,11,125,-127
IQ:3,24,11,-139,-107
IQ:4,32,11,-102,152
IQ:5,40,11,151,89
IQ:6,48,11,54,-165
IQ:7,56,11,-173,-55
IQ:8,72,12,68,133
IQ:9,80,255,125,-60
IQ:10,88,1,-23,-118
IQ:11,96,255,-101,15
IQ:12,104,2,-3,56
IQ:13,112,255,-21,-25
IQ:14,120,10,-240,-27
IQ:15,128,255,-102,167
IQ:16,136,3,7,30
IQ:17,144,255,-40,-55
IQ:18,152,9,-174,-9
IQ:19,160,255,-55,118
IQ:20,168,4,-4,-4
IQ:21,176,255,-47,-43
IQ:22,184,8,-134,-57
IQ:23,192,255,-54,101
IQ:24,200,7,57,58
IQ:25,208,255,30,-18
IQ:26,216,6,-46,46
IQ:27,224,255,18,12
IQ:28,232,5,-68,-62
IQ:29,240,255,-114,52
IQ:30,248,12,-76,136
IQ:31,256,255,114,80
IQ:32,264,1,84,-81
IQ:33,272,255,-70,-70
IQ:34,280,2,-52,26
IQ:35,288,255,-13,-17
SW:2
RR:3
SS:3
FR:2480
ME:27
MA:49
KE:15
KA:32
DF_END

Data arrived...
DF_BEGIN
IQ:0,0,11,34,-183
IQ:1,8,11,-173,-7
IQ:2,16,11,16,187
IQ:3,24,11,185,-17
IQ:4,32,11,-37,-178
IQ:5,40,11,-172,52
IQ:6,48,11,88,155
IQ:7,56,11,155,-100
IQ:8,72,12,-123,59
IQ:9,80,255,31,110
IQ:10,88,1,83,-21
IQ:11,96,255,-22,-71
IQ:12,104,2,-24,20
IQ:13,112,255,74,-2
IQ:14,120,10,87,-173
IQ:15,128,255,-104,-105
IQ:16,136,3,49,5
IQ:17,144,255,78,-61
IQ:18,152,9,43,-127
IQ:19,160,255,-70,-35
IQ:20,168,4,96,45
IQ:21,176,255,95,-64
IQ:22,184,8,64,-45
IQ:23,192,255,-15,-44
IQ:24,200,7,-5,-36
IQ:25,208,255,-19,-53
IQ:26,216,6,-60,-62
IQ:27,224,255,5,67
IQ:28,232,5,198,-40
IQ:29,240,255,13,-202
IQ:30,248,12,-109,-82
IQ:31,256,255,-65,91
IQ:32,264,1,67,49
IQ:33,272,255,45,-59
IQ:34,280,2,-38,-13
IQ:35,288,255,45,50
SW:2
RR:3
SS:3
FR:2426
ME:356
MA:5
KE:13
KA:28
DF_END

Data arrived...
DF_BEGIN
IQ:0,0,11,-178,-77
IQ:1,8,11,-59,170
IQ:2,16,11,178,29
IQ:3,24,11,16,-185
IQ:4,32,11,-186,-2
IQ:5,40,11,12,177
IQ:6,48,11,177,-51
IQ:7,56,11,-50,-174
IQ:8,72,12,25,122
IQ:9,80,255,115,-20
IQ:10,88,1,1,-84
IQ:11,96,255,-69,7
IQ:12,104,2,12,31
IQ:13,112,255,18,-66
IQ:14,120,10,-149,-135
IQ:15,128,255,-123,69
IQ:16,136,3,17,-48
IQ:17,144,255,-35,-96
IQ:18,152,9,-109,-72
IQ:19,160,255,-50,46
IQ:20,168,4,74,-83
IQ:21,176,255,-36,-117
IQ:22,184,8,-25,-78
IQ:23,192,255,-40,7
IQ:24,200,7,-30,2
IQ:25,208,255,-52,8
IQ:26,216,6,-74,43
IQ:27,224,255,62,16
IQ:28,232,5,6,-200
IQ:29,240,255,-195,-74
IQ:30,248,12,-97,88
IQ:31,256,255,78,85
IQ:32,264,1,73,-50
IQ:33,272,255,-42,-60
IQ:34,280,2,-18,30
IQ:35,288,255,61,-32
SW:2
RR:3
SS:3
FR:2426
ME:356
MA:5
KE:11
KA:25
DF_END

Data arrived...
DF_BEGIN
IQ:0,0,11,81,-131
IQ:1,8,11,-137,-71
IQ:2,16,11,-60,142
IQ:3,24,11,146,45
IQ:4,32,11,34,-152
IQ:5,40,11,-151,-13
IQ:6,48,11,2,151
IQ:7,56,11,153,-30
IQ:8,72,12,-152,-46
IQ:9,80,255,-58,158
IQ:10,88,1,129,122
IQ:11,96,255,128,-113
IQ:12,104,2,-27,-150
IQ:13,112,255,-55,-8
IQ:14,120,10,158,-106
IQ:15,128,255,-5,-200
IQ:16,136,3,-40,-175
IQ:17,144,255,-53,-19
IQ:18,152,9,131,-72
IQ:19,160,255,16,-130
IQ:20,168,4,68,-76
IQ:21,176,255,51,-55
IQ:22,184,8,208,-45
IQ:23,192,255,7,-189
IQ:24,200,7,-128,-94
IQ:25,208,255,-79,39
IQ:26,216,6,6,-71
IQ:27,224,255,21,-35
IQ:28,232,5,125,-121
IQ:29,240,255,-34,-185
IQ:30,248,12,-57,-162
IQ:31,256,255,-156,25
IQ:32,264,1,-45,169
IQ:33,272,255,156,48
IQ:34,280,2,106,-108
IQ:35,288,255,-12,-58
SW:2
RR:3
SS:3
FR:2402
ME:24
MA:52
KE:12
KA:27
DF_END

Data arrived...
DF_BEGIN
IQ:0,0,11,-125,130
IQ:1,8,11,133,112
IQ:2,16,11,97,-153
IQ:3,24,11,-161,-92
IQ:4,32,11,-78,160
IQ:5,40,11,169,49
IQ:6,48,11,25,-186
IQ:7,56,11,-184,-23
IQ:8,72,12,100,105
IQ:9,80,255,107,-95
IQ:10,88,1,-43,-103
IQ:11,96,255,-93,29
IQ:12,104,2,13,49
IQ:13,112,255,-23,-31
IQ:14,120,10,-238,24
IQ:15,128,255,-51,184
IQ:16,136,3,11,17
IQ:17,144,255,-50,-47
IQ:18,152,9,-171,43
IQ:19,160,255,-20,126
IQ:20,168,4,-6,-3
IQ:21,176,255,-57,-30
IQ:22,184,8,-142,-24
IQ:23,192,255,-20,101
IQ:24,200,7,70,38
IQ:25,208,255,22,-36
IQ:26,216,6,-25,52
IQ:27,224,255,24,6
IQ:28,232,5,-75,-53
IQ:29,240,255,-103,69
IQ:30,248,12,-35,145
IQ:31,256,255,134,38
IQ:32,264,1,56,-98
IQ:33,272,255,-91,-52
IQ:34,280,2,-36,35
IQ:35,288,255,-13,-11
SW:2
RR:3
SS:3
FR:2480
ME:27
MA:49
KE:13
KA:30
DF_END

Data arrived...
DF_BEGIN
IQ:0,0,11,-125,142
IQ:1,8,11,145,111
IQ:2,16,11,83,-164
IQ:3,24,11,-174,-60
IQ:4,32,11,-56,177
IQ:5,40,11,179,41
IQ:6,48,11,22,-186
IQ:7,56,11,-186,-6
IQ:8,72,12,127,12
IQ:9,80,255,14,-125
IQ:10,88,1,-86,-28
IQ:11,96,255,-17,72
IQ:12,104,2,33,-4
IQ:13,112,255,-71,-33
IQ:14,120,10,-170,116
IQ:15,128,255,31,137
IQ:16,136,3,-40,-29
IQ:17,144,255,-99,7
IQ:18,152,9,-109,85
IQ:19,160,255,47,57
IQ:20,168,4,-44,-103
IQ:21,176,255,-124,-4
IQ:22,184,8,-76,3
IQ:23,192,255,0,40
IQ:24,200,7,-12,24
IQ:25,208,255,-5,50
IQ:26,216,6,23,88
IQ:27,224,255,30,-58
IQ:28,232,5,-189,-84
IQ:29,240,255,-130,160
IQ:30,248,12,52,125
IQ:31,256,255,110,-50
IQ:32,264,1,-25,-85
IQ:33,272,255,-66,22
IQ:34,280,2,25,28
IQ:35,288,255,-20,-72
SW:2
RR:3
SS:3
FR:2426
ME:356
MA:5
KE:11
KA:26
DF_END

Data arrived...
DF_BEGIN
IQ:0,0,11,-60,177
IQ:1,8,11,175,44
IQ:2,16,11,21,-187
IQ:3,24,11,-179,-23
IQ:4,32,11,7,185
IQ:5,40,11,176,-29
IQ:6,48,11,-54,-178
IQ:7,56,11,-175,60
IQ:8,72,12,126,-31
IQ:9,80,255,-17,-121
IQ:10,88,1,-84,13
IQ:11,96,255,18,70
IQ:12,104,2,32,-22
IQ:13,112,255,-76,-18
IQ:14,120,10,-128,152
IQ:15,128,255,82,121
IQ:16,136,3,-41,-15
IQ:17,144,255,-94,40
IQ:18,152,9,-73,112
IQ:19,160,255,59,43
IQ:20,168,4,-83,-69
IQ:21,176,255,-116,38
IQ:22,184,8,-75,30
IQ:23,192,255,10,34
IQ:24,200,7,-2,24
IQ:25,208,255,11,51
IQ:26,216,6,51,79
IQ:27,224,255,11,-71
IQ:28,232,5,-205,-19
IQ:29,240,255,-63,194
IQ:30,248,12,101,94
IQ:31,256,255,83,-87
IQ:32,264,1,-57,-67
IQ:33,272,255,-54,52
IQ:34,280,2,30,17
IQ:35,288,255,-29,-62
SW:2
RR:3
SS:3
FR:2426
ME:356
MA:5
KE:9
KA:24
DF_END

Data arrived...
DF_BEGIN
IQ:0,0,11,125,-84
IQ:1,8,11,-85,-119
IQ:2,16,11,-113,94
IQ:3,24,11,105,100
IQ:4,32,11,82,-111
IQ:5,40,11,-133,-74
IQ:6,48,11,-67,135
IQ:7,56,11,142,49
IQ:8,72,12,-111,-107
IQ:9,80,255,-120,107
IQ:10,88,1,59,169
IQ:11,96,255,162,-47
IQ:12,104,2,33,-155
IQ:13,112,255,-46,-34
IQ:14,120,10,193,0
IQ:15,128,255,92,-181
IQ:16,136,3,55,-169
IQ:17,144,255,-41,-32
IQ:18,152,9,152,-5
IQ:19,160,255,71,-108
IQ:20,168,4,91,-43
IQ:21,176,255,55,-26
IQ:22,184,8,211,61
IQ:23,192,255,87,-160
IQ:24,200,7,-86,-145
IQ:25,208,255,-94,8
IQ:26,216,6,31,-57
IQ:27,224,255,36,-32
IQ:28,232,5,173,-62
IQ:29,240,255,60,-169
IQ:30,248,12,33,-163
IQ:31,256,255,-153,-52
IQ:32,264,1,-117,131
IQ:33,272,255,120,111
IQ:34,280,2,145,-61
IQ:35,288,255,11,-64
SW:2
RR:3
SS:3
FR:2402
ME:24
MA:52
KE:10
KA:26
DF_END

Data arrived...
DF_BEGIN
IQ:0,0,11,-42,-176
IQ:1,8,11,-167,53
IQ:2,16,11,71,162
IQ:3,24,11,159,-87
IQ:4,32,11,-99,-151
IQ:5,40,11,-137,112
IQ:6,48,11,137,115
IQ:7,56,11,108,-146
IQ:8,72,12,-149,32
IQ:9,80,255,2,137
IQ:10,88,1,108,21
IQ:11,96,255,22,-99
IQ:12,104,2,-49,-18
IQ:13,112,255,35,-4
IQ:14,120,10,99,-215
IQ:15,128,255,-128,-140
IQ:16,136,3,-28,-7
IQ:17,144,255,61,-14
IQ:18,152,9,70,-154
IQ:19,160,255,-85,-91
IQ:20,168,4,8,-3
IQ:21,176,255,55,-27
IQ:22,184,8,88,-106
IQ:23,192,255,-72,-79
IQ:24,200,7,-76,24
IQ:25,208,255,12,34
IQ:26,216,6,-24,-49
IQ:27,224,255,-20,19
IQ:28,232,5,80,-23
IQ:29,240,255,-8,-122
IQ:30,248,12,-97,-112
IQ:31,256,255,-111,80
IQ:32,264,1,50,105
IQ:33,272,255,93,-30
IQ:34,280,2,-11,-48
IQ:35,288,255,22,3
SW:2
RR:3
SS:3
FR:2480
ME:30
MA:49
KE:12
KA:29
DF_END

Data arrived...
DF_BEGIN
IQ:0,0,11,-49,-184
IQ:1,8,11,-170,56
IQ:2,16,11,76,167
IQ:3,24,11,150,-90
IQ:4,32,11,-115,-147
IQ:5,40,11,-141,122
IQ:6,48,11,136,121
IQ:7,56,11,120,-142
IQ:8,72,12,-93,86
IQ:9,80,255,83,90
IQ:10,88,1,62,-48
IQ:11,96,255,-55,-49
IQ:12,104,2,-17,29
IQ:13,112,255,66,-35
IQ:14,120,10,14,-196
IQ:15,128,255,-136,-62
IQ:16,136,3,37,-15
IQ:17,144,255,55,-87
IQ:18,152,9,-6,-129
IQ:19,160,255,-71,-1
IQ:20,168,4,108,10
IQ:21,176,255,76,-96
IQ:22,184,8,50,-63
IQ:23,192,255,-30,-28
IQ:24,200,7,-19,-33
IQ:25,208,255,-44,-41
IQ:26,216,6,-79,-35
IQ:27,224,255,27,59
IQ:28,232,5,176,-111
IQ:29,240,255,-55,-201
IQ:30,248,12,-133,-26
IQ:31,256,255,-31,116
IQ:32,264,1,75,22
IQ:33,272,255,8,-70
IQ:34,280,2,-36,3
IQ:35,288,255,62,31
SW:2
RR:3
SS:3
FR:2426
ME:353
MA:5
KE:10
KA:26
DF_END

Data arrived...
DF_BEGIN
IQ:0,0,11,-36,175
IQ:1,8,11,190,16
IQ:2,16,11,-1,-181
IQ:3,24,11,-192,7
IQ:4,32,11,26,185
IQ:5,40,11,170,-64
IQ:6,48,11,-62,-180
IQ:7,56,11,-165,74
IQ:8,72,12,201,-12
IQ:9,80,255,6,-220
IQ:10,88,1,-213,-99
IQ:11,96,255,-114,192
IQ:12,104,2,119,166
IQ:13,112,255,79,-32
IQ:14,120,10,-158,176
IQ:15,128,255,84,246
IQ:16,136,3,132,189
IQ:17,144,255,57,-23
IQ:18,152,9,-118,154
IQ:19,160,255,34,164
IQ:20,168,4,-25,124
IQ:21,176,255,-21,66
IQ:22,184,8,-244,146
IQ:23,192,255,63,233
IQ:24,200,7,206,35
IQ:25,208,255,56,-108
IQ:26,216,6,9,88
IQ:27,224,255,1,61
IQ:28,232,5,-81,208
IQ:29,240,255,116,186
IQ:30,248,12,110,179
IQ:31,256,255,178,-87
IQ:32,264,1,-23,-235
IQ:33,272,255,-211,17
IQ:34,280,2,-83,186
IQ:35,288,255,58,69
SW:2
RR:3
SS:3
FR:2402
ME:21
MA:55
KE:11
KA:29
DF_END

Data arrived...
DF_BEGIN
IQ:0,0,11,-161,61
IQ:1,8,11,68,158
IQ:2,16,11,146,-102
IQ:3,24,11,-113,-170
IQ:4,32,11,-158,94
IQ:5,40,11,99,137
IQ:6,48,11,88,-118
IQ:7,56,11,-176,-115
IQ:8,72,12,35,137
IQ:9,80,255,140,-21
IQ:10,88,1,15,-113
IQ:11,96,255,-92,-10
IQ:12,104,2,-22,58
IQ:13,112,255,-11,-32
IQ:14,120,10,-218,-105
IQ:15,128,255,-144,118
IQ:16,136,3,-6,14
IQ:17,144,255,-22,-61
IQ:18,152,9,-172,-54
IQ:19,160,255,-82,102
IQ:20,168,4,-4,-5
IQ:21,176,255,-26,-57
IQ:22,184,8,-98,-84
IQ:23,192,255,-66,69
IQ:24,200,7,26,69
IQ:25,208,255,25,-17
IQ:26,216,6,-64,18
IQ:27,224,255,0,11
IQ:28,232,5,-33,-97
IQ:29,240,255,-119,-8
IQ:30,248,12,-111,89
IQ:31,256,255,99,104
IQ:32,264,1,102,-50
IQ:33,272,255,-32,-89
IQ:34,280,2,-61,8
IQ:35,288,255,-19,-29
SW:2
RR:3
SS:3
FR:2480
ME:24
MA:52
KE:12
KA:31
DF_END

Data arrived...
DF_BEGIN
IQ:0,0,11,-79,167
IQ:1,8,11,169,64
IQ:2,16,11,44,-166
IQ:3,24,11,-179,-17
IQ:4,32,11,-13,181
IQ:5,40,11,179,6
IQ:6,48,11,-34,-170
IQ:7,56,11,-178,53
IQ:8,72,12,127,68
IQ:9,80,255,77,-115
IQ:10,88,1,-75,-76
IQ:11,96,255,-78,62
IQ:12,104,2,31,40
IQ:13,112,255,-34,-15
IQ:14,120,10,-207,98
IQ:15,128,255,8,184
IQ:16,136,3,21,21
IQ:17,144,255,-59,-27
IQ:18,152,9,-140,96
IQ:19,160,255,32,127
IQ:20,168,4,-11,-3
IQ:21,176,255,-66,-8
IQ:22,184,8,-144,13
IQ:23,192,255,5,104
IQ:24,200,7,81,16
IQ:25,208,255,9,-36
IQ:26,216,6,-13,59
IQ:27,224,255,20,-1
IQ:28,232,5,-82,-23
IQ:29,240,255,-70,99
IQ:30,248,12,13,151
IQ:31,256,255,135,-5
IQ:32,264,1,27,-111
IQ:33,272,255,-93,-19
IQ:34,280,2,-21,48
IQ:35,288,255,-22,-10
SW:2
RR:3
SS:3
FR:2480
ME:27
MA:47
KE:14
KA:33
DF_END

Data arrived...
DF_BEGIN
IQ:0,0,11,39,184
IQ:1,8,11,176,-58
IQ:2,16,11,-81,-169
IQ:3,24,11,-159,94
IQ:4,32,11,118,146
IQ:5,40,11,145,-128
IQ:6,48,11,-130,-136
IQ:7,56,11,-123,142
IQ:8,72,12,90,-89
IQ:9,80,255,-90,-81
IQ:10,88,1,-63,51
IQ:11,96,255,48,55
IQ:12,104,2,13,-35
IQ:13,112,255,-68,35
IQ:14,120,10,-15,195
IQ:15,128,255,125,59
IQ:16,136,3,-52,6
IQ:17,144,255,-65,90
IQ:18,152,9,2,134
IQ:19,160,255,65,1
IQ:20,168,4,-114,-20
IQ:21,176,255,-76,104
IQ:22,184,8,-51,55
IQ:23,192,255,23,24
IQ:24,200,7,9,33
IQ:25,208,255,45,37
IQ:26,216,6,82,31
IQ:27,224,255,-28,-71
IQ:28,232,5,-193,77
IQ:29,240,255,34,203
IQ:30,248,12,128,25
IQ:31,256,255,24,-113
IQ:32,264,1,-79,-24
IQ:33,272,255,-19,66
IQ:34,280,2,32,-9
IQ:35,288,255,-74,-36
SW:2
RR:3
SS:3
FR:2426
ME:356
MA:5
KE:12
KA:30
DF_END

Data arrived...
DF_BEGIN
IQ:0,0,11,78,163
IQ:1,8,11,150,-113
IQ:2,16,11,-105,-153
IQ:3,24,11,-141,115
IQ:4,32,11,134,121
IQ:5,40,11,102,-154
IQ:6,48,11,-155,-93
IQ:7,56,11,-85,160
IQ:8,72,12,154,-132
IQ:9,80,255,-124,-169
IQ:10,88,1,-229,46
IQ:11,96,255,36,208
IQ:12,104,2,194,65
IQ:13,112,255,46,-67
IQ:14,120,10,-5,235
IQ:15,128,255,211,135
IQ:16,136,3,220,84
IQ:17,144,255,50,-65
IQ:18,152,9,-16,194
IQ:19,160,255,135,117
IQ:20,168,4,71,125
IQ:21,176,255,28,61
IQ:22,184,8,-108,248
IQ:23,192,255,204,125
IQ:24,200,7,183,-103
IQ:25,208,255,-15,-125
IQ:26,216,6,53,42
IQ:27,224,255,34,48
IQ:28,232,5,72,212
IQ:29,240,255,206,80
IQ:30,248,12,204,56
IQ:31,256,255,73,-192
IQ:32,264,1,-166,-161
IQ:33,272,255,-159,147
IQ:34,280,2,54,199
IQ:35,288,255,99,27
SW:2
RR:3
SS:3
FR:2402
ME:24
MA:52
KE:13
KA:33
DF_END

Data arrived...
DF_BEGIN
IQ:0,0,11,-140,-116
IQ:1,8,11,-108,141
IQ:2,16,11,147,87
IQ:3,24,11,64,-168
IQ:4,32,11,-166,-58
IQ:5,40,11,-36,171
IQ:6,48,11,174,14
IQ:7,56,11,1,-182
IQ:8,72,12,-102,116
IQ:9,80,255,112,95
IQ:10,88,1,90,-71
IQ:11,96,255,-49,-92
IQ:12,104,2,-52,12
IQ:13,112,255,24,-24
IQ:14,120,10,-53,-243
IQ:15,128,255,-189,-36
IQ:16,136,3,-25,16
IQ:17,144,255,43,-48
IQ:18,152,9,-51,-170
IQ:19,160,255,-128,-18
IQ:20,168,4,0,-8
IQ:21,176,255,22,-65
IQ:22,184,8,16,-150
IQ:23,192,255,-108,-18
IQ:24,200,7,-29,79
IQ:25,208,255,36,12
IQ:26,216,6,-55,-28
IQ:27,224,255,-10,22
IQ:28,232,5,39,-80
IQ:29,240,255,-81,-94
IQ:30,248,12,-158,-27
IQ:31,256,255,-36,137
IQ:32,264,1,109,47
IQ:33,272,255,46,-93
IQ:34,280,2,-43,-35
IQ:35,288,255,13,-16
SW:2
RR:3
SS:3
FR:2480
ME:27
MA:49
KE:15
KA:35
DF_END

Data arrived...
DF_BEGIN
IQ:0,0,11,-117,84
IQ:1,8,11,98,100
IQ:2,16,11,87,-120
IQ:3,24,11,-122,-84
IQ:4,32,11,-72,117
IQ:5,40,11,129,52
IQ:6,48,11,33,-131
IQ:7,56,11,-152,-15
IQ:8,72,12,99,22
IQ:9,80,255,28,-95
IQ:10,88,1,-55,-25
IQ:11,96,255,-11,51
IQ:12,104,2,29,3
IQ:13,112,255,-50,-32
IQ:14,120,10,-147,52
IQ:15,128,255,3,113
IQ:16,136,3,-23,-26
IQ:17,144,255,-85,-3
IQ:18,152,9,-91,53
IQ:19,160,255,19,51
IQ:20,168,4,-41,-83
IQ:21,176,255,-100,-6
IQ:22,184,8,-53,-3
IQ:23,192,255,-5,29
IQ:24,200,7,-9,37
IQ:25,208,255,-18,46
IQ:26,216,6,10,67
IQ:27,224,255,38,-46
IQ:28,232,5,-128,-86
IQ:29,240,255,-125,107
IQ:30,248,12,21,104
IQ:31,256,255,81,-24
IQ:32,264,1,-5,-73
IQ:33,272,255,-43,8
IQ:34,280,2,22,21
IQ:35,288,255,1,-57
SW:2
RR:3
SS:3
FR:2426
ME:356
MA:5
KE:13
KA:32
DF_END

Data arrived...
DF_BEGIN
IQ:0,0,11,-171,47
IQ:1,8,11,66,161
IQ:2,16,11,162,-73
IQ:3,24,11,-88,-157
IQ:4,32,11,-149,99
IQ:5,40,11,123,124
IQ:6,48,11,121,-134
IQ:7,56,11,-137,-114
IQ:8,72,12,75,183
IQ:9,80,255,187,-65
IQ:10,88,1,5,-217
IQ:11,96,255,-214,-30
IQ:12,104,2,-121,164
IQ:13,112,255,47,70
IQ:14,120,10,-229,-55
IQ:15,128,255,-179,168
IQ:16,136,3,-147,200
IQ:17,144,255,39,64
IQ:18,152,9,-167,-56
IQ:19,160,255,-136,90
IQ:20,168,4,-139,34
IQ:21,176,255,-71,25
IQ:22,18