IQ:30,248,12,-146,-94
IQ:31,256,255,-121,117
IQ:32,264,1,89,183
IQ:33,272,255,184,-72
IQ:34,280,2,57,-213
IQ:35,288,255,-83,-90
SW:2
RR:3
SS:3
FR:2402
ME:24
MA:55
KE:14
KA:14
DF_END

Data arrived...
DF_BEGIN
IQ:0,0,11,138,-115
IQ:1,8,11,-137,-127
IQ:2,16,11,-96,152
IQ:3,24,11,164,76
IQ:4,32,11,78,-169
IQ:5,40,11,-176,-59
IQ:6,48,11,-35,172
IQ:7,56,11,178,8
IQ:8,72,12,-122,-116
IQ:9,80,255,-112,92
IQ:10,88,1,49,90
IQ:11,96,255,74,-51
IQ:12,104,2,-15,-37
IQ:13,112,255,28,23
IQ:14,120,10,235,-19
IQ:15,128,255,63,-179
IQ:16,136,3,-13,-10
IQ:17,144,255,59,43
IQ:18,152,9,158,-43
IQ:19,160,255,9,-117
IQ:20,168,4,8,15
IQ:21,176,255,64,28
IQ:22,184,8,126,23
IQ:23,192,255,19,-88
IQ:24,200,7,-70,-43
IQ:25,208,255,-20,23
IQ:26,216,6,20,-58
IQ:27,224,255,-34,1
IQ:28,232,5,79,55
IQ:29,240,255,110,-83
IQ:30,248,12,37,-162
IQ:31,256,255,-134,-44
IQ:32,264,1,-39,95
IQ:33,272,255,86,38
IQ:34,280,2,31,-34
IQ:35,288,255,17,28
SW:2
RR:3
SS:3
FR:2480
ME:359
MA:353
KE:13
KA:11
DF_END

Data arrived...
DF_BEGIN
IQ:0,0,11,64,-161
IQ:1,8,11,-162,-53
IQ:2,16,11,-40,164
IQ:3,24,11,165,20
IQ:4,32,11,14,-175
IQ:5,40,11,-176,5
IQ:6,48,11,18,172
IQ:7,56,11,167,-41
IQ:8,72,12,-131,13
IQ:9,80,255,-3,119
IQ:10,88,1,91,3
IQ:11,96,255,0,-74
IQ:12,104,2,-26,16
IQ:13,112,255,67,18
IQ:14,120,10,133,-138
IQ:15,128,255,-68,-120
IQ:16,136,3,51,12
IQ:17,144,255,91,-33
IQ:18,152,9,77,-108
IQ:19,160,255,-44,-49
IQ:20,168,4,66,70
IQ:21,176,255,112,-29
IQ:22,184,8,75,-13
IQ:23,192,255,-3,-53
IQ:24,200,7,-3,-38
IQ:25,208,255,-11,-53
IQ:26,216,6,-33,-66
IQ:27,224,255,-16,59
IQ:28,232,5,188,23
IQ:29,240,255,71,-183
IQ:30,248,12,-81,-107
IQ:31,256,255,-102,64
IQ:32,264,1,46,81
IQ:33,272,255,61,-40
IQ:34,280,2,-33,-20
IQ:35,288,255,27,61
SW:2
RR:3
SS:3
FR:2426
ME:7
MA:251
KE:12
KA:3
DF_END

Data arrived...
DF_BEGIN
IQ:0,0,11,78,142
IQ:1,8,11,143,-94
IQ:2,16,11,-97,-147
IQ:3,24,11,-131,104
IQ:4,32,11,121,115
IQ:5,40,11,105,-143
IQ:6,48,11,-132,-101
IQ:7,56,11,-84,152
IQ:8,72,12,80,-106
IQ:9,80,255,-92,-77
IQ:10,88,1,-68,64
IQ:11,96,255,53,47
IQ:12,104,2,6,-37
IQ:13,112,255,-54,42
IQ:14,120,10,12,189
IQ:15,128,255,125,44
IQ:16,136,3,-44,26
IQ:17,144,255,-39,91
IQ:18,152,9,15,124
IQ:19,160,255,68,-5
IQ:20,168,4,-98,11
IQ:21,176,255,-49,105
IQ:22,184,8,-43,71
IQ:23,192,255,35,31
IQ:24,200,7,30,19
IQ:25,208,255,40,19
IQ:26,216,6,78,18
IQ:27,224,255,-33,-52
IQ:28,232,5,-146,124
IQ:29,240,255,80,179
IQ:30,248,12,137,21
IQ:31,256,255,19,-113
IQ:32,264,1,-86,-25
IQ:33,272,255,-18,68
IQ:34,280,2,35,-16
IQ:35,288,255,-68,-26
SW:2
RR:3
SS:3
FR:2426
ME:7
MA:259
KE:12
KA:351
DF_END

Data arrived...
DF_BEGIN
IQ:0,0,11,107,94
IQ:1,8,11,68,-146
IQ:2,16,11,-142,-61
IQ:3,24,11,-65,140
IQ:4,32,11,139,63
IQ:5,40,11,45,-150
IQ:6,48,11,-154,-44
IQ:7,56,11,3,156
IQ:8,72,12,98,-142
IQ:9,80,255,-141,-119
IQ:10,88,1,-191,91
IQ:11,96,255,73,202
IQ:12,104,2,208,54
IQ:13,112,255,69,-86
IQ:14,120,10,53,187
IQ:15,128,255,216,56
IQ:16,136,3,244,35
IQ:17,144,255,53,-86
IQ:18,152,9,29,152
IQ:19,160,255,124,88
IQ:20,168,4,103,134
IQ:21,176,255,67,45
IQ:22,184,8,-37,266
IQ:23,192,255,221,98
IQ:24,200,7,182,-140
IQ:25,208,255,-61,-155
IQ:26,216,6,36,31
IQ:27,224,255,53,68
IQ:28,232,5,182,167
IQ:29,240,255,224,-16
IQ:30,248,12,172,-1
IQ:31,256,255,28,-174
IQ:32,264,1,-180,-111
IQ:33,272,255,-129,157
IQ:34,280,2,78,203
IQ:35,288,255,115,30
SW:2
RR:3
SS:3
FR:2402
ME:19
MA:58
KE:12
KA:3
DF_END

Data arrived...
DF_BEGIN
IQ:0,0,11,103,-124
IQ:1,8,11,-136,-89
IQ:2,16,11,-80,141
IQ:3,24,11,141,68
IQ:4,32,11,56,-150
IQ:5,40,11,-150,-34
IQ:6,48,11,-13,156
IQ:7,56,11,152,-2
IQ:8,72,12,-137,-92
IQ:9,80,255,-109,139
IQ:10,88,1,102,178
IQ:11,96,255,184,-79
IQ:12,104,2,31,-216
IQ:13,112,255,-92,-48
IQ:14,120,10,190,-68
IQ:15,128,255,69,-208
IQ:16,136,3,55,-252
IQ:17,144,255,-73,-63
IQ:18,152,9,153,-36
IQ:19,160,255,81,-123
IQ:20,168,4,115,-101
IQ:21,176,255,28,-74
IQ:22,184,8,259,34
IQ:23,192,255,78,-227
IQ:24,200,7,-151,-202
IQ:25,208,255,-148,40
IQ:26,216,6,25,-45
IQ:27,224,255,66,-44
IQ:28,232,5,187,-174
IQ:29,240,255,-11,-231
IQ:30,248,12,15,-182
IQ:31,256,255,-173,-34
IQ:32,264,1,-112,172
IQ:33,272,255,149,127
IQ:34,280,2,196,-87
IQ:35,288,255,28,-108
SW:2
RR:3
SS:3
FR:2402
ME:24
MA:55
KE:14
KA:13
DF_END

Data arrived...
DF_BEGIN
IQ:0,0,11,-114,-147
IQ:1,8,11,-140,125
IQ:2,16,11,141,116
IQ:3,24,11,107,-154
IQ:4,32,11,-160,-95
IQ:5,40,11,-63,173
IQ:6,48,11,171,53
IQ:7,56,11,44,-184
IQ:8,72,12,-122,106
IQ:9,80,255,85,110
IQ:10,88,1,95,-49
IQ:11,96,255,-43,-82
IQ:12,104,2,-42,5
IQ:13,112,255,36,-29
IQ:14,120,10,11,-238
IQ:15,128,255,-169,-79
IQ:16,136,3,-14,9
IQ:17,144,255,52,-50
IQ:18,152,9,-22,-165
IQ:19,160,255,-120,-18
IQ:20,168,4,15,-13
IQ:21,176,255,27,-60
IQ:22,184,8,46,-125
IQ:23,192,255,-84,-39
IQ:24,200,7,-49,63
IQ:25,208,255,19,11
IQ:26,216,6,-54,-34
IQ:27,224,255,-4,28
IQ:28,232,5,61,-77
IQ:29,240,255,-73,-116
IQ:30,248,12,-160,-48
IQ:31,256,255,-68,133
IQ:32,264,1,83,57
IQ:33,272,255,40,-81
IQ:34,280,2,-28,-35
IQ:35,288,255,28,-15
SW:2
RR:3
SS:3
FR:2480
ME:30
MA:47
KE:15
KA:20
DF_END

Data arrived...
DF_BEGIN
IQ:0,0,11,-115,123
IQ:1,8,11,136,100
IQ:2,16,11,89,-148
IQ:3,24,11,-150,-69
IQ:4,32,11,-53,165
IQ:5,40,11,170,37
IQ:6,48,11,20,-162
IQ:7,56,11,-167,4
IQ:8,72,12,130,39
IQ:9,80,255,37,-112
IQ:10,88,1,-83,-29
IQ:11,96,255,-19,68
IQ:12,104,2,32,-11
IQ:13,112,255,-63,-31
IQ:14,120,10,-157,96
IQ:15,128,255,16,128
IQ:16,136,3,-51,-30
IQ:17,144,255,-103,6
IQ:18,152,9,-102,72
IQ:19,160,255,25,63
IQ:20,168,4,-49,-84
IQ:21,176,255,-115,-1
IQ:22,184,8,-79,-6
IQ:23,192,255,-12,41
IQ:24,200,7,-12,39
IQ:25,208,255,-1,49
IQ:26,216,6,7,84
IQ:27,224,255,34,-51
IQ:28,232,5,-172,-83
IQ:29,240,255,-133,147
IQ:30,248,12,37,122
IQ:31,256,255,111,-22
IQ:32,264,1,-14,-89
IQ:33,272,255,-70,13
IQ:34,280,2,27,24
IQ:35,288,255,-15,-67
SW:2
RR:3
SS:3
FR:2426
ME:356
MA:5
KE:14
KA:18
DF_END

Data arrived...
DF_BEGIN
IQ:0,0,11,-160,-53
IQ:1,8,11,-39,170
IQ:2,16,11,169,30
IQ:3,24,11,8,-169
IQ:4,32,11,-166,8
IQ:5,40,11,32,172
IQ:6,48,11,164,-38
IQ:7,56,11,-60,-153
IQ:8,72,12,8,129
IQ:9,80,255,121,-2
IQ:10,88,1,-2,-88
IQ:11,96,255,-76,12
IQ:12,104,2,18,26
IQ:13,112,255,11,-69
IQ:14,120,10,-144,-127
IQ:15,128,255,-119,64
IQ:16,136,3,11,-54
IQ:17,144,255,-42,-94
IQ:18,152,9,-107,-70
IQ:19,160,255,-45,40
IQ:20,168,4,56,-80
IQ:21,176,255,-40,-104
IQ:22,184,8,-25,-76
IQ:23,192,255,-42,9
IQ:24,200,7,-44,-5
IQ:25,208,255,-45,13
IQ:26,216,6,-76,34
IQ:27,224,255,58,9
IQ:28,232,5,21,-202
IQ:29,240,255,-183,-63
IQ:30,248,12,-100,82
IQ:31,256,255,65,92
IQ:32,264,1,84,-46
IQ:33,272,255,-42,-62
IQ:34,280,2,-11,29
IQ:35,288,255,63,-31
SW:2
RR:3
SS:3
FR:2426
ME:356
MA:5
KE:12
KA:17
DF_END

Data arrived...
DF_BEGIN
IQ:0,0,11,-139,-118
IQ:1,8,11,-103,158
IQ:2,16,11,155,97
IQ:3,24,11,75,-168
IQ:4,32,11,-176,-56
IQ:5,40,11,-43,173
IQ:6,48,11,185,13
IQ:7,56,11,8,-185
IQ:8,72,12,-93,130
IQ:9,80,255,103,97
IQ:10,88,1,92,-65
IQ:11,96,255,-51,-80
IQ:12,104,2,-36,19
IQ:13,112,255,26,-36
IQ:14,120,10,-57,-235
IQ:15,128,255,-191,-33
IQ:16,136,3,-14,16
IQ:17,144,255,45,-64
IQ:18,152,9,-36,-166
IQ:19,160,255,-117,-13
IQ:20,168,4,11,-12
IQ:21,176,255,23,-73
IQ:22,184,8,10,-129
IQ:23,192,255,-101,-10
IQ:24,200,7,-26,73
IQ:25,208,255,29,16
IQ:26,216,6,-67,-19
IQ:27,224,255,1,35
IQ:28,232,5,50,-86
IQ:29,240,255,-90,-102
IQ:30,248,12,-160,-11
IQ:31,256,255,-28,142
IQ:32,264,1,98,26
IQ:33,272,255,31,-84
IQ:34,280,2,-37,-24
IQ:35,288,255,26,-14
SW:2
RR:3
SS:3
FR:2480
ME:359
MA:353
KE:11
KA:14
DF_END

Data arrived...
DF_BEGIN
IQ:0,0,11,11,137
IQ:1,8,11,132,-31
IQ:2,16,11,-36,-133
IQ:3,24,11,-126,53
IQ:4,32,11,64,119
IQ:5,40,11,116,-70
IQ:6,48,11,-92,-114
IQ:7,56,11,-98,95
IQ:8,72,12,116,-16
IQ:9,80,255,-7,-107
IQ:10,88,1,-78,-6
IQ:11,96,255,-10,67
IQ:12,104,2,29,9
IQ:13,112,255,-38,3
IQ:14,120,10,-98,156
IQ:15,128,255,78,110
IQ:16,136,3,4,-5
IQ:17,144,255,-56,8
IQ:18,152,9,-60,103
IQ:19,160,255,55,60
IQ:20,168,4,-13,0
IQ:21,176,255,-48,25
IQ:22,184,8,-82,56
IQ:23,192,255,42,54
IQ:24,200,7,52,-22
IQ:25,208,255,-8,-19
IQ:26,216,6,25,41
IQ:27,224,255,14,-18
IQ:28,232,5,-74,24
IQ:29,240,255,-4,105
IQ:30,248,12,82,88
IQ:31,256,255,78,-68
IQ:32,264,1,-40,-67
IQ:33,272,255,-68,27
IQ:34,280,2,0,32
IQ:35,288,255,-26,-4
SW:2
RR:3
SS:3
FR:2480
ME:359
MA:5
KE:9
KA:13
DF_END

Data arrived...
DF_BEGIN
IQ:0,0,11,147,85
IQ:1,8,11,75,-153
IQ:2,16,11,-159,-58
IQ:3,24,11,-36,157
IQ:4,32,11,161,13
IQ:5,40,11,10,-171
IQ:6,48,11,-170,-8
IQ:7,56,11,14,167
IQ:8,72,12,8,-127
IQ:9,80,255,-115,-11
IQ:10,88,1,-13,77
IQ:11,96,255,75,11
IQ:12,104,2,-11,-27
IQ:13,112,255,-28,84
IQ:14,120,10,124,126
IQ:15,128,255,96,-64
IQ:16,136,3,-23,54
IQ:17,144,255,13,109
IQ:18,152,9,82,84
IQ:19,160,255,45,-60
IQ:20,168,4,-76,65
IQ:21,176,255,19,125
IQ:22,184,8,13,73
IQ:23,192,255,46,2
IQ:24,200,7,44,4
IQ:25,208,255,66,-9
IQ:26,216,6,69,-21
IQ:27,224,255,-53,-23
IQ:28,232,5,-49,183
IQ:29,240,255,151,78
IQ:30,248,12,130,-41
IQ:31,256,255,-37,-110
IQ:32,264,1,-86,28
IQ:33,272,255,22,66
IQ:34,280,2,18,-26
IQ:35,288,255,-77,48
SW:2
RR:3
SS:3
FR:2426
ME:7
MA:248
KE:9
KA:4
DF_END

Data arrived...
DF_BEGIN
IQ:0,0,11,-162,-26
IQ:1,8,11,-26,165
IQ:2,16,11,170,3
IQ:3,24,11,-17,-168
IQ:4,32,11,-158,32
IQ:5,40,11,35,161
IQ:6,48,11,168,-53
IQ:7,56,11,-80,-142
IQ:8,72,12,-14,168
IQ:9,80,255,186,20
IQ:10,88,1,110,-175
IQ:11,96,255,-163,-126
IQ:12,104,2,-199,64
IQ:13,112,255,-14,92
IQ:14,120,10,-155,-147
IQ:15,128,255,-222,21
IQ:16,136,3,-219,70
IQ:17,144,255,-6,96
IQ:18,152,9,-105,-120
IQ:19,160,255,-139,-10
IQ:20,168,4,-144,-82
IQ:21,176,255,-93,-18
IQ:22,184,8,-111,-245
IQ:23,192,255,-242,16
IQ:24,200,7,-89,202
IQ:25,208,255,100,107
IQ:26,216,6,-52,2
IQ:27,224,255,-60,-36
IQ:28,232,5,-239,-97
IQ:29,240,255,-195,123
IQ:30,248,12,-170,77
IQ:31,256,255,62,174
IQ:32,264,1,204,16
IQ:33,272,255,41,-199
IQ:34,280,2,-168,-127
IQ:35,288,255,-108,16
SW:2
RR:3
SS:3
FR:2402
ME:24
MA:55
KE:10
KA:11
DF_END

Data arrived...
DF_BEGIN
IQ:0,0,11,-189,-11
IQ:1,8,11,6,200
IQ:2,16,11,207,-28
IQ:3,24,11,-26,-195
IQ:4,32,11,-189,52
IQ:5,40,11,83,181
IQ:6,48,11,169,-89
IQ:7,56,11,-123,-161
IQ:8,72,12,8,210
IQ:9,80,255,235,22
IQ:10,88,1,132,-217
IQ:11,96,255,-197,-152
IQ:12,104,2,-243,91
IQ:13,112,255,-20,119
IQ:14,120,10,-206,-140
IQ:15,128,255,-261,88
IQ:16,136,3,-262,136
IQ:17,144,255,2,120
IQ:18,152,9,-146,-127
IQ:19,160,255,-182,15
IQ:20,168,4,-192,-50
IQ:21,176,255,-98,-2
IQ:22,184,8,-127,-296
IQ:23,192,255,-278,47
IQ:24,200,7,-95,262
IQ:25,208,255,138,115
IQ:26,216,6,-59,5
IQ:27,224,255,-78,-56
IQ:28,232,5,-287,-112
IQ:29,240,255,-221,162
IQ:30,248,12,-185,106
IQ:31,256,255,93,188
IQ:32,264,1,263,1
IQ:33,272,255,28,-231
IQ:34,280,2,-204,-155
IQ:35,288,255,-136,38
SW:2
RR:3
SS:3
FR:2402
ME:24
MA:55
KE:11
KA:18
DF_END

Data arrived...
DF_BEGIN
IQ:0,0,11,19,-178
IQ:1,8,11,-184,1
IQ:2,16,11,29,177
IQ:3,24,11,179,-59
IQ:4,32,11,-63,-180
IQ:5,40,11,-174,73
IQ:6,48,11,95,150
IQ:7,56,11,142,-116
IQ:8,72,12,-168,6
IQ:9,80,255,-15,139
IQ:10,88,1,105,23
IQ:11,96,255,22,-92
IQ:12,104,2,-41,-24
IQ:13,112,255,46,-6
IQ:14,120,10,145,-201
IQ:15,128,255,-88,-167
IQ:16,136,3,-24,3
IQ:17,144,255,69,-7
IQ:18,152,9,91,-144
IQ:19,160,255,-77,-96
IQ:20,168,4,15,-3
IQ:21,176,255,66,-29
IQ:22,184,8,109,-72
IQ:23,192,255,-49,-83
IQ:24,200,7,-73,23
IQ:25,208,255,8,27
IQ:26,216,6,-27,-63
IQ:27,224,255,-19,19
IQ:28,232,5,99,-15
IQ:29,240,255,16,-137
IQ:30,248,12,-84,-147
IQ:31,256,255,-123,53
IQ:32,264,1,52,97
IQ:33,272,255,93,-33
IQ:34,280,2,-6,-41
IQ:35,288,255,32,15
SW:2
RR:3
SS:3
FR:2480
ME:359
MA:353
KE:10
KA:14
DF_END

Data arrived...
DF_BEGIN
IQ:0,0,11,30,182
IQ:1,8,11,179,-46
IQ:2,16,11,-65,-175
IQ:3,24,11,-166,84
IQ:4,32,11,99,157
IQ:5,40,11,132,-121
IQ:6,48,11,-128,-131
IQ:7,56,11,-117,140
IQ:8,72,12,153,-43
IQ:9,80,255,-19,-136
IQ:10,88,1,-111,-6
IQ:11,96,255,-13,93
IQ:12,104,2,41,8
IQ:13,112,255,-45,15
IQ:14,120,10,-109,213
IQ:15,128,255,121,147
IQ:16,136,3,17,-10
IQ:17,144,255,-69,19
IQ:18,152,9,-51,158
IQ:19,160,255,93,74
IQ:20,168,4,-23,6
IQ:21,176,255,-59,38
IQ:22,184,8,-94,89
IQ:23,192,255,60,78
IQ:24,200,7,72,-35
IQ:25,208,255,-17,-29
IQ:26,216,6,37,50
IQ:27,224,255,11,-27
IQ:28,232,5,-97,42
IQ:29,240,255,8,132
IQ:30,248,12,104,122
IQ:31,256,255,103,-93
IQ:32,264,1,-63,-94
IQ:33,272,255,-83,42
IQ:34,280,2,11,38
IQ:35,288,255,-33,-4
SW:2
RR:3
SS:3
FR:2480
ME:359
MA:353
KE:9
KA:11
DF_END

Data arrived...
DF_BEGIN
IQ:0,0,11,38,-162
IQ:1,8,11,-167,-26
IQ:2,16,11,-20,172
IQ:3,24,11,172,0
IQ:4,32,11,-9,-169
IQ:5,40,11,-163,35
IQ:6,48,11,41,169
IQ:7,56,11,167,-55
IQ:8,72,12,-128,23
IQ:9,80,255,20,116
IQ:10,88,1,90,-3
IQ:11,96,255,-7,-65
IQ:12,104,2,-28,24
IQ:13,112,255,72,9
IQ:14,120,10,112,-140
IQ:15,128,255,-65,-112
IQ:16,136,3,52,9
IQ:17,144,255,89,-48
IQ:18,152,9,72,-101
IQ:19,160,255,-51,-42
IQ:20,168,4,80,59
IQ:21,176,255,105,-44
IQ:22,184,8,75,-23
IQ:23,192,255,-8,-42
IQ:24,200,7,-3,-36
IQ:25,208,255,-15,-45
IQ:26,216,6,-45,-74
IQ:27,224,255,-8,57
IQ:28,232,5,192,17
IQ:29,240,255,68,-189
IQ:30,248,12,-80,-100
IQ:31,256,255,-88,69
IQ:32,264,1,50,69
IQ:33,272,255,52,-41
IQ:34,280,2,-33,-7
IQ:35,288,255,34,59
SW:2
RR:3
SS:3
FR:2426
ME:10
MA:257
KE:8
KA:1
DF_END

Data arrived...
DF_BEGIN
IQ:0,0,11,-112,127
IQ:1,8,11,130,81
IQ:2,16,11,73,-147
IQ:3,24,11,-153,-46
IQ:4,32,11,-39,162
IQ:5,40,11,160,22
IQ:6,48,11,18,-161
IQ:7,56,11,-163,3
IQ:8,72,12,152,74
IQ:9,80,255,96,-154
IQ:10,88,1,-106,-173
IQ:11,96,255,-184,73
IQ:12,104,2,-27,209
IQ:13,112,255,79,57
IQ:14,120,10,-193,63
IQ:15,128,255,-55,217
IQ:16,136,3,-19,242
IQ:17,144,255,84,51
IQ:18,152,9,-161,37
IQ:19,160,255,-75,129
IQ:20,168,4,-132,117
IQ:21,176,255,-51,72
IQ:22,184,8,-271,-28
IQ:23,192,255,-75,225
IQ:24,200,7,150,176
IQ:25,208,255,146,-56
IQ:26,216,6,-28,50
IQ:27,224,255,-62,44
IQ:28,232,5,-181,159
IQ:29,240,255,17,224
IQ:30,248,12,-9,189
IQ:31,256,255,176,14
IQ:32,264,1,103,-177
IQ:33,272,255,-160,-138
IQ:34,280,2,-196,72
IQ:35,288,255,-26,109
SW:2
RR:3
SS:3
FR:2402
ME:24
MA:55
KE:10
KA:8
DF_END

Data arrived...
DF_BEGIN
IQ:0,0,11,-132,109
IQ:1,8,11,122,105
IQ:2,16,11,100,-141
IQ:3,24,11,-153,-88
IQ:4,32,11,-72,152
IQ:5,40,11,161,62
IQ:6,48,11,53,-161
IQ:7,56,11,-171,-33
IQ:8,72,12,137,103
IQ:9,80,255,132,-130
IQ:10,88,1,-76,-185
IQ:11,96,255,-202,37
IQ:12,104,2,-75,197
IQ:13,112,255,56,82
IQ:14,120,10,-201,33
IQ:15,128,255,-80,204
IQ:16,136,3,-83,228
IQ:17,144,255,72,82
IQ:18,152,9,-153,10
IQ:19,160,255,-94,103
IQ:20,168,4,-146,72
IQ:21,176,255,-66,58
IQ:22,184,8,-245,-82
IQ:23,192,255,-129,190
IQ:24,200,7,106,194
IQ:25,208,255,141,-18
IQ:26,216,6,-30,53
IQ:27,224,255,-70,19
IQ:28,232,5,-224,114
IQ:29,240,255,-13,224
IQ:30,248,12,-27,180
IQ:31,256,255,178,60
IQ:32,264,1,130,-152
IQ:33,272,255,-141,-150
IQ:34,280,2,-202,23
IQ:35,288,255,-54,99
SW:2
RR:3
SS:3
FR:2402
ME:24
MA:55
KE:11
KA:15
DF_END

Data arrived...
DF_BEGIN
IQ:0,0,11,183,-27
IQ:1,8,11,-32,-183
IQ:2,16,11,-169,57
IQ:3,24,11,94,162
IQ:4,32,11,151,-119
IQ:5,40,11,-113,-144
IQ:6,48,11,-144,127
IQ:7,56,11,134,123
IQ:8,72,12,-35,-153
IQ:9,80,255,-142,22
IQ:10,88,1,-5,105
IQ:11,96,255,96,11
IQ:12,104,2,15,-38
IQ:13,112,255,14,50
IQ:14,120,10,212,129
IQ:15,128,255,149,-115
IQ:16,136,3,-5,-16
IQ:17,144,255,18,69
IQ:18,152,9,159,67
IQ:19,160,255,89,-88
IQ:20,168,4,0,19
IQ:21,176,255,35,59
IQ:22,184,8,84,101
IQ:23,192,255,73,-62
IQ:24,200,7,-31,-68
IQ:25,208,255,-23,10
IQ:26,216,6,58,-34
IQ:27,224,255,-25,-18
IQ:28,232,5,27,97
IQ:29,240,255,142,-2
IQ:30,248,12,124,-102
IQ:31,256,255,-80,-114
IQ:32,264,1,-94,56
IQ:33,272,255,51,79
IQ:34,280,2,45,-17
IQ:35,288,255,-7,32
SW:2
RR:3
SS:3
FR:2480
ME:359
MA:353
KE:10
KA:12
DF_END

Data arrived...
DF_BEGIN
IQ:0,0,11,-152,69
IQ:1,8,11,88,146
IQ:2,16,11,142,-96
IQ:3,24,11,-103,-140
IQ:4,32,11,-125,111
IQ:5,40,11,123,119
IQ:6,48,11,90,-144
IQ:7,56,11,-150,-85
IQ:8,72,12,98,87
IQ:9,80,255,84,-87
IQ:10,88,1,-58,-76
IQ:11,96,255,-54,51
IQ:12,104,2,37,9
IQ:13,112,255,-31,-66
IQ:14,120,10,-179,7
IQ:15,128,255,-40,132
IQ:16,136,3,-25,-44
IQ:17,144,255,-86,-41
IQ:18,152,9,-130,12
IQ:19,160,255,-7,70
IQ:20,168,4,0,-96
IQ:21,176,255,-100,-57
IQ:22,184,8,-68,-42
IQ:23,192,255,-29,34
IQ:24,200,7,-24,31
IQ:25,208,255,-16,35
IQ:26,216,6,-25,75
IQ:27,224,255,47,-37
IQ:28,232,5,-121,-142
IQ:29,240,255,-181,84
IQ:30,248,12,-21,133
IQ:31,256,255,115,23
IQ:32,264,1,26,-86
IQ:33,272,255,-67,-17
IQ:34,280,2,9,36
IQ:35,288,255,25,-62
SW:2
RR:3
SS:3
FR:2426
ME:7
MA:251
KE:10
KA:3
DF_END

Data arrived...
DF_BEGIN
IQ:0,0,11,-6,-172
IQ:1,8,11,-168,18
IQ:2,16,11,30,170
IQ:3,24,11,165,-46
IQ:4,32,11,-74,-154
IQ:5,40,11,-155,76
IQ:6,48,11,96,133
IQ:7,56,11,131,-115
IQ:8,72,12,-113,65
IQ:9,80,255,51,105
IQ:10,88,1,83,-33
IQ:11,96,255,-24,-69
IQ:12,104,2,-20,27
IQ:13,112,255,67,-10
IQ:14,120,10,59,-178
IQ:15,128,255,-101,-83
IQ:16,136,3,46,-6
IQ:17,144,255,69,-68
IQ:18,152,9,31,-121
IQ:19,160,255,-63,-27
IQ:20,168,4,92,32
IQ:21,176,255,87,-67
IQ:22,184,8,64,-45
IQ:23,192,255,-24,-41
IQ:24,200,7,-27,-34
IQ:25,208,255,-30,-29
IQ:26,216,6,-60,-53
IQ:27,224,255,7,63
IQ:28,232,5,185,-44
IQ:29,240,255,12,-196
IQ:30,248,12,-105,-79
IQ:31,256,255,-58,97
IQ:32,264,1,76,48
IQ:33,272,255,40,-60
IQ:34,280,2,-34,-9
IQ:35,288,255,55,38
SW:2
RR:3
SS:3
FR:2426
ME:356
MA:5
KE:8
KA:3
DF_END