IQ:11,96,255,163,75
IQ:12,104,2,93,-9
IQ:13,112,255,51,28
IQ:14,120,10,310,207
IQ:15,128,255,270,-134
IQ:16,136,3,168,86
IQ:17,144,255,83,27
IQ:18,152,9,123,204
IQ:19,160,255,114,55
IQ:20,168,4,-28,220
IQ:21,176,255,122,196
IQ:22,184,8,63,184
IQ:23,192,255,119,-31
IQ:24,200,7,58,-21
IQ:25,208,255,52,-14
IQ:26,216,6,112,-19
IQ:27,224,255,-102,-9
IQ:28,232,5,-135,361
IQ:29,240,255,308,197
IQ:30,248,12,252,-224
IQ:31,256,255,-152,-259
IQ:32,264,1,-178,71
IQ:33,272,255,31,180
IQ:34,280,2,42,79
IQ:35,288,255,69,51
SW:2
RR:3
SS:3
FR:2426
ME:41
MA:47
KE:29
KA:35
DF_END

Data arrived...
DF_BEGIN
IQ:0,0,11,-133,60
IQ:1,8,11,72,129
IQ:2,16,11,124,-110
IQ:3,24,11,-96,-105
IQ:4,32,11,-106,110
IQ:5,40,11,124,106
IQ:6,48,11,79,-129
IQ:7,56,11,-137,-65
IQ:8,72,12,38,196
IQ:9,80,255,167,-3
IQ:10,88,1,27,-113
IQ:11,96,255,-91,-53
IQ:12,104,2,-59,-5
IQ:13,112,255,-38,-27
IQ:14,120,10,-193,-123
IQ:15,128,255,-159,77
IQ:16,136,3,-94,-71
IQ:17,144,255,-61,-29
IQ:18,152,9,-45,-127
IQ:19,160,255,-59,-33
IQ:20,168,4,49,-155
IQ:21,176,255,-78,-126
IQ:22,184,8,-44,-108
IQ:23,192,255,-76,4
IQ:24,200,7,-52,-13
IQ:25,208,255,-48,11
IQ:26,216,6,-55,14
IQ:27,224,255,77,4
IQ:28,232,5,96,-227
IQ:29,240,255,-191,-140
IQ:30,248,12,-156,114
IQ:31,256,255,78,158
IQ:32,264,1,113,-17
IQ:33,272,255,2,-102
IQ:34,280,2,-19,-52
IQ:35,288,255,-30,-52
SW:2
RR:3
SS:3
FR:2426
ME:44
MA:47
KE:31
KA:36
DF_END

Data arrived...
DF_BEGIN
IQ:0,0,11,184,15
IQ:1,8,11,9,-188
IQ:2,16,11,-181,0
IQ:3,24,11,30,179
IQ:4,32,11,177,-42
IQ:5,40,11,-51,-175
IQ:6,48,11,-176,70
IQ:7,56,11,85,155
IQ:8,72,12,-62,-222
IQ:9,80,255,-222,54
IQ:10,88,1,16,195
IQ:11,96,255,183,-21
IQ:12,104,2,-25,-133
IQ:13,112,255,-100,70
IQ:14,120,10,206,130
IQ:15,128,255,170,-157
IQ:16,136,3,-23,-68
IQ:17,144,255,-56,124
IQ:18,152,9,174,190
IQ:19,160,255,141,-102
IQ:20,168,4,-105,23
IQ:21,176,255,11,161
IQ:22,184,8,147,112
IQ:23,192,255,83,-115
IQ:24,200,7,-75,-28
IQ:25,208,255,19,85
IQ:26,216,6,156,-41
IQ:27,224,255,-56,-102
IQ:28,232,5,-87,182
IQ:29,240,255,195,127
IQ:30,248,12,177,-155
IQ:31,256,255,-141,-177
IQ:32,264,1,-172,100
IQ:33,272,255,92,151
IQ:34,280,2,104,-79
IQ:35,288,255,-88,-47
SW:2
RR:3
SS:3
FR:2402
ME:359
MA:5
KE:27
KA:32
DF_END

Data arrived...
DF_BEGIN
IQ:0,0,11,-92,152
IQ:1,8,11,164,88
IQ:2,16,11,69,-173
IQ:3,24,11,-175,-50
IQ:4,32,11,-45,177
IQ:5,40,11,184,14
IQ:6,48,11,2,-181
IQ:7,56,11,-181,16
IQ:8,72,12,93,59
IQ:9,80,255,53,-81
IQ:10,88,1,-12,-35
IQ:11,96,255,-11,10
IQ:12,104,2,14,-22
IQ:13,112,255,-79,-16
IQ:14,120,10,-201,106
IQ:15,128,255,21,154
IQ:16,136,3,11,-79
IQ:17,144,255,-93,-69
IQ:18,152,9,-117,1
IQ:19,160,255,-4,51
IQ:20,168,4,-7,-90
IQ:21,176,255,-89,-49
IQ:22,184,8,-70,-122
IQ:23,192,255,-94,9
IQ:24,200,7,-51,32
IQ:25,208,255,2,60
IQ:26,216,6,14,59
IQ:27,224,255,68,-33
IQ:28,232,5,-33,-106
IQ:29,240,255,-111,24
IQ:30,248,12,-6,117
IQ:31,256,255,89,19
IQ:32,264,1,16,-30
IQ:33,272,255,-15,-5
IQ:34,280,2,23,0
IQ:35,288,255,-23,-76
SW:2
RR:3
SS:3
FR:2480
ME:52
MA:61
KE:29
KA:35
DF_END

Data arrived...
DF_BEGIN
IQ:0,0,11,99,118
IQ:1,8,11,101,-114
IQ:2,16,11,-124,-86
IQ:3,24,11,-76,133
IQ:4,32,11,139,63
IQ:5,40,11,56,-138
IQ:6,48,11,-144,-52
IQ:7,56,11,-32,151
IQ:8,72,12,185,-84
IQ:9,80,255,-48,-177
IQ:10,88,1,-122,-8
IQ:11,96,255,-21,103
IQ:12,104,2,6,52
IQ:13,112,255,-24,43
IQ:14,120,10,-58,224
IQ:15,128,255,109,141
IQ:16,136,3,-45,105
IQ:17,144,255,-14,69
IQ:18,152,9,-101,80
IQ:19,160,255,-20,62
IQ:20,168,4,-160,-11
IQ:21,176,255,-96,108
IQ:22,184,8,-98,67
IQ:23,192,255,24,73
IQ:24,200,7,3,46
IQ:25,208,255,14,37
IQ:26,216,6,31,56
IQ:27,224,255,-12,-77
IQ:28,232,5,-246,-56
IQ:29,240,255,-99,219
IQ:30,248,12,149,120
IQ:31,256,255,138,-125
IQ:32,264,1,-51,-114
IQ:33,272,255,-110,27
IQ:34,280,2,-42,30
IQ:35,288,255,-45,41
SW:2
RR:3
SS:3
FR:2426
ME:44
MA:47
KE:31
KA:36
DF_END

Data arrived...
DF_BEGIN
IQ:0,0,11,94,-167
IQ:1,8,11,-175,-66
IQ:2,16,11,-58,182
IQ:3,24,11,183,22
IQ:4,32,11,19,-182
IQ:5,40,11,-195,-4
IQ:6,48,11,38,187
IQ:7,56,11,179,-39
IQ:8,72,12,-227,-183
IQ:9,80,255,-186,179
IQ:10,88,1,98,166
IQ:11,96,255,168,-65
IQ:12,104,2,45,-59
IQ:13,112,255,40,17
IQ:14,120,10,308,-62
IQ:15,128,255,106,-243
IQ:16,136,3,120,-31
IQ:17,144,255,71,2
IQ:18,152,9,196,78
IQ:19,160,255,104,-41
IQ:20,168,4,95,161
IQ:21,176,255,187,45
IQ:22,184,8,174,53
IQ:23,192,255,55,-91
IQ:24,200,7,14,-13
IQ:25,208,255,51,-12
IQ:26,216,6,65,-75
IQ:27,224,255,-74,40
IQ:28,232,5,109,296
IQ:29,240,255,306,-58
IQ:30,248,12,44,-283
IQ:31,256,255,-245,-61
IQ:32,264,1,-104,166
IQ:33,272,255,121,117
IQ:34,280,2,69,-6
IQ:35,288,255,44,17
SW:2
RR:3
SS:3
FR:2426
ME:41
MA:44
KE:32
KA:37
DF_END

Data arrived...
DF_BEGIN
IQ:0,0,11,115,-148
IQ:1,8,11,-156,-111
IQ:2,16,11,-96,155
IQ:3,24,11,167,60
IQ:4,32,11,57,-183
IQ:5,40,11,-181,-46
IQ:6,48,11,-36,185
IQ:7,56,11,184,-2
IQ:8,72,12,-232,-59
IQ:9,80,255,-67,211
IQ:10,88,1,181,74
IQ:11,96,255,78,-163
IQ:12,104,2,-120,-45
IQ:13,112,255,24,113
IQ:14,120,10,221,-128
IQ:15,128,255,-49,-241
IQ:16,136,3,-68,-27
IQ:17,144,255,75,101
IQ:18,152,9,255,-62
IQ:19,160,255,-12,-183
IQ:20,168,4,-47,93
IQ:21,176,255,143,75
IQ:22,184,8,182,-64
IQ:23,192,255,-61,-128
IQ:24,200,7,-47,59
IQ:25,208,255,95,21
IQ:26,216,6,56,-155
IQ:27,224,255,-124,1
IQ:28,232,5,104,180
IQ:29,240,255,210,-103
IQ:30,248,12,-54,-237
IQ:31,256,255,-237,15
IQ:32,264,1,-5,186
IQ:33,272,255,174,-8
IQ:34,280,2,-9,-134
IQ:35,288,255,-83,48
SW:2
RR:3
SS:3
FR:2402
ME:359
MA:353
KE:28
KA:33
DF_END

Data arrived...
DF_BEGIN
IQ:0,0,11,178,-48
IQ:1,8,11,-50,-185
IQ:2,16,11,-167,67
IQ:3,24,11,94,150
IQ:4,32,11,149,-118
IQ:5,40,11,-111,-133
IQ:6,48,11,-117,141
IQ:7,56,11,143,112
IQ:8,72,12,-47,-110
IQ:9,80,255,-94,15
IQ:10,88,1,-11,28
IQ:11,96,255,15,-2
IQ:12,104,2,-24,4
IQ:13,112,255,54,74
IQ:14,120,10,214,69
IQ:15,128,255,89,-127
IQ:16,136,3,-52,45
IQ:17,144,255,39,111
IQ:18,152,9,99,82
IQ:19,160,255,52,-37
IQ:20,168,4,-47,65
IQ:21,176,255,38,92
IQ:22,184,8,-14,139
IQ:23,192,255,73,55
IQ:24,200,7,59,19
IQ:25,208,255,56,-42
IQ:26,216,6,35,-52
IQ:27,224,255,-75,-20
IQ:28,232,5,-60,99
IQ:29,240,255,101,50
IQ:30,248,12,78,-86
IQ:31,256,255,-58,-77
IQ:32,264,1,-26,6
IQ:33,272,255,18,6
IQ:34,280,2,-18,-17
IQ:35,288,255,-29,71
SW:2
RR:3
SS:3
FR:2480
ME:55
MA:61
KE:31
KA:35
DF_END

Data arrived...
DF_BEGIN
IQ:0,0,11,-71,-164
IQ:1,8,11,-163,82
IQ:2,16,11,94,152
IQ:3,24,11,138,-115
IQ:4,32,11,-120,-136
IQ:5,40,11,-115,135
IQ:6,48,11,148,97
IQ:7,56,11,77,-157
IQ:8,72,12,-101,47
IQ:9,80,255,21,87
IQ:10,88,1,28,6
IQ:11,96,255,-5,-11
IQ:12,104,2,14,18
IQ:13,112,255,59,-65
IQ:14,120,10,29,-221
IQ:15,128,255,-141,-59
IQ:16,136,3,55,40
IQ:17,144,255,105,-48
IQ:18,152,9,71,-106
IQ:19,160,255,-40,-37
IQ:20,168,4,77,21
IQ:21,176,255,80,-54
IQ:22,184,8,143,-11
IQ:23,192,255,41,-85
IQ:24,200,7,4,-67
IQ:25,208,255,-54,-43
IQ:26,216,6,-57,-22
IQ:27,224,255,2,78
IQ:28,232,5,106,40
IQ:29,240,255,32,-105
IQ:30,248,12,-95,-73
IQ:31,256,255,-63,63
IQ:32,264,1,6,26
IQ:33,272,255,6,-5
IQ:34,280,2,-8,21
IQ:35,288,255,83,10
SW:2
RR:3
SS:3
FR:2480
ME:52
MA:61
KE:33
KA:38
DF_END

Data arrived...
DF_BEGIN
IQ:0,0,11,184,-16
IQ:1,8,11,-48,-181
IQ:2,16,11,-187,58
IQ:3,24,11,60,175
IQ:4,32,11,162,-87
IQ:5,40,11,-112,-155
IQ:6,48,11,-149,112
IQ:7,56,11,135,135
IQ:8,72,12,49,-274
IQ:9,80,255,-242,-79
IQ:10,88,1,-108,163
IQ:11,96,255,123,119
IQ:12,104,2,55,3
IQ:13,112,255,8,57
IQ:14,120,10,187,239
IQ:15,128,255,240,-32
IQ:16,136,3,89,102
IQ:17,144,255,42,69
IQ:18,152,9,19,195
IQ:19,160,255,77,72
IQ:20,168,4,-127,165
IQ:21,176,255,39,198
IQ:22,184,8,12,178
IQ:23,192,255,108,7
IQ:24,200,7,8,9
IQ:25,208,255,21,46
IQ:26,216,6,105,12
IQ:27,224,255,-87,-40
IQ:28,232,5,-207,259
IQ:29,240,255,195,263
IQ:30,248,12,270,-71
IQ:31,256,255,-51,-254
IQ:32,264,1,-198,-9
IQ:33,272,255,-38,169
IQ:34,280,2,22,45
IQ:35,288,255,14,52
SW:2
RR:3
SS:3
FR:2426
ME:44
MA:44
KE:35
KA:39
DF_END

Data arrived...
DF_BEGIN
IQ:0,0,11,-73,-119
IQ:1,8,11,-117,90
IQ:2,16,11,82,101
IQ:3,24,11,101,-101
IQ:4,32,11,-112,-91
IQ:5,40,11,-89,144
IQ:6,48,11,123,69
IQ:7,56,11,52,-123
IQ:8,72,12,-193,70
IQ:9,80,255,47,180
IQ:10,88,1,143,17
IQ:11,96,255,25,-134
IQ:12,104,2,-29,-42
IQ:13,112,255,43,-24
IQ:14,120,10,84,-219
IQ:15,128,255,-104,-153
IQ:16,136,3,48,-91
IQ:17,144,255,35,-45
IQ:18,152,9,140,-72
IQ:19,160,255,17,-75
IQ:20,168,4,144,30
IQ:21,176,255,141,-99
IQ:22,184,8,125,-56
IQ:23,192,255,-9,-73
IQ:24,200,7,9,-6
IQ:25,208,255,18,-32
IQ:26,216,6,-5,-68
IQ:27,224,255,-13,57
IQ:28,232,5,241,78
IQ:29,240,255,102,-215
IQ:30,248,12,-142,-166
IQ:31,256,255,-171,130
IQ:32,264,1,61,136
IQ:33,272,255,128,-40
IQ:34,280,2,19,-28
IQ:35,288,255,25,-31
SW:2
RR:3
SS:3
FR:2426
ME:44
MA:41
KE:36
KA:39
DF_END

Data arrived...
DF_BEGIN
IQ:0,0,11,54,178
IQ:1,8,11,163,-81
IQ:2,16,11,-94,-168
IQ:3,24,11,-158,101
IQ:4,32,11,122,137
IQ:5,40,11,123,-142
IQ:6,48,11,-143,-131
IQ:7,56,11,-122,142
IQ:8,72,12,178,-174
IQ:9,80,255,-159,-176
IQ:10,88,1,-155,125
IQ:11,96,255,121,136
IQ:12,104,2,94,-95
IQ:13,112,255,-115,-38
IQ:14,120,10,-30,264
IQ:15,128,255,226,97
IQ:16,136,3,55,-57
IQ:17,144,255,-140,3
IQ:18,152,9,-81,254
IQ:19,160,255,177,79
IQ:20,168,4,-55,-88
IQ:21,176,255,-153,85
IQ:22,184,8,-27,191
IQ:23,192,255,151,5
IQ:24,200,7,-37,-76
IQ:25,208,255,-73,70
IQ:26,216,6,110,128
IQ:27,224,255,75,-99
IQ:28,232,5,-204,-19
IQ:29,240,255,-37,234
IQ:30,248,12,227,79
IQ:31,256,255,95,-219
IQ:32,264,1,-178,-88
IQ:33,272,255,-76,170
IQ:34,280,2,121,52
IQ:35,288,255,-1,-104
SW:2
RR:3
SS:3
FR:2402
ME:359
MA:353
KE:32
KA:35
DF_END

Data arrived...
DF_BEGIN
IQ:0,0,11,136,42
IQ:1,8,11,38,-129
IQ:2,16,11,-130,-21
IQ:3,24,11,-12,138
IQ:4,32,11,135,-10
IQ:5,40,11,-12,-135
IQ:6,48,11,-134,29
IQ:7,56,11,32,136
IQ:8,72,12,21,-83
IQ:9,80,255,-62,-29
IQ:10,88,1,-12,16
IQ:11,96,255,5,6
IQ:12,104,2,-17,0
IQ:13,112,255,3,65
IQ:14,120,10,110,127
IQ:15,128,255,99,-46
IQ:16,136,3,-54,10
IQ:17,144,255,-20,84
IQ:18,152,9,29,92
IQ:19,160,255,42,-6
IQ:20,168,4,-59,30
IQ:21,176,255,-20,75
IQ:22,184,8,-67,83
IQ:23,192,255,34,63
IQ:24,200,7,32,42
IQ:25,208,255,51,0
IQ:26,216,6,41,-18
IQ:27,224,255,-43,-42
IQ:28,232,5,-80,42
IQ:29,240,255,41,79
IQ:30,248,12,84,-17
IQ:31,256,255,-2,-70
IQ:32,264,1,-17,-10
IQ:33,272,255,6,12
IQ:34,280,2,-2,-23
IQ:35,288,255,-52,38
SW:2
RR:3
SS:3
FR:2480
ME:52
MA:61
KE:35
KA:38
DF_END

Data arrived...
DF_BEGIN
IQ:0,0,11,119,155
IQ:1,8,11,122,-131
IQ:2,16,11,-163,-102
IQ:3,24,11,-89,169
IQ:4,32,11,179,80
IQ:5,40,11,74,-188
IQ:6,48,11,-186,-60
IQ:7,56,11,-26,182
IQ:8,72,12,254,-123
IQ:9,80,255,-72,-235
IQ:10,88,1,-188,27
IQ:11,96,255,-17,175
IQ:12,104,2,33,51
IQ:13,112,255,-38,39
IQ:14,120,10,-83,301
IQ:15,128,255,150,191
IQ:16,136,3,-47,120
IQ:17,144,255,-41,67
IQ:18,152,9,-152,121
IQ:19,160,255,-30,95
IQ:20,168,4,-204,7
IQ:21,176,255,-141,150
IQ:22,184,8,-146,98
IQ:23,192,255,47,91
IQ:24,200,7,0,21
IQ:25,208,255,8,46
IQ:26,216,6,29,94
IQ:27,224,255,-15,-95
IQ:28,232,5,-315,-22
IQ:29,240,255,-87,303
IQ:30,248,12,217,177
IQ:31,256,255,169,-188
IQ:32,264,1,-102,-169
IQ:33,272,255,-155,67
IQ:34,280,2,-28,44
IQ:35,288,255,-43,40
SW:2
RR:3
SS:3
FR:2426
ME:44
MA:44
KE:36
KA:39
DF_END

Data arrived...
DF_BEGIN
IQ:0,0,11,-154,-114
IQ:1,8,11,-94,158
IQ:2,16,11,171,88
IQ:3,24,11,77,-174
IQ:4,32,11,-175,-59
IQ:5,40,11,-37,187
IQ:6,48,11,185,21
IQ:7,56,11,3,-197
IQ:8,72,12,-44,235
IQ:9,80,255,226,50
IQ:10,88,1,67,-187
IQ:11,96,255,-173,-56
IQ:12,104,2,-35,132
IQ:13,112,255,118,-35
IQ:14,120,10,-116,-235
IQ:15,128,255,-237,66
IQ:16,136,3,-20,79
IQ:17,144,255,106,-78
IQ:18,152,9,-56,-263
IQ:19,160,255,-185,14
IQ:20,168,4,95,40
IQ:21,176,255,76,-148
IQ:22,184,8,-97,-171
IQ:23,192,255,-129,78
IQ:24,200,7,70,46
IQ:25,208,255,11,-106
IQ:26,216,6,-168,-32
IQ:27,224,255,12,126
IQ:28,232,5,176,-121
IQ:29,240,255,-115,-220
IQ:30,248,12,-246,40
IQ:31,256,255,18,234
IQ:32,264,1,192,-15
IQ:33,272,255,-16,-178
IQ:34,280,2,-135,19
IQ:35,288,255,52,74
SW:2
RR:3
SS:3
FR:2402
ME:359
MA:353
KE:32
KA:34
DF_END

Data arrived...
DF_BEGIN
IQ:0,0,11,-173,31
IQ:1,8,11,58,181
IQ:2,16,11,176,-60
IQ:3,24,11,-87,-166
IQ:4,32,11,-153,102
IQ:5,40,11,112,138
IQ:6,48,11,116,-145
IQ:7,56,11,-145,-128
IQ:8,72,12,42,112
IQ:9,80,255,96,-16
IQ:10,88,1,13,-32
IQ:11,96,255,-8,-2
IQ:12,104,2,23,-11
IQ:13,112,255,-42,-75
IQ:14,120,10,-215,-84
IQ:15,128,255,-96,114
IQ:16,136,3,65,-46
IQ:17,144,255,-21,-118
IQ:18,152,9,-90,-80
IQ:19,160,255,-39,33
IQ:20,168,4,60,-67
IQ:21,176,255,-27,-102
IQ:22,184,8,20,-135
IQ:23,192,255,-68,-61
IQ:24,200,7,-67,-19
IQ:25,208,255,-52,39
IQ:26,216,6,-30,49
IQ:27,224,255,75,20
IQ:28,232,5,58,-106
IQ:29,240,255,-102,-61
IQ:30,248,12,-90,69
IQ:31,256,255,54,77
IQ:32,264,1,37,-10
IQ:33,272,255,-2,-11
IQ:34,280,2,20,19
IQ:35,288,255,30,-81
SW:2
RR:3
SS:3
FR:2480
ME:55
MA:61
KE:35
KA:37
DF_END

Data arrived...
DF_BEGIN
IQ:0,0,11,-113,-151
IQ:1,8,11,-136,136
IQ:2,16,11,140,130
IQ:3,24,11,116,-151
IQ:4,32,11,-157,-112
IQ:5,40,11,-110,167
IQ:6,48,11,175,69
IQ:7,56,11,51,-176
IQ:8,72,12,-257,102
IQ:9,80,255,63,250
IQ:10,88,1,201,-1
IQ:11,96,255,22,-175
IQ:12,104,2,-21,-48
IQ:13,112,255,43,-45
IQ:14,120,10,90,-293
IQ:15,128,255,-165,-191
IQ:16,136,3,32,-130
IQ:17,144,255,41,-70
IQ:18,152,9,161,-108
IQ:19,160,255,-1,-103
IQ:20,168,4,193,7
IQ:21,176,255,145,-143
IQ:22,184,8,141,-102
IQ:23,192,255,-43,-105
IQ:24,200,7,1,-18
IQ:25,208,255,8,-50
IQ:26,216,6,-46,-100
IQ:27,224,255,-15,96
IQ:28,232,5,316,70
IQ:29,240,255,137,-279
IQ:30,248,12,-212,-188
IQ:31,256,255,-183,178
IQ:32,264,1,87,176
IQ:33,272,255,162,-51
IQ:34,280,2,27,-42
IQ:35,288,255,44,-39
SW:2
RR:3
SS:3
FR:2426
ME:41
MA:44
KE:36
KA:38
DF_END

Data arrived...
DF_BEGIN
IQ:0,0,11,-172,75
IQ:1,8,11,97,162
IQ:2,16,11,157,-114
IQ:3,24,11,-108,-152
IQ:4,32,11,-133,146
IQ:5,40,11,137,131
IQ:6,48,11,112,-143
IQ:7,56,11,-163,-99
IQ:8,72,12,181,162
IQ:9,80,255,183,-158
IQ:10,88,1,-105,-162
IQ:11,96,255,-139,117
IQ:12,104,2,90,100
IQ:13,112,255,30,-117
IQ:14,120,10,-262,3
IQ:15,128,255,-67,239
IQ:16,136,3,51,58
IQ:17,144,255,-19,-125
IQ:18,152,9,-261,-72
IQ:19,160,255,-71,173
IQ:20,168,4,89,-64
IQ:21,176,255,-87,-144
IQ:22,184,8,-196,-15
IQ:23,192,255,-5,148
IQ:24,200,7,74,-25
IQ:25,208,255,-72,-72
IQ:26,216,6,-126,110
IQ:27,224,255,116,62
IQ:28,232,5,-17,-212
IQ:29,240,255,-242,-6
IQ:30,248,12,-71,229
IQ:31,256,255,219,85
IQ:32,264,1,80,-175
IQ:33,272,255,-166,-69
IQ:34,280,2,-52,126
IQ:35,288,255,106,-8
SW:2
RR:3
SS:3
FR:2402
ME:359
MA:353
KE:32
KA:33
DF_END

Data arrived...
DF_BEGIN
IQ:0,0,11,-172,80
IQ:1,8,11,89,163
IQ:2,16,11,153,-95
IQ:3,24,11,-123,-143
IQ:4,32,11,-130,133
IQ:5,40,11,137,120
IQ:6,48,11,117,-145
IQ:7,56,11,-167,-96
IQ:8,72,12,168,152
IQ:9,80,255,160,-160
IQ:10,88,1,-112,-156
IQ:11,96,255,-134,117
IQ:12,104,2,103,87
IQ:13,112,255,32,-114
IQ:14,120,10,-259,2
IQ:15,128,255,-75,233
IQ:16,136,3,48,53
IQ:17,144,255,-29,-123
IQ:18,152,9,-254,-52
IQ:19,160,255,-78,167
IQ:20,168,4,79,-56
IQ:21,176,255,-87,-145
IQ:22,184,8,-177,-35
IQ:23,192,255,-10,145
IQ:24,200,7,67,-21
IQ:25,208,255,-80,-63
IQ:26,216,6,-122,122
IQ:27,224,255,98,58
IQ:28,232,5,-15,-218
IQ:29,240,255,-233,-8
IQ:30,248,12,-77,227
IQ:31,256,255,211,89
IQ:32,264,1,94,-166
IQ:33,272,255,-159,-67
IQ:34,280,2,-48,126
IQ:35,288,255,98,-14
SW:2
RR:3
SS:3
FR:2402
ME:359
MA:353
KE:28
KA:29
DF_END

Data arrived...
DF_BEGIN
IQ:0,0,11,153,-104
IQ:1,8,11,-113,-145
IQ:2,16,11,-117,136
IQ:3,24,11,161,91
IQ:4,32,11,91,-166
IQ:5,40,11,-158,-77
IQ:6,48,11,-59,173
IQ:7,56,11,178,39
IQ:8,72,12,-67,-82
IQ:9,80,255,-71,39
IQ:10,88,1,-7,30
IQ:11,96,255,10,2
IQ:12,104,2,-19,18
IQ:13,112,255,63,39
IQ:14,120,10,221,-22
IQ:15,128,255,34,-146
IQ:16,136,3,-31,63
IQ:17,144,255,71,81
IQ:18,152,9,108,33
IQ:19,160,255,19,-47
IQ:20,168,4,-16,85
IQ:21,176,255,60,67
IQ:22,184,8,28,136
IQ:23,192,255,93,25
IQ:24,200,7,76,-27
IQ:25,208,255,24,-72
IQ:26,216,6,4,-55
IQ:27,224,255,-72,16
IQ:28,232,5,-10,111
IQ:29,240,255,110,9
IQ:30,248,12,33,-101
IQ:31,256,255,-76,-49
IQ:32,264,1,-35,1
IQ:33,272,255,3,5
IQ:34,280,2,-19,-9
IQ:35,288,255,13,78
SW:2
RR:3
SS:3
FR:2480
ME:52
MA:61
KE:30
KA:32
DF_END

Data arrived...
DF_BEGIN
IQ:0,0,11,67,175
IQ:1,8,11,170,-76
IQ:2,16,11,-83,-158
IQ:3,24,11,-144,112
IQ:4,32,11,116,143
IQ:5,40,11,124,-126
IQ:6,48,11,-149,-116
IQ:7,56,11,-109,148
IQ:8,72,12,88,-40
IQ:9,80,255,-16,-83
IQ:10,88,1,-27,-26
IQ:11,96,255,-7,8
IQ:12,104,2,-14,-16
IQ:13,112,255,-62,54
IQ:14,120,10,-56,217
IQ:15,128,255,117,82
IQ:16,136,3,-49,-54
IQ:17,144,255,-103,27
IQ:18,152,9,-63,88
IQ:19,160,255,35,34
IQ:20,168,4,-70,-47
IQ:21,176,255,-88,35
IQ:22,184,8,-136,-30
IQ:23,192,255,-61,76
IQ:24,200,7,0,71
IQ:25,208,255,69,35
IQ:26,216,6,49,23
IQ:27,224,255,3,-70
IQ:28,232,5,-105,-52
IQ:29,240,255,-49,100
IQ:30,248,12,68,71
IQ:31,256,255,70,-51
IQ:32,264,1,5,-35
IQ:33,272,255,-12,-2
IQ:34,280,2,11,-19
IQ:35,288,255,-80,-18
SW:2
RR:3
SS:3
FR:2480
ME:52
MA:61
KE:33
KA:35
DF_END

Data arrived...
DF_BEGIN
IQ:0,0,11,-150,-19
IQ:1,8,11,1,152
IQ:2,16,11,158,-11
IQ:3,24,11,-22,-153
IQ:4,32,11,-148,34
IQ:5,40,11,42,142
IQ:6,48,11,139,-59
IQ:7,56,11,-76,-137
IQ:8,72,12,-69,219
IQ:9,80,255,192,92
IQ:10,88,1,84,-117
IQ:11,96,255,-100,-95
IQ:12,104,2,-53,-8
IQ:13,112,255,-1,-47
IQ: