KE:7
KA:4
DF_END

Data arrived...
DF_BEGIN
IQ:0,0,11,-80,-133
IQ:1,8,11,-118,95
IQ:2,16,11,118,115
IQ:3,24,11,108,-116
IQ:4,32,11,-122,-95
IQ:5,40,11,-80,136
IQ:6,48,11,149,59
IQ:7,56,11,55,-156
IQ:8,72,12,-205,105
IQ:9,80,255,73,193
IQ:10,88,1,146,-34
IQ:11,96,255,-17,-139
IQ:12,104,2,-41,-24
IQ:13,112,255,41,-26
IQ:14,120,10,67,-256
IQ:15,128,255,-149,-156
IQ:16,136,3,21,-84
IQ:17,144,255,46,-54
IQ:18,152,9,130,-138
IQ:19,160,255,-21,-99
IQ:20,168,4,150,17
IQ:21,176,255,117,-116
IQ:22,184,8,97,-118
IQ:23,192,255,-61,-76
IQ:24,200,7,6,-15
IQ:25,208,255,17,-40
IQ:26,216,6,-38,-81
IQ:27,224,255,-3,91
IQ:28,232,5,259,43
IQ:29,240,255,82,-250
IQ:30,248,12,-192,-131
IQ:31,256,255,-131,162
IQ:32,264,1,93,121
IQ:33,272,255,111,-61
IQ:34,280,2,16,-44
IQ:35,288,255,30,-12
SW:2
RR:3
SS:3
FR:2426
ME:44
MA:41
KE:10
KA:8
DF_END

Data arrived...
DF_BEGIN
IQ:0,0,11,66,-185
IQ:1,8,11,-184,-53
IQ:2,16,11,-44,201
IQ:3,24,11,189,25
IQ:4,32,11,0,-191
IQ:5,40,11,-200,28
IQ:6,48,11,16,193
IQ:7,56,11,179,-51
IQ:8,72,12,-213,-13
IQ:9,80,255,-22,198
IQ:10,88,1,156,37
IQ:11,96,255,33,-149
IQ:12,104,2,-97,-20
IQ:13,112,255,46,79
IQ:14,120,10,200,-154
IQ:15,128,255,-66,-218
IQ:16,136,3,-55,-7
IQ:17,144,255,88,77
IQ:18,152,9,221,-72
IQ:19,160,255,-37,-146
IQ:20,168,4,-2,109
IQ:21,176,255,154,38
IQ:22,184,8,136,-79
IQ:23,192,255,-61,-95
IQ:24,200,7,-21,35
IQ:25,208,255,74,-17
IQ:26,216,6,17,-147
IQ:27,224,255,-107,38
IQ:28,232,5,147,160
IQ:29,240,255,190,-128
IQ:30,248,12,-88,-198
IQ:31,256,255,-200,61
IQ:32,264,1,28,159
IQ:33,272,255,141,-31
IQ:34,280,2,-27,-103
IQ:35,288,255,-33,56
SW:2
RR:3
SS:3
FR:2402
ME:359
MA:353
KE:9
KA:6
DF_END

Data arrived...
DF_BEGIN
IQ:0,0,11,56,-136
IQ:1,8,11,-145,-42
IQ:2,16,11,-32,150
IQ:3,24,11,152,16
IQ:4,32,11,18,-147
IQ:5,40,11,-148,-3
IQ:6,48,11,10,153
IQ:7,56,11,144,-28
IQ:8,72,12,-159,-10
IQ:9,80,255,-22,152
IQ:10,88,1,114,34
IQ:11,96,255,31,-106
IQ:12,104,2,-73,-17
IQ:13,112,255,34,63
IQ:14,120,10,150,-109
IQ:15,128,255,-59,-161
IQ:16,136,3,-38,-5
IQ:17,144,255,64,59
IQ:18,152,9,159,-54
IQ:19,160,255,-31,-109
IQ:20,168,4,-12,87
IQ:21,176,255,113,39
IQ:22,184,8,95,-64
IQ:23,192,255,-54,-70
IQ:24,200,7,-10,21
IQ:25,208,255,58,-14
IQ:26,216,6,11,-110
IQ:27,224,255,-92,16
IQ:28,232,5,100,132
IQ:29,240,255,145,-98
IQ:30,248,12,-53,-152
IQ:31,256,255,-151,44
IQ:32,264,1,11,120
IQ:33,272,255,102,-26
IQ:34,280,2,-21,-72
IQ:35,288,255,-38,45
SW:2
RR:3
SS:3
FR:2402
ME:359
MA:5
KE:8
KA:6
DF_END

Data arrived...
DF_BEGIN
IQ:0,0,11,161,38
IQ:1,8,11,14,-172
IQ:2,16,11,-182,-14
IQ:3,24,11,-6,168
IQ:4,32,11,169,-35
IQ:5,40,11,-31,-175
IQ:6,48,11,-166,39
IQ:7,56,11,62,161
IQ:8,72,12,43,-105
IQ:9,80,255,-94,-55
IQ:10,88,1,-64,41
IQ:11,96,255,20,33
IQ:12,104,2,-7,-26
IQ:13,112,255,-15,54
IQ:14,120,10,130,154
IQ:15,128,255,142,-54
IQ:16,136,3,-67,-12
IQ:17,144,255,-50,96
IQ:18,152,9,16,125
IQ:19,160,255,61,1
IQ:20,168,4,-86,10
IQ:21,176,255,-56,93
IQ:22,184,8,-103,122
IQ:23,192,255,65,80
IQ:24,200,7,52,-12
IQ:25,208,255,25,-33
IQ:26,216,6,52,-7
IQ:27,224,255,-36,-54
IQ:28,232,5,-108,42
IQ:29,240,255,32,101
IQ:30,248,12,100,-10
IQ:31,256,255,-2,-112
IQ:32,264,1,-61,-44
IQ:33,272,255,-26,37
IQ:34,280,2,25,-15
IQ:35,288,255,-40,32
SW:2
RR:3
SS:3
FR:2480
ME:2
MA:353
KE:7
KA:4
DF_END

Data arrived...
DF_BEGIN
IQ:0,0,11,135,-124
IQ:1,8,11,-128,-121
IQ:2,16,11,-114,133
IQ:3,24,11,156,93
IQ:4,32,11,79,-155
IQ:5,40,11,-165,-67
IQ:6,48,11,-57,169
IQ:7,56,11,177,29
IQ:8,72,12,-163,-167
IQ:9,80,255,-173,134
IQ:10,88,1,48,146
IQ:11,96,255,125,-34
IQ:12,104,2,17,-41
IQ:13,112,255,34,46
IQ:14,120,10,276,11
IQ:15,128,255,120,-186
IQ:16,136,3,79,5
IQ:17,144,255,57,41
IQ:18,152,9,153,78
IQ:19,160,255,65,-62
IQ:20,168,4,16,166
IQ:21,176,255,155,96
IQ:22,184,8,141,76
IQ:23,192,255,56,-81
IQ:24,200,7,20,20
IQ:25,208,255,66,-1
IQ:26,216,6,71,-72
IQ:27,224,255,-103,13
IQ:28,232,5,13,284
IQ:29,240,255,270,24
IQ:30,248,12,67,-232
IQ:31,256,255,-197,-94
IQ:32,264,1,-102,116
IQ:33,272,255,88,83
IQ:34,280,2,38,-13
IQ:35,288,255,4,31
SW:2
RR:3
SS:3
FR:2426
ME:47
MA:38
KE:11
KA:7
DF_END

Data arrived...
DF_BEGIN
IQ:0,0,11,-105,105
IQ:1,8,11,116,95
IQ:2,16,11,87,-122
IQ:3,24,11,-132,-74
IQ:4,32,11,-59,135
IQ:5,40,11,148,45
IQ:6,48,11,32,-146
IQ:7,56,11,-145,-22
IQ:8,72,12,150,67
IQ:9,80,255,72,-137
IQ:10,88,1,-98,-75
IQ:11,96,255,-59,97
IQ:12,104,2,75,39
IQ:13,112,255,-14,-69
IQ:14,120,10,-186,51
IQ:15,128,255,-4,175
IQ:16,136,3,38,10
IQ:17,144,255,-57,-73
IQ:18,152,9,-179,2
IQ:19,160,255,-15,114
IQ:20,168,4,40,-84
IQ:21,176,255,-99,-64
IQ:22,184,8,-112,32
IQ:23,192,255,27,83
IQ:24,200,7,23,-20
IQ:25,208,255,-59,-7
IQ:26,216,6,-39,101
IQ:27,224,255,89,-1
IQ:28,232,5,-56,-161
IQ:29,240,255,-174,42
IQ:30,248,12,10,161
IQ:31,256,255,155,-10
IQ:32,264,1,22,-128
IQ:33,272,255,-117,-22
IQ:34,280,2,-4,75
IQ:35,288,255,44,-36
SW:2
RR:3
SS:3
FR:2402
ME:359
MA:353
KE:9
KA:6
DF_END

Data arrived...
DF_BEGIN
IQ:0,0,11,-80,180
IQ:1,8,11,188,58
IQ:2,16,11,47,-193
IQ:3,24,11,-196,-44
IQ:4,32,11,-16,196
IQ:5,40,11,194,-21
IQ:6,48,11,-24,-197
IQ:7,56,11,-193,42
IQ:8,72,12,214,11
IQ:9,80,255,26,-204
IQ:10,88,1,-154,-43
IQ:11,96,255,-44,142
IQ:12,104,2,100,23
IQ:13,112,255,-50,-74
IQ:14,120,10,-189,160
IQ:15,128,255,68,218
IQ:16,136,3,51,3
IQ:17,144,255,-98,-73
IQ:18,152,9,-214,92
IQ:19,160,255,45,141
IQ:20,168,4,-1,-116
IQ:21,176,255,-156,-40
IQ:22,184,8,-138,67
IQ:23,192,255,60,96
IQ:24,200,7,19,-33
IQ:25,208,255,-75,11
IQ:26,216,6,-5,137
IQ:27,224,255,107,-37
IQ:28,232,5,-149,-173
IQ:29,240,255,-206,117
IQ:30,248,12,71,196
IQ:31,256,255,198,-69
IQ:32,264,1,-19,-165
IQ:33,272,255,-139,20
IQ:34,280,2,18,95
IQ:35,288,255,41,-61
SW:2
RR:3
SS:3
FR:2402
ME:359
MA:353
KE:8
KA:4
DF_END

Data arrived...
DF_BEGIN
IQ:0,0,11,185,-18
IQ:1,8,11,-18,-182
IQ:2,16,11,-181,42
IQ:3,24,11,56,166
IQ:4,32,11,159,-76
IQ:5,40,11,-91,-153
IQ:6,48,11,-143,114
IQ:7,56,11,135,130
IQ:8,72,12,14,-108
IQ:9,80,255,-100,-28
IQ:10,88,1,-56,50
IQ:11,96,255,33,27
IQ:12,104,2,-15,-29
IQ:13,112,255,7,62
IQ:14,120,10,185,112
IQ:15,128,255,115,-102
IQ:16,136,3,-63,9
IQ:17,144,255,-11,109
IQ:18,152,9,76,107
IQ:19,160,255,58,-29
IQ:20,168,4,-76,41
IQ:21,176,255,-13,112
IQ:22,184,8,-44,146
IQ:23,192,255,83,49
IQ:24,200,7,53,-30
IQ:25,208,255,18,-33
IQ:26,216,6,56,-28
IQ:27,224,255,-53,-41
IQ:28,232,5,-81,75
IQ:29,240,255,76,85
IQ:30,248,12,110,-37
IQ:31,256,255,-21,-102
IQ:32,264,1,-68,-12
IQ:33,272,255,-8,45
IQ:34,280,2,12,-21
IQ:35,288,255,-34,50
SW:2
RR:3
SS:3
FR:2480
ME:2
MA:353
KE:8
KA:3
DF_END

Data arrived...
DF_BEGIN
IQ:0,0,11,172,6
IQ:1,8,11,-15,-165
IQ:2,16,11,-151,32
IQ:3,24,11,39,154
IQ:4,32,11,153,-57
IQ:5,40,11,-78,-152
IQ:6,48,11,-134,89
IQ:7,56,11,101,132
IQ:8,72,12,6,-231
IQ:9,80,255,-211,-37
IQ:10,88,1,-52,143
IQ:11,96,255,117,62
IQ:12,104,2,37,-15
IQ:13,112,255,-9,48
IQ:14,120,10,183,180
IQ:15,128,255,203,-65
IQ:16,136,3,66,65
IQ:17,144,255,23,68
IQ:18,152,9,59,181
IQ:19,160,255,96,20
IQ:20,168,4,-88,118
IQ:21,176,255,42,164
IQ:22,184,8,54,143
IQ:23,192,255,93,-10
IQ:24,200,7,8,22
IQ:25,208,255,39,26
IQ:26,216,6,90,5
IQ:27,224,255,-67,-53
IQ:28,232,5,-163,212
IQ:29,240,255,187,201
IQ:30,248,12,215,-93
IQ:31,256,255,-64,-203
IQ:32,264,1,-149,14
IQ:33,272,255,0,132
IQ:34,280,2,34,22
IQ:35,288,255,-13,31
SW:2
RR:3
SS:3
FR:2426
ME:44
MA:41
KE:11
KA:7
DF_END

Data arrived...
DF_BEGIN
IQ:0,0,11,58,-136
IQ:1,8,11,-147,-55
IQ:2,16,11,-44,143
IQ:3,24,11,148,28
IQ:4,32,11,20,-150
IQ:5,40,11,-145,4
IQ:6,48,11,8,154
IQ:7,56,11,151,-26
IQ:8,72,12,-163,-12
IQ:9,80,255,-32,159
IQ:10,88,1,114,44
IQ:11,96,255,32,-109
IQ:12,104,2,-74,-10
IQ:13,112,255,39,56
IQ:14,120,10,151,-131
IQ:15,128,255,-67,-159
IQ:16,136,3,-36,0
IQ:17,144,255,78,51
IQ:18,152,9,166,-72
IQ:19,160,255,-28,-114
IQ:20,168,4,-16,92
IQ:21,176,255,116,34
IQ:22,184,8,93,-65
IQ:23,192,255,-60,-70
IQ:24,200,7,-14,31
IQ:25,208,255,58,-15
IQ:26,216,6,12,-113
IQ:27,224,255,-80,29
IQ:28,232,5,101,136
IQ:29,240,255,149,-99
IQ:30,248,12,-60,-151
IQ:31,256,255,-148,49
IQ:32,264,1,15,122
IQ:33,272,255,109,-23
IQ:34,280,2,-20,-75
IQ:35,288,255,-29,52
SW:2
RR:3
SS:3
FR:2402
ME:359
MA:353
KE:10
KA:5
DF_END

Data arrived...
DF_BEGIN
IQ:0,0,11,-161,89
IQ:1,8,11,77,163
IQ:2,16,11,150,-96
IQ:3,24,11,-118,-133
IQ:4,32,11,-121,133
IQ:5,40,11,139,109
IQ:6,48,11,92,-152
IQ:7,56,11,-162,-87
IQ:8,72,12,30,109
IQ:9,80,255,98,-18
IQ:10,88,1,33,-65
IQ:11,96,255,-44,-19
IQ:12,104,2,18,16
IQ:13,112,255,-27,-49
IQ:14,120,10,-213,-41
IQ:15,128,255,-76,129
IQ:16,136,3,53,-37
IQ:17,144,255,-35,-103
IQ:18,152,9,-109,-69
IQ:19,160,255,-45,52
IQ:20,168,4,46,-61
IQ:21,176,255,-34,-107
IQ:22,184,8,-13,-160
IQ:23,192,255,-103,-19
IQ:24,200,7,-42,40
IQ:25,208,255,-7,41
IQ:26,216,6,-42,45
IQ:27,224,255,62,18
IQ:28,232,5,45,-105
IQ:29,240,255,-105,-50
IQ:30,248,12,-84,74
IQ:31,256,255,58,80
IQ:32,264,1,63,-11
IQ:33,272,255,-13,-42
IQ:34,280,2,-6,21
IQ:35,288,255,6,-50
SW:2
RR:3
SS:3
FR:2480
ME:359
MA:5
KE:9
KA:5
DF_END

Data arrived...
DF_BEGIN
IQ:0,0,11,-63,158
IQ:1,8,11,170,53
IQ:2,16,11,45,-177
IQ:3,24,11,-174,-36
IQ:4,32,11,-8,181
IQ:5,40,11,177,-9
IQ:6,48,11,-25,-167
IQ:7,56,11,-175,49
IQ:8,72,12,218,83
IQ:9,80,255,100,-197
IQ:10,88,1,-114,-109
IQ:11,96,255,-109,92
IQ:12,104,2,10,46
IQ:13,112,255,-51,-27
IQ:14,120,10,-252,98
IQ:15,128,255,-24,224
IQ:16,136,3,-64,37
IQ:17,144,255,-74,-7
IQ:18,152,9,-198,-14
IQ:19,160,255,-60,74
IQ:20,168,4,-65,-146
IQ:21,176,255,-174,-40
IQ:22,184,8,-160,-12
IQ:23,192,255,-23,94
IQ:24,200,7,-20,-8
IQ:25,208,255,-64,9
IQ:26,216,6,-37,90
IQ:27,224,255,79,-59
IQ:28,232,5,-143,-241
IQ:29,240,255,-264,85
IQ:30,248,12,12,242
IQ:31,256,255,218,26
IQ:32,264,1,52,-153
IQ:33,272,255,-122,-40
IQ:34,280,2,-32,31
IQ:35,288,255,-23,-24
SW:2
RR:3
SS:3
FR:2426
ME:47
MA:38
KE:13
KA:8
DF_END

Data arrived...
DF_BEGIN
IQ:0,0,11,94,-120
IQ:1,8,11,-127,-87
IQ:2,16,11,-73,140
IQ:3,24,11,150,56
IQ:4,32,11,50,-149
IQ:5,40,11,-154,-27
IQ:6,48,11,-29,158
IQ:7,56,11,151,15
IQ:8,72,12,-162,-44
IQ:9,80,255,-61,145
IQ:10,88,1,109,61
IQ:11,96,255,43,-102
IQ:12,104,2,-77,-29
IQ:13,112,255,22,73
IQ:14,120,10,178,-78
IQ:15,128,255,-23,-173
IQ:16,136,3,-38,-9
IQ:17,144,255,56,74
IQ:18,152,9,165,-28
IQ:19,160,255,-8,-114
IQ:20,168,4,-27,86
IQ:21,176,255,116,56
IQ:22,184,8,113,-37
IQ:23,192,255,-34,-80
IQ:24,200,7,-19,27
IQ:25,208,255,66,-9
IQ:26,216,6,27,-116
IQ:27,224,255,-99,14
IQ:28,232,5,59,156
IQ:29,240,255,169,-61
IQ:30,248,12,-30,-161
IQ:31,256,255,-161,17
IQ:32,264,1,-2,121
IQ:33,272,255,107,-4
IQ:34,280,2,-9,-81
IQ:35,288,255,-39,47
SW:2
RR:3
SS:3
FR:2402
ME:359
MA:5
KE:11
KA:8
DF_END

Data arrived...
DF_BEGIN
IQ:0,0,11,113,171
IQ:1,8,11,154,-137
IQ:2,16,11,-152,-133
IQ:3,24,11,-116,174
IQ:4,32,11,183,98
IQ:5,40,11,97,-179
IQ:6,48,11,-185,-88
IQ:7,56,11,-70,191
IQ:8,72,12,125,-174
IQ:9,80,255,-158,-137
IQ:10,88,1,-117,108
IQ:11,96,255,100,106
IQ:12,104,2,67,-77
IQ:13,112,255,-96,3
IQ:14,120,10,44,252
IQ:15,128,255,229,15
IQ:16,136,3,13,-41
IQ:17,144,255,-108,56
IQ:18,152,9,-20,226
IQ:19,160,255,150,34
IQ:20,168,4,-100,-64
IQ:21,176,255,-107,121
IQ:22,184,8,21,147
IQ:23,192,255,112,-18
IQ:24,200,7,-31,-23
IQ:25,208,255,-7,85
IQ:26,216,6,126,74
IQ:27,224,255,18,-111
IQ:28,232,5,-215,64
IQ:29,240,255,29,237
IQ:30,248,12,214,37
IQ:31,256,255,42,-205
IQ:32,264,1,-150,-70
IQ:33,272,255,-35,137
IQ:34,280,2,98,14
IQ:35,288,255,-37,-65
SW:2
RR:3
SS:3
FR:2402
ME:359
MA:5
KE:10
KA:8
DF_END

Data arrived...
DF_BEGIN
IQ:0,0,11,-126,138
IQ:1,8,11,144,118
IQ:2,16,11,97,-150
IQ:3,24,11,-168,-86
IQ:4,32,11,-74,177
IQ:5,40,11,177,52
IQ:6,48,11,33,-178
IQ:7,56,11,-185,-9
IQ:8,72,12,72,82
IQ:9,80,255,85,-57
IQ:10,88,1,1,-68
IQ:11,96,255,-44,1
IQ:12,104,2,26,3
IQ:13,112,255,-45,-37
IQ:14,120,10,-217,56
IQ:15,128,255,-15,155
IQ:16,136,3,42,-54
IQ:17,144,255,-64,-91
IQ:18,152,9,-127,-20
IQ:19,160,255,-18,67
IQ:20,168,4,33,-83
IQ:21,176,255,-65,-84
IQ:22,184,8,-68,-134
IQ:23,192,255,-99,18
IQ:24,200,7,-27,53
IQ:25,208,255,4,47
IQ:26,216,6,-22,58
IQ:27,224,255,65,-8
IQ:28,232,5,-1,-117
IQ:29,240,255,-123,-14
IQ:30,248,12,-46,102
IQ:31,256,255,90,46
IQ:32,264,1,55,-40
IQ:33,272,255,-27,-37
IQ:34,280,2,4,22
IQ:35,288,255,-11,-54
SW:2
RR:3
SS:3
FR:2480
ME:2
MA:353
KE:9
KA:6
DF_END

Data arrived...
DF_BEGIN
IQ:0,0,11,169,-62
IQ:1,8,11,-71,-156
IQ:2,16,11,-154,72
IQ:3,24,11,77,146
IQ:4,32,11,129,-99
IQ:5,40,11,-126,-121
IQ:6,48,11,-111,135
IQ:7,56,11,142,102
IQ:8,72,12,-105,-234
IQ:9,80,255,-219,56
IQ:10,88,1,10,153
IQ:11,96,255,132,3
IQ:12,104,2,19,-31
IQ:13,112,255,8,67
IQ:14,120,10,234,127
IQ:15,128,255,188,-123
IQ:16,136,3,73,29
IQ:17,144,255,45,62
IQ:18,152,9,139,127
IQ:19,160,255,101,-32
IQ:20,168,4,-41,148
IQ:21,176,255,94,144
IQ:22,184,8,116,118
IQ:23,192,255,88,-53
IQ:24,200,7,3,9
IQ:25,208,255,53,23
IQ:26,216,6,86,-50
IQ:27,224,255,-94,-9
IQ:28,232,5,-74,259
IQ:29,240,255,263,109
IQ:30,248,12,161,-193
IQ:31,256,255,-152,-154
IQ:32,264,1,-128,78
IQ:33,272,255,63,119
IQ:34,280,2,37,-10
IQ:35,288,255,-2,37
SW:2
RR:3
SS:3
FR:2426
ME:47
MA:35
KE:13
KA:9
DF_END

Data arrived...
DF_BEGIN
IQ:0,0,11,44,152
IQ:1,8,11,128,-73
IQ:2,16,11,-94,-134
IQ:3,24,11,-123,96
IQ:4,32,11,103,121
IQ:5,40,11,109,-115
IQ:6,48,11,-130,-101
IQ:7,56,11,-85,134
IQ:8,72,12,116,-112
IQ:9,80,255,-113,-121
IQ:10,88,1,-112,59
IQ:11,96,255,55,104
IQ:12,104,2,72,-45
IQ:13,112,255,-71,-18
IQ:14,120,10,-17,204
IQ:15,128,255,159,78
IQ:16,136,3,25,-32
IQ:17,144,255,-97,19
IQ:18,152,9,-54,166
IQ:19,160,255,108,50
IQ:20,168,4,-63,-70
IQ:21,176,255,-119,69
IQ:22,184,8,-30,122
IQ:23,192,255,90,12
IQ:24,200,7,-16,-31
IQ:25,208,255,-35,56
IQ:26,216,6,76,91
IQ:27,224,255,36,-83
IQ:28,232,5,-178,-11
IQ:29,240,255,-34,187
IQ:30,248,12,154,58
IQ:31,256,255,73,-144
IQ:32,264,1,-95,-74
IQ:33,272,255,-58,103
IQ:34,280,2,73,41
IQ:35,288,255,-15,-54
SW:2
RR:3
SS:3
FR:2402
ME:359
MA:353
KE:12
KA:8
DF_END

Data arrived...
DF_BEGIN
IQ:0,0,11,176,35
IQ:1,8,11,24,-182
IQ:2,16,11,-181,-5
IQ:3,24,11,11,177
IQ:4,32,11,170,-38
IQ:5,40,11,-48,-174
IQ:6,48,11,-166,62
IQ:7,56,11,77,158
IQ:8,72,12,30,-96
IQ:9,80,255,-98,-40
IQ:10,88,1,-66,31
IQ:11,96,255,22,36
IQ:12,104,2,1,-23
IQ:13,112,255,-10,53
IQ:14,120,10,138,154
IQ:15,128,255,141,-62
IQ:16,136,3,-55,-12
IQ:17,144,255,-40,96
IQ:18,152,9,41,123
IQ:19,160,255,63,-11
IQ:20,168,4,-74,17
IQ:21,176,255,-41,98
IQ:22,184,8,-85,143
IQ:23,192,255,77,79
IQ:24,200,7,61,-10
IQ:25,208,255,29,-35
IQ:26,216,6,50,-13
IQ:27,224,255,-38,-51
IQ:28,232,5,-102,47
IQ:29,240,255,36,105
IQ:30,248,12,102,-16
IQ:31,256,255,-3,-105
IQ:32,264,1,-67,-36
IQ:33,272,255,-27,35
IQ:34,280,2,18,-4
IQ:35,288,255,-31,37
SW:2
RR:3
SS:3
FR:2480
ME:359
MA:5
KE:10
KA:8
DF_END

Data arrived...
DF_BEGIN
IQ:0,0,11,-96,118
IQ:1,8,11,133,79
IQ:2,16,11,63,-141
IQ:3,24,11,-152,-55
IQ:4,32,11,-43,159
IQ:5,40,11,153,33
IQ:6,48,11,14,-162
IQ:7,56,11,-162,1
IQ:8,72,12,177,141
IQ:9,80,255,166,-145
IQ:10,88,1,-65,-133
IQ:11,96,255,-121,64
IQ:12,104,2,-5,33
IQ:13,112,255,-44,-30
IQ:14,120,10,-263,23
IQ:15,128,255,-80,194
IQ:16,136,3,-90,14
IQ:17,144,255,-71,-21
IQ:18,152,9,-177,-66
IQ:19,160,255,-75,56
IQ:20,168,4,-53,-138
IQ:21,176,255,-163,-61
IQ:22,184,8,-146,-38
IQ:23,192,255,-50,83
IQ:24,200,7,-12,2
IQ:25,208,255,-55,0
IQ:26,216,6,-55,69
IQ:27,224,255,82,-29
IQ:28,232,5,-58,-277
IQ:29,240,255,-261,7
IQ:30,248,12,-41,225
IQ:31,256,255,198,75
IQ:32,264,1,77,-130
IQ:33,272,255,-99,-90
IQ:34,280,2,-42,8
IQ:35,288,255,-20,-25
SW:2
RR:3
SS:3
FR:2426
ME:44
MA:41
KE:14
KA:11
DF_END

Data arrived...
DF_BEGIN
IQ:0,0,11,85,-147
IQ:1,8,11,-154,-61
IQ:2,16,11,-57,159
IQ:3,24,11,158,50
IQ:4,32,11,31,-167
IQ:5,40,11,-165,-9
IQ:6,48,11,17,161
IQ:7,56,11,172,-20
IQ:8,72,12,-230,-89
IQ:9,80,255,-127,174
IQ:10,88,1,100,108
IQ:11,96,255,112,-84
IQ:12,104,2,-8,-47
IQ:13,112,255,45,27
IQ:14,120,10,258,-55
IQ:15,128,255,36,-219
IQ:16,136,3,79,-39
IQ:17,144,255,75,7
IQ:18,152,9,192,22
IQ:19,160,255,53,-81
IQ:20,168,4,78,137
IQ:21,176,255,173,31
IQ:22,184,8,151,21
IQ:23,192,255,25,-90
IQ:24,200,7,18,0
IQ:25,208,255,55,-20
IQ:26,216,6,38,-92
IQ:27,224,255,-80,58
IQ:28,232,5,130,257
IQ:29,240,255,259,-79
IQ:30,248,12,-13,-238
IQ:31,256,255,-220,-11
IQ:32,264,1,-40,140
IQ:33,272,255,118,57
IQ:34,280,2,42,-19
IQ:35,288,255,19,17
SW:2
RR:3
SS:3
FR:2426
ME:44
MA:38
KE:17
KA:14
DF_END

Data arrived...
DF_BEGIN
IQ:0,0,11,126,80
IQ:1,8,11,81,-132
IQ:2,16,11,-138,-72
IQ:3,24,11,-50,137
IQ:4,32,11,149,44
IQ:5,40,11,26,-150
IQ:6,48,11,-160,-28
IQ:7,56,11,-7,147
IQ:8,72,12,42,-154
IQ:9,80,255,-144,-57
IQ:10,88,1,-55,105
IQ:11,96,255,102,40
IQ:12,104,2,35,-78
IQ:13,112,255,-69,21
IQ:14,120,10,85,172
IQ:15,128,255,172,-37
IQ:16,136,3,5,-42
IQ:17,144,255,-74,59
IQ:18,152,9,28,166
IQ:19,160,255,117,-3
IQ:20,168,4,-87,-23
IQ:21,176,255,-55,112
IQ:22,184,8,48,109
IQ:23,192,255,80,-34
IQ:24,200,7,-29,-18
IQ:25,208,255,2,65
IQ:26,216,6,108,39
IQ:27,224,255,-10,-89
IQ:28,232,5,-147,87
IQ:29,240,255,67,160
IQ:30,248,12,158,-32
IQ:31,256,255,-13,-163
IQ:32,264,1,-124,-18
IQ:33,272,255,5,113
IQ:34,280,2,83,-4
IQ:35,288,255,-50,-37
SW:2
RR:3
SS:3
FR:2402
ME:359
MA:5
KE:15
KA:13
DF_END