DF_END

Data arrived...
DF_BEGIN
IQ:0,0,11,-43,-186
IQ:1,8,11,-180,54
IQ:2,16,11,81,161
IQ:3,24,11,163,-98
IQ:4,32,11,-112,-161
IQ:5,40,11,-152,112
IQ:6,48,11,135,130
IQ:7,56,11,98,-166
IQ:8,72,12,-213,241
IQ:9,80,255,177,271
IQ:10,88,1,289,-69
IQ:11,96,255,-41,-289
IQ:12,104,2,-181,-31
IQ:13,112,255,25,60
IQ:14,120,10,212,-435
IQ:15,128,255,-265,-317
IQ:16,136,3,-209,6
IQ:17,144,255,146,152
IQ:18,152,9,429,-273
IQ:19,160,255,-132,-401
IQ:20,168,4,-168,-16
IQ:21,176,255,31,178
IQ:22,184,8,286,239
IQ:23,192,255,196,-128
IQ:24,200,7,-53,-16
IQ:25,208,255,9,5
IQ:26,216,6,9,-123
IQ:27,224,255,-83,-63
IQ:28,232,5,-2,-98
IQ:29,240,255,-94,-115
IQ:30,248,12,-307,-98
IQ:31,256,255,-166,270
IQ:32,264,1,186,241
IQ:33,272,255,233,-155
IQ:34,280,2,-44,-168
IQ:35,288,255,-84,-3
SW:2
RR:3
SS:3
FR:2480
ME:21
MA:30
KE:22
KA:20
DF_END

Data arrived...
DF_BEGIN
IQ:0,0,11,-133,122
IQ:1,8,11,144,106
IQ:2,16,11,101,-138
IQ:3,24,11,-146,-89
IQ:4,32,11,-83,168
IQ:5,40,11,163,54
IQ:6,48,11,45,-173
IQ:7,56,11,-189,-27
IQ:8,72,12,304,92
IQ:9,80,255,241,-233
IQ:10,88,1,10,-392
IQ:11,96,255,-362,-123
IQ:12,104,2,-293,155
IQ:13,112,255,29,166
IQ:14,120,10,-278,-281
IQ:15,128,255,-380,70
IQ:16,136,3,-266,114
IQ:17,144,255,82,195
IQ:18,152,9,107,-130
IQ:19,160,255,-113,-188
IQ:20,168,4,-139,-121
IQ:21,176,255,-43,55
IQ:22,184,8,257,-3
IQ:23,192,255,31,-212
IQ:24,200,7,-212,-92
IQ:25,208,255,-79,93
IQ:26,216,6,5,-101
IQ:27,224,255,-34,-78
IQ:28,232,5,54,-188
IQ:29,240,255,-96,-25
IQ:30,248,12,62,322
IQ:31,256,255,317,117
IQ:32,264,1,346,-183
IQ:33,272,255,-76,-360
IQ:34,280,2,-291,-180
IQ:35,288,255,-224,125
SW:2
RR:3
SS:3
FR:2426
ME:41
MA:30
KE:24
KA:21
DF_END

Data arrived...
DF_BEGIN
IQ:0,0,11,-181,21
IQ:1,8,11,24,163
IQ:2,16,11,170,-43
IQ:3,24,11,-49,-156
IQ:4,32,11,-152,75
IQ:5,40,11,81,153
IQ:6,48,11,131,-115
IQ:7,56,11,-130,-131
IQ:8,72,12,178,245
IQ:9,80,255,342,-50
IQ:10,88,1,263,-295
IQ:11,96,255,-202,-324
IQ:12,104,2,-335,-35
IQ:13,112,255,-88,167
IQ:14,120,10,-24,-387
IQ:15,128,255,-318,-223
IQ:16,136,3,-310,-66
IQ:17,144,255,-65,215
IQ:18,152,9,180,-22
IQ:19,160,255,38,-207
IQ:20,168,4,-22,-198
IQ:21,176,255,-88,22
IQ:22,184,8,188,161
IQ:23,192,255,141,-145
IQ:24,200,7,-125,-185
IQ:25,208,255,-116,32
IQ:26,216,6,76,-74
IQ:27,224,255,30,-83
IQ:28,232,5,163,-87
IQ:29,240,255,-60,-84
IQ:30,248,12,-160,280
IQ:31,256,255,194,270
IQ:32,264,1,379,90
IQ:33,272,255,204,-345
IQ:34,280,2,-104,-336
IQ:35,288,255,-255,-54
SW:2
RR:3
SS:3
FR:2426
ME:41
MA:30
KE:26
KA:22
DF_END

Data arrived...
DF_BEGIN
IQ:0,0,11,90,-139
IQ:1,8,11,-141,-71
IQ:2,16,11,-56,148
IQ:3,24,11,148,28
IQ:4,32,11,20,-155
IQ:5,40,11,-159,-9
IQ:6,48,11,1,163
IQ:7,56,11,151,-20
IQ:8,72,12,-160,-6
IQ:9,80,255,20,117
IQ:10,88,1,66,-86
IQ:11,96,255,-134,-35
IQ:12,104,2,-3,297
IQ:13,112,255,261,80
IQ:14,120,10,-15,-117
IQ:15,128,255,-209,46
IQ:16,136,3,-18,342
IQ:17,144,255,318,-12
IQ:18,152,9,-46,-337
IQ:19,160,255,-374,-26
IQ:20,168,4,-158,261
IQ:21,176,255,231,77
IQ:22,184,8,73,-368
IQ:23,192,255,-320,-56
IQ:24,200,7,-53,306
IQ:25,208,255,235,42
IQ:26,216,6,-130,-186
IQ:27,224,255,-222,103
IQ:28,232,5,-20,180
IQ:29,240,255,130,-40
IQ:30,248,12,-69,-143
IQ:31,256,255,-87,86
IQ:32,264,1,108,16
IQ:33,272,255,-30,-136
IQ:34,280,2,-274,93
IQ:35,288,255,34,300
SW:2
RR:3
SS:3
FR:2402
ME:5
MA:356
KE:24
KA:20
DF_END

Data arrived...
DF_BEGIN
IQ:0,0,11,142,49
IQ:1,8,11,63,-151
IQ:2,16,11,-145,-37
IQ:3,24,11,-12,155
IQ:4,32,11,160,3
IQ:5,40,11,-3,-162
IQ:6,48,11,-155,39
IQ:7,56,11,58,145
IQ:8,72,12,-38,-263
IQ:9,80,255,-270,-19
IQ:10,88,1,-94,250
IQ:11,96,255,243,113
IQ:12,104,2,108,-129
IQ:13,112,255,-81,-27
IQ:14,120,10,191,320
IQ:15,128,255,351,-77
IQ:16,136,3,97,-168
IQ:17,144,255,-198,37
IQ:18,152,9,-11,412
IQ:19,160,255,342,88
IQ:20,168,4,77,-123
IQ:21,176,255,-160,-54
IQ:22,184,8,-268,98
IQ:23,192,255,35,164
IQ:24,200,7,36,-68
IQ:25,208,255,-32,2
IQ:26,216,6,110,81
IQ:27,224,255,105,-52
IQ:28,232,5,42,29
IQ:29,240,255,118,10
IQ:30,248,12,214,-157
IQ:31,256,255,-101,-252
IQ:32,264,1,-267,34
IQ:33,272,255,-6,266
IQ:34,280,2,159,48
IQ:35,288,255,35,-80
SW:2
RR:3
SS:3
FR:2480
ME:19
MA:33
KE:24
KA:21
DF_END

Data arrived...
DF_BEGIN
IQ:0,0,11,-176,-1
IQ:1,8,11,21,174
IQ:2,16,11,140,-34
IQ:3,24,11,-68,-156
IQ:4,32,11,-164,65
IQ:5,40,11,76,143
IQ:6,48,11,137,-104
IQ:7,56,11,-97,-140
IQ:8,72,12,167,260
IQ:9,80,255,356,-44
IQ:10,88,1,276,-296
IQ:11,96,255,-200,-339
IQ:12,104,2,-331,-75
IQ:13,112,255,-101,173
IQ:14,120,10,-8,-375
IQ:15,128,255,-290,-241
IQ:16,136,3,-307,-87
IQ:17,144,255,-75,214
IQ:18,152,9,186,-34
IQ:19,160,255,39,-225
IQ:20,168,4,-32,-184
IQ:21,176,255,-60,38
IQ:22,184,8,200,178
IQ:23,192,255,150,-146
IQ:24,200,7,-77,-181
IQ:25,208,255,-119,-6
IQ:26,216,6,70,-86
IQ:27,224,255,18,-75
IQ:28,232,5,150,-95
IQ:29,240,255,-68,-86
IQ:30,248,12,-184,245
IQ:31,256,255,153,298
IQ:32,264,1,374,99
IQ:33,272,255,184,-339
IQ:34,280,2,-139,-333
IQ:35,288,255,-274,-66
SW:2
RR:3
SS:3
FR:2426
ME:38
MA:30
KE:25
KA:22
DF_END

Data arrived...
DF_BEGIN
IQ:0,0,11,98,-125
IQ:1,8,11,-140,-101
IQ:2,16,11,-75,141
IQ:3,24,11,160,52
IQ:4,32,11,43,-161
IQ:5,40,11,-161,-42
IQ:6,48,11,-35,160
IQ:7,56,11,162,-2
IQ:8,72,12,-163,-14
IQ:9,80,255,35,121
IQ:10,88,1,80,-89
IQ:11,96,255,-133,-54
IQ:12,104,2,-48,288
IQ:13,112,255,254,114
IQ:14,120,10,-14,-116
IQ:15,128,255,-211,37
IQ:16,136,3,-74,362
IQ:17,144,255,320,63
IQ:18,152,9,3,-325
IQ:19,160,255,-365,-43
IQ:20,168,4,-179,260
IQ:21,176,255,242,94
IQ:22,184,8,125,-371
IQ:23,192,255,-320,-123
IQ:24,200,7,-105,299
IQ:25,208,255,233,64
IQ:26,216,6,-92,-214
IQ:27,224,255,-256,67
IQ:28,232,5,-28,176
IQ:29,240,255,142,-37
IQ:30,248,12,-67,-140
IQ:31,256,255,-109,81
IQ:32,264,1,110,40
IQ:33,272,255,-1,-146
IQ:34,280,2,-275,66
IQ:35,288,255,15,299
SW:2
RR:3
SS:3
FR:2402
ME:5
MA:353
KE:23
KA:19
DF_END

Data arrived...
DF_BEGIN
IQ:0,0,11,149,-15
IQ:1,8,11,-36,-151
IQ:2,16,11,-152,62
IQ:3,24,11,63,142
IQ:4,32,11,133,-68
IQ:5,40,11,-83,-132
IQ:6,48,11,-125,113
IQ:7,56,11,109,114
IQ:8,72,12,-190,-181
IQ:9,80,255,-233,165
IQ:10,88,1,70,267
IQ:11,96,255,252,-36
IQ:12,104,2,2,-162
IQ:13,112,255,-86,46
IQ:14,120,10,350,189
IQ:15,128,255,279,-224
IQ:16,136,3,-30,-171
IQ:17,144,255,-139,152
IQ:18,152,9,250,352
IQ:19,160,255,334,-114
IQ:20,168,4,6,-135
IQ:21,176,255,-169,51
IQ:22,184,8,-172,242
IQ:23,192,255,115,118
IQ:24,200,7,-18,-68
IQ:25,208,255,-27,39
IQ:26,216,6,125,8
IQ:27,224,255,61,-91
IQ:28,232,5,50,9
IQ:29,240,255,86,-55
IQ:30,248,12,86,-252
IQ:31,256,255,-235,-139
IQ:32,264,1,-216,189
IQ:33,272,255,122,233
IQ:34,280,2,147,-38
IQ:35,288,255,-28,-75
SW:2
RR:3
SS:3
FR:2480
ME:19
MA:30
KE:23
KA:20
DF_END

Data arrived...
DF_BEGIN
IQ:0,0,11,153,94
IQ:1,8,11,75,-155
IQ:2,16,11,-154,-50
IQ:3,24,11,-45,157
IQ:4,32,11,152,31
IQ:5,40,11,3,-162
IQ:6,48,11,-173,-2
IQ:7,56,11,13,162
IQ:8,72,12,33,-303
IQ:9,80,255,-280,-186
IQ:10,88,1,-386,45
IQ:11,96,255,-23,388
IQ:12,104,2,240,283
IQ:13,112,255,182,-92
IQ:14,120,10,-228,311
IQ:15,128,255,103,365
IQ:16,136,3,213,260
IQ:17,144,255,191,-146
IQ:18,152,9,-185,-86
IQ:19,160,255,-172,141
IQ:20,168,4,-85,165
IQ:21,176,255,87,-11
IQ:22,184,8,-60,-263
IQ:23,192,255,-212,46
IQ:24,200,7,-17,198
IQ:25,208,255,91,35
IQ:26,216,6,-110,15
IQ:27,224,255,-66,49
IQ:28,232,5,-173,9
IQ:29,240,255,2,84
IQ:30,248,12,293,-123
IQ:31,256,255,-2,-321
IQ:32,264,1,-244,-304
IQ:33,272,255,-362,157
IQ:34,280,2,-151,335
IQ:35,288,255,193,209
SW:2
RR:3
SS:3
FR:2426
ME:38
MA:33
KE:24
KA:21
DF_END

Data arrived...
DF_BEGIN
IQ:0,0,11,41,-151
IQ:1,8,11,-156,-1
IQ:2,16,11,4,154
IQ:3,24,11,168,-14
IQ:4,32,11,-18,-162
IQ:5,40,11,-150,47
IQ:6,48,11,52,163
IQ:7,56,11,138,-76
IQ:8,72,12,-146,53
IQ:9,80,255,73,110
IQ:10,88,1,46,-103
IQ:11,96,255,-141,1
IQ:12,104,2,54,274
IQ:13,112,255,265,-17
IQ:14,120,10,-75,-107
IQ:15,128,255,-184,114
IQ:16,136,3,55,354
IQ:17,144,255,300,-57
IQ:18,152,9,-148,-301
IQ:19,160,255,-344,112
IQ:20,168,4,-48,310
IQ:21,176,255,257,-20
IQ:22,184,8,-25,-374
IQ:23,192,255,-332,45
IQ:24,200,7,38,306
IQ:25,208,255,233,-65
IQ:26,216,6,-162,-149
IQ:27,224,255,-200,169
IQ:28,232,5,38,171
IQ:29,240,255,109,-77
IQ:30,248,12,-113,-107
IQ:31,256,255,-62,97
IQ:32,264,1,110,-5
IQ:33,272,255,-71,-110
IQ:34,280,2,-206,199
IQ:35,288,255,144,264
SW:2
RR:3
SS:3
FR:2402
ME:5
MA:356
KE:22
KA:19
DF_END

Data arrived...
DF_BEGIN
IQ:0,0,11,-175,105
IQ:1,8,11,116,143
IQ:2,16,11,121,-147
IQ:3,24,11,-168,-128
IQ:4,32,11,-110,166
IQ:5,40,11,169,73
IQ:6,48,11,35,-190
IQ:7,56,11,-202,-59
IQ:8,72,12,296,122
IQ:9,80,255,181,-291
IQ:10,88,1,-226,-284
IQ:11,96,255,-279,167
IQ:12,104,2,62,191
IQ:13,112,255,40,-79
IQ:14,120,10,-489,48
IQ:15,128,255,-128,436
IQ:16,136,3,136,176
IQ:17,144,255,50,-241
IQ:18,152,9,-491,-211
IQ:19,160,255,-284,346
IQ:20,168,4,81,152
IQ:21,176,255,138,-147
IQ:22,184,8,47,-366
IQ:23,192,255,-208,-95
IQ:24,200,7,46,59
IQ:25,208,255,-13,-52
IQ:26,216,6,-152,85
IQ:27,224,255,-11,134
IQ:28,232,5,-74,17
IQ:29,240,255,-71,122
IQ:30,248,12,49,328
IQ:31,256,255,334,7
IQ:32,264,1,79,-334
IQ:33,272,255,-306,-154
IQ:34,280,2,-137,150
IQ:35,288,255,63,69
SW:2
RR:3
SS:3
FR:2480
ME:19
MA:33
KE:22
KA:20
DF_END

Data arrived...
DF_BEGIN
IQ:0,0,11,-128,101
IQ:1,8,11,103,130
IQ:2,16,11,109,-124
IQ:3,24,11,-142,-95
IQ:4,32,11,-86,136
IQ:5,40,11,157,84
IQ:6,48,11,52,-166
IQ:7,56,11,-157,-38
IQ:8,72,12,282,133
IQ:9,80,255,277,-204
IQ:10,88,1,74,-389
IQ:11,96,255,-335,-209
IQ:12,104,2,-345,98
IQ:13,112,255,6,201
IQ:14,120,10,-188,-319
IQ:15,128,255,-380,-20
IQ:16,136,3,-320,92
IQ:17,144,255,38,250
IQ:18,152,9,165,-93
IQ:19,160,255,-78,-213
IQ:20,168,4,-130,-157
IQ:21,176,255,-46,70
IQ:22,184,8,261,47
IQ:23,192,255,77,-218
IQ:24,200,7,-177,-125
IQ:25,208,255,-89,77
IQ:26,216,6,29,-100
IQ:27,224,255,-13,-88
IQ:28,232,5,88,-163
IQ:29,240,255,-89,-39
IQ:30,248,12,19,306
IQ:31,256,255,295,147
IQ:32,264,1,376,-129
IQ:33,272,255,17,-384
IQ:34,280,2,-251,-249
IQ:35,288,255,-268,68
SW:2
RR:3
SS:3
FR:2426
ME:41
MA:30
KE:24
KA:21
DF_END

Data arrived...
DF_BEGIN
IQ:0,0,11,59,-147
IQ:1,8,11,-155,-43
IQ:2,16,11,-30,153
IQ:3,24,11,158,25
IQ:4,32,11,7,-158
IQ:5,40,11,-153,11
IQ:6,48,11,28,153
IQ:7,56,11,165,-23
IQ:8,72,12,-154,21
IQ:9,80,255,43,116
IQ:10,88,1,53,-105
IQ:11,96,255,-141,-19
IQ:12,104,2,0,286
IQ:13,112,255,268,59
IQ:14,120,10,-48,-109
IQ:15,128,255,-201,86
IQ:16,136,3,9,363
IQ:17,144,255,322,-12
IQ:18,152,9,-80,-310
IQ:19,160,255,-376,26
IQ:20,168,4,-117,288
IQ:21,176,255,243,41
IQ:22,184,8,20,-375
IQ:23,192,255,-329,-26
IQ:24,200,7,-30,304
IQ:25,208,255,241,5
IQ:26,216,6,-131,-177
IQ:27,224,255,-213,127
IQ:28,232,5,26,172
IQ:29,240,255,127,-57
IQ:30,248,12,-76,-137
IQ:31,256,255,-83,87
IQ:32,264,1,117,1
IQ:33,272,255,-34,-133
IQ:34,280,2,-250,136
IQ:35,288,255,81,292
SW:2
RR:3
SS:3
FR:2402
ME:5
MA:353
KE:22
KA:18
DF_END

Data arrived...
DF_BEGIN
IQ:0,0,11,13,194
IQ:1,8,11,200,-32
IQ:2,16,11,-43,-184
IQ:3,24,11,-186,63
IQ:4,32,11,75,176
IQ:5,40,11,169,-101
IQ:6,48,11,-118,-155
IQ:7,56,11,-138,131
IQ:8,72,12,248,-201
IQ:9,80,255,-141,-317
IQ:10,88,1,-347,2
IQ:11,96,255,-23,325
IQ:12,104,2,190,60
IQ:13,112,255,-30,-86
IQ:14,120,10,-250,402
IQ:15,128,255,275,360
IQ:16,136,3,219,-6
IQ:17,144,255,-167,-189
IQ:18,152,9,-462,241
IQ:19,160,255,91,442
IQ:20,168,4,178,32
IQ:21,176,255,-37,-186
IQ:22,184,8,-278,-252
IQ:23,192,255,-184,131
IQ:24,200,7,80,-10
IQ:25,208,255,-29,-31
IQ:26,216,6,-23,164
IQ:27,224,255,103,84
IQ:28,232,5,-8,68
IQ:29,240,255,63,130
IQ:30,248,12,278,169
IQ:31,256,255,213,-263
IQ:32,264,1,-190,-279
IQ:33,272,255,-286,148
IQ:34,280,2,60,180
IQ:35,288,255,101,-19
SW:2
RR:3
SS:3
FR:2480
ME:19
MA:33
KE:21
KA:20
DF_END

Data arrived...
DF_BEGIN
IQ:0,0,11,-162,-19
IQ:1,8,11,-20,156
IQ:2,16,11,153,-16
IQ:3,24,11,-31,-156
IQ:4,32,11,-159,45
IQ:5,40,11,42,144
IQ:6,48,11,123,-74
IQ:7,56,11,-101,-141
IQ:8,72,12,111,233
IQ:9,80,255,262,-75
IQ:10,88,1,6,-292
IQ:11,96,255,-263,-58
IQ:12,104,2,-58,150
IQ:13,112,255,80,-11
IQ:14,120,10,-293,-268
IQ:15,128,255,-326,146
IQ:16,136,3,-30,174
IQ:17,144,255,157,-112
IQ:18,152,9,-163,-406
IQ:19,160,255,-367,28
IQ:20,168,4,-43,132
IQ:21,176,255,153,-21
IQ:22,184,8,238,-183
IQ:23,192,255,-82,-161
IQ:24,200,7,-1,66
IQ:25,208,255,26,-29
IQ:26,216,6,-127,-55
IQ:27,224,255,-99,60
IQ:28,232,5,-55,-25
IQ:29,240,255,-112,29
IQ:30,248,12,-160,205
IQ:31,256,255,185,192
IQ:32,264,1,245,-139
IQ:33,272,255,-103,-250
IQ:34,280,2,-169,12
IQ:35,288,255,-4,73
SW:2
RR:3
SS:3
FR:2480
ME:19
MA:33
KE:21
KA:21
DF_END

Data arrived...
DF_BEGIN
IQ:0,0,11,-144,-6
IQ:1,8,11,-7,167
IQ:2,16,11,162,-15
IQ:3,24,11,-34,-158
IQ:4,32,11,-181,38
IQ:5,40,11,42,150
IQ:6,48,11,147,-98
IQ:7,56,11,-81,-149
IQ:8,72,12,130,286
IQ:9,80,255,342,19
IQ:10,88,1,314,-257
IQ:11,96,255,-142,-360
IQ:12,104,2,-315,-119
IQ:13,112,255,-136,136
IQ:14,120,10,30,-384
IQ:15,128,255,-283,-236
IQ:16,136,3,-299,-124
IQ:17,144,255,-130,203
IQ:18,152,9,202,25
IQ:19,160,255,99,-212
IQ:20,168,4,-4,-191
IQ:21,176,255,-61,7
IQ:22,184,8,187,237
IQ:23,192,255,198,-83
IQ:24,200,7,-52,-227
IQ:25,208,255,-105,-13
IQ:26,216,6,88,-61
IQ:27,224,255,17,-103
IQ:28,232,5,152,-79
IQ:29,240,255,-50,-96
IQ:30,248,12,-227,227
IQ:31,256,255,148,307
IQ:32,264,1,351,161
IQ:33,272,255,261,-268
IQ:34,280,2,-29,-361
IQ:35,288,255,-226,-107
SW:2
RR:3
SS:3
FR:2426
ME:38
MA:30
KE:22
KA:22
DF_END

Data arrived...
DF_BEGIN
IQ:0,0,11,110,-131
IQ:1,8,11,-119,-109
IQ:2,16,11,-86,128
IQ:3,24,11,147,77
IQ:4,32,11,63,-150
IQ:5,40,11,-154,-43
IQ:6,48,11,-29,154
IQ:7,56,11,153,9
IQ:8,72,12,-166,-15
IQ:9,80,255,9,119
IQ:10,88,1,90,-82
IQ:11,96,255,-131,-58
IQ:12,104,2,-78,283
IQ:13,112,255,235,118
IQ:14,120,10,-3,-132
IQ:15,128,255,-216,25
IQ:16,136,3,-89,343
IQ:17,144,255,321,61
IQ:18,152,9,16,-341
IQ:19,160,255,-371,-89
IQ:20,168,4,-201,232
IQ:21,176,255,221,122
IQ:22,184,8,141,-344
IQ:23,192,255,-303,-139
IQ:24,200,7,-90,287
IQ:25,208,255,228,44
IQ:26,216,6,-87,-213
IQ:27,224,255,-240,53
IQ:28,232,5,-46,168
IQ:29,240,255,142,-7
IQ:30,248,12,-52,-151
IQ:31,256,255,-118,64
IQ:32,264,1,110,52
IQ:33,272,255,-1,-145
IQ:34,280,2,-291,44
IQ:35,288,255,-34,304
SW:2
RR:3
SS:3
FR:2402
ME:5
MA:5
KE:20
KA:20
DF_END

Data arrived...
DF_BEGIN
IQ:0,0,11,87,-131
IQ:1,8,11,-131,-77
IQ:2,16,11,-58,151
IQ:3,24,11,149,39
IQ:4,32,11,41,-153
IQ:5,40,11,-161,-19
IQ:6,48,11,4,153
IQ:7,56,11,163,-17
IQ:8,72,12,-261,-1
IQ:9,80,255,-63,275
IQ:10,88,1,225,162
IQ:11,96,255,176,-194
IQ:12,104,2,-98,-122
IQ:13,112,255,-18,67
IQ:14,120,10,390,-110
IQ:15,128,255,46,-353
IQ:16,136,3,-138,-111
IQ:17,144,255,10,191
IQ:18,152,9,427,60
IQ:19,160,255,159,-322
IQ:20,168,4,-90,-109
IQ:21,176,255,-84,129
IQ:22,184,8,42,283
IQ:23,192,255,166,11
IQ:24,200,7,-58,-33
IQ:25,208,255,9,36
IQ:26,216,6,97,-92
IQ:27,224,255,-22,-101
IQ:28,232,5,58,-26
IQ:29,240,255,35,-112
IQ:30,248,12,-92,-239
IQ:31,256,255,-265,61
IQ:32,264,1,-3,275
IQ:33,272,255,262,34
IQ:34,280,2,57,-144
IQ:35,288,255,-67,-41
SW:2
RR:3
SS:3
FR:2480
ME:19
MA:33
KE:20
KA:21
DF_END

Data arrived...
DF_BEGIN
IQ:0,0,11,-107,127
IQ:1,8,11,123,83
IQ:2,16,11,71,-152
IQ:3,24,11,-145,-48
IQ:4,32,11,-34,159
IQ:5,40,11,163,30
IQ:6,48,11,28,-179
IQ:7,56,11,-158,4
IQ:8,72,12,310,27
IQ:9,80,255,198,-262
IQ:10,88,1,-44,-391
IQ:11,96,255,-395,-64
IQ:12,104,2,-275,237
IQ:13,112,255,87,162
IQ:14,120,10,-285,-229
IQ:15,128,255,-369,146
IQ:16,136,3,-264,197
IQ:17,144,255,151,200
IQ:18,152,9,89,-178
IQ:19,160,255,-137,-167
IQ:20,168,4,-166,-80
IQ:21,176,255,-15,92
IQ:22,184,8,264,-46
IQ:23,192,255,-28,-209
IQ:24,200,7,-200,-60
IQ:25,208,255,-53,96
IQ:26,216,6,-19,-111
IQ:27,224,255,-44,-77
IQ:28,232,5,26,-175
IQ:29,240,255,-115,-27
IQ:30,248,12,128,290
IQ:31,256,255,334,45
IQ:32,264,1,314,-228
IQ:33,272,255,-123,-374
IQ:34,280,2,-323,-138
IQ:35,288,255,-206,167
SW:2
RR:3
SS:3
FR:2426
ME:41
MA:30
KE:22
KA:22
DF_END

Data arrived...
DF_BEGIN
IQ:0,0,11,121,-98
IQ:1,8,11,-117,-106
IQ:2,16,11,-96,117
IQ:3,24,11,128,88
IQ:4,32,11,89,-135
IQ:5,40,11,-143,-67
IQ:6,48,11,-45,153
IQ:7,56,11,167,32
IQ:8,72,12,-145,-62
IQ:9,80,255,-11,123
IQ:10,88,1,85,-60
IQ:11,96,255,-110,-61
IQ:12,104,2,-90,265
IQ:13,112,255,221,146
IQ:14,120,10,22,-117
IQ:15,128,255,-202,-8
IQ:16,136,3,-112,320
IQ:17,144,255,298,107
IQ:18,152,9,66,-315
IQ:19,160,255,-349,-132
IQ:20,168,4,-249,214
IQ:21,176,255,188,147
IQ:22,184,8,142,-343
IQ:23,192,255,-304,-149
IQ:24,200,7,-138,278
IQ:25,208,255,213,99
IQ:26,216,6,-47,-220
IQ:27,224,255,-253,19
IQ:28,232,5,-74,179
IQ:29,240,255,137,14
IQ:30,248,12,-23,-150
IQ:31,256,255,-110,38
IQ:32,264,1,90,57
IQ:33,272,255,15,-126
IQ:34,280,2,-274,34
IQ:35,288,255,-41,292
SW:2
RR:3
SS:3
FR:2402
ME:5
MA:353
KE:20
KA:19
DF_END

Data arrived...
DF_BEGIN
IQ:0,0,11,-183,-60
IQ:1,8,11,-31,190
IQ:2,16,11,192,22
IQ:3,24,11,-2,-193
IQ:4,32,11,-195,19
IQ:5,40,11,28,177
IQ:6,48,11,184,-65
IQ:7,56,11,-79,-174
IQ:8,72,12,95,293
IQ:9,80,255,328,-45
IQ:10,88,1,100,-312
IQ:11,96,255,-270,-131
IQ:12,104,2,-127,144
IQ:13,112,255,72,7
IQ:14,120,10,-277,-379
IQ:15,128,255,-424,98
IQ:16,136,3,-100,189
IQ:17,144,255,219,-73
IQ:18,152,9,-61,-517
IQ:19,160,255,-417,-103
IQ:20,168,4,-111,131
IQ:21,176,255,170,65
IQ:22,184,8,346,-93
IQ:23,192,255,-29,-219
IQ:24,200,7,-32,50
IQ:25,208,255,19,-11
IQ:26,216,6,-128,-73
IQ:27,224,255,-115,41
IQ:28,232,5,-67,-55
IQ:29,240,255,-142,9
IQ:30,248,12,-237,216
IQ:31,256,255,163,283
IQ:32,264,1,313,-61
IQ:33,272,255,-36,-302
IQ:34,280,2,-185,-59
IQ:35,288,255,-30,88
SW:2
RR:3
SS:3
FR:2480
ME:21
MA:33
KE:20
KA:21
DF_END

Data arrived...