IQ:16,136,3,-135,320
IQ:17,144,255,285,112
IQ:18,152,9,53,-301
IQ:19,160,255,-350,-99
IQ:20,168,4,-222,271
IQ:21,176,255,232,144
IQ:22,184,8,153,-361
IQ:23,192,255,-321,-150
IQ:24,200,7,-140,307
IQ:25,208,255,246,100
IQ:26,216,6,-42,-216
IQ:27,224,255,-264,35
IQ:28,232,5,-73,211
IQ:29,240,255,168,12
IQ:30,248,12,-32,-179
IQ:31,256,255,-150,33
IQ:32,264,1,73,82
IQ:33,272,255,31,-108
IQ:34,280,2,-257,45
IQ:35,288,255,-48,284
SW:2
RR:3
SS:3
FR:2402
ME:2
MA:353
KE:20
KA:18
DF_END

Data arrived...
DF_BEGIN
IQ:0,0,11,185,-21
IQ:1,8,11,-42,-158
IQ:2,16,11,-163,61
IQ:3,24,11,80,162
IQ:4,32,11,149,-89
IQ:5,40,11,-101,-147
IQ:6,48,11,-134,133
IQ:7,56,11,129,116
IQ:8,72,12,-149,-243
IQ:9,80,255,-302,89
IQ:10,88,1,-24,311
IQ:11,96,255,284,56
IQ:12,104,2,95,-164
IQ:13,112,255,-68,-12
IQ:14,120,10,329,272
IQ:15,128,255,337,-170
IQ:16,136,3,49,-196
IQ:17,144,255,-189,113
IQ:18,152,9,153,503
IQ:19,160,255,442,30
IQ:20,168,4,99,-138
IQ:21,176,255,-176,-21
IQ:22,184,8,-301,224
IQ:23,192,255,95,228
IQ:24,200,7,34,-74
IQ:25,208,255,-38,13
IQ:26,216,6,120,50
IQ:27,224,255,110,-63
IQ:28,232,5,118,3
IQ:29,240,255,114,-94
IQ:30,248,12,161,-233
IQ:31,256,255,-210,-230
IQ:32,264,1,-297,122
IQ:33,272,255,74,293
IQ:34,280,2,185,13
IQ:35,288,255,59,-82
SW:2
RR:3
SS:3
FR:2480
ME:21
MA:33
KE:20
KA:20
DF_END

Data arrived...
DF_BEGIN
IQ:0,0,11,-141,66
IQ:1,8,11,82,131
IQ:2,16,11,129,-93
IQ:3,24,11,-103,-116
IQ:4,32,11,-110,115
IQ:5,40,11,124,88
IQ:6,48,11,90,-129
IQ:7,56,11,-144,-53
IQ:8,72,12,275,155
IQ:9,80,255,301,-206
IQ:10,88,1,94,-439
IQ:11,96,255,-393,-130
IQ:12,104,2,-293,267
IQ:13,112,255,114,207
IQ:14,120,10,-276,-335
IQ:15,128,255,-440,19
IQ:16,136,3,-314,164
IQ:17,144,255,118,224
IQ:18,152,9,77,-164
IQ:19,160,255,-130,-156
IQ:20,168,4,-85,-66
IQ:21,176,255,30,38
IQ:22,184,8,252,1
IQ:23,192,255,11,-187
IQ:24,200,7,-185,-36
IQ:25,208,255,-38,66
IQ:26,216,6,-36,-135
IQ:27,224,255,-41,-35
IQ:28,232,5,116,-183
IQ:29,240,255,-113,-81
IQ:30,248,12,-7,323
IQ:31,256,255,312,179
IQ:32,264,1,383,-194
IQ:33,272,255,-70,-434
IQ:34,280,2,-381,-154
IQ:35,288,255,-231,186
SW:2
RR:3
SS:3
FR:2426
ME:41
MA:30
KE:23
KA:21
DF_END

Data arrived...
DF_BEGIN
IQ:0,0,11,115,-111
IQ:1,8,11,-128,-102
IQ:2,16,11,-79,137
IQ:3,24,11,135,77
IQ:4,32,11,64,-165
IQ:5,40,11,-144,-80
IQ:6,48,11,-41,143
IQ:7,56,11,160,15
IQ:8,72,12,-303,-61
IQ:9,80,255,-218,280
IQ:10,88,1,68,423
IQ:11,96,255,422,56
IQ:12,104,2,247,-290
IQ:13,112,255,-143,-176
IQ:14,120,10,322,265
IQ:15,128,255,392,-166
IQ:16,136,3,258,-272
IQ:17,144,255,-165,-193
IQ:18,152,9,-73,167
IQ:19,160,255,155,134
IQ:20,168,4,107,40
IQ:21,176,255,-39,-41
IQ:22,184,8,-260,53
IQ:23,192,255,5,192
IQ:24,200,7,154,-22
IQ:25,208,255,-2,-79
IQ:26,216,6,62,129
IQ:27,224,255,55,37
IQ:28,232,5,-71,204
IQ:29,240,255,95,64
IQ:30,248,12,-105,-308
IQ:31,256,255,-353,-77
IQ:32,264,1,-373,226
IQ:33,272,255,144,404
IQ:34,280,2,402,56
IQ:35,288,255,194,-238
SW:2
RR:3
SS:3
FR:2426
ME:38
MA:30
KE:24
KA:22
DF_END

Data arrived...
DF_BEGIN
IQ:0,0,11,137,83
IQ:1,8,11,90,-135
IQ:2,16,11,-139,-75
IQ:3,24,11,-52,150
IQ:4,32,11,160,37
IQ:5,40,11,25,-153
IQ:6,48,11,-164,-4
IQ:7,56,11,11,155
IQ:8,72,12,-2,-160
IQ:9,80,255,-132,40
IQ:10,88,1,67,68
IQ:11,96,255,37,-111
IQ:12,104,2,-264,-17
IQ:13,112,255,-70,239
IQ:14,120,10,101,-18
IQ:15,128,255,-56,-191
IQ:16,136,3,-345,-35
IQ:17,144,255,-12,305
IQ:18,152,9,307,-65
IQ:19,160,255,-35,-379
IQ:20,168,4,-307,-174
IQ:21,176,255,-99,259
IQ:22,184,8,365,38
IQ:23,192,255,31,-331
IQ:24,200,7,-324,-43
IQ:25,208,255,-33,248
IQ:26,216,6,189,-107
IQ:27,224,255,-105,-233
IQ:28,232,5,-203,4
IQ:29,240,255,47,151
IQ:30,248,12,128,-80
IQ:31,256,255,-85,-106
IQ:32,264,1,-35,98
IQ:33,272,255,114,-22
IQ:34,280,2,-127,-235
IQ:35,288,255,-282,52
SW:2
RR:3
SS:3
FR:2402
ME:5
MA:2
KE:22
KA:20
DF_END

Data arrived...
DF_BEGIN
IQ:0,0,11,159,-5
IQ:1,8,11,-11,-163
IQ:2,16,11,-155,11
IQ:3,24,11,25,153
IQ:4,32,11,146,-36
IQ:5,40,11,-58,-139
IQ:6,48,11,-145,74
IQ:7,56,11,92,123
IQ:8,72,12,-77,-133
IQ:9,80,255,-91,86
IQ:10,88,1,96,13
IQ:11,96,255,-29,-109
IQ:12,104,2,-212,143
IQ:13,112,255,71,239
IQ:14,120,10,69,-74
IQ:15,128,255,-151,-118
IQ:16,136,3,-310,162
IQ:17,144,255,136,258
IQ:18,152,9,210,-209
IQ:19,160,255,-235,-280
IQ:20,168,4,-357,11
IQ:21,176,255,41,262
IQ:22,184,8,331,-135
IQ:23,192,255,-144,-298
IQ:24,200,7,-297,126
IQ:25,208,255,93,227
IQ:26,216,6,98,-193
IQ:27,224,255,-198,-135
IQ:28,232,5,-158,106
IQ:29,240,255,108,106
IQ:30,248,12,78,-131
IQ:31,256,255,-125,-31
IQ:32,264,1,13,103
IQ:33,272,255,84,-72
IQ:34,280,2,-220,-127
IQ:35,288,255,-195,203
SW:2
RR:3
SS:3
FR:2402
ME:5
MA:353
KE:21
KA:17
DF_END

Data arrived...
DF_BEGIN
IQ:0,0,11,-34,-99
IQ:1,8,11,-118,31
IQ:2,16,11,47,121
IQ:3,24,11,106,-44
IQ:4,32,11,-66,-101
IQ:5,40,11,-90,77
IQ:6,48,11,78,85
IQ:7,56,11,63,-83
IQ:8,72,12,-201,178
IQ:9,80,255,88,309
IQ:10,88,1,384,240
IQ:11,96,255,349,-304
IQ:12,104,2,-114,-416
IQ:13,112,255,-264,24
IQ:14,120,10,387,-71
IQ:15,128,255,163,-429
IQ:16,136,3,-70,-379
IQ:17,144,255,-296,60
IQ:18,152,9,127,192
IQ:19,160,255,252,-65
IQ:20,168,4,116,-99
IQ:21,176,255,-82,9
IQ:22,184,8,-64,280
IQ:23,192,255,186,50
IQ:24,200,7,58,-189
IQ:25,208,255,-82,-39
IQ:26,216,6,184,33
IQ:27,224,255,57,-80
IQ:28,232,5,91,145
IQ:29,240,255,105,-26
IQ:30,248,12,-249,-92
IQ:31,256,255,-272,197
IQ:32,264,1,-38,427
IQ:33,272,255,414,156
IQ:34,280,2,346,-307
IQ:35,288,255,-134,-318
SW:2
RR:3
SS:3
FR:2426
ME:38
MA:33
KE:22
KA:18
DF_END

Data arrived...
DF_BEGIN
IQ:0,0,11,-135,-67
IQ:1,8,11,-69,134
IQ:2,16,11,134,54
IQ:3,24,11,23,-162
IQ:4,32,11,-158,-10
IQ:5,40,11,2,145
IQ:6,48,11,146,0
IQ:7,56,11,-24,-149
IQ:8,72,12,19,152
IQ:9,80,255,116,-45
IQ:10,88,1,-82,-50
IQ:11,96,255,-11,102
IQ:12,104,2,256,-33
IQ:13,112,255,15,-244
IQ:14,120,10,-79,49
IQ:15,128,255,103,155
IQ:16,136,3,341,-52
IQ:17,144,255,-27,-302
IQ:18,152,9,-281,109
IQ:19,160,255,72,352
IQ:20,168,4,318,109
IQ:21,176,255,50,-262
IQ:22,184,8,-363,22
IQ:23,192,255,21,329
IQ:24,200,7,328,21
IQ:25,208,255,-7,-249
IQ:26,216,6,-178,133
IQ:27,224,255,128,203
IQ:28,232,5,189,-17
IQ:29,240,255,-51,-146
IQ:30,248,12,-132,80
IQ:31,256,255,89,80
IQ:32,264,1,21,-89
IQ:33,272,255,-107,27
IQ:34,280,2,140,225
IQ:35,288,255,267,-97
SW:2
RR:3
SS:3
FR:2402
ME:5
MA:2
KE:21
KA:17
DF_END

Data arrived...
DF_BEGIN
IQ:0,0,11,96,-117
IQ:1,8,11,-130,-85
IQ:2,16,11,-73,134
IQ:3,24,11,147,49
IQ:4,32,11,45,-148
IQ:5,40,11,-158,-35
IQ:6,48,11,-21,155
IQ:7,56,11,148,7
IQ:8,72,12,-164,-6
IQ:9,80,255,23,117
IQ:10,88,1,66,-77
IQ:11,96,255,-107,-31
IQ:12,104,2,-33,271
IQ:13,112,255,233,70
IQ:14,120,10,-25,-100
IQ:15,128,255,-175,66
IQ:16,136,3,-34,333
IQ:17,144,255,297,9
IQ:18,152,9,-87,-307
IQ:19,160,255,-374,31
IQ:20,168,4,-168,308
IQ:21,176,255,238,98
IQ:22,184,8,61,-364
IQ:23,192,255,-315,-18
IQ:24,200,7,-30,324
IQ:25,208,255,249,41
IQ:26,216,6,-101,-187
IQ:27,224,255,-238,85
IQ:28,232,5,3,205
IQ:29,240,255,146,-41
IQ:30,248,12,-71,-148
IQ:31,256,255,-111,75
IQ:32,264,1,83,45
IQ:33,272,255,-12,-113
IQ:34,280,2,-249,92
IQ:35,288,255,45,276
SW:2
RR:3
SS:3
FR:2402
ME:2
MA:353
KE:19
KA:14
DF_END

Data arrived...
DF_BEGIN
IQ:0,0,11,29,176
IQ:1,8,11,180,-42
IQ:2,16,11,-44,-178
IQ:3,24,11,-160,67
IQ:4,32,11,97,155
IQ:5,40,11,153,-102
IQ:6,48,11,-127,-132
IQ:7,56,11,-123,123
IQ:8,72,12,251,-162
IQ:9,80,255,-99,-294
IQ:10,88,1,-295,-34
IQ:11,96,255,-85,255
IQ:12,104,2,152,86
IQ:13,112,255,4,-47
IQ:14,120,10,-258,351
IQ:15,128,255,169,355
IQ:16,136,3,191,49
IQ:17,144,255,-121,-166
IQ:18,152,9,-448,207
IQ:19,160,255,23,417
IQ:20,168,4,150,96
IQ:21,176,255,31,-176
IQ:22,184,8,-190,-342
IQ:23,192,255,-239,52
IQ:24,200,7,67,52
IQ:25,208,255,13,-32
IQ:26,216,6,-43,113
IQ:27,224,255,39,90
IQ:28,232,5,-37,110
IQ:29,240,255,77,142
IQ:30,248,12,252,151
IQ:31,256,255,228,-211
IQ:32,264,1,-110,-269
IQ:33,272,255,-273,74
IQ:34,280,2,-41,152
IQ:35,288,255,71,39
SW:2
RR:3
SS:3
FR:2480
ME:24
MA:33
KE:19
KA:16
DF_END

Data arrived...
DF_BEGIN
IQ:0,0,11,79,-107
IQ:1,8,11,-126,-77
IQ:2,16,11,-73,112
IQ:3,24,11,116,68
IQ:4,32,11,38,-131
IQ:5,40,11,-126,-16
IQ:6,48,11,-9,140
IQ:7,56,11,147,-16
IQ:8,72,12,-302,-24
IQ:9,80,255,-187,288
IQ:10,88,1,101,420
IQ:11,96,255,444,-9
IQ:12,104,2,210,-367
IQ:13,112,255,-190,-163
IQ:14,120,10,367,209
IQ:15,128,255,397,-220
IQ:16,136,3,195,-322
IQ:17,144,255,-216,-145
IQ:18,152,9,-56,209
IQ:19,160,255,198,128
IQ:20,168,4,131,31
IQ:21,176,255,-44,-69
IQ:22,184,8,-235,119
IQ:23,192,255,72,178
IQ:24,200,7,174,-77
IQ:25,208,255,-18,-67
IQ:26,216,6,92,128
IQ:27,224,255,84,-3
IQ:28,232,5,-53,184
IQ:29,240,255,87,48
IQ:30,248,12,-91,-290
IQ:31,256,255,-325,-32
IQ:32,264,1,-311,297
IQ:33,272,255,238,358
IQ:34,280,2,443,-6
IQ:35,288,255,148,-269
SW:2
RR:3
SS:3
FR:2426
ME:41
MA:33
KE:21
KA:18
DF_END

Data arrived...
DF_BEGIN
IQ:0,0,11,-107,103
IQ:1,8,11,109,109
IQ:2,16,11,97,-123
IQ:3,24,11,-128,-89
IQ:4,32,11,-74,136
IQ:5,40,11,145,68
IQ:6,48,11,57,-136
IQ:7,56,11,-158,-39
IQ:8,72,12,152,33
IQ:9,80,255,10,-125
IQ:10,88,1,-83,38
IQ:11,96,255,89,59
IQ:12,104,2,84,-251
IQ:13,112,255,-218,-127
IQ:14,120,10,5,100
IQ:15,128,255,195,4
IQ:16,136,3,132,-305
IQ:17,144,255,-272,-116
IQ:18,152,9,-25,302
IQ:19,160,255,352,108
IQ:20,168,4,237,-255
IQ:21,176,255,-216,-152
IQ:22,184,8,-146,334
IQ:23,192,255,309,111
IQ:24,200,7,149,-302
IQ:25,208,255,-233,-101
IQ:26,216,6,56,204
IQ:27,224,255,240,-45
IQ:28,232,5,48,-191
IQ:29,240,255,-157,3
IQ:30,248,12,38,146
IQ:31,256,255,123,-52
IQ:32,264,1,-82,-60
IQ:33,272,255,-16,117
IQ:34,280,2,267,-38
IQ:35,288,255,43,-273
SW:2
RR:3
SS:3
FR:2402
ME:2
MA:353
KE:19
KA:15
DF_END

Data arrived...
DF_BEGIN
IQ:0,0,11,-7,195
IQ:1,8,11,195,-19
IQ:2,16,11,-19,-181
IQ:3,24,11,-182,31
IQ:4,32,11,63,176
IQ:5,40,11,169,-80
IQ:6,48,11,-104,-148
IQ:7,56,11,-155,111
IQ:8,72,12,281,-145
IQ:9,80,255,-79,-326
IQ:10,88,1,-324,-29
IQ:11,96,255,-83,292
IQ:12,104,2,142,110
IQ:13,112,255,-6,-65
IQ:14,120,10,-307,326
IQ:15,128,255,169,380
IQ:16,136,3,204,52
IQ:17,144,255,-105,-204
IQ:18,152,9,-489,108
IQ:19,160,255,-8,415
IQ:20,168,4,151,84
IQ:21,176,255,26,-184
IQ:22,184,8,-194,-342
IQ:23,192,255,-222,54
IQ:24,200,7,77,26
IQ:25,208,255,-8,-48
IQ:26,216,6,-59,134
IQ:27,224,255,54,97
IQ:28,232,5,-35,89
IQ:29,240,255,56,154
IQ:30,248,12,249,188
IQ:31,256,255,240,-220
IQ:32,264,1,-143,-292
IQ:33,272,255,-294,76
IQ:34,280,2,-28,184
IQ:35,288,255,80,35
SW:2
RR:3
SS:3
FR:2480
ME:21
MA:33
KE:19
KA:16
DF_END

Data arrived...
DF_BEGIN
IQ:0,0,11,-149,28
IQ:1,8,11,48,152
IQ:2,16,11,143,-61
IQ:3,24,11,-79,-130
IQ:4,32,11,-124,86
IQ:5,40,11,102,107
IQ:6,48,11,96,-119
IQ:7,56,11,-124,-94
IQ:8,72,12,182,181
IQ:9,80,255,234,-138
IQ:10,88,1,-42,-256
IQ:11,96,255,-252,4
IQ:12,104,2,-59,128
IQ:13,112,255,54,-16
IQ:14,120,10,-311,-195
IQ:15,128,255,-258,219
IQ:16,136,3,-14,164
IQ:17,144,255,130,-123
IQ:18,152,9,-210,-364
IQ:19,160,255,-332,75
IQ:20,168,4,-36,126
IQ:21,176,255,146,-19
IQ:22,184,8,205,-219
IQ:23,192,255,-102,-156
IQ:24,200,7,3,61
IQ:25,208,255,27,-23
IQ:26,216,6,-103,-8
IQ:27,224,255,-70,63
IQ:28,232,5,-80,-18
IQ:29,240,255,-103,75
IQ:30,248,12,-111,230
IQ:31,256,255,231,148
IQ:32,264,1,201,-152
IQ:33,272,255,-113,-222
IQ:34,280,2,-148,5
IQ:35,288,255,-8,75
SW:2
RR:3
SS:3
FR:2480
ME:21
MA:33
KE:19
KA:18
DF_END

Data arrived...
DF_BEGIN
IQ:0,0,11,-127,29
IQ:1,8,11,59,121
IQ:2,16,11,141,-46
IQ:3,24,11,-90,-121
IQ:4,32,11,-111,87
IQ:5,40,11,60,106
IQ:6,48,11,86,-110
IQ:7,56,11,-101,-98
IQ:8,72,12,163,210
IQ:9,80,255,301,-61
IQ:10,88,1,256,-340
IQ:11,96,255,-225,-376
IQ:12,104,2,-435,5
IQ:13,112,255,-65,244
IQ:14,120,10,-9,-371
IQ:15,128,255,-373,-196
IQ:16,136,3,-378,-22
IQ:17,144,255,-18,298
IQ:18,152,9,209,-47
IQ:19,160,255,1,-238
IQ:20,168,4,-59,-164
IQ:21,176,255,-18,80
IQ:22,184,8,254,158
IQ:23,192,255,111,-210
IQ:24,200,7,-168,-105
IQ:25,208,255,-77,92
IQ:26,216,6,118,-140
IQ:27,224,255,-68,-113
IQ:28,232,5,129,-88
IQ:29,240,255,-24,-100
IQ:30,248,12,-146,239
IQ:31,256,255,127,272
IQ:32,264,1,394,112
IQ:33,272,255,187,-392
IQ:34,280,2,-238,-391
IQ:35,288,255,-332,22
SW:2
RR:3
SS:3
FR:2426
ME:38
MA:30
KE:21
KA:19
DF_END

Data arrived...
DF_BEGIN
IQ:0,0,11,-47,144
IQ:1,8,11,141,30
IQ:2,16,11,14,-150
IQ:3,24,11,-151,-6
IQ:4,32,11,3,153
IQ:5,40,11,154,-12
IQ:6,48,11,-20,-154
IQ:7,56,11,-145,37
IQ:8,72,12,137,-51
IQ:9,80,255,-61,-104
IQ:10,88,1,-45,85
IQ:11,96,255,116,-6
IQ:12,104,2,-38,-264
IQ:13,112,255,-259,-28
IQ:14,120,10,40,88
IQ:15,128,255,174,-115
IQ:16,136,3,-45,-351
IQ:17,144,255,-300,50
IQ:18,152,9,138,298
IQ:19,160,255,359,-80
IQ:20,168,4,77,-323
IQ:21,176,255,-257,-29
IQ:22,184,8,14,362
IQ:23,192,255,323,4
IQ:24,200,7,-6,-310
IQ:25,208,255,-232,34
IQ:26,216,6,136,171
IQ:27,224,255,199,-133
IQ:28,232,5,-47,-189
IQ:29,240,255,-130,67
IQ:30,248,12,105,98
IQ:31,256,255,68,-111
IQ:32,264,1,-96,-9
IQ:33,272,255,50,116
IQ:34,280,2,225,-160
IQ:35,288,255,-93,-265
SW:2
RR:3
SS:3
FR:2402
ME:2
MA:353
KE:19
KA:17
DF_END

Data arrived...
DF_BEGIN
IQ:0,0,11,116,-104
IQ:1,8,11,-118,-103
IQ:2,16,11,-109,114
IQ:3,24,11,130,84
IQ:4,32,11,64,-131
IQ:5,40,11,-141,-56
IQ:6,48,11,-37,157
IQ:7,56,11,149,45
IQ:8,72,12,-144,-38
IQ:9,80,255,-8,129
IQ:10,88,1,82,-51
IQ:11,96,255,-106,-66
IQ:12,104,2,-88,262
IQ:13,112,255,210,136
IQ:14,120,10,5,-97
IQ:15,128,255,-201,-2
IQ:16,136,3,-117,313
IQ:17,144,255,293,87
IQ:18,152,9,39,-315
IQ:19,160,255,-356,-111
IQ:20,168,4,-260,233
IQ:21,176,255,185,172
IQ:22,184,8,158,-331
IQ:23,192,255,-291,-141
IQ:24,200,7,-145,286
IQ:25,208,255,205,106
IQ:26,216,6,-50,-210
IQ:27,224,255,-249,18
IQ:28,232,5,-73,186
IQ:29,240,255,146,5
IQ:30,248,12,-37,-148
IQ:31,256,255,-109,48
IQ:32,264,1,74,55
IQ:33,272,255,8,-117
IQ:34,280,2,-270,29
IQ:35,288,255,-50,273
SW:2
RR:3
SS:3
FR:2402
ME:5
MA:359
KE:17
KA:15
DF_END

Data arrived...
DF_BEGIN
IQ:0,0,11,-154,66
IQ:1,8,11,84,182
IQ:2,16,11,150,-93
IQ:3,24,11,-133,-122
IQ:4,32,11,-136,138
IQ:5,40,11,134,135
IQ:6,48,11,80,-144
IQ:7,56,11,-172,-75
IQ:8,72,12,254,197
IQ:9,80,255,258,-214
IQ:10,88,1,-112,-293
IQ:11,96,255,-293,47
IQ:12,104,2,-32,175
IQ:13,112,255,60,-20
IQ:14,120,10,-438,-161
IQ:15,128,255,-312,291
IQ:16,136,3,30,206
IQ:17,144,255,119,-165
IQ:18,152,9,-352,-360
IQ:19,160,255,-386,209
IQ:20,168,4,-10,187
IQ:21,176,255,186,-22
IQ:22,184,8,239,-274
IQ:23,192,255,-128,-163
IQ:24,200,7,-12,92
IQ:25,208,255,27,8
IQ:26,216,6,-142,7
IQ:27,224,255,-67,97
IQ:28,232,5,-85,-7
IQ:29,240,255,-104,115
IQ:30,248,12,-66,322
IQ:31,256,255,295,128
IQ:32,264,1,225,-221
IQ:33,272,255,-173,-230
IQ:34,280,2,-159,65
IQ:35,288,255,13,97
SW:2
RR:3
SS:3
FR:2480
ME:21
MA:33
KE:17
KA:16
DF_END

Data arrived...
DF_BEGIN
IQ:0,0,11,102,-131
IQ:1,8,11,-141,-93
IQ:2,16,11,-103,142
IQ:3,24,11,145,83
IQ:4,32,11,57,-172
IQ:5,40,11,-167,-44
IQ:6,48,11,-28,172
IQ:7,56,11,179,13
IQ:8,72,12,-296,-86
IQ:9,80,255,-132,294
IQ:10,88,1,232,220
IQ:11,96,255,252,-153
IQ:12,104,2,-45,-170
IQ:13,112,255,-50,50
IQ:14,120,10,439,-6
IQ:15,128,255,147,-380
IQ:16,136,3,-88,-185
IQ:17,144,255,-67,187
IQ:18,152,9,464,216
IQ:19,160,255,295,-330
IQ:20,168,4,-34,-183
IQ:21,176,255,-159,95
IQ:22,184,8,-102,335
IQ:23,192,255,199,98
IQ:24,200,7,-14,-82
IQ:25,208,255,-23,9
IQ:26,216,6,127,-51
IQ:27,224,255,31,-112
IQ:28,232,5,85,-54
IQ:29,240,255,49,-137
IQ:30,248,12,-44,-316
IQ:31,256,255,-320,-9
IQ:32,264,1,-97,293
IQ:33,272,255,271,127
IQ:34,280,2,138,-98
IQ:35,288,255,-25,-75
SW:2
RR:3
SS:3
FR:2480
ME:21
MA:33
KE:18
KA:18
DF_END

Data arrived...
DF_BEGIN
IQ:0,0,11,117,96
IQ:1,8,11,85,-126
IQ:2,16,11,-137,-35
IQ:3,24,11,-28,154
IQ:4,32,11,132,28
IQ:5,40,11,13,-131
IQ:6,48,11,-146,-6
IQ:7,56,11,0,147
IQ:8,72,12,35,-299
IQ:9,80,255,-301,-173
IQ:10,88,1,-433,105
IQ:11,96,255,3,421
IQ:12,104,2,312,198
IQ:13,112,255,149,-172
IQ:14,120,10,-204,359
IQ:15,128,255,208,371
IQ:16,136,3,286,219
IQ:17,144,255,180,-197
IQ:18,152,9,-198,-28
IQ:19,160,255,-101,203
IQ:20,168,4,-23,141
IQ:21,176,255,56,-52
IQ:22,184,8,-94,-246
IQ:23,192,255,-183,76
IQ:24,200,7,38,200
IQ:25,208,255,88,4
IQ:26,216,6,-133,75
IQ:27,224,255,-37,62
IQ:28,232,5,-203,-36
IQ:29,240,255,-45,110
IQ:30,248,12,265,-126
IQ:31,256,255,38,-336
IQ:32,264,1,-305,-343
IQ:33,272,255,-374,196
IQ:34,280,2,-24,402
IQ:35,288,255,262,141
SW:2
RR:3
SS:3
FR:2426
ME:38
MA:30
KE:20
KA:19
DF_END

Data arrived...
DF_BEGIN
IQ:0,0,11,156,46
IQ:1,8,11,24,-153
IQ:2,16,11,-151,-2
IQ:3,24,11,-8,146
IQ:4,32,11,153,-8
IQ:5,40,11,-43,-154
IQ:6,48,11,-155,41
IQ:7,56,11,72,129
IQ:8,72,12,-80,-277
IQ:9,80,255,-329,-73
IQ:10,88,1,-358,250
IQ:11,96,255,165,387
IQ:12,104,2,393,95
IQ:13,112,255,99,-194
IQ:14,120,10,-76,396
IQ:15,128,255,323,281
IQ:16,136,3,329,149
IQ:17,144,255,110,-213
IQ:18,152,9,-191,6
IQ:19,160,255,-86,214
IQ:20,168,4,0,133
IQ:21,176,255,30,-50
IQ:22,184,8,-183,-223
IQ:23,192,255,-169,105
IQ:24,200,7,109,199
IQ:25,208,255,98,-20
IQ:26,216,6,-105,101
IQ:27,224,255,-16,77
IQ:28,232,5,-190,39
IQ:29,240,255,21,115
IQ:30,248,12,231,-189
IQ:31,256,255,-79,-320
IQ:32,264,1,-387,-196
IQ:33,272,255,-285,319
IQ:34,280,2,65,409
IQ:35,288,255,281,103
SW:2
RR:3
SS:3
FR:2426
ME:41
MA:30
KE:22
KA:20
DF_END

Data arrived...
DF_BEGIN
IQ:0,0,11,79,139
IQ:1,8,11,132,-97
IQ:2,16,11,-126,-122
IQ:3,24,11,-126,124
IQ:4,32,11,140,103
IQ:5,40,11,86,-143
IQ:6,48,11,-147,-83
IQ:7,56,11,-60,148
IQ:8,72,12,68,-153
IQ:9,80,255,-140,-24
IQ:10,88,1,33,112
IQ:11,96,255,97,-98
IQ:12,104,2,-240,-157
IQ:13,112,255,-180,197
IQ:14,120,10,108,28
IQ:15,128,255,51,-207
IQ:16,136,3,-292,-208
IQ:17,144,255,-181,255
IQ:18,152,9,305,110
IQ:19,160,255,