IQ:6,48,11,-2,187
IQ:7,56,11,168,-27
IQ:8,72,12,-266,-11
IQ:9,80,255,-77,290
IQ:10,88,1,210,217
IQ:11,96,255,221,-165
IQ:12,104,2,-65,-173
IQ:13,112,255,-54,32
IQ:14,120,10,396,-139
IQ:15,128,255,38,-392
IQ:16,136,3,-141,-163
IQ:17,144,255,-36,210
IQ:18,152,9,468,143
IQ:19,160,255,217,-358
IQ:20,168,4,-72,-154
IQ:21,176,255,-149,111
IQ:22,184,8,-15,374
IQ:23,192,255,229,48
IQ:24,200,7,-56,-100
IQ:25,208,255,-54,18
IQ:26,216,6,105,-55
IQ:27,224,255,19,-123
IQ:28,232,5,67,-82
IQ:29,240,255,-8,-135
IQ:30,248,12,-125,-255
IQ:31,256,255,-307,53
IQ:32,264,1,-85,298
IQ:33,272,255,259,107
IQ:34,280,2,129,-137
IQ:35,288,255,-63,-85
SW:2
RR:3
SS:3
FR:2480
ME:19
MA:33
KE:16
KA:19
DF_END

Data arrived...
DF_BEGIN
IQ:0,0,11,-44,23
IQ:1,8,11,32,46
IQ:2,16,11,40,-38
IQ:3,24,11,-27,-27
IQ:4,32,11,-38,57
IQ:5,40,11,46,26
IQ:6,48,11,29,-50
IQ:7,56,11,-45,-11
IQ:8,72,12,244,26
IQ:9,80,255,163,-283
IQ:10,88,1,-185,-467
IQ:11,96,255,-484,80
IQ:12,104,2,-148,429
IQ:13,112,255,251,117
IQ:14,120,10,-387,-223
IQ:15,128,255,-426,267
IQ:16,136,3,-150,383
IQ:17,144,255,310,97
IQ:18,152,9,-52,-315
IQ:19,160,255,-342,-55
IQ:20,168,4,-152,85
IQ:21,176,255,114,17
IQ:22,184,8,104,-288
IQ:23,192,255,-206,-103
IQ:24,200,7,-112,69
IQ:25,208,255,20,-18
IQ:26,216,6,-156,-152
IQ:27,224,255,-121,84
IQ:28,232,5,30,-96
IQ:29,240,255,-43,-43
IQ:30,248,12,97,211
IQ:31,256,255,319,30
IQ:32,264,1,334,-370
IQ:33,272,255,-287,-406
IQ:34,280,2,-432,111
IQ:35,288,255,-23,345
SW:2
RR:3
SS:3
FR:2426
ME:33
MA:33
KE:18
KA:21
DF_END

Data arrived...
DF_BEGIN
IQ:0,0,11,-171,-117
IQ:1,8,11,-102,186
IQ:2,16,11,196,71
IQ:3,24,11,65,-202
IQ:4,32,11,-208,-27
IQ:5,40,11,-12,207
IQ:6,48,11,208,4
IQ:7,56,11,-12,-221
IQ:8,72,12,-56,211
IQ:9,80,255,173,-8
IQ:10,88,1,-103,-131
IQ:11,96,255,-39,195
IQ:12,104,2,506,100
IQ:13,112,255,207,-396
IQ:14,120,10,-148,55
IQ:15,128,255,105,330
IQ:16,136,3,610,49
IQ:17,144,255,69,-554
IQ:18,152,9,-524,-21
IQ:19,160,255,-78,582
IQ:20,168,4,460,298
IQ:21,176,255,175,-380
IQ:22,184,8,-598,-189
IQ:23,192,255,-168,506
IQ:24,200,7,528,145
IQ:25,208,255,103,-383
IQ:26,216,6,-330,174
IQ:27,224,255,145,396
IQ:28,232,5,297,47
IQ:29,240,255,-37,-238
IQ:30,248,12,-231,61
IQ:31,256,255,109,142
IQ:32,264,1,67,-156
IQ:33,272,255,-196,20
IQ:34,280,2,96,492
IQ:35,288,255,487,3
SW:2
RR:3
SS:3
FR:2402
ME:5
MA:2
KE:17
KA:19
DF_END

Data arrived...
DF_BEGIN
IQ:0,0,11,143,138
IQ:1,8,11,113,-165
IQ:2,16,11,-190,-94
IQ:3,24,11,-75,193
IQ:4,32,11,187,85
IQ:5,40,11,59,-190
IQ:6,48,11,-213,-29
IQ:7,56,11,-27,201
IQ:8,72,12,73,-225
IQ:9,80,255,-167,8
IQ:10,88,1,77,138
IQ:11,96,255,71,-185
IQ:12,104,2,-479,-128
IQ:13,112,255,-236,380
IQ:14,120,10,154,-47
IQ:15,128,255,-87,-339
IQ:16,136,3,-605,-129
IQ:17,144,255,-133,522
IQ:18,152,9,527,41
IQ:19,160,255,147,-583
IQ:20,168,4,-401,-355
IQ:21,176,255,-228,371
IQ:22,184,8,532,282
IQ:23,192,255,227,-495
IQ:24,200,7,-505,-187
IQ:25,208,255,-164,374
IQ:26,216,6,353,-113
IQ:27,224,255,-63,-407
IQ:28,232,5,-298,-83
IQ:29,240,255,-1,217
IQ:30,248,12,221,-33
IQ:31,256,255,-84,-160
IQ:32,264,1,-88,143
IQ:33,272,255,200,-29
IQ:34,280,2,-115,-488
IQ:35,288,255,-485,-46
SW:2
RR:3
SS:3
FR:2402
ME:2
MA:353
KE:15
KA:16
DF_END

Data arrived...
DF_BEGIN
IQ:0,0,11,46,183
IQ:1,8,11,174,-68
IQ:2,16,11,-104,-169
IQ:3,24,11,-228,90
IQ:4,32,11,36,140
IQ:5,40,11,126,-65
IQ:6,48,11,-95,-119
IQ:7,56,11,-132,92
IQ:8,72,12,228,-156
IQ:9,80,255,-123,-252
IQ:10,88,1,-342,-35
IQ:11,96,255,-78,273
IQ:12,104,2,154,114
IQ:13,112,255,33,-57
IQ:14,120,10,-278,309
IQ:15,128,255,159,339
IQ:16,136,3,159,36
IQ:17,144,255,-147,-210
IQ:18,152,9,-500,195
IQ:19,160,255,25,398
IQ:20,168,4,124,79
IQ:21,176,255,16,-162
IQ:22,184,8,-170,-311
IQ:23,192,255,-177,70
IQ:24,200,7,101,95
IQ:25,208,255,-31,-24
IQ:26,216,6,-91,80
IQ:27,224,255,39,93
IQ:28,232,5,-65,112
IQ:29,240,255,70,140
IQ:30,248,12,221,139
IQ:31,256,255,205,-214
IQ:32,264,1,-141,-248
IQ:33,272,255,-314,88
IQ:34,280,2,-28,188
IQ:35,288,255,93,19
SW:2
RR:3
SS:3
FR:2480
ME:19
MA:27
KE:15
KA:17
DF_END

Data arrived...
DF_BEGIN
IQ:0,0,11,-137,-120
IQ:1,8,11,-94,158
IQ:2,16,11,160,63
IQ:3,24,11,35,-162
IQ:4,32,11,-177,-18
IQ:5,40,11,-24,174
IQ:6,48,11,167,6
IQ:7,56,11,-23,-173
IQ:8,72,12,-16,277
IQ:9,80,255,276,106
IQ:10,88,1,227,-209
IQ:11,96,255,-170,-248
IQ:12,104,2,-191,47
IQ:13,112,255,37,53
IQ:14,120,10,-79,-412
IQ:15,128,255,-384,-91
IQ:16,136,3,-194,108
IQ:17,144,255,209,51
IQ:18,152,9,179,-464
IQ:19,160,255,-315,-255
IQ:20,168,4,-164,60
IQ:21,176,255,124,135
IQ:22,184,8,390,9
IQ:23,192,255,71,-243
IQ:24,200,7,-100,39
IQ:25,208,255,17,37
IQ:26,216,6,-47,-119
IQ:27,224,255,-114,-35
IQ:28,232,5,-74,-79
IQ:29,240,255,-138,-3
IQ:30,248,12,-263,104
IQ:31,256,255,42,286
IQ:32,264,1,295,102
IQ:33,272,255,122,-258
IQ:34,280,2,-148,-128
IQ:35,288,255,-96,46
SW:2
RR:3
SS:3
FR:2480
ME:21
MA:33
KE:16
KA:19
DF_END

Data arrived...
DF_BEGIN
IQ:0,0,11,-21,-44
IQ:1,8,11,-43,33
IQ:2,16,11,29,42
IQ:3,24,11,39,-34
IQ:4,32,11,-32,-36
IQ:5,40,11,-16,37
IQ:6,48,11,46,22
IQ:7,56,11,27,-43
IQ:8,72,12,-135,190
IQ:9,80,255,167,262
IQ:10,88,1,456,18
IQ:11,96,255,162,-465
IQ:12,104,2,-279,-352
IQ:13,112,255,-227,151
IQ:14,120,10,381,-195
IQ:15,128,255,-12,-498
IQ:16,136,3,-233,-311
IQ:17,144,255,-216,201
IQ:18,152,9,309,145
IQ:19,160,255,204,-280
IQ:20,168,4,13,-190
IQ:21,176,255,-84,72
IQ:22,184,8,164,276
IQ:23,192,255,214,-102
IQ:24,200,7,3,-142
IQ:25,208,255,-13,14
IQ:26,216,6,191,-55
IQ:27,224,255,28,-139
IQ:28,232,5,57,71
IQ:29,240,255,58,-28
IQ:30,248,12,-238,-18
IQ:31,256,255,-151,294
IQ:32,264,1,167,450
IQ:33,272,255,478,-69
IQ:34,280,2,184,-428
IQ:35,288,255,-260,-238
SW:2
RR:3
SS:3
FR:2426
ME:35
MA:33
KE:18
KA:20
DF_END

Data arrived...
DF_BEGIN
IQ:0,0,11,33,204
IQ:1,8,11,205,-87
IQ:2,16,11,-103,-180
IQ:3,24,11,-161,135
IQ:4,32,11,121,179
IQ:5,40,11,151,-132
IQ:6,48,11,-133,-152
IQ:7,56,11,-110,161
IQ:8,72,12,203,-135
IQ:9,80,255,-167,-103
IQ:10,88,1,-6,159
IQ:11,96,255,177,-107
IQ:12,104,2,-298,-412
IQ:13,112,255,-409,166
IQ:14,120,10,148,45
IQ:15,128,255,124,-329
IQ:16,136,3,-383,-484
IQ:17,144,255,-405,373
IQ:18,152,9,407,336
IQ:19,160,255,513,-352
IQ:20,168,4,-135,-519
IQ:21,176,255,-403,196
IQ:22,184,8,298,503
IQ:23,192,255,440,-284
IQ:24,200,7,-374,-405
IQ:25,208,255,-336,245
IQ:26,216,6,353,109
IQ:27,224,255,181,-379
IQ:28,232,5,-196,-228
IQ:29,240,255,-126,208
IQ:30,248,12,203,102
IQ:31,256,255,38,-178
IQ:32,264,1,-157,49
IQ:33,272,255,143,110
IQ:34,280,2,186,-478
IQ:35,288,255,-400,-316
SW:2
RR:3
SS:3
FR:2402
ME:2
MA:353
KE:16
KA:18
DF_END

Data arrived...
DF_BEGIN
IQ:0,0,11,-170,-55
IQ:1,8,11,-28,175
IQ:2,16,11,179,11
IQ:3,24,11,-18,-182
IQ:4,32,11,-179,36
IQ:5,40,11,30,174
IQ:6,48,11,171,-59
IQ:7,56,11,-75,-150
IQ:8,72,12,71,246
IQ:9,80,255,298,2
IQ:10,88,1,162,-260
IQ:11,96,255,-222,-173
IQ:12,104,2,-162,114
IQ:13,112,255,50,48
IQ:14,120,10,-212,-360
IQ:15,128,255,-386,42
IQ:16,136,3,-131,176
IQ:17,144,255,211,-33
IQ:18,152,9,33,-497
IQ:19,160,255,-398,-151
IQ:20,168,4,-128,101
IQ:21,176,255,157,102
IQ:22,184,8,377,-76
IQ:23,192,255,-3,-251
IQ:24,200,7,-80,69
IQ:25,208,255,33,27
IQ:26,216,6,-83,-97
IQ:27,224,255,-124,2
IQ:28,232,5,-93,-51
IQ:29,240,255,-134,37
IQ:30,248,12,-204,185
IQ:31,256,255,124,261
IQ:32,264,1,297,-12
IQ:33,272,255,38,-284
IQ:34,280,2,-174,-98
IQ:35,288,255,-85,68
SW:2
RR:3
SS:3
FR:2480
ME:21
MA:33
KE:17
KA:19
DF_END

Data arrived...
DF_BEGIN
IQ:0,0,11,183,42
IQ:1,8,11,33,-173
IQ:2,16,11,-183,6
IQ:3,24,11,14,165
IQ:4,32,11,184,-47
IQ:5,40,11,-41,-170
IQ:6,48,11,-158,64
IQ:7,56,11,80,154
IQ:8,72,12,-81,-270
IQ:9,80,255,-297,-8
IQ:10,88,1,-134,275
IQ:11,96,255,236,168
IQ:12,104,2,158,-122
IQ:13,112,255,-60,-48
IQ:14,120,10,226,334
IQ:15,128,255,384,-79
IQ:16,136,3,112,-186
IQ:17,144,255,-214,41
IQ:18,152,9,6,487
IQ:19,160,255,411,119
IQ:20,168,4,128,-121
IQ:21,176,255,-161,-94
IQ:22,184,8,-375,86
IQ:23,192,255,-19,236
IQ:24,200,7,65,-70
IQ:25,208,255,-39,-29
IQ:26,216,6,82,107
IQ:27,224,255,120,-16
IQ:28,232,5,88,53
IQ:29,240,255,136,-36
IQ:30,248,12,191,-199
IQ:31,256,255,-147,-264
IQ:32,264,1,-322,-10
IQ:33,272,255,-16,287
IQ:34,280,2,183,78
IQ:35,288,255,67,-86
SW:2
RR:3
SS:3
FR:2480
ME:21
MA:33
KE:17
KA:21
DF_END

Data arrived...
DF_BEGIN
IQ:0,0,11,-35,-23
IQ:1,8,11,-26,19
IQ:2,16,11,45,20
IQ:3,24,11,23,-28
IQ:4,32,11,-42,-19
IQ:5,40,11,-35,37
IQ:6,48,11,39,12
IQ:7,56,11,6,-40
IQ:8,72,12,-25,233
IQ:9,80,255,278,162
IQ:10,88,1,452,-176
IQ:11,96,255,-72,-483
IQ:12,104,2,-424,-145
IQ:13,112,255,-131,270
IQ:14,120,10,247,-370
IQ:15,128,255,-224,-466
IQ:16,136,3,-360,-208
IQ:17,144,255,-103,261
IQ:18,152,9,355,-54
IQ:19,160,255,55,-349
IQ:20,168,4,-110,-165
IQ:21,176,255,-29,101
IQ:22,184,8,267,140
IQ:23,192,255,138,-212
IQ:24,200,7,-48,-114
IQ:25,208,255,0,4
IQ:26,216,6,154,-164
IQ:27,224,255,-76,-141
IQ:28,232,5,90,43
IQ:29,240,255,47,-56
IQ:30,248,12,-221,101
IQ:31,256,255,11,324
IQ:32,264,1,369,325
IQ:33,272,255,409,-260
IQ:34,280,2,-33,-457
IQ:35,288,255,-369,-45
SW:2
RR:3
SS:3
FR:2426
ME:33
MA:30
KE:19
KA:22
DF_END

Data arrived...
DF_BEGIN
IQ:0,0,11,-233,-27
IQ:1,8,11,-20,224
IQ:2,16,11,216,-13
IQ:3,24,11,-9,-209
IQ:4,32,11,-196,50
IQ:5,40,11,70,207
IQ:6,48,11,211,-82
IQ:7,56,11,-78,-201
IQ:8,72,12,41,240
IQ:9,80,255,158,-99
IQ:10,88,1,-166,-85
IQ:11,96,255,37,205
IQ:12,104,2,465,-138
IQ:13,112,255,-25,-454
IQ:14,120,10,-104,120
IQ:15,128,255,259,230
IQ:16,136,3,583,-225
IQ:17,144,255,-168,-528
IQ:18,152,9,-457,261
IQ:19,160,255,182,571
IQ:20,168,4,532,87
IQ:21,176,255,-2,-435
IQ:22,184,8,-622,69
IQ:23,192,255,127,527
IQ:24,200,7,532,-141
IQ:25,208,255,-105,-396
IQ:26,216,6,-209,294
IQ:27,224,255,306,287
IQ:28,232,5,292,-103
IQ:29,240,255,-138,-193
IQ:30,248,12,-188,158
IQ:31,256,255,157,107
IQ:32,264,1,26,-177
IQ:33,272,255,-157,104
IQ:34,280,2,362,330
IQ:35,288,255,410,-249
SW:2
RR:3
SS:3
FR:2402
ME:2
MA:353
KE:17
KA:19
DF_END

Data arrived...
DF_BEGIN
IQ:0,0,11,-177,12
IQ:1,8,11,26,173
IQ:2,16,11,168,-47
IQ:3,24,11,-71,-161
IQ:4,32,11,-157,85
IQ:5,40,11,78,153
IQ:6,48,11,137,-116
IQ:7,56,11,-129,-120
IQ:8,72,12,139,235
IQ:9,80,255,280,-100
IQ:10,88,1,8,-313
IQ:11,96,255,-289,-57
IQ:12,104,2,-106,169
IQ:13,112,255,52,28
IQ:14,120,10,-334,-261
IQ:15,128,255,-349,185
IQ:16,136,3,-68,200
IQ:17,144,255,207,-108
IQ:18,152,9,-168,-458
IQ:19,160,255,-425,35
IQ:20,168,4,-90,139
IQ:21,176,255,187,28
IQ:22,184,8,298,-197
IQ:23,192,255,-107,-221
IQ:24,200,7,-49,90
IQ:25,208,255,29,22
IQ:26,216,6,-125,-53
IQ:27,224,255,-120,45
IQ:28,232,5,-97,-16
IQ:29,240,255,-113,82
IQ:30,248,12,-138,232
IQ:31,256,255,230,192
IQ:32,264,1,287,-132
IQ:33,272,255,-71,-288
IQ:34,280,2,-191,-27
IQ:35,288,255,-45,87
SW:2
RR:3
SS:3
FR:2480
ME:21
MA:33
KE:17
KA:20
DF_END

Data arrived...
DF_BEGIN
IQ:0,0,11,181,4
IQ:1,8,11,-4,-176
IQ:2,16,11,-173,23
IQ:3,24,11,65,157
IQ:4,32,11,149,-74
IQ:5,40,11,-92,-151
IQ:6,48,11,-147,102
IQ:7,56,11,118,137
IQ:8,72,12,-135,-236
IQ:9,80,255,-302,69
IQ:10,88,1,-70,312
IQ:11,96,255,276,97
IQ:12,104,2,106,-165
IQ:13,112,255,-67,-35
IQ:14,120,10,315,284
IQ:15,128,255,370,-156
IQ:16,136,3,74,-201
IQ:17,144,255,-203,87
IQ:18,152,9,96,502
IQ:19,160,255,426,44
IQ:20,168,4,97,-138
IQ:21,176,255,-172,-40
IQ:22,184,8,-336,170
IQ:23,192,255,67,220
IQ:24,200,7,37,-100
IQ:25,208,255,-49,-7
IQ:26,216,6,116,66
IQ:27,224,255,118,-47
IQ:28,232,5,102,28
IQ:29,240,255,114,-63
IQ:30,248,12,140,-237
IQ:31,256,255,-208,-213
IQ:32,264,1,-286,107
IQ:33,272,255,47,290
IQ:34,280,2,196,40
IQ:35,288,255,43,-94
SW:2
RR:3
SS:3
FR:2480
ME:21
MA:33
KE:18
KA:21
DF_END

Data arrived...
DF_BEGIN
IQ:0,0,11,42,39
IQ:1,8,11,25,-33
IQ:2,16,11,-49,-40
IQ:3,24,11,-2,40
IQ:4,32,11,46,0
IQ:5,40,11,5,-40
IQ:6,48,11,-43,-7
IQ:7,56,11,18,45
IQ:8,72,12,-27,-241
IQ:9,80,255,-304,-81
IQ:10,88,1,-390,292
IQ:11,96,255,216,436
IQ:12,104,2,455,6
IQ:13,112,255,49,-284
IQ:14,120,10,-117,447
IQ:15,128,255,348,345
IQ:16,136,3,423,72
IQ:17,144,255,25,-318
IQ:18,152,9,-325,133
IQ:19,160,255,54,341
IQ:20,168,4,133,119
IQ:21,176,255,-7,-126
IQ:22,184,8,-316,-74
IQ:23,192,255,-72,235
IQ:24,200,7,83,115
IQ:25,208,255,-7,-10
IQ:26,216,6,-108,180
IQ:27,224,255,117,123
IQ:28,232,5,-102,-23
IQ:29,240,255,-40,41
IQ:30,248,12,183,-153
IQ:31,256,255,-67,-309
IQ:32,264,1,-449,-175
IQ:33,272,255,-287,402
IQ:34,280,2,180,429
IQ:35,288,255,362,-43
SW:2
RR:3
SS:3
FR:2426
ME:41
MA:33
KE:20
KA:23
DF_END

Data arrived...
DF_BEGIN
IQ:0,0,11,-105,-189
IQ:1,8,11,-172,124
IQ:2,16,11,146,147
IQ:3,24,11,156,-161
IQ:4,32,11,-167,-141
IQ:5,40,11,-127,177
IQ:6,48,11,195,101
IQ:7,56,11,69,-192
IQ:8,72,12,-154,182
IQ:9,80,255,161,62
IQ:10,88,1,-30,-158
IQ:11,96,255,-141,135
IQ:12,104,2,398,287
IQ:13,112,255,353,-280
IQ:14,120,10,-163,-1
IQ:15,128,255,-45,322
IQ:16,136,3,513,284
IQ:17,144,255,297,-475
IQ:18,152,9,-439,-237
IQ:19,160,255,-345,482
IQ:20,168,4,252,474
IQ:21,176,255,334,-278
IQ:22,184,8,-445,-440
IQ:23,192,255,-329,411
IQ:24,200,7,420,371
IQ:25,208,255,265,-304
IQ:26,216,6,-372,12
IQ:27,224,255,-58,420
IQ:28,232,5,256,145
IQ:29,240,255,86,-231
IQ:30,248,12,-233,-40
IQ:31,256,255,12,183
IQ:32,264,1,127,-108
IQ:33,272,255,-183,-72
IQ:34,280,2,-68,500
IQ:35,288,255,444,195
SW:2
RR:3
SS:3
FR:2402
ME:5
MA:353
KE:19
KA:20
DF_END

Data arrived...
DF_BEGIN
IQ:0,0,11,86,-138
IQ:1,8,11,-161,-74
IQ:2,16,11,-62,156
IQ:3,24,11,161,36
IQ:4,32,11,9,-164
IQ:5,40,11,-174,6
IQ:6,48,11,21,180
IQ:7,56,11,168,-31
IQ:8,72,12,-266,0
IQ:9,80,255,-75,290
IQ:10,88,1,235,220
IQ:11,96,255,216,-184
IQ:12,104,2,-92,-185
IQ:13,112,255,-67,40
IQ:14,120,10,411,-122
IQ:15,128,255,43,-391
IQ:16,136,3,-151,-154
IQ:17,144,255,-29,211
IQ:18,152,9,466,145
IQ:19,160,255,231,-369
IQ:20,168,4,-73,-167
IQ:21,176,255,-138,129
IQ:22,184,8,-34,384
IQ:23,192,255,228,42
IQ:24,200,7,-54,-96
IQ:25,208,255,-41,31
IQ:26,216,6,119,-53
IQ:27,224,255,25,-129
IQ:28,232,5,64,-74
IQ:29,240,255,-11,-138
IQ:30,248,12,-130,-247
IQ:31,256,255,-292,56
IQ:32,264,1,-64,303
IQ:33,272,255,280,95
IQ:34,280,2,122,-160
IQ:35,288,255,-65,-101
SW:2
RR:3
SS:3
FR:2480
ME:24
MA:33
KE:19
KA:21
DF_END

Data arrived...
DF_BEGIN
IQ:0,0,11,-172,13
IQ:1,8,11,48,158
IQ:2,16,11,162,-72
IQ:3,24,11,-82,-154
IQ:4,32,11,-141,102
IQ:5,40,11,110,143
IQ:6,48,11,107,-136
IQ:7,56,11,-140,-103
IQ:8,72,12,174,200
IQ:9,80,255,267,-135
IQ:10,88,1,7,-316
IQ:11,96,255,-292,-50
IQ:12,104,2,-101,164
IQ:13,112,255,63,15
IQ:14,120,10,-367,-219
IQ:15,128,255,-341,217
IQ:16,136,3,-54,201
IQ:17,144,255,180,-130
IQ:18,152,9,-222,-446
IQ:19,160,255,-430,81
IQ:20,168,4,-84,165
IQ:21,176,255,182,23
IQ:22,184,8,265,-249
IQ:23,192,255,-124,-204
IQ:24,200,7,-40,106
IQ:25,208,255,50,7
IQ:26,216,6,-123,-59
IQ:27,224,255,-119,57
IQ:28,232,5,-113,2
IQ:29,240,255,-97,86
IQ:30,248,12,-111,263
IQ:31,256,255,227,191
IQ:32,264,1,266,-137
IQ:33,272,255,-116,-272
IQ:34,280,2,-211,-1
IQ:35,288,255,-36,105
SW:2
RR:3
SS:3
FR:2480
ME:24
MA:35
KE:20
KA:23
DF_END

Data arrived...
DF_BEGIN
IQ:0,0,11,33,-209
IQ:1,8,11,-214,-9
IQ:2,16,11,7,220
IQ:3,24,11,201,-23
IQ:4,32,11,-42,-212
IQ:5,40,11,-212,62
IQ:6,48,11,87,192
IQ:7,56,11,195,-118
IQ:8,72,12,-228,47
IQ:9,80,255,86,166
IQ:10,88,1,81,-144
IQ:11,96,255,-198,10
IQ:12,104,2,133,481
IQ:13,112,255,450,12
IQ:14,120,10,-106,-124
IQ:15,128,255,-276,230
IQ:16,136,3,173,580
IQ:17,144,255,556,-178
IQ:18,152,9,-207,-487
IQ:19,160,255,-576,171
IQ:20,168,4,-83,534
IQ:21,176,255,436,6
IQ:22,184,8,-50,-616
IQ:23,192,255,-528,99
IQ:24,200,7,101,555
IQ:25,208,255,413,-64
IQ:26,216,6,-286,-249
IQ:27,224,255,-315,267
IQ:28,232,5,83,280
IQ:29,240,255,203,-117
IQ:30,248,12,-149,-168
IQ:31,256,255,-105,151
IQ:32,264,1,170,3
IQ:33,272,255,-106,-165
IQ:34,280,2,-387,310
IQ:35,288,255,177,445
SW:2
RR:3
SS:3
FR:2402
ME:5
MA:359
KE:18
KA:20
DF_END

Data arrived...
DF_BEGIN
IQ:0,0,11,7,211
IQ:1,8,11,213,-38
IQ:2,16,11,-48,-224
IQ:3,24,11,-216,66
IQ:4,32,11,82,205
IQ:5,40,11,196,-92
IQ:6,48,11,-112,-181
IQ:7,56,11,-183,139
IQ:8,72,12,214,-95
IQ:9,80,255,-116,-139
IQ:10,88,1,-55,149
IQ:11,96,255,177,-51
IQ:12,104,2,-220,-447
IQ:13,112,255,-448,62
IQ:14,120,10,117,99
IQ:15,128,255,230,-245
IQ:16,136,3,-239,-564
IQ:17,144,255,-482,240
IQ:18,152,9,312,421
IQ:19,160,255,539,-265
IQ:20,168,4,-7,-564
IQ:21,176,255,-450,63
IQ:22,184,8,88,620
IQ:23,192,255,496,-144
IQ:24,200,7,-177,-514
IQ:25,208,255,-395,114
IQ:26,216,6,303,212
IQ:27,224,255,279,-316
IQ:28,232,5,-129,-280
IQ:29,240,255,-185,152
IQ:30,248,12,194,137
IQ:31,256,255,78,-160
IQ:32,264,1,-155,6
IQ:33,272,255,120,146
IQ:34,280,2,321,-390
IQ:35,288,255,-266,-408
SW:2
RR:3
SS:3
FR:2402
ME:5
MA:353
KE:17
KA:17
DF_END

Data arrived...
DF_BEGIN
IQ:0,0,11,131,-129
IQ:1,8,11,-142,-103
IQ:2,16,11,-105,144
IQ:3,24,11,146,81
IQ:4,32,11,70,-174
IQ:5,40,11,-178,-60
IQ:6,48,11,-33,175
IQ:7,56,11,173,2
IQ:8,72,12,-259,-63
IQ:9,80,255,-155,262
IQ:10,88,1,154,256
IQ:11,96,255,255,-135
IQ:12,104,2,-29,-201
IQ:13,112,255,-67,29
IQ:14,120,10,415,-34
IQ:15,128,255,120,-379
IQ:16,136,3,-111,-198
IQ:17,144,255,-73,186
IQ:18,152,9,430,222
IQ:19,160,255,306,-302
IQ:20,168,4,-41,-186
IQ:21,176,255,-160,107
IQ:22,184,8,-129,359
IQ:23,192,255,205,118
IQ:24,200,7,-25,-106
IQ:25,208,255,-30,0
IQ:26,216,6,119,-39
IQ:27,224,255,45,-116
IQ:28,232,5,85,-51
IQ:29,240,255,37,-140
IQ:30,248,12,-56,-276
IQ:31,256,255,-307,-31
IQ:32,264,1,-174,258
IQ:33,272,255,231,166
IQ:34,280,2,148,-131
IQ:35,288,255,-34,-113
SW:2
RR:3
SS:3
FR:2480
ME:21
MA:33
KE:17
KA:19
DF_END

Data arrived...
DF_BEGIN
IQ:0,0,11,-34,40
IQ:1,8,11,52,32
IQ:2,16,11,27,-43
IQ:3,24,11,-40,-13
IQ:4,32,11,-14,45
IQ:5,40,11,49,2
IQ:6,48,11,8,-49
IQ:7,56,11,-42,6
IQ:8,72,12,243,-18
IQ: