DF_END

Data arrived...
DF_BEGIN
IQ:0,0,11,-160,-54
IQ:1,8,11,-28,163
IQ:2,16,11,161,7
IQ:3,24,11,-21,-163
IQ:4,32,11,-171,24
IQ:5,40,11,38,162
IQ:6,48,11,162,-46
IQ:7,56,11,-64,-141
IQ:8,72,12,89,87
IQ:9,80,255,79,-104
IQ:10,88,1,-116,-65
IQ:11,96,255,-63,116
IQ:12,104,2,98,55
IQ:13,112,255,15,-122
IQ:14,120,10,-182,-51
IQ:15,128,255,-66,143
IQ:16,136,3,118,-23
IQ:17,144,255,-33,-140
IQ:18,152,9,-147,26
IQ:19,160,255,66,137
IQ:20,168,4,168,-87
IQ:21,176,255,-75,-173
IQ:22,184,8,-131,42
IQ:23,192,255,63,127
IQ:24,200,7,111,-26
IQ:25,208,255,-57,-78
IQ:26,216,6,-96,113
IQ:27,224,255,141,77
IQ:28,232,5,112,-186
IQ:29,240,255,-157,-101
IQ:30,248,12,-20,118
IQ:31,256,255,132,22
IQ:32,264,1,2,-127
IQ:33,272,255,-141,8
IQ:34,280,2,-6,113
IQ:35,288,255,120,-34
SW:2
RR:3
SS:3
FR:2480
ME:2
MA:353
KE:1
KA:357
DF_END

Data arrived...
DF_BEGIN
IQ:0,0,11,-46,-132
IQ:1,8,11,-120,66
IQ:2,16,11,65,96
IQ:3,24,11,106,-81
IQ:4,32,11,-97,-106
IQ:5,40,11,-83,113
IQ:6,48,11,117,74
IQ:7,56,11,65,-115
IQ:8,72,12,-101,209
IQ:9,80,255,136,49
IQ:10,88,1,-80,-175
IQ:11,96,255,-138,67
IQ:12,104,2,178,81
IQ:13,112,255,101,-162
IQ:14,120,10,-115,-75
IQ:15,128,255,-29,141
IQ:16,136,3,302,81
IQ:17,144,255,107,-193
IQ:18,152,9,-91,3
IQ:19,160,255,7,212
IQ:20,168,4,248,220
IQ:21,176,255,162,-159
IQ:22,184,8,-212,-21
IQ:23,192,255,-41,181
IQ:24,200,7,93,-87
IQ:25,208,255,-81,-143
IQ:26,216,6,-135,30
IQ:27,224,255,48,210
IQ:28,232,5,248,99
IQ:29,240,255,54,-178
IQ:30,248,12,-249,18
IQ:31,256,255,11,132
IQ:32,264,1,94,-156
IQ:33,272,255,-132,-87
IQ:34,280,2,13,195
IQ:35,288,255,219,22
SW:2
RR:3
SS:3
FR:2426
ME:2
MA:5
KE:1
KA:357
DF_END

Data arrived...
DF_BEGIN
IQ:0,0,11,-120,-106
IQ:1,8,11,-93,127
IQ:2,16,11,133,87
IQ:3,24,11,61,-147
IQ:4,32,11,-159,-48
IQ:5,40,11,-34,152
IQ:6,48,11,161,37
IQ:7,56,11,16,-161
IQ:8,72,12,45,174
IQ:9,80,255,140,-81
IQ:10,88,1,-150,-157
IQ:11,96,255,-157,103
IQ:12,104,2,128,32
IQ:13,112,255,61,-147
IQ:14,120,10,-94,-76
IQ:15,128,255,-47,95
IQ:16,136,3,138,-9
IQ:17,144,255,15,-157
IQ:18,152,9,-117,-28
IQ:19,160,255,17,152
IQ:20,168,4,235,31
IQ:21,176,255,31,-194
IQ:22,184,8,-172,21
IQ:23,192,255,30,156
IQ:24,200,7,101,-70
IQ:25,208,255,-88,-125
IQ:26,216,6,-140,74
IQ:27,224,255,81,143
IQ:28,232,5,153,-67
IQ:29,240,255,-94,-129
IQ:30,248,12,-139,133
IQ:31,256,255,126,87
IQ:32,264,1,52,-198
IQ:33,272,255,-184,-62
IQ:34,280,2,42,123
IQ:35,288,255,173,-31
SW:2
RR:3
SS:3
FR:2402
ME:2
MA:353
KE:1
KA:357
DF_END

Data arrived...
DF_BEGIN
IQ:0,0,11,-157,68
IQ:1,8,11,88,134
IQ:2,16,11,131,-107
IQ:3,24,11,-114,-117
IQ:4,32,11,-107,132
IQ:5,40,11,137,95
IQ:6,48,11,79,-147
IQ:7,56,11,-158,-77
IQ:8,72,12,121,-4
IQ:9,80,255,-18,-137
IQ:10,88,1,-132,12
IQ:11,96,255,29,133
IQ:12,104,2,110,-26
IQ:13,112,255,-66,-109
IQ:14,120,10,-164,78
IQ:15,128,255,61,137
IQ:16,136,3,58,-107
IQ:17,144,255,-128,-75
IQ:18,152,9,-92,117
IQ:19,160,255,135,62
IQ:20,168,4,64,-170
IQ:21,176,255,-174,-63
IQ:22,184,8,-67,121
IQ:23,192,255,138,42
IQ:24,200,7,69,-97
IQ:25,208,255,-95,-27
IQ:26,216,6,8,137
IQ:27,224,255,145,-53
IQ:28,232,5,-48,-218
IQ:29,240,255,-181,21
IQ:30,248,12,63,107
IQ:31,256,255,111,-75
IQ:32,264,1,-97,-88
IQ:33,272,255,-90,102
IQ:34,280,2,78,85
IQ:35,288,255,61,-122
SW:2
RR:3
SS:3
FR:2480
ME:2
MA:353
KE:1
KA:356
DF_END

Data arrived...
DF_BEGIN
IQ:0,0,11,62,120
IQ:1,8,11,131,-57
IQ:2,16,11,-77,-114
IQ:3,24,11,-95,97
IQ:4,32,11,109,84
IQ:5,40,11,81,-115
IQ:6,48,11,-114,-73
IQ:7,56,11,-52,127
IQ:8,72,12,99,-209
IQ:9,80,255,-134,-45
IQ:10,88,1,96,180
IQ:11,96,255,145,-68
IQ:12,104,2,-176,-73
IQ:13,112,255,-104,178
IQ:14,120,10,128,75
IQ:15,128,255,33,-155
IQ:16,136,3,-300,-51
IQ:17,144,255,-114,227
IQ:18,152,9,78,-3
IQ:19,160,255,-12,-209
IQ:20,168,4,-247,-254
IQ:21,176,255,-141,138
IQ:22,184,8,218,-51
IQ:23,192,255,9,-189
IQ:24,200,7,-92,98
IQ:25,208,255,100,112
IQ:26,216,6,144,-58
IQ:27,224,255,-68,-202
IQ:28,232,5,-266,-75
IQ:29,240,255,-46,175
IQ:30,248,12,228,-24
IQ:31,256,255,-35,-149
IQ:32,264,1,-85,155
IQ:33,272,255,145,52
IQ:34,280,2,-45,-187
IQ:35,288,255,-228,-8
SW:2
RR:3
SS:3
FR:2426
ME:359
MA:353
KE:1
KA:356
DF_END

Data arrived...
DF_BEGIN
IQ:0,0,11,151,44
IQ:1,8,11,27,-158
IQ:2,16,11,-164,-23
IQ:3,24,11,-3,164
IQ:4,32,11,156,-20
IQ:5,40,11,-27,-163
IQ:6,48,11,-162,32
IQ:7,56,11,47,153
IQ:8,72,12,-116,-161
IQ:9,80,255,-114,114
IQ:10,88,1,198,93
IQ:11,96,255,106,-151
IQ:12,104,2,-126,30
IQ:13,112,255,16,165
IQ:14,120,10,124,26
IQ:15,128,255,-1,-116
IQ:16,136,3,-133,60
IQ:17,144,255,51,153
IQ:18,152,9,116,-27
IQ:19,160,255,-76,-135
IQ:20,168,4,-236,71
IQ:21,176,255,38,200
IQ:22,184,8,146,-96
IQ:23,192,255,-92,-130
IQ:24,200,7,-70,113
IQ:25,208,255,130,81
IQ:26,216,6,94,-114
IQ:27,224,255,-140,-91
IQ:28,232,5,-113,127
IQ:29,240,255,138,87
IQ:30,248,12,71,-174
IQ:31,256,255,-162,-24
IQ:32,264,1,17,216
IQ:33,272,255,181,-2
IQ:34,280,2,-94,-102
IQ:35,288,255,-146,98
SW:2
RR:3
SS:3
FR:2402
ME:2
MA:353
KE:1
KA:356
DF_END

Data arrived...
DF_BEGIN
IQ:0,0,11,-50,-164
IQ:1,8,11,-156,72
IQ:2,16,11,81,146
IQ:3,24,11,142,-93
IQ:4,32,11,-110,-126
IQ:5,40,11,-117,127
IQ:6,48,11,138,95
IQ:7,56,11,91,-145
IQ:8,72,12,-28,124
IQ:9,80,255,126,14
IQ:10,88,1,4,-132
IQ:11,96,255,-137,-2
IQ:12,104,2,7,114
IQ:13,112,255,120,-45
IQ:14,120,10,-36,-172
IQ:15,128,255,-149,36
IQ:16,136,3,95,81
IQ:17,144,255,96,-118
IQ:18,152,9,-110,-98
IQ:19,160,255,-83,124
IQ:20,168,4,166,89
IQ:21,176,255,101,-155
IQ:22,184,8,-120,-81
IQ:23,192,255,-70,125
IQ:24,200,7,91,77
IQ:25,208,255,40,-96
IQ:26,216,6,-146,-2
IQ:27,224,255,26,156
IQ:28,232,5,214,-25
IQ:29,240,255,7,-190
IQ:30,248,12,-109,42
IQ:31,256,255,64,117
IQ:32,264,1,99,-82
IQ:33,272,255,-96,-110
IQ:34,280,2,-100,64
IQ:35,288,255,93,70
SW:2
RR:3
SS:3
FR:2480
ME:2
MA:353
KE:1
KA:355
DF_END

Data arrived...
DF_BEGIN
IQ:0,0,11,56,164
IQ:1,8,11,147,-78
IQ:2,16,11,-101,-140
IQ:3,24,11,-117,116
IQ:4,32,11,126,125
IQ:5,40,11,113,-130
IQ:6,48,11,-146,-93
IQ:7,56,11,-81,153
IQ:8,72,12,22,-129
IQ:9,80,255,-127,-7
IQ:10,88,1,5,127
IQ:11,96,255,139,-18
IQ:12,104,2,-7,-116
IQ:13,112,255,-113,38
IQ:14,120,10,69,171
IQ:15,128,255,144,-47
IQ:16,136,3,-94,-79
IQ:17,144,255,-96,115
IQ:18,152,9,107,92
IQ:19,160,255,70,-133
IQ:20,168,4,-167,-93
IQ:21,176,255,-96,161
IQ:22,184,8,120,79
IQ:23,192,255,60,-129
IQ:24,200,7,-95,-78
IQ:25,208,255,-29,103
IQ:26,216,6,145,1
IQ:27,224,255,-38,-162
IQ:28,232,5,-218,25
IQ:29,240,255,9,187
IQ:30,248,12,117,-53
IQ:31,256,255,-56,-120
IQ:32,264,1,-96,82
IQ:33,272,255,93,108
IQ:34,280,2,88,-71
IQ:35,288,255,-112,-70
SW:2
RR:3
SS:3
FR:2480
ME:2
MA:353
KE:1
KA:355
DF_END

Data arrived...
DF_BEGIN
IQ:0,0,11,-101,-122
IQ:1,8,11,-145,83
IQ:2,16,11,124,108
IQ:3,24,11,129,-102
IQ:4,32,11,-140,-104
IQ:5,40,11,-117,110
IQ:6,48,11,155,81
IQ:7,56,11,69,-135
IQ:8,72,12,-89,234
IQ:9,80,255,138,53
IQ:10,88,1,-110,-169
IQ:11,96,255,-129,68
IQ:12,104,2,165,57
IQ:13,112,255,81,-180
IQ:14,120,10,-131,-86
IQ:15,128,255,-36,116
IQ:16,136,3,322,82
IQ:17,144,255,72,-227
IQ:18,152,9,-73,36
IQ:19,160,255,44,201
IQ:20,168,4,260,237
IQ:21,176,255,148,-191
IQ:22,184,8,-194,16
IQ:23,192,255,-34,178
IQ:24,200,7,94,-65
IQ:25,208,255,-81,-101
IQ:26,216,6,-131,57
IQ:27,224,255,52,185
IQ:28,232,5,246,68
IQ:29,240,255,47,-176
IQ:30,248,12,-214,18
IQ:31,256,255,57,130
IQ:32,264,1,78,-176
IQ:33,272,255,-118,-67
IQ:34,280,2,66,203
IQ:35,288,255,218,28
SW:2
RR:3
SS:3
FR:2426
ME:359
MA:5
KE:1
KA:356
DF_END

Data arrived...
DF_BEGIN
IQ:0,0,11,47,149
IQ:1,8,11,141,-63
IQ:2,16,11,-89,-140
IQ:3,24,11,-130,88
IQ:4,32,11,117,113
IQ:5,40,11,107,-123
IQ:6,48,11,-125,-99
IQ:7,56,11,-77,137
IQ:8,72,12,60,-179
IQ:9,80,255,-155,-25
IQ:10,88,1,40,205
IQ:11,96,255,177,-21
IQ:12,104,2,-105,-88
IQ:13,112,255,-128,107
IQ:14,120,10,48,111
IQ:15,128,255,82,-65
IQ:16,136,3,-135,-47
IQ:17,144,255,-67,139
IQ:18,152,9,102,68
IQ:19,160,255,62,-153
IQ:20,168,4,-186,-154
IQ:21,176,255,-130,146
IQ:22,184,8,159,65
IQ:23,192,255,51,-158
IQ:24,200,7,-132,2
IQ:25,208,255,4,147
IQ:26,216,6,146,8
IQ:27,224,255,-12,-162
IQ:28,232,5,-176,9
IQ:29,240,255,31,155
IQ:30,248,12,189,-42
IQ:31,256,255,-58,-149
IQ:32,264,1,-160,134
IQ:33,272,255,104,138
IQ:34,280,2,14,-128
IQ:35,288,255,-167,-56
SW:2
RR:3
SS:3
FR:2402
ME:2
MA:353
KE:1
KA:355
DF_END

Data arrived...
DF_BEGIN
IQ:0,0,11,103,114
IQ:1,8,11,99,-128
IQ:2,16,11,-141,-87
IQ:3,24,11,-78,143
IQ:4,32,11,145,72
IQ:5,40,11,39,-152
IQ:6,48,11,-158,-44
IQ:7,56,11,-25,156
IQ:8,72,12,-20,-199
IQ:9,80,255,-151,39
IQ:10,88,1,133,169
IQ:11,96,255,156,-94
IQ:12,104,2,-125,-40
IQ:13,112,255,-82,148
IQ:14,120,10,96,87
IQ:15,128,255,58,-95
IQ:16,136,3,-141,-5
IQ:17,144,255,-30,158
IQ:18,152,9,119,26
IQ:19,160,255,2,-159
IQ:20,168,4,-231,-53
IQ:21,176,255,-51,194
IQ:22,184,8,178,0
IQ:23,192,255,-15,-165
IQ:24,200,7,-113,62
IQ:25,208,255,79,122
IQ:26,216,6,139,-63
IQ:27,224,255,-86,-137
IQ:28,232,5,-162,66
IQ:29,240,255,76,141
IQ:30,248,12,146,-127
IQ:31,256,255,-117,-108
IQ:32,264,1,-82,196
IQ:33,272,255,158,86
IQ:34,280,2,-32,-132
IQ:35,288,255,-177,12
SW:2
RR:3
SS:3
FR:2402
ME:2
MA:353
KE:1
KA:355
DF_END

Data arrived...
DF_BEGIN
IQ:0,0,11,161,51
IQ:1,8,11,30,-171
IQ:2,16,11,-168,-36
IQ:3,24,11,-15,165
IQ:4,32,11,170,-5
IQ:5,40,11,-25,-172
IQ:6,48,11,-164,43
IQ:7,56,11,67,153
IQ:8,72,12,-86,-98
IQ:9,80,255,-88,97
IQ:10,88,1,105,81
IQ:11,96,255,83,-115
IQ:12,104,2,-92,-68
IQ:13,112,255,-48,119
IQ:14,120,10,169,71
IQ:15,128,255,59,-141
IQ:16,136,3,-127,19
IQ:17,144,255,29,145
IQ:18,152,9,141,-25
IQ:19,160,255,-52,-144
IQ:20,168,4,-180,70
IQ:21,176,255,57,179
IQ:22,184,8,139,-35
IQ:23,192,255,-49,-145
IQ:24,200,7,-113,24
IQ:25,208,255,54,83
IQ:26,216,6,95,-110
IQ:27,224,255,-149,-83
IQ:28,232,5,-138,173
IQ:29,240,255,142,122
IQ:30,248,12,40,-122
IQ:31,256,255,-128,-31
IQ:32,264,1,-8,128
IQ:33,272,255,144,-7
IQ:34,280,2,7,-118
IQ:35,288,255,-133,20
SW:2
RR:3
SS:3
FR:2480
ME:2
MA:353
KE:1
KA:355
DF_END

Data arrived...
DF_BEGIN
IQ:0,0,11,28,138
IQ:1,8,11,118,-49
IQ:2,16,11,-62,-126
IQ:3,24,11,-133,73
IQ:4,32,11,78,122
IQ:5,40,11,121,-78
IQ:6,48,11,-90,-101
IQ:7,56,11,-112,79
IQ:8,72,12,180,-146
IQ:9,80,255,-102,-94
IQ:10,88,1,37,191
IQ:11,96,255,156,-46
IQ:12,104,2,-168,-113
IQ:13,112,255,-133,140
IQ:14,120,10,92,104
IQ:15,128,255,96,-130
IQ:16,136,3,-277,-133
IQ:17,144,255,-173,193
IQ:18,152,9,90,-16
IQ:19,160,255,33,-201
IQ:20,168,4,-186,-283
IQ:21,176,255,-202,101
IQ:22,184,8,213,39
IQ:23,192,255,65,-184
IQ:24,200,7,-83,74
IQ:25,208,255,47,154
IQ:26,216,6,148,5
IQ:27,224,255,-13,-211
IQ:28,232,5,-232,-156
IQ:29,240,255,-74,172
IQ:30,248,12,231,32
IQ:31,256,255,25,-139
IQ:32,264,1,-135,142
IQ:33,272,255,119,97
IQ:34,280,2,-11,-197
IQ:35,288,255,-207,-41
SW:2
RR:3
SS:3
FR:2426
ME:359
MA:5
KE:1
KA:356
DF_END

Data arrived...
DF_BEGIN
IQ:0,0,11,-17,154
IQ:1,8,11,161,12
IQ:2,16,11,-5,-158
IQ:3,24,11,-154,20
IQ:4,32,11,31,158
IQ:5,40,11,156,-43
IQ:6,48,11,-56,-145
IQ:7,56,11,-138,75
IQ:8,72,12,146,-130
IQ:9,80,255,-120,-102
IQ:10,88,1,-81,201
IQ:11,96,255,164,73
IQ:12,104,2,-42,-131
IQ:13,112,255,-164,26
IQ:14,120,10,-19,119
IQ:15,128,255,113,-17
IQ:16,136,3,-80,-115
IQ:17,144,255,-137,75
IQ:18,152,9,51,112
IQ:19,160,255,117,-94
IQ:20,168,4,-90,-227
IQ:21,176,255,-187,64
IQ:22,184,8,116,133
IQ:23,192,255,125,-112
IQ:24,200,7,-112,-58
IQ:25,208,255,-72,131
IQ:26,216,6,124,81
IQ:27,224,255,74,-143
IQ:28,232,5,-151,-87
IQ:29,240,255,-52,145
IQ:30,248,12,189,45
IQ:31,256,255,10,-164
IQ:32,264,1,-199,61
IQ:33,272,255,41,169
IQ:34,280,2,78,-105
IQ:35,288,255,-120,-135
SW:2
RR:3
SS:3
FR:2402
ME:2
MA:353
KE:1
KA:355
DF_END

Data arrived...
DF_BEGIN
IQ:0,0,11,-64,-162
IQ:1,8,11,-156,57
IQ:2,16,11,74,131
IQ:3,24,11,136,-94
IQ:4,32,11,-117,-131
IQ:5,40,11,-109,117
IQ:6,48,11,144,80
IQ:7,56,11,73,-159
IQ:8,72,12,-27,122
IQ:9,80,255,133,0
IQ:10,88,1,-3,-136
IQ:11,96,255,-138,-1
IQ:12,104,2,7,106
IQ:13,112,255,115,-56
IQ:14,120,10,-55,-185
IQ:15,128,255,-150,27
IQ:16,136,3,84,86
IQ:17,144,255,85,-113
IQ:18,152,9,-116,-103
IQ:19,160,255,-87,115
IQ:20,168,4,151,101
IQ:21,176,255,102,-162
IQ:22,184,8,-110,-90
IQ:23,192,255,-73,127
IQ:24,200,7,88,68
IQ:25,208,255,32,-96
IQ:26,216,6,-141,-10
IQ:27,224,255,24,153
IQ:28,232,5,221,4
IQ:29,240,255,-5,-183
IQ:30,248,12,-115,39
IQ:31,256,255,58,118
IQ:32,264,1,108,-79
IQ:33,272,255,-84,-123
IQ:34,280,2,-92,55
IQ:35,288,255,104,65
SW:2
RR:3
SS:3
FR:2480
ME:2
MA:5
KE:1
KA:356
DF_END

Data arrived...
DF_BEGIN
IQ:0,0,11,-143,-5
IQ:1,8,11,38,133
IQ:2,16,11,127,-49
IQ:3,24,11,-50,-141
IQ:4,32,11,-118,74
IQ:5,40,11,70,128
IQ:6,48,11,117,-99
IQ:7,56,11,-93,-94
IQ:8,72,12,169,178
IQ:9,80,255,105,-115
IQ:10,88,1,-202,29
IQ:11,96,255,19,156
IQ:12,104,2,146,-140
IQ:13,112,255,-122,-173
IQ:14,120,10,-109,86
IQ:15,128,255,149,90
IQ:16,136,3,170,-267
IQ:17,144,255,-171,-185
IQ:18,152,9,-27,76
IQ:19,160,255,202,67
IQ:20,168,4,314,-130
IQ:21,176,255,-60,-213
IQ:22,184,8,-79,203
IQ:23,192,255,176,89
IQ:24,200,7,-52,-110
IQ:25,208,255,-159,42
IQ:26,216,6,-10,174
IQ:27,224,255,211,19
IQ:28,232,5,171,-183
IQ:29,240,255,-159,-95
IQ:30,248,12,-65,227
IQ:31,256,255,137,10
IQ:32,264,1,-132,-150
IQ:33,272,255,-132,106
IQ:34,280,2,200,37
IQ:35,288,255,113,-202
SW:2
RR:3
SS:3
FR:2426
ME:2
MA:5
KE:1
KA:357
DF_END

Data arrived...
DF_BEGIN
IQ:0,0,11,-57,149
IQ:1,8,11,156,28
IQ:2,16,11,23,-165
IQ:3,24,11,-165,-23
IQ:4,32,11,-2,158
IQ:5,40,11,154,-35
IQ:6,48,11,-43,-160
IQ:7,56,11,-151,46
IQ:8,72,12,144,-116
IQ:9,80,255,-132,-106
IQ:10,88,1,-110,190
IQ:11,96,255,147,100
IQ:12,104,2,-23,-126
IQ:13,112,255,-168,-11
IQ:14,120,10,-39,115
IQ:15,128,255,103,10
IQ:16,136,3,-67,-126
IQ:17,144,255,-152,48
IQ:18,152,9,26,112
IQ:19,160,255,142,-81
IQ:20,168,4,-43,-241
IQ:21,176,255,-198,27
IQ:22,184,8,90,147
IQ:23,192,255,138,-89
IQ:24,200,7,-105,-81
IQ:25,208,255,-80,124
IQ:26,216,6,118,92
IQ:27,224,255,97,-133
IQ:28,232,5,-124,-116
IQ:29,240,255,-84,141
IQ:30,248,12,169,78
IQ:31,256,255,34,-156
IQ:32,264,1,-208,19
IQ:33,272,255,8,180
IQ:34,280,2,93,-92
IQ:35,288,255,-102,-144
SW:2
RR:3
SS:3
FR:2402
ME:2
MA:353
KE:1
KA:357
DF_END

Data arrived...
DF_BEGIN
IQ:0,0,11,107,122
IQ:1,8,11,106,-121
IQ:2,16,11,-127,-91
IQ:3,24,11,-82,147
IQ:4,32,11,143,57
IQ:5,40,11,44,-159
IQ:6,48,11,-155,-40
IQ:7,56,11,-16,160
IQ:8,72,12,-19,-183
IQ:9,80,255,-156,45
IQ:10,88,1,126,172
IQ:11,96,255,152,-90
IQ:12,104,2,-124,-45
IQ:13,112,255,-79,141
IQ:14,120,10,90,79
IQ:15,128,255,53,-95
IQ:16,136,3,-142,4
IQ:17,144,255,-18,157
IQ:18,152,9,120,15
IQ:19,160,255,-12,-157
IQ:20,168,4,-237,-53
IQ:21,176,255,-47,188
IQ:22,184,8,175,-12
IQ:23,192,255,-13,-162
IQ:24,200,7,-116,52
IQ:25,208,255,68,137
IQ:26,216,6,144,-47
IQ:27,224,255,-77,-147
IQ:28,232,5,-165,59
IQ:29,240,255,97,120
IQ:30,248,12,153,-127
IQ:31,256,255,-118,-115
IQ:32,264,1,-91,189
IQ:33,272,255,159,80
IQ:34,280,2,-41,-127
IQ:35,288,255,-171,24
SW:2
RR:3
SS:3
FR:2402
ME:2
MA:353
KE:1
KA:356
DF_END

Data arrived...
DF_BEGIN
IQ:0,0,11,-161,58
IQ:1,8,11,68,155
IQ:2,16,11,138,-82
IQ:3,24,11,-108,-131
IQ:4,32,11,-123,120
IQ:5,40,11,128,111
IQ:6,48,11,88,-140
IQ:7,56,11,-153,-81
IQ:8,72,12,123,16
IQ:9,80,255,10,-133
IQ:10,88,1,-134,10
IQ:11,96,255,6,138
IQ:12,104,2,109,-3
IQ:13,112,255,-49,-120
IQ:14,120,10,-180,54
IQ:15,128,255,40,142
IQ:16,136,3,76,-99
IQ:17,144,255,-119,-102
IQ:18,152,9,-104,101
IQ:19,160,255,129,77
IQ:20,168,4,80,-167
IQ:21,176,255,-167,-88
IQ:22,184,8,-88,118
IQ:23,192,255,127,69
IQ:24,200,7,66,-97
IQ:25,208,255,-98,-39
IQ:26,216,6,-5,139
IQ:27,224,255,162,-29
IQ:28,232,5,-3,-220
IQ:29,240,255,-186,-8
IQ:30,248,12,43,110
IQ:31,256,255,119,-65
IQ:32,264,1,-82,-107
IQ:33,272,255,-105,88
IQ:34,280,2,62,83
IQ:35,288,255,71,-106
SW:2
RR:3
SS:3
FR:2480
ME:2
MA:353
KE:1
KA:356
DF_END

Data arrived...
DF_BEGIN
IQ:0,0,11,127,30
IQ:1,8,11,30,-132
IQ:2,16,11,-144,-23
IQ:3,24,11,5,136
IQ:4,32,11,132,-24
IQ:5,40,11,-39,-117
IQ:6,48,11,-144,34
IQ:7,56,11,45,131
IQ:8,72,12,-116,-212
IQ:9,80,255,-117,85
IQ:10,88,1,172,42
IQ:11,96,255,25,-151
IQ:12,104,2,-183,87
IQ:13,112,255,78,182
IQ:14,120,10,127,-40
IQ:15,128,255,-89,-109
IQ:16,136,3,-230,203
IQ:17,144,255,95,219
IQ:18,152,9,33,-73
IQ:19,160,255,-168,-109
IQ:20,168,4,-353,59
IQ:21,176,255,-8,222
IQ:22,184,8,110,-184
IQ:23,192,255,-149,-150
IQ:24,200,7,17,125
IQ:25,208,255,170,4
IQ:26,216,6,80,-125
IQ:27,224,255,-190,-87
IQ:28,232,5,-233,121
IQ:29,240,255,109,165
IQ:30,248,12,129,-199
IQ:31,256,255,-130,-58
IQ:32,264,1,70,163
IQ:33,272,255,150,-66
IQ:34,280,2,-173,-109
IQ:35,288,255,-146,158
SW:2
RR:3
SS:3
FR:2426
ME:359
MA:353
KE:1
KA:356
DF_END

Data arrived...
DF_BEGIN
IQ:0,0,11,-31,130
IQ:1,8,11,144,17
IQ:2,16,11,6,-151
IQ:3,24,11,-130,2
IQ:4,32,11,35,142
IQ:5,40,11,141,-46
IQ:6,48,11,-51,-132
IQ:7,56,11,-125,70
IQ:8,72,12,214,-83
IQ:9,80,255,-60,-120
IQ:10,88,1,-31,193
IQ:11,96,255,160,37
IQ:12,104,2,-87,-168
IQ:13,112,255,-209,84
IQ:14,120,10,32,150
IQ:15,128,255,114,-89
IQ:16,136,3,-223,-225
IQ:17,144,255,-215,122
IQ:18,152,9,74,31
IQ:19,160,255,108,-165
IQ:20,168,4,-66,-346
IQ:21,176,255,-213,11
IQ:22,184,8,167,130
IQ:23,192,255,125,-132
IQ:24,200,7,-127,27
IQ:25,208,255,9,158
IQ:26,216,6,149,48
IQ:27,224,255,77,-192
IQ:28,232,5,-145,-235
IQ:29,240,255,-154,114
IQ:30,248,12,198,135
IQ:31,256,255,74,-127
IQ:32,264,1,-186,81
IQ:33,272,255,66,151
IQ:34,280,2,96,-180
IQ:35,288,255,-161,-156
SW:2
RR:3
SS:3
FR:2426
ME:2
MA:5
KE:1
KA:357
DF_END

Data arrived...