KE:7
KA:3
DF_END

Data arrived...
DF_BEGIN
IQ:0,0,11,31,45
IQ:1,8,11,43,-38
IQ:2,16,11,-53,-28
IQ:3,24,11,-41,44
IQ:4,32,11,56,23
IQ:5,40,11,31,-57
IQ:6,48,11,-48,-15
IQ:7,56,11,-23,43
IQ:8,72,12,54,-146
IQ:9,80,255,-146,-114
IQ:10,88,1,-211,57
IQ:11,96,255,17,207
IQ:12,104,2,174,116
IQ:13,112,255,152,-115
IQ:14,120,10,107,-80
IQ:15,128,255,-84,-110
IQ:16,136,3,-275,-31
IQ:17,144,255,-116,148
IQ:18,152,9,-122,16
IQ:19,160,255,-86,101
IQ:20,168,4,-138,148
IQ:21,176,255,21,128
IQ:22,184,8,-45,23
IQ:23,192,255,32,49
IQ:24,200,7,70,-12
IQ:25,208,255,-3,-59
IQ:26,216,6,-17,15
IQ:27,224,255,110,39
IQ:28,232,5,262,-110
IQ:29,240,255,69,-194
IQ:30,248,12,153,-34
IQ:31,256,255,8,-167
IQ:32,264,1,-167,-120
IQ:33,272,255,-154,146
IQ:34,280,2,24,222
IQ:35,288,255,156,40
SW:2
RR:3
SS:3
FR:2402
ME:44
MA:159
KE:10
KA:7
DF_END

Data arrived...
DF_BEGIN
IQ:0,0,11,165,-20
IQ:1,8,11,-34,-164
IQ:2,16,11,-160,52
IQ:3,24,11,58,147
IQ:4,32,11,126,-97
IQ:5,40,11,-106,-134
IQ:6,48,11,-122,115
IQ:7,56,11,122,101
IQ:8,72,12,-101,-42
IQ:9,80,255,-32,112
IQ:10,88,1,131,28
IQ:11,96,255,5,-144
IQ:12,104,2,-156,-23
IQ:13,112,255,5,136
IQ:14,120,10,179,-40
IQ:15,128,255,-36,-170
IQ:16,136,3,-140,53
IQ:17,144,255,55,95
IQ:18,152,9,61,-172
IQ:19,160,255,-185,-97
IQ:20,168,4,-103,108
IQ:21,176,255,90,108
IQ:22,184,8,50,-52
IQ:23,192,255,-87,-28
IQ:24,200,7,-14,138
IQ:25,208,255,144,8
IQ:26,216,6,16,-127
IQ:27,224,255,-121,-1
IQ:28,232,5,27,123
IQ:29,240,255,127,-37
IQ:30,248,12,-32,-99
IQ:31,256,255,-102,38
IQ:32,264,1,65,111
IQ:33,272,255,110,-97
IQ:34,280,2,-78,-122
IQ:35,288,255,-105,102
SW:2
RR:3
SS:3
FR:2480
ME:359
MA:353
KE:9
KA:5
DF_END

Data arrived...
DF_BEGIN
IQ:0,0,11,-152,-81
IQ:1,8,11,-80,147
IQ:2,16,11,153,56
IQ:3,24,11,34,-159
IQ:4,32,11,-170,-6
IQ:5,40,11,-3,160
IQ:6,48,11,164,-11
IQ:7,56,11,-41,-162
IQ:8,72,12,41,93
IQ:9,80,255,81,-73
IQ:10,88,1,-99,-100
IQ:11,96,255,-100,106
IQ:12,104,2,102,114
IQ:13,112,255,69,-115
IQ:14,120,10,-173,-74
IQ:15,128,255,-81,157
IQ:16,136,3,135,50
IQ:17,144,255,-2,-108
IQ:18,152,9,-166,88
IQ:19,160,255,66,187
IQ:20,168,4,145,-6
IQ:21,176,255,-7,-155
IQ:22,184,8,-82,13
IQ:23,192,255,48,74
IQ:24,200,7,89,-102
IQ:25,208,255,-108,-107
IQ:26,216,6,-99,80
IQ:27,224,255,94,81
IQ:28,232,5,35,-115
IQ:29,240,255,-126,-63
IQ:30,248,12,-59,87
IQ:31,256,255,106,16
IQ:32,264,1,7,-134
IQ:33,272,255,-154,-2
IQ:34,280,2,-37,150
IQ:35,288,255,140,10
SW:2
RR:3
SS:3
FR:2480
ME:359
MA:353
KE:8
KA:3
DF_END

Data arrived...
DF_BEGIN
IQ:0,0,11,156,-51
IQ:1,8,11,-73,-157
IQ:2,16,11,-151,73
IQ:3,24,11,91,143
IQ:4,32,11,117,-118
IQ:5,40,11,-132,-115
IQ:6,48,11,-106,119
IQ:7,56,11,131,94
IQ:8,72,12,-146,20
IQ:9,80,255,42,180
IQ:10,88,1,244,-49
IQ:11,96,255,-45,-253
IQ:12,104,2,-261,36
IQ:13,112,255,36,253
IQ:14,120,10,195,-36
IQ:15,128,255,-50,-177
IQ:16,136,3,-119,102
IQ:17,144,255,143,126
IQ:18,152,9,170,-154
IQ:19,160,255,-162,-181
IQ:20,168,4,-176,87
IQ:21,176,255,103,129
IQ:22,184,8,62,-146
IQ:23,192,255,-176,-29
IQ:24,200,7,-51,229
IQ:25,208,255,219,42
IQ:26,216,6,14,-201
IQ:27,224,255,-204,0
IQ:28,232,5,27,208
IQ:29,240,255,188,-23
IQ:30,248,12,-93,-114
IQ:31,256,255,-119,148
IQ:32,264,1,180,173
IQ:33,272,255,175,-188
IQ:34,280,2,-191,-180
IQ:35,288,255,-184,161
SW:2
RR:3
SS:3
FR:2426
ME:2
MA:5
KE:7
KA:3
DF_END

Data arrived...
DF_BEGIN
IQ:0,0,11,49,-12
IQ:1,8,11,-15,-46
IQ:2,16,11,-54,19
IQ:3,24,11,36,39
IQ:4,32,11,38,-39
IQ:5,40,11,-50,-32
IQ:6,48,11,-25,42
IQ:7,56,11,52,33
IQ:8,72,12,-112,-116
IQ:9,80,255,-150,81
IQ:10,88,1,-20,198
IQ:11,96,255,192,47
IQ:12,104,2,161,-125
IQ:13,112,255,-36,-183
IQ:14,120,10,-42,-118
IQ:15,128,255,-127,26
IQ:16,136,3,-111,244
IQ:17,144,255,89,158
IQ:18,152,9,-26,124
IQ:19,160,255,60,99
IQ:20,168,4,90,188
IQ:21,176,255,114,14
IQ:22,184,8,19,65
IQ:23,192,255,56,-7
IQ:24,200,7,10,-74
IQ:25,208,255,-66,-15
IQ:26,216,6,12,18
IQ:27,224,255,86,-79
IQ:28,232,5,9,-280
IQ:29,240,255,-160,-117
IQ:30,248,12,28,-181
IQ:31,256,255,-162,-76
IQ:32,264,1,-181,119
IQ:33,272,255,55,205
IQ:34,280,2,201,32
IQ:35,288,255,98,-132
SW:2
RR:3
SS:3
FR:2402
ME:41
MA:153
KE:10
KA:9
DF_END

Data arrived...
DF_BEGIN
IQ:0,0,11,6,-162
IQ:1,8,11,-165,9
IQ:2,16,11,33,166
IQ:3,24,11,163,-41
IQ:4,32,11,-49,-161
IQ:5,40,11,-147,68
IQ:6,48,11,89,136
IQ:7,56,11,132,-108
IQ:8,72,12,-63,85
IQ:9,80,255,109,48
IQ:10,88,1,55,-124
IQ:11,96,255,-132,-42
IQ:12,104,2,-51,144
IQ:13,112,255,147,17
IQ:14,120,10,4,-193
IQ:15,128,255,-171,-16
IQ:16,136,3,14,144
IQ:17,144,255,105,-45
IQ:18,152,9,-155,-114
IQ:19,160,255,-144,141
IQ:20,168,4,71,133
IQ:21,176,255,120,-82
IQ:22,184,8,-52,-62
IQ:23,192,255,-49,83
IQ:24,200,7,130,47
IQ:25,208,255,56,-146
IQ:26,216,6,-120,-50
IQ:27,224,255,-31,120
IQ:28,232,5,127,3
IQ:29,240,255,7,-140
IQ:30,248,12,-102,4
IQ:31,256,255,36,109
IQ:32,264,1,130,-50
IQ:33,272,255,-58,-131
IQ:34,280,2,-148,36
IQ:35,288,255,58,137
SW:2
RR:3
SS:3
FR:2480
ME:359
MA:353
KE:9
KA:6
DF_END

Data arrived...
DF_BEGIN
IQ:0,0,11,-60,-153
IQ:1,8,11,-151,75
IQ:2,16,11,97,131
IQ:3,24,11,126,-115
IQ:4,32,11,-119,-120
IQ:5,40,11,-104,124
IQ:6,48,11,140,88
IQ:7,56,11,75,-145
IQ:8,72,12,-25,104
IQ:9,80,255,112,-6
IQ:10,88,1,-13,-139
IQ:11,96,255,-137,28
IQ:12,104,2,17,154
IQ:13,112,255,135,-34
IQ:14,120,10,-84,-172
IQ:15,128,255,-162,70
IQ:16,136,3,88,122
IQ:17,144,255,63,-91
IQ:18,152,9,-192,-19
IQ:19,160,255,-49,190
IQ:20,168,4,121,84
IQ:21,176,255,76,-118
IQ:22,184,8,-75,-35
IQ:23,192,255,-13,91
IQ:24,200,7,140,-12
IQ:25,208,255,-13,-147
IQ:26,216,6,-132,8
IQ:27,224,255,22,117
IQ:28,232,5,119,-57
IQ:29,240,255,-64,-116
IQ:30,248,12,-101,43
IQ:31,256,255,57,97
IQ:32,264,1,97,-99
IQ:33,272,255,-123,-89
IQ:34,280,2,-112,105
IQ:35,288,255,124,78
SW:2
RR:3
SS:3
FR:2480
ME:359
MA:353
KE:8
KA:4
DF_END

Data arrived...
DF_BEGIN
IQ:0,0,11,41,-170
IQ:1,8,11,-170,-18
IQ:2,16,11,-3,172
IQ:3,24,11,160,-13
IQ:4,32,11,-35,-167
IQ:5,40,11,-160,37
IQ:6,48,11,63,150
IQ:7,56,11,144,-75
IQ:8,72,12,-59,130
IQ:9,80,255,169,48
IQ:10,88,1,68,-244
IQ:11,96,255,-253,-70
IQ:12,104,2,-84,260
IQ:13,112,255,231,102
IQ:14,120,10,59,-193
IQ:15,128,255,-163,-44
IQ:16,136,3,38,157
IQ:17,144,255,185,-60
IQ:18,152,9,-55,-216
IQ:19,160,255,-234,69
IQ:20,168,4,20,195
IQ:21,176,255,157,-53
IQ:22,184,8,-103,-124
IQ:23,192,255,-110,140
IQ:24,200,7,178,155
IQ:25,208,255,158,-166
IQ:26,216,6,-159,-123
IQ:27,224,255,-98,182
IQ:28,232,5,198,93
IQ:29,240,255,67,-173
IQ:30,248,12,-145,38
IQ:31,256,255,60,175
IQ:32,264,1,240,-84
IQ:33,272,255,-108,-237
IQ:34,280,2,-249,82
IQ:35,288,255,55,233
SW:2
RR:3
SS:3
FR:2426
ME:2
MA:5
KE:7
KA:4
DF_END

Data arrived...
DF_BEGIN
IQ:0,0,11,30,38
IQ:1,8,11,39,-35
IQ:2,16,11,-41,-36
IQ:3,24,11,-30,37
IQ:4,32,11,40,31
IQ:5,40,11,15,-45
IQ:6,48,11,-48,-25
IQ:7,56,11,-20,52
IQ:8,72,12,78,-140
IQ:9,80,255,-116,-119
IQ:10,88,1,-206,8
IQ:11,96,255,-45,197
IQ:12,104,2,145,153
IQ:13,112,255,185,-66
IQ:14,120,10,133,-61
IQ:15,128,255,-71,-129
IQ:16,136,3,-282,-75
IQ:17,144,255,-154,108
IQ:18,152,9,-111,-21
IQ:19,160,255,-105,74
IQ:20,168,4,-161,114
IQ:21,176,255,-10,126
IQ:22,184,8,-66,28
IQ:23,192,255,10,46
IQ:24,200,7,64,2
IQ:25,208,255,14,-61
IQ:26,216,6,-12,4
IQ:27,224,255,76,65
IQ:28,232,5,265,0
IQ:29,240,255,91,-181
IQ:30,248,12,173,-21
IQ:31,256,255,34,-166
IQ:32,264,1,-137,-157
IQ:33,272,255,-193,87
IQ:34,280,2,-44,210
IQ:35,288,255,127,107
SW:2
RR:3
SS:3
FR:2402
ME:41
MA:159
KE:11
KA:9
DF_END

Data arrived...
DF_BEGIN
IQ:0,0,11,-164,-140
IQ:1,8,11,-132,175
IQ:2,16,11,174,110
IQ:3,24,11,81,-201
IQ:4,32,11,-213,-42
IQ:5,40,11,-28,217
IQ:6,48,11,219,16
IQ:7,56,11,-10,-217
IQ:8,72,12,45,127
IQ:9,80,255,129,-75
IQ:10,88,1,-95,-154
IQ:11,96,255,-167,108
IQ:12,104,2,98,167
IQ:13,112,255,128,-129
IQ:14,120,10,-206,-135
IQ:15,128,255,-152,180
IQ:16,136,3,155,106
IQ:17,144,255,37,-140
IQ:18,152,9,-228,83
IQ:19,160,255,44,260
IQ:20,168,4,189,16
IQ:21,176,255,6,-192
IQ:22,184,8,-105,1
IQ:23,192,255,55,105
IQ:24,200,7,146,-116
IQ:25,208,255,-118,-155
IQ:26,216,6,-144,87
IQ:27,224,255,87,126
IQ:28,232,5,93,-129
IQ:29,240,255,-154,-96
IQ:30,248,12,-88,108
IQ:31,256,255,129,62
IQ:32,264,1,56,-168
IQ:33,272,255,-194,-42
IQ:34,280,2,-57,185
IQ:35,288,255,189,24
SW:2
RR:3
SS:3
FR:2480
ME:359
MA:353
KE:9
KA:6
DF_END

Data arrived...
DF_BEGIN
IQ:0,0,11,-111,124
IQ:1,8,11,124,103
IQ:2,16,11,90,-141
IQ:3,24,11,-144,-68
IQ:4,32,11,-54,148
IQ:5,40,11,157,44
IQ:6,48,11,25,-161
IQ:7,56,11,-166,-3
IQ:8,72,12,118,-85
IQ:9,80,255,-123,-147
IQ:10,88,1,-198,144
IQ:11,96,255,150,199
IQ:12,104,2,212,-152
IQ:13,112,255,-139,-208
IQ:14,120,10,-159,124
IQ:15,128,255,120,130
IQ:16,136,3,62,-147
IQ:17,144,255,-193,-37
IQ:18,152,9,-59,217
IQ:19,160,255,217,76
IQ:20,168,4,91,-173
IQ:21,176,255,-160,-53
IQ:22,184,8,13,153
IQ:23,192,255,170,-45
IQ:24,200,7,-75,-213
IQ:25,208,255,-217,63
IQ:26,216,6,81,182
IQ:27,224,255,179,-106
IQ:28,232,5,-109,-179
IQ:29,240,255,-149,109
IQ:30,248,12,136,46
IQ:31,256,255,29,-180
IQ:32,264,1,-245,-59
IQ:33,272,255,-77,242
IQ:34,280,2,248,80
IQ:35,288,255,65,-219
SW:2
RR:3
SS:3
FR:2426
ME:2
MA:5
KE:9
KA:6
DF_END

Data arrived...
DF_BEGIN
IQ:0,0,11,161,50
IQ:1,8,11,42,-156
IQ:2,16,11,-167,-6
IQ:3,24,11,-6,161
IQ:4,32,11,160,-17
IQ:5,40,11,-36,-169
IQ:6,48,11,-157,53
IQ:7,56,11,78,140
IQ:8,72,12,-126,-77
IQ:9,80,255,-84,168
IQ:10,88,1,218,110
IQ:11,96,255,108,-233
IQ:12,104,2,-234,-134
IQ:13,112,255,-125,223
IQ:14,120,10,174,98
IQ:15,128,255,72,-156
IQ:16,136,3,-158,24
IQ:17,144,255,57,199
IQ:18,152,9,229,-20
IQ:19,160,255,-12,-234
IQ:20,168,4,-190,-23
IQ:21,176,255,9,161
IQ:22,184,8,137,-82
IQ:23,192,255,-127,-136
IQ:24,200,7,-171,155
IQ:25,208,255,154,156
IQ:26,216,6,130,-146
IQ:27,224,255,-165,-118
IQ:28,232,5,-108,185
IQ:29,240,255,165,105
IQ:30,248,12,-8,-149
IQ:31,256,255,-180,42
IQ:32,264,1,38,256
IQ:33,272,255,243,-43
IQ:34,280,2,-50,-265
IQ:35,288,255,-245,20
SW:2
RR:3
SS:3
FR:2426
ME:2
MA:5
KE:8
KA:6
DF_END

Data arrived...
DF_BEGIN
IQ:0,0,11,-35,-6
IQ:1,8,11,2,42
IQ:2,16,11,32,6
IQ:3,24,11,-14,-40
IQ:4,32,11,-37,16
IQ:5,40,11,20,30
IQ:6,48,11,38,-21
IQ:7,56,11,-18,-20
IQ:8,72,12,30,154
IQ:9,80,255,156,33
IQ:10,88,1,144,-159
IQ:11,96,255,-119,-180
IQ:12,104,2,-227,-17
IQ:13,112,255,-90,183
IQ:14,120,10,-24,136
IQ:15,128,255,133,36
IQ:16,136,3,234,-139
IQ:17,144,255,17,-161
IQ:18,152,9,110,-93
IQ:19,160,255,12,-153
IQ:20,168,4,11,-185
IQ:21,176,255,-82,-69
IQ:22,184,8,38,-58
IQ:23,192,255,-55,-36
IQ:24,200,7,-69,62
IQ:25,208,255,30,59
IQ:26,216,6,24,-35
IQ:27,224,255,-135,11
IQ:28,232,5,-162,224
IQ:29,240,255,85,184
IQ:30,248,12,-99,126
IQ:31,256,255,91,130
IQ:32,264,1,225,39
IQ:33,272,255,77,-196
IQ:34,280,2,-149,-194
IQ:35,288,255,-158,57
SW:2
RR:3
SS:3
FR:2402
ME:41
MA:150
KE:11
KA:13
DF_END

Data arrived...
DF_BEGIN
IQ:0,0,11,137,-99
IQ:1,8,11,-109,-130
IQ:2,16,11,-116,119
IQ:3,24,11,135,90
IQ:4,32,11,87,-148
IQ:5,40,11,-148,-77
IQ:6,48,11,-62,153
IQ:7,56,11,161,23
IQ:8,72,12,-101,2
IQ:9,80,255,27,115
IQ:10,88,1,127,-37
IQ:11,96,255,-74,-126
IQ:12,104,2,-137,67
IQ:13,112,255,79,125
IQ:14,120,10,150,-107
IQ:15,128,255,-103,-131
IQ:16,136,3,-87,114
IQ:17,144,255,104,51
IQ:18,152,9,-31,-186
IQ:19,160,255,-203,0
IQ:20,168,4,-54,138
IQ:21,176,255,132,40
IQ:22,184,8,22,-81
IQ:23,192,255,-91,9
IQ:24,200,7,49,134
IQ:25,208,255,136,-59
IQ:26,216,6,-39,-128
IQ:27,224,255,-115,49
IQ:28,232,5,73,103
IQ:29,240,255,96,-88
IQ:30,248,12,-65,-79
IQ:31,256,255,-65,91
IQ:32,264,1,129,66
IQ:33,272,255,61,-136
IQ:34,280,2,-120,-77
IQ:35,288,255,-52,139
SW:2
RR:3
SS:3
FR:2480
ME:359
MA:353
KE:10
KA:9
DF_END

Data arrived...
DF_BEGIN
IQ:0,0,11,-154,62
IQ:1,8,11,83,143
IQ:2,16,11,134,-89
IQ:3,24,11,-114,-108
IQ:4,32,11,-100,134
IQ:5,40,11,140,89
IQ:6,48,11,79,-150
IQ:7,56,11,-156,-54
IQ:8,72,12,108,17
IQ:9,80,255,-16,-110
IQ:10,88,1,-143,27
IQ:11,96,255,23,142
IQ:12,104,2,150,-24
IQ:13,112,255,-46,-129
IQ:14,120,10,-157,103
IQ:15,128,255,93,150
IQ:16,136,3,123,-92
IQ:17,144,255,-89,-76
IQ:18,152,9,-13,185
IQ:19,160,255,194,40
IQ:20,168,4,67,-137
IQ:21,176,255,-138,-54
IQ:22,184,8,-34,76
IQ:23,192,255,90,-7
IQ:24,200,7,-27,-140
IQ:25,208,255,-149,19
IQ:26,216,6,25,130
IQ:27,224,255,119,-33
IQ:28,232,5,-75,-112
IQ:29,240,255,-122,71
IQ:30,248,12,44,91
IQ:31,256,255,85,-74
IQ:32,264,1,-105,-87
IQ:33,272,255,-95,120
IQ:34,280,2,103,103
IQ:35,288,255,79,-124
SW:2
RR:3
SS:3
FR:2480
ME:359
MA:353
KE:9
KA:7
DF_END

Data arrived...
DF_BEGIN
IQ:0,0,11,-137,-74
IQ:1,8,11,-54,152
IQ:2,16,11,153,40
IQ:3,24,11,26,-158
IQ:4,32,11,-162,-10
IQ:5,40,11,-4,158
IQ:6,48,11,153,-25
IQ:7,56,11,-40,-155
IQ:8,72,12,100,99
IQ:9,80,255,97,-151
IQ:10,88,1,-215,-129
IQ:11,96,255,-135,215
IQ:12,104,2,204,167
IQ:13,112,255,160,-191
IQ:14,120,10,-151,-121
IQ:15,128,255,-96,142
IQ:16,136,3,156,20
IQ:17,144,255,11,-191
IQ:18,152,9,-211,-28
IQ:19,160,255,-16,236
IQ:20,168,4,185,44
IQ:21,176,255,11,-161
IQ:22,184,8,-144,48
IQ:23,192,255,95,151
IQ:24,200,7,191,-126
IQ:25,208,255,-113,-178
IQ:26,216,6,-153,111
IQ:27,224,255,147,132
IQ:28,232,5,134,-164
IQ:29,240,255,-135,-120
IQ:30,248,12,-1,144
IQ:31,256,255,180,-23
IQ:32,264,1,-11,-256
IQ:33,272,255,-258,-17
IQ:34,280,2,-24,256
IQ:35,288,255,238,5
SW:2
RR:3
SS:3
FR:2426
ME:2
MA:5
KE:8
KA:6
DF_END

Data arrived...
DF_BEGIN
IQ:0,0,11,17,23
IQ:1,8,11,24,-35
IQ:2,16,11,-39,-16
IQ:3,24,11,-11,41
IQ:4,32,11,40,19
IQ:5,40,11,-6,-33
IQ:6,48,11,-39,-7
IQ:7,56,11,-18,31
IQ:8,72,12,32,-150
IQ:9,80,255,-168,-82
IQ:10,88,1,-206,93
IQ:11,96,255,69,210
IQ:12,104,2,218,63
IQ:13,112,255,121,-157
IQ:14,120,10,49,-117
IQ:15,128,255,-114,-75
IQ:16,136,3,-256,54
IQ:17,144,255,-80,163
IQ:18,152,9,-139,39
IQ:19,160,255,-52,139
IQ:20,168,4,-79,174
IQ:21,176,255,36,105
IQ:22,184,8,-56,56
IQ:23,192,255,32,57
IQ:24,200,7,67,-39
IQ:25,208,255,-32,-69
IQ:26,216,6,-18,36
IQ:27,224,255,121,14
IQ:28,232,5,227,-169
IQ:29,240,255,-22,-214
IQ:30,248,12,143,-75
IQ:31,256,255,-15,-166
IQ:32,264,1,-202,-122
IQ:33,272,255,-139,183
IQ:34,280,2,71,215
IQ:35,288,255,170,7
SW:2
RR:3
SS:3
FR:2402
ME:44
MA:161
KE:12
KA:12
DF_END

Data arrived...
DF_BEGIN
IQ:0,0,11,93,131
IQ:1,8,11,122,-117
IQ:2,16,11,-118,-115
IQ:3,24,11,-85,138
IQ:4,32,11,153,80
IQ:5,40,11,68,-147
IQ:6,48,11,-158,-41
IQ:7,56,11,-25,157
IQ:8,72,12,-10,-108
IQ:9,80,255,-109,31
IQ:10,88,1,45,130
IQ:11,96,255,136,-63
IQ:12,104,2,-59,-144
IQ:13,112,255,-123,73
IQ:14,120,10,127,140
IQ:15,128,255,121,-115
IQ:16,136,3,-109,-93
IQ:17,144,255,-47,101
IQ:18,152,9,185,-26
IQ:19,160,255,12,-202
IQ:20,168,4,-141,-55
IQ:21,176,255,-31,145
IQ:22,184,8,80,18
IQ:23,192,255,-15,-84
IQ:24,200,7,-128,58
IQ:25,208,255,55,138
IQ:26,216,6,127,-38
IQ:27,224,255,-43,-112
IQ:28,232,5,-90,82
IQ:29,240,255,83,105
IQ:30,248,12,73,-68
IQ:31,256,255,-95,-61
IQ:32,264,1,-52,122
IQ:33,272,255,133,64
IQ:34,280,2,80,-123
IQ:35,288,255,-137,-51
SW:2
RR:3
SS:3
FR:2480
ME:359
MA:353
KE:10
KA:8
DF_END

Data arrived...
DF_BEGIN
IQ:0,0,11,154,44
IQ:1,8,11,18,-156
IQ:2,16,11,-165,-4
IQ:3,24,11,21,158
IQ:4,32,11,163,-31
IQ:5,40,11,-42,-160
IQ:6,48,11,-153,39
IQ:7,56,11,73,141
IQ:8,72,12,-128,-71
IQ:9,80,255,-72,180
IQ:10,88,1,227,105
IQ:11,96,255,103,-236
IQ:12,104,2,-221,-121
IQ:13,112,255,-109,219
IQ:14,120,10,184,82
IQ:15,128,255,64,-169
IQ:16,136,3,-167,25
IQ:17,144,255,44,186
IQ:18,152,9,212,-56
IQ:19,160,255,-41,-228
IQ:20,168,4,-192,-21
IQ:21,176,255,21,158
IQ:22,184,8,139,-77
IQ:23,192,255,-126,-133
IQ:24,200,7,-171,152
IQ:25,208,255,159,165
IQ:26,216,6,127,-154
IQ:27,224,255,-161,-116
IQ:28,232,5,-108,182
IQ:29,240,255,169,93
IQ:30,248,12,-20,-149
IQ:31,256,255,-183,58
IQ:32,264,1,63,246
IQ:33,272,255,249,-49
IQ:34,280,2,-52,-251
IQ:35,288,255,-244,31
SW:2
RR:3
SS:3
FR:2426
ME:2
MA:5
KE:9
KA:8
DF_END

Data arrived...
DF_BEGIN
IQ:0,0,11,96,122
IQ:1,8,11,106,-110
IQ:2,16,11,-115,-109
IQ:3,24,11,-102,122
IQ:4,32,11,138,72
IQ:5,40,11,62,-150
IQ:6,48,11,-153,-52
IQ:7,56,11,-33,161
IQ:8,72,12,-56,-132
IQ:9,80,255,-162,97
IQ:10,88,1,126,213
IQ:11,96,255,229,-128
IQ:12,104,2,-108,-239
IQ:13,112,255,-221,107
IQ:14,120,10,86,173
IQ:15,128,255,153,-86
IQ:16,136,3,-134,-88
IQ:17,144,255,-84,182
IQ:18,152,9,198,104
IQ:19,160,255,129,-202
IQ:20,168,4,-136,-132
IQ:21,176,255,-83,141
IQ:22,184,8,149,0
IQ:23,192,255,-40,-174
IQ:24,200,7,-230,13
IQ:25,208,255,15,219
IQ:26,216,6,198,-15
IQ:27,224,255,-59,-198
IQ:28,232,5,-204,84
IQ:29,240,255,77,167
IQ:30,248,12,75,-124
IQ:31,256,255,-176,-71
IQ:32,264,1,-118,220
IQ:33,272,255,229,97
IQ:34,280,2,128,-242
IQ:35,288,255,-196,-134
SW:2
RR:3
SS:3
FR:2426
ME:2
MA:5
KE:9
KA:7
DF_END

Data arrived...
DF_BEGIN
IQ:0,0,11,-22,-6
IQ:1,8,11,-5,34
IQ:2,16,11,23,-11
IQ:3,24,11,5,-21
IQ:4,32,11,-38,2
IQ:5,40,11,3,15
IQ:6,48,11,28,-4
IQ:7,56,11,-9,-27
IQ:8,72,12,-20,136
IQ:9,80,255,141,85
IQ:10,88,1,187,-90
IQ:11,96,255,-38,-213
IQ:12,104,2,-215,-94
IQ:13,112,255,-139,150
IQ:14,120,10,-43,119
IQ:15,128,255,120,70
IQ:16,136,3,244,-72
IQ:17,144,255,56,-158
IQ:18,152,9,130,-43
IQ:19,160,255,65,-158
IQ:20,168,4,62,-185
IQ:21,176,255,-52,-71
IQ:22,184,8,59,-46
IQ:23,192,255,-29,-67
IQ:24,200,7,-89,50
IQ:25,208,255,22,85
IQ:26,216,6,52,-25
IQ:27,224,255,-132,-28
IQ:28,232,5,-240,173
IQ:29,240,255,29,221
IQ:30,248,12,-121,82
IQ:31,256,255,14,160
IQ:32,264,1,195,99
IQ:33,272,255,151,-169
IQ:34,280,2,-60,-231
IQ:35,288,255,-182,-26
SW:2
RR:3
SS:3
FR:2402
ME:41
MA:159
KE:12
KA:13
DF_END