RR:3
SS:3
FR:2480
ME:359
MA:353
KE:4
KA:9
DF_END

Data arrived...
DF_BEGIN
IQ:0,0,11,104,-132
IQ:1,8,11,-141,-93
IQ:2,16,11,-78,171
IQ:3,24,11,167,51
IQ:4,32,11,23,-180
IQ:5,40,11,-177,-21
IQ:6,48,11,3,183
IQ:7,56,11,180,-35
IQ:8,72,12,-120,109
IQ:9,80,255,145,127
IQ:10,88,1,149,-199
IQ:11,96,255,-208,-176
IQ:12,104,2,-183,219
IQ:13,112,255,199,176
IQ:14,120,10,142,-150
IQ:15,128,255,-150,-128
IQ:16,136,3,-30,169
IQ:17,144,255,206,19
IQ:18,152,9,40,-241
IQ:19,160,255,-244,-46
IQ:20,168,4,-63,198
IQ:21,176,255,177,14
IQ:22,184,8,-37,-170
IQ:23,192,255,-167,95
IQ:24,200,7,132,196
IQ:25,208,255,209,-119
IQ:26,216,6,-117,-181
IQ:27,224,255,-159,123
IQ:28,232,5,158,164
IQ:29,240,255,143,-134
IQ:30,248,12,-146,-48
IQ:31,256,255,-6,199
IQ:32,264,1,262,9
IQ:33,272,255,-4,-272
IQ:34,280,2,-278,5
IQ:35,288,255,-10,257
SW:2
RR:3
SS:3
FR:2426
ME:2
MA:5
KE:4
KA:9
DF_END

Data arrived...
DF_BEGIN
IQ:0,0,11,-100,140
IQ:1,8,11,150,89
IQ:2,16,11,84,-152
IQ:3,24,11,-165,-54
IQ:4,32,11,-53,171
IQ:5,40,11,169,36
IQ:6,48,11,6,-168
IQ:7,56,11,-177,21
IQ:8,72,12,117,-108
IQ:9,80,255,-149,-118
IQ:10,88,1,-161,201
IQ:11,96,255,200,188
IQ:12,104,2,198,-187
IQ:13,112,255,-175,-193
IQ:14,120,10,-145,154
IQ:15,128,255,147,111
IQ:16,136,3,31,-160
IQ:17,144,255,-200,-21
IQ:18,152,9,-35,228
IQ:19,160,255,236,36
IQ:20,168,4,59,-192
IQ:21,176,255,-179,-20
IQ:22,184,8,20,166
IQ:23,192,255,166,-56
IQ:24,200,7,-114,-205
IQ:25,208,255,-202,118
IQ:26,216,6,112,178
IQ:27,224,255,174,-124
IQ:28,232,5,-137,-176
IQ:29,240,255,-146,130
IQ:30,248,12,147,31
IQ:31,256,255,7,-189
IQ:32,264,1,-258,-1
IQ:33,272,255,-1,273
IQ:34,280,2,273,23
IQ:35,288,255,32,-252
SW:2
RR:3
SS:3
FR:2426
ME:2
MA:2
KE:4
KA:8
DF_END

Data arrived...
DF_BEGIN
IQ:0,0,11,7,13
IQ:1,8,11,17,-27
IQ:2,16,11,-22,-25
IQ:3,24,11,-16,30
IQ:4,32,11,22,1
IQ:5,40,11,5,-18
IQ:6,48,11,-17,-4
IQ:7,56,11,3,17
IQ:8,72,12,118,7
IQ:9,80,255,79,-115
IQ:10,88,1,-20,-174
IQ:11,96,255,-199,-22
IQ:12,104,2,-156,211
IQ:13,112,255,143,194
IQ:14,120,10,142,70
IQ:15,128,255,79,-143
IQ:16,136,3,-70,-260
IQ:17,144,255,-139,-63
IQ:18,152,9,13,-146
IQ:19,160,255,-145,-107
IQ:20,168,4,-203,-85
IQ:21,176,255,-66,54
IQ:22,184,8,-29,-103
IQ:23,192,255,-98,4
IQ:24,200,7,3,106
IQ:25,208,255,100,-2
IQ:26,216,6,-12,-65
IQ:27,224,255,-91,101
IQ:28,232,5,109,282
IQ:29,240,255,246,32
IQ:30,248,12,62,100
IQ:31,256,255,123,-10
IQ:32,264,1,132,-105
IQ:33,272,255,-100,-174
IQ:34,280,2,-245,19
IQ:35,288,255,-57,208
SW:2
RR:3
SS:3
FR:2402
ME:38
MA:145
KE:7
KA:14
DF_END

Data arrived...
DF_BEGIN
IQ:0,0,11,168,-30
IQ:1,8,11,-64,-156
IQ:2,16,11,-155,91
IQ:3,24,11,96,149
IQ:4,32,11,122,-121
IQ:5,40,11,-138,-112
IQ:6,48,11,-102,153
IQ:7,56,11,151,101
IQ:8,72,12,-100,-20
IQ:9,80,255,-2,116
IQ:10,88,1,144,-2
IQ:11,96,255,-9,-150
IQ:12,104,2,-154,7
IQ:13,112,255,47,135
IQ:14,120,10,193,-79
IQ:15,128,255,-62,-172
IQ:16,136,3,-133,71
IQ:17,144,255,78,89
IQ:18,152,9,63,-189
IQ:19,160,255,-186,-82
IQ:20,168,4,-83,126
IQ:21,176,255,126,81
IQ:22,184,8,46,-76
IQ:23,192,255,-91,-15
IQ:24,200,7,23,141
IQ:25,208,255,155,-7
IQ:26,216,6,1,-129
IQ:27,224,255,-113,21
IQ:28,232,5,51,121
IQ:29,240,255,134,-49
IQ:30,248,12,-36,-94
IQ:31,256,255,-91,73
IQ:32,264,1,93,100
IQ:33,272,255,101,-105
IQ:34,280,2,-104,-112
IQ:35,288,255,-88,120
SW:2
RR:3
SS:3
FR:2480
ME:359
MA:353
KE:6
KA:11
DF_END

Data arrived...
DF_BEGIN
IQ:0,0,11,114,187
IQ:1,8,11,179,-137
IQ:2,16,11,-154,-175
IQ:3,24,11,-132,165
IQ:4,32,11,189,132
IQ:5,40,11,102,-205
IQ:6,48,11,-216,-83
IQ:7,56,11,-63,219
IQ:8,72,12,-62,-174
IQ:9,80,255,-199,137
IQ:10,88,1,191,281
IQ:11,96,255,303,-163
IQ:12,104,2,-158,-326
IQ:13,112,255,-324,132
IQ:14,120,10,103,256
IQ:15,128,255,220,-133
IQ:16,136,3,-176,-116
IQ:17,144,255,-83,244
IQ:18,152,9,266,156
IQ:19,160,255,161,-278
IQ:20,168,4,-200,-178
IQ:21,176,255,-123,210
IQ:22,184,8,215,54
IQ:23,192,255,15,-232
IQ:24,200,7,-304,27
IQ:25,208,255,51,302
IQ:26,216,6,265,-61
IQ:27,224,255,-97,-253
IQ:28,232,5,-266,114
IQ:29,240,255,106,229
IQ:30,248,12,110,-166
IQ:31,256,255,-224,-108
IQ:32,264,1,-123,304
IQ:33,272,255,322,137
IQ:34,280,2,162,-311
IQ:35,288,255,-291,-156
SW:2
RR:3
SS:3
FR:2426
ME:2
MA:5
KE:6
KA:10
DF_END

Data arrived...
DF_BEGIN
IQ:0,0,11,22,-11
IQ:1,8,11,-8,-15
IQ:2,16,11,-11,10
IQ:3,24,11,9,14
IQ:4,32,11,11,-24
IQ:5,40,11,-12,-13
IQ:6,48,11,-3,9
IQ:7,56,11,10,8
IQ:8,72,12,-32,-124
IQ:9,80,255,-148,-36
IQ:10,88,1,-153,111
IQ:11,96,255,88,183
IQ:12,104,2,245,18
IQ:13,112,255,96,-223
IQ:14,120,10,14,-146
IQ:15,128,255,-146,-25
IQ:16,136,3,-204,153
IQ:17,144,255,-1,147
IQ:18,152,9,-141,56
IQ:19,160,255,-38,167
IQ:20,168,4,-10,189
IQ:21,176,255,82,57
IQ:22,184,8,-45,57
IQ:23,192,255,50,76
IQ:24,200,7,98,-65
IQ:25,208,255,-41,-80
IQ:26,216,6,-48,41
IQ:27,224,255,137,18
IQ:28,232,5,182,-232
IQ:29,240,255,-100,-218
IQ:30,248,12,79,-112
IQ:31,256,255,-52,-123
IQ:32,264,1,-175,-60
IQ:33,272,255,-106,182
IQ:34,280,2,138,206
IQ:35,288,255,178,-57
SW:2
RR:3
SS:3
FR:2402
ME:41
MA:153
KE:9
KA:16
DF_END

Data arrived...
DF_BEGIN
IQ:0,0,11,-105,147
IQ:1,8,11,154,88
IQ:2,16,11,69,-163
IQ:3,24,11,-171,-42
IQ:4,32,11,-23,178
IQ:5,40,11,164,13
IQ:6,48,11,-20,-174
IQ:7,56,11,-173,36
IQ:8,72,12,97,-50
IQ:9,80,255,-70,-98
IQ:10,88,1,-98,91
IQ:11,96,255,101,105
IQ:12,104,2,103,-105
IQ:13,112,255,-117,-79
IQ:14,120,10,-85,176
IQ:15,128,255,159,99
IQ:16,136,3,58,-138
IQ:17,144,255,-118,-16
IQ:18,152,9,74,181
IQ:19,160,255,199,-56
IQ:20,168,4,3,-145
IQ:21,176,255,-151,13
IQ:22,184,8,5,90
IQ:23,192,255,86,-48
IQ:24,200,7,-103,-108
IQ:25,208,255,-112,104
IQ:26,216,6,79,98
IQ:27,224,255,87,-92
IQ:28,232,5,-117,-46
IQ:29,240,255,-67,126
IQ:30,248,12,96,47
IQ:31,256,255,32,-121
IQ:32,264,1,-141,-19
IQ:33,272,255,-4,154
IQ:34,280,2,145,23
IQ:35,288,255,-10,-155
SW:2
RR:3
SS:3
FR:2480
ME:359
MA:353
KE:8
KA:12
DF_END

Data arrived...
DF_BEGIN
IQ:0,0,11,142,-88
IQ:1,8,11,-115,-123
IQ:2,16,11,-120,117
IQ:3,24,11,123,107
IQ:4,32,11,100,-144
IQ:5,40,11,-147,-87
IQ:6,48,11,-55,158
IQ:7,56,11,163,45
IQ:8,72,12,-150,36
IQ:9,80,255,86,170
IQ:10,88,1,231,-105
IQ:11,96,255,-107,-237
IQ:12,104,2,-248,109
IQ:13,112,255,100,243
IQ:14,120,10,191,-96
IQ:15,128,255,-103,-158
IQ:16,136,3,-85,139
IQ:17,144,255,181,82
IQ:18,152,9,109,-205
IQ:19,160,255,-204,-135
IQ:20,168,4,-131,143
IQ:21,176,255,153,83
IQ:22,184,8,44,-153
IQ:23,192,255,-180,7
IQ:24,200,7,10,242
IQ:25,208,255,231,-21
IQ:26,216,6,-48,-204
IQ:27,224,255,-204,72
IQ:28,232,5,73,212
IQ:29,240,255,172,-68
IQ:30,248,12,-135,-84
IQ:31,256,255,-77,182
IQ:32,264,1,232,112
IQ:33,272,255,112,-244
IQ:34,280,2,-234,-130
IQ:35,288,255,-117,222
SW:2
RR:3
SS:3
FR:2426
ME:2
MA:5
KE:8
KA:11
DF_END

Data arrived...
DF_BEGIN
IQ:0,0,11,9,23
IQ:1,8,11,14,-12
IQ:2,16,11,-15,-26
IQ:3,24,11,-22,44
IQ:4,32,11,28,5
IQ:5,40,11,20,-23
IQ:6,48,11,-35,-18
IQ:7,56,11,7,27
IQ:8,72,12,5,92
IQ:9,80,255,114,44
IQ:10,88,1,167,-103
IQ:11,96,255,-69,-208
IQ:12,104,2,-280,-31
IQ:13,112,255,-87,245
IQ:14,120,10,9,170
IQ:15,128,255,170,-5
IQ:16,136,3,172,-177
IQ:17,144,255,19,-130
IQ:18,152,9,185,-64
IQ:19,160,255,40,-190
IQ:20,168,4,-35,-203
IQ:21,176,255,-67,0
IQ:22,184,8,94,-79
IQ:23,192,255,-73,-95
IQ:24,200,7,-120,85
IQ:25,208,255,76,118
IQ:26,216,6,78,-61
IQ:27,224,255,-157,-46
IQ:28,232,5,-194,274
IQ:29,240,255,113,234
IQ:30,248,12,-75,73
IQ:31,256,255,29,107
IQ:32,264,1,196,88
IQ:33,272,255,122,-186
IQ:34,280,2,-135,-230
IQ:35,288,255,-232,45
SW:2
RR:3
SS:3
FR:2402
ME:41
MA:159
KE:11
KA:17
DF_END

Data arrived...
DF_BEGIN
IQ:0,0,11,-161,67
IQ:1,8,11,82,158
IQ:2,16,11,151,-90
IQ:3,24,11,-113,-127
IQ:4,32,11,-117,126
IQ:5,40,11,133,109
IQ:6,48,11,83,-154
IQ:7,56,11,-155,-73
IQ:8,72,12,110,16
IQ:9,80,255,-6,-116
IQ:10,88,1,-143,25
IQ:11,96,255,22,160
IQ:12,104,2,142,-18
IQ:13,112,255,-47,-137
IQ:14,120,10,-183,77
IQ:15,128,255,72,160
IQ:16,136,3,117,-94
IQ:17,144,255,-92,-70
IQ:18,152,9,-25,197
IQ:19,160,255,205,57
IQ:20,168,4,88,-128
IQ:21,176,255,-125,-84
IQ:22,184,8,-47,80
IQ:23,192,255,91,12
IQ:24,200,7,-34,-146
IQ:25,208,255,-150,22
IQ:26,216,6,10,126
IQ:27,224,255,119,-31
IQ:28,232,5,-62,-115
IQ:29,240,255,-120,72
IQ:30,248,12,53,91
IQ:31,256,255,82,-86
IQ:32,264,1,-107,-98
IQ:33,272,255,-94,116
IQ:34,280,2,110,103
IQ:35,288,255,74,-136
SW:2
RR:3
SS:3
FR:2480
ME:359
MA:353
KE:10
KA:13
DF_END

Data arrived...
DF_BEGIN
IQ:0,0,11,178,-44
IQ:1,8,11,-50,-168
IQ:2,16,11,-157,70
IQ:3,24,11,89,141
IQ:4,32,11,129,-106
IQ:5,40,11,-123,-132
IQ:6,48,11,-112,123
IQ:7,56,11,154,107
IQ:8,72,12,-100,-36
IQ:9,80,255,-14,111
IQ:10,88,1,136,-4
IQ:11,96,255,-8,-145
IQ:12,104,2,-154,-2
IQ:13,112,255,25,146
IQ:14,120,10,193,-43
IQ:15,128,255,-40,-175
IQ:16,136,3,-138,56
IQ:17,144,255,70,87
IQ:18,152,9,53,-186
IQ:19,160,255,-179,-102
IQ:20,168,4,-96,113
IQ:21,176,255,115,81
IQ:22,184,8,46,-74
IQ:23,192,255,-95,-24
IQ:24,200,7,-2,145
IQ:25,208,255,147,-8
IQ:26,216,6,3,-130
IQ:27,224,255,-120,10
IQ:28,232,5,43,113
IQ:29,240,255,121,-60
IQ:30,248,12,-30,-99
IQ:31,256,255,-89,63
IQ:32,264,1,94,105
IQ:33,272,255,104,-101
IQ:34,280,2,-96,-125
IQ:35,288,255,-102,106
SW:2
RR:3
SS:3
FR:2480
ME:359
MA:353
KE:9
KA:9
DF_END

Data arrived...
DF_BEGIN
IQ:0,0,11,-47,-163
IQ:1,8,11,-158,51
IQ:2,16,11,72,154
IQ:3,24,11,146,-92
IQ:4,32,11,-104,-136
IQ:5,40,11,-130,122
IQ:6,48,11,133,104
IQ:7,56,11,70,-155
IQ:8,72,12,-3,162
IQ:9,80,255,184,-27
IQ:10,88,1,-42,-249
IQ:11,96,255,-252,57
IQ:12,104,2,43,268
IQ:13,112,255,258,-25
IQ:14,120,10,-37,-209
IQ:15,128,255,-186,39
IQ:16,136,3,89,124
IQ:17,144,255,142,-142
IQ:18,152,9,-153,-178
IQ:19,160,255,-194,145
IQ:20,168,4,112,168
IQ:21,176,255,133,-119
IQ:22,184,8,-148,-72
IQ:23,192,255,-38,178
IQ:24,200,7,230,46
IQ:25,208,255,31,-232
IQ:26,216,6,-206,-19
IQ:27,224,255,-1,215
IQ:28,232,5,224,2
IQ:29,240,255,-7,-191
IQ:30,248,12,-119,95
IQ:31,256,255,139,121
IQ:32,264,1,157,-195
IQ:33,272,255,-213,-160
IQ:34,280,2,-191,201
IQ:35,288,255,175,187
SW:2
RR:3
SS:3
FR:2426
ME:2
MA:5
KE:8
KA:8
DF_END

Data arrived...
DF_BEGIN
IQ:0,0,11,-27,-18
IQ:1,8,11,-8,31
IQ:2,16,11,32,11
IQ:3,24,11,-2,-23
IQ:4,32,11,-27,12
IQ:5,40,11,-1,26
IQ:6,48,11,13,-4
IQ:7,56,11,-10,-12
IQ:8,72,12,-36,-90
IQ:9,80,255,-133,-11
IQ:10,88,1,-141,155
IQ:11,96,255,143,172
IQ:12,104,2,250,-84
IQ:13,112,255,13,-267
IQ:14,120,10,-70,-130
IQ:15,128,255,-132,83
IQ:16,136,3,-125,222
IQ:17,144,255,18,120
IQ:18,152,9,-134,127
IQ:19,160,255,74,184
IQ:20,168,4,117,169
IQ:21,176,255,81,-8
IQ:22,184,8,-58,111
IQ:23,192,255,104,57
IQ:24,200,7,71,-127
IQ:25,208,255,-111,-84
IQ:26,216,6,-50,85
IQ:27,224,255,151,-31
IQ:28,232,5,84,-336
IQ:29,240,255,-193,-168
IQ:30,248,12,64,-98
IQ:31,256,255,-54,-103
IQ:32,264,1,-204,-9
IQ:33,272,255,-28,206
IQ:34,280,2,235,141
IQ:35,288,255,188,-131
SW:2
RR:3
SS:3
FR:2402
ME:13
MA:33
KE:9
KA:12
DF_END

Data arrived...
DF_BEGIN
IQ:0,0,11,40,-26
IQ:1,8,11,-38,-25
IQ:2,16,11,-32,28
IQ:3,24,11,32,18
IQ:4,32,11,22,-45
IQ:5,40,11,-37,-20
IQ:6,48,11,-14,43
IQ:7,56,11,37,16
IQ:8,72,12,68,-25
IQ:9,80,255,18,-100
IQ:10,88,1,-100,-163
IQ:11,96,255,-205,89
IQ:12,104,2,-15,269
IQ:13,112,255,260,75
IQ:14,120,10,176,-60
IQ:15,128,255,-61,-179
IQ:16,136,3,-216,-150
IQ:17,144,255,-127,23
IQ:18,152,9,-77,-164
IQ:19,160,255,-213,-7
IQ:20,168,4,-193,73
IQ:21,176,255,24,85
IQ:22,184,8,-72,-92
IQ:23,192,255,-107,89
IQ:24,200,7,98,119
IQ:25,208,255,113,-85
IQ:26,216,6,-67,-76
IQ:27,224,255,-27,164
IQ:28,232,5,294,150
IQ:29,240,255,209,-156
IQ:30,248,12,86,46
IQ:31,256,255,91,-33
IQ:32,264,1,58,-183
IQ:33,272,255,-186,-114
IQ:34,280,2,-229,150
IQ:35,288,255,58,225
SW:2
RR:3
SS:3
FR:2402
ME:41
MA:153
KE:12
KA:20
DF_END

Data arrived...
DF_BEGIN
IQ:0,0,11,36,-171
IQ:1,8,11,-174,-30
IQ:2,16,11,-7,173
IQ:3,24,11,163,-14
IQ:4,32,11,-60,-156
IQ:5,40,11,-159,66
IQ:6,48,11,77,150
IQ:7,56,11,138,-93
IQ:8,72,12,-72,74
IQ:9,80,255,90,58
IQ:10,88,1,63,-119
IQ:11,96,255,-136,-44
IQ:12,104,2,-53,142
IQ:13,112,255,135,33
IQ:14,120,10,23,-198
IQ:15,128,255,-184,-31
IQ:16,136,3,-3,137
IQ:17,144,255,103,-29
IQ:18,152,9,-160,-112
IQ:19,160,255,-153,143
IQ:20,168,4,66,134
IQ:21,176,255,129,-70
IQ:22,184,8,-33,-74
IQ:23,192,255,-53,69
IQ:24,200,7,132,57
IQ:25,208,255,58,-131
IQ:26,216,6,-123,-51
IQ:27,224,255,-34,112
IQ:28,232,5,121,8
IQ:29,240,255,11,-135
IQ:30,248,12,-101,-8
IQ:31,256,255,19,116
IQ:32,264,1,134,-41
IQ:33,272,255,-56,-139
IQ:34,280,2,-140,46
IQ:35,288,255,66,131
SW:2
RR:3
SS:3
FR:2480
ME:2
MA:5
KE:11
KA:17
DF_END

Data arrived...
DF_BEGIN
IQ:0,0,11,161,-55
IQ:1,8,11,-56,-160
IQ:2,16,11,-163,70
IQ:3,24,11,82,143
IQ:4,32,11,131,-109
IQ:5,40,11,-120,-124
IQ:6,48,11,-101,136
IQ:7,56,11,146,96
IQ:8,72,12,-152,11
IQ:9,80,255,40,185
IQ:10,88,1,256,-50
IQ:11,96,255,-26,-272
IQ:12,104,2,-263,20
IQ:13,112,255,42,243
IQ:14,120,10,206,-41
IQ:15,128,255,-59,-182
IQ:16,136,3,-113,114
IQ:17,144,255,153,127
IQ:18,152,9,162,-164
IQ:19,160,255,-172,-176
IQ:20,168,4,-178,102
IQ:21,176,255,115,134
IQ:22,184,8,88,-140
IQ:23,192,255,-176,-50
IQ:24,200,7,-31,225
IQ:25,208,255,233,37
IQ:26,216,6,16,-206
IQ:27,224,255,-210,10
IQ:28,232,5,12,216
IQ:29,240,255,194,-19
IQ:30,248,12,-107,-112
IQ:31,256,255,-117,143
IQ:32,264,1,201,161
IQ:33,272,255,154,-206
IQ:34,280,2,-222,-167
IQ:35,288,255,-186,186
SW:2
RR:3
SS:3
FR:2426
ME:2
MA:5
KE:10
KA:15
DF_END

Data arrived...
DF_BEGIN
IQ:0,0,11,-24,4
IQ:1,8,11,0,11
IQ:2,16,11,17,0
IQ:3,24,11,-1,-23
IQ:4,32,11,-36,11
IQ:5,40,11,2,22
IQ:6,48,11,18,-8
IQ:7,56,11,-17,-27
IQ:8,72,12,-50,-85
IQ:9,80,255,-120,17
IQ:10,88,1,-89,187
IQ:11,96,255,170,127
IQ:12,104,2,237,-128
IQ:13,112,255,-33,-255
IQ:14,120,10,-102,-109
IQ:15,128,255,-106,120
IQ:16,136,3,-61,236
IQ:17,144,255,60,116
IQ:18,152,9,-106,147
IQ:19,160,255,97,178
IQ:20,168,4,137,129
IQ:21,176,255,62,-27
IQ:22,184,8,-33,114
IQ:23,192,255,131,44
IQ:24,200,7,33,-135
IQ:25,208,255,-132,-38
IQ:26,216,6,-6,91
IQ:27,224,255,153,-59
IQ:28,232,5,8,-335
IQ:29,240,255,-226,-130
IQ:30,248,12,27,-103
IQ:31,256,255,-90,-73
IQ:32,264,1,-203,48
IQ:33,272,255,6,222
IQ:34,280,2,251,103
IQ:35,288,255,147,-177
SW:2
RR:3
SS:3
FR:2402
ME:41
MA:159
KE:14
KA:24
DF_END

Data arrived...
DF_BEGIN
IQ:0,0,11,24,-17
IQ:1,8,11,-21,-3
IQ:2,16,11,-3,23
IQ:3,24,11,9,0
IQ:4,32,11,-6,-10
IQ:5,40,11,-24,-9
IQ:6,48,11,5,26
IQ:7,56,11,20,0
IQ:8,72,12,94,-12
IQ:9,80,255,34,-121
IQ:10,88,1,-106,-166
IQ:11,96,255,-211,96
IQ:12,104,2,-24,275
IQ:13,112,255,235,79
IQ:14,120,10,136,-49
IQ:15,128,255,-46,-140
IQ:16,136,3,-203,-154
IQ:17,144,255,-139,-11
IQ:18,152,9,-102,-170
IQ:19,160,255,-196,-8
IQ:20,168,4,-190,64
IQ:21,176,255,13,75
IQ:22,184,8,-106,-65
IQ:23,192,255,-80,98
IQ:24,200,7,120,93
IQ:25,208,255,106,-110
IQ:26,216,6,-71,-58
IQ:27,224,255,-24,155
IQ:28,232,5,279,184
IQ:29,240,255,200,-155
IQ:30,248,12,73,78
IQ:31,256,255,105,-32
IQ:32,264,1,57,-197
IQ:33,272,255,-211,-92
IQ:34,280,2,-204,184
IQ:35,288,255,95,196
SW:2
RR:3
SS:3
FR:2402
ME:41
MA:156
KE:17
KA:39
DF_END

Data arrived...
DF_BEGIN
IQ:0,0,11,-39,-175
IQ:1,8,11,-178,35
IQ:2,16,11,55,156
IQ:3,24,11,153,-95
IQ:4,32,11,-95,-148
IQ:5,40,11,-136,113
IQ:6,48,11,124,126
IQ:7,56,11,119,-134
IQ:8,72,12,-54,93
IQ:9,80,255,109,23
IQ:10,88,1,13,-136
IQ:11,96,255,-150,2
IQ:12,104,2,-6,155
IQ:13,112,255,154,-7
IQ:14,120,10,-40,-188
IQ:15,128,255,-183,43
IQ:16,136,3,51,142
IQ:17,144,255,98,-71
IQ:18,152,9,-174,-80
IQ:19,160,255,-97,176
IQ:20,168,4,108,93
IQ:21,176,255,97,-122
IQ:22,184,8,-61,-71
IQ:23,192,255,-35,88
IQ:24,200,7,139,5
IQ:25,208,255,19,-156
IQ:26,216,6,-132,-20
IQ:27,224,255,-9,122
IQ:28,232,5,116,-41
IQ:29,240,255,-41,-132
IQ:30,248,12,-108,30
IQ:31,256,255,60,92
IQ:32,264,1,111,-93
IQ:33,272,255,-97,-113
IQ:34,280,2,-135,79
IQ:35,288,255,106,114
SW:2
RR:3
SS:3
FR:2480
ME:359
MA:5
KE:15
KA:32
DF_END

Data arrived...
DF_BEGIN
IQ:0,0,11,-173,-30
IQ:1,8,11,-16,172
IQ:2,16,11,173,-15
IQ:3,24,11,-25,-177
IQ:4,32,11,-169,42
IQ:5,40,11,62,158
IQ:6,48,11,153,-82
IQ:7,56,11,-99,-140
IQ:8,72,12,73,70
IQ:9,80,255,63,-95
IQ:10,88,1,-119,-61
IQ:11,96,255,-55,134
IQ:12,104,2,141,55
IQ:13,112,255,37,-143
IQ:14,120,10,-192,-29
IQ:15,128,255,-20,180
IQ:16,136,3,152,-8
IQ:17,144,255,-32,-118
IQ:18,152,9,-121,144
IQ:19,160,255,135,155
IQ:20,168,4,131,-70
IQ:21,176,255,-72,-129
IQ:22,184,8,-81,37
IQ:23,192,255,72,59
IQ:24,200,7,62,-142
IQ:25,208,255,-136,-75
IQ:26,216,6,-65,104
IQ:27,224,255,112,53
IQ:28,232,5,10,-121
IQ:29,240,255,-134,-10
IQ:30,248,12,-9,102
IQ:31,256,255,117,-7
IQ:32,264,1,-40,-133
IQ:33,272,255,-138,45
IQ:34,280,2,45,147
IQ:35,288,255,145,-49
SW:2
RR:3
SS:3
FR:2480
ME:359
MA:353
KE:13
KA:24
DF_END

Data arrived...
DF_BEGIN
IQ:0,0,11,-14,175
IQ:1,8,11,168,-4
IQ:2,16,11,-23,-167
IQ:3,24,11,-157,48
IQ:4,32,11,68,162
IQ:5,40,11,155,-69
IQ:6,48,11,-90,-146
IQ:7,56,11,-139,99
IQ:8,72,12,42,-141
IQ:9,80,255,-188,-37
IQ:10,88,1,-57,238
IQ:11,96,255,257,39
IQ:12,104,2,38,-266
IQ:13,112,255,-263,-48
IQ:14,120,10,-46,200
IQ:15,128,255,178,23
IQ:16,136,3,-69,-137
IQ:17,144,255,-168,101
IQ:18,152,9,101,209
IQ:19,160,255,224,-108
IQ:20,168,4,-47,-200
IQ:21,176,255,-163,70
IQ:22,184,8,103,121
IQ:23,192,255,100,-144
IQ:24,200,7,-204,-125
IQ:25,208,255,-121,190
IQ:26,216,6,185,89
IQ:27,224,255,59,-170
IQ:28,232,5,-229,-69
IQ:29,240,255,-66,151
IQ:30,248,12,152,-51
IQ:31,256,255,-106,-134
IQ:32,264,1,-241,98
IQ:33,272,255,165,194
IQ:34,280,2,243,-117
IQ:35,288,255,-103,-218
SW:2
RR:3
SS:3
FR:2426
ME