IQ:5,40,11,-73,-145
IQ:6,48,11,-139,90
IQ:7,56,11,105,124
IQ:8,72,12,-83,-68
IQ:9,80,255,-52,103
IQ:10,88,1,126,54
IQ:11,96,255,46,-142
IQ:12,104,2,-142,-62
IQ:13,112,255,-25,134
IQ:14,120,10,189,-1
IQ:15,128,255,2,-175
IQ:16,136,3,-148,21
IQ:17,144,255,56,93
IQ:18,152,9,99,-162
IQ:19,160,255,-143,-133
IQ:20,168,4,-128,73
IQ:21,176,255,83,117
IQ:22,184,8,65,-50
IQ:23,192,255,-79,-43
IQ:24,200,7,-26,141
IQ:25,208,255,154,33
IQ:26,216,6,55,-123
IQ:27,224,255,-114,-20
IQ:28,232,5,3,132
IQ:29,240,255,131,-3
IQ:30,248,12,-3,-103
IQ:31,256,255,-110,27
IQ:32,264,1,56,120
IQ:33,272,255,125,-72
IQ:34,280,2,-62,-145
IQ:35,288,255,-119,73
SW:2
RR:3
SS:3
FR:2480
ME:359
MA:353
KE:13
KA:16
DF_END

Data arrived...
DF_BEGIN
IQ:0,0,11,-132,-119
IQ:1,8,11,-101,142
IQ:2,16,11,160,73
IQ:3,24,11,61,-161
IQ:4,32,11,-174,-35
IQ:5,40,11,-35,177
IQ:6,48,11,169,21
IQ:7,56,11,-2,-175
IQ:8,72,12,104,126
IQ:9,80,255,141,-143
IQ:10,88,1,-167,-202
IQ:11,96,255,-182,192
IQ:12,104,2,185,197
IQ:13,112,255,207,-173
IQ:14,120,10,-138,-167
IQ:15,128,255,-136,135
IQ:16,136,3,174,30
IQ:17,144,255,16,-200
IQ:18,152,9,-240,-32
IQ:19,160,255,-47,242
IQ:20,168,4,183,71
IQ:21,176,255,41,-177
IQ:22,184,8,-166,25
IQ:23,192,255,63,184
IQ:24,200,7,217,-91
IQ:25,208,255,-96,-213
IQ:26,216,6,-180,97
IQ:27,224,255,131,170
IQ:28,232,5,164,-154
IQ:29,240,255,-135,-152
IQ:30,248,12,-41,158
IQ:31,256,255,200,30
IQ:32,264,1,44,-254
IQ:33,272,255,-265,-29
IQ:34,280,2,-48,271
IQ:35,288,255,246,49
SW:2
RR:3
SS:3
FR:2426
ME:2
MA:5
KE:12
KA:13
DF_END

Data arrived...
DF_BEGIN
IQ:0,0,11,-25,-34
IQ:1,8,11,-23,25
IQ:2,16,11,28,20
IQ:3,24,11,15,-19
IQ:4,32,11,-42,-26
IQ:5,40,11,-17,38
IQ:6,48,11,36,13
IQ:7,56,11,9,-35
IQ:8,72,12,-73,123
IQ:9,80,255,97,116
IQ:10,88,1,211,16
IQ:11,96,255,42,-197
IQ:12,104,2,-154,-165
IQ:13,112,255,-201,80
IQ:14,120,10,-119,79
IQ:15,128,255,64,135
IQ:16,136,3,251,67
IQ:17,144,255,128,-116
IQ:18,152,9,124,29
IQ:19,160,255,122,-79
IQ:20,168,4,180,-109
IQ:21,176,255,1,-112
IQ:22,184,8,52,-14
IQ:23,192,255,2,-66
IQ:24,200,7,-95,-13
IQ:25,208,255,-26,79
IQ:26,216,6,39,12
IQ:27,224,255,-83,-93
IQ:28,232,5,-271,4
IQ:29,240,255,-116,175
IQ:30,248,12,-140,32
IQ:31,256,255,-25,137
IQ:32,264,1,124,168
IQ:33,272,255,192,-84
IQ:34,280,2,57,-230
IQ:35,288,255,-147,-112
SW:2
RR:3
SS:3
FR:2402
ME:41
MA:156
KE:15
KA:26
DF_END

Data arrived...
DF_BEGIN
IQ:0,0,11,147,-78
IQ:1,8,11,-92,-150
IQ:2,16,11,-139,79
IQ:3,24,11,113,105
IQ:4,32,11,99,-139
IQ:5,40,11,-137,-96
IQ:6,48,11,-80,146
IQ:7,56,11,145,59
IQ:8,72,12,-112,-13
IQ:9,80,255,0,106
IQ:10,88,1,132,-29
IQ:11,96,255,-64,-135
IQ:12,104,2,-151,41
IQ:13,112,255,40,137
IQ:14,120,10,167,-87
IQ:15,128,255,-82,-152
IQ:16,136,3,-119,84
IQ:17,144,255,85,72
IQ:18,152,9,14,-194
IQ:19,160,255,-197,-53
IQ:20,168,4,-75,123
IQ:21,176,255,127,56
IQ:22,184,8,29,-80
IQ:23,192,255,-94,-7
IQ:24,200,7,34,136
IQ:25,208,255,148,-33
IQ:26,216,6,-19,-135
IQ:27,224,255,-117,29
IQ:28,232,5,68,99
IQ:29,240,255,111,-68
IQ:30,248,12,-54,-93
IQ:31,256,255,-84,72
IQ:32,264,1,105,83
IQ:33,272,255,86,-115
IQ:34,280,2,-118,-96
IQ:35,288,255,-73,130
SW:2
RR:3
SS:3
FR:2480
ME:359
MA:353
KE:13
KA:17
DF_END

Data arrived...
DF_BEGIN
IQ:0,0,11,173,16
IQ:1,8,11,-8,-163
IQ:2,16,11,-170,26
IQ:3,24,11,33,171
IQ:4,32,11,167,-45
IQ:5,40,11,-73,-159
IQ:6,48,11,-153,86
IQ:7,56,11,87,136
IQ:8,72,12,-156,-50
IQ:9,80,255,-29,188
IQ:10,88,1,258,42
IQ:11,96,255,70,-268
IQ:12,104,2,-252,-106
IQ:13,112,255,-84,249
IQ:14,120,10,203,64
IQ:15,128,255,25,-190
IQ:16,136,3,-165,62
IQ:17,144,255,81,195
IQ:18,152,9,215,-82
IQ:19,160,255,-95,-222
IQ:20,168,4,-202,40
IQ:21,176,255,67,159
IQ:22,184,8,120,-118
IQ:23,192,255,-153,-123
IQ:24,200,7,-152,181
IQ:25,208,255,182,134
IQ:26,216,6,106,-178
IQ:27,224,255,-196,-90
IQ:28,232,5,-91,214
IQ:29,240,255,175,74
IQ:30,248,12,-59,-155
IQ:31,256,255,-173,104
IQ:32,264,1,125,226
IQ:33,272,255,246,-115
IQ:34,280,2,-98,-266
IQ:35,288,255,-234,85
SW:2
RR:3
SS:3
FR:2426
ME:2
MA:5
KE:12
KA:14
DF_END

Data arrived...
DF_BEGIN
IQ:0,0,11,35,-12
IQ:1,8,11,-20,-23
IQ:2,16,11,-38,19
IQ:3,24,11,18,38
IQ:4,32,11,36,-34
IQ:5,40,11,-41,-31
IQ:6,48,11,-26,37
IQ:7,56,11,21,34
IQ:8,72,12,-119,-93
IQ:9,80,255,-159,74
IQ:10,88,1,-52,205
IQ:11,96,255,212,73
IQ:12,104,2,187,-123
IQ:13,112,255,-57,-206
IQ:14,120,10,-59,-125
IQ:15,128,255,-132,39
IQ:16,136,3,-101,242
IQ:17,144,255,84,163
IQ:18,152,9,-49,130
IQ:19,160,255,64,126
IQ:20,168,4,98,171
IQ:21,176,255,110,17
IQ:22,184,8,7,62
IQ:23,192,255,66,2
IQ:24,200,7,26,-84
IQ:25,208,255,-65,-39
IQ:26,216,6,-4,30
IQ:27,224,255,97,-69
IQ:28,232,5,9,-287
IQ:29,240,255,-167,-119
IQ:30,248,12,6,-163
IQ:31,256,255,-137,-71
IQ:32,264,1,-192,84
IQ:33,272,255,33,196
IQ:34,280,2,201,93
IQ:35,288,255,101,-134
SW:2
RR:3
SS:3
FR:2402
ME:41
MA:159
KE:15
KA:25
DF_END

Data arrived...
DF_BEGIN
IQ:0,0,11,137,86
IQ:1,8,11,62,-159
IQ:2,16,11,-168,-51
IQ:3,24,11,-29,152
IQ:4,32,11,165,9
IQ:5,40,11,-6,-165
IQ:6,48,11,-168,22
IQ:7,56,11,38,157
IQ:8,72,12,-56,-103
IQ:9,80,255,-96,60
IQ:10,88,1,97,86
IQ:11,96,255,86,-117
IQ:12,104,2,-119,-102
IQ:13,112,255,-82,120
IQ:14,120,10,166,91
IQ:15,128,255,88,-148
IQ:16,136,3,-143,-40
IQ:17,144,255,5,112
IQ:18,152,9,163,-107
IQ:19,160,255,-67,-192
IQ:20,168,4,-146,11
IQ:21,176,255,21,135
IQ:22,184,8,76,-25
IQ:23,192,255,-64,-80
IQ:24,200,7,-97,117
IQ:25,208,255,114,89
IQ:26,216,6,89,-106
IQ:27,224,255,-104,-87
IQ:28,232,5,-51,107
IQ:29,240,255,127,50
IQ:30,248,12,47,-103
IQ:31,256,255,-114,-23
IQ:32,264,1,-1,132
IQ:33,272,255,149,-17
IQ:34,280,2,1,-155
IQ:35,288,255,-150,14
SW:2
RR:3
SS:3
FR:2480
ME:359
MA:353
KE:13
KA:18
DF_END

Data arrived...
DF_BEGIN
IQ:0,0,11,-50,-161
IQ:1,8,11,-153,79
IQ:2,16,11,90,151
IQ:3,24,11,135,-92
IQ:4,32,11,-128,-119
IQ:5,40,11,-117,123
IQ:6,48,11,137,96
IQ:7,56,11,86,-151
IQ:8,72,12,33,157
IQ:9,80,255,186,-60
IQ:10,88,1,-54,-249
IQ:11,96,255,-255,63
IQ:12,104,2,33,262
IQ:13,112,255,251,-38
IQ:14,120,10,-44,-204
IQ:15,128,255,-181,56
IQ:16,136,3,122,121
IQ:17,144,255,121,-154
IQ:18,152,9,-175,-165
IQ:19,160,255,-170,167
IQ:20,168,4,104,159
IQ:21,176,255,104,-128
IQ:22,184,8,-159,-49
IQ:23,192,255,-25,183
IQ:24,200,7,232,30
IQ:25,208,255,45,-233
IQ:26,216,6,-200,-16
IQ:27,224,255,9,210
IQ:28,232,5,219,-21
IQ:29,240,255,-41,-193
IQ:30,248,12,-102,118
IQ:31,256,255,163,110
IQ:32,264,1,154,-204
IQ:33,272,255,-202,-169
IQ:34,280,2,-196,189
IQ:35,288,255,185,155
SW:2
RR:3
SS:3
FR:2426
ME:2
MA:5
KE:12
KA:15
DF_END

Data arrived...
DF_BEGIN
IQ:0,0,11,-141,-99
IQ:1,8,11,-88,150
IQ:2,16,11,150,77
IQ:3,24,11,73,-155
IQ:4,32,11,-167,-53
IQ:5,40,11,-35,172
IQ:6,48,11,170,16
IQ:7,56,11,-5,-167
IQ:8,72,12,88,133
IQ:9,80,255,140,-136
IQ:10,88,1,-161,-196
IQ:11,96,255,-196,169
IQ:12,104,2,163,223
IQ:13,112,255,208,-154
IQ:14,120,10,-138,-164
IQ:15,128,255,-134,145
IQ:16,136,3,158,66
IQ:17,144,255,63,-199
IQ:18,152,9,-217,-63
IQ:19,160,255,-65,234
IQ:20,168,4,180,81
IQ:21,176,255,41,-161
IQ:22,184,8,-175,18
IQ:23,192,255,54,177
IQ:24,200,7,212,-82
IQ:25,208,255,-92,-208
IQ:26,216,6,-183,93
IQ:27,224,255,113,174
IQ:28,232,5,182,-135
IQ:29,240,255,-125,-137
IQ:30,248,12,-42,155
IQ:31,256,255,187,31
IQ:32,264,1,34,-248
IQ:33,272,255,-267,-51
IQ:34,280,2,-75,259
IQ:35,288,255,241,66
SW:2
RR:3
SS:3
FR:2426
ME:2
MA:5
KE:11
KA:13
DF_END

Data arrived...
DF_BEGIN
IQ:0,0,11,15,-33
IQ:1,8,11,-49,-16
IQ:2,16,11,-30,47
IQ:3,24,11,29,14
IQ:4,32,11,22,-39
IQ:5,40,11,-39,-22
IQ:6,48,11,1,49
IQ:7,56,11,44,-4
IQ:8,72,12,-136,-53
IQ:9,80,255,-96,124
IQ:10,88,1,32,195
IQ:11,96,255,200,5
IQ:12,104,2,142,-197
IQ:13,112,255,-105,-176
IQ:14,120,10,-100,-111
IQ:15,128,255,-115,85
IQ:16,136,3,-42,275
IQ:17,144,255,126,138
IQ:18,152,9,-9,132
IQ:19,160,255,81,113
IQ:20,168,4,139,157
IQ:21,176,255,118,-27
IQ:22,184,8,19,56
IQ:23,192,255,57,-12
IQ:24,200,7,9,-102
IQ:25,208,255,-71,-17
IQ:26,216,6,6,26
IQ:27,224,255,72,-79
IQ:28,232,5,-71,-264
IQ:29,240,255,-199,-73
IQ:30,248,12,-42,-155
IQ:31,256,255,-152,-38
IQ:32,264,1,-129,147
IQ:33,272,255,126,151
IQ:34,280,2,220,-1
IQ:35,288,255,77,-157
SW:2
RR:3
SS:3
FR:2402
ME:41
MA:159
KE:14
KA:22
DF_END

Data arrived...
DF_BEGIN
IQ:0,0,11,86,-144
IQ:1,8,11,-148,-80
IQ:2,16,11,-61,151
IQ:3,24,11,171,38
IQ:4,32,11,35,-167
IQ:5,40,11,-168,-7
IQ:6,48,11,5,160
IQ:7,56,11,171,-29
IQ:8,72,12,-94,46
IQ:9,80,255,66,86
IQ:10,88,1,93,-104
IQ:11,96,255,-109,-96
IQ:12,104,2,-108,100
IQ:13,112,255,120,78
IQ:14,120,10,92,-168
IQ:15,128,255,-146,-96
IQ:16,136,3,-57,134
IQ:17,144,255,109,13
IQ:18,152,9,-92,-168
IQ:19,160,255,-196,45
IQ:20,168,4,8,138
IQ:21,176,255,148,-27
IQ:22,184,8,-9,-84
IQ:23,192,255,-82,45
IQ:24,200,7,103,97
IQ:25,208,255,105,-107
IQ:26,216,6,-82,-110
IQ:27,224,255,-95,78
IQ:28,232,5,102,67
IQ:29,240,255,60,-119
IQ:30,248,12,-95,-45
IQ:31,256,255,-22,108
IQ:32,264,1,131,7
IQ:33,272,255,4,-150
IQ:34,280,2,-140,-30
IQ:35,288,255,-1,144
SW:2
RR:3
SS:3
FR:2480
ME:359
MA:353
KE:13
KA:16
DF_END

Data arrived...
DF_BEGIN
IQ:0,0,11,-74,-149
IQ:1,8,11,-141,91
IQ:2,16,11,113,136
IQ:3,24,11,107,-126
IQ:4,32,11,-137,-97
IQ:5,40,11,-87,153
IQ:6,48,11,154,77
IQ:7,56,11,70,-166
IQ:8,72,12,52,153
IQ:9,80,255,185,-69
IQ:10,88,1,-72,-251
IQ:11,96,255,-261,62
IQ:12,104,2,53,255
IQ:13,112,255,247,-56
IQ:14,120,10,-84,-186
IQ:15,128,255,-156,102
IQ:16,136,3,140,106
IQ:17,144,255,117,-176
IQ:18,152,9,-188,-135
IQ:19,160,255,-145,190
IQ:20,168,4,126,147
IQ:21,176,255,114,-128
IQ:22,184,8,-161,-47
IQ:23,192,255,-17,183
IQ:24,200,7,229,4
IQ:25,208,255,1,-223
IQ:26,216,6,-199,23
IQ:27,224,255,47,216
IQ:28,232,5,224,-50
IQ:29,240,255,-49,-188
IQ:30,248,12,-94,122
IQ:31,256,255,178,86
IQ:32,264,1,135,-227
IQ:33,272,255,-220,-135
IQ:34,280,2,-169,220
IQ:35,288,255,187,164
SW:2
RR:3
SS:3
FR:2426
ME:2
MA:5
KE:11
KA:13
DF_END

Data arrived...
DF_BEGIN
IQ:0,0,11,-111,-136
IQ:1,8,11,-114,138
IQ:2,16,11,139,102
IQ:3,24,11,88,-161
IQ:4,32,11,-153,-74
IQ:5,40,11,-57,156
IQ:6,48,11,166,37
IQ:7,56,11,9,-178
IQ:8,72,12,74,140
IQ:9,80,255,151,-118
IQ:10,88,1,-144,-219
IQ:11,96,255,-224,134
IQ:12,104,2,132,246
IQ:13,112,255,235,-130
IQ:14,120,10,-127,-169
IQ:15,128,255,-152,120
IQ:16,136,3,158,71
IQ:17,144,255,64,-203
IQ:18,152,9,-221,-89
IQ:19,160,255,-112,217
IQ:20,168,4,155,128
IQ:21,176,255,73,-158
IQ:22,184,8,-171,1
IQ:23,192,255,28,179
IQ:24,200,7,230,-51
IQ:25,208,255,-46,-238
IQ:26,216,6,-202,57
IQ:27,224,255,90,192
IQ:28,232,5,197,-107
IQ:29,240,255,-94,-169
IQ:30,248,12,-62,140
IQ:31,256,255,185,69
IQ:32,264,1,92,-242
IQ:33,272,255,-244,-92
IQ:34,280,2,-98,249
IQ:35,288,255,232,99
SW:2
RR:3
SS:3
FR:2426
ME:2
MA:5
KE:10
KA:11
DF_END

Data arrived...
DF_BEGIN
IQ:0,0,11,-10,30
IQ:1,8,11,20,32
IQ:2,16,11,26,-27
IQ:3,24,11,-35,-38
IQ:4,32,11,-21,33
IQ:5,40,11,35,19
IQ:6,48,11,6,-36
IQ:7,56,11,-46,-18
IQ:8,72,12,118,80
IQ:9,80,255,109,-109
IQ:10,88,1,-21,-211
IQ:11,96,255,-214,-19
IQ:12,104,2,-150,185
IQ:13,112,255,88,182
IQ:14,120,10,73,104
IQ:15,128,255,107,-66
IQ:16,136,3,34,-265
IQ:17,144,255,-119,-126
IQ:18,152,9,8,-124
IQ:19,160,255,-85,-109
IQ:20,168,4,-120,-157
IQ:21,176,255,-105,19
IQ:22,184,8,-25,-54
IQ:23,192,255,-66,17
IQ:24,200,7,-8,78
IQ:25,208,255,54,28
IQ:26,216,6,-5,-37
IQ:27,224,255,-75,83
IQ:28,232,5,57,263
IQ:29,240,255,200,62
IQ:30,248,12,23,145
IQ:31,256,255,144,31
IQ:32,264,1,162,-155
IQ:33,272,255,-102,-189
IQ:34,280,2,-229,-21
IQ:35,288,255,-62,145
SW:2
RR:3
SS:3
FR:2402
ME:41
MA:159
KE:13
KA:19
DF_END

Data arrived...
DF_BEGIN
IQ:0,0,11,156,-65
IQ:1,8,11,-87,-151
IQ:2,16,11,-134,98
IQ:3,24,11,109,129
IQ:4,32,11,112,-119
IQ:5,40,11,-143,-98
IQ:6,48,11,-80,143
IQ:7,56,11,157,49
IQ:8,72,12,-108,-19
IQ:9,80,255,5,113
IQ:10,88,1,131,-21
IQ:11,96,255,-39,-140
IQ:12,104,2,-146,27
IQ:13,112,255,53,124
IQ:14,120,10,163,-81
IQ:15,128,255,-89,-144
IQ:16,136,3,-120,83
IQ:17,144,255,93,62
IQ:18,152,9,19,-196
IQ:19,160,255,-188,-61
IQ:20,168,4,-65,129
IQ:21,176,255,130,61
IQ:22,184,8,29,-81
IQ:23,192,255,-83,-7
IQ:24,200,7,23,139
IQ:25,208,255,149,-39
IQ:26,216,6,-24,-125
IQ:27,224,255,-115,38
IQ:28,232,5,60,106
IQ:29,240,255,110,-74
IQ:30,248,12,-59,-93
IQ:31,256,255,-82,77
IQ:32,264,1,99,81
IQ:33,272,255,90,-117
IQ:34,280,2,-110,-100
IQ:35,288,255,-75,123
SW:2
RR:3
SS:3
FR:2480
ME:359
MA:353
KE:12
KA:13
DF_END

Data arrived...
DF_BEGIN
IQ:0,0,11,-87,-147
IQ:1,8,11,-136,95
IQ:2,16,11,118,123
IQ:3,24,11,104,-131
IQ:4,32,11,-137,-94
IQ:5,40,11,-77,151
IQ:6,48,11,166,72
IQ:7,56,11,63,-153
IQ:8,72,12,33,150
IQ:9,80,255,169,-88
IQ:10,88,1,-112,-236
IQ:11,96,255,-237,118
IQ:12,104,2,78,254
IQ:13,112,255,249,-70
IQ:14,120,10,-75,-193
IQ:15,128,255,-163,89
IQ:16,136,3,143,90
IQ:17,144,255,86,-183
IQ:18,152,9,-204,-122
IQ:19,160,255,-132,200
IQ:20,168,4,134,141
IQ:21,176,255,105,-142
IQ:22,184,8,-168,-35
IQ:23,192,255,-14,186
IQ:24,200,7,226,0
IQ:25,208,255,-13,-227
IQ:26,216,6,-193,34
IQ:27,224,255,60,201
IQ:28,232,5,210,-65
IQ:29,240,255,-63,-174
IQ:30,248,12,-85,134
IQ:31,256,255,174,78
IQ:32,264,1,105,-225
IQ:33,272,255,-245,-99
IQ:34,280,2,-137,238
IQ:35,288,255,206,132
SW:2
RR:3
SS:3
FR:2426
ME:2
MA:5
KE:11
KA:11
DF_END

Data arrived...
DF_BEGIN
IQ:0,0,11,-37,-13
IQ:1,8,11,-26,19
IQ:2,16,11,26,16
IQ:3,24,11,5,-40
IQ:4,32,11,-41,-7
IQ:5,40,11,-8,34
IQ:6,48,11,36,1
IQ:7,56,11,2,-39
IQ:8,72,12,-10,143
IQ:9,80,255,145,73
IQ:10,88,1,185,-97
IQ:11,96,255,-62,-221
IQ:12,104,2,-219,-75
IQ:13,112,255,-133,159
IQ:14,120,10,-73,99
IQ:15,128,255,103,80
IQ:16,136,3,251,-53
IQ:17,144,255,63,-160
IQ:18,152,9,121,-27
IQ:19,160,255,64,-135
IQ:20,168,4,93,-187
IQ:21,176,255,-58,-110
IQ:22,184,8,48,-48
IQ:23,192,255,-44,-52
IQ:24,200,7,-90,39
IQ:25,208,255,11,73
IQ:26,216,6,35,-22
IQ:27,224,255,-113,-48
IQ:28,232,5,-243,136
IQ:29,240,255,-9,209
IQ:30,248,12,-139,74
IQ:31,256,255,21,151
IQ:32,264,1,203,100
IQ:33,272,255,133,-154
IQ:34,280,2,-61,-225
IQ:35,288,255,-186,-25
SW:2
RR:3
SS:3
FR:2402
ME:41
MA:159
KE:13
KA:19
DF_END

Data arrived...
DF_BEGIN
IQ:0,0,11,-36,-41
IQ:1,8,11,-36,30
IQ:2,16,11,40,28
IQ:3,24,11,23,-47
IQ:4,32,11,-42,-18
IQ:5,40,11,-22,34
IQ:6,48,11,40,16
IQ:7,56,11,0,-38
IQ:8,72,12,-90,118
IQ:9,80,255,111,114
IQ:10,88,1,186,-7
IQ:11,96,255,65,-194
IQ:12,104,2,-134,-182
IQ:13,112,255,-209,41
IQ:14,120,10,-134,54
IQ:15,128,255,66,127
IQ:16,136,3,275,57
IQ:17,144,255,144,-103
IQ:18,152,9,118,41
IQ:19,160,255,119,-73
IQ:20,168,4,176,-117
IQ:21,176,255,-12,-125
IQ:22,184,8,51,-12
IQ:23,192,255,0,-57
IQ:24,200,7,-97,-20
IQ:25,208,255,-32,82
IQ:26,216,6,31,3
IQ:27,224,255,-72,-79
IQ:28,232,5,-284,6
IQ:29,240,255,-98,183
IQ:30,248,12,-137,31
IQ:31,256,255,-22,147
IQ:32,264,1,127,154
IQ:33,272,255,178,-85
IQ:34,280,2,50,-210
IQ:35,288,255,-145,-114
SW:2
RR:3
SS:3
FR:2402
ME:41
MA:156
KE:16
KA:32
DF_END

Data arrived...
DF_BEGIN
IQ:0,0,11,-104,-134
IQ:1,8,11,-124,107
IQ:2,16,11,118,109
IQ:3,24,11,97,-135
IQ:4,32,11,-150,-72
IQ:5,40,11,-67,159
IQ:6,48,11,157,42
IQ:7,56,11,23,-161
IQ:8,72,12,12,107
IQ:9,80,255,111,-37
IQ:10,88,1,-59,-127
IQ:11,96,255,-129,65
IQ:12,104,2,50,141
IQ:13,112,255,108,-80
IQ:14,120,10,-135,-133
IQ:15,128,255,-122,126
IQ:16,136,3,103,106
IQ:17,144,255,45,-101
IQ:18,152,9,-189,19
IQ:19,160,255,-12,202
IQ:20,168,4,140,43
IQ:21,176,255,37,-135
IQ:22,184,8,-87,-21
IQ:23,192,255,14,85
IQ:24,200,7,132,-61
IQ:25,208,255,-61,-137
IQ:26,216,6,-125,42
IQ:27,224,255,53,106
IQ:28,232,5,88,-82
IQ:29,240,255,-96,-87
IQ:30,248,12,-83,74
IQ:31,256,255,93,60
IQ:32,264,1,52,-126
IQ:33,272,255,-138,-53
IQ:34,280,2,-70,134
IQ:35,288,255,130,44
SW:2
RR:3
SS:3
FR:2480
ME:359
MA:353
KE:14
KA:22
DF_END

Data arrived...
DF_BEGIN
IQ:0,0,11,-100,141
IQ:1,8,11,155,71
IQ:2,16,11,64,-165
IQ:3,24,11,-158,-49
IQ:4,32,11,-24,173
IQ:5,40,11,170,10
IQ:6,48,11,-29,-168
IQ:7,56,11,-172,46
IQ:8,72,12,114,-121
IQ:9,80,255,-158,-119
IQ:10,88,1,-155,198
IQ:11,96,255,211,164
IQ:12,104,2,196,-194
IQ:13,112,255,-175,-198
IQ:14,120,10,-137,152
IQ:15,128,255,161,102
IQ:16,136,3,15,-178
IQ:17,144,255,-209,-4
IQ:18,152,9,-20,236
IQ:19,160,255,241,31
IQ:20,168,4,69,-187
IQ:21,176,255,-175,-22
IQ:22,184,8,40,163
IQ:23,192,255,169,-82
IQ:24,200,7,-117,-201
IQ:25,208,255,-201,121
IQ:26,216,6,122,168
IQ:27,224,255,168,-139
IQ:28,232,5,-157,-161
IQ:29,240,255,-136,134
IQ:30,248,12,163,26
IQ:31,256,255,7,-200
IQ:32,264,1,-255,-17
IQ:33,272,255,-14,265
IQ:34,280,2,275,5
IQ:35,288,255,26,-252
SW:2
RR:3
SS:3
FR:2426
ME:2
MA:5
KE:13
KA:18
DF_END

Data arrived...
DF_BEGIN
IQ:0,0,11,25,-22
IQ:1,8,11,-33,-23
IQ:2,16,11,-23,19
IQ:3,24,11,23,20
IQ:4,32,11,21,-36
IQ:5,40,11,-42,-11
IQ:6,48,11,-9,27
IQ:7,56,11,34,11
IQ:8,72,12,-103,-85
IQ:9,80,255,-135,86
IQ:10,88,1,-21,200
IQ:11,96,255,178,103
IQ:12,104,2,210,-106
IQ:13,112,255,-54,-212
IQ:14,120,10,-53,-133
IQ:15,128,255,-138,69
IQ:16,136,3,-108,240
IQ:17,144,255,79,153
IQ:18,152,9,-61,112
IQ:19,160,255,57,137
IQ:20,168,4,115,178
IQ:21,176,255,114,11
IQ:22,184,8,-14,76
IQ:23,192,255,72,14
IQ:24,200,7,33,-109
IQ:25,208,255,-78,-39
IQ:26,216,6,-7,38
IQ:27,224,255,97,-78
IQ:28,232,5,-22,-255
IQ:29,240,255,-192,-94
IQ:30,248,12,-23,-153
IQ:31,256,255,-142,-54
IQ:32,264,1,-186,81
IQ:33,272,255,46,194
IQ:34,280,2,221,87
IQ:35,288,255,116,-129
SW:2
RR:3
SS:3
FR:2402
ME:41
MA:156
KE:16
KA:32
DF_END

Data arrived...
DF_BEGIN
IQ:0,0,11,-16,-38
IQ:1,8,11,-34,8
IQ:2,16,11,1,35
IQ:3,24,11,44,-23
IQ:4,32,11,-11,-23
IQ:5,40,11,-55,21
IQ:6,48,11,36,25
IQ:7,56,11,31,-32
IQ:8,72,12,-1