IQ:4,32,11,53,154
IQ:5,40,11,157,-64
IQ:6,48,11,-60,-150
IQ:7,56,11,-133,82
IQ:8,72,12,110,31
IQ:9,80,255,40,-68
IQ:10,88,1,17,12
IQ:11,96,255,50,-4
IQ:12,104,2,42,-76
IQ:13,112,255,-92,-34
IQ:14,120,10,-122,141
IQ:15,128,255,81,105
IQ:16,136,3,20,-104
IQ:17,144,255,-112,-35
IQ:18,152,9,-68,72
IQ:19,160,255,63,27
IQ:20,168,4,0,-130
IQ:21,176,255,-133,-14
IQ:22,184,8,-94,107
IQ:23,192,255,79,76
IQ:24,200,7,49,-24
IQ:25,208,255,-8,-14
IQ:26,216,6,41,55
IQ:27,224,255,70,-66
IQ:28,232,5,-64,-136
IQ:29,240,255,-112,56
IQ:30,248,12,35,106
IQ:31,256,255,84,9
IQ:32,264,1,-2,13
IQ:33,272,255,27,37
IQ:34,280,2,85,16
IQ:35,288,255,-23,-87
SW:2
RR:3
SS:3
FR:2480
ME:61
MA:80
KE:30
KA:55
DF_END

Data arrived...
DF_BEGIN
IQ:0,0,11,-55,-134
IQ:1,8,11,-137,72
IQ:2,16,11,100,137
IQ:3,24,11,123,-68
IQ:4,32,11,-89,-109
IQ:5,40,11,-101,119
IQ:6,48,11,130,77
IQ:7,56,11,75,-124
IQ:8,72,12,-311,-33
IQ:9,80,255,-129,361
IQ:10,88,1,208,359
IQ:11,96,255,306,-44
IQ:12,104,2,116,11
IQ:13,112,255,89,-66
IQ:14,120,10,65,-255
IQ:15,128,255,-132,-134
IQ:16,136,3,163,-33
IQ:17,144,255,193,-111
IQ:18,152,9,232,-280
IQ:19,160,255,-121,-230
IQ:20,168,4,112,14
IQ:21,176,255,198,-102
IQ:22,184,8,308,-324
IQ:23,192,255,-218,-297
IQ:24,200,7,-210,185
IQ:25,208,255,118,180
IQ:26,216,6,12,-128
IQ:27,224,255,-15,-37
IQ:28,232,5,227,-148
IQ:29,240,255,16,-314
IQ:30,248,12,-117,-324
IQ:31,256,255,-354,39
IQ:32,264,1,-232,359
IQ:33,272,255,192,246
IQ:34,280,2,33,100
IQ:35,288,255,106,-3
SW:2
RR:3
SS:3
FR:2426
ME:38
MA:75
KE:31
KA:58
DF_END

Data arrived...
DF_BEGIN
IQ:0,0,11,-105,58
IQ:1,8,11,52,120
IQ:2,16,11,103,-70
IQ:3,24,11,-95,-89
IQ:4,32,11,-79,98
IQ:5,40,11,104,69
IQ:6,48,11,59,-119
IQ:7,56,11,-133,-76
IQ:8,72,12,253,330
IQ:9,80,255,463,-227
IQ:10,88,1,132,-520
IQ:11,96,255,-436,-166
IQ:12,104,2,-207,239
IQ:13,112,255,82,120
IQ:14,120,10,-313,-62
IQ:15,128,255,-234,325
IQ:16,136,3,-47,348
IQ:17,144,255,105,9
IQ:18,152,9,-362,12
IQ:19,160,255,-140,316
IQ:20,168,4,-20,80
IQ:21,176,255,-58,-73
IQ:22,184,8,-403,101
IQ:23,192,255,56,430
IQ:24,200,7,545,118
IQ:25,208,255,174,-428
IQ:26,216,6,-227,0
IQ:27,224,255,-78,190
IQ:28,232,5,-8,-1
IQ:29,240,255,-151,33
IQ:30,248,12,-176,398
IQ:31,256,255,412,315
IQ:32,264,1,495,-133
IQ:33,272,255,-85,-464
IQ:34,280,2,-296,-88
IQ:35,288,255,-100,163
SW:2
RR:3
SS:3
FR:2402
ME:19
MA:72
KE:30
KA:61
DF_END

Data arrived...
DF_BEGIN
IQ:0,0,11,17,-162
IQ:1,8,11,-159,-1
IQ:2,16,11,12,160
IQ:3,24,11,157,-19
IQ:4,32,11,-40,-155
IQ:5,40,11,-142,63
IQ:6,48,11,75,147
IQ:7,56,11,143,-76
IQ:8,72,12,-109,-28
IQ:9,80,255,-35,67
IQ:10,88,1,-18,-18
IQ:11,96,255,-49,8
IQ:12,104,2,-47,73
IQ:13,112,255,97,28
IQ:14,120,10,112,-152
IQ:15,128,255,-82,-96
IQ:16,136,3,-10,104
IQ:17,144,255,116,32
IQ:18,152,9,72,-73
IQ:19,160,255,-67,-29
IQ:20,168,4,4,121
IQ:21,176,255,130,7
IQ:22,184,8,88,-101
IQ:23,192,255,-79,-70
IQ:24,200,7,-46,18
IQ:25,208,255,15,3
IQ:26,216,6,-39,-56
IQ:27,224,255,-65,69
IQ:28,232,5,52,131
IQ:29,240,255,106,-57
IQ:30,248,12,-30,-106
IQ:31,256,255,-75,-7
IQ:32,264,1,9,-20
IQ:33,272,255,-23,-43
IQ:34,280,2,-84,2
IQ:35,288,255,33,81
SW:2
RR:3
SS:3
FR:2480
ME:10
MA:327
KE:28
KA:53
DF_END

Data arrived...
DF_BEGIN
IQ:0,0,11,153,-44
IQ:1,8,11,-72,-144
IQ:2,16,11,-145,79
IQ:3,24,11,94,123
IQ:4,32,11,128,-90
IQ:5,40,11,-120,-101
IQ:6,48,11,-110,134
IQ:7,56,11,135,87
IQ:8,72,12,37,-334
IQ:9,80,255,-348,-118
IQ:10,88,1,-375,195
IQ:11,96,255,59,305
IQ:12,104,2,-21,89
IQ:13,112,255,63,107
IQ:14,120,10,278,87
IQ:15,128,255,141,-134
IQ:16,136,3,25,145
IQ:17,144,255,132,189
IQ:18,152,9,267,244
IQ:19,160,255,224,-121
IQ:20,168,4,-16,112
IQ:21,176,255,91,207
IQ:22,184,8,367,290
IQ:23,192,255,275,-242
IQ:24,200,7,-184,-202
IQ:25,208,255,-166,129
IQ:26,216,6,151,11
IQ:27,224,255,35,-21
IQ:28,232,5,128,248
IQ:29,240,255,322,24
IQ:30,248,12,322,-96
IQ:31,256,255,-88,-366
IQ:32,264,1,-363,-211
IQ:33,272,255,-235,200
IQ:34,280,2,-90,29
IQ:35,288,255,-18,111
SW:2
RR:3
SS:3
FR:2426
ME:38
MA:75
KE:29
KA:55
DF_END

Data arrived...
DF_BEGIN
IQ:0,0,11,110,108
IQ:1,8,11,85,-113
IQ:2,16,11,-129,-85
IQ:3,24,11,-63,124
IQ:4,32,11,143,53
IQ:5,40,11,56,-129
IQ:6,48,11,-145,-41
IQ:7,56,11,-13,154
IQ:8,72,12,322,-91
IQ:9,80,255,-37,-383
IQ:10,88,1,-359,-223
IQ:11,96,255,-242,206
IQ:12,104,2,-97,39
IQ:13,112,255,-50,104
IQ:14,120,10,70,272
IQ:15,128,255,190,68
IQ:16,136,3,-130,85
IQ:17,144,255,-116,184
IQ:18,152,9,-107,351
IQ:19,160,255,194,157
IQ:20,168,4,-114,42
IQ:21,176,255,-131,157
IQ:22,184,8,-125,457
IQ:23,192,255,334,140
IQ:24,200,7,117,-278
IQ:25,208,255,-201,-102
IQ:26,216,6,57,129
IQ:27,224,255,32,23
IQ:28,232,5,-148,222
IQ:29,240,255,106,284
IQ:30,248,12,215,254
IQ:31,256,255,311,-204
IQ:32,264,1,41,-406
IQ:33,272,255,-288,-131
IQ:34,280,2,-67,-56
IQ:35,288,255,-100,39
SW:2
RR:3
SS:3
FR:2426
ME:38
MA:75
KE:30
KA:58
DF_END

Data arrived...
DF_BEGIN
IQ:0,0,11,-111,-84
IQ:1,8,11,-77,110
IQ:2,16,11,98,64
IQ:3,24,11,45,-130
IQ:4,32,11,-126,-40
IQ:5,40,11,-34,123
IQ:6,48,11,131,7
IQ:7,56,11,-14,-123
IQ:8,72,12,-169,391
IQ:9,80,255,425,298
IQ:10,88,1,498,-158
IQ:11,96,255,-128,-467
IQ:12,104,2,-310,-46
IQ:13,112,255,-52,129
IQ:14,120,10,-128,-299
IQ:15,128,255,-405,-25
IQ:16,136,3,-351,132
IQ:17,144,255,43,96
IQ:18,152,9,-199,-326
IQ:19,160,255,-359,18
IQ:20,168,4,-84,31
IQ:21,176,255,52,-77
IQ:22,184,8,-271,-323
IQ:23,192,255,-384,239
IQ:24,200,7,120,553
IQ:25,208,255,457,-22
IQ:26,216,6,-110,-207
IQ:27,224,255,-205,45
IQ:28,232,5,-1,-22
IQ:29,240,255,-117,-102
IQ:30,248,12,-454,78
IQ:31,256,255,-115,509
IQ:32,264,1,313,427
IQ:33,272,255,350,-276
IQ:34,280,2,-103,-303
IQ:35,288,255,-210,4
SW:2
RR:3
SS:3
FR:2402
ME:19
MA:72
KE:29
KA:60
DF_END

Data arrived...
DF_BEGIN
IQ:0,0,11,127,-97
IQ:1,8,11,-107,-124
IQ:2,16,11,-110,116
IQ:3,24,11,133,78
IQ:4,32,11,69,-150
IQ:5,40,11,-145,-73
IQ:6,48,11,-63,148
IQ:7,56,11,145,29
IQ:8,72,12,-52,-95
IQ:9,80,255,-65,18
IQ:10,88,1,4,-24
IQ:11,96,255,-41,-36
IQ:12,104,2,-79,15
IQ:13,112,255,47,84
IQ:14,120,10,183,-21
IQ:15,128,255,8,-141
IQ:16,136,3,-81,63
IQ:17,144,255,58,105
IQ:18,152,9,102,7
IQ:19,160,255,-20,-62
IQ:20,168,4,-82,96
IQ:21,176,255,90,91
IQ:22,184,8,129,-10
IQ:23,192,255,0,-107
IQ:24,200,7,-48,-25
IQ:25,208,255,1,13
IQ:26,216,6,10,-70
IQ:27,224,255,-101,6
IQ:28,232,5,-49,128
IQ:29,240,255,104,38
IQ:30,248,12,32,-95
IQ:31,256,255,-55,-45
IQ:32,264,1,27,-12
IQ:33,272,255,2,-61
IQ:34,280,2,-59,-76
IQ:35,288,255,-43,74
SW:2
RR:3
SS:3
FR:2480
ME:10
MA:329
KE:27
KA:51
DF_END

Data arrived...
DF_BEGIN
IQ:0,0,11,101,-119
IQ:1,8,11,-120,-94
IQ:2,16,11,-71,135
IQ:3,24,11,148,64
IQ:4,32,11,56,-147
IQ:5,40,11,-144,-26
IQ:6,48,11,-11,144
IQ:7,56,11,160,7
IQ:8,72,12,-135,-319
IQ:9,80,255,-372,76
IQ:10,88,1,-205,381
IQ:11,96,255,213,239
IQ:12,104,2,39,93
IQ:13,112,255,110,53
IQ:14,120,10,270,-72
IQ:15,128,255,60,-197
IQ:16,136,3,91,119
IQ:17,144,255,207,111
IQ:18,152,9,364,70
IQ:19,160,255,137,-229
IQ:20,168,4,46,92
IQ:21,176,255,188,126
IQ:22,184,8,458,93
IQ:23,192,255,127,-355
IQ:24,200,7,-264,-93
IQ:25,208,255,-74,206
IQ:26,216,6,130,-66
IQ:27,224,255,21,-42
IQ:28,232,5,237,122
IQ:29,240,255,282,-135
IQ:30,248,12,229,-268
IQ:31,256,255,-228,-314
IQ:32,264,1,-427,-22
IQ:33,272,255,-106,296
IQ:34,280,2,-64,70
IQ:35,288,255,14,105
SW:2
RR:3
SS:3
FR:2426
ME:38
MA:75
KE:28
KA:54
DF_END

Data arrived...
DF_BEGIN
IQ:0,0,11,136,9
IQ:1,8,11,-7,-130
IQ:2,16,11,-121,27
IQ:3,24,11,21,140
IQ:4,32,11,134,-32
IQ:5,40,11,-41,-130
IQ:6,48,11,-119,67
IQ:7,56,11,64,109
IQ:8,72,12,-70,-421
IQ:9,80,255,-527,-81
IQ:10,88,1,-371,374
IQ:11,96,255,323,325
IQ:12,104,2,292,-91
IQ:13,112,255,-7,-150
IQ:14,120,10,242,189
IQ:15,128,255,374,-151
IQ:16,136,3,263,-243
IQ:17,144,255,-85,-88
IQ:18,152,9,321,167
IQ:19,160,255,296,-185
IQ:20,168,4,42,-49
IQ:21,176,255,7,107
IQ:22,184,8,367,154
IQ:23,192,255,216,-368
IQ:24,200,7,-369,-386
IQ:25,208,255,-379,231
IQ:26,216,6,177,145
IQ:27,224,255,154,-132
IQ:28,232,5,-3,6
IQ:29,240,255,144,37
IQ:30,248,12,374,-219
IQ:31,256,255,-178,-482
IQ:32,264,1,-498,-172
IQ:33,272,255,-198,413
IQ:34,280,2,205,203
IQ:35,288,255,176,-76
SW:2
RR:3
SS:3
FR:2402
ME:13
MA:86
KE:26
KA:58
DF_END

Data arrived...
DF_BEGIN
IQ:0,0,11,44,-157
IQ:1,8,11,-153,-36
IQ:2,16,11,-22,155
IQ:3,24,11,161,-9
IQ:4,32,11,-14,-163
IQ:5,40,11,-160,20
IQ:6,48,11,50,144
IQ:7,56,11,147,-62
IQ:8,72,12,-90,-51
IQ:9,80,255,-47,46
IQ:10,88,1,-13,-20
IQ:11,96,255,-49,-3
IQ:12,104,2,-49,63
IQ:13,112,255,90,35
IQ:14,120,10,133,-125
IQ:15,128,255,-67,-108
IQ:16,136,3,-37,97
IQ:17,144,255,103,60
IQ:18,152,9,76,-55
IQ:19,160,255,-54,-35
IQ:20,168,4,-18,123
IQ:21,176,255,124,35
IQ:22,184,8,110,-78
IQ:23,192,255,-56,-83
IQ:24,200,7,-43,6
IQ:25,208,255,4,8
IQ:26,216,6,-22,-60
IQ:27,224,255,-69,55
IQ:28,232,5,36,135
IQ:29,240,255,124,-35
IQ:30,248,12,-1,-101
IQ:31,256,255,-67,-13
IQ:32,264,1,7,-20
IQ:33,272,255,-22,-41
IQ:34,280,2,-82,-23
IQ:35,288,255,5,93
SW:2
RR:3
SS:3
FR:2480
ME:58
MA:80
KE:29
KA:61
DF_END

Data arrived...
DF_BEGIN
IQ:0,0,11,-160,28
IQ:1,8,11,24,166
IQ:2,16,11,148,-44
IQ:3,24,11,-45,-149
IQ:4,32,11,-135,90
IQ:5,40,11,89,141
IQ:6,48,11,122,-99
IQ:7,56,11,-109,-117
IQ:8,72,12,-134,289
IQ:9,80,255,276,222
IQ:10,88,1,407,-79
IQ:11,96,255,45,-321
IQ:12,104,2,58,-99
IQ:13,112,255,-54,-122
IQ:14,120,10,-218,-144
IQ:15,128,255,-162,94
IQ:16,136,3,47,-164
IQ:17,144,255,-54,-233
IQ:18,152,9,-185,-321
IQ:19,160,255,-252,0
IQ:20,168,4,45,-105
IQ:21,176,255,-41,-209
IQ:22,184,8,-270,-377
IQ:23,192,255,-319,142
IQ:24,200,7,106,227
IQ:25,208,255,180,-53
IQ:26,216,6,-108,-52
IQ:27,224,255,-29,-12
IQ:28,232,5,-58,-259
IQ:29,240,255,-291,-98
IQ:30,248,12,-324,-4
IQ:31,256,255,-47,333
IQ:32,264,1,260,330
IQ:33,272,255,294,-96
IQ:34,280,2,110,2
IQ:35,288,255,36,-123
SW:2
RR:3
SS:3
FR:2426
ME:38
MA:75
KE:30
KA:63
DF_END

Data arrived...
DF_BEGIN
IQ:0,0,11,137,-86
IQ:1,8,11,-117,-128
IQ:2,16,11,-136,108
IQ:3,24,11,107,120
IQ:4,32,11,108,-145
IQ:5,40,11,-133,-105
IQ:6,48,11,-84,130
IQ:7,56,11,151,43
IQ:8,72,12,-15,-309
IQ:9,80,255,-358,-77
IQ:10,88,1,-332,234
IQ:11,96,255,78,285
IQ:12,104,2,-8,105
IQ:13,112,255,97,105
IQ:14,120,10,282,25
IQ:15,128,255,109,-157
IQ:16,136,3,38,162
IQ:17,144,255,154,172
IQ:18,152,9,315,209
IQ:19,160,255,231,-116
IQ:20,168,4,-32,121
IQ:21,176,255,133,176
IQ:22,184,8,410,218
IQ:23,192,255,242,-255
IQ:24,200,7,-206,-170
IQ:25,208,255,-136,138
IQ:26,216,6,123,-13
IQ:27,224,255,11,-5
IQ:28,232,5,159,203
IQ:29,240,255,316,-48
IQ:30,248,12,289,-150
IQ:31,256,255,-119,-341
IQ:32,264,1,-379,-192
IQ:33,272,255,-222,203
IQ:34,280,2,-109,54
IQ:35,288,255,6,136
SW:2
RR:3
SS:3
FR:2426
ME:38
MA:75
KE:31
KA:65
DF_END

Data arrived...
DF_BEGIN
IQ:0,0,11,133,19
IQ:1,8,11,-8,-133
IQ:2,16,11,-133,5
IQ:3,24,11,18,120
IQ:4,32,11,128,-14
IQ:5,40,11,-49,-111
IQ:6,48,11,-123,67
IQ:7,56,11,73,105
IQ:8,72,12,-261,-396
IQ:9,80,255,-539,179
IQ:10,88,1,-157,542
IQ:11,96,255,461,205
IQ:12,104,2,238,-225
IQ:13,112,255,-107,-121
IQ:14,120,10,318,137
IQ:15,128,255,316,-312
IQ:16,136,3,89,-383
IQ:17,144,255,-138,-8
IQ:18,152,9,388,73
IQ:19,160,255,203,-322
IQ:20,168,4,-18,-111
IQ:21,176,255,0,134
IQ:22,184,8,424,47
IQ:23,192,255,54,-486
IQ:24,200,7,-569,-242
IQ:25,208,255,-263,451
IQ:26,216,6,273,47
IQ:27,224,255,85,-236
IQ:28,232,5,-33,13
IQ:29,240,255,154,19
IQ:30,248,12,256,-403
IQ:31,256,255,-372,-415
IQ:32,264,1,-558,92
IQ:33,272,255,19,502
IQ:34,280,2,343,102
IQ:35,288,255,100,-182
SW:2
RR:3
SS:3
FR:2402
ME:10
MA:89
KE:28
KA:68
DF_END

Data arrived...
DF_BEGIN
IQ:0,0,11,-70,-144
IQ:1,8,11,-137,78
IQ:2,16,11,99,123
IQ:3,24,11,106,-114
IQ:4,32,11,-124,-105
IQ:5,40,11,-87,122
IQ:6,48,11,141,67
IQ:7,56,11,62,-142
IQ:8,72,12,-99,27
IQ:9,80,255,1,64
IQ:10,88,1,-22,-5
IQ:11,96,255,-34,36
IQ:12,104,2,15,86
IQ:13,112,255,91,-25
IQ:14,120,10,13,-180
IQ:15,128,255,-124,-37
IQ:16,136,3,37,92
IQ:17,144,255,114,-37
IQ:18,152,9,24,-90
IQ:19,160,255,-59,13
IQ:20,168,4,63,101
IQ:21,176,255,111,-56
IQ:22,184,8,39,-127
IQ:23,192,255,-91,-30
IQ:24,200,7,-26,37
IQ:25,208,255,11,-3
IQ:26,216,6,-58,-22
IQ:27,224,255,-11,91
IQ:28,232,5,117,69
IQ:29,240,255,64,-107
IQ:30,248,12,-65,-73
IQ:31,256,255,-61,28
IQ:32,264,1,-5,-20
IQ:33,272,255,-43,-14
IQ:34,280,2,-71,38
IQ:35,288,255,68,55
SW:2
RR:3
SS:3
FR:2480
ME:58
MA:80
KE:31
KA:70
DF_END

Data arrived...
DF_BEGIN
IQ:0,0,11,170,-13
IQ:1,8,11,-8,-172
IQ:2,16,11,-156,31
IQ:3,24,11,50,159
IQ:4,32,11,146,-55
IQ:5,40,11,-72,-145
IQ:6,48,11,-136,64
IQ:7,56,11,95,125
IQ:8,72,12,189,-258
IQ:9,80,255,-263,-273
IQ:10,88,1,-402,-14
IQ:11,96,255,-109,280
IQ:12,104,2,-95,89
IQ:13,112,255,41,147
IQ:14,120,10,217,159
IQ:15,128,255,190,-63
IQ:16,136,3,-76,163
IQ:17,144,255,36,231
IQ:18,152,9,159,332
IQ:19,160,255,244,9
IQ:20,168,4,-58,106
IQ:21,176,255,1,202
IQ:22,184,8,162,416
IQ:23,192,255,345,-84
IQ:24,200,7,-54,-232
IQ:25,208,255,-172,25
IQ:26,216,6,110,49
IQ:27,224,255,14,4
IQ:28,232,5,26,276
IQ:29,240,255,278,125
IQ:30,248,12,329,44
IQ:31,256,255,145,-320
IQ:32,264,1,-184,-354
IQ:33,272,255,-281,49
IQ:34,280,2,-131,-31
IQ:35,288,255,-79,109
SW:2
RR:3
SS:3
FR:2426
ME:38
MA:75
KE:32
KA:71
DF_END

Data arrived...
DF_BEGIN
IQ:0,0,11,-12,-174
IQ:1,8,11,-138,30
IQ:2,16,11,54,155
IQ:3,24,11,137,-67
IQ:4,32,11,-73,-144
IQ:5,40,11,-133,71
IQ:6,48,11,82,126
IQ:7,56,11,115,-102
IQ:8,72,12,-428,284
IQ:9,80,255,159,545
IQ:10,88,1,537,116
IQ:11,96,255,128,-463
IQ:12,104,2,-236,-184
IQ:13,112,255,-84,100
IQ:14,120,10,92,-338
IQ:15,128,255,-361,-256
IQ:16,136,3,-354,-26
IQ:17,144,255,19,130
IQ:18,152,9,44,-392
IQ:19,160,255,-346,-194
IQ:20,168,4,-67,9
IQ:21,176,255,138,-48
IQ:22,184,8,-5,-435
IQ:23,192,255,-481,0
IQ:24,200,7,-194,578
IQ:25,208,255,464,177
IQ:26,216,6,-16,-269
IQ:27,224,255,-232,-37
IQ:28,232,5,26,15
IQ:29,240,255,-10,-175
IQ:30,248,12,-433,-254
IQ:31,256,255,-374,396
IQ:32,264,1,122,534
IQ:33,272,255,483,-77
IQ:34,280,2,85,-290
IQ:35,288,255,-167,-84
SW:2
RR:3
SS:3
FR:2402
ME:10
MA:97
KE:30
KA:74
DF_END

Data arrived...
DF_BEGIN
IQ:0,0,11,-158,11
IQ:1,8,11,28,154
IQ:2,16,11,147,-55
IQ:3,24,11,-65,-151
IQ:4,32,11,-144,69
IQ:5,40,11,72,140
IQ:6,48,11,110,-104
IQ:7,56,11,-121,-102
IQ:8,72,12,-13,98
IQ:9,80,255,59,24
IQ:10,88,1,-8,18
IQ:11,96,255,23,42
IQ:12,104,2,79,27
IQ:13,112,255,3,-100
IQ:14,120,10,-167,-65
IQ:15,128,255,-69,110
IQ:16,136,3,103,-5
IQ:17,144,255,13,-112
IQ:18,152,9,-80,-46
IQ:19,160,255,-7,51
IQ:20,168,4,122,-29
IQ:21,176,255,-19,-125
IQ:22,184,8,-116,-73
IQ:23,192,255,-58,77
IQ:24,200,7,22,39
IQ:25,208,255,5,-5
IQ:26,216,6,-40,51
IQ:27,224,255,81,42
IQ:28,232,5,102,-89
IQ:29,240,255,-78,-98
IQ:30,248,12,-92,38
IQ:31,256,255,8,65
IQ:32,264,1,-23,0
IQ:33,272,255,-28,40
IQ:34,280,2,23,76
IQ:35,288,255,79,-46
SW:2
RR:3
SS:3
FR:2480
ME:58
MA:80
KE:33
KA:75
DF_END

Data arrived...
DF_BEGIN
IQ:0,0,11,-14,-162
IQ:1,8,11,-180,30
IQ:2,16,11,38,159
IQ:3,24,11,159,-39
IQ:4,32,11,-68,-160
IQ:5,40,11,-141,64
IQ:6,48,11,73,154
IQ:7,56,11,128,-109
IQ:8,72,12,-287,-161
IQ:9,80,255,-243,288
IQ:10,88,1,34,412
IQ:11,96,255,299,75
IQ:12,104,2,99,76
IQ:13,112,255,132,-35
IQ:14,120,10,179,-236
IQ:15,128,255,-69,-188
IQ:16,136,3,142,54
IQ:17,144,255,244,-59
IQ:18,152,9,313,-209
IQ:19,160,255,-22,-257
IQ:20,168,4,84,69
IQ:21,176,255,231,1
IQ:22,184,8,376,-227
IQ:23,192,255,-161,-321
IQ:24,200,7,-237,120
IQ:25,208,255,68,178
IQ:26,216,6,31,-137
IQ:27,224,255,-6,-23
IQ:28,232,5,273,-16
IQ:29,240,255,143,-294
IQ:30,248,12,10,-318
IQ:31,256,255,-354,-86
IQ:32,264,1,-327,229
IQ:33,272,255,85,291
IQ:34,280,2,-7,119
IQ:35,288,255,101,60
SW:2
RR:3
SS:3
FR:2426
ME:38
MA:75
KE:34
KA:76
DF_END

Data arrived...
DF_BEGIN
IQ:0,0,11,29,-136
IQ:1,8,11,-144,-44
IQ:2,16,11,-3,133
IQ:3,24,11,117,-27
IQ:4,32,11,-12,-128
IQ:5,40,11,-129,23
IQ:6,48,11,32,133
IQ:7,56,11,131,-29
IQ:8,72,12,-455,152
IQ:9,80,255,53,556
IQ:10,88,1,505,266
IQ:11,96,255,245,-449
IQ:12,104,2,-212,-265
IQ:13,112,255,-126,115
IQ:14,120,10,197,-307
IQ:15,128,255,-227,-384
IQ:16,136,3,-357,-158
IQ:17,144,255,-20,139
IQ:18,152,9,132,-377
IQ:19,160,255,-290,-265
IQ:20,168,4,-102,-2
IQ:21,176,255,144,26
IQ:22,184,8,82,-433
IQ:23,192,255,-470,-104
IQ:24,200,7,-315,559
IQ:25,208,255,414,309
IQ:26,216,6,90,-270
IQ:27,224,255,-209,-137
IQ:28,232,5,4,39
IQ:29,240,255,21,-155
IQ:30,248,12,-355,-323
IQ:31,256,255,-462,307
IQ:32,264,1,19,584
IQ:33,272,255,505,82
IQ:34,280,2,145,-309
IQ:35,288,255,-160,-125
SW:2
RR:3
SS:3
FR:2402
ME:10
MA:100
KE:31
KA:79
DF_END

Data arrived...
DF_BEGIN
IQ:0,0,11,-61,109
IQ:1,8,11,122,62
IQ:2,16,11,48,-131
IQ:3,24,11,-133,-49
IQ:4,32,11,-31,126
IQ:5,40,11,127,0
IQ:6,48,11,7,-146
IQ:7,56,11,-143,-1
IQ:8,72,12,484,-41
IQ:9,80,255,104,-564
IQ:10,88,1,-414,-396
IQ:11,96,255,-390,322
IQ:12,104,2,118,315
IQ:13,112,255,156,-41
IQ:14,120,10,-258,234
IQ:15,128,255,108,436
IQ:16,136,3,282,276
IQ:17,144,255,73,-133
IQ:18,152,9,-225,309
IQ:19,160,255,204,336
IQ:20,168,4,113,36
IQ:21,176,255,-129,-61
IQ:22,184,8,-221,383
IQ:23,192,255,422,232
IQ:24,200,7,450,-441
IQ:25,208,255,-297,-440
IQ:26,216,6,-173,223
IQ:27,224,255,163,195
IQ:28,232,5,13,-23
IQ:29,240,255,-91,119
IQ:30,248,12,231,425
IQ:31,256,255,545,-115
IQ:32,264,1,204,-534
IQ:33,272,255,-468,-180
IQ:34,280,2,-220,264
IQ:35,288,255,122,177
SW:2
RR:3
SS:3
FR:2402
ME:10
MA:89
KE:29
KA:80
DF_END

Data arrived...
DF_BEGIN
IQ:0,0,11,-58,151
IQ:1,8,11,151,34
IQ:2,16,11,21,-153
IQ:3,24,11,-150,0
IQ:4,32,11,13,160
IQ:5,40,11,152,-25
IQ:6,48,11,-58,-148
IQ