DF_END

Data arrived...
DF_BEGIN
IQ:0,0,11,142,-128
IQ:1,8,11,-131,-137
IQ:2,16,11,-124,147
IQ:3,24,11,161,91
IQ:4,32,11,70,-181
IQ:5,40,11,-187,-79
IQ:6,48,11,-53,172
IQ:7,56,11,195,26
IQ:8,72,12,-200,78
IQ:9,80,255,75,168
IQ:10,88,1,140,-147
IQ:11,96,255,-103,-139
IQ:12,104,2,-9,145
IQ:13,112,255,186,53
IQ:14,120,10,150,-154
IQ:15,128,255,-96,-144
IQ:16,136,3,14,16
IQ:17,144,255,105,-25
IQ:18,152,9,55,-187
IQ:19,160,255,-117,-91
IQ:20,168,4,49,-30
IQ:21,176,255,42,-91
IQ:22,184,8,-76,-160
IQ:23,192,255,-150,40
IQ:24,200,7,107,47
IQ:25,208,255,103,-119
IQ:26,216,6,-6,-132
IQ:27,224,255,-120,-14
IQ:28,232,5,-15,22
IQ:29,240,255,7,-66
IQ:30,248,12,-182,-137
IQ:31,256,255,-119,136
IQ:32,264,1,199,52
IQ:33,272,255,66,-154
IQ:34,280,2,-133,69
IQ:35,288,255,29,195
SW:2
RR:3
SS:3
FR:2426
ME:7
MA:243
KE:8
KA:252
DF_END

Data arrived...
DF_BEGIN
IQ:0,0,11,-36,-159
IQ:1,8,11,-141,51
IQ:2,16,11,73,124
IQ:3,24,11,129,-61
IQ:4,32,11,-74,-99
IQ:5,40,11,-78,115
IQ:6,48,11,105,103
IQ:7,56,11,118,-71
IQ:8,72,12,-17,166
IQ:9,80,255,159,10
IQ:10,88,1,-45,-165
IQ:11,96,255,-115,51
IQ:12,104,2,123,22
IQ:13,112,255,121,-94
IQ:14,120,10,-49,-185
IQ:15,128,255,-118,31
IQ:16,136,3,34,-3
IQ:17,144,255,51,-84
IQ:18,152,9,-97,-112
IQ:19,160,255,-86,59
IQ:20,168,4,-2,-35
IQ:21,176,255,-47,-74
IQ:22,184,8,-125,-14
IQ:23,192,255,-9,143
IQ:24,200,7,25,-50
IQ:25,208,255,-20,-134
IQ:26,216,6,-69,-24
IQ:27,224,255,-4,75
IQ:28,232,5,9,-18
IQ:29,240,255,-33,-43
IQ:30,248,12,-140,54
IQ:31,256,255,56,122
IQ:32,264,1,136,-115
IQ:33,272,255,-61,-109
IQ:34,280,2,41,86
IQ:35,288,255,162,41
SW:2
RR:3
SS:3
FR:2426
ME:13
MA:248
KE:9
KA:251
DF_END

Data arrived...
DF_BEGIN
IQ:0,0,11,27,-148
IQ:1,8,11,-142,-16
IQ:2,16,11,1,154
IQ:3,24,11,147,5
IQ:4,32,11,0,-149
IQ:5,40,11,-156,43
IQ:6,48,11,38,156
IQ:7,56,11,145,-47
IQ:8,72,12,-41,253
IQ:9,80,255,213,-134
IQ:10,88,1,-217,-552
IQ:11,96,255,-381,252
IQ:12,104,2,575,422
IQ:13,112,255,492,-372
IQ:14,120,10,-62,-235
IQ:15,128,255,-4,125
IQ:16,136,3,660,-25
IQ:17,144,255,130,-642
IQ:18,152,9,-339,-294
IQ:19,160,255,-17,176
IQ:20,168,4,542,-531
IQ:21,176,255,-227,-662
IQ:22,184,8,-347,-217
IQ:23,192,255,-52,212
IQ:24,200,7,428,-153
IQ:25,208,255,-118,-337
IQ:26,216,6,-174,227
IQ:27,224,255,263,7
IQ:28,232,5,-64,-612
IQ:29,240,255,-615,-117
IQ:30,248,12,-226,105
IQ:31,256,255,266,66
IQ:32,264,1,363,-473
IQ:33,272,255,-374,-192
IQ:34,280,2,-95,701
IQ:35,288,255,552,290
SW:2
RR:3
SS:3
FR:2402
ME:13
MA:243
KE:9
KA:250
DF_END

Data arrived...
DF_BEGIN
IQ:0,0,11,20,-193
IQ:1,8,11,-183,-5
IQ:2,16,11,12,182
IQ:3,24,11,176,-32
IQ:4,32,11,-54,-187
IQ:5,40,11,-168,61
IQ:6,48,11,92,165
IQ:7,56,11,156,-88
IQ:8,72,12,-55,160
IQ:9,80,255,121,41
IQ:10,88,1,-25,-153
IQ:11,96,255,-131,12
IQ:12,104,2,76,94
IQ:13,112,255,124,-85
IQ:14,120,10,-2,-209
IQ:15,128,255,-123,-44
IQ:16,136,3,83,6
IQ:17,144,255,56,-125
IQ:18,152,9,-105,-145
IQ:19,160,255,-105,48
IQ:20,168,4,61,-54
IQ:21,176,255,-46,-117
IQ:22,184,8,-163,-44
IQ:23,192,255,-28,116
IQ:24,200,7,166,-64
IQ:25,208,255,-12,-168
IQ:26,216,6,-67,-14
IQ:27,224,255,-13,57
IQ:28,232,5,13,-23
IQ:29,240,255,-70,-45
IQ:30,248,12,-172,30
IQ:31,256,255,24,117
IQ:32,264,1,103,-116
IQ:33,272,255,-84,-110
IQ:34,280,2,-38,108
IQ:35,288,255,144,87
SW:2
RR:3
SS:3
FR:2480
ME:10
MA:248
KE:9
KA:249
DF_END

Data arrived...
DF_BEGIN
IQ:0,0,11,-148,28
IQ:1,8,11,32,151
IQ:2,16,11,149,-52
IQ:3,24,11,-52,-141
IQ:4,32,11,-138,66
IQ:5,40,11,93,117
IQ:6,48,11,120,-99
IQ:7,56,11,-101,-110
IQ:8,72,12,172,17
IQ:9,80,255,28,-149
IQ:10,88,1,-161,34
IQ:11,96,255,2,130
IQ:12,104,2,63,-97
IQ:13,112,255,-99,-115
IQ:14,120,10,-167,27
IQ:15,128,255,-15,135
IQ:16,136,3,-4,-16
IQ:17,144,255,-78,-20
IQ:18,152,9,-114,101
IQ:19,160,255,33,119
IQ:20,168,4,-41,9
IQ:21,176,255,-70,35
IQ:22,184,8,-18,135
IQ:23,192,255,104,36
IQ:24,200,7,-55,-68
IQ:25,208,255,-118,34
IQ:26,216,6,-36,94
IQ:27,224,255,73,59
IQ:28,232,5,23,-4
IQ:29,240,255,-36,39
IQ:30,248,12,43,165
IQ:31,256,255,132,-41
IQ:32,264,1,-112,-116
IQ:33,272,255,-114,68
IQ:34,280,2,114,4
IQ:35,288,255,65,-142
SW:2
RR:3
SS:3
FR:2426
ME:13
MA:243
KE:10
KA:248
DF_END

Data arrived...
DF_BEGIN
IQ:0,0,11,-1,-189
IQ:1,8,11,-196,15
IQ:2,16,11,35,188
IQ:3,24,11,185,-53
IQ:4,32,11,-71,-178
IQ:5,40,11,-172,87
IQ:6,48,11,100,164
IQ:7,56,11,145,-124
IQ:8,72,12,-70,211
IQ:9,80,255,172,72
IQ:10,88,1,-26,-195
IQ:11,96,255,-167,1
IQ:12,104,2,111,97
IQ:13,112,255,161,-108
IQ:14,120,10,-4,-213
IQ:15,128,255,-176,-32
IQ:16,136,3,22,0
IQ:17,144,255,38,-97
IQ:18,152,9,-109,-168
IQ:19,160,255,-154,26
IQ:20,168,4,-1,-56
IQ:21,176,255,-38,-94
IQ:22,184,8,-161,-46
IQ:23,192,255,-65,124
IQ:24,200,7,91,-62
IQ:25,208,255,-23,-154
IQ:26,216,6,-103,-79
IQ:27,224,255,-85,78
IQ:28,232,5,6,25
IQ:29,240,255,-46,-53
IQ:30,248,12,-219,42
IQ:31,256,255,27,178
IQ:32,264,1,152,-117
IQ:33,272,255,-74,-150
IQ:34,280,2,-18,149
IQ:35,288,255,178,92
SW:2
RR:3
SS:3
FR:2426
ME:10
MA:243
KE:10
KA:247
DF_END

Data arrived...
DF_BEGIN
IQ:0,0,11,-54,-184
IQ:1,8,11,-186,41
IQ:2,16,11,57,173
IQ:3,24,11,163,-85
IQ:4,32,11,-96,-156
IQ:5,40,11,-137,122
IQ:6,48,11,139,128
IQ:7,56,11,125,-143
IQ:8,72,12,-20,170
IQ:9,80,255,129,4
IQ:10,88,1,-66,-148
IQ:11,96,255,-119,50
IQ:12,104,2,101,75
IQ:13,112,255,97,-118
IQ:14,120,10,-60,-196
IQ:15,128,255,-130,1
IQ:16,136,3,83,-24
IQ:17,144,255,8,-137
IQ:18,152,9,-151,-96
IQ:19,160,255,-89,81
IQ:20,168,4,52,-66
IQ:21,176,255,-73,-102
IQ:22,184,8,-175,-17
IQ:23,192,255,7,119
IQ:24,200,7,143,-100
IQ:25,208,255,-59,-155
IQ:26,216,6,-72,10
IQ:27,224,255,1,56
IQ:28,232,5,5,-28
IQ:29,240,255,-83,-26
IQ:30,248,12,-157,81
IQ:31,256,255,58,109
IQ:32,264,1,77,-141
IQ:33,272,255,-111,-82
IQ:34,280,2,-19,119
IQ:35,288,255,161,51
SW:2
RR:3
SS:3
FR:2480
ME:7
MA:248
KE:9
KA:247
DF_END

Data arrived...
DF_BEGIN
IQ:0,0,11,140,-3
IQ:1,8,11,-27,-145
IQ:2,16,11,-146,34
IQ:3,24,11,52,137
IQ:4,32,11,140,-53
IQ:5,40,11,-75,-124
IQ:6,48,11,-118,86
IQ:7,56,11,100,108
IQ:8,72,12,-139,-18
IQ:9,80,255,-10,103
IQ:10,88,1,115,-52
IQ:11,96,255,-43,-97
IQ:12,104,2,-56,77
IQ:13,112,255,87,80
IQ:14,120,10,162,-27
IQ:15,128,255,17,-102
IQ:16,136,3,6,63
IQ:17,144,255,102,18
IQ:18,152,9,99,-105
IQ:19,160,255,-50,-79
IQ:20,168,4,53,40
IQ:21,176,255,82,-50
IQ:22,184,8,14,-142
IQ:23,192,255,-95,-8
IQ:24,200,7,74,110
IQ:25,208,255,127,-30
IQ:26,216,6,-6,-53
IQ:27,224,255,-48,-3
IQ:28,232,5,19,7
IQ:29,240,255,26,-63
IQ:30,248,12,-51,-128
IQ:31,256,255,-91,44
IQ:32,264,1,103,71
IQ:33,272,255,67,-84
IQ:34,280,2,-92,-20
IQ:35,288,255,-49,124
SW:2
RR:3
SS:3
FR:2480
ME:10
MA:245
KE:9
KA:246
DF_END

Data arrived...
DF_BEGIN
IQ:0,0,11,125,-56
IQ:1,8,11,-65,-128
IQ:2,16,11,-121,86
IQ:3,24,11,98,114
IQ:4,32,11,93,-111
IQ:5,40,11,-98,-123
IQ:6,48,11,-31,122
IQ:7,56,11,119,67
IQ:8,72,12,-138,-24
IQ:9,80,255,19,134
IQ:10,88,1,111,-73
IQ:11,96,255,-45,-114
IQ:12,104,2,-34,115
IQ:13,112,255,115,102
IQ:14,120,10,150,-73
IQ:15,128,255,-44,-130
IQ:16,136,3,34,-5
IQ:17,144,255,76,-28
IQ:18,152,9,129,-84
IQ:19,160,255,-76,-99
IQ:20,168,4,35,-30
IQ:21,176,255,83,-32
IQ:22,184,8,-14,-164
IQ:23,192,255,-108,-12
IQ:24,200,7,42,-1
IQ:25,208,255,113,-73
IQ:26,216,6,18,-87
IQ:27,224,255,-44,-50
IQ:28,232,5,-28,4
IQ:29,240,255,22,-41
IQ:30,248,12,-85,-148
IQ:31,256,255,-107,78
IQ:32,264,1,160,42
IQ:33,272,255,83,-90
IQ:34,280,2,-115,25
IQ:35,288,255,-26,147
SW:2
RR:3
SS:3
FR:2426
ME:24
MA:234
KE:11
KA:244
DF_END

Data arrived...
DF_BEGIN
IQ:0,0,11,138,58
IQ:1,8,11,33,-132
IQ:2,16,11,-148,-24
IQ:3,24,11,4,142
IQ:4,32,11,143,-7
IQ:5,40,11,-19,-155
IQ:6,48,11,-137,11
IQ:7,56,11,48,143
IQ:8,72,12,-247,-108
IQ:9,80,255,98,253
IQ:10,88,1,591,-44
IQ:11,96,255,-122,-431
IQ:12,104,2,-632,362
IQ:13,112,255,222,600
IQ:14,120,10,274,9
IQ:15,128,255,-125,-54
IQ:16,136,3,-231,655
IQ:17,144,255,548,354
IQ:18,152,9,355,-254
IQ:19,160,255,-184,-111
IQ:20,168,4,268,703
IQ:21,176,255,707,23
IQ:22,184,8,346,-243
IQ:23,192,255,-203,-122
IQ:24,200,7,-1,470
IQ:25,208,255,372,-2
IQ:26,216,6,-147,-262
IQ:27,224,255,-114,237
IQ:28,232,5,613,175
IQ:29,240,255,365,-495
IQ:30,248,12,-6,-249
IQ:31,256,255,-186,215
IQ:32,264,1,307,491
IQ:33,272,255,293,-315
IQ:34,280,2,-678,-302
IQ:35,288,255,-473,448
SW:2
RR:3
SS:3
FR:2402
ME:10
MA:243
KE:11
KA:244
DF_END

Data arrived...
DF_BEGIN
IQ:0,0,11,-20,154
IQ:1,8,11,156,-12
IQ:2,16,11,-25,-143
IQ:3,24,11,-135,31
IQ:4,32,11,35,147
IQ:5,40,11,148,-41
IQ:6,48,11,-62,-150
IQ:7,56,11,-131,82
IQ:8,72,12,-4,-261
IQ:9,80,255,-205,173
IQ:10,88,1,231,550
IQ:11,96,255,392,-241
IQ:12,104,2,-567,-432
IQ:13,112,255,-502,399
IQ:14,120,10,67,272
IQ:15,128,255,28,-135
IQ:16,136,3,-644,37
IQ:17,144,255,-147,612
IQ:18,152,9,366,254
IQ:19,160,255,31,-219
IQ:20,168,4,-569,436
IQ:21,176,255,230,651
IQ:22,184,8,345,259
IQ:23,192,255,65,-221
IQ:24,200,7,-449,152
IQ:25,208,255,99,357
IQ:26,216,6,198,-229
IQ:27,224,255,-259,-35
IQ:28,232,5,57,613
IQ:29,240,255,581,138
IQ:30,248,12,222,-111
IQ:31,256,255,-253,-69
IQ:32,264,1,-306,497
IQ:33,272,255,403,192
IQ:34,280,2,145,-717
IQ:35,288,255,-554,-297
SW:2
RR:3
SS:3
FR:2402
ME:13
MA:243
KE:11
KA:243
DF_END

Data arrived...
DF_BEGIN
IQ:0,0,11,-71,-126
IQ:1,8,11,-115,89
IQ:2,16,11,103,105
IQ:3,24,11,93,-108
IQ:4,32,11,-120,-87
IQ:5,40,11,-70,128
IQ:6,48,11,137,61
IQ:7,56,11,45,-142
IQ:8,72,12,49,163
IQ:9,80,255,136,-39
IQ:10,88,1,-99,-123
IQ:11,96,255,-113,64
IQ:12,104,2,113,8
IQ:13,112,255,51,-140
IQ:14,120,10,-99,-140
IQ:15,128,255,-129,48
IQ:16,136,3,14,-10
IQ:17,144,255,-18,-80
IQ:18,152,9,-140,-76
IQ:19,160,255,-100,80
IQ:20,168,4,-29,-38
IQ:21,176,255,-57,-43
IQ:22,184,8,-128,33
IQ:23,192,255,8,109
IQ:24,200,7,25,-85
IQ:25,208,255,-83,-92
IQ:26,216,6,-100,-2
IQ:27,224,255,-20,91
IQ:28,232,5,16,19
IQ:29,240,255,-46,-15
IQ:30,248,12,-115,120
IQ:31,256,255,97,104
IQ:32,264,1,64,-144
IQ:33,272,255,-110,-73
IQ:34,280,2,40,104
IQ:35,288,255,149,-13
SW:2
RR:3
SS:3
FR:2426
ME:10
MA:243
KE:11
KA:243
DF_END

Data arrived...
DF_BEGIN
IQ:0,0,11,-25,-198
IQ:1,8,11,-189,45
IQ:2,16,11,65,182
IQ:3,24,11,172,-71
IQ:4,32,11,-104,-160
IQ:5,40,11,-160,111
IQ:6,48,11,116,145
IQ:7,56,11,124,-149
IQ:8,72,12,-33,212
IQ:9,80,255,180,34
IQ:10,88,1,-40,-191
IQ:11,96,255,-170,20
IQ:12,104,2,124,65
IQ:13,112,255,142,-133
IQ:14,120,10,-35,-215
IQ:15,128,255,-182,-15
IQ:16,136,3,11,0
IQ:17,144,255,33,-100
IQ:18,152,9,-129,-160
IQ:19,160,255,-157,37
IQ:20,168,4,-13,-45
IQ:21,176,255,-48,-77
IQ:22,184,8,-168,-38
IQ:23,192,255,-57,128
IQ:24,200,7,92,-74
IQ:25,208,255,-45,-147
IQ:26,216,6,-120,-62
IQ:27,224,255,-76,93
IQ:28,232,5,10,30
IQ:29,240,255,-44,-45
IQ:30,248,12,-209,77
IQ:31,256,255,58,169
IQ:32,264,1,147,-137
IQ:33,272,255,-91,-139
IQ:34,280,2,-12,142
IQ:35,288,255,180,78
SW:2
RR:3
SS:3
FR:2426
ME:7
MA:243
KE:11
KA:243
DF_END

Data arrived...
DF_BEGIN
IQ:0,0,11,-99,-135
IQ:1,8,11,-134,110
IQ:2,16,11,128,113
IQ:3,24,11,90,-128
IQ:4,32,11,-145,-96
IQ:5,40,11,-64,153
IQ:6,48,11,157,53
IQ:7,56,11,42,-165
IQ:8,72,12,184,208
IQ:9,80,255,77,-272
IQ:10,88,1,-519,-280
IQ:11,96,255,-67,419
IQ:12,104,2,701,-96
IQ:13,112,255,58,-611
IQ:14,120,10,-233,-195
IQ:15,128,255,62,85
IQ:16,136,3,456,-477
IQ:17,144,255,-361,-551
IQ:18,152,9,-467,51
IQ:19,160,255,110,178
IQ:20,168,4,115,-722
IQ:21,176,255,-567,-372
IQ:22,184,8,-421,60
IQ:23,192,255,109,236
IQ:24,200,7,211,-390
IQ:25,208,255,-338,-177
IQ:26,216,6,-6,304
IQ:27,224,255,201,-124
IQ:28,232,5,-468,-350
IQ:29,240,255,-518,299
IQ:30,248,12,-92,261
IQ:31,256,255,257,-100
IQ:32,264,1,-57,-597
IQ:33,272,255,-445,112
IQ:34,280,2,381,588
IQ:35,288,255,617,-187
SW:2
RR:3
SS:3
FR:2402
ME:10
MA:248
KE:11
KA:243
DF_END

Data arrived...
DF_BEGIN
IQ:0,0,11,-106,-105
IQ:1,8,11,-96,108
IQ:2,16,11,119,79
IQ:3,24,11,58,-129
IQ:4,32,11,-145,-48
IQ:5,40,11,-43,138
IQ:6,48,11,137,16
IQ:7,56,11,3,-140
IQ:8,72,12,84,103
IQ:9,80,255,81,-63
IQ:10,88,1,-109,-60
IQ:11,96,255,-42,89
IQ:12,104,2,88,-10
IQ:13,112,255,1,-114
IQ:14,120,10,-128,-97
IQ:15,128,255,-82,55
IQ:16,136,3,39,-46
IQ:17,144,255,-62,-81
IQ:18,152,9,-149,1
IQ:19,160,255,-26,89
IQ:20,168,4,-10,-64
IQ:21,176,255,-87,-26
IQ:22,184,8,-107,78
IQ:23,192,255,65,71
IQ:24,200,7,34,-126
IQ:25,208,255,-105,-68
IQ:26,216,6,-40,41
IQ:27,224,255,25,39
IQ:28,232,5,-9,-12
IQ:29,240,255,-56,25
IQ:30,248,12,-54,125
IQ:31,256,255,86,40
IQ:32,264,1,-22,-121
IQ:33,272,255,-102,9
IQ:34,280,2,49,79
IQ:35,288,255,124,-55
SW:2
RR:3
SS:3
FR:2480
ME:7
MA:248
KE:10
KA:244
DF_END

Data arrived...
DF_BEGIN
IQ:0,0,11,-160,28
IQ:1,8,11,46,149
IQ:2,16,11,148,-67
IQ:3,24,11,-73,-134
IQ:4,32,11,-127,98
IQ:5,40,11,101,129
IQ:6,48,11,105,-107
IQ:7,56,11,-129,-93
IQ:8,72,12,181,10
IQ:9,80,255,30,-148
IQ:10,88,1,-157,44
IQ:11,96,255,19,125
IQ:12,104,2,56,-102
IQ:13,112,255,-112,-113
IQ:14,120,10,-184,46
IQ:15,128,255,1,150
IQ:16,136,3,13,-20
IQ:17,144,255,-89,-27
IQ:18,152,9,-122,118
IQ:19,160,255,38,126
IQ:20,168,4,-31,-6
IQ:21,176,255,-71,27
IQ:22,184,8,-27,140
IQ:23,192,255,111,35
IQ:24,200,7,-55,-72
IQ:25,208,255,-122,33
IQ:26,216,6,-37,99
IQ:27,224,255,84,53
IQ:28,232,5,25,-26
IQ:29,240,255,-48,37
IQ:30,248,12,70,165
IQ:31,256,255,133,-62
IQ:32,264,1,-124,-102
IQ:33,272,255,-106,86
IQ:34,280,2,118,8
IQ:35,288,255,43,-152
SW:2
RR:3
SS:3
FR:2426
ME:2
MA:353
KE:9
KA:250
DF_END

Data arrived...
DF_BEGIN
IQ:0,0,11,72,153
IQ:1,8,11,100,-96
IQ:2,16,11,-127,-94
IQ:3,24,11,-116,121
IQ:4,32,11,128,104
IQ:5,40,11,70,-132
IQ:6,48,11,-142,-59
IQ:7,56,11,-46,180
IQ:8,72,12,-68,-191
IQ:9,80,255,-142,45
IQ:10,88,1,93,120
IQ:11,96,255,140,-77
IQ:12,104,2,-121,-40
IQ:13,112,255,-67,146
IQ:14,120,10,129,130
IQ:15,128,255,120,-81
IQ:16,136,3,-21,-4
IQ:17,144,255,-5,84
IQ:18,152,9,138,68
IQ:19,160,255,72,-61
IQ:20,168,4,26,17
IQ:21,176,255,33,83
IQ:22,184,8,165,-37
IQ:23,192,255,-6,-114
IQ:24,200,7,-57,77
IQ:25,208,255,75,82
IQ:26,216,6,88,-13
IQ:27,224,255,39,-102
IQ:28,232,5,-26,-22
IQ:29,240,255,51,52
IQ:30,248,12,116,-125
IQ:31,256,255,-107,-88
IQ:32,264,1,-66,141
IQ:33,272,255,115,102
IQ:34,280,2,-37,-129
IQ:35,288,255,-177,12
SW:2
RR:3
SS:3
FR:2426
ME:2
MA:353
KE:8
KA:258
DF_END

Data arrived...
DF_BEGIN
IQ:0,0,11,24,-187
IQ:1,8,11,-201,8
IQ:2,16,11,22,205
IQ:3,24,11,208,-36
IQ:4,32,11,-76,-198
IQ:5,40,11,-184,77
IQ:6,48,11,83,177
IQ:7,56,11,177,-106
IQ:8,72,12,-5,282
IQ:9,80,255,215,-178
IQ:10,88,1,-267,-562
IQ:11,96,255,-367,268
IQ:12,104,2,603,356
IQ:13,112,255,451,-455
IQ:14,120,10,-73,-303
IQ:15,128,255,-35,105
IQ:16,136,3,621,-120
IQ:17,144,255,31,-647
IQ:18,152,9,-432,-236
IQ:19,160,255,-53,219
IQ:20,168,4,493,-495
IQ:21,176,255,-284,-620
IQ:22,184,8,-374,-219
IQ:23,192,255,-52,256
IQ:24,200,7,425,-171
IQ:25,208,255,-136,-346
IQ:26,216,6,-198,202
IQ:27,224,255,231,21
IQ:28,232,5,-115,-570
IQ:29,240,255,-568,-86
IQ:30,248,12,-227,119
IQ:31,256,255,259,94
IQ:32,264,1,302,-523
IQ:33,272,255,-421,-167
IQ:34,280,2,-26,715
IQ:35,288,255,581,227
SW:2
RR:3
SS:3
FR:2402
ME:10
MA:248
KE:9
KA:257
DF_END

Data arrived...
DF_BEGIN
IQ:0,0,11,-168,68
IQ:1,8,11,98,162
IQ:2,16,11,146,-110
IQ:3,24,11,-136,-132
IQ:4,32,11,-123,144
IQ:5,40,11,153,111
IQ:6,48,11,102,-158
IQ:7,56,11,-165,-89
IQ:8,72,12,170,-24
IQ:9,80,255,-21,-122
IQ:10,88,1,-105,114
IQ:11,96,255,88,103
IQ:12,104,2,35,-105
IQ:13,112,255,-133,-61
IQ:14,120,10,-164,104
IQ:15,128,255,31,128
IQ:16,136,3,-42,-65
IQ:17,144,255,-132,32
IQ:18,152,9,-65,174
IQ:19,160,255,96,67
IQ:20,168,4,-77,-11
IQ:21,176,255,-67,93
IQ:22,184,8,43,162
IQ:23,192,255,117,-20
IQ:24,200,7,-131,-103
IQ:25,208,255,-126,87
IQ:26,216,6,35,68
IQ:27,224,255,57,-15
IQ:28,232,5,-18,-4
IQ:29,240,255,-2,74
IQ:30,248,12,115,136
IQ:31,256,255,95,-81
IQ:32,264,1,-149,-29
IQ:33,272,255,-38,126
IQ:34,280,2,113,-18
IQ:35,288,255,-17,-167
SW:2
RR:3
SS:3
FR:2480
ME:10
MA:248
KE:9
KA:257
DF_END

Data arrived...
DF_BEGIN
IQ:0,0,11,-73,144
IQ:1,8,11,144,55
IQ:2,16,11,49,-156
IQ:3,24,11,-154,-31
IQ:4,32,11,-15,163
IQ:5,40,11,156,2
IQ:6,48,11,-31,-161
IQ:7,56,11,-166,41
IQ:8,72,12,128,-135
IQ:9,80,255,-106,-98
IQ:10,88,1,-75,138
IQ:11,96,255,121,59
IQ:12,104,2,-38,-111
IQ:13,112,255,-183,2
IQ:14,120,10,-68,171
IQ:15,128,255,125,75
IQ:16,136,3,-12,-22
IQ:17,144,255,-65,51
IQ:18,152,9,0,159
IQ:19,160,255,134,38
IQ:20,168,4,-20,17
IQ:21,176,255,-42,83
IQ:22,184,8,110,119
IQ:23,192,255,91,-76
IQ:24,200,7,-116,12
IQ:25,208,255,-79,168
IQ:26,216,6,34,82
IQ:27,224,255,112,-47
IQ:28,232,5,-22,-32
IQ:29,240,255,-10,87
IQ:30,248,12,180,34
IQ:31,256,255,59,-138
IQ:32,264,1,-124,24
IQ:33,272,255,29,174
IQ:34,280,2,83,-90
IQ:35,288,255,-74,-123
SW:2
RR:3
SS:3
FR:2426
ME:2
MA:353
KE:8
KA:266
DF_END

Data arrived...
DF_BEGIN
IQ:0,0,11,139,-74
IQ:1,8,11,-106,-133
IQ:2,16,11,-136,105
IQ:3,24,11,121,108
IQ:4,32,11,97,-122
IQ:5,40,11,-144,-73
IQ:6,48,11,-85,130
IQ:7,56,11,125,59
IQ:8,72,12,-216,138
IQ:9,80,255,276,82
IQ:10,88,1,338,-476
IQ:11,96,255,-417,-178
IQ:12,104,2,-39,723
IQ:13,112,255,618,145
IQ:14,120,10,195,-212
IQ:15,128,255,-120,55
IQ:16,136,3,467,556
IQ:17,144,255,640,-256
IQ:18,152,9,36,-483
IQ:19,160,255,-217,90
IQ:20,168,4,704,248
IQ:21,176,255,471,-539
IQ:22,184,8,-6,-428
IQ:23,192,255,-236,77
IQ:24,200,7,364,273
IQ:25,208,255,201,-300
IQ:26,216,6,-287,-21
IQ:27,224,255,131,245
IQ:28,232,5,491,-390
IQ:29,240,255,-206,-572
IQ:30,248,12,-222,-114
IQ:31,256,255,80,261
IQ:32,264,1,596,14
IQ:33,272,255,-76,-438
IQ:34,280,2,-635,328
IQ:35,288,255,97,639
SW:2
RR:3
SS:3
FR:2402
ME:10
MA:245
KE:8
KA:264
DF_END

Data arrived...