IQ:22,184,8,12,131
IQ:23,192,255,135,0
IQ:24,200,7,-26,-147
IQ:25,208,255,-151,-2
IQ:26,216,6,-26,98
IQ:27,224,255,119,-44
IQ:28,232,5,-33,-237
IQ:29,240,255,-239,-9
IQ:30,248,12,-138,118
IQ:31,256,255,64,103
IQ:32,264,1,23,-17
IQ:33,272,255,-16,9
IQ:34,280,2,45,33
IQ:35,288,255,56,-84
SW:2
RR:3
SS:3
FR:2426
ME:10
MA:229
KE:16
KA:21
DF_END

Data arrived...
DF_BEGIN
IQ:0,0,11,-91,28
IQ:1,8,11,41,89
IQ:2,16,11,91,-46
IQ:3,24,11,-43,-67
IQ:4,32,11,-68,57
IQ:5,40,11,52,71
IQ:6,48,11,68,-63
IQ:7,56,11,-75,-48
IQ:8,72,12,81,62
IQ:9,80,255,132,-119
IQ:10,88,1,-115,-257
IQ:11,96,255,-308,68
IQ:12,104,2,-75,369
IQ:13,112,255,266,90
IQ:14,120,10,-193,-193
IQ:15,128,255,-283,171
IQ:16,136,3,54,439
IQ:17,144,255,341,-51
IQ:18,152,9,-182,-291
IQ:19,160,255,-418,153
IQ:20,168,4,-171,517
IQ:21,176,255,328,169
IQ:22,184,8,-29,-377
IQ:23,192,255,-349,64
IQ:24,200,7,44,483
IQ:25,208,255,344,33
IQ:26,216,6,-115,-119
IQ:27,224,255,-272,156
IQ:28,232,5,-201,449
IQ:29,240,255,226,238
IQ:30,248,12,-19,132
IQ:31,256,255,140,49
IQ:32,264,1,180,-201
IQ:33,272,255,-219,-237
IQ:34,280,2,-359,148
IQ:35,288,255,-9,295
SW:2
RR:3
SS:3
FR:2402
ME:16
MA:33
KE:16
KA:24
DF_END

Data arrived...
DF_BEGIN
IQ:0,0,11,-77,-35
IQ:1,8,11,-34,92
IQ:2,16,11,98,19
IQ:3,24,11,17,-86
IQ:4,32,11,-91,-9
IQ:5,40,11,4,101
IQ:6,48,11,83,-11
IQ:7,56,11,-27,-91
IQ:8,72,12,5,109
IQ:9,80,255,172,12
IQ:10,88,1,125,-247
IQ:11,96,255,-257,-149
IQ:12,104,2,-317,220
IQ:13,112,255,120,253
IQ:14,120,10,-8,-254
IQ:15,128,255,-321,-32
IQ:16,136,3,-227,374
IQ:17,144,255,278,207
IQ:18,152,9,53,-328
IQ:19,160,255,-412,-160
IQ:20,168,4,-464,249
IQ:21,176,255,157,347
IQ:22,184,8,241,-277
IQ:23,192,255,-285,-210
IQ:24,200,7,-287,356
IQ:25,208,255,246,256
IQ:26,216,6,-2,-154
IQ:27,224,255,-310,-55
IQ:28,232,5,-434,210
IQ:29,240,255,-9,328
IQ:30,248,12,-93,82
IQ:31,256,255,64,141
IQ:32,264,1,278,-45
IQ:33,272,255,12,-310
IQ:34,280,2,-342,-146
IQ:35,288,255,-174,206
SW:2
RR:3
SS:3
FR:2402
ME:19
MA:33
KE:16
KA:25
DF_END

Data arrived...
DF_BEGIN
IQ:0,0,11,-97,132
IQ:1,8,11,144,85
IQ:2,16,11,65,-141
IQ:3,24,11,-149,-49
IQ:4,32,11,-42,158
IQ:5,40,11,159,29
IQ:6,48,11,9,-158
IQ:7,56,11,-159,10
IQ:8,72,12,205,53
IQ:9,80,255,80,-180
IQ:10,88,1,-133,-119
IQ:11,96,255,-104,111
IQ:12,104,2,72,65
IQ:13,112,255,-15,-57
IQ:14,120,10,-303,49
IQ:15,128,255,-44,250
IQ:16,136,3,96,66
IQ:17,144,255,6,-118
IQ:18,152,9,-246,-36
IQ:19,160,255,-90,193
IQ:20,168,4,7,77
IQ:21,176,255,2,-19
IQ:22,184,8,-108,-68
IQ:23,192,255,-53,80
IQ:24,200,7,76,45
IQ:25,208,255,20,-25
IQ:26,216,6,-23,60
IQ:27,224,255,20,43
IQ:28,232,5,-61,47
IQ:29,240,255,-21,117
IQ:30,248,12,38,212
IQ:31,256,255,190,-14
IQ:32,264,1,12,-165
IQ:33,272,255,-149,-19
IQ:34,280,2,-18,101
IQ:35,288,255,31,-6
SW:2
RR:3
SS:3
FR:2480
ME:19
MA:35
KE:16
KA:27
DF_END

Data arrived...
DF_BEGIN
IQ:0,0,11,-167,10
IQ:1,8,11,43,162
IQ:2,16,11,158,-53
IQ:3,24,11,-63,-156
IQ:4,32,11,-153,80
IQ:5,40,11,89,143
IQ:6,48,11,120,-119
IQ:7,56,11,-125,-119
IQ:8,72,12,69,150
IQ:9,80,255,107,-34
IQ:10,88,1,-11,-21
IQ:11,96,255,10,20
IQ:12,104,2,48,-43
IQ:13,112,255,-37,-93
IQ:14,120,10,-80,-95
IQ:15,128,255,-49,23
IQ:16,136,3,32,-64
IQ:17,144,255,-49,-68
IQ:18,152,9,-13,-21
IQ:19,160,255,40,-29
IQ:20,168,4,11,-159
IQ:21,176,255,-137,-35
IQ:22,184,8,40,127
IQ:23,192,255,131,-41
IQ:24,200,7,-63,-134
IQ:25,208,255,-155,34
IQ:26,216,6,-7,96
IQ:27,224,255,109,-57
IQ:28,232,5,-88,-231
IQ:29,240,255,-240,39
IQ:30,248,12,-91,147
IQ:31,256,255,82,87
IQ:32,264,1,21,-15
IQ:33,272,255,-12,21
IQ:34,280,2,57,23
IQ:35,288,255,40,-103
SW:2
RR:3
SS:3
FR:2426
ME:10
MA:231
KE:16
KA:21
DF_END

Data arrived...
DF_BEGIN
IQ:0,0,11,-173,20
IQ:1,8,11,32,166
IQ:2,16,11,161,-61
IQ:3,24,11,-74,-153
IQ:4,32,11,-150,87
IQ:5,40,11,103,141
IQ:6,48,11,120,-121
IQ:7,56,11,-132,-115
IQ:8,72,12,81,148
IQ:9,80,255,114,-32
IQ:10,88,1,-7,-23
IQ:11,96,255,7,23
IQ:12,104,2,47,-36
IQ:13,112,255,-38,-96
IQ:14,120,10,-80,-87
IQ:15,128,255,-48,28
IQ:16,136,3,31,-67
IQ:17,144,255,-54,-68
IQ:18,152,9,-21,-16
IQ:19,160,255,42,-31
IQ:20,168,4,16,-161
IQ:21,176,255,-135,-30
IQ:22,184,8,38,136
IQ:23,192,255,135,-36
IQ:24,200,7,-71,-138
IQ:25,208,255,-155,33
IQ:26,216,6,-9,105
IQ:27,224,255,118,-52
IQ:28,232,5,-83,-229
IQ:29,240,255,-252,29
IQ:30,248,12,-110,131
IQ:31,256,255,87,74
IQ:32,264,1,16,-12
IQ:33,272,255,-16,19
IQ:34,280,2,56,27
IQ:35,288,255,43,-105
SW:2
RR:3
SS:3
FR:2426
ME:10
MA:226
KE:15
KA:13
DF_END

Data arrived...
DF_BEGIN
IQ:0,0,11,-26,-92
IQ:1,8,11,-100,48
IQ:2,16,11,52,97
IQ:3,24,11,77,-59
IQ:4,32,11,-51,-86
IQ:5,40,11,-84,52
IQ:6,48,11,78,65
IQ:7,56,11,59,-102
IQ:8,72,12,-66,98
IQ:9,80,255,115,135
IQ:10,88,1,251,-74
IQ:11,96,255,-72,-310
IQ:12,104,2,-380,-80
IQ:13,112,255,-87,249
IQ:14,120,10,204,-192
IQ:15,128,255,-188,-274
IQ:16,136,3,-442,71
IQ:17,144,255,60,322
IQ:18,152,9,277,-208
IQ:19,160,255,-158,-420
IQ:20,168,4,-478,-140
IQ:21,176,255,-130,327
IQ:22,184,8,349,-83
IQ:23,192,255,-64,-339
IQ:24,200,7,-452,-1
IQ:25,208,255,-42,333
IQ:26,216,6,103,-104
IQ:27,224,255,-156,-286
IQ:28,232,5,-421,-204
IQ:29,240,255,-229,213
IQ:30,248,12,-134,-21
IQ:31,256,255,-63,157
IQ:32,264,1,203,187
IQ:33,272,255,239,-200
IQ:34,280,2,-167,-334
IQ:35,288,255,-285,-10
SW:2
RR:3
SS:3
FR:2402
ME:16
MA:33
KE:15
KA:18
DF_END

Data arrived...
DF_BEGIN
IQ:0,0,11,90,-132
IQ:1,8,11,-143,-80
IQ:2,16,11,-58,144
IQ:3,24,11,146,44
IQ:4,32,11,29,-154
IQ:5,40,11,-161,-13
IQ:6,48,11,1,157
IQ:7,56,11,156,-22
IQ:8,72,12,-206,-34
IQ:9,80,255,-61,195
IQ:10,88,1,147,110
IQ:11,96,255,101,-106
IQ:12,104,2,-75,-59
IQ:13,112,255,16,65
IQ:14,120,10,284,-67
IQ:15,128,255,4,-257
IQ:16,136,3,-110,-49
IQ:17,144,255,22,122
IQ:18,152,9,258,-10
IQ:19,160,255,74,-199
IQ:20,168,4,-12,-69
IQ:21,176,255,-2,18
IQ:22,184,8,115,70
IQ:23,192,255,40,-83
IQ:24,200,7,-72,-40
IQ:25,208,255,-21,29
IQ:26,216,6,22,-64
IQ:27,224,255,-24,-33
IQ:28,232,5,49,-43
IQ:29,240,255,6,-118
IQ:30,248,12,-85,-196
IQ:31,256,255,-187,43
IQ:32,264,1,-8,180
IQ:33,272,255,154,12
IQ:34,280,2,15,-97
IQ:35,288,255,-32,9
SW:2
RR:3
SS:3
FR:2480
ME:19
MA:35
KE:15
KA:22
DF_END

Data arrived...
DF_BEGIN
IQ:0,0,11,51,165
IQ:1,8,11,158,-54
IQ:2,16,11,-77,-155
IQ:3,24,11,-141,96
IQ:4,32,11,123,124
IQ:5,40,11,115,-134
IQ:6,48,11,-129,-111
IQ:7,56,11,-96,139
IQ:8,72,12,134,-118
IQ:9,80,255,-57,-114
IQ:10,88,1,-20,11
IQ:11,96,255,20,-10
IQ:12,104,2,-40,-45
IQ:13,112,255,-89,49
IQ:14,120,10,-79,101
IQ:15,128,255,40,39
IQ:16,136,3,-75,-19
IQ:17,144,255,-59,58
IQ:18,152,9,-17,29
IQ:19,160,255,-29,-25
IQ:20,168,4,-161,15
IQ:21,176,255,-8,137
IQ:22,184,8,118,-72
IQ:23,192,255,-63,-127
IQ:24,200,7,-123,85
IQ:25,208,255,65,143
IQ:26,216,6,106,-12
IQ:27,224,255,-80,-95
IQ:28,232,5,-201,140
IQ:29,240,255,93,232
IQ:30,248,12,166,65
IQ:31,256,255,57,-104
IQ:32,264,1,-18,-12
IQ:33,272,255,20,9
IQ:34,280,2,11,-57
IQ:35,288,255,-112,-23
SW:2
RR:3
SS:3
FR:2426
ME:10
MA:226
KE:15
KA:12
DF_END

Data arrived...
DF_BEGIN
IQ:0,0,11,109,136
IQ:1,8,11,116,-113
IQ:2,16,11,-135,-104
IQ:3,24,11,-84,143
IQ:4,32,11,152,72
IQ:5,40,11,65,-163
IQ:6,48,11,-166,-45
IQ:7,56,11,-32,166
IQ:8,72,12,84,-157
IQ:9,80,255,-99,-80
IQ:10,88,1,-16,20
IQ:11,96,255,12,-18
IQ:12,104,2,-58,-19
IQ:13,112,255,-53,77
IQ:14,120,10,-27,126
IQ:15,128,255,51,20
IQ:16,136,3,-73,19
IQ:17,144,255,-31,75
IQ:18,152,9,-10,32
IQ:19,160,255,-45,-5
IQ:20,168,4,-131,91
IQ:21,176,255,52,129
IQ:22,184,8,83,-105
IQ:23,192,255,-101,-89
IQ:24,200,7,-72,125
IQ:25,208,255,115,98
IQ:26,216,6,86,-51
IQ:27,224,255,-112,-58
IQ:28,232,5,-138,199
IQ:29,240,255,163,179
IQ:30,248,12,178,-7
IQ:31,256,255,10,-124
IQ:32,264,1,-27,-4
IQ:33,272,255,24,4
IQ:34,280,2,-10,-53
IQ:35,288,255,-107,24
SW:2
RR:3
SS:3
FR:2426
ME:10
MA:231
KE:14
KA:350
DF_END

Data arrived...
DF_BEGIN
IQ:0,0,11,4,91
IQ:1,8,11,99,-19
IQ:2,16,11,-18,-94
IQ:3,24,11,-84,37
IQ:4,32,11,45,78
IQ:5,40,11,85,-54
IQ:6,48,11,-50,-86
IQ:7,56,11,-76,62
IQ:8,72,12,71,-57
IQ:9,80,255,-79,-168
IQ:10,88,1,-274,20
IQ:11,96,255,-18,305
IQ:12,104,2,333,199
IQ:13,112,255,175,-209
IQ:14,120,10,-231,123
IQ:15,128,255,111,307
IQ:16,136,3,445,64
IQ:17,144,255,55,-354
IQ:18,152,9,-317,90
IQ:19,160,255,54,428
IQ:20,168,4,435,293
IQ:21,176,255,223,-291
IQ:22,184,8,-368,-81
IQ:23,192,255,-59,367
IQ:24,200,7,450,132
IQ:25,208,255,142,-293
IQ:26,216,6,-128,88
IQ:27,224,255,98,306
IQ:28,232,5,386,272
IQ:29,240,255,292,-156
IQ:30,248,12,123,67
IQ:31,256,255,99,-124
IQ:32,264,1,-140,-248
IQ:33,272,255,-258,133
IQ:34,280,2,27,381
IQ:35,288,255,259,66
SW:2
RR:3
SS:3
FR:2402
ME:16
MA:33
KE:14
KA:5
DF_END

Data arrived...
DF_BEGIN
IQ:0,0,11,40,-160
IQ:1,8,11,-155,-29
IQ:2,16,11,1,150
IQ:3,24,11,162,-25
IQ:4,32,11,-39,-163
IQ:5,40,11,-154,45
IQ:6,48,11,65,141
IQ:7,56,11,147,-73
IQ:8,72,12,-200,35
IQ:9,80,255,14,200
IQ:10,88,1,179,40
IQ:11,96,255,40,-152
IQ:12,104,2,-92,-31
IQ:13,112,255,49,53
IQ:14,120,10,268,-175
IQ:15,128,255,-53,-258
IQ:16,136,3,-113,-19
IQ:17,144,255,65,100
IQ:18,152,9,242,-106
IQ:19,160,255,-9,-215
IQ:20,168,4,-40,-61
IQ:21,176,255,6,20
IQ:22,184,8,140,3
IQ:23,192,255,8,-95
IQ:24,200,7,-88,-11
IQ:25,208,255,-10,37
IQ:26,216,6,3,-77
IQ:27,224,255,-33,-39
IQ:28,232,5,37,-56
IQ:29,240,255,-34,-112
IQ:30,248,12,-143,-163
IQ:31,256,255,-169,106
IQ:32,264,1,70,166
IQ:33,272,255,147,-55
IQ:34,280,2,-27,-103
IQ:35,288,255,-28,13
SW:2
RR:3
SS:3
FR:2480
ME:19
MA:38
KE:15
KA:15
DF_END

Data arrived...
DF_BEGIN
IQ:0,0,11,-87,148
IQ:1,8,11,154,73
IQ:2,16,11,53,-157
IQ:3,24,11,-166,-35
IQ:4,32,11,-15,174
IQ:5,40,11,175,-10
IQ:6,48,11,-17,-170
IQ:7,56,11,-163,42
IQ:8,72,12,179,26
IQ:9,80,255,38,-117
IQ:10,88,1,-29,-5
IQ:11,96,255,26,15
IQ:12,104,2,3,-55
IQ:13,112,255,-92,-20
IQ:14,120,10,-134,10
IQ:15,128,255,-10,54
IQ:16,136,3,-38,-61
IQ:17,144,255,-85,12
IQ:18,152,9,-36,3
IQ:19,160,255,-6,-42
IQ:20,168,4,-124,-101
IQ:21,176,255,-108,92
IQ:22,184,8,134,42
IQ:23,192,255,48,-127
IQ:24,200,7,-143,-27
IQ:25,208,255,-58,145
IQ:26,216,6,74,60
IQ:27,224,255,8,-127
IQ:28,232,5,-239,-52
IQ:29,240,255,-116,216
IQ:30,248,12,63,164
IQ:31,256,255,122,-31
IQ:32,264,1,-6,-30
IQ:33,272,255,4,26
IQ:34,280,2,51,-22
IQ:35,288,255,-62,-96
SW:2
RR:3
SS:3
FR:2426
ME:10
MA:229
KE:14
KA:356
DF_END

Data arrived...
DF_BEGIN
IQ:0,0,11,-8,-99
IQ:1,8,11,-96,23
IQ:2,16,11,39,80
IQ:3,24,11,80,-52
IQ:4,32,11,-59,-87
IQ:5,40,11,-83,64
IQ:6,48,11,76,70
IQ:7,56,11,56,-78
IQ:8,72,12,-75,74
IQ:9,80,255,91,136
IQ:10,88,1,270,-49
IQ:11,96,255,-34,-310
IQ:12,104,2,-337,-100
IQ:13,112,255,-104,246
IQ:14,120,10,230,-166
IQ:15,128,255,-152,-289
IQ:16,136,3,-444,22
IQ:17,144,255,-11,332
IQ:18,152,9,292,-131
IQ:19,160,255,-70,-435
IQ:20,168,4,-457,-243
IQ:21,176,255,-170,310
IQ:22,184,8,353,-22
IQ:23,192,255,-40,-346
IQ:24,200,7,-477,-42
IQ:25,208,255,-63,342
IQ:26,216,6,123,-99
IQ:27,224,255,-134,-293
IQ:28,232,5,-418,-234
IQ:29,240,255,-285,175
IQ:30,248,12,-119,-22
IQ:31,256,255,-75,149
IQ:32,264,1,175,208
IQ:33,272,255,243,-184
IQ:34,280,2,-90,-366
IQ:35,288,255,-276,-37
SW:2
RR:3
SS:3
FR:2402
ME:19
MA:33
KE:14
KA:9
DF_END

Data arrived...
DF_BEGIN
IQ:0,0,11,77,-15
IQ:1,8,11,-21,-85
IQ:2,16,11,-80,43
IQ:3,24,11,44,74
IQ:4,32,11,76,-53
IQ:5,40,11,-60,-57
IQ:6,48,11,-47,71
IQ:7,56,11,72,51
IQ:8,72,12,-80,-72
IQ:9,80,255,-131,87
IQ:10,88,1,48,260
IQ:11,96,255,322,-3
IQ:12,104,2,116,-345
IQ:13,112,255,-245,-107
IQ:14,120,10,175,202
IQ:15,128,255,283,-142
IQ:16,136,3,-22,-461
IQ:17,144,255,-346,-18
IQ:18,152,9,157,285
IQ:19,160,255,424,-109
IQ:20,168,4,228,-476
IQ:21,176,255,-289,-199
IQ:22,184,8,-17,345
IQ:23,192,255,334,-17
IQ:24,200,7,2,-484
IQ:25,208,255,-336,-113
IQ:26,216,6,83,127
IQ:27,224,255,305,-124
IQ:28,232,5,226,-424
IQ:29,240,255,-184,-257
IQ:30,248,12,14,-129
IQ:31,256,255,-135,-80
IQ:32,264,1,-209,177
IQ:33,272,255,164,260
IQ:34,280,2,352,-63
IQ:35,288,255,39,-279
SW:2
RR:3
SS:3
FR:2402
ME:19
MA:33
KE:15
KA:16
DF_END

Data arrived...
DF_BEGIN
IQ:0,0,11,147,74
IQ:1,8,11,62,-145
IQ:2,16,11,-151,-46
IQ:3,24,11,-29,153
IQ:4,32,11,159,23
IQ:5,40,11,5,-157
IQ:6,48,11,-157,10
IQ:7,56,11,26,153
IQ:8,72,12,15,-213
IQ:9,80,255,-196,-52
IQ:10,88,1,-94,150
IQ:11,96,255,123,94
IQ:12,104,2,50,-81
IQ:13,112,255,-72,25
IQ:14,120,10,58,313
IQ:15,128,255,249,17
IQ:16,136,3,41,-105
IQ:17,144,255,-120,23
IQ:18,152,9,-7,257
IQ:19,160,255,201,64
IQ:20,168,4,69,-16
IQ:21,176,255,-23,-5
IQ:22,184,8,-67,119
IQ:23,192,255,72,55
IQ:24,200,7,34,-80
IQ:25,208,255,-31,-18
IQ:26,216,6,62,20
IQ:27,224,255,36,-22
IQ:28,232,5,42,43
IQ:29,240,255,114,18
IQ:30,248,12,197,-80
IQ:31,256,255,-47,-192
IQ:32,264,1,-173,6
IQ:33,272,255,-3,159
IQ:34,280,2,98,15
IQ:35,288,255,-10,-42
SW:2
RR:3
SS:3
FR:2480
ME:19
MA:33
KE:15
KA:20
DF_END

Data arrived...
DF_BEGIN
IQ:0,0,11,-169,-33
IQ:1,8,11,-6,169
IQ:2,16,11,169,-5
IQ:3,24,11,-33,-160
IQ:4,32,11,-172,43
IQ:5,40,11,50,159
IQ:6,48,11,153,-72
IQ:7,56,11,-76,-151
IQ:8,72,12,15,169
IQ:9,80,255,129,8
IQ:10,88,1,4,-21
IQ:11,96,255,-2,15
IQ:12,104,2,61,-14
IQ:13,112,255,-2,-98
IQ:14,120,10,-43,-116
IQ:15,128,255,-52,5
IQ:16,136,3,41,-62
IQ:17,144,255,-27,-72
IQ:18,152,9,-18,-30
IQ:19,160,255,42,-15
IQ:20,168,4,56,-144
IQ:21,176,255,-117,-58
IQ:22,184,8,4,130
IQ:23,192,255,135,11
IQ:24,200,7,-28,-148
IQ:25,208,255,-157,-14
IQ:26,216,6,-37,92
IQ:27,224,255,123,-21
IQ:28,232,5,-4,-238
IQ:29,240,255,-245,-44
IQ:30,248,12,-147,102
IQ:31,256,255,46,109
IQ:32,264,1,19,-8
IQ:33,272,255,-16,12
IQ:34,280,2,44,28
IQ:35,288,255,66,-75
SW:2
RR:3
SS:3
FR:2426
ME:10
MA:226
KE:15
KA:10
DF_END

Data arrived...
DF_BEGIN
IQ:0,0,11,-147,82
IQ:1,8,11,103,131
IQ:2,16,11,119,-118
IQ:3,24,11,-140,-98
IQ:4,32,11,-94,148
IQ:5,40,11,153,78
IQ:6,48,11,60,-154
IQ:7,56,11,-167,-50
IQ:8,72,12,134,109
IQ:9,80,255,83,-87
IQ:10,88,1,-17,-15
IQ:11,96,255,16,15
IQ:12,104,2,28,-52
IQ:13,112,255,-71,-70
IQ:14,120,10,-114,-57
IQ:15,128,255,-35,42
IQ:16,136,3,-8,-76
IQ:17,144,255,-75,-38
IQ:18,152,9,-25,-11
IQ:19,160,255,20,-42
IQ:20,168,4,-49,-149
IQ:21,176,255,-134,26
IQ:22,184,8,94,98
IQ:23,192,255,110,-86
IQ:24,200,7,-119,-89
IQ:25,208,255,-123,96
IQ:26,216,6,39,92
IQ:27,224,255,74,-106
IQ:28,232,5,-172,-168
IQ:29,240,255,-199,137
IQ:30,248,12,-40,177
IQ:31,256,255,110,48
IQ:32,264,1,4,-23
IQ:33,272,255,-9,24
IQ:34,280,2,60,2
IQ:35,288,255,-12,-112
SW:2
RR:3
SS:3
FR:2426
ME:10
MA:229
KE:14
KA:345
DF_END

Data arrived...
DF_BEGIN
IQ:0,0,11,43,89
IQ:1,8,11,90,-57
IQ:2,16,11,-54,-85
IQ:3,24,11,-79,50
IQ:4,32,11,68,70
IQ:5,40,11,62,-72
IQ:6,48,11,-87,-61
IQ:7,56,11,-60,86
IQ:8,72,12,62,-96
IQ:9,80,255,-115,-133
IQ:10,88,1,-255,85
IQ:11,96,255,75,307
IQ:12,104,2,363,75
IQ:13,112,255,79,-256
IQ:14,120,10,-184,189
IQ:15,128,255,201,252
IQ:16,136,3,446,-89
IQ:17,144,255,-53,-330
IQ:18,152,9,-268,172
IQ:19,160,255,170,406
IQ:20,168,4,505,157
IQ:21,176,255,142,-346
IQ:22,184,8,-357,59
IQ:23,192,255,45,331
IQ:24,200,7,458,-12
IQ:25,208,255,55,-341
IQ:26,216,6,-109,110
IQ:27,224,255,172,261
IQ:28,232,5,450,144
IQ:29,240,255,222,-240
IQ:30,248,12,138,12
IQ:31,256,255,61,-153
IQ:32,264,1,-207,-170
IQ:33,272,255,-217,227
IQ:34,280,2,118,369
IQ:35,288,255,275,11
SW:2
RR:3
SS:3
FR:2402
ME:16
MA:33
KE:14
KA:4
DF_END

Data arrived...
DF_BEGIN
IQ:0,0,11,-49,-151
IQ:1,8,11,-148,46
IQ:2,16,11,77,131
IQ:3,24,11,129,-98
IQ:4,32,11,-101,-124
IQ:5,40,11,-104,111
IQ:6,48,11,121,100
IQ:7,56,11,93,-127
IQ:8,72,12,-163,122
IQ:9,80,255,108,174
IQ:10,88,1,172,-60
IQ:11,96,255,-26,-150
IQ:12,104,2,-104,20
IQ:13,112,255,59,33
IQ:14,120,10,149,-281
IQ:15,128,255,-165,-195
IQ:16,136,3,-110,48
IQ:17,144,255,100,74
IQ:18,152,9,163,-195
IQ:19,160,255,-106,-187
IQ:20,168,4,-69,-35
IQ:21,176,255,24,30
IQ:22,184,8,130,-42
IQ:23,192,255,-35,-83
IQ:24,200,7,-83,36
IQ:25,208,255,16,39
IQ:26,216,6,-26,-65
IQ:27,224,255,-43,-14
IQ:28,232,5,-6,-57
IQ:29,240,255,-76,-77
IQ:30,248,12,-213,-66
IQ:31,256,255,-103,173
IQ:32,264,1,137,123
IQ:33,272,255,119,-105
IQ:34,280,2,-68,-76
IQ:35,288,255,-19,38
SW:2
RR:3
SS:3
FR:2480
ME:19
MA:35
KE:15
KA:14
DF_END

Data arrived...
DF_BEGIN
IQ:0,0,11,126,103
IQ:1,8,11,83,-134
IQ:2,16,11,-144,-62
IQ:3,24,11,-55,155
IQ:4,32,11,158,31
IQ:5,40,11,24,-156
IQ:6,48,11,-163,-3
IQ:7,56,11,10,163
IQ:8,72,12,17,-211
IQ:9,80,255,-195,-57
IQ:10,88,1,-114,150
IQ:11,96,255,105,118
IQ:12,104,2,66,-76
IQ:13,112,255,-74,19
IQ:14,120,10,64,313
IQ:15,128,255,256,54
IQ:16,136,3,62,-94
IQ:17,144,255,-122,31
IQ:18,152,9,3,265
IQ:19,160,255,200,77
IQ:20,168,4,72,-13
IQ:21,176,255,-31,-12
IQ:22,184,8,-72,117
IQ:23,192,255,77,48
IQ:24,200,7,37,-78
IQ:25,208,255,-47,-16
IQ:26,216,6,59,27
IQ:27,224,255,39,-22
IQ:28,232,5,31,47
IQ:29,240,255,107,26
IQ:30,248,12,203,-58
IQ:31,256,255,-41,-189
IQ:32,264,1,-186,10
IQ:33,272,255,-21,165
IQ:34,280,2,94,29
IQ:35,288,255,-4,-32
SW:2
RR:3
SS:3
FR:2480
ME:19
MA:38
KE:15
KA:21
DF_END

Data arrived...
DF_BEGIN
IQ:0,0,11,-138,95
IQ:1,8,11,109,123
IQ:2,16,11,112,-125
IQ:3,24,11,-132,-112
IQ:4,32,11,-97,139
IQ:5,40,11,147,77
IQ:6,48,11,48,-162
IQ:7,56,11,-162,-39
IQ:8,72,12,137,98
IQ:9,80,255,85,-80
IQ:10,88,1,-16,-13
IQ:11,96,255,24,17
IQ:12,104,2,25,-58
IQ:13,112,255,-78,-65
IQ:14,120,10,-112,-54
IQ:15,128,255,-30,40
IQ:16,136,3,-5,-79
IQ:17,144,255,-75,-36
IQ:18,152,9,-25,-11
IQ:19,160,255,19,-43
IQ:20,168,4,-63,-147
IQ:21,176,255,-135,33
IQ:22,184,8,89,108
IQ:23,192,255,114,-85
IQ:24,200,7,-117,-96
IQ:25,20