IQ:29,240,255,-323,-76
IQ:30,248,12,-117,-104
IQ:31,256,255,-148,61
IQ:32,264,1,22,243
IQ:33,272,255,289,25
IQ:34,280,2,178,-285
IQ:35,288,255,-138,-175
SW:2
RR:3
SS:3
FR:2402
ME:19
MA:33
KE:16
KA:26
DF_END

Data arrived...
DF_BEGIN
IQ:0,0,11,15,-155
IQ:1,8,11,-153,4
IQ:2,16,11,28,161
IQ:3,24,11,152,-49
IQ:4,32,11,-67,-154
IQ:5,40,11,-150,68
IQ:6,48,11,79,140
IQ:7,56,11,135,-90
IQ:8,72,12,-190,69
IQ:9,80,255,28,191
IQ:10,88,1,166,28
IQ:11,96,255,36,-135
IQ:12,104,2,-98,0
IQ:13,112,255,44,48
IQ:14,120,10,226,-200
IQ:15,128,255,-100,-237
IQ:16,136,3,-110,4
IQ:17,144,255,80,86
IQ:18,152,9,231,-129
IQ:19,160,255,-25,-215
IQ:20,168,4,-30,-66
IQ:21,176,255,1,15
IQ:22,184,8,132,-5
IQ:23,192,255,3,-94
IQ:24,200,7,-73,-7
IQ:25,208,255,-11,32
IQ:26,216,6,-10,-52
IQ:27,224,255,-29,-23
IQ:28,232,5,21,-62
IQ:29,240,255,-48,-108
IQ:30,248,12,-150,-140
IQ:31,256,255,-143,121
IQ:32,264,1,79,152
IQ:33,272,255,133,-66
IQ:34,280,2,-38,-84
IQ:35,288,255,-26,18
SW:2
RR:3
SS:3
FR:2480
ME:19
MA:33
KE:16
KA:28
DF_END

Data arrived...
DF_BEGIN
IQ:0,0,11,19,-167
IQ:1,8,11,-156,-7
IQ:2,16,11,16,159
IQ:3,24,11,158,-39
IQ:4,32,11,-46,-158
IQ:5,40,11,-148,60
IQ:6,48,11,75,136
IQ:7,56,11,136,-95
IQ:8,72,12,-191,38
IQ:9,80,255,8,183
IQ:10,88,1,162,40
IQ:11,96,255,39,-135
IQ:12,104,2,-90,-21
IQ:13,112,255,42,44
IQ:14,120,10,252,-178
IQ:15,128,255,-71,-246
IQ:16,136,3,-105,-15
IQ:17,144,255,64,92
IQ:18,152,9,234,-89
IQ:19,160,255,0,-210
IQ:20,168,4,-21,-67
IQ:21,176,255,-3,16
IQ:22,184,8,137,14
IQ:23,192,255,24,-88
IQ:24,200,7,-73,-10
IQ:25,208,255,-13,32
IQ:26,216,6,-4,-55
IQ:27,224,255,-23,-27
IQ:28,232,5,26,-63
IQ:29,240,255,-42,-104
IQ:30,248,12,-135,-152
IQ:31,256,255,-149,105
IQ:32,264,1,49,155
IQ:33,272,255,133,-37
IQ:34,280,2,-25,-90
IQ:35,288,255,-24,11
SW:2
RR:3
SS:3
FR:2480
ME:19
MA:38
KE:17
KA:30
DF_END

Data arrived...
DF_BEGIN
IQ:0,0,11,-94,-119
IQ:1,8,11,-104,110
IQ:2,16,11,115,100
IQ:3,24,11,94,-127
IQ:4,32,11,-137,-72
IQ:5,40,11,-62,139
IQ:6,48,11,139,62
IQ:7,56,11,34,-149
IQ:8,72,12,-113,141
IQ:9,80,255,92,87
IQ:10,88,1,22,-31
IQ:11,96,255,-18,3
IQ:12,104,2,55,37
IQ:13,112,255,74,-76
IQ:14,120,10,57,-113
IQ:15,128,255,-40,-24
IQ:16,136,3,78,-5
IQ:17,144,255,32,-74
IQ:18,152,9,11,-31
IQ:19,160,255,37,9
IQ:20,168,4,139,-63
IQ:21,176,255,-37,-130
IQ:22,184,8,-93,107
IQ:23,192,255,90,96
IQ:24,200,7,58,-127
IQ:25,208,255,-127,-98
IQ:26,216,6,-85,46
IQ:27,224,255,107,46
IQ:28,232,5,149,-194
IQ:29,240,255,-149,-207
IQ:30,248,12,-186,-26
IQ:31,256,255,-34,120
IQ:32,264,1,32,6
IQ:33,272,255,-20,-14
IQ:34,280,2,-2,67
IQ:35,288,255,107,-5
SW:2
RR:3
SS:3
FR:2426
ME:10
MA:226
KE:16
KA:27
DF_END

Data arrived...
DF_BEGIN
IQ:0,0,11,61,23
IQ:1,8,11,16,-58
IQ:2,16,11,-71,-2
IQ:3,24,11,-7,56
IQ:4,32,11,69,1
IQ:5,40,11,-15,-58
IQ:6,48,11,-68,17
IQ:7,56,11,26,62
IQ:8,72,12,-19,-91
IQ:9,80,255,-151,3
IQ:10,88,1,-78,264
IQ:11,96,255,285,115
IQ:12,104,2,216,-287
IQ:13,112,255,-217,-223
IQ:14,120,10,31,261
IQ:15,128,255,338,45
IQ:16,136,3,175,-398
IQ:17,144,255,-365,-144
IQ:18,152,9,-32,355
IQ:19,160,255,446,83
IQ:20,168,4,402,-401
IQ:21,176,255,-256,-325
IQ:22,184,8,-171,384
IQ:23,192,255,380,167
IQ:24,200,7,233,-448
IQ:25,208,255,-308,-219
IQ:26,216,6,50,188
IQ:27,224,255,367,-2
IQ:28,232,5,366,-371
IQ:29,240,255,-141,-314
IQ:30,248,12,80,-64
IQ:31,256,255,-51,-125
IQ:32,264,1,-259,62
IQ:33,272,255,39,315
IQ:34,280,2,371,44
IQ:35,288,255,120,-265
SW:2
RR:3
SS:3
FR:2402
ME:16
MA:33
KE:16
KA:29
DF_END

Data arrived...
DF_BEGIN
IQ:0,0,11,-51,-25
IQ:1,8,11,-18,47
IQ:2,16,11,50,21
IQ:3,24,11,3,-48
IQ:4,32,11,-52,-18
IQ:5,40,11,-12,50
IQ:6,48,11,58,6
IQ:7,56,11,11,-62
IQ:8,72,12,-21,63
IQ:9,80,255,148,48
IQ:10,88,1,128,-213
IQ:11,96,255,-231,-193
IQ:12,104,2,-313,207
IQ:13,112,255,99,278
IQ:14,120,10,56,-229
IQ:15,128,255,-297,-88
IQ:16,136,3,-296,382
IQ:17,144,255,265,233
IQ:18,152,9,121,-319
IQ:19,160,255,-411,-206
IQ:20,168,4,-519,297
IQ:21,176,255,157,403
IQ:22,184,8,261,-319
IQ:23,192,255,-314,-259
IQ:24,200,7,-372,372
IQ:25,208,255,222,319
IQ:26,216,6,41,-190
IQ:27,224,255,-347,-103
IQ:28,232,5,-464,271
IQ:29,240,255,64,368
IQ:30,248,12,-87,44
IQ:31,256,255,17,127
IQ:32,264,1,261,-12
IQ:33,272,255,58,-302
IQ:34,280,2,-317,-178
IQ:35,288,255,-223,204
SW:2
RR:3
SS:3
FR:2402
ME:10
MA:21
KE:15
KA:27
DF_END

Data arrived...
DF_BEGIN
IQ:0,0,11,-163,-68
IQ:1,8,11,-55,156
IQ:2,16,11,173,27
IQ:3,24,11,12,-173
IQ:4,32,11,-167,-1
IQ:5,40,11,25,168
IQ:6,48,11,166,-43
IQ:7,56,11,-66,-168
IQ:8,72,12,8,201
IQ:9,80,255,196,17
IQ:10,88,1,75,-157
IQ:11,96,255,-133,-68
IQ:12,104,2,-44,86
IQ:13,112,255,65,-34
IQ:14,120,10,-109,-293
IQ:15,128,255,-263,18
IQ:16,136,3,-35,95
IQ:17,144,255,105,-51
IQ:18,152,9,-33,-252
IQ:19,160,255,-205,-56
IQ:20,168,4,-67,-2
IQ:21,176,255,3,-2
IQ:22,184,8,24,-121
IQ:23,192,255,-72,-37
IQ:24,200,7,-18,46
IQ:25,208,255,15,8
IQ:26,216,6,-67,4
IQ:27,224,255,-18,23
IQ:28,232,5,-43,-56
IQ:29,240,255,-127,12
IQ:30,248,12,-179,119
IQ:31,256,255,81,174
IQ:32,264,1,164,-25
IQ:33,272,255,-19,-137
IQ:34,280,2,-101,12
IQ:35,288,255,20,20
SW:2
RR:3
SS:3
FR:2480
ME:24
MA:38
KE:16
KA:29
DF_END

Data arrived...
DF_BEGIN
IQ:0,0,11,156,-108
IQ:1,8,11,-126,-146
IQ:2,16,11,-128,138
IQ:3,24,11,150,112
IQ:4,32,11,102,-157
IQ:5,40,11,-166,-84
IQ:6,48,11,-55,185
IQ:7,56,11,178,44
IQ:8,72,12,-159,-163
IQ:9,80,255,-132,87
IQ:10,88,1,6,37
IQ:11,96,255,-11,-4
IQ:12,104,2,-26,56
IQ:13,112,255,80,68
IQ:14,120,10,128,66
IQ:15,128,255,52,-39
IQ:16,136,3,25,85
IQ:17,144,255,83,25
IQ:18,152,9,24,33
IQ:19,160,255,-6,60
IQ:20,168,4,96,173
IQ:21,176,255,149,-60
IQ:22,184,8,-136,-103
IQ:23,192,255,-126,116
IQ:24,200,7,152,83
IQ:25,208,255,117,-137
IQ:26,216,6,-51,-93
IQ:27,224,255,-55,137
IQ:28,232,5,239,200
IQ:29,240,255,260,-183
IQ:30,248,12,44,-226
IQ:31,256,255,-145,-59
IQ:32,264,1,-33,26
IQ:33,272,255,-2,-14
IQ:34,280,2,-64,3
IQ:35,288,255,19,118
SW:2
RR:3
SS:3
FR:2426
ME:13
MA:226
KE:16
KA:25
DF_END

Data arrived...
DF_BEGIN
IQ:0,0,11,94,-17
IQ:1,8,11,-25,-89
IQ:2,16,11,-69,25
IQ:3,24,11,39,71
IQ:4,32,11,73,-41
IQ:5,40,11,-32,-90
IQ:6,48,11,-70,54
IQ:7,56,11,59,62
IQ:8,72,12,-41,-106
IQ:9,80,255,-129,30
IQ:10,88,1,-67,222
IQ:11,96,255,218,139
IQ:12,104,2,260,-161
IQ:13,112,255,-81,-212
IQ:14,120,10,2,188
IQ:15,128,255,241,24
IQ:16,136,3,212,-341
IQ:17,144,255,-230,-193
IQ:18,152,9,-61,273
IQ:19,160,255,369,142
IQ:20,168,4,480,-236
IQ:21,176,255,-103,-385
IQ:22,184,8,-264,209
IQ:23,192,255,227,227
IQ:24,200,7,343,-311
IQ:25,208,255,-186,-291
IQ:26,216,6,-31,111
IQ:27,224,255,270,113
IQ:28,232,5,460,-172
IQ:29,240,255,25,-392
IQ:30,248,12,69,-97
IQ:31,256,255,-68,-107
IQ:32,264,1,-220,57
IQ:33,272,255,-4,260
IQ:34,280,2,258,155
IQ:35,288,255,171,-158
SW:2
RR:3
SS:3
FR:2402
ME:19
MA:30
KE:16
KA:26
DF_END

Data arrived...
DF_BEGIN
IQ:0,0,11,-157,43
IQ:1,8,11,68,153
IQ:2,16,11,131,-96
IQ:3,24,11,-115,-132
IQ:4,32,11,-127,116
IQ:5,40,11,122,103
IQ:6,48,11,93,-138
IQ:7,56,11,-149,-84
IQ:8,72,12,131,166
IQ:9,80,255,166,-100
IQ:10,88,1,-42,-164
IQ:11,96,255,-139,24
IQ:12,104,2,18,93
IQ:13,112,255,26,-61
IQ:14,120,10,-280,-128
IQ:15,128,255,-194,176
IQ:16,136,3,36,106
IQ:17,144,255,53,-101
IQ:18,152,9,-188,-152
IQ:19,160,255,-176,100
IQ:20,168,4,-51,53
IQ:21,176,255,12,-6
IQ:22,184,8,-41,-117
IQ:23,192,255,-79,23
IQ:24,200,7,15,54
IQ:25,208,255,23,3
IQ:26,216,6,-49,34
IQ:27,224,255,-11,27
IQ:28,232,5,-77,-2
IQ:29,240,255,-84,91
IQ:30,248,12,-58,207
IQ:31,256,255,173,82
IQ:32,264,1,86,-130
IQ:33,272,255,-111,-97
IQ:34,280,2,-73,62
IQ:35,288,255,19,8
SW:2
RR:3
SS:3
FR:2480
ME:21
MA:35
KE:16
KA:27
DF_END

Data arrived...
DF_BEGIN
IQ:0,0,11,124,137
IQ:1,8,11,120,-141
IQ:2,16,11,-159,-101
IQ:3,24,11,-104,161
IQ:4,32,11,168,87
IQ:5,40,11,75,-178
IQ:6,48,11,-184,-45
IQ:7,56,11,-18,184
IQ:8,72,12,130,-182
IQ:9,80,255,-105,-126
IQ:10,88,1,-38,11
IQ:11,96,255,2,-8
IQ:12,104,2,-59,-29
IQ:13,112,255,-69,87
IQ:14,120,10,-59,127
IQ:15,128,255,36,40
IQ:16,136,3,-92,27
IQ:17,144,255,-25,82
IQ:18,152,9,-36,27
IQ:19,160,255,-69,6
IQ:20,168,4,-163,112
IQ:21,176,255,67,140
IQ:22,184,8,81,-148
IQ:23,192,255,-136,-99
IQ:24,200,7,-66,160
IQ:25,208,255,147,115
IQ:26,216,6,81,-69
IQ:27,224,255,-147,-47
IQ:28,232,5,-167,259
IQ:29,240,255,207,236
IQ:30,248,12,231,24
IQ:31,256,255,50,-148
IQ:32,264,1,-37,-29
IQ:33,272,255,3,0
IQ:34,280,2,-10,-69
IQ:35,288,255,-123,30
SW:2
RR:3
SS:3
FR:2426
ME:13
MA:223
KE:16
KA:24
DF_END

Data arrived...
DF_BEGIN
IQ:0,0,11,-63,185
IQ:1,8,11,191,49
IQ:2,16,11,26,-191
IQ:3,24,11,-198,4
IQ:4,32,11,26,194
IQ:5,40,11,204,-30
IQ:6,48,11,-35,-197
IQ:7,56,11,-184,65
IQ:8,72,12,238,33
IQ:9,80,255,46,-159
IQ:10,88,1,-45,-27
IQ:11,96,255,12,10
IQ:12,104,2,-1,-68
IQ:13,112,255,-117,-16
IQ:14,120,10,-156,20
IQ:15,128,255,-2,61
IQ:16,136,3,-59,-68
IQ:17,144,255,-91,16
IQ:18,152,9,-46,-8
IQ:19,160,255,-32,-40
IQ:20,168,4,-175,-93
IQ:21,176,255,-96,131
IQ:22,184,8,162,0
IQ:23,192,255,11,-170
IQ:24,200,7,-172,12
IQ:25,208,255,-19,188
IQ:26,216,6,107,47
IQ:27,224,255,-27,-150
IQ:28,232,5,-311,-17
IQ:29,240,255,-99,297
IQ:30,248,12,100,218
IQ:31,256,255,159,-38
IQ:32,264,1,-4,-46
IQ:33,272,255,-5,16
IQ:34,280,2,59,-39
IQ:35,288,255,-81,-90
SW:2
RR:3
SS:3
FR:2426
ME:13
MA:223
KE:16
KA:15
DF_END

Data arrived...
DF_BEGIN
IQ:0,0,11,-71,58
IQ:1,8,11,65,63
IQ:2,16,11,48,-90
IQ:3,24,11,-72,-50
IQ:4,32,11,-48,91
IQ:5,40,11,92,25
IQ:6,48,11,15,-84
IQ:7,56,11,-81,-14
IQ:8,72,12,107,33
IQ:9,80,255,99,-132
IQ:10,88,1,-112,-225
IQ:11,96,255,-255,77
IQ:12,104,2,-77,315
IQ:13,112,255,204,85
IQ:14,120,10,-180,-143
IQ:15,128,255,-206,170
IQ:16,136,3,48,412
IQ:17,144,255,321,2
IQ:18,152,9,-157,-250
IQ:19,160,255,-383,156
IQ:20,168,4,-149,500
IQ:21,176,255,332,200
IQ:22,184,8,-27,-316
IQ:23,192,255,-350,25
IQ:24,200,7,-72,469
IQ:25,208,255,327,106
IQ:26,216,6,-66,-112
IQ:27,224,255,-280,127
IQ:28,232,5,-218,447
IQ:29,240,255,247,265
IQ:30,248,12,9,119
IQ:31,256,255,124,13
IQ:32,264,1,116,-224
IQ:33,272,255,-196,-195
IQ:34,280,2,-293,118
IQ:35,288,255,-26,243
SW:2
RR:3
SS:3
FR:2402
ME:21
MA:33
KE:16
KA:20
DF_END

Data arrived...
DF_BEGIN
IQ:0,0,11,-154,-41
IQ:1,8,11,-30,164
IQ:2,16,11,160,37
IQ:3,24,11,-3,-153
IQ:4,32,11,-170,20
IQ:5,40,11,21,161
IQ:6,48,11,157,-45
IQ:7,56,11,-55,-160
IQ:8,72,12,-5,197
IQ:9,80,255,193,25
IQ:10,88,1,71,-155
IQ:11,96,255,-117,-67
IQ:12,104,2,-46,82
IQ:13,112,255,53,-26
IQ:14,120,10,-99,-297
IQ:15,128,255,-253,7
IQ:16,136,3,-32,92
IQ:17,144,255,106,-41
IQ:18,152,9,-52,-241
IQ:19,160,255,-206,-40
IQ:20,168,4,-75,5
IQ:21,176,255,6,5
IQ:22,184,8,32,-111
IQ:23,192,255,-76,-23
IQ:24,200,7,-24,49
IQ:25,208,255,10,10
IQ:26,216,6,-61,-1
IQ:27,224,255,-19,22
IQ:28,232,5,-50,-47
IQ:29,240,255,-117,9
IQ:30,248,12,-167,110
IQ:31,256,255,98,164
IQ:32,264,1,168,-39
IQ:33,272,255,-22,-144
IQ:34,280,2,-97,10
IQ:35,288,255,12,21
SW:2
RR:3
SS:3
FR:2480
ME:19
MA:35
KE:16
KA:23
DF_END

Data arrived...
DF_BEGIN
IQ:0,0,11,-51,174
IQ:1,8,11,188,35
IQ:2,16,11,37,-185
IQ:3,24,11,-185,-13
IQ:4,32,11,16,178
IQ:5,40,11,179,-40
IQ:6,48,11,-37,-189
IQ:7,56,11,-177,50
IQ:8,72,12,231,9
IQ:9,80,255,53,-172
IQ:10,88,1,-46,-45
IQ:11,96,255,-2,10
IQ:12,104,2,-4,-54
IQ:13,112,255,-94,-24
IQ:14,120,10,-164,-1
IQ:15,128,255,-25,69
IQ:16,136,3,-41,-54
IQ:17,144,255,-75,-2
IQ:18,152,9,-66,-19
IQ:19,160,255,-49,-32
IQ:20,168,4,-164,-76
IQ:21,176,255,-81,117
IQ:22,184,8,145,-21
IQ:23,192,255,10,-150
IQ:24,200,7,-143,23
IQ:25,208,255,-8,152
IQ:26,216,6,79,43
IQ:27,224,255,-26,-131
IQ:28,232,5,-280,-22
IQ:29,240,255,-101,281
IQ:30,248,12,96,213
IQ:31,256,255,168,-40
IQ:32,264,1,12,-57
IQ:33,272,255,-16,-6
IQ:34,280,2,37,-28
IQ:35,288,255,-66,-81
SW:2
RR:3
SS:3
FR:2426
ME:13
MA:223
KE:16
KA:15
DF_END

Data arrived...
DF_BEGIN
IQ:0,0,11,41,-69
IQ:1,8,11,-85,-25
IQ:2,16,11,-18,88
IQ:3,24,11,95,9
IQ:4,32,11,0,-88
IQ:5,40,11,-82,4
IQ:6,48,11,21,100
IQ:7,56,11,95,-30
IQ:8,72,12,-102,-1
IQ:9,80,255,-43,130
IQ:10,88,1,148,136
IQ:11,96,255,214,-136
IQ:12,104,2,14,-313
IQ:13,112,255,-207,-58
IQ:14,120,10,209,83
IQ:15,128,255,188,-199
IQ:16,136,3,-125,-374
IQ:17,144,255,-278,67
IQ:18,152,9,206,159
IQ:19,160,255,323,-221
IQ:20,168,4,47,-539
IQ:21,176,255,-386,-90
IQ:22,184,8,53,329
IQ:23,192,255,312,-103
IQ:24,200,7,-78,-491
IQ:25,208,255,-375,-36
IQ:26,216,6,69,95
IQ:27,224,255,234,-197
IQ:28,232,5,91,-500
IQ:29,240,255,-326,-197
IQ:30,248,12,-69,-110
IQ:31,256,255,-114,15
IQ:32,264,1,-48,215
IQ:33,272,255,230,97
IQ:34,280,2,258,-145
IQ:35,288,255,-27,-230
SW:2
RR:3
SS:3
FR:2402
ME:24
MA:33
KE:17
KA:20
DF_END

Data arrived...
DF_BEGIN
IQ:0,0,11,-57,-65
IQ:1,8,11,-56,64
IQ:2,16,11,54,40
IQ:3,24,11,58,-78
IQ:4,32,11,-75,-31
IQ:5,40,11,-16,85
IQ:6,48,11,77,29
IQ:7,56,11,8,-81
IQ:8,72,12,-50,85
IQ:9,80,255,82,105
IQ:10,88,1,205,-93
IQ:11,96,255,-54,-262
IQ:12,104,2,-318,-84
IQ:13,112,255,-88,211
IQ:14,120,10,181,-159
IQ:15,128,255,-150,-249
IQ:16,136,3,-408,54
IQ:17,144,255,18,320
IQ:18,152,9,228,-169
IQ:19,160,255,-147,-397
IQ:20,168,4,-517,-196
IQ:21,176,255,-179,323
IQ:22,184,8,341,-18
IQ:23,192,255,-28,-347
IQ:24,200,7,-515,-24
IQ:25,208,255,-107,371
IQ:26,216,6,114,-52
IQ:27,224,255,-125,-298
IQ:28,232,5,-475,-154
IQ:29,240,255,-238,241
IQ:30,248,12,-114,13
IQ:31,256,255,-41,129
IQ:32,264,1,187,127
IQ:33,272,255,198,-194
IQ:34,280,2,-121,-300
IQ:35,288,255,-261,-27
SW:2
RR:3
SS:3
FR:2402
ME:21
MA:35
KE:17
KA:23
DF_END

Data arrived...
DF_BEGIN
IQ:0,0,11,-100,-120
IQ:1,8,11,-126,112
IQ:2,16,11,121,117
IQ:3,24,11,91,-129
IQ:4,32,11,-144,-71
IQ:5,40,11,-51,153
IQ:6,48,11,156,41
IQ:7,56,11,35,-155
IQ:8,72,12,-110,179
IQ:9,80,255,149,130
IQ:10,88,1,142,-89
IQ:11,96,255,-71,-126
IQ:12,104,2,-80,54
IQ:13,112,255,67,3
IQ:14,120,10,22,-303
IQ:15,128,255,-233,-99
IQ:16,136,3,-84,68
IQ:17,144,255,110,8
IQ:18,152,9,89,-246
IQ:19,160,255,-150,-145
IQ:20,168,4,-61,-35
IQ:21,176,255,10,5
IQ:22,184,8,96,-100
IQ:23,192,255,-49,-70
IQ:24,200,7,-43,52
IQ:25,208,255,15,27
IQ:26,216,6,-40,-36
IQ:27,224,255,-39,-3
IQ:28,232,5,-22,-75
IQ:29,240,255,-103,-44
IQ:30,248,12,-211,-1
IQ:31,256,255,-26,183
IQ:32,264,1,162,66
IQ:33,272,255,60,-136
IQ:34,280,2,-81,-46
IQ:35,288,255,-6,30
SW:2
RR:3
SS:3
FR:2480
ME:21
MA:38
KE:18
KA:27
DF_END

Data arrived...
DF_BEGIN
IQ:0,0,11,83,127
IQ:1,8,11,117,-88
IQ:2,16,11,-98,-115
IQ:3,24,11,-94,117
IQ:4,32,11,116,83
IQ:5,40,11,81,-130
IQ:6,48,11,-136,-66
IQ:7,56,11,-45,147
IQ:8,72,12,126,-120
IQ:9,80,255,-63,-110
IQ:10,88,1,-35,4
IQ:11,96,255,9,-5
IQ:12,104,2,-45,-15
IQ:13,112,255,-65,49
IQ:14,120,10,-69,97
IQ:15,128,255,24,44
IQ:16,136,3,-73,6
IQ:17,144,255,-36,63
IQ:18,152,9,-34,25
IQ:19,160,255,-49,0
IQ:20,168,4,-134,51
IQ:21,176,255,24,120
IQ:22,184,8,73,-98
IQ:23,192,255,-90,-94
IQ:24,200,7,-73,96
IQ:25,208,255,84,88
IQ:26,216,6,78,-31
IQ:27,224,255,-100,-57
IQ:28,232,5,-162,172
IQ:29,240,255,110,213
IQ:30,248,12,161,55
IQ:31,256,255,44,-110
IQ:32,264,1,-22,-21
IQ:33,272,255,6,2
IQ:34,280,2,-2,-47
IQ:35,288,255,-93,10
SW:2
RR:3
SS:3
FR:2426
ME:13
MA:229
KE:17
KA:19
DF_END

Data arrived...
DF_BEGIN
IQ:0,0,11,129,-37
IQ:1,8,11,-68,-129
IQ:2,16,11,-123,59
IQ:3,24,11,77,99
IQ:4,32,11,98,-82
IQ:5,40,11,-93,-74
IQ:6,48,11,-86,112
IQ:7,56,11,109,66
IQ:8,72,12,-105,-112
IQ:9,80,255,-150,98
IQ:10,88,1,45,280
IQ:11,96,255,290,51
IQ:12,104,2,141,-264
IQ:13,112,255,-143,-119
IQ:14,120,10,153,210
IQ:15,128,255,276,-94
IQ:16,136,3,69,-340
IQ:17,144,255,-269,-34
IQ:18,152,9,104,307
IQ:19,160,255,411,-11
IQ:20,168,4,326,-361
IQ:21,176,255,-222,-244
IQ:22,184,8,-63,310
IQ:23,192,255,288,72
IQ:24,200,7,191,-400
IQ:25,208,255,-237,-191
IQ:26,216,6,44,110
IQ:27,224,255,261,0
IQ:28,232,5,358,-259
IQ:29,240,255,-62,-328
IQ:30,248,12,46,-157
IQ:31,256,255,-158,-91
IQ:32,264,1,-224,143
IQ:33,272,255,129,259
IQ:34,280,2,301,-12
IQ:35,288,255,73,-188
SW:2
RR:3
SS:3
FR:2402
ME:19
MA:33
KE:17
KA:23
DF_END

Data arrived...
DF_BEGIN
IQ:0,0,11,-4,-160
IQ:1,8,11,-157,14
IQ:2,16,11,32,151
IQ:3,24,11,143,-57
IQ:4,32,11,-78,-138
IQ:5,40,11,-134,89
IQ:6,48,11,90,135
IQ:7,56,11,112,-109
IQ:8,72,12,-185,94
IQ:9,80,255,49,197
IQ:10,88,1,180,8
IQ:11,96,255,9,-152
IQ:12,104,2,-111,-25
IQ:13,112,255,39,48
IQ:14,120,10,218,-224
IQ:15,128,255,-137,-225
IQ:16,136,3,-122,-3
IQ:17,144,255,80,81
IQ:18,152,9,201,-159
IQ:19,160,255,-60,-204
IQ:20,168,4,-54,-65
IQ:21,176,255,-2,25
IQ:22,184,8,134,-8
IQ:23,192,255,-8,-95
IQ:24,200,7,-72,19
IQ:25,208,255,3,39
IQ:26,216,6,-15,-69
IQ:27,224,255,-46,-29
IQ:28,232,5,5,-66
IQ:29,240,255,-61,-94
IQ:30,248,12,-167,-132
IQ:31,256,255,-150,134
IQ:32,264,1,88,157
IQ:33,272,255,142,-68
IQ:34,280,2,-43,-93
IQ:35,288,255,-33,13
SW:2
RR:3
SS:3
FR:2480
ME:19
MA:38
KE:17
KA:26
DF_END

Data arrived...
DF_BEGIN
IQ:0,0,11,11,192
IQ:1,8,11,189,-34
IQ:2,16,11,-43,-191
IQ:3,24,11,-172,73
IQ:4,32,11,89,180
IQ:5,40,11,167,-97
IQ:6,48,11,-116,-159
IQ:7,56,11,-150,125
IQ:8,72,12,208,-49
IQ:9,80,255,-9,-156
IQ:10,88,1,-26,-15
IQ:11,96,255,7,-13
IQ:12,104,2,-34,-43
IQ:13,112,255,-106,34
IQ:14,120,10,-133,69
IQ:15,128,255,0,59
IQ:16,136,3,-90,-42
IQ:17,144,255,-73,54
IQ:18,152,9,-47,6
IQ:19,160,255,-47,-44
IQ:20,168,4,-199,-18
IQ:21,176,255,-38,165
IQ:22,184,8,158,-56
IQ:23,192,255,-42,-161
IQ:24,200,7,-147,78
IQ:25,208,255,37,174
IQ:26,216,6,105,14
IQ:27,224,255,-78,-127
IQ:28,232,5,-296,98
IQ:29,240,255,9,310
IQ:30,248,12,158,153
IQ:31,256,255,117,-97
IQ:32,2