KE:14
KA:357
DF_END

Data arrived...
DF_BEGIN
IQ:0,0,11,-23,138
IQ:1,8,11,149,25
IQ:2,16,11,0,-153
IQ:3,24,11,-142,16
IQ:4,32,11,37,127
IQ:5,40,11,140,-49
IQ:6,48,11,-30,-147
IQ:7,56,11,-141,55
IQ:8,72,12,152,-70
IQ:9,80,255,-88,-205
IQ:10,88,1,-341,58
IQ:11,96,255,-9,353
IQ:12,104,2,340,123
IQ:13,112,255,89,-246
IQ:14,120,10,-283,164
IQ:15,128,255,133,341
IQ:16,136,3,407,30
IQ:17,144,255,-7,-312
IQ:18,152,9,-325,167
IQ:19,160,255,89,438
IQ:20,168,4,457,224
IQ:21,176,255,173,-308
IQ:22,184,8,-389,-21
IQ:23,192,255,-25,369
IQ:24,200,7,445,113
IQ:25,208,255,124,-316
IQ:26,216,6,-107,117
IQ:27,224,255,95,286
IQ:28,232,5,339,259
IQ:29,240,255,249,-102
IQ:30,248,12,163,119
IQ:31,256,255,138,-150
IQ:32,264,1,-240,-251
IQ:33,272,255,-302,195
IQ:34,280,2,80,364
IQ:35,288,255,265,-7
SW:2
RR:3
SS:3
FR:2402
ME:16
MA:30
KE:14
KA:6
DF_END

Data arrived...
DF_BEGIN
IQ:0,0,11,158,-57
IQ:1,8,11,-66,-155
IQ:2,16,11,-136,80
IQ:3,24,11,101,128
IQ:4,32,11,117,-117
IQ:5,40,11,-128,-102
IQ:6,48,11,-104,140
IQ:7,56,11,142,90
IQ:8,72,12,-138,-140
IQ:9,80,255,-157,103
IQ:10,88,1,47,147
IQ:11,96,255,133,-33
IQ:12,104,2,-23,-93
IQ:13,112,255,-25,52
IQ:14,120,10,276,140
IQ:15,128,255,181,-182
IQ:16,136,3,-46,-113
IQ:17,144,255,-58,95
IQ:18,152,9,187,157
IQ:19,160,255,173,-107
IQ:20,168,4,36,-58
IQ:21,176,255,-25,4
IQ:22,184,8,38,112
IQ:23,192,255,85,-28
IQ:24,200,7,-17,-73
IQ:25,208,255,-35,-3
IQ:26,216,6,44,-32
IQ:27,224,255,12,-29
IQ:28,232,5,58,2
IQ:29,240,255,70,-79
IQ:30,248,12,58,-188
IQ:31,256,255,-171,-79
IQ:32,264,1,-106,118
IQ:33,272,255,91,96
IQ:34,280,2,64,-50
IQ:35,288,255,-24,-10
SW:2
RR:3
SS:3
FR:2480
ME:19
MA:35
KE:15
KA:13
DF_END

Data arrived...
DF_BEGIN
IQ:0,0,11,-209,55
IQ:1,8,11,85,196
IQ:2,16,11,200,-108
IQ:3,24,11,-116,-188
IQ:4,32,11,-161,133
IQ:5,40,11,165,138
IQ:6,48,11,142,-174
IQ:7,56,11,-181,-131
IQ:8,72,12,173,180
IQ:9,80,255,206,-145
IQ:10,88,1,-39,-207
IQ:11,96,255,-174,7
IQ:12,104,2,12,105
IQ:13,112,255,31,-72
IQ:14,120,10,-367,-212
IQ:15,128,255,-263,215
IQ:16,136,3,33,130
IQ:17,144,255,77,-129
IQ:18,152,9,-254,-207
IQ:19,160,255,-232,131
IQ:20,168,4,-56,76
IQ:21,176,255,26,-23
IQ:22,184,8,-36,-157
IQ:23,192,255,-107,15
IQ:24,200,7,26,94
IQ:25,208,255,37,0
IQ:26,216,6,-57,37
IQ:27,224,255,-16,29
IQ:28,232,5,-87,-20
IQ:29,240,255,-99,101
IQ:30,248,12,-68,252
IQ:31,256,255,218,110
IQ:32,264,1,150,-147
IQ:33,272,255,-111,-140
IQ:34,280,2,-97,61
IQ:35,288,255,23,12
SW:2
RR:3
SS:3
FR:2480
ME:21
MA:38
KE:15
KA:19
DF_END

Data arrived...
DF_BEGIN
IQ:0,0,11,90,-129
IQ:1,8,11,-137,-77
IQ:2,16,11,-63,139
IQ:3,24,11,150,53
IQ:4,32,11,27,-155
IQ:5,40,11,-163,-26
IQ:6,48,11,-20,147
IQ:7,56,11,155,-13
IQ:8,72,12,-187,-62
IQ:9,80,255,-68,121
IQ:10,88,1,37,12
IQ:11,96,255,-20,-17
IQ:12,104,2,-9,55
IQ:13,112,255,94,35
IQ:14,120,10,130,8
IQ:15,128,255,14,-53
IQ:16,136,3,27,59
IQ:17,144,255,71,-4
IQ:18,152,9,22,-5
IQ:19,160,255,-7,41
IQ:20,168,4,89,121
IQ:21,176,255,101,-66
IQ:22,184,8,-131,-41
IQ:23,192,255,-63,123
IQ:24,200,7,135,5
IQ:25,208,255,44,-143
IQ:26,216,6,-67,-77
IQ:27,224,255,-27,119
IQ:28,232,5,233,115
IQ:29,240,255,149,-212
IQ:30,248,12,-60,-182
IQ:31,256,255,-133,18
IQ:32,264,1,10,44
IQ:33,272,255,9,-30
IQ:34,280,2,-61,20
IQ:35,288,255,45,94
SW:2
RR:3
SS:3
FR:2426
ME:10
MA:223
KE:15
KA:11
DF_END

Data arrived...
DF_BEGIN
IQ:0,0,11,-93,-123
IQ:1,8,11,-97,96
IQ:2,16,11,123,89
IQ:3,24,11,74,-119
IQ:4,32,11,-135,-59
IQ:5,40,11,-63,143
IQ:6,48,11,135,47
IQ:7,56,11,37,-140
IQ:8,72,12,-36,166
IQ:9,80,255,194,86
IQ:10,88,1,202,-269
IQ:11,96,255,-288,-215
IQ:12,104,2,-302,211
IQ:13,112,255,133,243
IQ:14,120,10,60,-315
IQ:15,128,255,-307,-139
IQ:16,136,3,-281,296
IQ:17,144,255,232,228
IQ:18,152,9,137,-333
IQ:19,160,255,-358,-257
IQ:20,168,4,-465,147
IQ:21,176,255,66,316
IQ:22,184,8,281,-230
IQ:23,192,255,-255,-256
IQ:24,200,7,-386,247
IQ:25,208,255,129,295
IQ:26,216,6,-6,-173
IQ:27,224,255,-260,-118
IQ:28,232,5,-400,90
IQ:29,240,255,-83,259
IQ:30,248,12,-187,49
IQ:31,256,255,32,189
IQ:32,264,1,336,-7
IQ:33,272,255,69,-346
IQ:34,280,2,-327,-134
IQ:35,288,255,-164,198
SW:2
RR:3
SS:3
FR:2402
ME:16
MA:27
KE:15
KA:15
DF_END

Data arrived...
DF_BEGIN
IQ:0,0,11,106,-126
IQ:1,8,11,-144,-100
IQ:2,16,11,-94,147
IQ:3,24,11,151,62
IQ:4,32,11,34,-163
IQ:5,40,11,-171,-18
IQ:6,48,11,-19,174
IQ:7,56,11,170,3
IQ:8,72,12,-195,-65
IQ:9,80,255,-90,172
IQ:10,88,1,99,114
IQ:11,96,255,99,-86
IQ:12,104,2,-62,-69
IQ:13,112,255,10,54
IQ:14,120,10,308,-34
IQ:15,128,255,54,-256
IQ:16,136,3,-87,-81
IQ:17,144,255,-6,113
IQ:18,152,9,235,40
IQ:19,160,255,90,-187
IQ:20,168,4,-1,-68
IQ:21,176,255,-16,16
IQ:22,184,8,82,80
IQ:23,192,255,55,-59
IQ:24,200,7,-53,-54
IQ:25,208,255,-40,15
IQ:26,216,6,21,-48
IQ:27,224,255,-10,-31
IQ:28,232,5,57,-26
IQ:29,240,255,28,-108
IQ:30,248,12,-50,-202
IQ:31,256,255,-196,14
IQ:32,264,1,-48,153
IQ:33,272,255,122,41
IQ:34,280,2,27,-82
IQ:35,288,255,-20,0
SW:2
RR:3
SS:3
FR:2480
ME:21
MA:38
KE:15
KA:21
DF_END

Data arrived...
DF_BEGIN
IQ:0,0,11,147,-61
IQ:1,8,11,-64,-140
IQ:2,16,11,-136,67
IQ:3,24,11,88,128
IQ:4,32,11,111,-102
IQ:5,40,11,-120,-99
IQ:6,48,11,-100,121
IQ:7,56,11,124,82
IQ:8,72,12,-128,-146
IQ:9,80,255,-133,59
IQ:10,88,1,13,34
IQ:11,96,255,-1,-25
IQ:12,104,2,-43,38
IQ:13,112,255,52,79
IQ:14,120,10,104,79
IQ:15,128,255,45,-31
IQ:16,136,3,-9,62
IQ:17,144,255,61,44
IQ:18,152,9,18,14
IQ:19,160,255,-33,34
IQ:20,168,4,9,151
IQ:21,176,255,116,6
IQ:22,184,8,-84,-103
IQ:23,192,255,-105,67
IQ:24,200,7,97,81
IQ:25,208,255,118,-83
IQ:26,216,6,-11,-95
IQ:27,224,255,-81,92
IQ:28,232,5,139,214
IQ:29,240,255,244,-73
IQ:30,248,12,72,-185
IQ:31,256,255,-109,-75
IQ:32,264,1,-10,35
IQ:33,272,255,17,-13
IQ:34,280,2,-50,-13
IQ:35,288,255,-12,105
SW:2
RR:3
SS:3
FR:2426
ME:10
MA:226
KE:15
KA:13
DF_END

Data arrived...
DF_BEGIN
IQ:0,0,11,51,145
IQ:1,8,11,131,-69
IQ:2,16,11,-91,-127
IQ:3,24,11,-133,77
IQ:4,32,11,97,119
IQ:5,40,11,107,-111
IQ:6,48,11,-123,-86
IQ:7,56,11,-89,136
IQ:8,72,12,154,-112
IQ:9,80,255,-58,-130
IQ:10,88,1,-33,14
IQ:11,96,255,20,0
IQ:12,104,2,-44,-42
IQ:13,112,255,-79,56
IQ:14,120,10,-77,100
IQ:15,128,255,33,49
IQ:16,136,3,-69,-6
IQ:17,144,255,-47,65
IQ:18,152,9,-20,20
IQ:19,160,255,-33,-28
IQ:20,168,4,-147,23
IQ:21,176,255,-5,121
IQ:22,184,8,105,-83
IQ:23,192,255,-58,-119
IQ:24,200,7,-89,87
IQ:25,208,255,74,122
IQ:26,216,6,90,-16
IQ:27,224,255,-86,-89
IQ:28,232,5,-209,129
IQ:29,240,255,79,236
IQ:30,248,12,171,81
IQ:31,256,255,58,-111
IQ:32,264,1,-32,-22
IQ:33,272,255,13,18
IQ:34,280,2,9,-55
IQ:35,288,255,-105,-14
SW:2
RR:3
SS:3
FR:2426
ME:10
MA:226
KE:14
KA:354
DF_END

Data arrived...
DF_BEGIN
IQ:0,0,11,-25,111
IQ:1,8,11,118,21
IQ:2,16,11,21,-115
IQ:3,24,11,-124,-6
IQ:4,32,11,16,115
IQ:5,40,11,111,-36
IQ:6,48,11,-23,-122
IQ:7,56,11,-116,41
IQ:8,72,12,108,-32
IQ:9,80,255,-56,-169
IQ:10,88,1,-299,-32
IQ:11,96,255,-89,297
IQ:12,104,2,277,211
IQ:13,112,255,163,-180
IQ:14,120,10,-282,81
IQ:15,128,255,19,306
IQ:16,136,3,367,100
IQ:17,144,255,70,-311
IQ:18,152,9,-330,39
IQ:19,160,255,-50,409
IQ:20,168,4,350,369
IQ:21,176,255,269,-219
IQ:22,184,8,-349,-160
IQ:23,192,255,-132,346
IQ:24,200,7,445,217
IQ:25,208,255,226,-274
IQ:26,216,6,-135,61
IQ:27,224,255,10,298
IQ:28,232,5,294,340
IQ:29,240,255,288,-104
IQ:30,248,12,105,104
IQ:31,256,255,120,-103
IQ:32,264,1,-148,-288
IQ:33,272,255,-308,72
IQ:34,280,2,-29,333
IQ:35,288,255,244,71
SW:2
RR:3
SS:3
FR:2402
ME:16
MA:30
KE:14
KA:6
DF_END

Data arrived...
DF_BEGIN
IQ:0,0,11,212,-37
IQ:1,8,11,-67,-210
IQ:2,16,11,-198,95
IQ:3,24,11,117,192
IQ:4,32,11,174,-126
IQ:5,40,11,-140,-161
IQ:6,48,11,-158,165
IQ:7,56,11,171,139
IQ:8,72,12,-140,-224
IQ:9,80,255,-225,102
IQ:10,88,1,16,203
IQ:11,96,255,172,-3
IQ:12,104,2,-9,-112
IQ:13,112,255,-26,71
IQ:14,120,10,340,243
IQ:15,128,255,274,-192
IQ:16,136,3,-18,-139
IQ:17,144,255,-83,118
IQ:18,152,9,220,241
IQ:19,160,255,252,-93
IQ:20,168,4,63,-63
IQ:21,176,255,-19,9
IQ:22,184,8,16,147
IQ:23,192,255,100,-15
IQ:24,200,7,1,-97
IQ:25,208,255,-38,-20
IQ:26,216,6,61,-38
IQ:27,224,255,19,-33
IQ:28,232,5,85,28
IQ:29,240,255,118,-104
IQ:30,248,12,90,-247
IQ:31,256,255,-207,-134
IQ:32,264,1,-152,139
IQ:33,272,255,105,140
IQ:34,280,2,95,-62
IQ:35,288,255,-18,-14
SW:2
RR:3
SS:3
FR:2480
ME:21
MA:33
KE:15
KA:14
DF_END

Data arrived...
DF_BEGIN
IQ:0,0,11,-24,-157
IQ:1,8,11,-156,21
IQ:2,16,11,39,148
IQ:3,24,11,153,-49
IQ:4,32,11,-59,-141
IQ:5,40,11,-129,89
IQ:6,48,11,90,135
IQ:7,56,11,108,-108
IQ:8,72,12,-182,64
IQ:9,80,255,28,133
IQ:10,88,1,32,-22
IQ:11,96,255,-27,-11
IQ:12,104,2,27,50
IQ:13,112,255,94,-26
IQ:14,120,10,99,-80
IQ:15,128,255,-30,-53
IQ:16,136,3,57,40
IQ:17,144,255,63,-45
IQ:18,152,9,22,-18
IQ:19,160,255,18,41
IQ:20,168,4,144,37
IQ:21,176,255,47,-108
IQ:22,184,8,-124,58
IQ:23,192,255,36,135
IQ:24,200,7,113,-66
IQ:25,208,255,-49,-137
IQ:26,216,6,-102,-17
IQ:27,224,255,51,111
IQ:28,232,5,234,-67
IQ:29,240,255,-15,-253
IQ:30,248,12,-159,-121
IQ:31,256,255,-98,95
IQ:32,264,1,31,29
IQ:33,272,255,-4,-22
IQ:34,280,2,-33,51
IQ:35,288,255,96,52
SW:2
RR:3
SS:3
FR:2426
ME:10
MA:226
KE:14
KA:359
DF_END

Data arrived...
DF_BEGIN
IQ:0,0,11,-24,-129
IQ:1,8,11,-117,37
IQ:2,16,11,46,110
IQ:3,24,11,104,-67
IQ:4,32,11,-64,-107
IQ:5,40,11,-102,76
IQ:6,48,11,85,79
IQ:7,56,11,83,-100
IQ:8,72,12,-87,117
IQ:9,80,255,126,128
IQ:10,88,1,267,-151
IQ:11,96,255,-90,-317
IQ:12,104,2,-344,-6
IQ:13,112,255,-38,254
IQ:14,120,10,186,-196
IQ:15,128,255,-204,-245
IQ:16,136,3,-396,74
IQ:17,144,255,58,316
IQ:18,152,9,260,-199
IQ:19,160,255,-183,-394
IQ:20,168,4,-482,-138
IQ:21,176,255,-101,310
IQ:22,184,8,396,-85
IQ:23,192,255,-33,-353
IQ:24,200,7,-478,81
IQ:25,208,255,-32,360
IQ:26,216,6,102,-110
IQ:27,224,255,-157,-264
IQ:28,232,5,-426,-164
IQ:29,240,255,-244,193
IQ:30,248,12,-152,-36
IQ:31,256,255,-75,164
IQ:32,264,1,254,165
IQ:33,272,255,192,-249
IQ:34,280,2,-169,-313
IQ:35,288,255,-242,38
SW:2
RR:3
SS:3
FR:2402
ME:16
MA:30
KE:15
KA:9
DF_END

Data arrived...
DF_BEGIN
IQ:0,0,11,48,-165
IQ:1,8,11,-168,-35
IQ:2,16,11,-16,163
IQ:3,24,11,171,-6
IQ:4,32,11,-10,-164
IQ:5,40,11,-160,38
IQ:6,48,11,60,159
IQ:7,56,11,155,-59
IQ:8,72,12,-190,55
IQ:9,80,255,8,193
IQ:10,88,1,147,53
IQ:11,96,255,44,-125
IQ:12,104,2,-79,-39
IQ:13,112,255,32,39
IQ:14,120,10,279,-159
IQ:15,128,255,-44,-252
IQ:16,136,3,-105,-37
IQ:17,144,255,45,97
IQ:18,152,9,243,-90
IQ:19,160,255,8,-208
IQ:20,168,4,-27,-70
IQ:21,176,255,-10,15
IQ:22,184,8,113,26
IQ:23,192,255,31,-79
IQ:24,200,7,-64,-34
IQ:25,208,255,-27,21
IQ:26,216,6,5,-57
IQ:27,224,255,-10,-30
IQ:28,232,5,46,-47
IQ:29,240,255,-36,-110
IQ:30,248,12,-145,-148
IQ:31,256,255,-156,98
IQ:32,264,1,48,154
IQ:33,272,255,134,-20
IQ:34,280,2,-5,-91
IQ:35,288,255,-18,5
SW:2
RR:3
SS:3
FR:2480
ME:21
MA:35
KE:15
KA:17
DF_END

Data arrived...
DF_BEGIN
IQ:0,0,11,-126,-107
IQ:1,8,11,-106,127
IQ:2,16,11,131,90
IQ:3,24,11,57,-150
IQ:4,32,11,-164,-45
IQ:5,40,11,-40,162
IQ:6,48,11,156,31
IQ:7,56,11,8,-159
IQ:8,72,12,-67,183
IQ:9,80,255,156,94
IQ:10,88,1,115,-100
IQ:11,96,255,-72,-109
IQ:12,104,2,-78,44
IQ:13,112,255,52,-12
IQ:14,120,10,-21,-310
IQ:15,128,255,-246,-74
IQ:16,136,3,-79,77
IQ:17,144,255,106,5
IQ:18,152,9,57,-244
IQ:19,160,255,-171,-120
IQ:20,168,4,-74,-5
IQ:21,176,255,15,10
IQ:22,184,8,86,-86
IQ:23,192,255,-58,-64
IQ:24,200,7,-66,37
IQ:25,208,255,2,38
IQ:26,216,6,-48,-27
IQ:27,224,255,-33,-1
IQ:28,232,5,-29,-61
IQ:29,240,255,-112,-27
IQ:30,248,12,-196,45
IQ:31,256,255,-9,186
IQ:32,264,1,145,36
IQ:33,272,255,41,-129
IQ:34,280,2,-72,-31
IQ:35,288,255,-2,12
SW:2
RR:3
SS:3
FR:2480
ME:21
MA:35
KE:16
KA:22
DF_END

Data arrived...
DF_BEGIN
IQ:0,0,11,-84,-144
IQ:1,8,11,-129,92
IQ:2,16,11,68,128
IQ:3,24,11,87,-127
IQ:4,32,11,-136,-76
IQ:5,40,11,-70,135
IQ:6,48,11,153,98
IQ:7,56,11,32,-161
IQ:8,72,12,-115,155
IQ:9,80,255,121,112
IQ:10,88,1,20,-40
IQ:11,96,255,-24,6
IQ:12,104,2,65,20
IQ:13,112,255,29,-141
IQ:14,120,10,46,-116
IQ:15,128,255,-42,-8
IQ:16,136,3,72,-31
IQ:17,144,255,-43,-45
IQ:18,152,9,22,-17
IQ:19,160,255,34,-3
IQ:20,168,4,137,-58
IQ:21,176,255,-16,-167
IQ:22,184,8,-84,110
IQ:23,192,255,105,86
IQ:24,200,7,46,-130
IQ:25,208,255,-207,-109
IQ:26,216,6,-71,36
IQ:27,224,255,96,59
IQ:28,232,5,161,-209
IQ:29,240,255,-118,-196
IQ:30,248,12,-199,-22
IQ:31,256,255,-24,125
IQ:32,264,1,40,-5
IQ:33,272,255,2,-43
IQ:34,280,2,-3,58
IQ:35,288,255,113,-30
SW:2
RR:3
SS:3
FR:2426
ME:10
MA:231
KE:15
KA:12
DF_END

Data arrived...
DF_BEGIN
IQ:0,0,11,112,105
IQ:1,8,11,89,-123
IQ:2,16,11,-140,-62
IQ:3,24,11,-60,143
IQ:4,32,11,149,44
IQ:5,40,11,41,-157
IQ:6,48,11,-153,-12
IQ:7,56,11,0,156
IQ:8,72,12,55,-179
IQ:9,80,255,-119,-66
IQ:10,88,1,-14,38
IQ:11,96,255,25,-11
IQ:12,104,2,-69,-6
IQ:13,112,255,-45,88
IQ:14,120,10,-24,128
IQ:15,128,255,49,21
IQ:16,136,3,-64,33
IQ:17,144,255,-15,76
IQ:18,152,9,-6,22
IQ:19,160,255,-42,-14
IQ:20,168,4,-113,90
IQ:21,176,255,65,105
IQ:22,184,8,47,-130
IQ:23,192,255,-121,-64
IQ:24,200,7,-24,127
IQ:25,208,255,132,58
IQ:26,216,6,76,-68
IQ:27,224,255,-117,-24
IQ:28,232,5,-100,228
IQ:29,240,255,203,160
IQ:30,248,12,185,-51
IQ:31,256,255,-12,-134
IQ:32,264,1,-38,9
IQ:33,272,255,21,9
IQ:34,280,2,-29,-56
IQ:35,288,255,-94,45
SW:2
RR:3
SS:3
FR:2426
ME:10
MA:231
KE:15
KA:351
DF_END

Data arrived...
DF_BEGIN
IQ:0,0,11,77,-83
IQ:1,8,11,-111,-82
IQ:2,16,11,-67,108
IQ:3,24,11,109,56
IQ:4,32,11,30,-119
IQ:5,40,11,-123,-15
IQ:6,48,11,-12,124
IQ:7,56,11,122,13
IQ:8,72,12,-149,-10
IQ:9,80,255,-41,199
IQ:10,88,1,282,153
IQ:11,96,255,179,-277
IQ:12,104,2,-232,-274
IQ:13,112,255,-216,154
IQ:14,120,10,294,6
IQ:15,128,255,87,-324
IQ:16,136,3,-312,-240
IQ:17,144,255,-189,252
IQ:18,152,9,319,89
IQ:19,160,255,187,-385
IQ:20,168,4,-221,-446
IQ:21,176,255,-329,109
IQ:22,184,8,294,263
IQ:23,192,255,238,-292
IQ:24,200,7,-324,-368
IQ:25,208,255,-318,182
IQ:26,216,6,159,9
IQ:27,224,255,73,-287
IQ:28,232,5,-175,-409
IQ:29,240,255,-292,-62
IQ:30,248,12,-73,-130
IQ:31,256,255,-178,52
IQ:32,264,1,31,301
IQ:33,272,255,320,17
IQ:34,280,2,135,-333
IQ:35,288,255,-205,-164
SW:2
RR:3
SS:3
FR:2402
ME:19
MA:33
KE:15
KA:7
DF_END

Data arrived...
DF_BEGIN
IQ:0,0,11,120,-118
IQ:1,8,11,-130,-115
IQ:2,16,11,-100,134
IQ:3,24,11,152,74
IQ:4,32,11,69,-154
IQ:5,40,11,-159,-55
IQ:6,48,11,-27,164
IQ:7,56,11,164,15
IQ:8,72,12,-191,-67
IQ:9,80,255,-116,162
IQ:10,88,1,86,124
IQ:11,96,255,110,-73
IQ:12,104,2,-36,-74
IQ:13,112,255,8,50
IQ:14,120,10,331,14
IQ:15,128,255,102,-231
IQ:16,136,3,-78,-81
IQ:17,144,255,-15,106
IQ:18,152,9,238,57
IQ:19,160,255,117,-174
IQ:20,168,4,18,-68
IQ:21,176,255,-10,12
IQ:22,184,8,77,86
IQ:23,192,255,57,-53
IQ:24,200,7,-41,-67
IQ:25,208,255,-31,6
IQ:26,216,6,28,-45
IQ:27,224,255,-14,-32
IQ:28,232,5,64,-15
IQ:29,240,255,37,-114
IQ:30,248,12,-29,-209
IQ:31,256,255,-185,-15
IQ:32,264,1,-51,142
IQ:33,272,255,130,45
IQ:34,280,2,40,-72
IQ:35,288,255,-13,3
SW:2
RR:3
SS:3
FR:2480
ME:21
MA:38
KE:16
KA:17
DF_END

Data arrived...
DF_BEGIN
IQ:0,0,11,-151,-70
IQ:1,8,11,-67,142
IQ:2,16,11,156,54
IQ:3,24,11,26,-161
IQ:4,32,11,-158,-14
IQ:5,40,11,17,156
IQ:6,48,11,156,-26
IQ:7,56,11,-36,-149
IQ:8,72,12,-19,199
IQ:9,80,255,136,42
IQ:10,88,1,0,-40
IQ:11,96,255,-19,27
IQ:12,104,2,61,-9
IQ:13,112,255,11,-98
IQ:14,120,10,-24,-130
IQ:15,128,255,-56,1
IQ:16,136,3,55,-41
IQ:17,144,255,-11,-79
IQ:18,152,9,-3,-29
IQ:19,160,255,46,-5
IQ:20,168,4,106,-105
IQ:21,176,255,-74,-96
IQ:22,184,8,-12,130
IQ:23,192,255,124,35
IQ:24,200,7,-10,-125
IQ:25,208,255,-143,-23
IQ:26,216,6,-57,83
IQ:27,224,255,119,5
IQ:28,232,5,48,-248
IQ:29,240,255,-229,-106
IQ:30,248,12,-177,86
IQ:31,256,255,33,129
IQ:32,264,1,41,-19
IQ:33,272,255,-27,-9
IQ:34,280,2,31,51
IQ:35,288,255,84,-64
SW:2
RR:3
SS:3
FR:2426
ME:10
MA:229
KE:15
KA:2
DF_END

Data arrived...
DF_BEGIN
IQ:0,0,11,138,-41
IQ:1,8,11,-92,-113
IQ:2,16,11,-114,80
IQ:3,24,11,75,91
IQ:4,32,11,100,-89
IQ:5,40,11,-96,-77
IQ:6,48,11,-92,93
IQ:7,56,11,121,91
IQ:8,72,12,-126,-83
IQ:9,80,255,-127,160
IQ:10,88,1,192,235
IQ:11,96,255,280,-148
IQ:12,104,2,-49,-336
IQ:13,112,255,-255,1
IQ:14,120,10,245,139
IQ:15,128,255,224,-237
IQ:16,136,3,-154,-359
IQ:17,144,255,-282,134
IQ:18,152,9,244,227
IQ:19,160,255,364,-215
IQ:20,168,4,64,-492
IQ:21,176,255,-347,-67
IQ:22,184,8,104,376
IQ:23,192,255,329,-118
IQ:24,200,7,-109,-474
IQ:25,208,255,-350,6
IQ:26,216,6,130,76
IQ:27,224,255,242,-188
IQ:28,232,5,88,-430
IQ:29,240,255,-232,-203
IQ:30,248,12,-17,-170
IQ:31,256,255,-181,-51
IQ:32,264,1,-128,271
IQ:33,272,255,267,164
IQ:34,280,2,249,-226
IQ:35,288,255,-106,-228
SW:2
RR:3
SS:3
FR:2402
ME:16
MA:27
KE:15
KA:9
DF_END

Data arrived...
DF_BEGIN
IQ:0,0,11,98,75
IQ:1,8,11,48,-103
IQ:2,16,11,-99,-47
IQ:3,24,11,-58,106
IQ:4,32,11,119,43
IQ:5,40,11,36,-123
IQ:6,48,11,-124,-20
IQ:7,56,11,-8,127
IQ:8,72,12,23,-145
IQ:9,80,255,-198,-42
IQ:10,88,1,-120,287
IQ:11,96,255,266,179
IQ:12,104,2,270,-227
IQ:13,112,255,-157,-228
IQ:14,120,10,-10,297
IQ:15,128,255,316,84
IQ:16,136,3,191,-332
IQ:17,144,255,-268,-184
IQ:18,152,9,-92,311
IQ:19,160,255,386,214
IQ:20,168,4,459,-183
IQ:21,176,255,-116,-318
IQ:22,184,8,-258,271
IQ:23,192,255,275,233
IQ:24,200,7,334,-352
IQ:25,208,255,-175,-287
IQ:26,216,6,7,155
IQ:27,224,255,289,85
IQ:28,232,5,428,-151
IQ:29,240,255,77,-291
IQ:30,248,12,141,-69
IQ:31,256,255,-59,-175
IQ:32,264,1,-299,39
IQ:33,272,255,1,340
IQ:34,280,2,333,120
IQ:35,288,255,141,-196
SW:2
RR:3
SS:3
FR:2402
ME:16
MA:27
KE:15
KA:14
DF_END