KE:16
KA:29
DF_END

Data arrived...
DF_BEGIN
IQ:0,0,11,-132,-82
IQ:1,8,11,-89,129
IQ:2,16,11,137,83
IQ:3,24,11,38,-132
IQ:4,32,11,-161,-33
IQ:5,40,11,-59,177
IQ:6,48,11,152,16
IQ:7,56,11,7,-139
IQ:8,72,12,-57,157
IQ:9,80,255,100,61
IQ:10,88,1,22,-17
IQ:11,96,255,-9,9
IQ:12,104,2,49,1
IQ:13,112,255,32,-86
IQ:14,120,10,28,-117
IQ:15,128,255,-42,-26
IQ:16,136,3,56,-35
IQ:17,144,255,-4,-69
IQ:18,152,9,16,-26
IQ:19,160,255,45,-15
IQ:20,168,4,98,-116
IQ:21,176,255,-85,-88
IQ:22,184,8,-43,125
IQ:23,192,255,124,59
IQ:24,200,7,20,-129
IQ:25,208,255,-135,-48
IQ:26,216,6,-57,61
IQ:27,224,255,115,8
IQ:28,232,5,67,-239
IQ:29,240,255,-197,-148
IQ:30,248,12,-176,13
IQ:31,256,255,-7,119
IQ:32,264,1,28,4
IQ:33,272,255,-16,1
IQ:34,280,2,28,40
IQ:35,288,255,87,-49
SW:2
RR:3
SS:3
FR:2426
ME:13
MA:229
KE:16
KA:25
DF_END

Data arrived...
DF_BEGIN
IQ:0,0,11,-149,-33
IQ:1,8,11,-30,189
IQ:2,16,11,135,16
IQ:3,24,11,6,-164
IQ:4,32,11,-187,23
IQ:5,40,11,37,140
IQ:6,48,11,165,-36
IQ:7,56,11,-73,-182
IQ:8,72,12,-17,204
IQ:9,80,255,205,15
IQ:10,88,1,79,-167
IQ:11,96,255,-106,-91
IQ:12,104,2,-68,114
IQ:13,112,255,35,-26
IQ:14,120,10,-163,-246
IQ:15,128,255,-257,66
IQ:16,136,3,-20,106
IQ:17,144,255,107,-53
IQ:18,152,9,-83,-283
IQ:19,160,255,-207,-74
IQ:20,168,4,-100,15
IQ:21,176,255,-10,-19
IQ:22,184,8,33,-143
IQ:23,192,255,-65,-30
IQ:24,200,7,-23,90
IQ:25,208,255,40,0
IQ:26,216,6,-52,-30
IQ:27,224,255,-33,-1
IQ:28,232,5,-77,-70
IQ:29,240,255,-114,14
IQ:30,248,12,-176,141
IQ:31,256,255,69,173
IQ:32,264,1,146,-21
IQ:33,272,255,-17,-156
IQ:34,280,2,-98,-6
IQ:35,288,255,-20,34
SW:2
RR:3
SS:3
FR:2480
ME:19
MA:38
KE:16
KA:27
DF_END

Data arrived...
DF_BEGIN
IQ:0,0,11,12,-155
IQ:1,8,11,-152,6
IQ:2,16,11,0,158
IQ:3,24,11,151,-22
IQ:4,32,11,-43,-149
IQ:5,40,11,-145,58
IQ:6,48,11,67,139
IQ:7,56,11,129,-83
IQ:8,72,12,-172,20
IQ:9,80,255,4,124
IQ:10,88,1,33,8
IQ:11,96,255,-10,-7
IQ:12,104,2,24,41
IQ:13,112,255,86,-13
IQ:14,120,10,115,-46
IQ:15,128,255,-3,-52
IQ:16,136,3,50,33
IQ:17,144,255,59,-28
IQ:18,152,9,32,-4
IQ:19,160,255,32,31
IQ:20,168,4,136,35
IQ:21,176,255,48,-114
IQ:22,184,8,-123,37
IQ:23,192,255,23,140
IQ:24,200,7,120,-49
IQ:25,208,255,-18,-138
IQ:26,216,6,-85,-26
IQ:27,224,255,46,103
IQ:28,232,5,241,-45
IQ:29,240,255,31,-247
IQ:30,248,12,-116,-136
IQ:31,256,255,-107,59
IQ:32,264,1,10,25
IQ:33,272,255,1,-17
IQ:34,280,2,-26,36
IQ:35,288,255,91,53
SW:2
RR:3
SS:3
FR:2426
ME:10
MA:226
KE:16
KA:22
DF_END

Data arrived...
DF_BEGIN
IQ:0,0,11,73,-80
IQ:1,8,11,-88,-71
IQ:2,16,11,-66,83
IQ:3,24,11,84,49
IQ:4,32,11,50,-104
IQ:5,40,11,-97,-33
IQ:6,48,11,-29,92
IQ:7,56,11,89,35
IQ:8,72,12,-99,-40
IQ:9,80,255,-97,121
IQ:10,88,1,105,221
IQ:11,96,255,262,-73
IQ:12,104,2,41,-332
IQ:13,112,255,-221,-73
IQ:14,120,10,175,162
IQ:15,128,255,231,-178
IQ:16,136,3,-87,-394
IQ:17,144,255,-296,46
IQ:18,152,9,185,229
IQ:19,160,255,368,-188
IQ:20,168,4,125,-494
IQ:21,176,255,-301,-137
IQ:22,184,8,65,324
IQ:23,192,255,328,-98
IQ:24,200,7,-84,-467
IQ:25,208,255,-355,-43
IQ:26,216,6,94,110
IQ:27,224,255,251,-144
IQ:28,232,5,125,-441
IQ:29,240,255,-235,-222
IQ:30,248,12,-14,-113
IQ:31,256,255,-149,-33
IQ:32,264,1,-143,204
IQ:33,272,255,201,193
IQ:34,280,2,324,-112
IQ:35,288,255,1,-244
SW:2
RR:3
SS:3
FR:2402
ME:16
MA:33
KE:16
KA:24
DF_END

Data arrived...
DF_BEGIN
IQ:0,0,11,-115,-112
IQ:1,8,11,-100,118
IQ:2,16,11,137,86
IQ:3,24,11,76,-145
IQ:4,32,11,-149,-57
IQ:5,40,11,-43,153
IQ:6,48,11,159,31
IQ:7,56,11,18,-165
IQ:8,72,12,-81,189
IQ:9,80,255,174,102
IQ:10,88,1,128,-125
IQ:11,96,255,-104,-121
IQ:12,104,2,-81,62
IQ:13,112,255,66,-4
IQ:14,120,10,0,-313
IQ:15,128,255,-245,-88
IQ:16,136,3,-72,91
IQ:17,144,255,122,-7
IQ:18,152,9,46,-263
IQ:19,160,255,-194,-118
IQ:20,168,4,-76,-3
IQ:21,176,255,34,10
IQ:22,184,8,91,-109
IQ:23,192,255,-77,-57
IQ:24,200,7,-48,78
IQ:25,208,255,41,26
IQ:26,216,6,-56,-43
IQ:27,224,255,-49,8
IQ:28,232,5,-32,-52
IQ:29,240,255,-109,-32
IQ:30,248,12,-214,31
IQ:31,256,255,-1,191
IQ:32,264,1,169,23
IQ:33,272,255,33,-153
IQ:34,280,2,-103,-36
IQ:35,288,255,-4,43
SW:2
RR:3
SS:3
FR:2480
ME:19
MA:38
KE:16
KA:27
DF_END

Data arrived...
DF_BEGIN
IQ:0,0,11,-92,195
IQ:1,8,11,192,83
IQ:2,16,11,76,-196
IQ:3,24,11,-209,-35
IQ:4,32,11,-21,210
IQ:5,40,11,211,-2
IQ:6,48,11,-31,-203
IQ:7,56,11,-205,53
IQ:8,72,12,271,0
IQ:9,80,255,47,-271
IQ:10,88,1,-212,-104
IQ:11,96,255,-101,178
IQ:12,104,2,114,70
IQ:13,112,255,-23,-92
IQ:14,120,10,-373,128
IQ:15,128,255,34,338
IQ:16,136,3,141,51
IQ:17,144,255,-51,-154
IQ:18,152,9,-343,47
IQ:19,160,255,-63,278
IQ:20,168,4,33,96
IQ:21,176,255,-6,-47
IQ:22,184,8,-174,-64
IQ:23,192,255,-47,113
IQ:24,200,7,117,14
IQ:25,208,255,8,-59
IQ:26,216,6,-15,88
IQ:27,224,255,32,47
IQ:28,232,5,-59,60
IQ:29,240,255,0,150
IQ:30,248,12,121,257
IQ:31,256,255,250,-78
IQ:32,264,1,-35,-222
IQ:33,272,255,-207,23
IQ:34,280,2,-4,137
IQ:35,288,255,47,-15
SW:2
RR:3
SS:3
FR:2480
ME:19
MA:38
KE:16
KA:30
DF_END

Data arrived...
DF_BEGIN
IQ:0,0,11,141,62
IQ:1,8,11,39,-152
IQ:2,16,11,-152,-22
IQ:3,24,11,-7,155
IQ:4,32,11,156,-1
IQ:5,40,11,-11,-151
IQ:6,48,11,-153,36
IQ:7,56,11,56,137
IQ:8,72,12,17,-178
IQ:9,80,255,-121,-38
IQ:10,88,1,-14,27
IQ:11,96,255,7,-16
IQ:12,104,2,-49,9
IQ:13,112,255,-5,84
IQ:14,120,10,13,121
IQ:15,128,255,50,11
IQ:16,136,3,-43,44
IQ:17,144,255,7,68
IQ:18,152,9,-13,25
IQ:19,160,255,-39,23
IQ:20,168,4,-69,132
IQ:21,176,255,99,73
IQ:22,184,8,-7,-132
IQ:23,192,255,-124,-27
IQ:24,200,7,17,120
IQ:25,208,255,137,9
IQ:26,216,6,49,-81
IQ:27,224,255,-106,23
IQ:28,232,5,-13,238
IQ:29,240,255,228,72
IQ:30,248,12,161,-79
IQ:31,256,255,-39,-121
IQ:32,264,1,-34,10
IQ:33,272,255,12,0
IQ:34,280,2,-33,-34
IQ:35,288,255,-69,65
SW:2
RR:3
SS:3
FR:2426
ME:13
MA:229
KE:16
KA:24
DF_END

Data arrived...
DF_BEGIN
IQ:0,0,11,-86,-62
IQ:1,8,11,-58,93
IQ:2,16,11,103,40
IQ:3,24,11,42,-102
IQ:4,32,11,-96,-36
IQ:5,40,11,-23,111
IQ:6,48,11,117,11
IQ:7,56,11,19,-108
IQ:8,72,12,-15,104
IQ:9,80,255,131,74
IQ:10,88,1,176,-138
IQ:11,96,255,-125,-255
IQ:12,104,2,-361,-32
IQ:13,112,255,-63,237
IQ:14,120,10,114,-196
IQ:15,128,255,-202,-200
IQ:16,136,3,-387,118
IQ:17,144,255,95,296
IQ:18,152,9,218,-203
IQ:19,160,255,-199,-342
IQ:20,168,4,-482,-101
IQ:21,176,255,-97,314
IQ:22,184,8,306,-100
IQ:23,192,255,-126,-309
IQ:24,200,7,-488,84
IQ:25,208,255,-30,351
IQ:26,216,6,85,-94
IQ:27,224,255,-170,-235
IQ:28,232,5,-444,-121
IQ:29,240,255,-204,267
IQ:30,248,12,-96,37
IQ:31,256,255,-6,142
IQ:32,264,1,214,114
IQ:33,272,255,155,-217
IQ:34,280,2,-175,-297
IQ:35,288,255,-249,22
SW:2
RR:3
SS:3
FR:2402
ME:19
MA:33
KE:16
KA:26
DF_END

Data arrived...
DF_BEGIN
IQ:0,0,11,-150,76
IQ:1,8,11,74,130
IQ:2,16,11,125,-101
IQ:3,24,11,-110,-114
IQ:4,32,11,-103,129
IQ:5,40,11,130,104
IQ:6,48,11,68,-141
IQ:7,56,11,-151,-65
IQ:8,72,12,160,135
IQ:9,80,255,157,-135
IQ:10,88,1,-83,-167
IQ:11,96,255,-152,53
IQ:12,104,2,32,92
IQ:13,112,255,22,-68
IQ:14,120,10,-299,-100
IQ:15,128,255,-168,204
IQ:16,136,3,65,96
IQ:17,144,255,36,-118
IQ:18,152,9,-230,-141
IQ:19,160,255,-179,133
IQ:20,168,4,-23,69
IQ:21,176,255,10,-25
IQ:22,184,8,-79,-117
IQ:23,192,255,-85,42
IQ:24,200,7,54,66
IQ:25,208,255,30,-19
IQ:26,216,6,-56,47
IQ:27,224,255,-3,42
IQ:28,232,5,-70,14
IQ:29,240,255,-68,97
IQ:30,248,12,-37,206
IQ:31,256,255,187,67
IQ:32,264,1,85,-143
IQ:33,272,255,-129,-89
IQ:34,280,2,-69,74
IQ:35,288,255,32,10
SW:2
RR:3
SS:3
FR:2480
ME:19
MA:38
KE:16
KA:29
DF_END

Data arrived...
DF_BEGIN
IQ:0,0,11,-131,100
IQ:1,8,11,107,117
IQ:2,16,11,101,-118
IQ:3,24,11,-128,-86
IQ:4,32,11,-82,136
IQ:5,40,11,140,66
IQ:6,48,11,49,-153
IQ:7,56,11,-154,-38
IQ:8,72,12,181,95
IQ:9,80,255,118,-160
IQ:10,88,1,-104,-141
IQ:11,96,255,-132,86
IQ:12,104,2,49,91
IQ:13,112,255,6,-65
IQ:14,120,10,-313,-17
IQ:15,128,255,-92,249
IQ:16,136,3,79,80
IQ:17,144,255,16,-111
IQ:18,152,9,-259,-69
IQ:19,160,255,-141,171
IQ:20,168,4,-13,76
IQ:21,176,255,10,-27
IQ:22,184,8,-103,-105
IQ:23,192,255,-73,64
IQ:24,200,7,63,62
IQ:25,208,255,31,-28
IQ:26,216,6,-49,51
IQ:27,224,255,5,46
IQ:28,232,5,-58,28
IQ:29,240,255,-42,97
IQ:30,248,12,15,213
IQ:31,256,255,198,14
IQ:32,264,1,47,-170
IQ:33,272,255,-147,-58
IQ:34,280,2,-46,94
IQ:35,288,255,30,9
SW:2
RR:3
SS:3
FR:2480
ME:19
MA:38
KE:17
KA:30
DF_END

Data arrived...
DF_BEGIN
IQ:0,0,11,70,-142
IQ:1,8,11,-149,-69
IQ:2,16,11,-52,150
IQ:3,24,11,154,38
IQ:4,32,11,15,-164
IQ:5,40,11,-157,-15
IQ:6,48,11,13,159
IQ:7,56,11,159,-40
IQ:8,72,12,-172,-41
IQ:9,80,255,-49,110
IQ:10,88,1,35,9
IQ:11,96,255,-13,-15
IQ:12,104,2,-11,55
IQ:13,112,255,93,23
IQ:14,120,10,123,-1
IQ:15,128,255,8,-50
IQ:16,136,3,24,60
IQ:17,144,255,72,-3
IQ:18,152,9,29,3
IQ:19,160,255,11,42
IQ:20,168,4,123,89
IQ:21,176,255,101,-96
IQ:22,184,8,-132,-21
IQ:23,192,255,-43,120
IQ:24,200,7,131,1
IQ:25,208,255,30,-142
IQ:26,216,6,-77,-59
IQ:27,224,255,-9,117
IQ:28,232,5,241,60
IQ:29,240,255,128,-210
IQ:30,248,12,-59,-171
IQ:31,256,255,-123,30
IQ:32,264,1,7,35
IQ:33,272,255,2,-20
IQ:34,280,2,-48,28
IQ:35,288,255,60,83
SW:2
RR:3
SS:3
FR:2426
ME:10
MA:223
KE:16
KA:27
DF_END

Data arrived...
DF_BEGIN
IQ:0,0,11,-51,-109
IQ:1,8,11,-78,58
IQ:2,16,11,66,83
IQ:3,24,11,80,-66
IQ:4,32,11,-70,-90
IQ:5,40,11,-86,91
IQ:6,48,11,98,53
IQ:7,56,11,47,-98
IQ:8,72,12,-75,85
IQ:9,80,255,84,129
IQ:10,88,1,246,-32
IQ:11,96,255,6,-285
IQ:12,104,2,-298,-175
IQ:13,112,255,-144,185
IQ:14,120,10,216,-147
IQ:15,128,255,-98,-296
IQ:16,136,3,-400,-57
IQ:17,144,255,-23,308
IQ:18,152,9,267,-128
IQ:19,160,255,-80,-403
IQ:20,168,4,-430,-313
IQ:21,176,255,-249,235
IQ:22,184,8,330,61
IQ:23,192,255,37,-322
IQ:24,200,7,-462,-70
IQ:25,208,255,-154,324
IQ:26,216,6,128,-52
IQ:27,224,255,-58,-281
IQ:28,232,5,-358,-301
IQ:29,240,255,-318,145
IQ:30,248,12,-132,-11
IQ:31,256,255,-59,143
IQ:32,264,1,157,179
IQ:33,272,255,227,-153
IQ:34,280,2,-42,-347
IQ:35,288,255,-243,-71
SW:2
RR:3
SS:3
FR:2402
ME:19
MA:33
KE:16
KA:29
DF_END

Data arrived...
DF_BEGIN
IQ:0,0,11,-95,53
IQ:1,8,11,66,110
IQ:2,16,11,103,-70
IQ:3,24,11,-65,-93
IQ:4,32,11,-80,73
IQ:5,40,11,87,64
IQ:6,48,11,49,-98
IQ:7,56,11,-88,-67
IQ:8,72,12,88,56
IQ:9,80,255,120,-88
IQ:10,88,1,-32,-210
IQ:11,96,255,-262,1
IQ:12,104,2,-154,280
IQ:13,112,255,188,144
IQ:14,120,10,-139,-208
IQ:15,128,255,-285,94
IQ:16,136,3,-71,403
IQ:17,144,255,297,73
IQ:18,152,9,-106,-283
IQ:19,160,255,-389,45
IQ:20,168,4,-318,388
IQ:21,176,255,216,256
IQ:22,184,8,48,-337
IQ:23,192,255,-309,-20
IQ:24,200,7,-97,424
IQ:25,208,255,303,157
IQ:26,216,6,-66,-119
IQ:27,224,255,-279,54
IQ:28,232,5,-288,324
IQ:29,240,255,150,296
IQ:30,248,12,10,126
IQ:31,256,255,130,71
IQ:32,264,1,181,-140
IQ:33,272,255,-140,-231
IQ:34,280,2,-351,25
IQ:35,288,255,-82,234
SW:2
RR:3
SS:3
FR:2402
ME:19
MA:33
KE:16
KA:29
DF_END

Data arrived...
DF_BEGIN
IQ:0,0,11,-84,138
IQ:1,8,11,152,56
IQ:2,16,11,34,-155
IQ:3,24,11,-165,-22
IQ:4,32,11,-8,168
IQ:5,40,11,162,-4
IQ:6,48,11,-22,-165
IQ:7,56,11,-162,34
IQ:8,72,12,201,3
IQ:9,80,255,36,-201
IQ:10,88,1,-157,-96
IQ:11,96,255,-81,119
IQ:12,104,2,81,41
IQ:13,112,255,-34,-61
IQ:14,120,10,-293,129
IQ:15,128,255,1,264
IQ:16,136,3,102,46
IQ:17,144,255,-41,-118
IQ:18,152,9,-264,33
IQ:19,160,255,-38,219
IQ:20,168,4,22,76
IQ:21,176,255,-1,-25
IQ:22,184,8,-128,-51
IQ:23,192,255,-37,88
IQ:24,200,7,85,18
IQ:25,208,255,8,-40
IQ:26,216,6,-11,67
IQ:27,224,255,21,41
IQ:28,232,5,-41,45
IQ:29,240,255,13,107
IQ:30,248,12,121,174
IQ:31,256,255,187,-71
IQ:32,264,1,-33,-171
IQ:33,272,255,-155,21
IQ:34,280,2,3,103
IQ:35,288,255,42,-12
SW:2
RR:3
SS:3
FR:2480
ME:19
MA:35
KE:17
KA:30
DF_END

Data arrived...
DF_BEGIN
IQ:0,0,11,-74,-136
IQ:1,8,11,-128,84
IQ:2,16,11,89,129
IQ:3,24,11,116,-101
IQ:4,32,11,-115,-104
IQ:5,40,11,-89,121
IQ:6,48,11,134,65
IQ:7,56,11,61,-146
IQ:8,72,12,-128,121
IQ:9,80,255,66,104
IQ:10,88,1,27,-22
IQ:11,96,255,-6,3
IQ:12,104,2,50,21
IQ:13,112,255,59,-69
IQ:14,120,10,63,-106
IQ:15,128,255,-28,-43
IQ:16,136,3,68,9
IQ:17,144,255,42,-60
IQ:18,152,9,24,-24
IQ:19,160,255,42,12
IQ:20,168,4,143,-44
IQ:21,176,255,-23,-122
IQ:22,184,8,-90,102
IQ:23,192,255,87,104
IQ:24,200,7,70,-111
IQ:25,208,255,-99,-101
IQ:26,216,6,-85,27
IQ:27,224,255,97,64
IQ:28,232,5,176,-162
IQ:29,240,255,-126,-208
IQ:30,248,12,-174,-60
IQ:31,256,255,-51,120
IQ:32,264,1,33,7
IQ:33,272,255,-12,-14
IQ:34,280,2,2,49
IQ:35,288,255,101,-8
SW:2
RR:3
SS:3
FR:2426
ME:10
MA:231
KE:16
KA:26
DF_END

Data arrived...
DF_BEGIN
IQ:0,0,11,93,77
IQ:1,8,11,61,-81
IQ:2,16,11,-88,-47
IQ:3,24,11,-38,104
IQ:4,32,11,95,30
IQ:5,40,11,19,-119
IQ:6,48,11,-106,-15
IQ:7,56,11,-8,101
IQ:8,72,12,14,-110
IQ:9,80,255,-148,-77
IQ:10,88,1,-189,144
IQ:11,96,255,127,256
IQ:12,104,2,340,42
IQ:13,112,255,44,-225
IQ:14,120,10,-125,207
IQ:15,128,255,243,196
IQ:16,136,3,389,-138
IQ:17,144,255,-84,-314
IQ:18,152,9,-205,231
IQ:19,160,255,204,351
IQ:20,168,4,505,94
IQ:21,176,255,122,-323
IQ:22,184,8,-312,86
IQ:23,192,255,126,304
IQ:24,200,7,467,-93
IQ:25,208,255,-9,-342
IQ:26,216,6,-90,108
IQ:27,224,255,195,236
IQ:28,232,5,454,95
IQ:29,240,255,207,-268
IQ:30,248,12,122,-43
IQ:31,256,255,-15,-148
IQ:32,264,1,-230,-88
IQ:33,272,255,-126,238
IQ:34,280,2,193,291
IQ:35,288,255,226,-49
SW:2
RR:3
SS:3
FR:2402
ME:19
MA:33
KE:16
KA:27
DF_END

Data arrived...
DF_BEGIN
IQ:0,0,11,-95,38
IQ:1,8,11,33,111
IQ:2,16,11,106,-28
IQ:3,24,11,-40,-98
IQ:4,32,11,-83,62
IQ:5,40,11,51,90
IQ:6,48,11,79,-66
IQ:7,56,11,-83,-88
IQ:8,72,12,69,91
IQ:9,80,255,141,-75
IQ:10,88,1,-10,-238
IQ:11,96,255,-273,-39
IQ:12,104,2,-227,278
IQ:13,112,255,172,174
IQ:14,120,10,-112,-230
IQ:15,128,255,-307,14
IQ:16,136,3,-188,378
IQ:17,144,255,274,141
IQ:18,152,9,-29,-299
IQ:19,160,255,-413,-62
IQ:20,168,4,-374,322
IQ:21,176,255,178,282
IQ:22,184,8,132,-306
IQ:23,192,255,-313,-105
IQ:24,200,7,-216,417
IQ:25,208,255,276,222
IQ:26,216,6,-38,-134
IQ:27,224,255,-287,-8
IQ:28,232,5,-389,277
IQ:29,240,255,51,336
IQ:30,248,12,-41,131
IQ:31,256,255,95,100
IQ:32,264,1,228,-110
IQ:33,272,255,-82,-257
IQ:34,280,2,-330,-43
IQ:35,288,255,-129,212
SW:2
RR:3
SS:3
FR:2402
ME:19
MA:33
KE:16
KA:28
DF_END

Data arrived...
DF_BEGIN
IQ:0,0,11,-162,-42
IQ:1,8,11,-20,157
IQ:2,16,11,164,-2
IQ:3,24,11,-32,-164
IQ:4,32,11,-164,28
IQ:5,40,11,37,156
IQ:6,48,11,144,-61
IQ:7,56,11,-84,-137
IQ:8,72,12,41,200
IQ:9,80,255,200,-15
IQ:10,88,1,38,-172
IQ:11,96,255,-152,-48
IQ:12,104,2,-33,98
IQ:13,112,255,50,-36
IQ:14,120,10,-211,-242
IQ:15,128,255,-252,72
IQ:16,136,3,-23,117
IQ:17,144,255,95,-71
IQ:18,152,9,-123,-241
IQ:19,160,255,-219,17
IQ:20,168,4,-68,36
IQ:21,176,255,25,-5
IQ:22,184,8,14,-145
IQ:23,192,255,-92,-12
IQ:24,200,7,7,86
IQ:25,208,255,46,1
IQ:26,216,6,-70,-2
IQ:27,224,255,-31,31
IQ:28,232,5,-58,-33
IQ:29,240,255,-107,36
IQ:30,248,12,-156,144
IQ:31,256,255,94,172
IQ:32,264,1,171,-59
IQ:33,272,255,-38,-149
IQ:34,280,2,-102,25
IQ:35,288,255,16,30
SW:2
RR:3
SS:3
FR:2480
ME:19
MA:38
KE:17
KA:30
DF_END

Data arrived...
DF_BEGIN
IQ:0,0,11,-161,7
IQ:1,8,11,17,156
IQ:2,16,11,152,-31
IQ:3,24,11,-64,-157
IQ:4,32,11,-150,69
IQ:5,40,11,69,141
IQ:6,48,11,127,-94
IQ:7,56,11,-113,-127
IQ:8,72,12,92,177
IQ:9,80,255,187,-79
IQ:10,88,1,-16,-181
IQ:11,96,255,-158,-6
IQ:12,104,2,-13,102
IQ:13,112,255,38,-52
IQ:14,120,10,-249,-201
IQ:15,128,255,-220,132
IQ:16,136,3,10,111
IQ:17,144,255,80,-92
IQ:18,152,9,-143,-232
IQ:19,160,255,-218,49
IQ:20,168,4,-57,47
IQ:21,176,255,18,-14
IQ:22,184,8,-28,-143
IQ:23,192,255,-96,13
IQ:24,200,7,22,81
IQ:25,208,255,39,-12
IQ:26,216,6,-65,5
IQ:27,224,255,-24,35
IQ:28,232,5,-68,-23
IQ:29,240,255,-99,59
IQ:30,248,12,-121,177
IQ:31,256,255,138,128
IQ:32,264,1,145,-108
IQ:33,272,255,-83,-137
IQ:34,280,2,-95,40
IQ:35,288,255,28,19
SW:2
RR:3
SS:3
FR:2480
ME:19
MA:38
KE:17
KA:31
DF_END

Data arrived...
DF_BEGIN
IQ:0,0,11,44,151
IQ:1,8,11,134,-65
IQ:2,16,11,-81,-141
IQ:3,24,11,-129,88
IQ:4,32,11,98,121
IQ:5,40,11,102,-116
IQ:6,48,11,-122,-94
IQ:7,56,11,-80,132
IQ:8,72,12,148,-94
IQ:9,80,255,-42,-121
IQ:10,88,1,-31,12
IQ:11,96,255,19,-2
IQ:12,104,2,-42,-36
IQ:13,112,255,-82,47
IQ:14,120,10,-83,82
IQ:15,128,255,22,42
IQ:16,136,3,-65,-18
IQ:17,144,255,-47,51
IQ:18,152,9,-21,18
IQ:19,160,255,-38,-22
IQ:20,168,4,-153,30
IQ:21,176,255,7,128
IQ:22,184,8,116,-73
IQ:23,192,255,-52,-127
IQ:24,200,7,-106,83
IQ:25,208,255,74,122
IQ:26,216,6,95,-25
IQ:27,224,255,-82,-90
IQ:28,232,5,-202,128
IQ:29,240,255,75,229
IQ:30,248,12,159,79
IQ:31,256,255,68,-99
IQ:32,264,1,-24,-18
IQ:33,272,255,8,13
IQ:34,280,2,14,-56
IQ:35,288,255,-103,-17
SW:2
RR:3
SS:3
FR:2426
ME:10
MA:226
KE:16
KA:28
DF_END

Data arrived...
DF_BEGIN
IQ:0,0,11,-121,9
IQ:1,8,11,39,105
IQ:2,16,11,94,-41
IQ:3,24,11,-46,-108
IQ:4,32,11,-107,41
IQ:5,40,11,60,80
IQ:6,48,11,92,-64
IQ:7,56,11,-69,-76
IQ:8,72,12,63,82
IQ:9,80,255,153,-34
IQ:10,88,1,52,-224
IQ:11,96,255,-259,-79
IQ:12,104,2,-268,209
IQ:13,112,255,133,206
IQ:14,120,10,-64,-235
IQ:15,128,255,-298,0
IQ:16,136,3,-205,370
IQ:17,144,255,264,145
IQ:18,152,9,-14,-296
IQ:19,160,255,-375,-92
IQ:20,168,4,-387,287
IQ:21,176,255,160,295
IQ:22,184,8,130,-291
IQ:23,192,255,-295,-145
IQ:24,200,7,-264,361
IQ:25,208,255,248,234
IQ:26,216,6,-7,-132
IQ:27,224,255,-270,-41
IQ:28,232,5,-401,208
IQ:29,240,255,15,318
IQ:30,248,12,-43,110
IQ:31,256,255,100,98
IQ:32,264,1,198,-88
IQ:33,272,255,-50,-260
IQ:34,280,2,-337,-105
IQ:35,288,255,-175,172
SW:2
RR:3
SS:3
FR:2402
ME:19
MA:33
KE:16
KA:29
DF_END