
Data arrived...
DF_BEGIN
IQ:0,0,11,107,118
IQ:1,8,11,101,-128
IQ:2,16,11,-137,-88
IQ:3,24,11,-65,144
IQ:4,32,11,155,59
IQ:5,40,11,57,-157
IQ:6,48,11,-155,-29
IQ:7,56,11,-8,163
IQ:8,72,12,76,-168
IQ:9,80,255,-106,-69
IQ:10,88,1,-17,27
IQ:11,96,255,20,-11
IQ:12,104,2,-58,-19
IQ:13,112,255,-57,78
IQ:14,120,10,-41,117
IQ:15,128,255,40,17
IQ:16,136,3,-73,17
IQ:17,144,255,-20,75
IQ:18,152,9,-10,30
IQ:19,160,255,-50,-5
IQ:20,168,4,-129,83
IQ:21,176,255,61,115
IQ:22,184,8,62,-125
IQ:23,192,255,-111,-81
IQ:24,200,7,-60,123
IQ:25,208,255,120,83
IQ:26,216,6,76,-61
IQ:27,224,255,-112,-39
IQ:28,232,5,-112,210
IQ:29,240,255,186,179
IQ:30,248,12,184,-16
IQ:31,256,255,0,-122
IQ:32,264,1,-35,6
IQ:33,272,255,19,3
IQ:34,280,2,-16,-52
IQ:35,288,255,-105,37
SW:2
RR:3
SS:3
FR:2426
ME:10
MA:231
KE:15
KA:23
DF_END

Data arrived...
DF_BEGIN
IQ:0,0,11,46,157
IQ:1,8,11,153,-59
IQ:2,16,11,-74,-139
IQ:3,24,11,-135,83
IQ:4,32,11,99,127
IQ:5,40,11,124,-107
IQ:6,48,11,-127,-99
IQ:7,56,11,-81,141
IQ:8,72,12,156,-103
IQ:9,80,255,-49,-123
IQ:10,88,1,-27,24
IQ:11,96,255,27,1
IQ:12,104,2,-33,-43
IQ:13,112,255,-83,53
IQ:14,120,10,-79,98
IQ:15,128,255,34,42
IQ:16,136,3,-68,-17
IQ:17,144,255,-53,53
IQ:18,152,9,-28,19
IQ:19,160,255,-33,-20
IQ:20,168,4,-152,28
IQ:21,176,255,0,129
IQ:22,184,8,115,-68
IQ:23,192,255,-59,-125
IQ:24,200,7,-102,81
IQ:25,208,255,71,124
IQ:26,216,6,92,-8
IQ:27,224,255,-75,-98
IQ:28,232,5,-219,115
IQ:29,240,255,76,243
IQ:30,248,12,169,73
IQ:31,256,255,64,-110
IQ:32,264,1,-30,-16
IQ:33,272,255,10,21
IQ:34,280,2,16,-53
IQ:35,288,255,-108,-22
SW:2
RR:3
SS:3
FR:2426
ME:10
MA:231
KE:15
KA:12
DF_END

Data arrived...
DF_BEGIN
IQ:0,0,11,61,-96
IQ:1,8,11,-103,-38
IQ:2,16,11,-26,89
IQ:3,24,11,98,11
IQ:4,32,11,4,-99
IQ:5,40,11,-106,4
IQ:6,48,11,2,92
IQ:7,56,11,108,-25
IQ:8,72,12,-119,24
IQ:9,80,255,-16,185
IQ:10,88,1,260,132
IQ:11,96,255,155,-287
IQ:12,104,2,-264,-320
IQ:13,112,255,-237,164
IQ:14,120,10,297,-27
IQ:15,128,255,26,-369
IQ:16,136,3,-422,-261
IQ:17,144,255,-198,315
IQ:18,152,9,375,8
IQ:19,160,255,140,-455
IQ:20,168,4,-319,-457
IQ:21,176,255,-312,176
IQ:22,184,8,346,149
IQ:23,192,255,147,-351
IQ:24,200,7,-405,-271
IQ:25,208,255,-238,255
IQ:26,216,6,190,-37
IQ:27,224,255,25,-326
IQ:28,232,5,-252,-376
IQ:29,240,255,-307,50
IQ:30,248,12,-103,-110
IQ:31,256,255,-167,60
IQ:32,264,1,26,283
IQ:33,272,255,322,-17
IQ:34,280,2,119,-387
IQ:35,288,255,-251,-172
SW:2
RR:3
SS:3
FR:2402
ME:16
MA:33
KE:15
KA:18
DF_END

Data arrived...
DF_BEGIN
IQ:0,0,11,-86,-139
IQ:1,8,11,-118,104
IQ:2,16,11,116,112
IQ:3,24,11,89,-131
IQ:4,32,11,-139,-88
IQ:5,40,11,-81,140
IQ:6,48,11,150,60
IQ:7,56,11,37,-153
IQ:8,72,12,-113,146
IQ:9,80,255,89,96
IQ:10,88,1,17,-26
IQ:11,96,255,-18,9
IQ:12,104,2,54,21
IQ:13,112,255,64,-72
IQ:14,120,10,52,-112
IQ:15,128,255,-40,-32
IQ:16,136,3,70,0
IQ:17,144,255,25,-64
IQ:18,152,9,16,-29
IQ:19,160,255,42,11
IQ:20,168,4,136,-64
IQ:21,176,255,-38,-124
IQ:22,184,8,-97,101
IQ:23,192,255,97,102
IQ:24,200,7,73,-114
IQ:25,208,255,-99,-100
IQ:26,216,6,-86,39
IQ:27,224,255,106,58
IQ:28,232,5,149,-195
IQ:29,240,255,-145,-203
IQ:30,248,12,-182,-40
IQ:31,256,255,-28,120
IQ:32,264,1,33,-1
IQ:33,272,255,-21,-11
IQ:34,280,2,9,63
IQ:35,288,255,100,-28
SW:2
RR:3
SS:3
FR:2426
ME:10
MA:231
KE:14
KA:0
DF_END

Data arrived...
DF_BEGIN
IQ:0,0,11,-91,53
IQ:1,8,11,59,65
IQ:2,16,11,68,-59
IQ:3,24,11,-82,-55
IQ:4,32,11,-44,66
IQ:5,40,11,99,30
IQ:6,48,11,36,-94
IQ:7,56,11,-90,-38
IQ:8,72,12,94,40
IQ:9,80,255,96,-145
IQ:10,88,1,-167,-231
IQ:11,96,255,-286,177
IQ:12,104,2,74,409
IQ:13,112,255,297,-4
IQ:14,120,10,-259,-131
IQ:15,128,255,-227,301
IQ:16,136,3,191,454
IQ:17,144,255,314,-162
IQ:18,152,9,-299,-212
IQ:19,160,255,-310,334
IQ:20,168,4,97,538
IQ:21,176,255,377,-21
IQ:22,184,8,-195,-329
IQ:23,192,255,-299,220
IQ:24,200,7,231,432
IQ:25,208,255,344,-116
IQ:26,216,6,-172,-71
IQ:27,224,255,-195,264
IQ:28,232,5,6,471
IQ:29,240,255,300,126
IQ:30,248,12,21,119
IQ:31,256,255,173,33
IQ:32,264,1,113,-276
IQ:33,272,255,-285,-146
IQ:34,280,2,-299,279
IQ:35,288,255,124,272
SW:2
RR:3
SS:3
FR:2402
ME:16
MA:33
KE:14
KA:11
DF_END

Data arrived...
DF_BEGIN
IQ:0,0,11,-1,-105
IQ:1,8,11,-95,8
IQ:2,16,11,15,92
IQ:3,24,11,93,-19
IQ:4,32,11,-34,-96
IQ:5,40,11,-97,39
IQ:6,48,11,44,82
IQ:7,56,11,77,-47
IQ:8,72,12,-103,51
IQ:9,80,255,51,172
IQ:10,88,1,280,-12
IQ:11,96,255,19,-339
IQ:12,104,2,-369,-174
IQ:13,112,255,-148,245
IQ:14,120,10,257,-139
IQ:15,128,255,-122,-358
IQ:16,136,3,-494,-43
IQ:17,144,255,-51,367
IQ:18,152,9,341,-124
IQ:19,160,255,-47,-469
IQ:20,168,4,-459,-307
IQ:21,176,255,-239,290
IQ:22,184,8,391,31
IQ:23,192,255,57,-376
IQ:24,200,7,-472,-92
IQ:25,208,255,-92,329
IQ:26,216,6,151,-122
IQ:27,224,255,-82,-332
IQ:28,232,5,-372,-280
IQ:29,240,255,-302,138
IQ:30,248,12,-95,-75
IQ:31,256,255,-121,110
IQ:32,264,1,128,240
IQ:33,272,255,295,-126
IQ:34,280,2,-27,-415
IQ:35,288,255,-289,-79
SW:2
RR:3
SS:3
FR:2402
ME:16
MA:33
KE:14
KA:17
DF_END

Data arrived...
DF_BEGIN
IQ:0,0,11,-40,204
IQ:1,8,11,213,22
IQ:2,16,11,-11,-208
IQ:3,24,11,-209,34
IQ:4,32,11,62,208
IQ:5,40,11,202,-71
IQ:6,48,11,-94,-197
IQ:7,56,11,-189,103
IQ:8,72,12,267,-51
IQ:9,80,255,-14,-269
IQ:10,88,1,-235,-63
IQ:11,96,255,-65,192
IQ:12,104,2,141,35
IQ:13,112,255,-57,-79
IQ:14,120,10,-335,254
IQ:15,128,255,118,333
IQ:16,136,3,162,15
IQ:17,144,255,-93,-131
IQ:18,152,9,-311,177
IQ:19,160,255,28,303
IQ:20,168,4,66,98
IQ:21,176,255,-13,-40
IQ:22,184,8,-199,-6
IQ:23,192,255,-4,132
IQ:24,200,7,118,-16
IQ:25,208,255,-11,-64
IQ:26,216,6,-8,93
IQ:27,224,255,48,51
IQ:28,232,5,-22,63
IQ:29,240,255,49,147
IQ:30,248,12,198,200
IQ:31,256,255,207,-158
IQ:32,264,1,-109,-213
IQ:33,272,255,-206,67
IQ:34,280,2,30,151
IQ:35,288,255,50,-17
SW:2
RR:3
SS:3
FR:2480
ME:19
MA:38
KE:15
KA:22
DF_END

Data arrived...
DF_BEGIN
IQ:0,0,11,40,-156
IQ:1,8,11,-160,-22
IQ:2,16,11,-17,156
IQ:3,24,11,155,-4
IQ:4,32,11,-16,-156
IQ:5,40,11,-151,38
IQ:6,48,11,52,150
IQ:7,56,11,141,-64
IQ:8,72,12,-177,4
IQ:9,80,255,-13,117
IQ:10,88,1,26,6
IQ:11,96,255,-13,-7
IQ:12,104,2,22,52
IQ:13,112,255,92,-3
IQ:14,120,10,118,-34
IQ:15,128,255,-5,-47
IQ:16,136,3,51,40
IQ:17,144,255,69,-23
IQ:18,152,9,30,-1
IQ:19,160,255,21,38
IQ:20,168,4,135,65
IQ:21,176,255,66,-110
IQ:22,184,8,-132,3
IQ:23,192,255,-13,136
IQ:24,200,7,130,-29
IQ:25,208,255,-9,-146
IQ:26,216,6,-89,-42
IQ:27,224,255,24,113
IQ:28,232,5,243,-5
IQ:29,240,255,58,-240
IQ:30,248,12,-95,-158
IQ:31,256,255,-112,48
IQ:32,264,1,11,27
IQ:33,272,255,-1,-19
IQ:34,280,2,-41,45
IQ:35,288,255,79,66
SW:2
RR:3
SS:3
FR:2426
ME:10
MA:231
KE:14
KA:10
DF_END

Data arrived...
DF_BEGIN
IQ:0,0,11,115,7
IQ:1,8,11,-7,-111
IQ:2,16,11,-99,7
IQ:3,24,11,20,97
IQ:4,32,11,107,-50
IQ:5,40,11,-37,-112
IQ:6,48,11,-111,37
IQ:7,56,11,64,92
IQ:8,72,12,-50,-101
IQ:9,80,255,-164,47
IQ:10,88,1,-1,277
IQ:11,96,255,321,16
IQ:12,104,2,202,-346
IQ:13,112,255,-204,-183
IQ:14,120,10,117,269
IQ:15,128,255,341,-80
IQ:16,136,3,96,-457
IQ:17,144,255,-331,-80
IQ:18,152,9,93,337
IQ:19,160,255,467,-10
IQ:20,168,4,332,-414
IQ:21,176,255,-264,-235
IQ:22,184,8,-82,335
IQ:23,192,255,374,33
IQ:24,200,7,105,-450
IQ:25,208,255,-320,-132
IQ:26,216,6,70,145
IQ:27,224,255,314,-68
IQ:28,232,5,302,-331
IQ:29,240,255,-113,-295
IQ:30,248,12,66,-117
IQ:31,256,255,-109,-121
IQ:32,264,1,-257,93
IQ:33,272,255,126,292
IQ:34,280,2,388,-46
IQ:35,288,255,110,-274
SW:2
RR:3
SS:3
FR:2402
ME:16
MA:33
KE:14
KA:17
DF_END

Data arrived...
DF_BEGIN
IQ:0,0,11,10,-111
IQ:1,8,11,-122,11
IQ:2,16,11,24,111
IQ:3,24,11,116,-33
IQ:4,32,11,-33,-114
IQ:5,40,11,-111,37
IQ:6,48,11,71,97
IQ:7,56,11,86,-56
IQ:8,72,12,-109,51
IQ:9,80,255,53,164
IQ:10,88,1,288,17
IQ:11,96,255,71,-311
IQ:12,104,2,-315,-219
IQ:13,112,255,-186,183
IQ:14,120,10,277,-117
IQ:15,128,255,-62,-354
IQ:16,136,3,-439,-156
IQ:17,144,255,-97,333
IQ:18,152,9,345,-89
IQ:19,160,255,0,-454
IQ:20,168,4,-403,-338
IQ:21,176,255,-254,214
IQ:22,184,8,355,91
IQ:23,192,255,72,-344
IQ:24,200,7,-426,-160
IQ:25,208,255,-169,279
IQ:26,216,6,156,-69
IQ:27,224,255,-48,-315
IQ:28,232,5,-308,-368
IQ:29,240,255,-292,57
IQ:30,248,12,-102,-82
IQ:31,256,255,-123,137
IQ:32,264,1,131,254
IQ:33,272,255,311,-117
IQ:34,280,2,17,-410
IQ:35,288,255,-259,-118
SW:2
RR:3
SS:3
FR:2402
ME:16
MA:33
KE:14
KA:21
DF_END

Data arrived...
DF_BEGIN
IQ:0,0,11,101,-127
IQ:1,8,11,-131,-94
IQ:2,16,11,-64,139
IQ:3,24,11,155,56
IQ:4,32,11,47,-153
IQ:5,40,11,-159,-30
IQ:6,48,11,-10,163
IQ:7,56,11,162,-4
IQ:8,72,12,-204,-56
IQ:9,80,255,-91,183
IQ:10,88,1,135,119
IQ:11,96,255,114,-109
IQ:12,104,2,-76,-77
IQ:13,112,255,5,76
IQ:14,120,10,308,-48
IQ:15,128,255,36,-264
IQ:16,136,3,-103,-68
IQ:17,144,255,16,130
IQ:18,152,9,282,14
IQ:19,160,255,96,-206
IQ:20,168,4,-15,-73
IQ:21,176,255,-1,33
IQ:22,184,8,124,72
IQ:23,192,255,54,-80
IQ:24,200,7,-73,-29
IQ:25,208,255,-19,33
IQ:26,216,6,29,-65
IQ:27,224,255,-21,-45
IQ:28,232,5,52,-23
IQ:29,240,255,25,-106
IQ:30,248,12,-45,-209
IQ:31,256,255,-197,28
IQ:32,264,1,-11,178
IQ:33,272,255,160,28
IQ:34,280,2,16,-110
IQ:35,288,255,-35,0
SW:2
RR:3
SS:3
FR:2480
ME:19
MA:38
KE:15
KA:24
DF_END

Data arrived...
DF_BEGIN
IQ:0,0,11,72,-144
IQ:1,8,11,-145,-71
IQ:2,16,11,-58,156
IQ:3,24,11,152,32
IQ:4,32,11,5,-164
IQ:5,40,11,-162,-1
IQ:6,48,11,16,164
IQ:7,56,11,158,-24
IQ:8,72,12,-176,-29
IQ:9,80,255,-36,115
IQ:10,88,1,34,7
IQ:11,96,255,-22,-13
IQ:12,104,2,3,59
IQ:13,112,255,95,24
IQ:14,120,10,122,-5
IQ:15,128,255,11,-42
IQ:16,136,3,40,59
IQ:17,144,255,76,-10
IQ:18,152,9,28,7
IQ:19,160,255,7,47
IQ:20,168,4,122,96
IQ:21,176,255,91,-97
IQ:22,184,8,-138,-22
IQ:23,192,255,-29,135
IQ:24,200,7,135,13
IQ:25,208,255,41,-137
IQ:26,216,6,-82,-55
IQ:27,224,255,-15,115
IQ:28,232,5,228,56
IQ:29,240,255,108,-228
IQ:30,248,12,-61,-172
IQ:31,256,255,-125,23
IQ:32,264,1,6,30
IQ:33,272,255,-1,-21
IQ:34,280,2,-48,29
IQ:35,288,255,67,86
SW:2
RR:3
SS:3
FR:2426
ME:10
MA:231
KE:14
KA:16
DF_END

Data arrived...
DF_BEGIN
IQ:0,0,11,-69,-104
IQ:1,8,11,-85,71
IQ:2,16,11,68,82
IQ:3,24,11,73,-78
IQ:4,32,11,-90,-60
IQ:5,40,11,-66,92
IQ:6,48,11,100,53
IQ:7,56,11,48,-99
IQ:8,72,12,-58,117
IQ:9,80,255,129,113
IQ:10,88,1,244,-133
IQ:11,96,255,-96,-303
IQ:12,104,2,-382,-63
IQ:13,112,255,-46,262
IQ:14,120,10,146,-266
IQ:15,128,255,-230,-260
IQ:16,136,3,-453,93
IQ:17,144,255,77,326
IQ:18,152,9,256,-226
IQ:19,160,255,-236,-393
IQ:20,168,4,-506,-114
IQ:21,176,255,-116,338
IQ:22,184,8,319,-109
IQ:23,192,255,-112,-327
IQ:24,200,7,-464,86
IQ:25,208,255,13,327
IQ:26,216,6,95,-129
IQ:27,224,255,-196,-255
IQ:28,232,5,-453,-145
IQ:29,240,255,-205,240
IQ:30,248,12,-137,16
IQ:31,256,255,-47,155
IQ:32,264,1,236,139
IQ:33,272,255,191,-246
IQ:34,280,2,-154,-360
IQ:35,288,255,-278,32
SW:2
RR:3
SS:3
FR:2402
ME:16
MA:33
KE:14
KA:21
DF_END

Data arrived...
DF_BEGIN
IQ:0,0,11,53,91
IQ:1,8,11,91,-79
IQ:2,16,11,-87,-88
IQ:3,24,11,-92,69
IQ:4,32,11,104,68
IQ:5,40,11,47,-102
IQ:6,48,11,-112,-58
IQ:7,56,11,-44,109
IQ:8,72,12,65,-117
IQ:9,80,255,-134,-132
IQ:10,88,1,-246,146
IQ:11,96,255,104,305
IQ:12,104,2,377,51
IQ:13,112,255,47,-266
IQ:14,120,10,-181,223
IQ:15,128,255,248,259
IQ:16,136,3,464,-98
IQ:17,144,255,-58,-353
IQ:18,152,9,-269,242
IQ:19,160,255,182,411
IQ:20,168,4,471,151
IQ:21,176,255,121,-318
IQ:22,184,8,-334,89
IQ:23,192,255,96,316
IQ:24,200,7,446,-83
IQ:25,208,255,-4,-332
IQ:26,216,6,-86,115
IQ:27,224,255,187,254
IQ:28,232,5,432,135
IQ:29,240,255,229,-229
IQ:30,248,12,142,-12
IQ:31,256,255,50,-174
IQ:32,264,1,-231,-158
IQ:33,272,255,-199,234
IQ:34,280,2,196,329
IQ:35,288,255,275,-57
SW:2
RR:3
SS:3
FR:2402
ME:19
MA:33
KE:15
KA:23
DF_END

Data arrived...
DF_BEGIN
IQ:0,0,11,91,-134
IQ:1,8,11,-138,-73
IQ:2,16,11,-57,148
IQ:3,24,11,154,54
IQ:4,32,11,42,-162
IQ:5,40,11,-160,-36
IQ:6,48,11,-10,158
IQ:7,56,11,161,-18
IQ:8,72,12,-212,-52
IQ:9,80,255,-99,182
IQ:10,88,1,126,128
IQ:11,96,255,107,-119
IQ:12,104,2,-85,-66
IQ:13,112,255,3,81
IQ:14,120,10,303,-59
IQ:15,128,255,20,-268
IQ:16,136,3,-106,-70
IQ:17,144,255,3,131
IQ:18,152,9,259,19
IQ:19,160,255,72,-210
IQ:20,168,4,-14,-75
IQ:21,176,255,-6,34
IQ:22,184,8,124,72
IQ:23,192,255,45,-87
IQ:24,200,7,-89,-29
IQ:25,208,255,-21,43
IQ:26,216,6,27,-67
IQ:27,224,255,-21,-50
IQ:28,232,5,41,-25
IQ:29,240,255,16,-102
IQ:30,248,12,-60,-203
IQ:31,256,255,-208,14
IQ:32,264,1,-31,184
IQ:33,272,255,161,23
IQ:34,280,2,15,-111
IQ:35,288,255,-46,-5
SW:2
RR:3
SS:3
FR:2480
ME:19
MA:38
KE:15
KA:26
DF_END

Data arrived...
DF_BEGIN
IQ:0,0,11,49,-147
IQ:1,8,11,-154,-33
IQ:2,16,11,-26,153
IQ:3,24,11,152,2
IQ:4,32,11,-22,-146
IQ:5,40,11,-152,43
IQ:6,48,11,46,153
IQ:7,56,11,151,-56
IQ:8,72,12,-173,-8
IQ:9,80,255,-26,118
IQ:10,88,1,24,5
IQ:11,96,255,-20,-4
IQ:12,104,2,22,52
IQ:13,112,255,94,8
IQ:14,120,10,109,-9
IQ:15,128,255,7,-44
IQ:16,136,3,50,44
IQ:17,144,255,64,-25
IQ:18,152,9,22,-3
IQ:19,160,255,24,45
IQ:20,168,4,134,75
IQ:21,176,255,80,-104
IQ:22,184,8,-142,5
IQ:23,192,255,-2,140
IQ:24,200,7,135,-24
IQ:25,208,255,4,-150
IQ:26,216,6,-84,-40
IQ:27,224,255,19,124
IQ:28,232,5,236,4
IQ:29,240,255,78,-238
IQ:30,248,12,-80,-160
IQ:31,256,255,-107,32
IQ:32,264,1,4,22
IQ:33,272,255,-5,-17
IQ:34,280,2,-36,43
IQ:35,288,255,78,65
SW:2
RR:3
SS:3
FR:2426
ME:10
MA:231
KE:15
KA:20
DF_END

Data arrived...
DF_BEGIN
IQ:0,0,11,49,107
IQ:1,8,11,101,-60
IQ:2,16,11,-62,-99
IQ:3,24,11,-94,76
IQ:4,32,11,77,99
IQ:5,40,11,81,-98
IQ:6,48,11,-105,-58
IQ:7,56,11,-49,105
IQ:8,72,12,90,-93
IQ:9,80,255,-114,-141
IQ:10,88,1,-270,85
IQ:11,96,255,25,307
IQ:12,104,2,328,126
IQ:13,112,255,122,-223
IQ:14,120,10,-216,166
IQ:15,128,255,155,268
IQ:16,136,3,437,-24
IQ:17,144,255,-12,-335
IQ:18,152,9,-274,168
IQ:19,160,255,127,409
IQ:20,168,4,461,266
IQ:21,176,255,206,-273
IQ:22,184,8,-325,-7
IQ:23,192,255,15,334
IQ:24,200,7,445,60
IQ:25,208,255,113,-299
IQ:26,216,6,-108,87
IQ:27,224,255,95,276
IQ:28,232,5,369,256
IQ:29,240,255,272,-160
IQ:30,248,12,140,16
IQ:31,256,255,62,-152
IQ:32,264,1,-206,-187
IQ:33,272,255,-232,195
IQ:34,280,2,94,363
IQ:35,288,255,251,39
SW:2
RR:3
SS:3
FR:2402
ME:19
MA:33
KE:15
KA:23
DF_END

Data arrived...
DF_BEGIN
IQ:0,0,11,119,-116
IQ:1,8,11,-127,-107
IQ:2,16,11,-92,140
IQ:3,24,11,145,74
IQ:4,32,11,58,-161
IQ:5,40,11,-155,-51
IQ:6,48,11,-35,162
IQ:7,56,11,165,13
IQ:8,72,12,-197,-97
IQ:9,80,255,-105,181
IQ:10,88,1,143,110
IQ:11,96,255,107,-119
IQ:12,104,2,-80,-81
IQ:13,112,255,1,80
IQ:14,120,10,310,-11
IQ:15,128,255,48,-265
IQ:16,136,3,-101,-68
IQ:17,144,255,12,130
IQ:18,152,9,269,15
IQ:19,160,255,100,-203
IQ:20,168,4,2,-74
IQ:21,176,255,-1,33
IQ:22,184,8,114,73
IQ:23,192,255,52,-78
IQ:24,200,7,-72,-44
IQ:25,208,255,-13,37
IQ:26,216,6,37,-70
IQ:27,224,255,-19,-46
IQ:28,232,5,54,-25
IQ:29,240,255,40,-115
IQ:30,248,12,-28,-219
IQ:31,256,255,-202,0
IQ:32,264,1,-35,176
IQ:33,272,255,162,19
IQ:34,280,2,26,-108
IQ:35,288,255,-39,-1
SW:2
RR:3
SS:3
FR:2480
ME:19
MA:38
KE:15
KA:26
DF_END

Data arrived...
DF_BEGIN
IQ:0,0,11,-115,-120
IQ:1,8,11,-113,125
IQ:2,16,11,131,104
IQ:3,24,11,87,-146
IQ:4,32,11,-157,-77
IQ:5,40,11,-40,162
IQ:6,48,11,166,36
IQ:7,56,11,-2,-165
IQ:8,72,12,-98,199
IQ:9,80,255,178,114
IQ:10,88,1,141,-110
IQ:11,96,255,-99,-119
IQ:12,104,2,-83,75
IQ:13,112,255,78,-1
IQ:14,120,10,0,-318
IQ:15,128,255,-257,-80
IQ:16,136,3,-78,96
IQ:17,144,255,131,-4
IQ:18,152,9,39,-270
IQ:19,160,255,-186,-118
IQ:20,168,4,-66,2
IQ:21,176,255,27,3
IQ:22,184,8,80,-108
IQ:23,192,255,-72,-48
IQ:24,200,7,-42,74
IQ:25,208,255,29,18
IQ:26,216,6,-72,-38
IQ:27,224,255,-47,19
IQ:28,232,5,-22,-66
IQ:29,240,255,-110,-46
IQ:30,248,12,-226,29
IQ:31,256,255,1,203
IQ:32,264,1,182,29
IQ:33,272,255,40,-152
IQ:34,280,2,-99,-31
IQ:35,288,255,6,43
SW:2
RR:3
SS:3
FR:2480
ME:19
MA:38
KE:16
KA:29
DF_END

Data arrived...
DF_BEGIN
IQ:0,0,11,66,125
IQ:1,8,11,122,-84
IQ:2,16,11,-94,-119
IQ:3,24,11,-99,105
IQ:4,32,11,120,96
IQ:5,40,11,88,-119
IQ:6,48,11,-119,-75
IQ:7,56,11,-68,133
IQ:8,72,12,123,-118
IQ:9,80,255,-63,-106
IQ:10,88,1,-33,9
IQ:11,96,255,8,2
IQ:12,104,2,-47,-15
IQ:13,112,255,-53,63
IQ:14,120,10,-72,96
IQ:15,128,255,25,54
IQ:16,136,3,-56,-2
IQ:17,144,255,-33,48
IQ:18,152,9,-34,16
IQ:19,160,255,-44,-4
IQ:20,168,4,-134,47
IQ:21,176,255,24,112
IQ:22,184,8,80,-97
IQ:23,192,255,-87,-99
IQ:24,200,7,-76,92
IQ:25,208,255,93,98
IQ:26,216,6,78,-28
IQ:27,224,255,-86,-62
IQ:28,232,5,-173,150
IQ:29,240,255,116,201
IQ:30,248,12,162,59
IQ:31,256,255,49,-101
IQ:32,264,1,-20,-26
IQ:33,272,255,3,5
IQ:34,280,2,-8,-43
IQ:35,288,255,-95,9
SW:2
RR:3
SS:3
FR:2426
ME:13
MA:231
KE:16
KA:24
DF_END

Data arrived...
DF_BEGIN
IQ:0,0,11,-24,165
IQ:1,8,11,168,18
IQ:2,16,11,0,-168
IQ:3,24,11,-159,21
IQ:4,32,11,50,154
IQ:5,40,11,155,-58
IQ:6,48,11,-83,-148
IQ:7,56,11,-149,82
IQ:8,72,12,201,-62
IQ:9,80,255,-17,-205
IQ:10,88,1,-166,-42
IQ:11,96,255,-34,141
IQ:12,104,2,102,15
IQ:13,112,255,-47,-55
IQ:14,120,10,-255,181
IQ:15,128,255,94,243
IQ:16,136,3,107,-1
IQ:17,144,255,-82,-94
IQ:18,152,9,-241,123
IQ:19,160,255,29,217
IQ:20,168,4,37,62
IQ:21,176,255,-6,-22
IQ:22,184,8,-133,-2
IQ:23,192,255,-1,91
IQ:24,200,7,84,-10
IQ:25,208,255,-5,-39
IQ:26,216,6,4,75
IQ:27,224,255,34,25
IQ:28,232,5,-35,63
IQ:29,240,255,52,114
IQ:30,248,12,169,141
IQ:31,256,255,164,-121
IQ:32,264,1,-67,-162
IQ:33,272,255,-142,48
IQ:34,280,2,23,108
IQ:35,288,255,27,-18
SW:2
RR:3
SS:3
FR:2480
ME:19
MA:38
KE:16
KA:27
DF_END

Data arrived...
DF_BEGIN
IQ:0,0,1