KE:0
KA:357
DF_END

Data arrived...
DF_BEGIN
IQ:0,0,11,-48,145
IQ:1,8,11,149,33
IQ:2,16,11,15,-147
IQ:3,24,11,-150,0
IQ:4,32,11,19,153
IQ:5,40,11,156,-28
IQ:6,48,11,-31,-142
IQ:7,56,11,-145,47
IQ:8,72,12,150,-94
IQ:9,80,255,-100,-128
IQ:10,88,1,-104,133
IQ:11,96,255,126,106
IQ:12,104,2,65,-126
IQ:13,112,255,-134,-67
IQ:14,120,10,-75,52
IQ:15,128,255,74,25
IQ:16,136,3,19,-138
IQ:17,144,255,-121,3
IQ:18,152,9,84,119
IQ:19,160,255,169,-89
IQ:20,168,4,6,-172
IQ:21,176,255,-152,8
IQ:22,184,8,52,160
IQ:23,192,255,138,-64
IQ:24,200,7,-127,-80
IQ:25,208,255,-115,128
IQ:26,216,6,96,102
IQ:27,224,255,97,-90
IQ:28,232,5,-79,-72
IQ:29,240,255,-48,122
IQ:30,248,12,166,75
IQ:31,256,255,67,-155
IQ:32,264,1,-158,-22
IQ:33,272,255,-21,160
IQ:34,280,2,146,1
IQ:35,288,255,-15,-150
SW:2
RR:3
SS:3
FR:2480
ME:359
MA:5
KE:0
KA:358
DF_END

Data arrived...
DF_BEGIN
IQ:0,0,11,94,-114
IQ:1,8,11,-130,-79
IQ:2,16,11,-78,133
IQ:3,24,11,144,57
IQ:4,32,11,40,-151
IQ:5,40,11,-153,-41
IQ:6,48,11,-33,145
IQ:7,56,11,149,8
IQ:8,72,12,-185,57
IQ:9,80,255,51,164
IQ:10,88,1,156,-82
IQ:11,96,255,-86,-134
IQ:12,104,2,-114,109
IQ:13,112,255,97,130
IQ:14,120,10,82,-30
IQ:15,128,255,-74,-50
IQ:16,136,3,-72,122
IQ:17,144,255,112,50
IQ:18,152,9,-29,-140
IQ:19,160,255,-195,21
IQ:20,168,4,-79,170
IQ:21,176,255,149,32
IQ:22,184,8,9,-188
IQ:23,192,255,-160,-9
IQ:24,200,7,78,133
IQ:25,208,255,153,-78
IQ:26,216,6,-51,-134
IQ:27,224,255,-133,49
IQ:28,232,5,63,100
IQ:29,240,255,93,-90
IQ:30,248,12,-131,-139
IQ:31,256,255,-112,127
IQ:32,264,1,158,88
IQ:33,272,255,81,-150
IQ:34,280,2,-141,-57
IQ:35,288,255,-48,151
SW:2
RR:3
SS:3
FR:2480
ME:359
MA:5
KE:0
KA:358
DF_END

Data arrived...
DF_BEGIN
IQ:0,0,11,-93,107
IQ:1,8,11,127,70
IQ:2,16,11,71,-137
IQ:3,24,11,-139,-55
IQ:4,32,11,-40,143
IQ:5,40,11,141,30
IQ:6,48,11,21,-154
IQ:7,56,11,-153,-8
IQ:8,72,12,99,-63
IQ:9,80,255,-59,-108
IQ:10,88,1,-85,64
IQ:11,96,255,68,96
IQ:12,104,2,69,-36
IQ:13,112,255,-79,-65
IQ:14,120,10,-124,108
IQ:15,128,255,86,104
IQ:16,136,3,40,-98
IQ:17,144,255,-111,-70
IQ:18,152,9,-81,58
IQ:19,160,255,75,31
IQ:20,168,4,29,-151
IQ:21,176,255,-125,-37
IQ:22,184,8,41,51
IQ:23,192,255,90,-58
IQ:24,200,7,-8,-90
IQ:25,208,255,-88,34
IQ:26,216,6,53,107
IQ:27,224,255,117,-63
IQ:28,232,5,-30,-127
IQ:29,240,255,-96,27
IQ:30,248,12,95,62
IQ:31,256,255,61,-110
IQ:32,264,1,-100,-41
IQ:33,272,255,-52,106
IQ:34,280,2,57,47
IQ:35,288,255,11,-93
SW:2
RR:3
SS:3
FR:2426
ME:359
MA:353
KE:0
KA:358
DF_END

Data arrived...
DF_BEGIN
IQ:0,0,11,-50,163
IQ:1,8,11,169,32
IQ:2,16,11,10,-172
IQ:3,24,11,-171,-1
IQ:4,32,11,7,170
IQ:5,40,11,169,-44
IQ:6,48,11,-41,-170
IQ:7,56,11,-158,60
IQ:8,72,12,128,-101
IQ:9,80,255,-88,-107
IQ:10,88,1,-49,123
IQ:11,96,255,123,70
IQ:12,104,2,27,-97
IQ:13,112,255,-130,-28
IQ:14,120,10,-77,126
IQ:15,128,255,98,62
IQ:16,136,3,-30,-125
IQ:17,144,255,-154,9
IQ:18,152,9,-43,104
IQ:19,160,255,110,1
IQ:20,168,4,-23,-194
IQ:21,176,255,-153,-8
IQ:22,184,8,78,75
IQ:23,192,255,97,-85
IQ:24,200,7,-53,-76
IQ:25,208,255,-68,79
IQ:26,216,6,77,108
IQ:27,224,255,115,-75
IQ:28,232,5,-54,-113
IQ:29,240,255,-75,76
IQ:30,248,12,149,67
IQ:31,256,255,55,-121
IQ:32,264,1,-137,11
IQ:33,272,255,-6,133
IQ:34,280,2,96,-23
IQ:35,288,255,-48,-136
SW:2
RR:3
SS:3
FR:2402
ME:2
MA:353
KE:0
KA:357
DF_END

Data arrived...
DF_BEGIN
IQ:0,0,11,-58,-179
IQ:1,8,11,-170,63
IQ:2,16,11,77,165
IQ:3,24,11,151,-99
IQ:4,32,11,-129,-139
IQ:5,40,11,-136,134
IQ:6,48,11,143,114
IQ:7,56,11,104,-145
IQ:8,72,12,-70,225
IQ:9,80,255,200,43
IQ:10,88,1,14,-224
IQ:11,96,255,-217,-12
IQ:12,104,2,37,181
IQ:13,112,255,196,-20
IQ:14,120,10,37,-91
IQ:15,128,255,-92,34
IQ:16,136,3,92,158
IQ:17,144,255,109,-87
IQ:18,152,9,-186,-56
IQ:19,160,255,-124,218
IQ:20,168,4,101,189
IQ:21,176,255,131,-124
IQ:22,184,8,-180,-126
IQ:23,192,255,-106,170
IQ:24,200,7,202,9
IQ:25,208,255,19,-210
IQ:26,216,6,-172,-29
IQ:27,224,255,-17,173
IQ:28,232,5,133,-4
IQ:29,240,255,-48,-144
IQ:30,248,12,-230,18
IQ:31,256,255,48,208
IQ:32,264,1,187,-95
IQ:33,272,255,-102,-186
IQ:34,280,2,-133,125
IQ:35,288,255,143,150
SW:2
RR:3
SS:3
FR:2480
ME:359
MA:353
KE:0
KA:357
DF_END

Data arrived...
DF_BEGIN
IQ:0,0,11,-4,-186
IQ:1,8,11,-187,26
IQ:2,16,11,42,179
IQ:3,24,11,177,-68
IQ:4,32,11,-96,-160
IQ:5,40,11,-158,109
IQ:6,48,11,120,150
IQ:7,56,11,128,-133
IQ:8,72,12,-127,201
IQ:9,80,255,190,92
IQ:10,88,1,49,-213
IQ:11,96,255,-204,-51
IQ:12,104,2,8,191
IQ:13,112,255,209,20
IQ:14,120,10,49,-109
IQ:15,128,255,-115,10
IQ:16,136,3,57,168
IQ:17,144,255,134,-66
IQ:18,152,9,-150,-105
IQ:19,160,255,-155,187
IQ:20,168,4,82,217
IQ:21,176,255,159,-96
IQ:22,184,8,-164,-181
IQ:23,192,255,-141,134
IQ:24,200,7,196,46
IQ:25,208,255,74,-197
IQ:26,216,6,-159,-69
IQ:27,224,255,-73,169
IQ:28,232,5,129,50
IQ:29,240,255,-7,-162
IQ:30,248,12,-235,-10
IQ:31,256,255,9,203
IQ:32,264,1,214,-53
IQ:33,272,255,-54,-200
IQ:34,280,2,-164,89
IQ:35,288,255,98,176
SW:2
RR:3
SS:3
FR:2480
ME:2
MA:5
KE:0
KA:357
DF_END

Data arrived...
DF_BEGIN
IQ:0,0,11,11,-146
IQ:1,8,11,-142,4
IQ:2,16,11,7,147
IQ:3,24,11,138,-34
IQ:4,32,11,-54,-140
IQ:5,40,11,-136,58
IQ:6,48,11,66,129
IQ:7,56,11,115,-79
IQ:8,72,12,-60,96
IQ:9,80,255,104,52
IQ:10,88,1,31,-104
IQ:11,96,255,-111,-44
IQ:12,104,2,-41,69
IQ:13,112,255,98,9
IQ:14,120,10,46,-163
IQ:15,128,255,-122,-46
IQ:16,136,3,19,101
IQ:17,144,255,129,-15
IQ:18,152,9,28,-99
IQ:19,160,255,-70,21
IQ:20,168,4,71,138
IQ:21,176,255,126,-44
IQ:22,184,8,-67,-24
IQ:23,192,255,-51,89
IQ:24,200,7,52,65
IQ:25,208,255,43,-82
IQ:26,216,6,-105,-55
IQ:27,224,255,-70,118
IQ:28,232,5,97,83
IQ:29,240,255,52,-94
IQ:30,248,12,-116,-9
IQ:31,256,255,-5,117
IQ:32,264,1,102,-20
IQ:33,272,255,-22,-123
IQ:34,280,2,-84,3
IQ:35,288,255,37,91
SW:2
RR:3
SS:3
FR:2426
ME:2
MA:5
KE:0
KA:358
DF_END

Data arrived...
DF_BEGIN
IQ:0,0,11,-119,142
IQ:1,8,11,145,114
IQ:2,16,11,95,-144
IQ:3,24,11,-155,-85
IQ:4,32,11,-72,156
IQ:5,40,11,163,70
IQ:6,48,11,38,-169
IQ:7,56,11,-166,-27
IQ:8,72,12,160,-22
IQ:9,80,255,-23,-137
IQ:10,88,1,-109,89
IQ:11,96,255,81,115
IQ:12,104,2,56,-84
IQ:13,112,255,-114,-83
IQ:14,120,10,-127,74
IQ:15,128,255,64,89
IQ:16,136,3,26,-136
IQ:17,144,255,-140,-67
IQ:18,152,9,-88,70
IQ:19,160,255,106,45
IQ:20,168,4,85,-170
IQ:21,176,255,-123,-87
IQ:22,184,8,29,109
IQ:23,192,255,137,-16
IQ:24,200,7,-9,-82
IQ:25,208,255,-94,40
IQ:26,216,6,24,129
IQ:27,224,255,130,-26
IQ:28,232,5,-3,-127
IQ:29,240,255,-111,36
IQ:30,248,12,89,130
IQ:31,256,255,112,-82
IQ:32,264,1,-125,-61
IQ:33,272,255,-70,113
IQ:34,280,2,108,15
IQ:35,288,255,2,-142
SW:2
RR:3
SS:3
FR:2402
ME:2
MA:353
KE:0
KA:358
DF_END

Data arrived...
DF_BEGIN
IQ:0,0,11,-146,-115
IQ:1,8,11,-113,150
IQ:2,16,11,153,81
IQ:3,24,11,77,-167
IQ:4,32,11,-176,-52
IQ:5,40,11,-39,178
IQ:6,48,11,179,18
IQ:7,56,11,5,-189
IQ:8,72,12,53,212
IQ:9,80,255,190,-71
IQ:10,88,1,-100,-193
IQ:11,96,255,-180,83
IQ:12,104,2,117,134
IQ:13,112,255,161,-125
IQ:14,120,10,-34,-116
IQ:15,128,255,-68,75
IQ:16,136,3,146,79
IQ:17,144,255,44,-131
IQ:18,152,9,-178,51
IQ:19,160,255,17,224
IQ:20,168,4,211,80
IQ:21,176,255,39,-193
IQ:22,184,8,-224,-26
IQ:23,192,255,-12,188
IQ:24,200,7,153,-103
IQ:25,208,255,-100,-192
IQ:26,216,6,-154,63
IQ:27,224,255,68,154
IQ:28,232,5,116,-70
IQ:29,240,255,-120,-100
IQ:30,248,12,-175,149
IQ:31,256,255,135,151
IQ:32,264,1,120,-176
IQ:33,272,255,-176,-105
IQ:34,280,2,-46,176
IQ:35,288,255,185,47
SW:2
RR:3
SS:3
FR:2480
ME:359
MA:359
KE:0
KA:358
DF_END

Data arrived...
DF_BEGIN
IQ:0,0,11,-165,78
IQ:1,8,11,100,155
IQ:2,16,11,133,-117
IQ:3,24,11,-135,-114
IQ:4,32,11,-120,146
IQ:5,40,11,144,99
IQ:6,48,11,85,-163
IQ:7,56,11,-160,-73
IQ:8,72,12,230,25
IQ:9,80,255,3,-212
IQ:10,88,1,-223,36
IQ:11,96,255,34,192
IQ:12,104,2,156,-76
IQ:13,112,255,-65,-180
IQ:14,120,10,-105,-20
IQ:15,128,255,42,82
IQ:16,136,3,126,-111
IQ:17,144,255,-101,-86
IQ:18,152,9,-2,178
IQ:19,160,255,224,48
IQ:20,168,4,149,-164
IQ:21,176,255,-143,-114
IQ:22,184,8,-87,198
IQ:23,192,255,177,59
IQ:24,200,7,-30,-186
IQ:25,208,255,-207,13
IQ:26,216,6,-13,159
IQ:27,224,255,162,-17
IQ:28,232,5,-22,-138
IQ:29,240,255,-134,73
IQ:30,248,12,69,209
IQ:31,256,255,183,-83
IQ:32,264,1,-157,-149
IQ:33,272,255,-153,142
IQ:34,280,2,147,85
IQ:35,288,255,93,-169
SW:2
RR:3
SS:3
FR:2480
ME:359
MA:5
KE:0
KA:358
DF_END

Data arrived...
DF_BEGIN
IQ:0,0,11,3,-173
IQ:1,8,11,-177,12
IQ:2,16,11,39,167
IQ:3,24,11,163,-61
IQ:4,32,11,-70,-165
IQ:5,40,11,-154,87
IQ:6,48,11,94,147
IQ:7,56,11,141,-101
IQ:8,72,12,-63,121
IQ:9,80,255,123,49
IQ:10,88,1,22,-139
IQ:11,96,255,-140,-29
IQ:12,104,2,-23,89
IQ:13,112,255,118,-17
IQ:14,120,10,45,-187
IQ:15,128,255,-138,-21
IQ:16,136,3,75,105
IQ:17,144,255,146,-54
IQ:18,152,9,35,-114
IQ:19,160,255,-73,31
IQ:20,168,4,128,156
IQ:21,176,255,153,-71
IQ:22,184,8,-84,9
IQ:23,192,255,-19,127
IQ:24,200,7,50,64
IQ:25,208,255,33,-89
IQ:26,216,6,-122,-69
IQ:27,224,255,-67,143
IQ:28,232,5,139,87
IQ:29,240,255,64,-120
IQ:30,248,12,-145,5
IQ:31,256,255,14,136
IQ:32,264,1,128,-49
IQ:33,272,255,-38,-138
IQ:34,280,2,-96,12
IQ:35,288,255,64,99
SW:2
RR:3
SS:3
FR:2426
ME:359
MA:5
KE:0
KA:359
DF_END

Data arrived...
DF_BEGIN
IQ:0,0,11,163,60
IQ:1,8,11,43,-168
IQ:2,16,11,-174,-27
IQ:3,24,11,-17,172
IQ:4,32,11,172,-2
IQ:5,40,11,-28,-170
IQ:6,48,11,-172,39
IQ:7,56,11,64,160
IQ:8,72,12,-96,-134
IQ:9,80,255,-111,73
IQ:10,88,1,118,45
IQ:11,96,255,57,-114
IQ:12,104,2,-81,-19
IQ:13,112,255,-36,117
IQ:14,120,10,113,81
IQ:15,128,255,63,-90
IQ:16,136,3,-108,21
IQ:17,144,255,-5,145
IQ:18,152,9,95,65
IQ:19,160,255,14,-107
IQ:20,168,4,-184,-11
IQ:21,176,255,-24,149
IQ:22,184,8,71,-61
IQ:23,192,255,-63,-99
IQ:24,200,7,-75,24
IQ:25,208,255,54,76
IQ:26,216,6,108,-66
IQ:27,224,255,-75,-114
IQ:28,232,5,-119,53
IQ:29,240,255,68,79
IQ:30,248,12,77,-145
IQ:31,256,255,-116,-73
IQ:32,264,1,6,129
IQ:33,272,255,124,4
IQ:34,280,2,-25,-83
IQ:35,288,255,-126,35
SW:2
RR:3
SS:3
FR:2402
ME:5
MA:353
KE:0
KA:359
DF_END

Data arrived...
DF_BEGIN
IQ:0,0,11,-89,117
IQ:1,8,11,124,84
IQ:2,16,11,63,-128
IQ:3,24,11,-140,-36
IQ:4,32,11,-38,149
IQ:5,40,11,144,15
IQ:6,48,11,-19,-148
IQ:7,56,11,-143,10
IQ:8,72,12,170,-53
IQ:9,80,255,-64,-150
IQ:10,88,1,-144,100
IQ:11,96,255,100,137
IQ:12,104,2,98,-109
IQ:13,112,255,-103,-117
IQ:14,120,10,-87,28
IQ:15,128,255,66,43
IQ:16,136,3,43,-128
IQ:17,144,255,-107,-35
IQ:18,152,9,25,142
IQ:19,160,255,184,-25
IQ:20,168,4,61,-166
IQ:21,176,255,-151,-15
IQ:22,184,8,8,177
IQ:23,192,255,155,-7
IQ:24,200,7,-95,-125
IQ:25,208,255,-143,89
IQ:26,216,6,68,122
IQ:27,224,255,122,-50
IQ:28,232,5,-56,-81
IQ:29,240,255,-77,102
IQ:30,248,12,132,123
IQ:31,256,255,104,-131
IQ:32,264,1,-158,-77
IQ:33,272,255,-76,148
IQ:34,280,2,140,34
IQ:35,288,255,27,-148
SW:2
RR:3
SS:3
FR:2480
ME:359
MA:353
KE:0
KA:358
DF_END

Data arrived...
DF_BEGIN
IQ:0,0,11,182,11
IQ:1,8,11,-25,-183
IQ:2,16,11,-196,33
IQ:3,24,11,45,187
IQ:4,32,11,177,-60
IQ:5,40,11,-85,-179
IQ:6,48,11,-171,94
IQ:7,56,11,103,160
IQ:8,72,12,-130,-66
IQ:9,80,255,-64,140
IQ:10,88,1,139,51
IQ:11,96,255,54,-140
IQ:12,104,2,-97,-42
IQ:13,112,255,3,136
IQ:14,120,10,211,55
IQ:15,128,255,51,-166
IQ:16,136,3,-136,36
IQ:17,144,255,29,167
IQ:18,152,9,134,39
IQ:19,160,255,-19,-111
IQ:20,168,4,-171,97
IQ:21,176,255,50,156
IQ:22,184,8,21,-86
IQ:23,192,255,-121,-51
IQ:24,200,7,-91,73
IQ:25,208,255,102,62
IQ:26,216,6,87,-133
IQ:27,224,255,-142,-88
IQ:28,232,5,-96,130
IQ:29,240,255,124,67
IQ:30,248,12,7,-151
IQ:31,256,255,-149,7
IQ:32,264,1,25,138
IQ:33,272,255,155,-12
IQ:34,280,2,1,-102
IQ:35,288,255,-115,61
SW:2
RR:3
SS:3
FR:2426
ME:359
MA:5
KE:0
KA:359
DF_END

Data arrived...
DF_BEGIN
IQ:0,0,11,86,164
IQ:1,8,11,155,-97
IQ:2,16,11,-120,-143
IQ:3,24,11,-128,131
IQ:4,32,11,147,106
IQ:5,40,11,103,-166
IQ:6,48,11,-156,-93
IQ:7,56,11,-72,176
IQ:8,72,12,-22,-139
IQ:9,80,255,-148,17
IQ:10,88,1,22,126
IQ:11,96,255,133,-29
IQ:12,104,2,-6,-99
IQ:13,112,255,-104,56
IQ:14,120,10,56,197
IQ:15,128,255,157,-40
IQ:16,136,3,-102,-73
IQ:17,144,255,-113,111
IQ:18,152,9,41,125
IQ:19,160,255,57,-68
IQ:20,168,4,-190,-80
IQ:21,176,255,-92,136
IQ:22,184,8,69,-34
IQ:23,192,255,-21,-125
IQ:24,200,7,-96,-27
IQ:25,208,255,1,108
IQ:26,216,6,153,9
IQ:27,224,255,0,-158
IQ:28,232,5,-153,-15
IQ:29,240,255,6,129
IQ:30,248,12,121,-70
IQ:31,256,255,-71,-123
IQ:32,264,1,-92,90
IQ:33,272,255,96,106
IQ:34,280,2,77,-48
IQ:35,288,255,-108,-65
SW:2
RR:3
SS:3
FR:2426
ME:359
MA:353
KE:0
KA:358
DF_END

Data arrived...
DF_BEGIN
IQ:0,0,11,-23,163
IQ:1,8,11,177,4
IQ:2,16,11,-18,-174
IQ:3,24,11,-175,31
IQ:4,32,11,41,173
IQ:5,40,11,164,-61
IQ:6,48,11,-74,-157
IQ:7,56,11,-151,89
IQ:8,72,12,106,-120
IQ:9,80,255,-107,-88
IQ:10,88,1,-36,131
IQ:11,96,255,132,43
IQ:12,104,2,4,-97
IQ:13,112,255,-131,-5
IQ:14,120,10,-63,129
IQ:15,128,255,100,31
IQ:16,136,3,-62,-122
IQ:17,144,255,-149,27
IQ:18,152,9,-35,105
IQ:19,160,255,109,-26
IQ:20,168,4,-41,-185
IQ:21,176,255,-142,6
IQ:22,184,8,85,60
IQ:23,192,255,92,-97
IQ:24,200,7,-55,-56
IQ:25,208,255,-63,78
IQ:26,216,6,90,97
IQ:27,224,255,94,-86
IQ:28,232,5,-66,-105
IQ:29,240,255,-63,82
IQ:30,248,12,152,35
IQ:31,256,255,26,-129
IQ:32,264,1,-126,52
IQ:33,272,255,26,136
IQ:34,280,2,85,-55
IQ:35,288,255,-75,-122
SW:2
RR:3
SS:3
FR:2402
ME:2
MA:353
KE:0
KA:358
DF_END

Data arrived...
DF_BEGIN
IQ:0,0,11,98,133
IQ:1,8,11,120,-101
IQ:2,16,11,-124,-100
IQ:3,24,11,-80,138
IQ:4,32,11,152,78
IQ:5,40,11,69,-151
IQ:6,48,11,-153,-40
IQ:7,56,11,-39,158
IQ:8,72,12,-14,-198
IQ:9,80,255,-174,13
IQ:10,88,1,60,175
IQ:11,96,255,166,-50
IQ:12,104,2,-91,-120
IQ:13,112,255,-147,84
IQ:14,120,10,11,111
IQ:15,128,255,71,-58
IQ:16,136,3,-122,-83
IQ:17,144,255,-65,114
IQ:18,152,9,148,12
IQ:19,160,255,28,-186
IQ:20,168,4,-145,-110
IQ:21,176,255,-63,144
IQ:22,184,8,186,34
IQ:23,192,255,29,-154
IQ:24,200,7,-162,63
IQ:25,208,255,42,178
IQ:26,216,6,143,-25
IQ:27,224,255,-29,-139
IQ:28,232,5,-99,43
IQ:29,240,255,93,100
IQ:30,248,12,166,-107
IQ:31,256,255,-97,-149
IQ:32,264,1,-125,132
IQ:33,272,255,131,115
IQ:34,280,2,70,-131
IQ:35,288,255,-153,-69
SW:2
RR:3
SS:3
FR:2480
ME:359
MA:5
KE:0
KA:358
DF_END

Data arrived...
DF_BEGIN
IQ:0,0,11,164,-26
IQ:1,8,11,-42,-155
IQ:2,16,11,-141,70
IQ:3,24,11,93,137
IQ:4,32,11,146,-92
IQ:5,40,11,-95,-122
IQ:6,48,11,-98,118
IQ:7,56,11,143,83
IQ:8,72,12,-185,-74
IQ:9,80,255,-57,165
IQ:10,88,1,191,11
IQ:11,96,255,18,-176
IQ:12,104,2,-157,3
IQ:13,112,255,8,172
IQ:14,120,10,99,49
IQ:15,128,255,-5,-97
IQ:16,136,3,-136,62
IQ:17,144,255,73,115
IQ:18,152,9,81,-128
IQ:19,160,255,-149,-112
IQ:20,168,4,-152,93
IQ:21,176,255,108,122
IQ:22,184,8,106,-137
IQ:23,192,255,-138,-93
IQ:24,200,7,-32,161
IQ:25,208,255,181,31
IQ:26,216,6,35,-149
IQ:27,224,255,-141,-37
IQ:28,232,5,-6,119
IQ:29,240,255,136,-26
IQ:30,248,12,-19,-196
IQ:31,256,255,-174,31
IQ:32,264,1,94,158
IQ:33,272,255,166,-73
IQ:34,280,2,-86,-124
IQ:35,288,255,-122,109
SW:2
RR:3
SS:3
FR:2480
ME:359
MA:353
KE:0
KA:358
DF_END

Data arrived...
DF_BEGIN
IQ:0,0,11,176,7
IQ:1,8,11,-17,-180
IQ:2,16,11,-187,35
IQ:3,24,11,29,173
IQ:4,32,11,160,-70
IQ:5,40,11,-83,-171
IQ:6,48,11,-161,73
IQ:7,56,11,102,143
IQ:8,72,12,-126,-60
IQ:9,80,255,-52,127
IQ:10,88,1,126,16
IQ:11,96,255,38,-139
IQ:12,104,2,-82,-44
IQ:13,112,255,-12,119
IQ:14,120,10,194,62
IQ:15,128,255,52,-147
IQ:16,136,3,-117,39
IQ:17,144,255,30,146
IQ:18,152,9,118,40
IQ:19,160,255,-18,-82
IQ:20,168,4,-173,85
IQ:21,176,255,40,153
IQ:22,184,8,12,-80
IQ:23,192,255,-119,-33
IQ:24,200,7,-67,61
IQ:25,208,255,98,52
IQ:26,216,6,79,-119
IQ:27,224,255,-139,-72
IQ:28,232,5,-97,122
IQ:29,240,255,106,61
IQ:30,248,12,-8,-133
IQ:31,256,255,-134,19
IQ:32,264,1,42,125
IQ:33,272,255,142,-30
IQ:34,280,2,-2,-92
IQ:35,288,255,-104,42
SW:2
RR:3
SS:3
FR:2426
ME:2
MA:5
KE:0
KA:358
DF_END

Data arrived...
DF_BEGIN
IQ:0,0,11,94,131
IQ:1,8,11,115,-117
IQ:2,16,11,-132,-111
IQ:3,24,11,-113,122
IQ:4,32,11,140,75
IQ:5,40,11,65,-153
IQ:6,48,11,-158,-61
IQ:7,56,11,-50,157
IQ:8,72,12,6,-159
IQ:9,80,255,-132,-11
IQ:10,88,1,80,97
IQ:11,96,255,115,-54
IQ:12,104,2,-61,-71
IQ:13,112,255,-94,81
IQ:14,120,10,48,139
IQ:15,128,255,101,-40
IQ:16,136,3,-115,-35
IQ:17,144,255,-89,121
IQ:18,152,9,48,106
IQ:19,160,255,71,-77
IQ:20,168,4,-155,-95
IQ:21,176,255,-93,110
IQ:22,184,8,87,-28
IQ:23,192,255,1,-119
IQ:24,200,7,-78,-26
IQ:25,208,255,-10,93
IQ:26,216,6,116,20
IQ:27,224,255,15,-141
IQ:28,232,5,-117,-26
IQ:29,240,255,7,102
IQ:30,248,12,135,-72
IQ:31,256,255,-61,-125
IQ:32,264,1,-64,103
IQ:33,272,255,96,81
IQ:34,280,2,31,-88
IQ:35,288,255,-124,-34
SW:2
RR:3
SS:3
FR:2402
ME:2
MA:353
KE:0
KA:358
DF_END

Data arrived...
DF_BEGIN
IQ:0,0,11,-8,198
IQ:1,8,11,197,-13
IQ:2,16,11,-19,-190
IQ:3,24,11,-194,37
IQ:4,32,11,59,183
IQ:5,40,11,176,-70
IQ:6,48,11,-89,-173
IQ:7,56,11,-162,116
IQ:8,72,12,144,-184
IQ:9,80,255,-182,-122
IQ:10,88,1,-101,204
IQ:11,96,255,200,82
IQ:12,104,2,32,-191
IQ:13,112,255,-200,-60
IQ:14,120,10,-77,100
IQ:15,128,255,114,1
IQ:16,136,3,-36,-188
IQ:17,144,255,-166,40
IQ:18,152,9,126,139
IQ:19,160,255,185,-162
IQ:20,168,4,-33,-241
IQ:21,176,255,-188,62
IQ:22,184,8,136,200
IQ:23,192,255,173,-122
IQ:24,200,7,-186,-96
IQ:25,208,255,-103,194
IQ:26,216,6,161,91
IQ:27,224,255,95,-148
IQ:28,232,5,-125,-63
IQ:29,240,255,-24,156
IQ:30,248,12,238,41
IQ:31,256,255,28,-214
IQ:32,264,1,-225,36
IQ:33,272,255,16,232
IQ:34,280,2,184,-45
IQ:35,288,255,-88,-185
SW:2
RR:3
SS:3
FR:2480
ME:359
MA:5
KE:0
KA:358
DF_END