KE:0
KA:359
DF_END

Data arrived...
DF_BEGIN
IQ:0,0,11,135,-94
IQ:1,8,11,-105,-126
IQ:2,16,11,-111,115
IQ:3,24,11,121,93
IQ:4,32,11,85,-138
IQ:5,40,11,-148,-78
IQ:6,48,11,-56,148
IQ:7,56,11,151,60
IQ:8,72,12,-191,-5
IQ:9,80,255,14,168
IQ:10,88,1,179,-62
IQ:11,96,255,-38,-180
IQ:12,104,2,-141,61
IQ:13,112,255,60,156
IQ:14,120,10,111,-5
IQ:15,128,255,-49,-92
IQ:16,136,3,-104,90
IQ:17,144,255,108,75
IQ:18,152,9,34,-156
IQ:19,160,255,-175,-68
IQ:20,168,4,-120,136
IQ:21,176,255,140,76
IQ:22,184,8,73,-176
IQ:23,192,255,-153,-59
IQ:24,200,7,22,170
IQ:25,208,255,176,-12
IQ:26,216,6,3,-152
IQ:27,224,255,-144,-7
IQ:28,232,5,25,109
IQ:29,240,255,118,-64
IQ:30,248,12,-82,-174
IQ:31,256,255,-151,87
IQ:32,264,1,121,131
IQ:33,272,255,132,-108
IQ:34,280,2,-106,-103
IQ:35,288,255,-95,121
SW:2
RR:3
SS:3
FR:2480
ME:359
MA:5
KE:0
KA:359
DF_END

Data arrived...
DF_BEGIN
IQ:0,0,11,-142,110
IQ:1,8,11,132,122
IQ:2,16,11,124,-149
IQ:3,24,11,-141,-121
IQ:4,32,11,-96,154
IQ:5,40,11,165,84
IQ:6,48,11,66,-169
IQ:7,56,11,-181,-53
IQ:8,72,12,133,-46
IQ:9,80,255,-36,-135
IQ:10,88,1,-117,54
IQ:11,96,255,58,135
IQ:12,104,2,101,-21
IQ:13,112,255,-68,-111
IQ:14,120,10,-191,69
IQ:15,128,255,64,144
IQ:16,136,3,72,-104
IQ:17,144,255,-109,-114
IQ:18,152,9,-122,22
IQ:19,160,255,67,53
IQ:20,168,4,62,-177
IQ:21,176,255,-135,-76
IQ:22,184,8,61,60
IQ:23,192,255,112,-42
IQ:24,200,7,20,-99
IQ:25,208,255,-108,4
IQ:26,216,6,13,146
IQ:27,224,255,156,-13
IQ:28,232,5,7,-145
IQ:29,240,255,-116,22
IQ:30,248,12,79,114
IQ:31,256,255,118,-93
IQ:32,264,1,-97,-92
IQ:33,272,255,-109,99
IQ:34,280,2,55,79
IQ:35,288,255,62,-110
SW:2
RR:3
SS:3
FR:2426
ME:359
MA:353
KE:0
KA:358
DF_END

Data arrived...
DF_BEGIN
IQ:0,0,11,100,131
IQ:1,8,11,121,-110
IQ:2,16,11,-112,-112
IQ:3,24,11,-101,130
IQ:4,32,11,119,106
IQ:5,40,11,88,-136
IQ:6,48,11,-144,-76
IQ:7,56,11,-53,150
IQ:8,72,12,8,-153
IQ:9,80,255,-116,-13
IQ:10,88,1,49,97
IQ:11,96,255,105,-50
IQ:12,104,2,-52,-62
IQ:13,112,255,-94,70
IQ:14,120,10,33,133
IQ:15,128,255,96,-21
IQ:16,136,3,-92,-51
IQ:17,144,255,-92,92
IQ:18,152,9,19,106
IQ:19,160,255,75,-56
IQ:20,168,4,-119,-117
IQ:21,176,255,-101,84
IQ:22,184,8,73,4
IQ:23,192,255,2,-103
IQ:24,200,7,-75,-20
IQ:25,208,255,-8,90
IQ:26,216,6,108,25
IQ:27,224,255,23,-122
IQ:28,232,5,-101,-39
IQ:29,240,255,-7,84
IQ:30,248,12,140,-48
IQ:31,256,255,-42,-121
IQ:32,264,1,-66,90
IQ:33,272,255,90,73
IQ:34,280,2,35,-71
IQ:35,288,255,-116,-39
SW:2
RR:3
SS:3
FR:2402
ME:2
MA:353
KE:0
KA:358
DF_END

Data arrived...
DF_BEGIN
IQ:0,0,11,119,100
IQ:1,8,11,81,-126
IQ:2,16,11,-138,-70
IQ:3,24,11,-59,140
IQ:4,32,11,149,36
IQ:5,40,11,24,-150
IQ:6,48,11,-158,-20
IQ:7,56,11,8,154
IQ:8,72,12,-54,-134
IQ:9,80,255,-109,47
IQ:10,88,1,86,63
IQ:11,96,255,86,-79
IQ:12,104,2,-74,-31
IQ:13,112,255,-56,98
IQ:14,120,10,67,117
IQ:15,128,255,79,-51
IQ:16,136,3,-99,3
IQ:17,144,255,-44,119
IQ:18,152,9,61,86
IQ:19,160,255,38,-79
IQ:20,168,4,-151,-54
IQ:21,176,255,-74,104
IQ:22,184,8,57,-37
IQ:23,192,255,-36,-98
IQ:24,200,7,-65,9
IQ:25,208,255,34,74
IQ:26,216,6,108,-22
IQ:27,224,255,-29,-108
IQ:28,232,5,-105,7
IQ:29,240,255,37,74
IQ:30,248,12,100,-103
IQ:31,256,255,-80,-94
IQ:32,264,1,-27,108
IQ:33,272,255,101,36
IQ:34,280,2,-10,-70
IQ:35,288,255,-118,9
SW:2
RR:3
SS:3
FR:2402
ME:5
MA:353
KE:0
KA:357
DF_END

Data arrived...
DF_BEGIN
IQ:0,0,11,134,-91
IQ:1,8,11,-98,-125
IQ:2,16,11,-112,111
IQ:3,24,11,125,113
IQ:4,32,11,89,-131
IQ:5,40,11,-149,-75
IQ:6,48,11,-60,147
IQ:7,56,11,163,38
IQ:8,72,12,-203,-3
IQ:9,80,255,16,176
IQ:10,88,1,169,-63
IQ:11,96,255,-53,-170
IQ:12,104,2,-131,66
IQ:13,112,255,80,141
IQ:14,120,10,121,7
IQ:15,128,255,-31,-93
IQ:16,136,3,-102,94
IQ:17,144,255,89,83
IQ:18,152,9,27,-129
IQ:19,160,255,-167,-46
IQ:20,168,4,-121,151
IQ:21,176,255,131,84
IQ:22,184,8,64,-162
IQ:23,192,255,-147,-48
IQ:24,200,7,17,165
IQ:25,208,255,169,-15
IQ:26,216,6,-16,-144
IQ:27,224,255,-143,21
IQ:28,232,5,19,113
IQ:29,240,255,96,-75
IQ:30,248,12,-96,-183
IQ:31,256,255,-159,78
IQ:32,264,1,129,129
IQ:33,272,255,137,-120
IQ:34,280,2,-123,-77
IQ:35,288,255,-79,142
SW:2
RR:3
SS:3
FR:2480
ME:2
MA:5
KE:0
KA:358
DF_END

Data arrived...
DF_BEGIN
IQ:0,0,11,172,70
IQ:1,8,11,45,-178
IQ:2,16,11,-186,-34
IQ:3,24,11,-7,185
IQ:4,32,11,183,-7
IQ:5,40,11,-27,-193
IQ:6,48,11,-181,34
IQ:7,56,11,50,180
IQ:8,72,12,-110,-98
IQ:9,80,255,-105,98
IQ:10,88,1,103,76
IQ:11,96,255,90,-111
IQ:12,104,2,-62,-66
IQ:13,112,255,-39,115
IQ:14,120,10,166,127
IQ:15,128,255,105,-122
IQ:16,136,3,-126,-15
IQ:17,144,255,-36,146
IQ:18,152,9,80,84
IQ:19,160,255,7,-78
IQ:20,168,4,-191,73
IQ:21,176,255,24,159
IQ:22,184,8,27,-83
IQ:23,192,255,-98,-84
IQ:24,200,7,-87,21
IQ:25,208,255,60,73
IQ:26,216,6,117,-94
IQ:27,224,255,-114,-123
IQ:28,232,5,-133,81
IQ:29,240,255,87,87
IQ:30,248,12,49,-144
IQ:31,256,255,-137,-41
IQ:32,264,1,0,135
IQ:33,272,255,143,24
IQ:34,280,2,34,-86
IQ:35,288,255,-120,4
SW:2
RR:3
SS:3
FR:2426
ME:359
MA:353
KE:0
KA:357
DF_END

Data arrived...
DF_BEGIN
IQ:0,0,11,77,-139
IQ:1,8,11,-150,-59
IQ:2,16,11,-54,156
IQ:3,24,11,159,42
IQ:4,32,11,21,-163
IQ:5,40,11,-161,-3
IQ:6,48,11,9,167
IQ:7,56,11,161,-16
IQ:8,72,12,-137,59
IQ:9,80,255,51,108
IQ:10,88,1,56,-105
IQ:11,96,255,-100,-77
IQ:12,104,2,-24,82
IQ:13,112,255,111,45
IQ:14,120,10,105,-91
IQ:15,128,255,-73,-74
IQ:16,136,3,2,115
IQ:17,144,255,143,28
IQ:18,152,9,76,-79
IQ:19,160,255,-90,-33
IQ:20,168,4,-49,166
IQ:21,176,255,127,48
IQ:22,184,8,-45,-74
IQ:23,192,255,-93,51
IQ:24,200,7,20,74
IQ:25,208,255,84,-45
IQ:26,216,6,-36,-108
IQ:27,224,255,-110,43
IQ:28,232,5,18,110
IQ:29,240,255,74,-50
IQ:30,248,12,-122,-91
IQ:31,256,255,-84,89
IQ:32,264,1,115,28
IQ:33,272,255,31,-117
IQ:34,280,2,-87,3
IQ:35,288,255,9,121
SW:2
RR:3
SS:3
FR:2402
ME:2
MA:353
KE:0
KA:357
DF_END

Data arrived...
DF_BEGIN
IQ:0,0,11,28,170
IQ:1,8,11,162,-40
IQ:2,16,11,-75,-152
IQ:3,24,11,-143,85
IQ:4,32,11,103,130
IQ:5,40,11,132,-104
IQ:6,48,11,-123,-117
IQ:7,56,11,-108,132
IQ:8,72,12,70,-191
IQ:9,80,255,-173,-58
IQ:10,88,1,-10,179
IQ:11,96,255,184,10
IQ:12,104,2,-24,-146
IQ:13,112,255,-171,12
IQ:14,120,10,-56,115
IQ:15,128,255,94,-5
IQ:16,136,3,-62,-130
IQ:17,144,255,-120,53
IQ:18,152,9,106,78
IQ:19,160,255,83,-162
IQ:20,168,4,-115,-158
IQ:21,176,255,-123,116
IQ:22,184,8,142,118
IQ:23,192,255,111,-128
IQ:24,200,7,-167,-46
IQ:25,208,255,-54,174
IQ:26,216,6,146,41
IQ:27,224,255,37,-136
IQ:28,232,5,-115,-6
IQ:29,240,255,31,129
IQ:30,248,12,202,-32
IQ:31,256,255,-31,-178
IQ:32,264,1,-169,79
IQ:33,272,255,76,161
IQ:34,280,2,129,-73
IQ:35,288,255,-101,-133
SW:2
RR:3
SS:3
FR:2480
ME:359
MA:5
KE:0
KA:357
DF_END

Data arrived...
DF_BEGIN
IQ:0,0,11,173,31
IQ:1,8,11,4,-174
IQ:2,16,11,-182,11
IQ:3,24,11,18,174
IQ:4,32,11,171,-58
IQ:5,40,11,-69,-168
IQ:6,48,11,-162,79
IQ:7,56,11,90,161
IQ:8,72,12,-132,-52
IQ:9,80,255,-72,119
IQ:10,88,1,130,36
IQ:11,96,255,54,-127
IQ:12,104,2,-83,-51
IQ:13,112,255,-13,118
IQ:14,120,10,188,82
IQ:15,128,255,47,-159
IQ:16,136,3,-123,29
IQ:17,144,255,19,160
IQ:18,152,9,106,51
IQ:19,160,255,-7,-88
IQ:20,168,4,-175,77
IQ:21,176,255,48,138
IQ:22,184,8,17,-87
IQ:23,192,255,-124,-63
IQ:24,200,7,-82,54
IQ:25,208,255,72,71
IQ:26,216,6,88,-107
IQ:27,224,255,-131,-78
IQ:28,232,5,-101,102
IQ:29,240,255,94,77
IQ:30,248,12,16,-143
IQ:31,256,255,-133,5
IQ:32,264,1,11,132
IQ:33,272,255,142,-4
IQ:34,280,2,7,-100
IQ:35,288,255,-105,39
SW:2
RR:3
SS:3
FR:2426
ME:2
MA:5
KE:0
KA:358
DF_END

Data arrived...
DF_BEGIN
IQ:0,0,11,31,-156
IQ:1,8,11,-158,-13
IQ:2,16,11,9,159
IQ:3,24,11,164,-24
IQ:4,32,11,-27,-161
IQ:5,40,11,-148,46
IQ:6,48,11,62,144
IQ:7,56,11,147,-63
IQ:8,72,12,-104,99
IQ:9,80,255,86,82
IQ:10,88,1,26,-127
IQ:11,96,255,-118,-41
IQ:12,104,2,-2,93
IQ:13,112,255,123,12
IQ:14,120,10,59,-125
IQ:15,128,255,-94,-44
IQ:16,136,3,36,115
IQ:17,144,255,145,-17
IQ:18,152,9,36,-98
IQ:19,160,255,-101,8
IQ:20,168,4,9,169
IQ:21,176,255,129,1
IQ:22,184,8,-74,-53
IQ:23,192,255,-81,78
IQ:24,200,7,52,56
IQ:25,208,255,63,-72
IQ:26,216,6,-69,-89
IQ:27,224,255,-88,75
IQ:28,232,5,56,91
IQ:29,240,255,55,-67
IQ:30,248,12,-142,-44
IQ:31,256,255,-52,113
IQ:32,264,1,131,-19
IQ:33,272,255,-11,-124
IQ:34,280,2,-84,49
IQ:35,288,255,61,119
SW:2
RR:3
SS:3
FR:2402
ME:2
MA:353
KE:0
KA:357
DF_END

Data arrived...
DF_BEGIN
IQ:0,0,11,33,-153
IQ:1,8,11,-153,-23
IQ:2,16,11,6,149
IQ:3,24,11,155,-23
IQ:4,32,11,-39,-147
IQ:5,40,11,-150,44
IQ:6,48,11,44,148
IQ:7,56,11,144,-68
IQ:8,72,12,-110,93
IQ:9,80,255,77,93
IQ:10,88,1,36,-122
IQ:11,96,255,-112,-40
IQ:12,104,2,2,95
IQ:13,112,255,118,10
IQ:14,120,10,61,-107
IQ:15,128,255,-85,-48
IQ:16,136,3,39,116
IQ:17,144,255,146,-15
IQ:18,152,9,43,-84
IQ:19,160,255,-96,4
IQ:20,168,4,6,171
IQ:21,176,255,131,13
IQ:22,184,8,-67,-59
IQ:23,192,255,-79,76
IQ:24,200,7,43,60
IQ:25,208,255,68,-62
IQ:26,216,6,-63,-87
IQ:27,224,255,-97,75
IQ:28,232,5,53,93
IQ:29,240,255,55,-64
IQ:30,248,12,-136,-56
IQ:31,256,255,-53,115
IQ:32,264,1,125,-14
IQ:33,272,255,-3,-127
IQ:34,280,2,-83,40
IQ:35,288,255,61,117
SW:2
RR:3
SS:3
FR:2402
ME:2
MA:353
KE:1
KA:357
DF_END

Data arrived...
DF_BEGIN
IQ:0,0,11,17,-166
IQ:1,8,11,-174,13
IQ:2,16,11,37,162
IQ:3,24,11,153,-63
IQ:4,32,11,-74,-160
IQ:5,40,11,-144,77
IQ:6,48,11,93,145
IQ:7,56,11,143,-103
IQ:8,72,12,-121,164
IQ:9,80,255,146,83
IQ:10,88,1,58,-189
IQ:11,96,255,-176,-71
IQ:12,104,2,-26,146
IQ:13,112,255,158,33
IQ:14,120,10,65,-111
IQ:15,128,255,-92,-14
IQ:16,136,3,36,136
IQ:17,144,255,113,-49
IQ:18,152,9,-86,-105
IQ:19,160,255,-137,109
IQ:20,168,4,59,180
IQ:21,176,255,145,-89
IQ:22,184,8,-90,-156
IQ:23,192,255,-132,91
IQ:24,200,7,154,70
IQ:25,208,255,88,-160
IQ:26,216,6,-134,-80
IQ:27,224,255,-73,129
IQ:28,232,5,111,15
IQ:29,240,255,-9,-123
IQ:30,248,12,-205,-11
IQ:31,256,255,-29,175
IQ:32,264,1,176,-37
IQ:33,272,255,-45,-167
IQ:34,280,2,-144,56
IQ:35,288,255,71,152
SW:2
RR:3
SS:3
FR:2480
ME:359
MA:5
KE:0
KA:358
DF_END

Data arrived...
DF_BEGIN
IQ:0,0,11,145,47
IQ:1,8,11,42,-153
IQ:2,16,11,-148,-28
IQ:3,24,11,-12,158
IQ:4,32,11,150,-1
IQ:5,40,11,-20,-156
IQ:6,48,11,-153,29
IQ:7,56,11,44,149
IQ:8,72,12,-82,-82
IQ:9,80,255,-84,83
IQ:10,88,1,104,54
IQ:11,96,255,75,-107
IQ:12,104,2,-58,-47
IQ:13,112,255,-18,105
IQ:14,120,10,147,95
IQ:15,128,255,74,-114
IQ:16,136,3,-111,15
IQ:17,144,255,-17,133
IQ:18,152,9,69,71
IQ:19,160,255,-1,-69
IQ:20,168,4,-175,45
IQ:21,176,255,-4,144
IQ:22,184,8,7,-73
IQ:23,192,255,-89,-58
IQ:24,200,7,-75,15
IQ:25,208,255,48,63
IQ:26,216,6,104,-81
IQ:27,224,255,-95,-101
IQ:28,232,5,-114,78
IQ:29,240,255,69,79
IQ:30,248,12,28,-110
IQ:31,256,255,-115,-27
IQ:32,264,1,-2,118
IQ:33,272,255,124,14
IQ:34,280,2,12,-72
IQ:35,288,255,-104,19
SW:2
RR:3
SS:3
FR:2426
ME:2
MA:353
KE:1
KA:357
DF_END

Data arrived...
DF_BEGIN
IQ:0,0,11,-107,127
IQ:1,8,11,136,94
IQ:2,16,11,80,-146
IQ:3,24,11,-144,-70
IQ:4,32,11,-46,157
IQ:5,40,11,158,36
IQ:6,48,11,18,-151
IQ:7,56,11,-166,15
IQ:8,72,12,114,-45
IQ:9,80,255,-52,-106
IQ:10,88,1,-96,75
IQ:11,96,255,76,103
IQ:12,104,2,72,-36
IQ:13,112,255,-85,-71
IQ:14,120,10,-151,98
IQ:15,128,255,69,116
IQ:16,136,3,32,-98
IQ:17,144,255,-126,-57
IQ:18,152,9,-107,46
IQ:19,160,255,59,31
IQ:20,168,4,11,-185
IQ:21,176,255,-147,-51
IQ:22,184,8,57,34
IQ:23,192,255,91,-64
IQ:24,200,7,15,-83
IQ:25,208,255,-71,23
IQ:26,216,6,50,125
IQ:27,224,255,131,-57
IQ:28,232,5,-35,-139
IQ:29,240,255,-108,44
IQ:30,248,12,95,73
IQ:31,256,255,78,-99
IQ:32,264,1,-115,-45
IQ:33,272,255,-67,103
IQ:34,280,2,58,42
IQ:35,288,255,20,-99
SW:2
RR:3
SS:3
FR:2426
ME:2
MA:5
KE:1
KA:358
DF_END

Data arrived...
DF_BEGIN
IQ:0,0,11,-176,44
IQ:1,8,11,78,165
IQ:2,16,11,156,-113
IQ:3,24,11,-106,-150
IQ:4,32,11,-142,120
IQ:5,40,11,133,129
IQ:6,48,11,118,-145
IQ:7,56,11,-145,-114
IQ:8,72,12,163,54
IQ:9,80,255,48,-134
IQ:10,88,1,-134,27
IQ:11,96,255,11,132
IQ:12,104,2,97,-46
IQ:13,112,255,-39,-134
IQ:14,120,10,-153,-8
IQ:15,128,255,6,109
IQ:16,136,3,76,-104
IQ:17,144,255,-94,-131
IQ:18,152,9,-119,-4
IQ:19,160,255,51,90
IQ:20,168,4,156,-114
IQ:21,176,255,-70,-130
IQ:22,184,8,-23,99
IQ:23,192,255,119,40
IQ:24,200,7,46,-81
IQ:25,208,255,-107,-27
IQ:26,216,6,-53,122
IQ:27,224,255,123,45
IQ:28,232,5,45,-120
IQ:29,240,255,-121,-9
IQ:30,248,12,21,174
IQ:31,256,255,143,-8
IQ:32,264,1,-75,-112
IQ:33,272,255,-119,68
IQ:34,280,2,74,67
IQ:35,288,255,89,-127
SW:2
RR:3
SS:3
FR:2402
ME:2
MA:353
KE:1
KA:357
DF_END

Data arrived...
DF_BEGIN
IQ:0,0,11,-154,-42
IQ:1,8,11,-26,156
IQ:2,16,11,160,16
IQ:3,24,11,-6,-159
IQ:4,32,11,-156,32
IQ:5,40,11,47,148
IQ:6,48,11,151,-52
IQ:7,56,11,-67,-148
IQ:8,72,12,99,166
IQ:9,80,255,130,-110
IQ:10,88,1,-141,-110
IQ:11,96,255,-95,145
IQ:12,104,2,135,65
IQ:13,112,255,71,-154
IQ:14,120,10,-76,-80
IQ:15,128,255,-26,89
IQ:16,136,3,153,0
IQ:17,144,255,1,-128
IQ:18,152,9,-141,71
IQ:19,160,255,64,181
IQ:20,168,4,182,-1
IQ:21,176,255,-17,-158
IQ:22,184,8,-176,54
IQ:23,192,255,70,145
IQ:24,200,7,115,-128
IQ:25,208,255,-130,-128
IQ:26,216,6,-104,107
IQ:27,224,255,103,95
IQ:28,232,5,52,-92
IQ:29,240,255,-129,-34
IQ:30,248,12,-76,184
IQ:31,256,255,163,70
IQ:32,264,1,25,-184
IQ:33,272,255,-175,-32
IQ:34,280,2,-3,150
IQ:35,288,255,159,-23
SW:2
RR:3
SS:3
FR:2480
ME:359
MA:353
KE:1
KA:357
DF_END

Data arrived...
DF_BEGIN
IQ:0,0,11,154,41
IQ:1,8,11,-2,-163
IQ:2,16,11,-163,-2
IQ:3,24,11,18,161
IQ:4,32,11,159,-45
IQ:5,40,11,-49,-157
IQ:6,48,11,-149,59
IQ:7,56,11,80,143
IQ:8,72,12,-140,-142
IQ:9,80,255,-137,122
IQ:10,88,1,149,101
IQ:11,96,255,94,-149
IQ:12,104,2,-146,-51
IQ:13,112,255,-74,158
IQ:14,120,10,78,85
IQ:15,128,255,33,-87
IQ:16,136,3,-143,3
IQ:17,144,255,22,124
IQ:18,152,9,129,-83
IQ:19,160,255,-92,-179
IQ:20,168,4,-180,5
IQ:21,176,255,46,149
IQ:22,184,8,171,-79
IQ:23,192,255,-73,-147
IQ:24,200,7,-113,143
IQ:25,208,255,144,118
IQ:26,216,6,106,-118
IQ:27,224,255,-101,-99
IQ:28,232,5,-61,86
IQ:29,240,255,137,35
IQ:30,248,12,80,-181
IQ:31,256,255,-172,-51
IQ:32,264,1,-7,183
IQ:33,272,255,179,9
IQ:34,280,2,-15,-154
IQ:35,288,255,-176,20
SW:2
RR:3
SS:3
FR:2480
ME:359
MA:353
KE:0
KA:356
DF_END

Data arrived...
DF_BEGIN
IQ:0,0,11,-115,123
IQ:1,8,11,118,107
IQ:2,16,11,88,-141
IQ:3,24,11,-153,-82
IQ:4,32,11,-68,160
IQ:5,40,11,160,65
IQ:6,48,11,46,-154
IQ:7,56,11,-176,-30
IQ:8,72,12,123,-47
IQ:9,80,255,-50,-120
IQ:10,88,1,-128,59
IQ:11,96,255,61,117
IQ:12,104,2,89,-41
IQ:13,112,255,-83,-80
IQ:14,120,10,-187,92
IQ:15,128,255,58,127
IQ:16,136,3,60,-112
IQ:17,144,255,-127,-83
IQ:18,152,9,-110,45
IQ:19,160,255,60,42
IQ:20,168,4,36,-190
IQ:21,176,255,-159,-70
IQ:22,184,8,43,52
IQ:23,192,255,113,-59
IQ:24,200,7,8,-86
IQ:25,208,255,-109,17
IQ:26,216,6,37,134
IQ:27,224,255,157,-38
IQ:28,232,5,-12,-153
IQ:29,240,255,-125,15
IQ:30,248,12,84,98
IQ:31,256,255,105,-92
IQ:32,264,1,-102,-62
IQ:33,272,255,-96,115
IQ:34,280,2,63,62
IQ:35,288,255,42,-119
SW:2
RR:3
SS:3
FR:2426
ME:359
MA:5
KE:0
KA:357
DF_END

Data arrived...
DF_BEGIN
IQ:0,0,11,-153,-49
IQ:1,8,11,-27,146
IQ:2,16,11,161,7
IQ:3,24,11,0,-165
IQ:4,32,11,-167,7
IQ:5,40,11,13,160
IQ:6,48,11,168,-26
IQ:7,56,11,-44,-147
IQ:8,72,12,92,110
IQ:9,80,255,109,-76
IQ:10,88,1,-102,-52
IQ:11,96,255,-56,106
IQ:12,104,2,82,3
IQ:13,112,255,9,-118
IQ:14,120,10,-115,-87
IQ:15,128,255,-58,72
IQ:16,136,3,108,-43
IQ:17,144,255,-2,-141
IQ:18,152,9,-96,-58
IQ:19,160,255,-14,92
IQ:20,168,4,171,14
IQ:21,176,255,30,-135
IQ:22,184,8,-69,49
IQ:23,192,255,68,84
IQ:24,200,7,63,-38
IQ:25,208,255,-61,-75
IQ:26,216,6,-105,46
IQ:27,224,255,63,103
IQ:28,232,5,107,-38
IQ:29,240,255,-57,-77
IQ:30,248,12,-68,132
IQ:31,256,255,109,54
IQ:32,264,1,-15,-114
IQ:33,272,255,-118,-14
IQ:34,280,2,26,73
IQ:35,288,255,124,-34
SW:2
RR:3
SS:3
FR:2402
ME:2
MA:353
KE:0
KA:357
DF_END

Data arrived...
DF_BEGIN
IQ:0,0,11,-49,-162
IQ:1,8,11,-148,54
IQ:2,16,11,76,136
IQ:3,24,11,136,-94
IQ:4,32,11,-106,-131
IQ:5,40,11,-117,111
IQ:6,48,11,114,103
IQ:7,56,11,89,-141
IQ:8,72,12,-64,183
IQ:9,80,255,177,35
IQ:10,88,1,-2,-194
IQ:11,96,255,-176,-6
IQ:12,104,2,34,147
IQ:13,112,255,169,-23
IQ:14,120,10,32,-111
IQ:15,128,255,-96,24
IQ:16,136,3,75,117
IQ:17,144,255,109,-73
IQ:18,152,9,-132,-75
IQ:19,160,255,-92,160
IQ:20,168,4,114,144
IQ:21,176,255,117,-123
IQ:22,184,8,-154,-107
IQ:23,192,255,-78,143
IQ:24,200,7,173,6
IQ:25,208,255,14,-184
IQ:26,216,6,-153,-18
IQ:27,224,255,-22,144
IQ:28,232,5,114,0
IQ:29,240,255,-32,-139
IQ:30,248,12,-194,22
IQ:31,256,255,45,167
IQ:32,264,1,158,-99
IQ:33,272,255,-91,-163
IQ:34,280,2,-121,91
IQ:35,288,255,110,121
SW:2
RR:3
SS:3
FR:2480
ME:359
MA:5
KE:0
KA:357
DF_END

Data arrived...
DF_BEGIN
IQ:0,0,11,65,-145
IQ:1,8,11,-152,-58
IQ:2,16,11,-43,157
IQ:3,24,11,155,17
IQ:4,32,11,-1,-164
IQ:5,40,11,-168,4
IQ:6,48,11,25,166
IQ:7,56,11,155,-38
IQ:8,72,12,-98,81
IQ:9,80,255,86,91
IQ:10,88,1,79,-107
IQ:11,96,255,-100,-87
IQ:12,104,2,-58,68
IQ:13,112,255,106,39
IQ:14,120,10,119,-145
IQ:15,128,255,-108,-92
IQ:16,136,3,-4,111
IQ:17,144,255,145,33
IQ:18,152,9,83,-74
IQ:19,160,255,-79,-10
IQ:20,168,4,24,182
IQ:21,176,255,146,-4
IQ:22,184,8,-70,-27
IQ:23,192,255,-66,101
IQ:24,200,7,33,84
IQ:25,208,255,76,-65
IQ:26,216,6,-72,-117
IQ:27,224,255,-120,81
IQ:28,232,5,62,120
IQ:29,240,255,93,-62
IQ:30,248,12,-115,-50
IQ:31,256,255,-50,118
IQ:32,264,1,129,28
IQ:33,272,255,39,-128
IQ:34,280,2,-83,-25
IQ:35,288,255,9,109
SW:2
RR:3
SS:3
FR:2426
ME:2
MA:5
KE:0
KA:358
DF_END