DF_BEGIN
IQ:0,0,11,36,162
IQ:1,8,11,154,-46
IQ:2,16,11,-58,-152
IQ:3,24,11,-136,76
IQ:4,32,11,103,134
IQ:5,40,11,132,-100
IQ:6,48,11,-114,-121
IQ:7,56,11,-104,125
IQ:8,72,12,28,-123
IQ:9,80,255,-123,-18
IQ:10,88,1,-8,133
IQ:11,96,255,136,18
IQ:12,104,2,6,-94
IQ:13,112,255,-117,28
IQ:14,120,10,-7,193
IQ:15,128,255,150,12
IQ:16,136,3,-61,-106
IQ:17,144,255,-140,61
IQ:18,152,9,-26,127
IQ:19,160,255,73,-28
IQ:20,168,4,-149,-122
IQ:21,176,255,-130,82
IQ:22,184,8,62,-19
IQ:23,192,255,-4,-114
IQ:24,200,7,-70,-49
IQ:25,208,255,-23,89
IQ:26,216,6,130,44
IQ:27,224,255,52,-144
IQ:28,232,5,-131,-77
IQ:29,240,255,-42,115
IQ:30,248,12,125,-26
IQ:31,256,255,-25,-126
IQ:32,264,1,-121,47
IQ:33,272,255,36,135
IQ:34,280,2,86,-20
IQ:35,288,255,-60,-95
SW:2
RR:3
SS:3
FR:2426
ME:359
MA:353
KE:0
KA:359
DF_END

Data arrived...
DF_BEGIN
IQ:0,0,11,-94,112
IQ:1,8,11,122,79
IQ:2,16,11,64,-136
IQ:3,24,11,-133,-60
IQ:4,32,11,-44,147
IQ:5,40,11,144,28
IQ:6,48,11,23,-145
IQ:7,56,11,-149,-13
IQ:8,72,12,134,-14
IQ:9,80,255,-19,-109
IQ:10,88,1,-78,80
IQ:11,96,255,72,92
IQ:12,104,2,53,-64
IQ:13,112,255,-84,-79
IQ:14,120,10,-114,55
IQ:15,128,255,50,86
IQ:16,136,3,25,-106
IQ:17,144,255,-115,-61
IQ:18,152,9,-82,57
IQ:19,160,255,82,42
IQ:20,168,4,72,-140
IQ:21,176,255,-100,-75
IQ:22,184,8,16,81
IQ:23,192,255,102,-16
IQ:24,200,7,3,-77
IQ:25,208,255,-87,9
IQ:26,216,6,7,107
IQ:27,224,255,109,-12
IQ:28,232,5,4,-106
IQ:29,240,255,-86,26
IQ:30,248,12,79,106
IQ:31,256,255,91,-69
IQ:32,264,1,-100,-43
IQ:33,272,255,-50,99
IQ:34,280,2,80,21
IQ:35,288,255,21,-119
SW:2
RR:3
SS:3
FR:2402
ME:2
MA:353
KE:0
KA:359
DF_END

Data arrived...
DF_BEGIN
IQ:0,0,11,143,-96
IQ:1,8,11,-105,-141
IQ:2,16,11,-132,119
IQ:3,24,11,126,116
IQ:4,32,11,99,-141
IQ:5,40,11,-151,-98
IQ:6,48,11,-94,155
IQ:7,56,11,155,67
IQ:8,72,12,-209,-23
IQ:9,80,255,-19,186
IQ:10,88,1,191,-18
IQ:11,96,255,-43,-183
IQ:12,104,2,-150,64
IQ:13,112,255,51,174
IQ:14,120,10,116,10
IQ:15,128,255,-39,-89
IQ:16,136,3,-123,100
IQ:17,144,255,92,84
IQ:18,152,9,20,-149
IQ:19,160,255,-200,-56
IQ:20,168,4,-137,150
IQ:21,176,255,142,99
IQ:22,184,8,79,-184
IQ:23,192,255,-171,-66
IQ:24,200,7,0,180
IQ:25,208,255,181,6
IQ:26,216,6,5,-161
IQ:27,224,255,-157,-7
IQ:28,232,5,21,124
IQ:29,240,255,129,-58
IQ:30,248,12,-60,-199
IQ:31,256,255,-170,57
IQ:32,264,1,112,159
IQ:33,272,255,146,-108
IQ:34,280,2,-117,-116
IQ:35,288,255,-126,135
SW:2
RR:3
SS:3
FR:2480
ME:359
MA:5
KE:0
KA:359
DF_END

Data arrived...
DF_BEGIN
IQ:0,0,11,59,171
IQ:1,8,11,143,10
IQ:2,16,11,-111,-145
IQ:3,24,11,-188,81
IQ:4,32,11,64,141
IQ:5,40,11,158,-98
IQ:6,48,11,-133,-108
IQ:7,56,11,-54,169
IQ:8,72,12,18,-156
IQ:9,80,255,-185,-30
IQ:10,88,1,-13,197
IQ:11,96,255,123,12
IQ:12,104,2,82,-80
IQ:13,112,255,-117,94
IQ:14,120,10,6,214
IQ:15,128,255,150,2
IQ:16,136,3,-128,-89
IQ:17,144,255,-124,101
IQ:18,152,9,-50,96
IQ:19,160,255,159,-18
IQ:20,168,4,-177,-118
IQ:21,176,255,-149,120
IQ:22,184,8,-46,-71
IQ:23,192,255,-49,-137
IQ:24,200,7,-33,-52
IQ:25,208,255,-25,85
IQ:26,216,6,97,56
IQ:27,224,255,54,-156
IQ:28,232,5,-154,-75
IQ:29,240,255,-47,125
IQ:30,248,12,132,-16
IQ:31,256,255,-31,-133
IQ:32,264,1,-126,60
IQ:33,272,255,59,141
IQ:34,280,2,96,-18
IQ:35,288,255,-70,-94
SW:2
RR:3
SS:3
FR:2426
ME:5
MA:353
KE:0
KA:358
DF_END

Data arrived...
DF_BEGIN
IQ:0,0,11,75,167
IQ:1,8,11,157,-95
IQ:2,16,11,-123,-153
IQ:3,24,11,-158,115
IQ:4,32,11,122,149
IQ:5,40,11,124,-140
IQ:6,48,11,-159,-101
IQ:7,56,11,-96,168
IQ:8,72,12,26,-173
IQ:9,80,255,-149,-38
IQ:10,88,1,35,141
IQ:11,96,255,141,-24
IQ:12,104,2,-52,-91
IQ:13,112,255,-130,62
IQ:14,120,10,10,160
IQ:15,128,255,130,-18
IQ:16,136,3,-112,-87
IQ:17,144,255,-134,108
IQ:18,152,9,13,120
IQ:19,160,255,108,-57
IQ:20,168,4,-104,-182
IQ:21,176,255,-140,62
IQ:22,184,8,107,13
IQ:23,192,255,37,-122
IQ:24,200,7,-83,-37
IQ:25,208,255,-24,105
IQ:26,216,6,127,43
IQ:27,224,255,47,-143
IQ:28,232,5,-117,-66
IQ:29,240,255,-24,114
IQ:30,248,12,166,-29
IQ:31,256,255,-18,-145
IQ:32,264,1,-116,73
IQ:33,272,255,78,115
IQ:34,280,2,65,-90
IQ:35,288,255,-127,-88
SW:2
RR:3
SS:3
FR:2402
ME:2
MA:353
KE:0
KA:358
DF_END

Data arrived...
DF_BEGIN
IQ:0,0,11,-128,104
IQ:1,8,11,109,129
IQ:2,16,11,111,-118
IQ:3,24,11,-140,-87
IQ:4,32,11,-73,150
IQ:5,40,11,149,71
IQ:6,48,11,56,-156
IQ:7,56,11,-157,-35
IQ:8,72,12,194,-21
IQ:9,80,255,-30,-175
IQ:10,88,1,-180,58
IQ:11,96,255,54,167
IQ:12,104,2,123,-87
IQ:13,112,255,-98,-144
IQ:14,120,10,-119,-3
IQ:15,128,255,42,90
IQ:16,136,3,95,-102
IQ:17,144,255,-93,-66
IQ:18,152,9,5,137
IQ:19,160,255,177,19
IQ:20,168,4,99,-157
IQ:21,176,255,-149,-62
IQ:22,184,8,-42,191
IQ:23,192,255,169,22
IQ:24,200,7,-47,-163
IQ:25,208,255,-171,46
IQ:26,216,6,23,150
IQ:27,224,255,143,-23
IQ:28,232,5,-48,-114
IQ:29,240,255,-112,84
IQ:30,248,12,99,164
IQ:31,256,255,147,-97
IQ:32,264,1,-136,-126
IQ:33,272,255,-122,122
IQ:34,280,2,131,81
IQ:35,288,255,101,-146
SW:2
RR:3
SS:3
FR:2480
ME:359
MA:5
KE:0
KA:358
DF_END

Data arrived...
DF_BEGIN
IQ:0,0,11,147,-32
IQ:1,8,11,-59,-149
IQ:2,16,11,-139,83
IQ:3,24,11,85,140
IQ:4,32,11,126,-95
IQ:5,40,11,-107,-112
IQ:6,48,11,-113,119
IQ:7,56,11,125,101
IQ:8,72,12,-193,-61
IQ:9,80,255,-62,164
IQ:10,88,1,173,8
IQ:11,96,255,-5,-172
IQ:12,104,2,-151,19
IQ:13,112,255,12,174
IQ:14,120,10,103,51
IQ:15,128,255,-17,-91
IQ:16,136,3,-128,66
IQ:17,144,255,53,103
IQ:18,152,9,48,-102
IQ:19,160,255,-154,-84
IQ:20,168,4,-161,112
IQ:21,176,255,108,124
IQ:22,184,8,109,-144
IQ:23,192,255,-125,-100
IQ:24,200,7,-38,156
IQ:25,208,255,160,39
IQ:26,216,6,42,-140
IQ:27,224,255,-141,-47
IQ:28,232,5,-21,122
IQ:29,240,255,132,-22
IQ:30,248,12,-21,-191
IQ:31,256,255,-173,25
IQ:32,264,1,67,171
IQ:33,272,255,167,-46
IQ:34,280,2,-77,-125
IQ:35,288,255,-135,98
SW:2
RR:3
SS:3
FR:2480
ME:359
MA:5
KE:0
KA:359
DF_END

Data arrived...
DF_BEGIN
IQ:0,0,11,-143,98
IQ:1,8,11,111,131
IQ:2,16,11,125,-122
IQ:3,24,11,-137,-108
IQ:4,32,11,-99,151
IQ:5,40,11,152,93
IQ:6,48,11,79,-160
IQ:7,56,11,-162,-50
IQ:8,72,12,128,-11
IQ:9,80,255,-12,-131
IQ:10,88,1,-130,22
IQ:11,96,255,29,132
IQ:12,104,2,91,-22
IQ:13,112,255,-72,-111
IQ:14,120,10,-192,54
IQ:15,128,255,37,142
IQ:16,136,3,83,-101
IQ:17,144,255,-105,-121
IQ:18,152,9,-126,10
IQ:19,160,255,54,59
IQ:20,168,4,81,-162
IQ:21,176,255,-117,-100
IQ:22,184,8,36,59
IQ:23,192,255,112,-23
IQ:24,200,7,32,-94
IQ:25,208,255,-105,6
IQ:26,216,6,-8,145
IQ:27,224,255,152,2
IQ:28,232,5,34,-137
IQ:29,240,255,-117,-2
IQ:30,248,12,58,117
IQ:31,256,255,118,-67
IQ:32,264,1,-75,-106
IQ:33,272,255,-113,81
IQ:34,280,2,55,83
IQ:35,288,255,74,-100
SW:2
RR:3
SS:3
FR:2426
ME:359
MA:353
KE:0
KA:358
DF_END

Data arrived...
DF_BEGIN
IQ:0,0,11,-147,17
IQ:1,8,11,31,144
IQ:2,16,11,147,-48
IQ:3,24,11,-54,-140
IQ:4,32,11,-131,62
IQ:5,40,11,84,122
IQ:6,48,11,117,-86
IQ:7,56,11,-99,-109
IQ:8,72,12,112,65
IQ:9,80,255,62,-109
IQ:10,88,1,-115,-14
IQ:11,96,255,-28,109
IQ:12,104,2,82,-5
IQ:13,112,255,-7,-115
IQ:14,120,10,-130,-43
IQ:15,128,255,-25,104
IQ:16,136,3,92,-47
IQ:17,144,255,-41,-127
IQ:18,152,9,-115,-19
IQ:19,160,255,15,103
IQ:20,168,4,154,-47
IQ:21,176,255,-25,-133
IQ:22,184,8,-47,69
IQ:23,192,255,87,62
IQ:24,200,7,58,-61
IQ:25,208,255,-83,-57
IQ:26,216,6,-81,83
IQ:27,224,255,96,74
IQ:28,232,5,87,-69
IQ:29,240,255,-78,-48
IQ:30,248,12,-30,146
IQ:31,256,255,117,28
IQ:32,264,1,-36,-109
IQ:33,272,255,-117,20
IQ:34,280,2,39,72
IQ:35,288,255,96,-57
SW:2
RR:3
SS:3
FR:2402
ME:2
MA:353
KE:0
KA:358
DF_END

Data arrived...
DF_BEGIN
IQ:0,0,11,-143,55
IQ:1,8,11,82,136
IQ:2,16,11,133,-104
IQ:3,24,11,-103,-127
IQ:4,32,11,-108,115
IQ:5,40,11,131,99
IQ:6,48,11,100,-137
IQ:7,56,11,-149,-72
IQ:8,72,12,197,28
IQ:9,80,255,20,-185
IQ:10,88,1,-183,14
IQ:11,96,255,30,177
IQ:12,104,2,146,-48
IQ:13,112,255,-42,-169
IQ:14,120,10,-104,-21
IQ:15,128,255,34,93
IQ:16,136,3,112,-97
IQ:17,144,255,-84,-86
IQ:18,152,9,-35,141
IQ:19,160,255,179,73
IQ:20,168,4,138,-137
IQ:21,176,255,-132,-104
IQ:22,184,8,-89,156
IQ:23,192,255,144,87
IQ:24,200,7,14,-153
IQ:25,208,255,-167,-4
IQ:26,216,6,-21,156
IQ:27,224,255,149,19
IQ:28,232,5,-8,-135
IQ:29,240,255,-136,49
IQ:30,248,12,48,197
IQ:31,256,255,180,-52
IQ:32,264,1,-94,-153
IQ:33,272,255,-151,98
IQ:34,280,2,111,111
IQ:35,288,255,126,-121
SW:2
RR:3
SS:3
FR:2480
ME:359
MA:5
KE:0
KA:358
DF_END

Data arrived...
DF_BEGIN
IQ:0,0,11,-171,5
IQ:1,8,11,29,175
IQ:2,16,11,177,-42
IQ:3,24,11,-49,-167
IQ:4,32,11,-159,74
IQ:5,40,11,88,156
IQ:6,48,11,145,-95
IQ:7,56,11,-117,-132
IQ:8,72,12,138,49
IQ:9,80,255,41,-141
IQ:10,88,1,-140,-14
IQ:11,96,255,-28,143
IQ:12,104,2,87,6
IQ:13,112,255,-17,-140
IQ:14,120,10,-184,-49
IQ:15,128,255,-25,142
IQ:16,136,3,128,-68
IQ:17,144,255,-47,-154
IQ:18,152,9,-82,-25
IQ:19,160,255,36,73
IQ:20,168,4,176,-70
IQ:21,176,255,-51,-131
IQ:22,184,8,-2,117
IQ:23,192,255,139,43
IQ:24,200,7,51,-83
IQ:25,208,255,-112,-43
IQ:26,216,6,-72,128
IQ:27,224,255,132,69
IQ:28,232,5,71,-114
IQ:29,240,255,-104,-44
IQ:30,248,12,8,142
IQ:31,256,255,153,-4
IQ:32,264,1,-22,-138
IQ:33,272,255,-144,18
IQ:34,280,2,27,87
IQ:35,288,255,103,-73
SW:2
RR:3
SS:3
FR:2426
ME:2
MA:5
KE:0
KA:359
DF_END

Data arrived...
DF_BEGIN
IQ:0,0,11,135,-91
IQ:1,8,11,-118,-134
IQ:2,16,11,-132,117
IQ:3,24,11,128,112
IQ:4,32,11,103,-136
IQ:5,40,11,-146,-95
IQ:6,48,11,-81,147
IQ:7,56,11,163,50
IQ:8,72,12,-135,26
IQ:9,80,255,31,140
IQ:10,88,1,137,-43
IQ:11,96,255,-28,-138
IQ:12,104,2,-75,31
IQ:13,112,255,77,101
IQ:14,120,10,193,-39
IQ:15,128,255,-23,-136
IQ:16,136,3,-85,106
IQ:17,144,255,98,118
IQ:18,152,9,80,-6
IQ:19,160,255,-66,-34
IQ:20,168,4,-99,157
IQ:21,176,255,113,85
IQ:22,184,8,-44,-107
IQ:23,192,255,-139,23
IQ:24,200,7,-5,84
IQ:25,208,255,113,-16
IQ:26,216,6,7,-143
IQ:27,224,255,-150,-9
IQ:28,232,5,-28,134
IQ:29,240,255,117,-8
IQ:30,248,12,-68,-125
IQ:31,256,255,-120,68
IQ:32,264,1,103,92
IQ:33,272,255,104,-93
IQ:34,280,2,-67,-58
IQ:35,288,255,-57,106
SW:2
RR:3
SS:3
FR:2426
ME:2
MA:353
KE:0
KA:358
DF_END

Data arrived...
DF_BEGIN
IQ:0,0,11,107,114
IQ:1,8,11,118,-121
IQ:2,16,11,-107,-129
IQ:3,24,11,-90,130
IQ:4,32,11,139,88
IQ:5,40,11,85,-140
IQ:6,48,11,-155,-73
IQ:7,56,11,-52,146
IQ:8,72,12,-7,-137
IQ:9,80,255,-111,-23
IQ:10,88,1,75,66
IQ:11,96,255,83,-63
IQ:12,104,2,-66,-36
IQ:13,112,255,-80,93
IQ:14,120,10,42,150
IQ:15,128,255,110,-9
IQ:16,136,3,-113,-29
IQ:17,144,255,-98,102
IQ:18,152,9,-33,105
IQ:19,160,255,53,-21
IQ:20,168,4,-134,-134
IQ:21,176,255,-123,70
IQ:22,184,8,59,-68
IQ:23,192,255,-11,-94
IQ:24,200,7,-17,-24
IQ:25,208,255,5,52
IQ:26,216,6,95,35
IQ:27,224,255,44,-122
IQ:28,232,5,-101,-97
IQ:29,240,255,-43,66
IQ:30,248,12,122,-57
IQ:31,256,255,-16,-104
IQ:32,264,1,-41,76
IQ:33,272,255,77,58
IQ:34,280,2,10,-78
IQ:35,288,255,-125,-30
SW:2
RR:3
SS:3
FR:2402
ME:10
MA:321
KE:1
KA:354
DF_END

Data arrived...
DF_BEGIN
IQ:0,0,11,-96,120
IQ:1,8,11,143,91
IQ:2,16,11,98,-138
IQ:3,24,11,-148,-69
IQ:4,32,11,-43,157
IQ:5,40,11,160,31
IQ:6,48,11,27,-163
IQ:7,56,11,-160,-25
IQ:8,72,12,195,-40
IQ:9,80,255,-39,-178
IQ:10,88,1,-163,67
IQ:11,96,255,76,170
IQ:12,104,2,148,-97
IQ:13,112,255,-98,-147
IQ:14,120,10,-99,15
IQ:15,128,255,67,70
IQ:16,136,3,93,-115
IQ:17,144,255,-110,-52
IQ:18,152,9,11,164
IQ:19,160,255,192,23
IQ:20,168,4,89,-157
IQ:21,176,255,-148,-55
IQ:22,184,8,-34,173
IQ:23,192,255,167,25
IQ:24,200,7,-40,-174
IQ:25,208,255,-168,30
IQ:26,216,6,35,148
IQ:27,224,255,138,-38
IQ:28,232,5,-59,-106
IQ:29,240,255,-100,97
IQ:30,248,12,99,160
IQ:31,256,255,145,-107
IQ:32,264,1,-142,-119
IQ:33,272,255,-112,137
IQ:34,280,2,143,81
IQ:35,288,255,76,-155
SW:2
RR:3
SS:3
FR:2480
ME:359
MA:5
KE:1
KA:355
DF_END

Data arrived...
DF_BEGIN
IQ:0,0,11,-147,-69
IQ:1,8,11,-52,158
IQ:2,16,11,144,38
IQ:3,24,11,3,-146
IQ:4,32,11,-160,-6
IQ:5,40,11,15,160
IQ:6,48,11,153,-27
IQ:7,56,11,-34,-159
IQ:8,72,12,73,168
IQ:9,80,255,151,-93
IQ:10,88,1,-118,-155
IQ:11,96,255,-139,108
IQ:12,104,2,115,96
IQ:13,112,255,101,-128
IQ:14,120,10,-57,-98
IQ:15,128,255,-60,76
IQ:16,136,3,137,38
IQ:17,144,255,26,-124
IQ:18,152,9,-155,42
IQ:19,160,255,34,188
IQ:20,168,4,171,39
IQ:21,176,255,12,-156
IQ:22,184,8,-189,15
IQ:23,192,255,24,168
IQ:24,200,7,138,-90
IQ:25,208,255,-95,-147
IQ:26,216,6,-138,67
IQ:27,224,255,63,118
IQ:28,232,5,79,-76
IQ:29,240,255,-110,-70
IQ:30,248,12,-122,142
IQ:31,256,255,130,101
IQ:32,264,1,68,-175
IQ:33,272,255,-160,-77
IQ:34,280,2,-38,151
IQ:35,288,255,168,29
SW:2
RR:3
SS:3
FR:2480
ME:359
MA:5
KE:1
KA:356
DF_END

Data arrived...
DF_BEGIN
IQ:0,0,11,11,136
IQ:1,8,11,156,-8
IQ:2,16,11,-62,-132
IQ:3,24,11,-141,29
IQ:4,32,11,84,134
IQ:5,40,11,144,-60
IQ:6,48,11,-93,-128
IQ:7,56,11,-105,82
IQ:8,72,12,32,-112
IQ:9,80,255,-124,-40
IQ:10,88,1,-29,119
IQ:11,96,255,126,16
IQ:12,104,2,13,-73
IQ:13,112,255,-108,42
IQ:14,120,10,-44,165
IQ:15,128,255,108,45
IQ:16,136,3,-100,-103
IQ:17,144,255,-172,6
IQ:18,152,9,-87,67
IQ:19,160,255,25,-8
IQ:20,168,4,-75,-134
IQ:21,176,255,-94,103
IQ:22,184,8,96,9
IQ:23,192,255,8,-148
IQ:24,200,7,-72,-63
IQ:25,208,255,-7,-1
IQ:26,216,6,107,40
IQ:27,224,255,21,-87
IQ:28,232,5,-140,-112
IQ:29,240,255,-40,118
IQ:30,248,12,119,-5
IQ:31,256,255,-57,-113
IQ:32,264,1,-115,74
IQ:33,272,255,35,110
IQ:34,280,2,33,-31
IQ:35,288,255,17,-103
SW:2
RR:3
SS:3
FR:2426
ME:2
MA:353
KE:1
KA:356
DF_END

Data arrived...
DF_BEGIN
IQ:0,0,11,155,-94
IQ:1,8,11,-114,-150
IQ:2,16,11,-140,118
IQ:3,24,11,117,132
IQ:4,32,11,108,-150
IQ:5,40,11,-152,-104
IQ:6,48,11,-86,158
IQ:7,56,11,169,79
IQ:8,72,12,-186,-16
IQ:9,80,255,-21,146
IQ:10,88,1,121,-57
IQ:11,96,255,-34,-125
IQ:12,104,2,-65,59
IQ:13,112,255,87,102
IQ:14,120,10,161,-40
IQ:15,128,255,-23,-109
IQ:16,136,3,-43,123
IQ:17,144,255,120,122
IQ:18,152,9,142,-15
IQ:19,160,255,-70,-100
IQ:20,168,4,-165,144
IQ:21,176,255,87,152
IQ:22,184,8,-7,-87
IQ:23,192,255,-124,-12
IQ:24,200,7,-42,72
IQ:25,208,255,99,20
IQ:26,216,6,44,-130
IQ:27,224,255,-151,-39
IQ:28,232,5,-69,136
IQ:29,240,255,122,32
IQ:30,248,12,-40,-179
IQ:31,256,255,-147,33
IQ:32,264,1,102,79
IQ:33,272,255,102,-88
IQ:34,280,2,-75,-38
IQ:35,288,255,-55,125
SW:2
RR:3
SS:3
FR:2402
ME:5
MA:353
KE:1
KA:355
DF_END

Data arrived...
DF_BEGIN
IQ:0,0,11,122,-134
IQ:1,8,11,-139,-106
IQ:2,16,11,-85,159
IQ:3,24,11,167,68
IQ:4,32,11,54,-183
IQ:5,40,11,-177,-45
IQ:6,48,11,-31,177
IQ:7,56,11,173,1
IQ:8,72,12,-212,36
IQ:9,80,255,35,184
IQ:10,88,1,189,-80
IQ:11,96,255,-78,-192
IQ:12,104,2,-147,93
IQ:13,112,255,102,174
IQ:14,120,10,161,-21
IQ:15,128,255,-66,-108
IQ:16,136,3,-102,134
IQ:17,144,255,115,83
IQ:18,152,9,26,-141
IQ:19,160,255,-187,-26
IQ:20,168,4,-132,190
IQ:21,176,255,157,90
IQ:22,184,8,40,-201
IQ:23,192,255,-185,-35
IQ:24,200,7,39,159
IQ:25,208,255,191,-48
IQ:26,216,6,-24,-170
IQ:27,224,255,-172,17
IQ:28,232,5,21,117
IQ:29,240,255,109,-75
IQ:30,248,12,-114,-176
IQ:31,256,255,-151,114
IQ:32,264,1,162,125
IQ:33,272,255,130,-148
IQ:34,280,2,-153,-103
IQ:35,288,255,-98,163
SW:2
RR:3
SS:3
FR:2480
ME:2
MA:5
KE:1
KA:356
DF_END

Data arrived...
DF_BEGIN
IQ:0,0,11,128,137
IQ:1,8,11,120,-147
IQ:2,16,11,-152,-113
IQ:3,24,11,-102,174
IQ:4,32,11,169,95
IQ:5,40,11,82,-180
IQ:6,48,11,-180,-63
IQ:7,56,11,-46,186
IQ:8,72,12,-4,-137
IQ:9,80,255,-141,31
IQ:10,88,1,58,141
IQ:11,96,255,162,-55
IQ:12,104,2,-29,-109
IQ:13,112,255,-103,87
IQ:14,120,10,116,209
IQ:15,128,255,174,-75
IQ:16,136,3,-117,-79
IQ:17,144,255,-115,143
IQ:18,152,9,52,164
IQ:19,160,255,74,-70
IQ:20,168,4,-217,-55
IQ:21,176,255,-100,162
IQ:22,184,8,38,-43
IQ:23,192,255,-53,-111
IQ:24,200,7,-122,-45
IQ:25,208,255,-15,111
IQ:26,216,6,156,-18
IQ:27,224,255,-40,-177
IQ:28,232,5,-191,11
IQ:29,240,255,18,162
IQ:30,248,12,130,-53
IQ:31,256,255,-87,-117
IQ:32,264,1,-112,110
IQ:33,272,255,108,135
IQ:34,280,2,89,-68
IQ:35,288,255,-110,-62
SW:2
RR:3
SS:3
FR:2426
ME:359
MA:5
KE:1
KA:357
DF_END

Data arrived...
DF_BEGIN
IQ:0,0,11,-37,167
IQ:1,8,11,166,8
IQ:2,16,11,-7,-183
IQ:3,24,11,-174,15
IQ:4,32,11,46,177
IQ:5,40,11,169,-48
IQ:6,48,11,-63,-170
IQ:7,56,11,-162,65
IQ:8,72,12,82,-114
IQ:9,80,255,-115,-86
IQ:10,88,1,-77,118
IQ:11,96,255,124,71
IQ:12,104,2,54,-91
IQ:13,112,255,-124,-37
IQ:14,120,10,-103,175
IQ:15,128,255,129,82
IQ:16,136,3,-14,-121
IQ:17,144,255,-154,-5
IQ:18,152,9,-54,111
IQ:19,160,255,86,-16
IQ:20,168,4,-104,-179
IQ:21,176,255,-168,44
IQ:22,184,8,68,20
IQ:23,192,255,62,-106
IQ:24,200,7,-41,-91
IQ:25,208,255,-69,71
IQ:26,216,6,119,94
IQ:27,224,255,105,-130
IQ:28,232,5,-124,-136
IQ:29,240,255,-107,101
IQ:30,248,12,131,38
IQ:31,256,255,35,-130
IQ:32,264,1,-143,-3
IQ:33,272,255,-14,150
IQ:34,280,2,105,18
IQ:35,288,255,-20,-132
SW:2
RR:3
SS:3
FR:2426
ME:359
MA:5
KE:1
KA:358
DF_END

Data arrived...
DF_BEGIN
IQ:0,0,11,-25,-159
IQ:1,8,11,-161,27
IQ:2,16,11,36,151
IQ:3,24,11,144,-51
IQ:4,32,11,-64,-138
IQ:5,40,11,-134,88
IQ:6,48,11,97,128
IQ:7,56,11,125,-97
IQ:8,72,12,-86,121
IQ:9,80,255,100,73
IQ:10,88,1,1,-108
IQ:11,96,255,-108,-15
IQ:12,104,2,15,70
IQ:13,112,255,106,-19
IQ:14,120,10,42,-132
IQ:15,128,255,-89,-39
IQ:16,136,3,63,85
IQ:17,144,255,132,-34
IQ:18,152,9,43,-107
IQ:19,160,255,-86,12
IQ:20,168,4,54,175
IQ:21,176,255,148,-12
IQ:22,184,8,-73,-30
IQ:23,192,255,-56,89
IQ:24,200,7,37,52
IQ:25,208,255,43,-70
IQ:26,216,6,-80,-80
IQ:27,224,255,-92,90
IQ:28,232,5,54,99
IQ:29,240,255,49,-66
IQ:30,248,12,-148,-11
IQ:31,256,255,-22,125
IQ:32,264,1,104,-48
IQ:33,272,255,-25,-115
IQ:34,280,2,-61,38
IQ:35,288,255,78,92
SW:2
RR:3
SS:3
FR:2402
ME:5
MA:353
KE:1
KA:357
DF_END

Data arrived...
DF_BEGIN
IQ:0,0,11,-142,86
IQ:1,8,11,83,123
IQ:2,16,11