Data arrived...
DF_BEGIN
IQ:0,0,11,123,84
IQ:1,8,11,73,-119
IQ:2,16,11,-138,-68
IQ:3,24,11,-51,133
IQ:4,32,11,142,35
IQ:5,40,11,15,-142
IQ:6,48,11,-144,6
IQ:7,56,11,6,147
IQ:8,72,12,26,-88
IQ:9,80,255,-84,-25
IQ:10,88,1,-17,62
IQ:11,96,255,60,-21
IQ:12,104,2,-48,-125
IQ:13,112,255,-103,42
IQ:14,120,10,101,85
IQ:15,128,255,86,-76
IQ:16,136,3,-110,-64
IQ:17,144,255,-58,103
IQ:18,152,9,108,32
IQ:19,160,255,27,-108
IQ:20,168,4,-102,-16
IQ:21,176,255,-16,92
IQ:22,184,8,111,-34
IQ:23,192,255,-23,-118
IQ:24,200,7,-103,22
IQ:25,208,255,4,101
IQ:26,216,6,78,-11
IQ:27,224,255,-35,-80
IQ:28,232,5,-111,48
IQ:29,240,255,40,105
IQ:30,248,12,83,-29
IQ:31,256,255,-34,-80
IQ:32,264,1,-58,27
IQ:33,272,255,60,40
IQ:34,280,2,85,-107
IQ:35,288,255,-100,-47
SW:2
RR:3
SS:3
FR:2480
ME:356
MA:353
KE:357
KA:359
DF_END

Data arrived...
DF_BEGIN
IQ:0,0,11,-75,147
IQ:1,8,11,166,58
IQ:2,16,11,46,-175
IQ:3,24,11,-170,-16
IQ:4,32,11,0,173
IQ:5,40,11,183,3
IQ:6,48,11,-25,-171
IQ:7,56,11,-161,65
IQ:8,72,12,211,102
IQ:9,80,255,104,-173
IQ:10,88,1,-49,-70
IQ:11,96,255,-8,16
IQ:12,104,2,76,-197
IQ:13,112,255,-179,-111
IQ:14,120,10,-132,143
IQ:15,128,255,96,131
IQ:16,136,3,-33,-98
IQ:17,144,255,-179,18
IQ:18,152,9,-52,207
IQ:19,160,255,138,66
IQ:20,168,4,-108,-126
IQ:21,176,255,-188,76
IQ:22,184,8,49,166
IQ:23,192,255,228,-43
IQ:24,200,7,114,-263
IQ:25,208,255,-196,-105
IQ:26,216,6,10,154
IQ:27,224,255,114,-8
IQ:28,232,5,-124,-36
IQ:29,240,255,-99,168
IQ:30,248,12,48,233
IQ:31,256,255,198,1
IQ:32,264,1,25,-73
IQ:33,272,255,-11,13
IQ:34,280,2,190,-56
IQ:35,288,255,-28,-206
SW:2
RR:3
SS:3
FR:2426
ME:356
MA:5
KE:357
KA:359
DF_END

Data arrived...
DF_BEGIN
IQ:0,0,11,168,28
IQ:1,8,11,11,-170
IQ:2,16,11,-171,-2
IQ:3,24,11,11,163
IQ:4,32,11,160,-42
IQ:5,40,11,-51,-161
IQ:6,48,11,-152,61
IQ:7,56,11,84,140
IQ:8,72,12,-41,-245
IQ:9,80,255,-231,-5
IQ:10,88,1,-29,154
IQ:11,96,255,101,7
IQ:12,104,2,-108,-36
IQ:13,112,255,-40,140
IQ:14,120,10,165,78
IQ:15,128,255,98,-160
IQ:16,136,3,-74,-54
IQ:17,144,255,-8,99
IQ:18,152,9,197,-21
IQ:19,160,255,40,-182
IQ:20,168,4,-52,18
IQ:21,176,255,60,90
IQ:22,184,8,137,-102
IQ:23,192,255,-110,-171
IQ:24,200,7,-239,60
IQ:25,208,255,35,204
IQ:26,216,6,138,-58
IQ:27,224,255,-46,-126
IQ:28,232,5,-49,85
IQ:29,240,255,150,46
IQ:30,248,12,186,-179
IQ:31,256,255,-134,-188
IQ:32,264,1,-146,63
IQ:33,272,255,51,93
IQ:34,280,2,-44,-110
IQ:35,288,255,-140,37
SW:2
RR:3
SS:3
FR:2402
ME:359
MA:353
KE:357
KA:359
DF_END

Data arrived...
DF_BEGIN
IQ:0,0,11,195,24
IQ:1,8,11,12,-194
IQ:2,16,11,-179,13
IQ:3,24,11,37,188
IQ:4,32,11,187,-42
IQ:5,40,11,-56,-186
IQ:6,48,11,-179,74
IQ:7,56,11,96,166
IQ:8,72,12,-36,-111
IQ:9,80,255,-107,25
IQ:10,88,1,24,69
IQ:11,96,255,50,-66
IQ:12,104,2,-121,-115
IQ:13,112,255,-78,107
IQ:14,120,10,163,32
IQ:15,128,255,49,-138
IQ:16,136,3,-161,3
IQ:17,144,255,6,143
IQ:18,152,9,149,-26
IQ:19,160,255,-27,-141
IQ:20,168,4,-117,34
IQ:21,176,255,42,104
IQ:22,184,8,118,-122
IQ:23,192,255,-91,-119
IQ:24,200,7,-106,75
IQ:25,208,255,77,106
IQ:26,216,6,77,-62
IQ:27,224,255,-81,-65
IQ:28,232,5,-87,130
IQ:29,240,255,122,92
IQ:30,248,12,81,-73
IQ:31,256,255,-77,-75
IQ:32,264,1,-41,66
IQ:33,272,255,81,11
IQ:34,280,2,26,-177
IQ:35,288,255,-144,-13
SW:2
RR:3
SS:3
FR:2480
ME:356
MA:353
KE:357
KA:358
DF_END

Data arrived...
DF_BEGIN
IQ:0,0,11,68,-127
IQ:1,8,11,-135,-58
IQ:2,16,11,-35,133
IQ:3,24,11,146,37
IQ:4,32,11,22,-138
IQ:5,40,11,-145,7
IQ:6,48,11,16,148
IQ:7,56,11,138,-36
IQ:8,72,12,-87,-1
IQ:9,80,255,-6,85
IQ:10,88,1,63,4
IQ:11,96,255,-34,-55
IQ:12,104,2,-117,57
IQ:13,112,255,48,92
IQ:14,120,10,65,-109
IQ:15,128,255,-87,-62
IQ:16,136,3,-35,126
IQ:17,144,255,104,43
IQ:18,152,9,14,-116
IQ:19,160,255,-108,-15
IQ:20,168,4,-11,95
IQ:21,176,255,87,3
IQ:22,184,8,-62,-112
IQ:23,192,255,-112,44
IQ:24,200,7,20,102
IQ:25,208,255,94,-34
IQ:26,216,6,-23,-67
IQ:27,224,255,-63,50
IQ:28,232,5,67,99
IQ:29,240,255,93,-55
IQ:30,248,12,-39,-83
IQ:31,256,255,-73,36
IQ:32,264,1,35,43
IQ:33,272,255,35,-55
IQ:34,280,2,-112,-67
IQ:35,288,255,-30,103
SW:2
RR:3
SS:3
FR:2480
ME:359
MA:353
KE:357
KA:357
DF_END

Data arrived...
DF_BEGIN
IQ:0,0,11,-163,63
IQ:1,8,11,83,142
IQ:2,16,11,137,-105
IQ:3,24,11,-111,-137
IQ:4,32,11,-113,127
IQ:5,40,11,145,107
IQ:6,48,11,98,-148
IQ:7,56,11,-154,-84
IQ:8,72,12,107,206
IQ:9,80,255,194,-39
IQ:10,88,1,13,-80
IQ:11,96,255,-13,8
IQ:12,104,2,181,-109
IQ:13,112,255,-52,-212
IQ:14,120,10,-183,35
IQ:15,128,255,9,165
IQ:16,136,3,21,-104
IQ:17,144,255,-146,-100
IQ:18,152,9,-168,118
IQ:19,160,255,68,133
IQ:20,168,4,-7,-167
IQ:21,176,255,-188,-78
IQ:22,184,8,-93,155
IQ:23,192,255,191,108
IQ:24,200,7,254,-121
IQ:25,208,255,-83,-209
IQ:26,216,6,-91,119
IQ:27,224,255,80,75
IQ:28,232,5,-71,-108
IQ:29,240,255,-196,57
IQ:30,248,12,-128,196
IQ:31,256,255,146,132
IQ:32,264,1,74,-35
IQ:33,272,255,-13,-2
IQ:34,280,2,185,99
IQ:35,288,255,119,-163
SW:2
RR:3
SS:3
FR:2426
ME:356
MA:5
KE:357
KA:358
DF_END

Data arrived...
DF_BEGIN
IQ:0,0,11,98,-199
IQ:1,8,11,-209,-73
IQ:2,16,11,-77,197
IQ:3,24,11,186,59
IQ:4,32,11,16,-223
IQ:5,40,11,-213,-15
IQ:6,48,11,8,203
IQ:7,56,11,219,-26
IQ:8,72,12,-240,-130
IQ:9,80,255,-135,215
IQ:10,88,1,39,104
IQ:11,96,255,1,-11
IQ:12,104,2,-98,218
IQ:13,112,255,214,174
IQ:14,120,10,191,-148
IQ:15,128,255,-109,-180
IQ:16,136,3,38,126
IQ:17,144,255,201,-7
IQ:18,152,9,102,-236
IQ:19,160,255,-162,-98
IQ:20,168,4,137,153
IQ:21,176,255,236,-83
IQ:22,184,8,-35,-216
IQ:23,192,255,-302,-2
IQ:24,200,7,-192,293
IQ:25,208,255,224,134
IQ:26,216,6,9,-198
IQ:27,224,255,-128,0
IQ:28,232,5,132,80
IQ:29,240,255,162,-186
IQ:30,248,12,-30,-269
IQ:31,256,255,-249,2
IQ:32,264,1,-73,85
IQ:33,272,255,23,-14
IQ:34,280,2,-239,6
IQ:35,288,255,-17,260
SW:2
RR:3
SS:3
FR:2426
ME:356
MA:5
KE:357
KA:358
DF_END

Data arrived...
DF_BEGIN
IQ:0,0,11,-53,161
IQ:1,8,11,163,36
IQ:2,16,11,23,-166
IQ:3,24,11,-164,-14
IQ:4,32,11,-1,164
IQ:5,40,11,160,-28
IQ:6,48,11,-33,-166
IQ:7,56,11,-160,47
IQ:8,72,12,246,-2
IQ:9,80,255,28,-230
IQ:10,88,1,-152,-50
IQ:11,96,255,-37,101
IQ:12,104,2,45,-103
IQ:13,112,255,-139,-71
IQ:14,120,10,-104,146
IQ:15,128,255,131,129
IQ:16,136,3,70,-62
IQ:17,144,255,-104,-26
IQ:18,152,9,-24,197
IQ:19,160,255,173,61
IQ:20,168,4,-13,-54
IQ:21,176,255,-102,39
IQ:22,184,8,64,148
IQ:23,192,255,187,-84
IQ:24,200,7,-8,-236
IQ:25,208,255,-217,-16
IQ:26,216,6,22,145
IQ:27,224,255,118,-36
IQ:28,232,5,-79,-70
IQ:29,240,255,-85,133
IQ:30,248,12,133,214
IQ:31,256,255,216,-85
IQ:32,264,1,-34,-163
IQ:33,272,255,-102,32
IQ:34,280,2,110,-24
IQ:35,288,255,-26,-138
SW:2
RR:3
SS:3
FR:2402
ME:359
MA:5
KE:357
KA:359
DF_END

Data arrived...
DF_BEGIN
IQ:0,0,11,176,70
IQ:1,8,11,56,-179
IQ:2,16,11,-181,-33
IQ:3,24,11,-14,195
IQ:4,32,11,182,3
IQ:5,40,11,-16,-184
IQ:6,48,11,-179,40
IQ:7,56,11,57,185
IQ:8,72,12,-14,-114
IQ:9,80,255,-110,10
IQ:10,88,1,3,67
IQ:11,96,255,65,-49
IQ:12,104,2,-99,-138
IQ:13,112,255,-114,72
IQ:14,120,10,150,56
IQ:15,128,255,54,-127
IQ:16,136,3,-159,-17
IQ:17,144,255,-17,147
IQ:18,152,9,148,-15
IQ:19,160,255,-8,-142
IQ:20,168,4,-132,15
IQ:21,176,255,19,106
IQ:22,184,8,125,-93
IQ:23,192,255,-88,-145
IQ:24,200,7,-127,63
IQ:25,208,255,50,125
IQ:26,216,6,91,-33
IQ:27,224,255,-70,-77
IQ:28,232,5,-115,100
IQ:29,240,255,99,105
IQ:30,248,12,92,-67
IQ:31,256,255,-72,-90
IQ:32,264,1,-52,51
IQ:33,272,255,78,16
IQ:34,280,2,56,-151
IQ:35,288,255,-135,-20
SW:2
RR:3
SS:3
FR:2480
ME:356
MA:353
KE:357
KA:358
DF_END

Data arrived...
DF_BEGIN
IQ:0,0,11,-169,-22
IQ:1,8,11,12,175
IQ:2,16,11,176,-14
IQ:3,24,11,-34,-181
IQ:4,32,11,-181,50
IQ:5,40,11,56,171
IQ:6,48,11,165,-61
IQ:7,56,11,-98,-151
IQ:8,72,12,-32,236
IQ:9,80,255,195,61
IQ:10,88,1,41,-66
IQ:11,96,255,-11,5
IQ:12,104,2,209,-3
IQ:13,112,255,55,-220
IQ:14,120,10,-177,-105
IQ:15,128,255,-105,136
IQ:16,136,3,87,-74
IQ:17,144,255,-70,-167
IQ:18,152,9,-223,-14
IQ:19,160,255,-23,155
IQ:20,168,4,86,-151
IQ:21,176,255,-120,-157
IQ:22,184,8,-147,108
IQ:23,192,255,107,206
IQ:24,200,7,282,37
IQ:25,208,255,29,-227
IQ:26,216,6,-150,46
IQ:27,224,255,34,108
IQ:28,232,5,2,-124
IQ:29,240,255,-197,-55
IQ:30,248,12,-200,119
IQ:31,256,255,68,198
IQ:32,264,1,82,3
IQ:33,272,255,-26,-10
IQ:34,280,2,119,169
IQ:35,288,255,194,-89
SW:2
RR:3
SS:3
FR:2426
ME:7
MA:240
KE:358
KA:352
DF_END

Data arrived...
DF_BEGIN
IQ:0,0,11,109,-115
IQ:1,8,11,-129,-51
IQ:2,16,11,-18,150
IQ:3,24,11,152,41
IQ:4,32,11,3,-157
IQ:5,40,11,-193,-10
IQ:6,48,11,-9,142
IQ:7,56,11,138,-31
IQ:8,72,12,-222,-71
IQ:9,80,255,-69,241
IQ:10,88,1,139,107
IQ:11,96,255,78,-95
IQ:12,104,2,-76,95
IQ:13,112,255,103,64
IQ:14,120,10,124,-116
IQ:15,128,255,-115,-162
IQ:16,136,3,-88,46
IQ:17,144,255,103,40
IQ:18,152,9,67,-177
IQ:19,160,255,-148,-98
IQ:20,168,4,25,62
IQ:21,176,255,90,-14
IQ:22,184,8,-31,-153
IQ:23,192,255,-193,32
IQ:24,200,7,-16,246
IQ:25,208,255,191,45
IQ:26,216,6,-25,-173
IQ:27,224,255,-104,2
IQ:28,232,5,45,98
IQ:29,240,255,128,-103
IQ:30,248,12,-72,-245
IQ:31,256,255,-197,54
IQ:32,264,1,21,189
IQ:33,272,255,114,-13
IQ:34,280,2,-85,-16
IQ:35,288,255,22,129
SW:2
RR:3
SS:3
FR:2402
ME:359
MA:353
KE:358
KA:352
DF_END

Data arrived...
DF_BEGIN
IQ:0,0,11,86,168
IQ:1,8,11,160,-102
IQ:2,16,11,-115,-137
IQ:3,24,11,-114,144
IQ:4,32,11,154,98
IQ:5,40,11,90,-162
IQ:6,48,11,-171,-68
IQ:7,56,11,-73,179
IQ:8,72,12,71,-80
IQ:9,80,255,-86,-55
IQ:10,88,1,-52,64
IQ:11,96,255,79,11
IQ:12,104,2,6,-168
IQ:13,112,255,-125,10
IQ:14,120,10,75,150
IQ:15,128,255,130,-44
IQ:16,136,3,-88,-114
IQ:17,144,255,-106,106
IQ:18,152,9,111,103
IQ:19,160,255,101,-101
IQ:20,168,4,-109,-60
IQ:21,176,255,-53,101
IQ:22,184,8,156,15
IQ:23,192,255,34,-151
IQ:24,200,7,-135,-33
IQ:25,208,255,-35,129
IQ:26,216,6,95,23
IQ:27,224,255,-8,-98
IQ:28,232,5,-142,25
IQ:29,240,255,18,144
IQ:30,248,12,119,14
IQ:31,256,255,11,-107
IQ:32,264,1,-76,6
IQ:33,272,255,49,69
IQ:34,280,2,148,-84
IQ:35,288,255,-86,-95
SW:2
RR:3
SS:3
FR:2480
ME:356
MA:353
KE:358
KA:352
DF_END

Data arrived...
DF_BEGIN
IQ:0,0,11,108,143
IQ:1,8,11,128,-124
IQ:2,16,11,-146,-117
IQ:3,24,11,-114,133
IQ:4,32,11,158,82
IQ:5,40,11,76,-161
IQ:6,48,11,-155,-74
IQ:7,56,11,-46,170
IQ:8,72,12,182,-144
IQ:9,80,255,-107,-178
IQ:10,88,1,-85,8
IQ:11,96,255,11,3
IQ:12,104,2,-144,-151
IQ:13,112,255,-196,105
IQ:14,120,10,60,191
IQ:15,128,255,167,-26
IQ:16,136,3,-104,-25
IQ:17,144,255,-57,158
IQ:18,152,9,155,144
IQ:19,160,255,127,-99
IQ:20,168,4,-168,47
IQ:21,176,255,-27,202
IQ:22,184,8,184,29
IQ:23,192,255,62,-232
IQ:24,200,7,-201,-216
IQ:25,208,255,-173,144
IQ:26,216,6,138,69
IQ:27,224,255,42,-101
IQ:28,232,5,-90,93
IQ:29,240,255,85,179
IQ:30,248,12,218,71
IQ:31,256,255,78,-180
IQ:32,264,1,-59,-56
IQ:33,272,255,5,14
IQ:34,280,2,45,-207
IQ:35,288,255,-194,-84
SW:2
RR:3
SS:3
FR:2426
ME:356
MA:5
KE:357
KA:353
DF_END

Data arrived...
DF_BEGIN
IQ:0,0,11,-162,3
IQ:1,8,11,16,168
IQ:2,16,11,162,-29
IQ:3,24,11,-53,-154
IQ:4,32,11,-158,58
IQ:5,40,11,74,146
IQ:6,48,11,132,-87
IQ:7,56,11,-107,-123
IQ:8,72,12,69,234
IQ:9,80,255,223,-47
IQ:10,88,1,-3,-159
IQ:11,96,255,-105,15
IQ:12,104,2,115,-7
IQ:13,112,255,16,-146
IQ:14,120,10,-173,-52
IQ:15,128,255,-76,160
IQ:16,136,3,76,42
IQ:17,144,255,-15,-101
IQ:18,152,9,-190,48
IQ:19,160,255,5,170
IQ:20,168,4,45,-27
IQ:21,176,255,-76,-81
IQ:22,184,8,-114,120
IQ:23,192,255,145,136
IQ:24,200,7,223,-88
IQ:25,208,255,-69,-200
IQ:26,216,6,-119,73
IQ:27,224,255,68,109
IQ:28,232,5,36,-95
IQ:29,240,255,-161,-23
IQ:30,248,12,-133,209
IQ:31,256,255,174,147
IQ:32,264,1,127,-86
IQ:33,272,255,-72,-72
IQ:34,280,2,65,91
IQ:35,288,255,114,-82
SW:2
RR:3
SS:3
FR:2402
ME:359
MA:5
KE:357
KA:354
DF_END

Data arrived...
DF_BEGIN
IQ:0,0,11,-139,94
IQ:1,8,11,97,123
IQ:2,16,11,121,-119
IQ:3,24,11,-126,-113
IQ:4,32,11,-94,135
IQ:5,40,11,144,81
IQ:6,48,11,75,-151
IQ:7,56,11,-151,-47
IQ:8,72,12,182,150
IQ:9,80,255,146,-167
IQ:10,88,1,-94,-127
IQ:11,96,255,-81,60
IQ:12,104,2,97,-63
IQ:13,112,255,-70,-135
IQ:14,120,10,-170,53
IQ:15,128,255,33,178
IQ:16,136,3,87,-10
IQ:17,144,255,-74,-78
IQ:18,152,9,-129,149
IQ:19,160,255,99,142
IQ:20,168,4,17,-46
IQ:21,176,255,-103,-20
IQ:22,184,8,-21,164
IQ:23,192,255,197,39
IQ:24,200,7,132,-199
IQ:25,208,255,-167,-123
IQ:26,216,6,-63,136
IQ:27,224,255,117,38
IQ:28,232,5,-27,-100
IQ:29,240,255,-159,48
IQ:30,248,12,-22,241
IQ:31,256,255,225,33
IQ:32,264,1,58,-143
IQ:33,272,255,-101,-27
IQ:34,280,2,105,42
IQ:35,288,255,49,-130
SW:2
RR:3
SS:3
FR:2402
ME:359
MA:5
KE:358
KA:355
DF_END

Data arrived...
DF_BEGIN
IQ:0,0,11,-108,-153
IQ:1,8,11,-154,118
IQ:2,16,11,136,128
IQ:3,24,11,103,-153
IQ:4,32,11,-153,-101
IQ:5,40,11,-99,151
IQ:6,48,11,174,79
IQ:7,56,11,56,-181
IQ:8,72,12,-63,91
IQ:9,80,255,88,49
IQ:10,88,1,34,-67
IQ:11,96,255,-83,-9
IQ:12,104,2,0,165
IQ:13,112,255,127,-2
IQ:14,120,10,-90,-131
IQ:15,128,255,-125,77
IQ:16,136,3,118,92
IQ:17,144,255,96,-110
IQ:18,152,9,-121,-79
IQ:19,160,255,-79,112
IQ:20,168,4,103,59
IQ:21,176,255,46,-103
IQ:22,184,8,-159,21
IQ:23,192,255,-16,160
IQ:24,200,7,133,26
IQ:25,208,255,20,-127
IQ:26,216,6,-97,-7
IQ:27,224,255,16,104
IQ:28,232,5,149,-31
IQ:29,240,255,-13,-148
IQ:30,248,12,-122,0
IQ:31,256,255,1,102
IQ:32,264,1,81,-3
IQ:33,272,255,-49,-68
IQ:34,280,2,-145,93
IQ:35,288,255,101,102
SW:2
RR:3
SS:3
FR:2480
ME:356
MA:353
KE:357
KA:355
DF_END

Data arrived...
DF_BEGIN
IQ:0,0,11,-151,105
IQ:1,8,11,122,138
IQ:2,16,11,118,-138
IQ:3,24,11,-150,-117
IQ:4,32,11,-82,144
IQ:5,40,11,172,70
IQ:6,48,11,68,-173
IQ:7,56,11,-181,-43
IQ:8,72,12,159,161
IQ:9,80,255,172,-122
IQ:10,88,1,-19,-89
IQ:11,96,255,0,15
IQ:12,104,2,156,-140
IQ:13,112,255,-111,-195
IQ:14,120,10,-194,60
IQ:15,128,255,20,176
IQ:16,136,3,23,-106
IQ:17,144,255,-165,-62
IQ:18,152,9,-163,164
IQ:19,160,255,96,133
IQ:20,168,4,-26,-172
IQ:21,176,255,-203,-36
IQ:22,184,8,-25,186
IQ:23,192,255,235,43
IQ:24,200,7,228,-202
IQ:25,208,255,-131,-192
IQ:26,216,6,-62,136
IQ:27,224,255,111,38
IQ:28,232,5,-83,-104
IQ:29,240,255,-177,103
IQ:30,248,12,-61,230
IQ:31,256,255,188,69
IQ:32,264,1,67,-52
IQ:33,272,255,-21,13
IQ:34,280,2,208,49
IQ:35,288,255,82,-193
SW:2
RR:3
SS:3
FR:2426
ME:356
MA:5
KE:357
KA:356
DF_END

Data arrived...
DF_BEGIN
IQ:0,0,11,-146,78
IQ:1,8,11,100,122
IQ:2,16,11,121,-109
IQ:3,24,11,-123,-113
IQ:4,32,11,-95,130
IQ:5,40,11,143,71
IQ:6,48,11,76,-152
IQ:7,56,11,-156,-61
IQ:8,72,12,190,145
IQ:9,80,255,150,-163
IQ:10,88,1,-80,-139
IQ:11,96,255,-85,56
IQ:12,104,2,103,-51
IQ:13,112,255,-71,-129
IQ:14,120,10,-175,65
IQ:15,128,255,16,177
IQ:16,136,3,93,-11
IQ:17,144,255,-70,-75
IQ:18,152,9,-133,145
IQ:19,160,255,85,159
IQ:20,168,4,25,-55
IQ:21,176,255,-100,-27
IQ:22,184,8,-26,166
IQ:23,192,255,193,55
IQ:24,200,7,141,-195
IQ:25,208,255,-163,-122
IQ:26,216,6,-55,140
IQ:27,224,255,115,49
IQ:28,232,5,-21,-104
IQ:29,240,255,-146,55
IQ:30,248,12,-1,249
IQ:31,256,255,224,42
IQ:32,264,1,68,-144
IQ:33,272,255,-95,-27
IQ:34,280,2,104,41
IQ:35,288,255,55,-128
SW:2
RR:3
SS:3
FR:2402
ME:359
MA:353
KE:357
KA:355
DF_END

Data arrived...
DF_BEGIN
IQ:0,0,11,120,109
IQ:1,8,11,90,-138
IQ:2,16,11,-150,-72
IQ:3,24,11,-75,161
IQ:4,32,11,148,52
IQ:5,40,11,32,-160
IQ:6,48,11,-155,-11
IQ:7,56,11,-3,174
IQ:8,72,12,79,-233
IQ:9,80,255,-195,-110
IQ:10,88,1,-99,117
IQ:11,96,255,79,58
IQ:12,104,2,-87,-68
IQ:13,112,255,-111,102
IQ:14,120,10,110,143
IQ:15,128,255,154,-81
IQ:16,136,3,-42,-72
IQ:17,144,255,-45,102
IQ:18,152,9,178,92
IQ:19,160,255,116,-129
IQ:20,168,4,-54,-8
IQ:21,176,255,14,106
IQ:22,184,8,165,-29
IQ:23,192,255,-7,-196
IQ:24,200,7,-226,-71
IQ:25,208,255,-60,196
IQ:26,216,6,144,17
IQ:27,224,255,9,-129
IQ:28,232,5,-87,52
IQ:29,240,255,105,117
IQ:30,248,12,238,-60
IQ:31,256,255,-20,-225
IQ:32,264,1,-159,-17
IQ:33,272,255,-2,98
IQ:34,280,2,17,-112
IQ:35,288,255,-140,-17
SW:2
RR:3
SS:3
FR:2402
ME:359
MA:5
KE:358
KA:356
DF_END

Data arrived...
DF_BEGIN
IQ:0,0,11,134,-127
IQ:1,8,11,-141,-118
IQ:2,16,11,-111,150
IQ:3,24,11,174,81
IQ:4,32,11,60,-169
IQ:5,40,11,-184,-51
IQ:6,48,11,-25,189
IQ:7,56,11,184,14
IQ:8,72,12,-109,-38
IQ:9,80,255,-33,106
IQ:10,88,1,69,26
IQ:11,96,255,-18,-80
IQ:12,104,2,-164,35
IQ:13,112,255,24,133
IQ:14,120,10,119,-103
IQ:15,128,255,-91,-101
IQ:16,136,3,-74,135
IQ:17,144,255,129,75
IQ:18,152,9,65,-136
IQ:19,160,255,-129,-61
IQ:20,168,4,-46,125
IQ:21,176,255,101,37
IQ:22,184,8,-47,-155
IQ:23,192,255,-157,19
IQ:24,200,7,21,135
IQ:25,208,255,135,-4
IQ:26,216,6,-6,-89
IQ:27,224,255,-104,44
IQ:28,232,5,58,139
IQ:29,240,255,131,-51
IQ:30,248,12,-26,-109
IQ:31,256,255,-106,19
IQ:32,264,1,31,67
IQ:33,272,255,55,-67
IQ:34,280,2,-124,-125
IQ:35,288,255,-81,117
SW:2
RR:3
SS:3
FR:2480
ME:356
MA:353
KE:357
KA:356
DF_END

Data arrived...
DF_BEGIN
IQ:0,0,11,118,-127
IQ:1,8,11,-150,-106
IQ:2,16,11,-95,164
IQ:3,24,11,170,98
IQ:4,32,11,81,-175
IQ:5,40,11,-180,-55
IQ:6,48,11,-40,185
IQ:7,56,11,190,7
IQ:8,72,12,-177,-133
IQ:9,80,255,-145,137
IQ:10,88,1,30,75
IQ:11,96,255,-11,-25
IQ:12,104,2,-149,154
IQ:13,112,255,147,176
IQ:14,120,10,189,-95
IQ:15,128,255,-65,-160
IQ:16,136,3,-6,119
IQ:17,144,255,180,53
IQ:18,152,9,137,-173
IQ:19,160,255,-131,-107
IQ:20,168,4,69,166
IQ:21,176,255,216,12
IQ:22,184,8,2,-183
IQ:23,192,255,-237,-29
IQ:24,200,7,-188,219
IQ:25,208,255,170,151
IQ:26,216,6,41,-155
IQ:27,224,255,-123,-15
IQ:28,232,5,104,98
IQ:29,240,255,179,-109
IQ:30,248,12,31,-232
IQ:31,256,255,-199,-48
IQ:32,264,1,-48,58
IQ:33,272,255,16,-18
IQ:34,280,2,-211,-35
IQ:35,288,255,-65,214
SW:2
RR:3
SS:3
FR:2426
ME:356
MA:5
KE:357
KA:357
DF_END

Data arrived...
DF_BEGIN
IQ:0,0,11,134,-95
IQ:1,8,11,-10