RR:3
SS:3
FR:2480
ME:44
MA:170
KE:7
KA:345
DF_END

Data arrived...
DF_BEGIN
IQ:0,0,11,126,-147
IQ:1,8,11,-151,-97
IQ:2,16,11,-77,154
IQ:3,24,11,157,57
IQ:4,32,11,48,-164
IQ:5,40,11,-185,-24
IQ:6,48,11,-10,180
IQ:7,56,11,185,-12
IQ:8,72,12,-7,15
IQ:9,80,255,73,11
IQ:10,88,1,54,-137
IQ:11,96,255,-128,-77
IQ:12,104,2,-45,39
IQ:13,112,255,119,13
IQ:14,120,10,179,-202
IQ:15,128,255,-106,-216
IQ:16,136,3,-23,-72
IQ:17,144,255,-15,-93
IQ:18,152,9,-149,-192
IQ:19,160,255,-261,17
IQ:20,168,4,-126,75
IQ:21,176,255,51,35
IQ:22,184,8,-158,-166
IQ:23,192,255,-181,143
IQ:24,200,7,100,213
IQ:25,208,255,194,-78
IQ:26,216,6,-77,-122
IQ:27,224,255,-150,138
IQ:28,232,5,123,260
IQ:29,240,255,219,-22
IQ:30,248,12,-15,9
IQ:31,256,255,10,58
IQ:32,264,1,147,-42
IQ:33,272,255,4,-161
IQ:34,280,2,-59,-5
IQ:35,288,255,13,118
SW:2
RR:3
SS:3
FR:2426
ME:7
MA:63
KE:7
KA:356
DF_END

Data arrived...
DF_BEGIN
IQ:0,0,11,173,-48
IQ:1,8,11,-44,-170
IQ:2,16,11,-175,58
IQ:3,24,11,84,160
IQ:4,32,11,139,-100
IQ:5,40,11,-115,-139
IQ:6,48,11,-141,114
IQ:7,56,11,140,115
IQ:8,72,12,-9,6
IQ:9,80,255,34,63
IQ:10,88,1,126,-74
IQ:11,96,255,-42,-157
IQ:12,104,2,-69,-4
IQ:13,112,255,75,108
IQ:14,120,10,257,-39
IQ:15,128,255,29,-240
IQ:16,136,3,23,-84
IQ:17,144,255,47,-64
IQ:18,152,9,42,-247
IQ:19,160,255,-204,-149
IQ:20,168,4,-150,-19
IQ:21,176,255,6,43
IQ:22,184,8,-4,-218
IQ:23,192,255,-230,-39
IQ:24,200,7,-88,217
IQ:25,208,255,191,82
IQ:26,216,6,17,-151
IQ:27,224,255,-198,-6
IQ:28,232,5,-115,274
IQ:29,240,255,195,131
IQ:30,248,12,-23,8
IQ:31,256,255,-18,60
IQ:32,264,1,135,86
IQ:33,272,255,116,-109
IQ:34,280,2,-48,-61
IQ:35,288,255,-63,99
SW:2
RR:3
SS:3
FR:2426
ME:10
MA:61
KE:7
KA:7
DF_END

Data arrived...
DF_BEGIN
IQ:0,0,11,-151,-32
IQ:1,8,11,-2,158
IQ:2,16,11,159,-11
IQ:3,24,11,-29,-161
IQ:4,32,11,-156,35
IQ:5,40,11,60,141
IQ:6,48,11,144,-75
IQ:7,56,11,-82,-133
IQ:8,72,12,12,78
IQ:9,80,255,44,-14
IQ:10,88,1,-26,26
IQ:11,96,255,56,52
IQ:12,104,2,141,-68
IQ:13,112,255,-60,-157
IQ:14,120,10,-190,47
IQ:15,128,255,-20,159
IQ:16,136,3,32,-7
IQ:17,144,255,-51,-20
IQ:18,152,9,-31,124
IQ:19,160,255,111,84
IQ:20,168,4,90,-7
IQ:21,176,255,-33,-58
IQ:22,184,8,16,92
IQ:23,192,255,130,2
IQ:24,200,7,80,-154
IQ:25,208,255,-133,-78
IQ:26,216,6,-43,94
IQ:27,224,255,123,31
IQ:28,232,5,45,-117
IQ:29,240,255,-115,-50
IQ:30,248,12,-64,54
IQ:31,256,255,27,29
IQ:32,264,1,-35,-9
IQ:33,272,255,-18,71
IQ:34,280,2,130,96
IQ:35,288,255,142,-121
SW:2
RR:3
SS:3
FR:2402
ME:2
MA:5
KE:6
KA:7
DF_END

Data arrived...
DF_BEGIN
IQ:0,0,11,76,144
IQ:1,8,11,127,-107
IQ:2,16,11,-132,-122
IQ:3,24,11,-119,131
IQ:4,32,11,129,107
IQ:5,40,11,75,-142
IQ:6,48,11,-160,-74
IQ:7,56,11,-66,167
IQ:8,72,12,-51,-9
IQ:9,80,255,-26,45
IQ:10,88,1,57,-23
IQ:11,96,255,-30,-48
IQ:12,104,2,-53,81
IQ:13,112,255,46,135
IQ:14,120,10,135,206
IQ:15,128,255,155,-39
IQ:16,136,3,12,20
IQ:17,144,255,123,24
IQ:18,152,9,316,-199
IQ:19,160,255,-59,-325
IQ:20,168,4,-59,-134
IQ:21,176,255,-41,4
IQ:22,184,8,97,-143
IQ:23,192,255,-120,-79
IQ:24,200,7,-74,193
IQ:25,208,255,146,94
IQ:26,216,6,25,-77
IQ:27,224,255,-143,-67
IQ:28,232,5,-229,109
IQ:29,240,255,27,184
IQ:30,248,12,-31,-43
IQ:31,256,255,-53,6
IQ:32,264,1,40,46
IQ:33,272,255,26,-43
IQ:34,280,2,-97,4
IQ:35,288,255,-113,93
SW:2
RR:3
SS:3
FR:2480
ME:10
MA:285
KE:7
KA:358
DF_END

Data arrived...
DF_BEGIN
IQ:0,0,11,95,135
IQ:1,8,11,131,-105
IQ:2,16,11,-114,-125
IQ:3,24,11,-111,125
IQ:4,32,11,144,91
IQ:5,40,11,87,-144
IQ:6,48,11,-170,-67
IQ:7,56,11,-50,160
IQ:8,72,12,-15,-7
IQ:9,80,255,-24,59
IQ:10,88,1,119,99
IQ:11,96,255,130,-86
IQ:12,104,2,-46,-39
IQ:13,112,255,-52,114
IQ:14,120,10,132,203
IQ:15,128,255,229,-55
IQ:16,136,3,77,-2
IQ:17,144,255,91,31
IQ:18,152,9,237,-59
IQ:19,160,255,91,-234
IQ:20,168,4,-19,-127
IQ:21,176,255,-28,37
IQ:22,184,8,204,-95
IQ:23,192,255,-76,-218
IQ:24,200,7,-231,5
IQ:25,208,255,-25,208
IQ:26,216,6,137,-41
IQ:27,224,255,-81,-180
IQ:28,232,5,-289,-1
IQ:29,240,255,-61,208
IQ:30,248,12,-1,-22
IQ:31,256,255,-72,-5
IQ:32,264,1,-21,158
IQ:33,272,255,136,63
IQ:34,280,2,12,-54
IQ:35,288,255,-120,-10
SW:2
RR:3
SS:3
FR:2426
ME:7
MA:52
KE:7
KA:6
DF_END

Data arrived...
DF_BEGIN
IQ:0,0,11,-27,-171
IQ:1,8,11,-145,50
IQ:2,16,11,62,146
IQ:3,24,11,147,-67
IQ:4,32,11,-93,-124
IQ:5,40,11,-139,89
IQ:6,48,11,92,134
IQ:7,56,11,126,-111
IQ:8,72,12,6,5
IQ:9,80,255,36,-21
IQ:10,88,1,-74,-138
IQ:11,96,255,-130,55
IQ:12,104,2,3,44
IQ:13,112,255,95,-40
IQ:14,120,10,-31,-250
IQ:15,128,255,-169,-36
IQ:16,136,3,-79,-38
IQ:17,144,255,-119,-26
IQ:18,152,9,-235,-68
IQ:19,160,255,-158,136
IQ:20,168,4,-47,131
IQ:21,176,255,11,-18
IQ:22,184,8,-241,17
IQ:23,192,255,-17,204
IQ:24,200,7,225,79
IQ:25,208,255,96,-204
IQ:26,216,6,-126,-19
IQ:27,224,255,-5,165
IQ:28,232,5,257,94
IQ:29,240,255,98,-177
IQ:30,248,12,23,13
IQ:31,256,255,125,28
IQ:32,264,1,66,-135
IQ:33,272,255,-91,-110
IQ:34,280,2,-34,38
IQ:35,288,255,98,62
SW:2
RR:3
SS:3
FR:2426
ME:2
MA:5
KE:6
KA:7
DF_END

Data arrived...
DF_BEGIN
IQ:0,0,11,120,-108
IQ:1,8,11,-120,-106
IQ:2,16,11,-96,122
IQ:3,24,11,146,70
IQ:4,32,11,67,-144
IQ:5,40,11,-143,-49
IQ:6,48,11,-36,156
IQ:7,56,11,159,26
IQ:8,72,12,-74,-41
IQ:9,80,255,-31,40
IQ:10,88,1,-3,-35
IQ:11,96,255,-76,-3
IQ:12,104,2,-55,145
IQ:13,112,255,156,57
IQ:14,120,10,83,-173
IQ:15,128,255,-113,-110
IQ:16,136,3,-17,31
IQ:17,144,255,46,-22
IQ:18,152,9,-66,-99
IQ:19,160,255,-141,34
IQ:20,168,4,-52,81
IQ:21,176,255,54,15
IQ:22,184,8,-75,-52
IQ:23,192,255,-85,94
IQ:24,200,7,70,143
IQ:25,208,255,146,-57
IQ:26,216,6,-38,-100
IQ:27,224,255,-106,69
IQ:28,232,5,49,122
IQ:29,240,255,110,-46
IQ:30,248,12,0,-82
IQ:31,256,255,-47,-1
IQ:32,264,1,30,-18
IQ:33,272,255,-37,-75
IQ:34,280,2,-158,11
IQ:35,288,255,-11,179
SW:2
RR:3
SS:3
FR:2402
ME:359
MA:353
KE:5
KA:5
DF_END

Data arrived...
DF_BEGIN
IQ:0,0,11,-155,94
IQ:1,8,11,93,146
IQ:2,16,11,119,-136
IQ:3,24,11,-141,-111
IQ:4,32,11,-112,159
IQ:5,40,11,150,114
IQ:6,48,11,72,-151
IQ:7,56,11,-176,-64
IQ:8,72,12,12,-44
IQ:9,80,255,-40,-19
IQ:10,88,1,17,74
IQ:11,96,255,51,-1
IQ:12,104,2,-78,-36
IQ:13,112,255,-132,57
IQ:14,120,10,-230,144
IQ:15,128,255,36,185
IQ:16,136,3,-8,23
IQ:17,144,255,-17,132
IQ:18,152,9,209,310
IQ:19,160,255,309,-64
IQ:20,168,4,143,-63
IQ:21,176,255,-17,-37
IQ:22,184,8,133,108
IQ:23,192,255,78,-98
IQ:24,200,7,-203,-56
IQ:25,208,255,-103,162
IQ:26,216,6,65,71
IQ:27,224,255,65,-136
IQ:28,232,5,-118,-220
IQ:29,240,255,-170,54
IQ:30,248,12,41,-8
IQ:31,256,255,5,-39
IQ:32,264,1,-47,53
IQ:33,272,255,34,41
IQ:34,280,2,-5,-69
IQ:35,288,255,-84,-87
SW:2
RR:3
SS:3
FR:2480
ME:38
MA:234
KE:9
KA:358
DF_END

Data arrived...
DF_BEGIN
IQ:0,0,11,104,-138
IQ:1,8,11,-153,-101
IQ:2,16,11,-68,162
IQ:3,24,11,194,38
IQ:4,32,11,48,-173
IQ:5,40,11,-174,-16
IQ:6,48,11,5,178
IQ:7,56,11,165,-43
IQ:8,72,12,6,55
IQ:9,80,255,52,2
IQ:10,88,1,-41,-50
IQ:11,96,255,-53,29
IQ:12,104,2,81,6
IQ:13,112,255,104,-110
IQ:14,120,10,137,-229
IQ:15,128,255,-112,-150
IQ:16,136,3,4,-26
IQ:17,144,255,-31,-148
IQ:18,152,9,-304,-235
IQ:19,160,255,-277,160
IQ:20,168,4,-87,104
IQ:21,176,255,12,27
IQ:22,184,8,-175,-29
IQ:23,192,255,-31,133
IQ:24,200,7,201,-24
IQ:25,208,255,36,-193
IQ:26,216,6,-72,-31
IQ:27,224,255,1,159
IQ:28,232,5,194,165
IQ:29,240,255,147,-108
IQ:30,248,12,-35,35
IQ:31,256,255,31,42
IQ:32,264,1,18,-64
IQ:33,272,255,-47,-36
IQ:34,280,2,21,77
IQ:35,288,255,116,33
SW:2
RR:3
SS:3
FR:2480
ME:7
MA:313
KE:9
KA:351
DF_END

Data arrived...
DF_BEGIN
IQ:0,0,11,131,-119
IQ:1,8,11,-136,-111
IQ:2,16,11,-109,152
IQ:3,24,11,144,105
IQ:4,32,11,73,-147
IQ:5,40,11,-182,-57
IQ:6,48,11,-48,171
IQ:7,56,11,182,29
IQ:8,72,12,-13,39
IQ:9,80,255,92,32
IQ:10,88,1,99,-140
IQ:11,96,255,-110,-113
IQ:12,104,2,-39,56
IQ:13,112,255,136,31
IQ:14,120,10,216,-183
IQ:15,128,255,-86,-201
IQ:16,136,3,-2,-69
IQ:17,144,255,29,-102
IQ:18,152,9,-62,-262
IQ:19,160,255,-252,-42
IQ:20,168,4,-112,47
IQ:21,176,255,28,7
IQ:22,184,8,-121,-221
IQ:23,192,255,-227,100
IQ:24,200,7,51,236
IQ:25,208,255,227,-25
IQ:26,216,6,-50,-129
IQ:27,224,255,-170,98
IQ:28,232,5,35,275
IQ:29,240,255,195,21
IQ:30,248,12,-35,19
IQ:31,256,255,23,82
IQ:32,264,1,160,-19
IQ:33,272,255,29,-158
IQ:34,280,2,-67,-3
IQ:35,288,255,25,131
SW:2
RR:3
SS:3
FR:2426
ME:7
MA:49
KE:9
KA:0
DF_END

Data arrived...
DF_BEGIN
IQ:0,0,11,92,123
IQ:1,8,11,114,-112
IQ:2,16,11,-123,-110
IQ:3,24,11,-99,129
IQ:4,32,11,126,92
IQ:5,40,11,73,-143
IQ:6,48,11,-142,-65
IQ:7,56,11,-45,151
IQ:8,72,12,50,-60
IQ:9,80,255,-37,-35
IQ:10,88,1,28,6
IQ:11,96,255,13,-78
IQ:12,104,2,-140,-82
IQ:13,112,255,-80,144
IQ:14,120,10,143,115
IQ:15,128,255,134,-93
IQ:16,136,3,-29,-28
IQ:17,144,255,19,49
IQ:18,152,9,116,-54
IQ:19,160,255,-12,-138
IQ:20,168,4,-80,-58
IQ:21,176,255,-27,54
IQ:22,184,8,69,-68
IQ:23,192,255,-81,-98
IQ:24,200,7,-159,40
IQ:25,208,255,30,153
IQ:26,216,6,110,-30
IQ:27,224,255,-45,-116
IQ:28,232,5,-122,37
IQ:29,240,255,35,123
IQ:30,248,12,78,15
IQ:31,256,255,13,-49
IQ:32,264,1,10,34
IQ:33,272,255,73,-28
IQ:34,280,2,15,-158
IQ:35,288,255,-175,-31
SW:2
RR:3
SS:3
FR:2402
ME:359
MA:2
KE:8
KA:1
DF_END

Data arrived...
DF_BEGIN
IQ:0,0,11,140,-109
IQ:1,8,11,-121,-125
IQ:2,16,11,-115,132
IQ:3,24,11,145,87
IQ:4,32,11,83,-148
IQ:5,40,11,-141,-74
IQ:6,48,11,-59,165
IQ:7,56,11,153,46
IQ:8,72,12,-13,48
IQ:9,80,255,38,6
IQ:10,88,1,-27,-53
IQ:11,96,255,-46,25
IQ:12,104,2,87,30
IQ:13,112,255,130,-76
IQ:14,120,10,191,-158
IQ:15,128,255,-66,-183
IQ:16,136,3,0,-29
IQ:17,144,255,1,-137
IQ:18,152,9,-250,-301
IQ:19,160,255,-323,91
IQ:20,168,4,-132,74
IQ:21,176,255,-20,42
IQ:22,184,8,-167,-65
IQ:23,192,255,-62,110
IQ:24,200,7,201,50
IQ:25,208,255,89,-166
IQ:26,216,6,-68,-42
IQ:27,224,255,-51,144
IQ:28,232,5,118,210
IQ:29,240,255,149,-62
IQ:30,248,12,-44,19
IQ:31,256,255,18,38
IQ:32,264,1,41,-51
IQ:33,272,255,-57,-29
IQ:34,280,2,19,85
IQ:35,288,255,108,65
SW:2
RR:3
SS:3
FR:2480
ME:38
MA:234
KE:11
KA:351
DF_END

Data arrived...
DF_BEGIN
IQ:0,0,11,30,146
IQ:1,8,11,161,-31
IQ:2,16,11,-70,-152
IQ:3,24,11,-144,77
IQ:4,32,11,94,132
IQ:5,40,11,131,-97
IQ:6,48,11,-98,-116
IQ:7,56,11,-101,132
IQ:8,72,12,-15,-1
IQ:9,80,255,-38,42
IQ:10,88,1,63,121
IQ:11,96,255,143,-31
IQ:12,104,2,-8,-57
IQ:13,112,255,-95,68
IQ:14,120,10,23,256
IQ:15,128,255,207,53
IQ:16,136,3,64,52
IQ:17,144,255,77,48
IQ:18,152,9,255,18
IQ:19,160,255,154,-184
IQ:20,168,4,24,-138
IQ:21,176,255,-43,-2
IQ:22,184,8,222,-5
IQ:23,192,255,45,-222
IQ:24,200,7,-203,-99
IQ:25,208,255,-81,185
IQ:26,216,6,123,32
IQ:27,224,255,-12,-188
IQ:28,232,5,-265,-104
IQ:29,240,255,-132,178
IQ:30,248,12,-5,-20
IQ:31,256,255,-54,-20
IQ:32,264,1,-74,124
IQ:33,272,255,90,89
IQ:34,280,2,46,-42
IQ:35,288,255,-86,-45
SW:2
RR:3
SS:3
FR:2426
ME:10
MA:52
KE:11
KA:1
DF_END

Data arrived...
DF_BEGIN
IQ:0,0,11,62,-151
IQ:1,8,11,-153,-49
IQ:2,16,11,-10,141
IQ:3,24,11,151,4
IQ:4,32,11,-7,-168
IQ:5,40,11,-156,21
IQ:6,48,11,-4,142
IQ:7,56,11,160,-45
IQ:8,72,12,15,45
IQ:9,80,255,63,-16
IQ:10,88,1,27,-143
IQ:11,96,255,-137,-65
IQ:12,104,2,-3,51
IQ:13,112,255,125,-40
IQ:14,120,10,104,-240
IQ:15,128,255,-147,-160
IQ:16,136,3,-7,-67
IQ:17,144,255,8,-95
IQ:18,152,9,-179,-194
IQ:19,160,255,-241,78
IQ:20,168,4,-98,72
IQ:21,176,255,43,-16
IQ:22,184,8,-206,-128
IQ:23,192,255,-153,198
IQ:24,200,7,133,212
IQ:25,208,255,175,-69
IQ:26,216,6,-92,-89
IQ:27,224,255,-113,169
IQ:28,232,5,139,218
IQ:29,240,255,206,-68
IQ:30,248,12,-37,34
IQ:31,256,255,64,80
IQ:32,264,1,139,-63
IQ:33,272,255,-39,-150
IQ:34,280,2,-50,32
IQ:35,288,255,75,109
SW:2
RR:3
SS:3
FR:2426
ME:5
MA:5
KE:10
KA:2
DF_END

Data arrived...
DF_BEGIN
IQ:0,0,11,-77,131
IQ:1,8,11,147,60
IQ:2,16,11,57,-152
IQ:3,24,11,-157,-43
IQ:4,32,11,-23,157
IQ:5,40,11,161,-4
IQ:6,48,11,-11,-166
IQ:7,56,11,-167,19
IQ:8,72,12,80,27
IQ:9,80,255,15,-47
IQ:10,88,1,8,33
IQ:11,96,255,74,-31
IQ:12,104,2,12,-161
IQ:13,112,255,-170,-22
IQ:14,120,10,-49,181
IQ:15,128,255,140,70
IQ:16,136,3,1,-34
IQ:17,144,255,-42,40
IQ:18,152,9,90,89
IQ:19,160,255,125,-72
IQ:20,168,4,27,-91
IQ:21,176,255,-65,-4
IQ:22,184,8,86,30
IQ:23,192,255,35,-120
IQ:24,200,7,-122,-121
IQ:25,208,255,-123,101
IQ:26,216,6,82,76
IQ:27,224,255,74,-101
IQ:28,232,5,-97,-94
IQ:29,240,255,-93,102
IQ:30,248,12,24,78
IQ:31,256,255,47,-25
IQ:32,264,1,-29,30
IQ:33,272,255,54,55
IQ:34,280,2,139,-68
IQ:35,288,255,-65,-173
SW:2
RR:3
SS:3
FR:2402
ME:359
MA:353
KE:9
KA:0
DF_END

Data arrived...
DF_BEGIN
IQ:0,0,11,149,-65
IQ:1,8,11,-66,-138
IQ:2,16,11,-127,70
IQ:3,24,11,88,115
IQ:4,32,11,113,-88
IQ:5,40,11,-114,-108
IQ:6,48,11,-81,123
IQ:7,56,11,127,79
IQ:8,72,12,-5,44
IQ:9,80,255,49,-2
IQ:10,88,1,-34,-71
IQ:11,96,255,-54,16
IQ:12,104,2,78,51
IQ:13,112,255,146,-49
IQ:14,120,10,217,-103
IQ:15,128,255,0,-171
IQ:16,136,3,42,-43
IQ:17,144,255,54,-161
IQ:18,152,9,-141,-346
IQ:19,160,255,-316,15
IQ:20,168,4,-121,7
IQ:21,176,255,-27,31
IQ:22,184,8,-138,-109
IQ:23,192,255,-91,108
IQ:24,200,7,183,104
IQ:25,208,255,108,-131
IQ:26,216,6,-57,-50
IQ:27,224,255,-95,129
IQ:28,232,5,76,208
IQ:29,240,255,153,-13
IQ:30,248,12,-48,28
IQ:31,256,255,20,38
IQ:32,264,1,46,-65
IQ:33,272,255,-52,-44
IQ:34,280,2,-18,98
IQ:35,288,255,89,87
SW:2
RR:3
SS:3
FR:2480
ME:44
MA:164
KE:13
KA:4
DF_END

Data arrived...
DF_BEGIN
IQ:0,0,11,-144,95
IQ:1,8,11,114,143
IQ:2,16,11,106,-132
IQ:3,24,11,-151,-98
IQ:4,32,11,-75,157
IQ:5,40,11,162,73
IQ:6,48,11,46,-161
IQ:7,56,11,-158,-52
IQ:8,72,12,18,-41
IQ:9,80,255,-89,-50
IQ:10,88,1,-104,108
IQ:11,96,255,104,117
IQ:12,104,2,39,-53
IQ:13,112,255,-128,-62
IQ:14,120,10,-230,118
IQ:15,128,255,35,215
IQ:16,136,3,-30,52
IQ:17,144,255,-54,114
IQ:18,152,9,28,275
IQ:19,160,255,245,92
IQ:20,168,4,121,-12
IQ:21,176,255,-38,-27
IQ:22,184,8,97,221
IQ:23,192,255,263,-72
IQ:24,200,7,-3,-235
IQ:25,208,255,-216,10
IQ:26,216,6,34,133
IQ:27,224,255,178,-79
IQ:28,232,5,-4,-276
IQ:29,240,255,-209,-60
IQ:30,248,12,33,-13
IQ:31,256,255,-2,-108
IQ:32,264,1,-150,-14
IQ:33,272,255,-77,146
IQ:34,280,2,58,11
IQ:35,288,255,-2,-132
SW:2
RR:3
SS:3
FR:2426
ME:7
MA:49
KE:12
KA:13
DF_END

Data arrived...
DF_BEGIN
IQ:0,0,11,121,-111
IQ:1,8,11,-121,-106
IQ:2,16,11,-91,133
IQ:3,24,11,142,82
IQ:4,32,11,63,-149
IQ:5,40,11,-160,-54
IQ:6,48,11,-58,155
IQ:7,56,11,150,35
IQ:8,72,12,-66,-46
IQ:9,80,255,-15,45
IQ:10,88,1,0,-46
IQ:11,96,255,-88,-10
IQ:12,104,2,-66,145
IQ:13,112,255,141,68
IQ:14,120,10,93,-167
IQ:15,128,255,-117,-117
IQ:16,136,3,-27,24
IQ:17,144,255,47,-21
IQ:18,152,9,-62,-120
IQ:19,160,255,-150,20
IQ:20,168,4,-48,75
IQ:21,176,255,52,17
IQ:22,184,8,-73,-58
IQ:23,192,255,-89,95
IQ:24,200,7,67,147
IQ:25,208,255,141,-62
IQ:26,216,6,-49,-102
IQ:27,224,255,-105,61
IQ:28,232,5,60,117
IQ:29,240,255,111,-53
IQ:30,248,12,-1,-80
IQ:31,256,255,-49,0
IQ:32,264,1,34,-19
IQ:33,272,255,-37,-71
IQ:34,280,2,-157,22
IQ:35,288,255,13,174
SW:2
RR:3
SS:3
FR:2402
ME:359
MA:353
KE:11
KA:8
DF_END

Data arrived...
DF_BEGIN
IQ:0,0,11,108,-94
IQ:1,8,11,-104,-117
IQ:2,16,11,-93,113
IQ:3,24,11,127,81
IQ:4,32,11,67,-128
IQ:5,40,11,-149,-45
IQ:6,48,11,-41,144
IQ:7,56,11,142,30
IQ:8,72,12,2,57
IQ:9,80,255,46,-1
IQ:10,88,1,-52,-66
IQ:11,96,255,-54,45
IQ:12,104,2,105,29
IQ:13,112,255,117,-98
IQ:14,120,10,196,-157
IQ:15,128,255,-59,-153
IQ:16,136,3,25,-36
IQ:17,144,255,-11,-162
IQ:18,152,9,-280,-277
IQ:19,160,255,-280,113
IQ:20,168,4,-127,51
IQ:21,176,255,-20,23
IQ:22,184,8,-180,-48
IQ:23,192,255,-52,127
IQ:24,200,7,203,25
IQ:25,208,255,68,-166
IQ:26,216,6,-73,-22
IQ:27,224,255,-32,148
IQ:28,232,5,122,188
IQ:29,240,255,130,-42
IQ:30,248,12,-43,30
IQ:31,256,255,41,40
IQ:32,264,1,16,-74
IQ:33,272,255,-78,-24
IQ:34,280,2,30,94
IQ:35,288,255,111,45
SW:2
RR:3
SS:3
FR:2480
ME:30
MA:240
KE:13
KA:356
DF_END

Data arrived...
DF_BEGIN
IQ:0,0,11,-146,80
IQ:1,8,11,88,124
IQ:2,16,11,132,-109
IQ:3,24,11,-103,-132
IQ:4,32,11,-100,143
IQ:5,40,11,133,87
IQ:6,48,11,79,-151
IQ:7,56,11,-152,-56
IQ:8,72,12,-2,-36
IQ:9,80,255,-80,-38
IQ:10,88,1,-104,113
IQ:11,96,255,67,123
IQ:12,104,2,57,-48
IQ:13,112,255,-111,-88
IQ:14,120,10,-229,82
IQ:15,128,255,-8,201
IQ:16,136,3,-32,53
IQ:17,144,255,-47,97
IQ:18,152,9,18,245
IQ:19,160,255,232,97
IQ:20,168,4,124,-13
IQ:21,176,255,-30,-28
IQ:22,184,8,85,219
IQ:23,192,255,232,-48
IQ:24,200,7,15,-232
IQ:25,208,255,-205,-44
IQ:26,216,6,11,134
IQ:27,224,255,177,-53
IQ:28,232,5,-16,-279
IQ:29,240,255,-200,-63
IQ:30,248,12,13,-25
IQ:31,256,255,-7,-84
IQ:32,264,1,-152,-32
IQ:33,272,255,-76,132
IQ:34,280,2,64,38
IQ:35,288,255,19,-123
SW:2
RR:3
SS:3
FR:2426
ME:10
MA:49
KE:13
KA:6
DF_END

Data arrived...
DF_BEGIN
IQ:0,0,11,152,72
IQ:1,8,11,45,-152
IQ:2,16,11,-160,-36
IQ:3,24,11,-19,159
IQ:4,32,11,172,10
IQ:5,40,11,-9,-166
IQ:6,48,11,-170,17
IQ:7,56,11,33,151
IQ:8,72,12,12,-81
IQ:9,80,255,-50,-7
IQ:10,88,1,33,-10
IQ:11,96,255,-24,-78
IQ:12,104,2,-155,-16
IQ:13,112,255,-14,162
IQ:14,120,10,188,32
IQ:15,128,255,56,-153
IQ:16,136,3,-36,-8
IQ:17,144,255,35,34
IQ:18,152,9,70,-109
IQ:19,160,255,-84,-122
IQ:20,168,4,-92,-18
IQ:21,176,255,14,63
IQ:22,184,8,25,-95
IQ:23,192,255,-121,-41
IQ:24,200,7,-93,141
IQ:25,208,255,110,113
IQ:26,216,6,80,-77
IQ:27,224,255,-103,-69
IQ:28,232,5,-74,105
IQ:29,240,255,95,84
IQ:30,248,12,82,-37
IQ:31,256,255,-26,-42
IQ:32,264,1,35,24
IQ:33,272,255,46,-71
IQ:34,280,2,-83,-140
IQ:35,288,255,-166,81
SW:2
RR:3
SS:3
FR:2402
ME:359
MA:353
KE:11
KA:4
DF_END

Data arrived...
DF_BEGIN
IQ:0,0,11,181,-7
IQ:1,8,11,-22,-162
IQ:2,16,11,-164,15
IQ:3,24,11,54,145
IQ:4,32,11,161,-74
IQ:5,40,11,-90,-141
IQ:6,48,11,-136,95
IQ:7,56,11,103,126
IQ:8,72