IQ:35,288,255,116,-104
SW:2
RR:3
SS:3
FR:2426
ME:10
MA:41
KE:4
KA:8
DF_END

Data arrived...
DF_BEGIN
IQ:0,0,11,84,-186
IQ:1,8,11,-194,-86
IQ:2,16,11,-46,209
IQ:3,24,11,225,-2
IQ:4,32,11,19,-221
IQ:5,40,11,-201,5
IQ:6,48,11,25,214
IQ:7,56,11,196,-52
IQ:8,72,12,47,17
IQ:9,80,255,99,-42
IQ:10,88,1,11,-170
IQ:11,96,255,-174,-26
IQ:12,104,2,-43,117
IQ:13,112,255,178,22
IQ:14,120,10,116,-295
IQ:15,128,255,-187,-152
IQ:16,136,3,29,-33
IQ:17,144,255,8,-147
IQ:18,152,9,-222,-208
IQ:19,160,255,-289,118
IQ:20,168,4,-77,107
IQ:21,176,255,39,-26
IQ:22,184,8,-262,-137
IQ:23,192,255,-180,214
IQ:24,200,7,168,181
IQ:25,208,255,163,-156
IQ:26,216,6,-130,-104
IQ:27,224,255,-120,194
IQ:28,232,5,157,280
IQ:29,240,255,225,-51
IQ:30,248,12,7,41
IQ:31,256,255,69,61
IQ:32,264,1,148,-89
IQ:33,272,255,-74,-169
IQ:34,280,2,-117,29
IQ:35,288,255,74,147
SW:2
RR:3
SS:3
FR:2426
ME:7
MA:35
KE:4
KA:11
DF_END

Data arrived...
DF_BEGIN
IQ:0,0,11,-134,-91
IQ:1,8,11,-70,136
IQ:2,16,11,143,47
IQ:3,24,11,48,-155
IQ:4,32,11,-154,-44
IQ:5,40,11,-23,152
IQ:6,48,11,155,15
IQ:7,56,11,-3,-156
IQ:8,72,12,-44,53
IQ:9,80,255,12,20
IQ:10,88,1,-39,35
IQ:11,96,255,40,84
IQ:12,104,2,178,13
IQ:13,112,255,40,-185
IQ:14,120,10,-181,-83
IQ:15,128,255,-89,134
IQ:16,136,3,19,-4
IQ:17,144,255,-51,-30
IQ:18,152,9,-89,122
IQ:19,160,255,70,148
IQ:20,168,4,72,28
IQ:21,176,255,-5,-43
IQ:22,184,8,-22,115
IQ:23,192,255,139,52
IQ:24,200,7,131,-113
IQ:25,208,255,-97,-126
IQ:26,216,6,-75,71
IQ:27,224,255,90,75
IQ:28,232,5,102,-84
IQ:29,240,255,-66,-110
IQ:30,248,12,-61,-16
IQ:31,256,255,-8,26
IQ:32,264,1,-47,-11
IQ:33,272,255,-49,83
IQ:34,280,2,72,167
IQ:35,288,255,188,-55
SW:2
RR:3
SS:3
FR:2402
ME:359
MA:5
KE:4
KA:10
DF_END

Data arrived...
DF_BEGIN
IQ:0,0,11,-42,-137
IQ:1,8,11,-128,64
IQ:2,16,11,77,112
IQ:3,24,11,102,-96
IQ:4,32,11,-117,-110
IQ:5,40,11,-100,109
IQ:6,48,11,116,76
IQ:7,56,11,73,-129
IQ:8,72,12,63,27
IQ:9,80,255,20,-73
IQ:10,88,1,-107,-13
IQ:11,96,255,8,98
IQ:12,104,2,145,-59
IQ:13,112,255,-7,-197
IQ:14,120,10,-67,-160
IQ:15,128,255,-111,14
IQ:16,136,3,41,-63
IQ:17,144,255,-152,-142
IQ:18,152,9,-394,49
IQ:19,160,255,-49,308
IQ:20,168,4,-5,76
IQ:21,176,255,-28,16
IQ:22,184,8,-168,137
IQ:23,192,255,117,144
IQ:24,200,7,124,-162
IQ:25,208,255,-113,-143
IQ:26,216,6,-72,83
IQ:27,224,255,127,116
IQ:28,232,5,240,-27
IQ:29,240,255,24,-150
IQ:30,248,12,22,55
IQ:31,256,255,78,-32
IQ:32,264,1,-64,-83
IQ:33,272,255,-73,68
IQ:34,280,2,126,78
IQ:35,288,255,152,-92
SW:2
RR:3
SS:3
FR:2480
ME:5
MA:353
KE:4
KA:9
DF_END

Data arrived...
DF_BEGIN
IQ:0,0,11,-65,201
IQ:1,8,11,208,39
IQ:2,16,11,3,-213
IQ:3,24,11,-228,10
IQ:4,32,11,31,212
IQ:5,40,11,218,-43
IQ:6,48,11,-61,-198
IQ:7,56,11,-193,101
IQ:8,72,12,-35,5
IQ:9,80,255,-78,68
IQ:10,88,1,51,165
IQ:11,96,255,178,-2
IQ:12,104,2,23,-130
IQ:13,112,255,-151,16
IQ:14,120,10,-35,293
IQ:15,128,255,215,96
IQ:16,136,3,-10,60
IQ:17,144,255,31,144
IQ:18,152,9,272,162
IQ:19,160,255,242,-184
IQ:20,168,4,63,-104
IQ:21,176,255,-29,31
IQ:22,184,8,251,99
IQ:23,192,255,135,-228
IQ:24,200,7,-203,-137
IQ:25,208,255,-156,179
IQ:26,216,6,140,81
IQ:27,224,255,88,-205
IQ:28,232,5,-204,-222
IQ:29,240,255,-210,114
IQ:30,248,12,-29,-31
IQ:31,256,255,-78,-41
IQ:32,264,1,-139,112
IQ:33,272,255,96,139
IQ:34,280,2,120,-43
IQ:35,288,255,-89,-141
SW:2
RR:3
SS:3
FR:2426
ME:10
MA:44
KE:4
KA:13
DF_END

Data arrived...
DF_BEGIN
IQ:0,0,11,-147,-69
IQ:1,8,11,-45,144
IQ:2,16,11,151,26
IQ:3,24,11,22,-153
IQ:4,32,11,-162,3
IQ:5,40,11,7,152
IQ:6,48,11,148,-17
IQ:7,56,11,-32,-153
IQ:8,72,12,-31,54
IQ:9,80,255,20,23
IQ:10,88,1,-25,42
IQ:11,96,255,62,66
IQ:12,104,2,180,-22
IQ:13,112,255,1,-181
IQ:14,120,10,-187,-29
IQ:15,128,255,-73,141
IQ:16,136,3,19,-11
IQ:17,144,255,-65,-12
IQ:18,152,9,-54,135
IQ:19,160,255,104,120
IQ:20,168,4,81,12
IQ:21,176,255,-13,-51
IQ:22,184,8,-3,115
IQ:23,192,255,137,33
IQ:24,200,7,109,-128
IQ:25,208,255,-117,-103
IQ:26,216,6,-52,84
IQ:27,224,255,104,51
IQ:28,232,5,74,-97
IQ:29,240,255,-90,-92
IQ:30,248,12,-70,-1
IQ:31,256,255,4,25
IQ:32,264,1,-55,3
IQ:33,272,255,-31,88
IQ:34,280,2,117,132
IQ:35,288,255,163,-98
SW:2
RR:3
SS:3
FR:2402
ME:359
MA:5
KE:4
KA:12
DF_END

Data arrived...
DF_BEGIN
IQ:0,0,11,-95,136
IQ:1,8,11,136,71
IQ:2,16,11,58,-153
IQ:3,24,11,-158,-54
IQ:4,32,11,-35,158
IQ:5,40,11,162,13
IQ:6,48,11,1,-166
IQ:7,56,11,-163,4
IQ:8,72,12,57,34
IQ:9,80,255,22,-23
IQ:10,88,1,27,45
IQ:11,96,255,80,-40
IQ:12,104,2,2,-183
IQ:13,112,255,-176,-6
IQ:14,120,10,-56,200
IQ:15,128,255,148,100
IQ:16,136,3,-2,-34
IQ:17,144,255,-27,52
IQ:18,152,9,116,83
IQ:19,160,255,138,-85
IQ:20,168,4,29,-89
IQ:21,176,255,-56,1
IQ:22,184,8,109,25
IQ:23,192,255,57,-132
IQ:24,200,7,-118,-135
IQ:25,208,255,-130,90
IQ:26,216,6,73,81
IQ:27,224,255,68,-96
IQ:28,232,5,-89,-94
IQ:29,240,255,-103,81
IQ:30,248,12,1,76
IQ:31,256,255,31,-5
IQ:32,264,1,-12,43
IQ:33,272,255,77,48
IQ:34,280,2,161,-88
IQ:35,288,255,-72,-192
SW:2
RR:3
SS:3
FR:2402
ME:359
MA:5
KE:3
KA:12
DF_END

Data arrived...
DF_BEGIN
IQ:0,0,11,-42,137
IQ:1,8,11,137,44
IQ:2,16,11,40,-136
IQ:3,24,11,-152,0
IQ:4,32,11,6,133
IQ:5,40,11,146,-14
IQ:6,48,11,-33,-144
IQ:7,56,11,-138,55
IQ:8,72,12,-34,-47
IQ:9,80,255,-64,37
IQ:10,88,1,83,68
IQ:11,96,255,54,-80
IQ:12,104,2,-136,-35
IQ:13,112,255,-110,141
IQ:14,120,10,-52,169
IQ:15,128,255,85,63
IQ:16,136,3,-61,15
IQ:17,144,255,53,184
IQ:18,152,9,351,187
IQ:19,160,255,253,-210
IQ:20,168,4,70,-59
IQ:21,176,255,33,-7
IQ:22,184,8,207,4
IQ:23,192,255,-10,-173
IQ:24,200,7,-204,18
IQ:25,208,255,-17,183
IQ:26,216,6,106,-27
IQ:27,224,255,-45,-167
IQ:28,232,5,-200,-116
IQ:29,240,255,-117,93
IQ:30,248,12,12,-38
IQ:31,256,255,-68,-27
IQ:32,264,1,-9,87
IQ:33,272,255,84,-2
IQ:34,280,2,-44,-139
IQ:35,288,255,-171,-27
SW:2
RR:3
SS:3
FR:2480
ME:5
MA:353
KE:4
KA:10
DF_END

Data arrived...
DF_BEGIN
IQ:0,0,11,192,71
IQ:1,8,11,79,-197
IQ:2,16,11,-205,-34
IQ:3,24,11,-4,220
IQ:4,32,11,201,7
IQ:5,40,11,-40,-206
IQ:6,48,11,-208,34
IQ:7,56,11,54,190
IQ:8,72,12,-24,41
IQ:9,80,255,59,100
IQ:10,88,1,161,-4
IQ:11,96,255,23,-176
IQ:12,104,2,-122,-49
IQ:13,112,255,35,168
IQ:14,120,10,288,100
IQ:15,128,255,143,-184
IQ:16,136,3,51,46
IQ:17,144,255,144,3
IQ:18,152,9,224,-253
IQ:19,160,255,-132,-277
IQ:20,168,4,-85,-62
IQ:21,176,255,37,27
IQ:22,184,8,117,-239
IQ:23,192,255,-226,-164
IQ:24,200,7,-157,193
IQ:25,208,255,150,166
IQ:26,216,6,106,-120
IQ:27,224,255,-201,-116
IQ:28,232,5,-261,143
IQ:29,240,255,51,213
IQ:30,248,12,-55,18
IQ:31,256,255,-50,109
IQ:32,264,1,101,127
IQ:33,272,255,142,-83
IQ:34,280,2,-47,-113
IQ:35,288,255,-135,72
SW:2
RR:3
SS:3
FR:2426
ME:7
MA:35
KE:4
KA:12
DF_END

Data arrived...
DF_BEGIN
IQ:0,0,11,105,113
IQ:1,8,11,103,-111
IQ:2,16,11,-122,-78
IQ:3,24,11,-83,144
IQ:4,32,11,147,74
IQ:5,40,11,64,-141
IQ:6,48,11,-145,-38
IQ:7,56,11,-38,151
IQ:8,72,12,49,-34
IQ:9,80,255,-7,-36
IQ:10,88,1,40,-32
IQ:11,96,255,-37,-89
IQ:12,104,2,-173,-48
IQ:13,112,255,-63,170
IQ:14,120,10,162,105
IQ:15,128,255,121,-105
IQ:16,136,3,-24,-1
IQ:17,144,255,41,27
IQ:18,152,9,112,-99
IQ:19,160,255,-38,-144
IQ:20,168,4,-69,-47
IQ:21,176,255,-13,44
IQ:22,184,8,32,-107
IQ:23,192,255,-122,-83
IQ:24,200,7,-152,84
IQ:25,208,255,47,143
IQ:26,216,6,78,-44
IQ:27,224,255,-78,-85
IQ:28,232,5,-109,64
IQ:29,240,255,53,110
IQ:30,248,12,60,28
IQ:31,256,255,12,-26
IQ:32,264,1,46,13
IQ:33,272,255,52,-70
IQ:34,280,2,-55,-161
IQ:35,288,255,-200,20
SW:2
RR:3
SS:3
FR:2402
ME:61
MA:94
KE:9
KA:19
DF_END

Data arrived...
DF_BEGIN
IQ:0,0,11,154,-44
IQ:1,8,11,-47,-158
IQ:2,16,11,-148,64
IQ:3,24,11,72,149
IQ:4,32,11,131,-81
IQ:5,40,11,-108,-114
IQ:6,48,11,-115,114
IQ:7,56,11,126,105
IQ:8,72,12,-22,-66
IQ:9,80,255,-34,1
IQ:10,88,1,-1,-47
IQ:11,96,255,-82,-23
IQ:12,104,2,-125,132
IQ:13,112,255,126,132
IQ:14,120,10,175,-99
IQ:15,128,255,-37,-158
IQ:16,136,3,-15,7
IQ:17,144,255,54,-23
IQ:18,152,9,-26,-135
IQ:19,160,255,-139,-31
IQ:20,168,4,-74,40
IQ:21,176,255,45,32
IQ:22,184,8,-75,-85
IQ:23,192,255,-121,68
IQ:24,200,7,-2,174
IQ:25,208,255,164,23
IQ:26,216,6,1,-108
IQ:27,224,255,-114,17
IQ:28,232,5,7,124
IQ:29,240,255,123,18
IQ:30,248,12,53,-44
IQ:31,256,255,-25,-28
IQ:32,264,1,32,-29
IQ:33,272,255,-36,-82
IQ:34,280,2,-172,-35
IQ:35,288,255,-71,186
SW:2
RR:3
SS:3
FR:2402
ME:359
MA:353
KE:8
KA:16
DF_END

Data arrived...
DF_BEGIN
IQ:0,0,11,-131,6
IQ:1,8,11,25,123
IQ:2,16,11,140,-34
IQ:3,24,11,-56,-122
IQ:4,32,11,-111,78
IQ:5,40,11,79,100
IQ:6,48,11,101,-85
IQ:7,56,11,-104,-91
IQ:8,72,12,23,-51
IQ:9,80,255,-51,-8
IQ:10,88,1,-23,89
IQ:11,96,255,78,6
IQ:12,104,2,-62,-131
IQ:13,112,255,-185,8
IQ:14,120,10,-172,52
IQ:15,128,255,-12,84
IQ:16,136,3,-73,-18
IQ:17,144,255,-119,146
IQ:18,152,9,36,379
IQ:19,160,255,293,96
IQ:20,168,4,71,26
IQ:21,176,255,18,20
IQ:22,184,8,123,144
IQ:23,192,255,131,-110
IQ:24,200,7,-127,-152
IQ:25,208,255,-141,79
IQ:26,216,6,71,60
IQ:27,224,255,114,-112
IQ:28,232,5,-13,-208
IQ:29,240,255,-148,-29
IQ:30,248,12,47,-10
IQ:31,256,255,-22,-59
IQ:32,264,1,-78,48
IQ:33,272,255,46,71
IQ:34,280,2,73,-132
IQ:35,288,255,-89,-139
SW:2
RR:3
SS:3
FR:2480
ME:7
MA:285
KE:8
KA:9
DF_END

Data arrived...
DF_BEGIN
IQ:0,0,11,-9,171
IQ:1,8,11,168,-10
IQ:2,16,11,-11,-202
IQ:3,24,11,-182,17
IQ:4,32,11,63,157
IQ:5,40,11,183,-88
IQ:6,48,11,-87,-160
IQ:7,56,11,-141,83
IQ:8,72,12,-31,78
IQ:9,80,255,0,45
IQ:10,88,1,48,117
IQ:11,96,255,144,-22
IQ:12,104,2,6,-93
IQ:13,112,255,-132,29
IQ:14,120,10,25,247
IQ:15,128,255,221,57
IQ:16,136,3,6,69
IQ:17,144,255,91,73
IQ:18,152,9,282,48
IQ:19,160,255,174,-183
IQ:20,168,4,50,-99
IQ:21,176,255,-35,0
IQ:22,184,8,228,-44
IQ:23,192,255,29,-254
IQ:24,200,7,-195,-93
IQ:25,208,255,-93,178
IQ:26,216,6,126,67
IQ:27,224,255,41,-203
IQ:28,232,5,-242,-194
IQ:29,240,255,-203,112
IQ:30,248,12,-54,14
IQ:31,256,255,-62,43
IQ:32,264,1,-87,105
IQ:33,272,255,79,119
IQ:34,280,2,59,-51
IQ:35,288,255,-92,-96
SW:2
RR:3
SS:3
FR:2426
ME:47
MA:142
KE:12
KA:16
DF_END

Data arrived...
DF_BEGIN
IQ:0,0,11,114,157
IQ:1,8,11,144,-117
IQ:2,16,11,-135,-143
IQ:3,24,11,-140,150
IQ:4,32,11,164,120
IQ:5,40,11,89,-163
IQ:6,48,11,-181,-88
IQ:7,56,11,-47,187
IQ:8,72,12,32,37
IQ:9,80,255,16,49
IQ:10,88,1,112,75
IQ:11,96,255,102,-118
IQ:12,104,2,-67,-90
IQ:13,112,255,-73,109
IQ:14,120,10,191,197
IQ:15,128,255,226,-97
IQ:16,136,3,78,25
IQ:17,144,255,105,14
IQ:18,152,9,230,-110
IQ:19,160,255,3,-267
IQ:20,168,4,-52,-134
IQ:21,176,255,-33,35
IQ:22,184,8,162,-158
IQ:23,192,255,-126,-202
IQ:24,200,7,-232,49
IQ:25,208,255,12,225
IQ:26,216,6,132,-40
IQ:27,224,255,-97,-161
IQ:28,232,5,-303,37
IQ:29,240,255,-63,268
IQ:30,248,12,-14,66
IQ:31,256,255,-22,45
IQ:32,264,1,-3,129
IQ:33,272,255,146,39
IQ:34,280,2,33,-100
IQ:35,288,255,-135,-20
SW:2
RR:3
SS:3
FR:2426
ME:89
MA:97
KE:19
KA:26
DF_END

Data arrived...
DF_BEGIN
IQ:0,0,11,141,74
IQ:1,8,11,68,-141
IQ:2,16,11,-148,-40
IQ:3,24,11,-43,156
IQ:4,32,11,149,30
IQ:5,40,11,1,-157
IQ:6,48,11,-154,6
IQ:7,56,11,20,157
IQ:8,72,12,44,-68
IQ:9,80,255,-30,-31
IQ:10,88,1,18,-40
IQ:11,96,255,-60,-61
IQ:12,104,2,-175,17
IQ:13,112,255,7,176
IQ:14,120,10,188,35
IQ:15,128,255,73,-140
IQ:16,136,3,-5,0
IQ:17,144,255,46,10
IQ:18,152,9,64,-123
IQ:19,160,255,-92,-111
IQ:20,168,4,-77,-18
IQ:21,176,255,0,47
IQ:22,184,8,2,-96
IQ:23,192,255,-138,-22
IQ:24,200,7,-119,124
IQ:25,208,255,99,124
IQ:26,216,6,59,-71
IQ:27,224,255,-99,-60
IQ:28,232,5,-75,88
IQ:29,240,255,78,79
IQ:30,248,12,80,-4
IQ:31,256,255,13,-40
IQ:32,264,1,42,-6
IQ:33,272,255,20,-79
IQ:34,280,2,-112,-129
IQ:35,288,255,-174,79
SW:2
RR:3
SS:3
FR:2402
ME:66
MA:91
KE:24
KA:37
DF_END

Data arrived...
DF_BEGIN
IQ:0,0,11,55,150
IQ:1,8,11,136,-51
IQ:2,16,11,-69,-122
IQ:3,24,11,-109,88
IQ:4,32,11,100,102
IQ:5,40,11,98,-110
IQ:6,48,11,-124,-95
IQ:7,56,11,-79,121
IQ:8,72,12,-57,-27
IQ:9,80,255,-10,48
IQ:10,88,1,89,4
IQ:11,96,255,-3,-93
IQ:12,104,2,-134,59
IQ:13,112,255,20,184
IQ:14,120,10,53,174
IQ:15,128,255,97,-12
IQ:16,136,3,-36,56
IQ:17,144,255,165,122
IQ:18,152,9,383,-78
IQ:19,160,255,40,-323
IQ:20,168,4,-2,-94
IQ:21,176,255,14,0
IQ:22,184,8,125,-157
IQ:23,192,255,-126,-118
IQ:24,200,7,-138,137
IQ:25,208,255,110,133
IQ:26,216,6,52,-76
IQ:27,224,255,-130,-113
IQ:28,232,5,-221,45
IQ:29,240,255,11,150
IQ:30,248,12,-11,-58
IQ:31,256,255,-58,12
IQ:32,264,1,57,71
IQ:33,272,255,57,-66
IQ:34,280,2,-137,-69
IQ:35,288,255,-144,95
SW:2
RR:3
SS:3
FR:2480
ME:5
MA:353
KE:23
KA:31
DF_END

Data arrived...
DF_BEGIN
IQ:0,0,11,-7,149
IQ:1,8,11,147,-52
IQ:2,16,11,-46,-199
IQ:3,24,11,-81,2
IQ:4,32,11,140,115
IQ:5,40,11,128,-126
IQ:6,48,11,-21,-97
IQ:7,56,11,-41,134
IQ:8,72,12,-32,25
IQ:9,80,255,-29,56
IQ:10,88,1,165,199
IQ:11,96,255,135,-69
IQ:12,104,2,58,-16
IQ:13,112,255,-42,137
IQ:14,120,10,78,315
IQ:15,128,255,224,-60
IQ:16,136,3,96,93
IQ:17,144,255,107,-41
IQ:18,152,9,252,-52
IQ:19,160,255,166,-273
IQ:20,168,4,-15,-52
IQ:21,176,255,9,-121
IQ:22,184,8,124,44
IQ:23,192,255,39,-279
IQ:24,200,7,-263,39
IQ:25,208,255,36,129
IQ:26,216,6,152,-68
IQ:27,224,255,76,-259
IQ:28,232,5,-314,-68
IQ:29,240,255,-250,173
IQ:30,248,12,24,-107
IQ:31,256,255,-80,35
IQ:32,264,1,-108,47
IQ:33,272,255,74,48
IQ:34,280,2,152,-17
IQ:35,288,255,-85,-67
SW:2
RR:3
SS:3
FR:2426
ME:13
MA:89
KE:23
KA:41
DF_END

Data arrived...
DF_BEGIN
IQ:0,0,11,-64,-194
IQ:1,8,11,-193,100
IQ:2,16,11,123,172
IQ:3,24,11,197,-128
IQ:4,32,11,-139,-172
IQ:5,40,11,-150,167
IQ:6,48,11,182,106
IQ:7,56,11,103,-205
IQ:8,72,12,-29,-29
IQ:9,80,255,6,-59
IQ:10,88,1,-113,-98
IQ:11,96,255,-142,74
IQ:12,104,2,28,101
IQ:13,112,255,106,-102
IQ:14,120,10,-133,-278
IQ:15,128,255,-248,10
IQ:16,136,3,-67,-26
IQ:17,144,255,-102,-48
IQ:18,152,9,-249,77
IQ:19,160,255,-65,257
IQ:20,168,4,30,155
IQ:21,176,255,55,-26
IQ:22,184,8,-215,83
IQ:23,192,255,56,244
IQ:24,200,7,228,9
IQ:25,208,255,13,-225
IQ:26,216,6,-156,-4
IQ:27,224,255,42,219
IQ:28,232,5,315,58
IQ:29,240,255,116,-244
IQ:30,248,12,22,-34
IQ:31,256,255,60,-25
IQ:32,264,1,7,-147
IQ:33,272,255,-150,-56
IQ:34,280,2,-70,99
IQ:35,288,255,142,52
SW:2
RR:3
SS:3
FR:2426
ME:89
MA:94
KE:30
KA:51
DF_END

Data arrived...
DF_BEGIN
IQ:0,0,11,123,-87
IQ:1,8,11,-93,-119
IQ:2,16,11,-111,105
IQ:3,24,11,100,108
IQ:4,32,11,90,-118
IQ:5,40,11,-132,-70
IQ:6,48,11,-64,138
IQ:7,56,11,147,44
IQ:8,72,12,-32,-62
IQ:9,80,255,-41,7
IQ:10,88,1,-24,-39
IQ:11,96,255,-85,22
IQ:12,104,2,-58,157
IQ:13,112,255,160,73
IQ:14,120,10,101,-162
IQ:15,128,255,-98,-126
IQ:16,136,3,5,17
IQ:17,144,255,36,-43
IQ:18,152,9,-78,-119
IQ:19,160,255,-149,21
IQ:20,168,4,-55,67
IQ:21,176,255,37,7
IQ:22,184,8,-102,-42
IQ:23,192,255,-90,95
IQ:24,200,7,45,162
IQ:25,208,255,145,-23
IQ:26,216,6,-41,-86
IQ:27,224,255,-93,58
IQ:28,232,5,49,110
IQ:29,240,255,116,-29
IQ:30,248,12,32,-61
IQ:31,256,255,-26,-24
IQ:32,264,1,14,-47
IQ:33,272,255,-64,-59
IQ:34,280,2,-171,35
IQ:35,288,255,-15,192
SW:2
RR:3
SS:3
FR:2402
ME:61
MA:94
KE:34
KA:59
DF_END

Data arrived...
DF_BEGIN
IQ:0,0,11,83,119
IQ:1,8,11,104,-82
IQ:2,16,11,-76,-107
IQ:3,24,11,-89,100
IQ:4,32,11,124,75
IQ:5,40,11,62,-128
IQ:6,48,11,-132,-45
IQ:7,56,11,-33,139
IQ:8,72,12,-48,8
IQ:9,80,255,-2,67
IQ:10,88,1,80,-24
IQ:11,96,255,-46,-70
IQ:12,104,2,-102,111
IQ:13,112,255,72,173
IQ:14,120,10,107,142
IQ:15,128,255,94,-31
IQ:16,136,3,-9,70
IQ:17,144,255,186,62
IQ:18,152,9,346,-188
IQ:19,160,255,-43,-310
IQ:20,168,4,-23,-78
IQ:21,176,255,4,-15
IQ:22,184,8,79,-183
IQ:23,192,255,-146,-75
IQ:24,200,7,-90,179
IQ:25,208,255,128,109
IQ:26,216,6,33,-93
IQ:27,224,255,-149,-62
IQ:28,232,5,-214,99
IQ:29,240,255,34,139
IQ:30,248,12,-42,-40
IQ:31,256,255,-52,26
IQ:32,264,1,73,56
IQ:33,272,255,44,-77
IQ:34,280,2,-150,-16
IQ:35,288,255,-98,137
SW:2
RR:3
SS:3
FR:2480
ME:7
MA:353
KE:32
KA:52
DF_END

Data arrived...
DF_BEGIN
IQ:0,0,11,-146,-64
IQ:1,8,11,-51,134
IQ:2,16,11,126,26
IQ:3,24,11,1,-151
IQ:4,32,11,-145,-14
IQ:5,40,11,1,134
IQ:6,48,11,136,-42
IQ:7,56,11,-48,-153
IQ:8,72,12,41,-30
IQ:9,80,255,-43,-58
IQ:10,88,1,-85,58
IQ:11,96,255,73,43
IQ:12,104,2,31,-156
IQ:13,112,255,-159,-123
IQ:14,120,10,-179,-74
IQ:15,128,255,-55,84
IQ:16,136,3,-26,-89
IQ:17,144,255,-206,31
IQ:18,152,9,-240,331
IQ:19,160,255,192,249
IQ:20,168,4,46,44
IQ:21,176,255,-18,21
IQ:22,184,8,-7,184
IQ:23,192,255,156,-19
IQ:24,200,7,-25,-215
IQ:25,208,255,-185,-8
IQ:26,216,6,13,79
IQ:27,224,255,155,-53
IQ:28,232,5,95,-227
IQ:29,240,255,-129,-110
IQ:30,248,12,45,15
IQ:31,256,255,15,-70
IQ:32,264,1,-101,-11
IQ:33,272,255,-2,82
IQ:34,280,2,131,-67
IQ:35,288,255,17,-177
SW:2
RR:3
SS:3
FR:2480
ME:7
MA:299
KE:30
KA:43
DF_END

Data arrived...
DF_BEGIN
IQ:0,0,11,207,-44
IQ:1,8,11,-70,-198
IQ:2,16,11,-180,80
IQ:3,24,11,96,175
IQ:4,32,11,177,-103
IQ:5,40,11,-123,-156
IQ:6,48,11,-171,148
IQ:7,56,11,136,139
IQ:8,72,12,52,-12
IQ:9,80,255,54,-6
IQ:10,88,1,102,-96
IQ:11,96,255,-45,-128
IQ:12,104,2,-117,2
IQ:13,112,255,72,127
IQ:14,120,10,279,-88
IQ:15,128,255,10,-240
IQ:16,136,3,45,-77
IQ:17,144,255,63,-104
IQ:18,152,9,-28,-274
IQ:19,160,255,-236,-119
IQ:20,168,4,-141,-18
IQ:21,176,255,12,30
IQ:22,184,8,-52,-215
IQ:23,192,255,-244,9
IQ:24,200,7,-68,228
IQ:25,208,255,197,48
IQ:26,216,6,28,-143
IQ:27,224,255,-205,8
IQ:28,232,5,-102,287
IQ:29,240,255,190,155
IQ:30,248,12,41,39
IQ:31,256,255,29,41
IQ:32,264,1,119,44
IQ:33,272,255,72,-130
IQ:34,280,2,-64,-84
IQ:35,288,255,-85,129
SW:2
RR:3
SS:3
FR:2426
ME:83
MA:97
KE:37
KA:54
DF_END

Data arrived...
DF_BEGIN
IQ:0,0,11,-155,-31
IQ:1,8,11,-20,142
IQ:2,16,11,154,-10
IQ:3,24,11,-25,-147
IQ:4,32,11,-150,26
IQ:5,40,11,35,147
IQ:6,48,11,142,-41
IQ:7,56,11,-62,-