IQ:28,232,5,150,-221
IQ:29,240,255,-174,-152
IQ:30,248,12,-50,-14
IQ:31,256,255,133,-23
IQ:32,264,1,-110,-160
IQ:33,272,255,-146,53
IQ:34,280,2,80,75
IQ:35,288,255,89,-80
SW:2
RR:3
SS:3
FR:2426
ME:359
MA:353
KE:3
KA:339
DF_END

Data arrived...
DF_BEGIN
IQ:0,0,11,145,-59
IQ:1,8,11,-75,-135
IQ:2,16,11,-129,78
IQ:3,24,11,95,128
IQ:4,32,11,135,-88
IQ:5,40,11,-102,-115
IQ:6,48,11,-106,110
IQ:7,56,11,120,78
IQ:8,72,12,-33,-39
IQ:9,80,255,-19,21
IQ:10,88,1,3,-52
IQ:11,96,255,-91,-30
IQ:12,104,2,-130,93
IQ:13,112,255,106,129
IQ:14,120,10,158,-92
IQ:15,128,255,-40,-146
IQ:16,136,3,-19,23
IQ:17,144,255,58,-5
IQ:18,152,9,-16,-143
IQ:19,160,255,-149,-37
IQ:20,168,4,-71,36
IQ:21,176,255,44,22
IQ:22,184,8,-46,-92
IQ:23,192,255,-119,55
IQ:24,200,7,20,166
IQ:25,208,255,156,-5
IQ:26,216,6,-13,-101
IQ:27,224,255,-114,22
IQ:28,232,5,-5,122
IQ:29,240,255,110,2
IQ:30,248,12,20,-49
IQ:31,256,255,-21,-2
IQ:32,264,1,51,-29
IQ:33,272,255,-20,-90
IQ:34,280,2,-147,-40
IQ:35,288,255,-54,166
SW:2
RR:3
SS:3
FR:2402
ME:359
MA:5
KE:3
KA:342
DF_END

Data arrived...
DF_BEGIN
IQ:0,0,11,-190,32
IQ:1,8,11,25,180
IQ:2,16,11,176,-48
IQ:3,24,11,-59,-174
IQ:4,32,11,-165,77
IQ:5,40,11,85,153
IQ:6,48,11,121,-113
IQ:7,56,11,-128,-117
IQ:8,72,12,78,-33
IQ:9,80,255,-59,-82
IQ:10,88,1,-64,78
IQ:11,96,255,71,62
IQ:12,104,2,-49,-102
IQ:13,112,255,-174,-34
IQ:14,120,10,-262,14
IQ:15,128,255,-29,171
IQ:16,136,3,-22,-4
IQ:17,144,255,-125,119
IQ:18,152,9,-2,422
IQ:19,160,255,321,139
IQ:20,168,4,131,-7
IQ:21,176,255,-20,-1
IQ:22,184,8,73,154
IQ:23,192,255,141,-79
IQ:24,200,7,-162,-211
IQ:25,208,255,-222,92
IQ:26,216,6,45,109
IQ:27,224,255,166,-107
IQ:28,232,5,-8,-224
IQ:29,240,255,-174,-25
IQ:30,248,12,77,52
IQ:31,256,255,36,-69
IQ:32,264,1,-114,16
IQ:33,272,255,7,97
IQ:34,280,2,46,-99
IQ:35,288,255,-46,-156
SW:2
RR:3
SS:3
FR:2480
ME:7
MA:285
KE:3
KA:336
DF_END

Data arrived...
DF_BEGIN
IQ:0,0,11,-103,92
IQ:1,8,11,107,112
IQ:2,16,11,77,-114
IQ:3,24,11,-129,-89
IQ:4,32,11,-68,131
IQ:5,40,11,145,55
IQ:6,48,11,41,-130
IQ:7,56,11,-143,-17
IQ:8,72,12,4,40
IQ:9,80,255,-24,-29
IQ:10,88,1,-125,76
IQ:11,96,255,58,117
IQ:12,104,2,48,-48
IQ:13,112,255,-118,-66
IQ:14,120,10,-152,171
IQ:15,128,255,101,193
IQ:16,136,3,15,62
IQ:17,144,255,3,58
IQ:18,152,9,78,184
IQ:19,160,255,235,-17
IQ:20,168,4,134,-77
IQ:21,176,255,-57,-63
IQ:22,184,8,124,166
IQ:23,192,255,207,-103
IQ:24,200,7,12,-237
IQ:25,208,255,-200,-33
IQ:26,216,6,-30,114
IQ:27,224,255,159,-190
IQ:28,232,5,23,-227
IQ:29,240,255,-274,113
IQ:30,248,12,-92,-8
IQ:31,256,255,94,-130
IQ:32,264,1,-52,96
IQ:33,272,255,-170,126
IQ:34,280,2,23,-34
IQ:35,288,255,52,-150
SW:2
RR:3
SS:3
FR:2426
ME:89
MA:94
KE:9
KA:343
DF_END

Data arrived...
DF_BEGIN
IQ:0,0,11,-140,-67
IQ:1,8,11,-51,143
IQ:2,16,11,152,27
IQ:3,24,11,13,-151
IQ:4,32,11,-159,-12
IQ:5,40,11,20,153
IQ:6,48,11,156,-22
IQ:7,56,11,-41,-158
IQ:8,72,12,-10,59
IQ:9,80,255,32,4
IQ:10,88,1,-35,32
IQ:11,96,255,52,81
IQ:12,104,2,150,-2
IQ:13,112,255,-3,-162
IQ:14,120,10,-189,-27
IQ:15,128,255,-67,145
IQ:16,136,3,34,-2
IQ:17,144,255,-45,-31
IQ:18,152,9,-83,108
IQ:19,160,255,69,120
IQ:20,168,4,82,19
IQ:21,176,255,-10,-49
IQ:22,184,8,-28,96
IQ:23,192,255,125,41
IQ:24,200,7,93,-137
IQ:25,208,255,-114,-103
IQ:26,216,6,-68,83
IQ:27,224,255,98,60
IQ:28,232,5,83,-88
IQ:29,240,255,-80,-86
IQ:30,248,12,-60,20
IQ:31,256,255,7,32
IQ:32,264,1,-47,-7
IQ:33,272,255,-40,72
IQ:34,280,2,89,139
IQ:35,288,255,164,-77
SW:2
RR:3
SS:3
FR:2402
ME:359
MA:5
KE:9
KA:346
DF_END

Data arrived...
DF_BEGIN
IQ:0,0,11,171,46
IQ:1,8,11,27,-169
IQ:2,16,11,-172,-4
IQ:3,24,11,14,185
IQ:4,32,11,177,-17
IQ:5,40,11,-46,-167
IQ:6,48,11,-156,56
IQ:7,56,11,72,147
IQ:8,72,12,-93,16
IQ:9,80,255,15,70
IQ:10,88,1,65,-82
IQ:11,96,255,-62,-63
IQ:12,104,2,25,109
IQ:13,112,255,145,80
IQ:14,120,10,244,105
IQ:15,128,255,88,-133
IQ:16,136,3,32,18
IQ:17,144,255,152,-76
IQ:18,152,9,160,-385
IQ:19,160,255,-247,-253
IQ:20,168,4,-107,-64
IQ:21,176,255,-5,13
IQ:22,184,8,-14,-184
IQ:23,192,255,-167,29
IQ:24,200,7,65,253
IQ:25,208,255,231,-20
IQ:26,216,6,-17,-116
IQ:27,224,255,-169,51
IQ:28,232,5,-87,217
IQ:29,240,255,133,86
IQ:30,248,12,-56,-72
IQ:31,256,255,-66,53
IQ:32,264,1,112,18
IQ:33,272,255,19,-81
IQ:34,280,2,-79,67
IQ:35,288,255,-8,150
SW:2
RR:3
SS:3
FR:2480
ME:10
MA:285
KE:9
KA:339
DF_END

Data arrived...
DF_BEGIN
IQ:0,0,11,136,-38
IQ:1,8,11,-52,-141
IQ:2,16,11,-134,48
IQ:3,24,11,62,116
IQ:4,32,11,112,-84
IQ:5,40,11,-103,-114
IQ:6,48,11,-96,99
IQ:7,56,11,109,94
IQ:8,72,12,17,-52
IQ:9,80,255,40,17
IQ:10,88,1,133,-45
IQ:11,96,255,-14,-109
IQ:12,104,2,-64,40
IQ:13,112,255,81,90
IQ:14,120,10,193,-64
IQ:15,128,255,22,-201
IQ:16,136,3,63,-69
IQ:17,144,255,21,-75
IQ:18,152,9,5,-194
IQ:19,160,255,-173,-108
IQ:20,168,4,-163,-11
IQ:21,176,255,-2,59
IQ:22,184,8,-31,-190
IQ:23,192,255,-223,1
IQ:24,200,7,-102,203
IQ:25,208,255,164,111
IQ:26,216,6,32,-123
IQ:27,224,255,-168,12
IQ:28,232,5,-57,297
IQ:29,240,255,184,112
IQ:30,248,12,40,9
IQ:31,256,255,-27,26
IQ:32,264,1,96,109
IQ:33,272,255,111,-82
IQ:34,280,2,-60,-31
IQ:35,288,255,-50,99
SW:2
RR:3
SS:3
FR:2426
ME:359
MA:353
KE:8
KA:341
DF_END

Data arrived...
DF_BEGIN
IQ:0,0,11,-76,-34
IQ:1,8,11,-167,115
IQ:2,16,11,32,184
IQ:3,24,11,162,-178
IQ:4,32,11,-47,-164
IQ:5,40,11,-181,164
IQ:6,48,11,35,119
IQ:7,56,11,7,-95
IQ:8,72,12,-115,-35
IQ:9,80,255,96,27
IQ:10,88,1,-141,-124
IQ:11,96,255,-35,30
IQ:12,104,2,91,69
IQ:13,112,255,-4,-122
IQ:14,120,10,-109,-243
IQ:15,128,255,-174,51
IQ:16,136,3,-126,-63
IQ:17,144,255,-99,-74
IQ:18,152,9,-133,119
IQ:19,160,255,-74,120
IQ:20,168,4,33,224
IQ:21,176,255,50,-92
IQ:22,184,8,-169,-21
IQ:23,192,255,5,283
IQ:24,200,7,199,139
IQ:25,208,255,66,-135
IQ:26,216,6,-130,29
IQ:27,224,255,54,88
IQ:28,232,5,293,-19
IQ:29,240,255,122,-232
IQ:30,248,12,-47,-4
IQ:31,256,255,-33,31
IQ:32,264,1,131,-178
IQ:33,272,255,-117,-20
IQ:34,280,2,-88,69
IQ:35,288,255,182,-2
SW:2
RR:3
SS:3
FR:2426
ME:69
MA:198
KE:14
KA:335
DF_END

Data arrived...
DF_BEGIN
IQ:0,0,11,44,-159
IQ:1,8,11,-165,-27
IQ:2,16,11,-21,161
IQ:3,24,11,159,-11
IQ:4,32,11,-17,-158
IQ:5,40,11,-157,25
IQ:6,48,11,57,142
IQ:7,56,11,131,-70
IQ:8,72,12,43,93
IQ:9,80,255,89,-37
IQ:10,88,1,-81,-63
IQ:11,96,255,-47,73
IQ:12,104,2,120,-8
IQ:13,112,255,105,-145
IQ:14,120,10,82,-239
IQ:15,128,255,-122,-100
IQ:16,136,3,31,-29
IQ:17,144,255,-37,-174
IQ:18,152,9,-364,-219
IQ:19,160,255,-286,230
IQ:20,168,4,-60,90
IQ:21,176,255,-4,0
IQ:22,184,8,-207,-6
IQ:23,192,255,3,166
IQ:24,200,7,252,-67
IQ:25,208,255,-5,-205
IQ:26,216,6,-102,13
IQ:27,224,255,3,172
IQ:28,232,5,179,139
IQ:29,240,255,98,-108
IQ:30,248,12,-44,84
IQ:31,256,255,70,56
IQ:32,264,1,-8,-93
IQ:33,272,255,-95,1
IQ:34,280,2,66,93
IQ:35,288,255,152,-5
SW:2
RR:3
SS:3
FR:2480
ME:7
MA:299
KE:14
KA:329
DF_END

Data arrived...
DF_BEGIN
IQ:0,0,11,-31,159
IQ:1,8,11,167,62
IQ:2,16,11,12,-159
IQ:3,24,11,-136,0
IQ:4,32,11,45,151
IQ:5,40,11,125,-35
IQ:6,48,11,-62,-143
IQ:7,56,11,-136,65
IQ:8,72,12,10,-2
IQ:9,80,255,-48,11
IQ:10,88,1,11,115
IQ:11,96,255,124,41
IQ:12,104,2,-5,2
IQ:13,112,255,-106,41
IQ:14,120,10,-63,232
IQ:15,128,255,188,120
IQ:16,136,3,104,82
IQ:17,144,255,71,45
IQ:18,152,9,152,63
IQ:19,160,255,181,-113
IQ:20,168,4,56,-143
IQ:21,176,255,-45,-26
IQ:22,184,8,176,79
IQ:23,192,255,67,-189
IQ:24,200,7,-234,-163
IQ:25,208,255,-155,149
IQ:26,216,6,106,75
IQ:27,224,255,55,-147
IQ:28,232,5,-184,-100
IQ:29,240,255,-200,128
IQ:30,248,12,0,31
IQ:31,256,255,-22,-15
IQ:32,264,1,-130,64
IQ:33,272,255,36,123
IQ:34,280,2,36,-33
IQ:35,288,255,-73,-68
SW:2
RR:3
SS:3
FR:2426
ME:7
MA:105
KE:13
KA:337
DF_END

Data arrived...
DF_BEGIN
IQ:0,0,11,19,147
IQ:1,8,11,148,-31
IQ:2,16,11,-43,-147
IQ:3,24,11,-137,64
IQ:4,32,11,95,105
IQ:5,40,11,124,-101
IQ:6,48,11,-88,-122
IQ:7,56,11,-103,118
IQ:8,72,12,55,21
IQ:9,80,255,-14,-10
IQ:10,88,1,39,108
IQ:11,96,255,122,-11
IQ:12,104,2,7,-28
IQ:13,112,255,-76,65
IQ:14,120,10,48,207
IQ:15,128,255,218,36
IQ:16,136,3,121,22
IQ:17,144,255,68,-20
IQ:18,152,9,161,-23
IQ:19,160,255,96,-177
IQ:20,168,4,34,-171
IQ:21,176,255,-70,-12
IQ:22,184,8,169,-30
IQ:23,192,255,-4,-200
IQ:24,200,7,-234,-87
IQ:25,208,255,-113,179
IQ:26,216,6,119,32
IQ:27,224,255,-7,-163
IQ:28,232,5,-252,-53
IQ:29,240,255,-101,203
IQ:30,248,12,25,54
IQ:31,256,255,-17,-22
IQ:32,264,1,-78,90
IQ:33,272,255,62,97
IQ:34,280,2,24,-27
IQ:35,288,255,-72,-41
SW:2
RR:3
SS:3
FR:2426
ME:356
MA:353
KE:12
KA:340
DF_END

Data arrived...
DF_BEGIN
IQ:0,0,11,-155,-93
IQ:1,8,11,-88,172
IQ:2,16,11,169,73
IQ:3,24,11,58,-180
IQ:4,32,11,-180,-50
IQ:5,40,11,-13,190
IQ:6,48,11,190,1
IQ:7,56,11,-15,-183
IQ:8,72,12,-40,82
IQ:9,80,255,49,20
IQ:10,88,1,-39,24
IQ:11,96,255,37,84
IQ:12,104,2,190,5
IQ:13,112,255,13,-190
IQ:14,120,10,-226,-62
IQ:15,128,255,-103,162
IQ:16,136,3,17,7
IQ:17,144,255,-55,-28
IQ:18,152,9,-81,118
IQ:19,160,255,73,143
IQ:20,168,4,96,41
IQ:21,176,255,7,-60
IQ:22,184,8,-13,102
IQ:23,192,255,138,30
IQ:24,200,7,122,-152
IQ:25,208,255,-116,-143
IQ:26,216,6,-90,78
IQ:27,224,255,101,101
IQ:28,232,5,114,-97
IQ:29,240,255,-97,-119
IQ:30,248,12,-98,9
IQ:31,256,255,1,46
IQ:32,264,1,-44,-11
IQ:33,272,255,-49,75
IQ:34,280,2,103,144
IQ:35,288,255,188,-97
SW:2
RR:3
SS:3
FR:2402
ME:359
MA:353
KE:10
KA:342
DF_END

Data arrived...
DF_BEGIN
IQ:0,0,11,-95,141
IQ:1,8,11,138,66
IQ:2,16,11,58,-146
IQ:3,24,11,-160,-34
IQ:4,32,11,-24,170
IQ:5,40,11,153,14
IQ:6,48,11,2,-156
IQ:7,56,11,-170,19
IQ:8,72,12,3,-77
IQ:9,80,255,-70,-10
IQ:10,88,1,61,86
IQ:11,96,255,60,-53
IQ:12,104,2,-96,-4
IQ:13,112,255,-118,111
IQ:14,120,10,-145,205
IQ:15,128,255,88,139
IQ:16,136,3,-24,8
IQ:17,144,255,19,165
IQ:18,152,9,297,257
IQ:19,160,255,314,-157
IQ:20,168,4,96,-106
IQ:21,176,255,3,-24
IQ:22,184,8,182,40
IQ:23,192,255,27,-156
IQ:24,200,7,-239,18
IQ:25,208,255,-44,209
IQ:26,216,6,93,-2
IQ:27,224,255,12,-174
IQ:28,232,5,-188,-171
IQ:29,240,255,-128,97
IQ:30,248,12,69,-44
IQ:31,256,255,-40,-61
IQ:32,264,1,-13,89
IQ:33,272,255,74,25
IQ:34,280,2,-38,-99
IQ:35,288,255,-142,-35
SW:2
RR:3
SS:3
FR:2480
ME:10
MA:285
KE:10
KA:334
DF_END

Data arrived...
DF_BEGIN
IQ:0,0,11,127,10
IQ:1,8,11,-15,-125
IQ:2,16,11,-132,41
IQ:3,24,11,45,113
IQ:4,32,11,119,-45
IQ:5,40,11,-63,-115
IQ:6,48,11,-106,78
IQ:7,56,11,70,89
IQ:8,72,12,-8,-8
IQ:9,80,255,25,72
IQ:10,88,1,116,-9
IQ:11,96,255,57,-107
IQ:12,104,2,-61,17
IQ:13,112,255,47,108
IQ:14,120,10,190,16
IQ:15,128,255,78,-142
IQ:16,136,3,46,-29
IQ:17,144,255,70,-43
IQ:18,152,9,92,-178
IQ:19,160,255,-128,-144
IQ:20,168,4,-92,-38
IQ:21,176,255,13,48
IQ:22,184,8,60,-132
IQ:23,192,255,-240,-48
IQ:24,200,7,-130,24
IQ:25,208,255,182,108
IQ:26,216,6,19,-43
IQ:27,224,255,-197,-86
IQ:28,232,5,-83,128
IQ:29,240,255,58,114
IQ:30,248,12,20,10
IQ:31,256,255,-93,65
IQ:32,264,1,121,87
IQ:33,272,255,136,-74
IQ:34,280,2,-36,-61
IQ:35,288,255,-17,44
SW:2
RR:3
SS:3
FR:2426
ME:2
MA:5
KE:10
KA:339
DF_END

Data arrived...
DF_BEGIN
IQ:0,0,11,47,153
IQ:1,8,11,143,-55
IQ:2,16,11,-61,-143
IQ:3,24,11,-133,74
IQ:4,32,11,93,123
IQ:5,40,11,122,-111
IQ:6,48,11,-106,-115
IQ:7,56,11,-89,129
IQ:8,72,12,60,-37
IQ:9,80,255,-23,-35
IQ:10,88,1,31,6
IQ:11,96,255,36,-70
IQ:12,104,2,-87,-118
IQ:13,112,255,-122,98
IQ:14,120,10,97,162
IQ:15,128,255,157,-40
IQ:16,136,3,-9,-30
IQ:17,144,255,8,44
IQ:18,152,9,125,-17
IQ:19,160,255,37,-141
IQ:20,168,4,-36,-87
IQ:21,176,255,-44,33
IQ:22,184,8,77,-44
IQ:23,192,255,-50,-112
IQ:24,200,7,-166,9
IQ:25,208,255,-6,147
IQ:26,216,6,105,1
IQ:27,224,255,-3,-122
IQ:28,232,5,-124,-18
IQ:29,240,255,-10,121
IQ:30,248,12,66,32
IQ:31,256,255,24,-30
IQ:32,264,1,11,31
IQ:33,272,255,68,-10
IQ:34,280,2,27,-148
IQ:35,288,255,-156,-68
SW:2
RR:3
SS:3
FR:2402
ME:359
MA:353
KE:8
KA:341
DF_END

Data arrived...
DF_BEGIN
IQ:0,0,11,65,164
IQ:1,8,11,157,-77
IQ:2,16,11,-105,-132
IQ:3,24,11,-144,114
IQ:4,32,11,136,126
IQ:5,40,11,124,-132
IQ:6,48,11,-157,-103
IQ:7,56,11,-86,150
IQ:8,72,12,-62,-34
IQ:9,80,255,-37,57
IQ:10,88,1,75,-22
IQ:11,96,255,-4,-67
IQ:12,104,2,-51,72
IQ:13,112,255,40,149
IQ:14,120,10,121,239
IQ:15,128,255,194,-18
IQ:16,136,3,16,0
IQ:17,144,255,133,60
IQ:18,152,9,374,-133
IQ:19,160,255,8,-339
IQ:20,168,4,-28,-146
IQ:21,176,255,-30,6
IQ:22,184,8,143,-130
IQ:23,192,255,-93,-98
IQ:24,200,7,-76,210
IQ:25,208,255,164,129
IQ:26,216,6,54,-65
IQ:27,224,255,-146,-103
IQ:28,232,5,-244,79
IQ:29,240,255,-4,182
IQ:30,248,12,1,-79
IQ:31,256,255,-64,-12
IQ:32,264,1,43,54
IQ:33,272,255,54,-56
IQ:34,280,2,-93,-3
IQ:35,288,255,-98,89
SW:2
RR:3
SS:3
FR:2480
ME:38
MA:237
KE:11
KA:331
DF_END

Data arrived...
DF_BEGIN
IQ:0,0,11,-41,-148
IQ:1,8,11,-126,53
IQ:2,16,11,45,134
IQ:3,24,11,117,-53
IQ:4,32,11,-71,-123
IQ:5,40,11,-110,86
IQ:6,48,11,83,98
IQ:7,56,11,100,-98
IQ:8,72,12,32,-5
IQ:9,80,255,47,-53
IQ:10,88,1,-31,-137
IQ:11,96,255,-119,10
IQ:12,104,2,41,60
IQ:13,112,255,117,-71
IQ:14,120,10,14,-217
IQ:15,128,255,-155,-50
IQ:16,136,3,-30,-82
IQ:17,144,255,-88,-94
IQ:18,152,9,-230,-73
IQ:19,160,255,-154,161
IQ:20,168,4,-28,93
IQ:21,176,255,15,-31
IQ:22,184,8,-233,-15
IQ:23,192,255,-77,218
IQ:24,200,7,178,131
IQ:25,208,255,121,-138
IQ:26,216,6,-116,-28
IQ:27,224,255,-13,168
IQ:28,232,5,209,128
IQ:29,240,255,119,-143
IQ:30,248,12,28,18
IQ:31,256,255,69,28
IQ:32,264,1,100,-100
IQ:33,272,255,-64,-97
IQ:34,280,2,-39,73
IQ:35,288,255,99,53
SW:2
RR:3
SS:3
FR:2426
ME:47
MA:156
KE:15
KA:328
DF_END

Data arrived...
DF_BEGIN
IQ:0,0,11,7,-155
IQ:1,8,11,-145,16
IQ:2,16,11,19,154
IQ:3,24,11,149,-36
IQ:4,32,11,-49,-149
IQ:5,40,11,-137,59
IQ:6,48,11,68,131
IQ:7,56,11,125,-85
IQ:8,72,12,-70,11
IQ:9,80,255,9,42
IQ:10,88,1,-37,-17
IQ:11,96,255,-51,60
IQ:12,104,2,59,141
IQ:13,112,255,146,-48
IQ:14,120,10,-41,-180
IQ:15,128,255,-151,-9
IQ:16,136,3,7,28
IQ:17,144,255,11,-49
IQ:18,152,9,-128,-22
IQ:19,160,255,-79,115
IQ:20,168,4,10,85
IQ:21,176,255,46,-31
IQ:22,184,8,-96,12
IQ:23,192,255,7,121
IQ:24,200,7,159,45
IQ:25,208,255,50,-143
IQ:26,216,6,-104,-34
IQ:27,224,255,-31,118
IQ:28,232,5,112,50
IQ:29,240,255,44,-114
IQ:30,248,12,-53,-57
IQ:31,256,255,-33,24
IQ:32,264,1,-2,-39
IQ:33,272,255,-83,-22
IQ:34,280,2,-97,118
IQ:35,288,255,119,117
SW:2
RR:3
SS:3
FR:2402
ME:359
MA:353
KE:14
KA:333
DF_END

Data arrived...
DF_BEGIN
IQ:0,0,11,155,-12
IQ:1,8,11,-34,-165
IQ:2,16,11,-147,45
IQ:3,24,11,55,145
IQ:4,32,11,133,-75
IQ:5,40,11,-92,-154
IQ:6,48,11,-130,99
IQ:7,56,11,105,93
IQ:8,72,12,-53,43
IQ:9,80,255,30,55
IQ:10,88,1,12,-50
IQ:11,96,255,-67,-18
IQ:12,104,2,34,83
IQ:13,112,255,146,22
IQ:14,120,10,265,1
IQ:15,128,255,66,-172
IQ:16,136,3,2,5
IQ:17,144,255,117,-116
IQ:18,152,9,32,-398
IQ:19,160,255,-305,-171
IQ:20,168,4,-149,-19
IQ:21,176,255,-11,28
IQ:22,184,8,-56,-181
IQ:23,192,255,-135,57
IQ:24,200,7,147,172
IQ:25,208,255,180,-87
IQ:26,216,6,-50,-73
IQ:27,224,255,-149,98
IQ:28,232,5,-49,261
IQ:29,240,255,168,65
IQ:30,248,12,-67,-6
IQ:31,256,255,-41,61
IQ:32,264,1,68,-34
IQ:33,272,255,-23,-51
IQ:34,280,2,-52,74
IQ:35,288,255,41,111
SW:2
RR:3
SS:3
FR:2480
ME:7
MA:313
KE:13
KA:328
DF_END

Data arrived...
DF_BEGIN
IQ:0,0,11,50,73
IQ:1,8,11,87,-71
IQ:2,16,11,-79,-66
IQ:3,24,11,-48,152
IQ:4,32,11,60,101
IQ:5,40,11,25,-164
IQ:6,48,11,-150,-48
IQ:7,56,11,-24,161
IQ:8,72,12,53,35
IQ:9,80,255,-53,83
IQ:10,88,1,51,83
IQ:11,96,255,131,-89
IQ:12,104,2,-71,-51
IQ:13,112,255,-58,86
IQ:14,120,10,117,140
IQ:15,128,255,142,-45
IQ:16,136,3,27,26
IQ:17,144,255,62,33
IQ:18,152,9,173,-56
IQ:19,160,255,18,-174
IQ:20,168,4,-31,-69
IQ:21,176,255,-29,79
IQ:22,184,8,132,-113
IQ:23,192,255,-50,-266
IQ:24,200,7,-228,-40
IQ:25,208,255,-57,191
IQ:26,216,6,129,0
IQ:27,224,255,-43,-119
IQ:28,232,5,-211,28
IQ:29,240,255,-4,225
IQ:30,248,12,-37,26
IQ:31,256,255,-62,-45
IQ:32,264,1,-4,111
IQ:33,272,255,116,42
IQ:34,280,2,20,-124
IQ:35,288,255,-109,-28
SW:2
RR:3
SS:3
FR:2426
ME:44
MA:142
KE:16
KA:329
DF_END

Data arrived...
DF_BEGIN
IQ:0,0,11,91,-182
IQ:1,8,11,-183,-80
IQ:2,16,11,-72,186
IQ:3,24,11,181,57
IQ:4,32,11,28,-189
IQ:5,40,11,-202,-6
IQ:6,48,11,9,196
IQ:7,56,11,198,-33
IQ:8,72,12,-79,-31
IQ:9,80,255,-14,48
IQ:10,88,1,-34,-40
IQ:11,96,255,-99,42
IQ:12,104,2,-17,192
IQ:13,112,255,194,25
IQ:14,120,10,48,-224
IQ:15,128,255,-180,-98
IQ:16,136,3,-18,28
IQ:17,144,255,31,-60
IQ:18,152,9,-131,-110
IQ:19,160,255,-154,92
IQ:20,168,4,-39,101
IQ:21,176,255,64,-8
IQ:22,184,8,-125,-28
IQ:23,192,255,-59,151
IQ:24,200,7,152,147
IQ:25,208,255,141,-128
IQ:26,216,6,-99,-95
IQ:27,224,255,-104,110
IQ:28,232,5,94,121
IQ:29,240,255,118,-89
IQ:30,248,12,-16,-87
IQ:31,256,255,-51,5
IQ:32,264,1,14,-51
IQ:33,272,255,-84,-65
IQ:34,280,2,-170,94
IQ:35,288,255,78,203
SW:2
RR:3
SS:3
FR:2402
ME:359
MA:353
KE:14
KA:335
DF_END

Data arrived...
DF_BEGIN
IQ:0,0,11,-143,-53
IQ:1,8,11,-50,144
IQ:2,16,11,139,25
IQ:3,24,11,-6,-151
IQ:4,32,11,-144,27
IQ:5,40,11,24,142
IQ:6,48,11,146,-51
IQ:7,56,11,-52,-144
IQ:8,72,12,70,-20
IQ:9,80,255,-14,-55
IQ:10,88,1,-49,56
IQ:11,96,255,51,41
IQ:12,104,2,-16,-98
IQ:13,112,255,-132,-88
IQ:14,120,10,-202,-117
IQ:15,128,255,-113,115
IQ:16,136,3,-11,-13
IQ:17,144,255,-154,43
IQ:18,152,9,-222,335
IQ:19,160,255,206,277
IQ:20,168,4,109,71
IQ:21,176,255,9,-10
IQ:22,184,8,-11,204
IQ:23,192,255,155,13
IQ:24,200,7,-46,-223
IQ:25,208,255,-215,0
IQ:26,216,6,7,88
IQ:27,224,255,173,-21
IQ:28,232,5,152,-200
IQ:29,240,255,-100,-144
IQ:30,248,12,49,37
IQ:31,256,255,50,-46
IQ:32,264,1,-83,-12
IQ:33,272,255,-5,60
IQ:34,280,2,77,-73
IQ:35,288,255,-6,-142
SW:2
RR:3
SS:3
FR:2480
ME:7
MA:313
KE:13
KA:330
DF_END

Data arrived...