IQ:27,224,255,71,145
IQ:28,232,5,226,-14
IQ:29,240,255,13,-183
IQ:30,248,12,-8,-4
IQ:31,256,255,40,-3
IQ:32,264,1,8,-130
IQ:33,272,255,-132,-31
IQ:34,280,2,-29,74
IQ:35,288,255,122,23
SW:2
RR:3
SS:3
FR:2426
ME:359
MA:353
KE:23
KA:31
DF_END

Data arrived...
DF_BEGIN
IQ:0,0,11,145,85
IQ:1,8,11,60,-150
IQ:2,16,11,-156,-49
IQ:3,24,11,-32,154
IQ:4,32,11,167,15
IQ:5,40,11,-4,-154
IQ:6,48,11,-166,23
IQ:7,56,11,33,157
IQ:8,72,12,7,-21
IQ:9,80,255,-2,43
IQ:10,88,1,123,19
IQ:11,96,255,44,-148
IQ:12,104,2,-74,-47
IQ:13,112,255,-23,115
IQ:14,120,10,196,69
IQ:15,128,255,122,-144
IQ:16,136,3,28,-14
IQ:17,144,255,70,-8
IQ:18,152,9,120,-140
IQ:19,160,255,-70,-179
IQ:20,168,4,-76,-65
IQ:21,176,255,-2,40
IQ:22,184,8,77,-147
IQ:23,192,255,-141,-93
IQ:24,200,7,-125,136
IQ:25,208,255,120,127
IQ:26,216,6,94,-86
IQ:27,224,255,-136,-85
IQ:28,232,5,-177,131
IQ:29,240,255,74,163
IQ:30,248,12,16,-4
IQ:31,256,255,-33,34
IQ:32,264,1,63,106
IQ:33,272,255,132,-28
IQ:34,280,2,3,-81
IQ:35,288,255,-113,39
SW:2
RR:3
SS:3
FR:2426
ME:359
MA:353
KE:21
KA:23
DF_END

Data arrived...
DF_BEGIN
IQ:0,0,11,95,-120
IQ:1,8,11,-134,-91
IQ:2,16,11,-70,135
IQ:3,24,11,147,64
IQ:4,32,11,39,-150
IQ:5,40,11,-154,-22
IQ:6,48,11,-14,156
IQ:7,56,11,161,11
IQ:8,72,12,-37,-35
IQ:9,80,255,-10,6
IQ:10,88,1,-37,-41
IQ:11,96,255,-96,51
IQ:12,104,2,-38,177
IQ:13,112,255,176,46
IQ:14,120,10,52,-191
IQ:15,128,255,-134,-99
IQ:16,136,3,10,24
IQ:17,144,255,41,-58
IQ:18,152,9,-106,-115
IQ:19,160,255,-156,64
IQ:20,168,4,-37,74
IQ:21,176,255,45,-8
IQ:22,184,8,-122,-48
IQ:23,192,255,-83,127
IQ:24,200,7,94,142
IQ:25,208,255,132,-74
IQ:26,216,6,-59,-86
IQ:27,224,255,-86,86
IQ:28,232,5,75,102
IQ:29,240,255,101,-62
IQ:30,248,12,14,-43
IQ:31,256,255,-18,-12
IQ:32,264,1,21,-56
IQ:33,272,255,-79,-59
IQ:34,280,2,-175,55
IQ:35,288,255,28,190
SW:2
RR:3
SS:3
FR:2402
ME:2
MA:353
KE:19
KA:18
DF_END

Data arrived...
DF_BEGIN
IQ:0,0,11,-130,-55
IQ:1,8,11,-47,132
IQ:2,16,11,130,38
IQ:3,24,11,14,-138
IQ:4,32,11,-125,-6
IQ:5,40,11,7,142
IQ:6,48,11,132,-18
IQ:7,56,11,-57,-132
IQ:8,72,12,29,-34
IQ:9,80,255,-48,-30
IQ:10,88,1,-23,108
IQ:11,96,255,88,14
IQ:12,104,2,-28,-125
IQ:13,112,255,-155,-64
IQ:14,120,10,-164,-55
IQ:15,128,255,-76,85
IQ:16,136,3,-61,-35
IQ:17,144,255,-159,99
IQ:18,152,9,-139,343
IQ:19,160,255,203,206
IQ:20,168,4,61,76
IQ:21,176,255,22,43
IQ:22,184,8,40,160
IQ:23,192,255,135,-24
IQ:24,200,7,-59,-195
IQ:25,208,255,-165,17
IQ:26,216,6,25,75
IQ:27,224,255,143,-43
IQ:28,232,5,104,-167
IQ:29,240,255,-99,-106
IQ:30,248,12,43,-5
IQ:31,256,255,-4,-59
IQ:32,264,1,-82,30
IQ:33,272,255,39,87
IQ:34,280,2,106,-95
IQ:35,288,255,-14,-149
SW:2
RR:3
SS:3
FR:2480
ME:44
MA:159
KE:22
KA:32
DF_END

Data arrived...
DF_BEGIN
IQ:0,0,11,100,-70
IQ:1,8,11,-79,-111
IQ:2,16,11,-91,92
IQ:3,24,11,106,72
IQ:4,32,11,47,-120
IQ:5,40,11,-132,-37
IQ:6,48,11,-35,125
IQ:7,56,11,128,26
IQ:8,72,12,13,37
IQ:9,80,255,58,-30
IQ:10,88,1,-63,-99
IQ:11,96,255,-71,67
IQ:12,104,2,147,48
IQ:13,112,255,144,-96
IQ:14,120,10,148,-114
IQ:15,128,255,-25,-95
IQ:16,136,3,79,-35
IQ:17,144,255,17,-173
IQ:18,152,9,-227,-319
IQ:19,160,255,-300,55
IQ:20,168,4,-98,6
IQ:21,176,255,-40,-3
IQ:22,184,8,-185,-46
IQ:23,192,255,-46,149
IQ:24,200,7,204,47
IQ:25,208,255,63,-157
IQ:26,216,6,-88,6
IQ:27,224,255,-29,155
IQ:28,232,5,113,178
IQ:29,240,255,127,-44
IQ:30,248,12,-24,58
IQ:31,256,255,50,40
IQ:32,264,1,37,-102
IQ:33,272,255,-93,-18
IQ:34,280,2,28,151
IQ:35,288,255,145,81
SW:2
RR:3
SS:3
FR:2480
ME:44
MA:161
KE:24
KA:56
DF_END

Data arrived...
DF_BEGIN
IQ:0,0,11,-104,-155
IQ:1,8,11,-147,121
IQ:2,16,11,136,126
IQ:3,24,11,145,-143
IQ:4,32,11,-155,-126
IQ:5,40,11,-99,167
IQ:6,48,11,172,90
IQ:7,56,11,53,-179
IQ:8,72,12,-2,-6
IQ:9,80,255,24,-73
IQ:10,88,1,-128,-95
IQ:11,96,255,-118,111
IQ:12,104,2,48,76
IQ:13,112,255,65,-119
IQ:14,120,10,-154,-214
IQ:15,128,255,-181,72
IQ:16,136,3,-34,-27
IQ:17,144,255,-91,-49
IQ:18,152,9,-245,69
IQ:19,160,255,-62,243
IQ:20,168,4,38,102
IQ:21,176,255,8,-52
IQ:22,184,8,-196,99
IQ:23,192,255,56,208
IQ:24,200,7,216,-23
IQ:25,208,255,-24,-209
IQ:26,216,6,-139,28
IQ:27,224,255,62,175
IQ:28,232,5,238,16
IQ:29,240,255,28,-194
IQ:30,248,12,0,2
IQ:31,256,255,73,-24
IQ:32,264,1,9,-177
IQ:33,272,255,-160,-38
IQ:34,280,2,-26,88
IQ:35,288,255,149,25
SW:2
RR:3
SS:3
FR:2426
ME:5
MA:5
KE:22
KA:41
DF_END

Data arrived...
DF_BEGIN
IQ:0,0,11,-157,13
IQ:1,8,11,25,156
IQ:2,16,11,151,-30
IQ:3,24,11,-43,-150
IQ:4,32,11,-132,65
IQ:5,40,11,69,132
IQ:6,48,11,141,-69
IQ:7,56,11,-81,-124
IQ:8,72,12,1,41
IQ:9,80,255,12,9
IQ:10,88,1,-4,65
IQ:11,96,255,94,45
IQ:12,104,2,158,-77
IQ:13,112,255,-78,-163
IQ:14,120,10,-199,50
IQ:15,128,255,5,153
IQ:16,136,3,9,-24
IQ:17,144,255,-69,11
IQ:18,152,9,-7,157
IQ:19,160,255,142,60
IQ:20,168,4,75,-20
IQ:21,176,255,-33,-25
IQ:22,184,8,48,129
IQ:23,192,255,145,-25
IQ:24,200,7,43,-166
IQ:25,208,255,-140,-51
IQ:26,216,6,-26,93
IQ:27,224,255,106,5
IQ:28,232,5,26,-119
IQ:29,240,255,-105,-38
IQ:30,248,12,-47,16
IQ:31,256,255,-3,18
IQ:32,264,1,-53,25
IQ:33,272,255,10,102
IQ:34,280,2,163,76
IQ:35,288,255,120,-149
SW:2
RR:3
SS:3
FR:2402
ME:359
MA:5
KE:20
KA:31
DF_END

Data arrived...
DF_BEGIN
IQ:0,0,11,72,-108
IQ:1,8,11,-119,-72
IQ:2,16,11,-70,118
IQ:3,24,11,116,34
IQ:4,32,11,18,-122
IQ:5,40,11,-141,-8
IQ:6,48,11,0,120
IQ:7,56,11,128,-13
IQ:8,72,12,25,31
IQ:9,80,255,33,-47
IQ:10,88,1,-83,-47
IQ:11,96,255,-43,71
IQ:12,104,2,141,-4
IQ:13,112,255,90,-131
IQ:14,120,10,99,-139
IQ:15,128,255,-50,-106
IQ:16,136,3,49,-50
IQ:17,144,255,-48,-179
IQ:18,152,9,-303,-208
IQ:19,160,255,-253,142
IQ:20,168,4,-97,33
IQ:21,176,255,-40,22
IQ:22,184,8,-164,13
IQ:23,192,255,10,152
IQ:24,200,7,202,-22
IQ:25,208,255,11,-160
IQ:26,216,6,-67,4
IQ:27,224,255,12,151
IQ:28,232,5,154,121
IQ:29,240,255,100,-75
IQ:30,248,12,-13,52
IQ:31,256,255,56,-3
IQ:32,264,1,0,-88
IQ:33,272,255,-79,13
IQ:34,280,2,64,113
IQ:35,288,255,156,26
SW:2
RR:3
SS:3
FR:2480
ME:44
MA:159
KE:22
KA:50
DF_END

Data arrived...
DF_BEGIN
IQ:0,0,11,63,206
IQ:1,8,11,207,-95
IQ:2,16,11,-129,-185
IQ:3,24,11,-189,152
IQ:4,32,11,154,167
IQ:5,40,11,170,-155
IQ:6,48,11,-192,-133
IQ:7,56,11,-123,195
IQ:8,72,12,17,5
IQ:9,80,255,-13,73
IQ:10,88,1,134,121
IQ:11,96,255,168,-86
IQ:12,104,2,-39,-113
IQ:13,112,255,-143,98
IQ:14,120,10,124,283
IQ:15,128,255,264,-32
IQ:16,136,3,53,30
IQ:17,144,255,109,70
IQ:18,152,9,301,-27
IQ:19,160,255,101,-263
IQ:20,168,4,-15,-133
IQ:21,176,255,-32,38
IQ:22,184,8,234,-93
IQ:23,192,255,-45,-255
IQ:24,200,7,-275,-10
IQ:25,208,255,-26,245
IQ:26,216,6,178,-11
IQ:27,224,255,-26,-232
IQ:28,232,5,-297,-44
IQ:29,240,255,-101,239
IQ:30,248,12,-14,31
IQ:31,256,255,-63,8
IQ:32,264,1,-49,169
IQ:33,272,255,175,80
IQ:34,280,2,74,-104
IQ:35,288,255,-179,-50
SW:2
RR:3
SS:3
FR:2426
ME:83
MA:94
KE:28
KA:65
DF_END

Data arrived...
DF_BEGIN
IQ:0,0,11,149,-98
IQ:1,8,11,-115,-129
IQ:2,16,11,-85,130
IQ:3,24,11,131,120
IQ:4,32,11,109,-128
IQ:5,40,11,-181,-105
IQ:6,48,11,-89,155
IQ:7,56,11,201,53
IQ:8,72,12,54,17
IQ:9,80,255,55,-25
IQ:10,88,1,66,-135
IQ:11,96,255,-58,-90
IQ:12,104,2,-58,61
IQ:13,112,255,83,79
IQ:14,120,10,196,-145
IQ:15,128,255,-25,-185
IQ:16,136,3,35,-10
IQ:17,144,255,76,-94
IQ:18,152,9,-63,-218
IQ:19,160,255,-243,-31
IQ:20,168,4,-78,58
IQ:21,176,255,2,9
IQ:22,184,8,-104,-198
IQ:23,192,255,-169,65
IQ:24,200,7,-16,188
IQ:25,208,255,209,-41
IQ:26,216,6,-11,-110
IQ:27,224,255,-161,68
IQ:28,232,5,-69,243
IQ:29,240,255,208,49
IQ:30,248,12,-25,17
IQ:31,256,255,36,55
IQ:32,264,1,146,1
IQ:33,272,255,87,-150
IQ:34,280,2,-92,-32
IQ:35,288,255,-44,100
SW:2
RR:3
SS:3
FR:2426
ME:7
MA:35
KE:26
KA:58
DF_END

Data arrived...
DF_BEGIN
IQ:0,0,11,130,91
IQ:1,8,11,80,-132
IQ:2,16,11,-136,-74
IQ:3,24,11,-61,138
IQ:4,32,11,143,38
IQ:5,40,11,23,-146
IQ:6,48,11,-151,-15
IQ:7,56,11,-9,148
IQ:8,72,12,38,-30
IQ:9,80,255,-10,-21
IQ:10,88,1,33,-38
IQ:11,96,255,-45,-88
IQ:12,104,2,-173,-31
IQ:13,112,255,-30,168
IQ:14,120,10,182,62
IQ:15,128,255,87,-127
IQ:16,136,3,-17,3
IQ:17,144,255,51,29
IQ:18,152,9,90,-125
IQ:19,160,255,-63,-133
IQ:20,168,4,-72,-40
IQ:21,176,255,3,32
IQ:22,184,8,30,-117
IQ:23,192,255,-128,-71
IQ:24,200,7,-128,102
IQ:25,208,255,76,124
IQ:26,216,6,66,-67
IQ:27,224,255,-84,-71
IQ:28,232,5,-90,73
IQ:29,240,255,59,99
IQ:30,248,12,51,16
IQ:31,256,255,13,-22
IQ:32,264,1,55,5
IQ:33,272,255,46,-81
IQ:34,280,2,-72,-152
IQ:35,288,255,-187,45
SW:2
RR:3
SS:3
FR:2402
ME:66
MA:91
KE:30
KA:66
DF_END

Data arrived...
DF_BEGIN
IQ:0,0,11,-19,134
IQ:1,8,11,136,8
IQ:2,16,11,-6,-146
IQ:3,24,11,-140,25
IQ:4,32,11,43,129
IQ:5,40,11,131,-45
IQ:6,48,11,-68,-130
IQ:7,56,11,-119,97
IQ:8,72,12,-3,-44
IQ:9,80,255,-35,23
IQ:10,88,1,86,31
IQ:11,96,255,11,-85
IQ:12,104,2,-114,47
IQ:13,112,255,-25,189
IQ:14,120,10,-42,183
IQ:15,128,255,106,67
IQ:16,136,3,-9,62
IQ:17,144,255,108,125
IQ:18,152,9,359,38
IQ:19,160,255,142,-263
IQ:20,168,4,76,-76
IQ:21,176,255,1,-36
IQ:22,184,8,130,-63
IQ:23,192,255,-79,-123
IQ:24,200,7,-201,101
IQ:25,208,255,39,172
IQ:26,216,6,71,-56
IQ:27,224,255,-74,-124
IQ:28,232,5,-211,-63
IQ:29,240,255,-53,103
IQ:30,248,12,11,-30
IQ:31,256,255,-25,-3
IQ:32,264,1,21,92
IQ:33,272,255,77,-42
IQ:34,280,2,-135,-65
IQ:35,288,255,-156,62
SW:2
RR:3
SS:3
FR:2480
ME:13
MA:268
KE:28
KA:59
DF_END

Data arrived...
DF_BEGIN
IQ:0,0,11,36,156
IQ:1,8,11,147,-47
IQ:2,16,11,-72,-141
IQ:3,24,11,-132,77
IQ:4,32,11,95,115
IQ:5,40,11,107,-104
IQ:6,48,11,-106,-115
IQ:7,56,11,-98,125
IQ:8,72,12,63,-12
IQ:9,80,255,4,-27
IQ:10,88,1,44,-13
IQ:11,96,255,17,-92
IQ:12,104,2,-125,-120
IQ:13,112,255,-125,124
IQ:14,120,10,116,158
IQ:15,128,255,146,-43
IQ:16,136,3,-7,-8
IQ:17,144,255,21,45
IQ:18,152,9,136,-41
IQ:19,160,255,28,-146
IQ:20,168,4,-37,-78
IQ:21,176,255,-27,32
IQ:22,184,8,90,-62
IQ:23,192,255,-69,-128
IQ:24,200,7,-175,1
IQ:25,208,255,-26,149
IQ:26,216,6,92,-9
IQ:27,224,255,-25,-107
IQ:28,232,5,-124,5
IQ:29,240,255,-2,118
IQ:30,248,12,46,49
IQ:31,256,255,36,-13
IQ:32,264,1,29,34
IQ:33,272,255,81,-34
IQ:34,280,2,24,-168
IQ:35,288,255,-180,-66
SW:2
RR:3
SS:3
FR:2402
ME:359
MA:353
KE:25
KA:42
DF_END

Data arrived...
DF_BEGIN
IQ:0,0,11,162,29
IQ:1,8,11,13,-148
IQ:2,16,11,-136,5
IQ:3,24,11,33,185
IQ:4,32,11,157,-33
IQ:5,40,11,-54,-130
IQ:6,48,11,-127,74
IQ:7,56,11,78,153
IQ:8,72,12,-52,44
IQ:9,80,255,49,50
IQ:10,88,1,62,-98
IQ:11,96,255,-91,-18
IQ:12,104,2,33,160
IQ:13,112,255,201,59
IQ:14,120,10,218,61
IQ:15,128,255,74,-90
IQ:16,136,3,63,58
IQ:17,144,255,161,-104
IQ:18,152,9,114,-395
IQ:19,160,255,-234,-204
IQ:20,168,4,-68,-39
IQ:21,176,255,7,-13
IQ:22,184,8,-46,-161
IQ:23,192,255,-148,66
IQ:24,200,7,102,260
IQ:25,208,255,218,-42
IQ:26,216,6,-55,-75
IQ:27,224,255,-152,86
IQ:28,232,5,-57,209
IQ:29,240,255,116,85
IQ:30,248,12,-52,-26
IQ:31,256,255,-8,72
IQ:32,264,1,128,-11
IQ:33,272,255,1,-91
IQ:34,280,2,-95,124
IQ:35,288,255,42,196
SW:2
RR:3
SS:3
FR:2480
ME:10
MA:285
KE:23
KA:21
DF_END

Data arrived...
DF_BEGIN
IQ:0,0,11,-12,209
IQ:1,8,11,215,-2
IQ:2,16,11,-28,-214
IQ:3,24,11,-206,29
IQ:4,32,11,65,198
IQ:5,40,11,199,-78
IQ:6,48,11,-102,-191
IQ:7,56,11,-168,114
IQ:8,72,12,49,47
IQ:9,80,255,-16,21
IQ:10,88,1,71,131
IQ:11,96,255,164,-37
IQ:12,104,2,-14,-95
IQ:13,112,255,-133,53
IQ:14,120,10,24,287
IQ:15,128,255,229,86
IQ:16,136,3,75,72
IQ:17,144,255,93,40
IQ:18,152,9,248,17
IQ:19,160,255,127,-191
IQ:20,168,4,30,-136
IQ:21,176,255,-43,1
IQ:22,184,8,184,-12
IQ:23,192,255,13,-208
IQ:24,200,7,-261,-104
IQ:25,208,255,-114,226
IQ:26,216,6,135,56
IQ:27,224,255,36,-208
IQ:28,232,5,-237,-140
IQ:29,240,255,-167,190
IQ:30,248,12,-8,62
IQ:31,256,255,-20,11
IQ:32,264,1,-71,148
IQ:33,272,255,110,113
IQ:34,280,2,73,-64
IQ:35,288,255,-118,-91
SW:2
RR:3
SS:3
FR:2426
ME:359
MA:353
KE:20
KA:11
DF_END

Data arrived...
DF_BEGIN
IQ:0,0,11,177,101
IQ:1,8,11,80,-203
IQ:2,16,11,-212,-74
IQ:3,24,11,-47,199
IQ:4,32,11,229,14
IQ:5,40,11,-7,-220
IQ:6,48,11,-208,30
IQ:7,56,11,56,213
IQ:8,72,12,38,-36
IQ:9,80,255,21,-5
IQ:10,88,1,156,-9
IQ:11,96,255,40,-188
IQ:12,104,2,-69,-47
IQ:13,112,255,-10,159
IQ:14,120,10,253,101
IQ:15,128,255,169,-190
IQ:16,136,3,88,-50
IQ:17,144,255,73,-54
IQ:18,152,9,112,-203
IQ:19,160,255,-111,-222
IQ:20,168,4,-102,-98
IQ:21,176,255,-31,44
IQ:22,184,8,81,-164
IQ:23,192,255,-176,-110
IQ:24,200,7,-206,203
IQ:25,208,255,151,213
IQ:26,216,6,115,-114
IQ:27,224,255,-169,-129
IQ:28,232,5,-234,181
IQ:29,240,255,113,228
IQ:30,248,12,62,32
IQ:31,256,255,1,15
IQ:32,264,1,102,147
IQ:33,272,255,157,-52
IQ:34,280,2,-7,-101
IQ:35,288,255,-144,60
SW:2
RR:3
SS:3
FR:2426
ME:359
MA:353
KE:18
KA:5
DF_END

Data arrived...
DF_BEGIN
IQ:0,0,11,68,-164
IQ:1,8,11,-169,-60
IQ:2,16,11,-43,175
IQ:3,24,11,173,26
IQ:4,32,11,13,-171
IQ:5,40,11,-183,3
IQ:6,48,11,8,175
IQ:7,56,11,166,-44
IQ:8,72,12,-81,-40
IQ:9,80,255,-22,43
IQ:10,88,1,-25,-11
IQ:11,96,255,-60,40
IQ:12,104,2,-2,161
IQ:13,112,255,176,1
IQ:14,120,10,39,-211
IQ:15,128,255,-165,-76
IQ:16,136,3,-29,23
IQ:17,144,255,18,-33
IQ:18,152,9,-116,-70
IQ:19,160,255,-130,90
IQ:20,168,4,-30,102
IQ:21,176,255,56,5
IQ:22,184,8,-100,-8
IQ:23,192,255,-34,134
IQ:24,200,7,142,110
IQ:25,208,255,118,-121
IQ:26,216,6,-75,-82
IQ:27,224,255,-71,104
IQ:28,232,5,99,101
IQ:29,240,255,109,-88
IQ:30,248,12,-24,-79
IQ:31,256,255,-41,16
IQ:32,264,1,2,-25
IQ:33,272,255,-66,-31
IQ:34,280,2,-133,85
IQ:35,288,255,91,169
SW:2
RR:3
SS:3
FR:2402
ME:359
MA:353
KE:16
KA:1
DF_END

Data arrived...
DF_BEGIN
IQ:0,0,11,-105,-116
IQ:1,8,11,-120,110
IQ:2,16,11,123,118
IQ:3,24,11,93,-135
IQ:4,32,11,-144,-89
IQ:5,40,11,-62,156
IQ:6,48,11,153,59
IQ:7,56,11,50,-171
IQ:8,72,12,66,10
IQ:9,80,255,0,-63
IQ:10,88,1,-110,42
IQ:11,96,255,26,79
IQ:12,104,2,71,-103
IQ:13,112,255,-77,-162
IQ:14,120,10,-148,-189
IQ:15,128,255,-135,33
IQ:16,136,3,-12,-46
IQ:17,144,255,-174,-49
IQ:18,152,9,-356,171
IQ:19,160,255,28,310
IQ:20,168,4,34,125
IQ:21,176,255,-4,9
IQ:22,184,8,-101,143
IQ:23,192,255,139,70
IQ:24,200,7,82,-216
IQ:25,208,255,-169,-106
IQ:26,216,6,-28,79
IQ:27,224,255,158,63
IQ:28,232,5,236,-94
IQ:29,240,255,-26,-160
IQ:30,248,12,32,57
IQ:31,256,255,59,-24
IQ:32,264,1,-90,-43
IQ:33,272,255,-47,88
IQ:34,280,2,115,-7
IQ:35,288,255,78,-145
SW:2
RR:3
SS:3
FR:2480
ME:10
MA:285
KE:15
KA:348
DF_END

Data arrived...
DF_BEGIN
IQ:0,0,11,35,-204
IQ:1,8,11,-205,-29
IQ:2,16,11,-3,198
IQ:3,24,11,196,-21
IQ:4,32,11,-48,-200
IQ:5,40,11,-199,41
IQ:6,48,11,75,185
IQ:7,56,11,191,-94
IQ:8,72,12,-20,-43
IQ:9,80,255,-1,-40
IQ:10,88,1,-70,-144
IQ:11,96,255,-175,16
IQ:12,104,2,-9,113
IQ:13,112,255,136,-37
IQ:14,120,10,-6,-282
IQ:15,128,255,-208,-117
IQ:16,136,3,-25,-78
IQ:17,144,255,-81,-90
IQ:18,152,9,-236,-66
IQ:19,160,255,-160,186
IQ:20,168,4,-44,104
IQ:21,176,255,34,-11
IQ:22,184,8,-198,5
IQ:23,192,255,-59,223
IQ:24,200,7,231,117
IQ:25,208,255,155,-195
IQ:26,216,6,-132,-65
IQ:27,224,255,-48,187
IQ:28,232,5,225,173
IQ:29,240,255,198,-152
IQ:30,248,12,40,-38
IQ:31,256,255,35,-16
IQ:32,264,1,89,-121
IQ:33,272,255,-121,-144
IQ:34,280,2,-90,70
IQ:35,288,255,106,124
SW:2
RR:3
SS:3
FR:2426
ME:83
MA:94
KE:20
KA:0
DF_END

Data arrived...
DF_BEGIN
IQ:0,0,11,149,-97
IQ:1,8,11,-116,-139
IQ:2,16,11,-127,137
IQ:3,24,11,129,128
IQ:4,32,11,117,-147
IQ:5,40,11,-170,-78
IQ:6,48,11,-70,173
IQ:7,56,11,173,51
IQ:8,72,12,-45,-61
IQ:9,80,255,-39,29
IQ:10,88,1,-19,-41
IQ:11,96,255,-86,7
IQ:12,104,2,-92,152
IQ:13,112,255,164,101
IQ:14,120,10,152,-164
IQ:15,128,255,-98,-166
IQ:16,136,3,-33,11
IQ:17,144,255,39,-16
IQ:18,152,9,-69,-139
IQ:19,160,255,-175,7
IQ:20,168,4,-81,78
IQ:21,176,255,61,28
IQ:22,184,8,-89,-87
IQ:23,192,255,-118,101
IQ:24,200,7,57,180
IQ:25,208,255,168,-41
IQ:26,216,6,-39,-113
IQ:27,224,255,-124,69
IQ:28,232,5,44,138
IQ:29,240,255,135,-38
IQ:30,248,12,23,-74
IQ:31,256,255,-35,-10
IQ:32,264,1,21,-26
IQ:33,272,255,-49,-74
IQ:34,280,2,-173,14
IQ:35,288,255,-28,206
SW:2
RR:3
SS:3
FR:2402
ME:359
MA:353
KE:18
KA:358
DF_END

Data arrived...
DF_BEGIN
IQ:0,0,11,112,147
IQ:1,8,11,129,-126
IQ:2,16,11,-142,-119
IQ:3,24,11,-114,149
IQ:4,32,11,158,98
IQ:5,40,11,77,-174
IQ:6,48,11,-172,-72
IQ:7,56,11,-58,177
IQ:8,72,12,59,-60
IQ:9,80,255,-43,-29
IQ:10,88,1,26,-18
IQ:11,96,255,-3,-81
IQ:12,104,2,-150,-86
IQ:13,112,255,-84,163
IQ:14,120,10,170,136
IQ:15,128,255,153,-113
IQ:16,136,3,-13,-29
IQ:17,144,255,27,43
IQ:18,152,9,136,-58
IQ:19,160,255,-5,-169
IQ:20,168,4,-74,-79
IQ:21,176,255,-35,57
IQ:22,184,8,69,-90
IQ:23,192,255,-102,-110
IQ:24,200,7,-168,77
IQ:25,208,255,48,170
IQ:26,216,6,111,-40
IQ:27,224,255,-60,-122
IQ:28,232,5,-135,38
IQ:29,240,255,43,131
IQ:30,248,12,85,14
IQ:31,256,255,9,-50
IQ:32,264,1,24,20
IQ:33,272,255,70,-40
IQ:34,280,2,-10,-168
IQ:35,288,255,-199,-13
SW:2
RR:3
SS:3
FR:2402
ME:359
MA:353
KE:16
KA:356
DF_END

Data arrived...
DF_BEGIN
IQ:0,0,11,-108,116
IQ:1,8,11,158,66
IQ:2,16,11,81,-150
IQ:3,24,11,-142,-58
IQ:4,32,11,-28,153
IQ:5,40,11,168,-2
IQ:6,48,11,17,-164
IQ:7,56,11,-156,7
IQ:8,72,12,17,-75
IQ:9,80,255,-41,-6
IQ:10,88,1,82,80
IQ:11,96,255,82,-71
IQ:12,104,2,-131,-24
IQ:13,112,255,-118,134
IQ:14,120,10,-91,172
IQ:15,128,255,66,105
IQ:16,136,3,-58,29
IQ:17,144,255,37,187
IQ:18,152,9,295,237
IQ:19,160,255,291,-132
IQ:20,168,4,93,-45
IQ:21,176,255,29,-3
IQ:22,184,8,181,27
IQ:23,192,255,28,-164
IQ:24,200,7,-231,-34
IQ:25,208,255,-52,193
IQ:26,216,6,98,-6
IQ:27,224,255,5,-178
IQ:28,232,5,-148,-143
IQ:29,240,255,-118,72
IQ:30,248,12,79,-43
IQ:31,256,255,-25,-48
IQ:32,264,1,-11,102
IQ:33,272,255,109,21
IQ:34,280,2,-37,-147
IQ:35,288,255,-163,-41
SW:2
RR:3
SS:3
FR:2480
ME:10
MA:271
KE:15
KA:344
DF_END

Data arrived...
DF_BE