DF_END

Data arrived...
DF_BEGIN
IQ:0,0,11,48,184
IQ:1,8,11,186,-55
IQ:2,16,11,-67,-179
IQ:3,24,11,-172,84
IQ:4,32,11,107,162
IQ:5,40,11,149,-122
IQ:6,48,11,-140,-128
IQ:7,56,11,-130,152
IQ:8,72,12,70,-217
IQ:9,80,255,-202,-54
IQ:10,88,1,-47,249
IQ:11,96,255,215,51
IQ:12,104,2,28,-186
IQ:13,112,255,-150,0
IQ:14,120,10,131,177
IQ:15,128,255,159,-75
IQ:16,136,3,-117,-12
IQ:17,144,255,-25,143
IQ:18,152,9,150,37
IQ:19,160,255,43,-108
IQ:20,168,4,-90,82
IQ:21,176,255,8,133
IQ:22,184,8,12,-31
IQ:23,192,255,-41,-48
IQ:24,200,7,-33,65
IQ:25,208,255,72,95
IQ:26,216,6,125,32
IQ:27,224,255,45,-108
IQ:28,232,5,-10,-19
IQ:29,240,255,69,44
IQ:30,248,12,229,-65
IQ:31,256,255,-63,-202
IQ:32,264,1,-230,101
IQ:33,272,255,72,219
IQ:34,280,2,158,-86
IQ:35,288,255,-110,-150
SW:2
RR:3
SS:3
FR:2426
ME:7
MA:175
KE:7
KA:183
DF_END

Data arrived...
DF_BEGIN
IQ:0,0,11,-19,-153
IQ:1,8,11,-149,36
IQ:2,16,11,44,126
IQ:3,24,11,137,-74
IQ:4,32,11,-86,-124
IQ:5,40,11,-120,81
IQ:6,48,11,86,118
IQ:7,56,11,79,-129
IQ:8,72,12,-99,144
IQ:9,80,255,291,131
IQ:10,88,1,279,-212
IQ:11,96,255,-252,-237
IQ:12,104,2,-173,198
IQ:13,112,255,307,119
IQ:14,120,10,231,-293
IQ:15,128,255,-341,-86
IQ:16,136,3,-204,586
IQ:17,144,255,612,90
IQ:18,152,9,110,-752
IQ:19,160,255,-615,-35
IQ:20,168,4,126,708
IQ:21,176,255,589,-114
IQ:22,184,8,-360,-570
IQ:23,192,255,-470,390
IQ:24,200,7,692,519
IQ:25,208,255,597,-479
IQ:26,216,6,-299,-310
IQ:27,224,255,-74,361
IQ:28,232,5,770,-121
IQ:29,240,255,120,-696
IQ:30,248,12,-159,5
IQ:31,256,255,59,308
IQ:32,264,1,325,83
IQ:33,272,255,59,-336
IQ:34,280,2,-278,-38
IQ:35,288,255,0,223
SW:2
RR:3
SS:3
FR:2402
ME:359
MA:353
KE:6
KA:191
DF_END

Data arrived...
DF_BEGIN
IQ:0,0,11,-136,-94
IQ:1,8,11,-81,146
IQ:2,16,11,152,58
IQ:3,24,11,44,-168
IQ:4,32,11,-168,-30
IQ:5,40,11,-18,166
IQ:6,48,11,164,6
IQ:7,56,11,-21,-165
IQ:8,72,12,55,113
IQ:9,80,255,92,-46
IQ:10,88,1,-68,-98
IQ:11,96,255,-88,61
IQ:12,104,2,53,67
IQ:13,112,255,7,-34
IQ:14,120,10,-226,44
IQ:15,128,255,-6,163
IQ:16,136,3,66,-68
IQ:17,144,255,-66,-15
IQ:18,152,9,4,219
IQ:19,160,255,166,30
IQ:20,168,4,-10,-112
IQ:21,176,255,-55,-12
IQ:22,184,8,184,52
IQ:23,192,255,77,-108
IQ:24,200,7,-110,-24
IQ:25,208,255,-59,78
IQ:26,216,6,-13,24
IQ:27,224,255,-13,24
IQ:28,232,5,-57,71
IQ:29,240,255,-11,80
IQ:30,248,12,-64,120
IQ:31,256,255,85,40
IQ:32,264,1,22,-123
IQ:33,272,255,-102,-42
IQ:34,280,2,-27,77
IQ:35,288,255,92,-9
SW:2
RR:3
SS:3
FR:2480
ME:19
MA:181
KE:8
KA:186
DF_END

Data arrived...
DF_BEGIN
IQ:0,0,11,-185,53
IQ:1,8,11,54,175
IQ:2,16,11,166,-72
IQ:3,24,11,-105,-152
IQ:4,32,11,-143,121
IQ:5,40,11,129,132
IQ:6,48,11,119,-137
IQ:7,56,11,-159,-103
IQ:8,72,12,232,56
IQ:9,80,255,41,-207
IQ:10,88,1,-250,3
IQ:11,96,255,-14,220
IQ:12,104,2,189,-10
IQ:13,112,255,-39,-149
IQ:14,120,10,-159,140
IQ:15,128,255,73,143
IQ:16,136,3,-20,-130
IQ:17,144,255,-148,-6
IQ:18,152,9,-20,156
IQ:19,160,255,113,29
IQ:20,168,4,-104,-85
IQ:21,176,255,-132,43
IQ:22,184,8,27,11
IQ:23,192,255,44,-49
IQ:24,200,7,-70,-32
IQ:25,208,255,-90,83
IQ:26,216,6,-10,127
IQ:27,224,255,101,40
IQ:28,232,5,20,8
IQ:29,240,255,-32,81
IQ:30,248,12,68,232
IQ:31,256,255,193,-71
IQ:32,264,1,-138,-202
IQ:33,272,255,-194,104
IQ:34,280,2,119,148
IQ:35,288,255,135,-124
SW:2
RR:3
SS:3
FR:2426
ME:13
MA:195
KE:8
KA:189
DF_END

Data arrived...
DF_BEGIN
IQ:0,0,11,147,82
IQ:1,8,11,74,-157
IQ:2,16,11,-164,-65
IQ:3,24,11,-57,165
IQ:4,32,11,157,30
IQ:5,40,11,1,-178
IQ:6,48,11,-168,-4
IQ:7,56,11,25,169
IQ:8,72,12,-45,-197
IQ:9,80,255,-305,105
IQ:10,88,1,-33,353
IQ:11,96,255,335,-30
IQ:12,104,2,-61,-267
IQ:13,112,255,-293,120
IQ:14,120,10,39,307
IQ:15,128,255,269,-177
IQ:16,136,3,-241,-483
IQ:17,144,255,-451,322
IQ:18,152,9,343,558
IQ:19,160,255,405,-320
IQ:20,168,4,-506,-319
IQ:21,176,255,-243,450
IQ:22,184,8,587,169
IQ:23,192,255,70,-525
IQ:24,200,7,-752,133
IQ:25,208,255,-20,686
IQ:26,216,6,399,-36
IQ:27,224,255,-190,-307
IQ:28,232,5,-485,497
IQ:29,240,255,318,536
IQ:30,248,12,124,-142
IQ:31,256,255,-280,-200
IQ:32,264,1,-316,163
IQ:33,272,255,194,262
IQ:34,280,2,168,-203
IQ:35,288,255,-190,-149
SW:2
RR:3
SS:3
FR:2402
ME:359
MA:353
KE:7
KA:197
DF_END

Data arrived...
DF_BEGIN
IQ:0,0,11,47,127
IQ:1,8,11,118,-65
IQ:2,16,11,-74,-119
IQ:3,24,11,-98,89
IQ:4,32,11,107,87
IQ:5,40,11,81,-104
IQ:6,48,11,-113,-70
IQ:7,56,11,-58,121
IQ:8,72,12,22,-107
IQ:9,80,255,-87,-13
IQ:10,88,1,11,105
IQ:11,96,255,86,0
IQ:12,104,2,-15,-70
IQ:13,112,255,-26,25
IQ:14,120,10,166,66
IQ:15,128,255,92,-85
IQ:16,136,3,-75,5
IQ:17,144,255,31,46
IQ:18,152,9,93,-119
IQ:19,160,255,-82,-84
IQ:20,168,4,-46,74
IQ:21,176,255,25,43
IQ:22,184,8,-74,-94
IQ:23,192,255,-86,26
IQ:24,200,7,41,63
IQ:25,208,255,76,-10
IQ:26,216,6,25,-10
IQ:27,224,255,20,-19
IQ:28,232,5,57,-21
IQ:29,240,255,45,-41
IQ:30,248,12,100,-51
IQ:31,256,255,-44,-67
IQ:32,264,1,-74,66
IQ:33,272,255,64,63
IQ:34,280,2,48,-60
IQ:35,288,255,-76,-30
SW:2
RR:3
SS:3
FR:2480
ME:19
MA:181
KE:8
KA:191
DF_END

Data arrived...
DF_BEGIN
IQ:0,0,11,-59,-172
IQ:1,8,11,-176,61
IQ:2,16,11,73,152
IQ:3,24,11,166,-100
IQ:4,32,11,-107,-154
IQ:5,40,11,-136,117
IQ:6,48,11,128,127
IQ:7,56,11,102,-169
IQ:8,72,12,-110,162
IQ:9,80,255,282,185
IQ:10,88,1,342,-167
IQ:11,96,255,-190,-307
IQ:12,104,2,-228,190
IQ:13,112,255,272,205
IQ:14,120,10,259,-196
IQ:15,128,255,-344,-132
IQ:16,136,3,-320,542
IQ:17,144,255,581,245
IQ:18,152,9,350,-650
IQ:19,160,255,-541,-238
IQ:20,168,4,-56,723
IQ:21,176,255,602,16
IQ:22,184,8,-178,-642
IQ:23,192,255,-581,236
IQ:24,200,7,442,778
IQ:25,208,255,687,-318
IQ:26,216,6,-271,-332
IQ:27,224,255,-178,392
IQ:28,232,5,854,192
IQ:29,240,255,342,-674
IQ:30,248,12,-186,-1
IQ:31,256,255,22,373
IQ:32,264,1,325,222
IQ:33,272,255,143,-334
IQ:34,280,2,-296,-74
IQ:35,288,255,-50,234
SW:2
RR:3
SS:3
FR:2402
ME:359
MA:353
KE:7
KA:205
DF_END

Data arrived...
DF_BEGIN
IQ:0,0,11,-168,-50
IQ:1,8,11,-39,167
IQ:2,16,11,171,14
IQ:3,24,11,-3,-175
IQ:4,32,11,-169,36
IQ:5,40,11,45,178
IQ:6,48,11,170,-56
IQ:7,56,11,-77,-163
IQ:8,72,12,95,101
IQ:9,80,255,82,-72
IQ:10,88,1,-110,-87
IQ:11,96,255,-70,91
IQ:12,104,2,85,45
IQ:13,112,255,-6,-61
IQ:14,120,10,-194,117
IQ:15,128,255,35,154
IQ:16,136,3,52,-79
IQ:17,144,255,-70,-4
IQ:18,152,9,64,189
IQ:19,160,255,156,-18
IQ:20,168,4,-43,-118
IQ:21,176,255,-66,-7
IQ:22,184,8,164,-21
IQ:23,192,255,32,-120
IQ:24,200,7,-93,-7
IQ:25,208,255,-49,71
IQ:26,216,6,-12,36
IQ:27,224,255,-8,34
IQ:28,232,5,-35,78
IQ:29,240,255,-3,83
IQ:30,248,12,-53,138
IQ:31,256,255,97,27
IQ:32,264,1,-8,-135
IQ:33,272,255,-117,7
IQ:34,280,2,13,96
IQ:35,288,255,90,-43
SW:2
RR:3
SS:3
FR:2480
ME:19
MA:181
KE:9
KA:195
DF_END

Data arrived...
DF_BEGIN
IQ:0,0,11,154,-106
IQ:1,8,11,-115,-141
IQ:2,16,11,-115,136
IQ:3,24,11,154,114
IQ:4,32,11,82,-160
IQ:5,40,11,-167,-82
IQ:6,48,11,-68,171
IQ:7,56,11,177,52
IQ:8,72,12,-240,32
IQ:9,80,255,20,215
IQ:10,88,1,248,-56
IQ:11,96,255,-25,-227
IQ:12,104,2,-179,69
IQ:13,112,255,73,145
IQ:14,120,10,113,-179
IQ:15,128,255,-129,-109
IQ:16,136,3,28,140
IQ:17,144,255,140,-22
IQ:18,152,9,-34,-143
IQ:19,160,255,-116,11
IQ:20,168,4,123,62
IQ:21,176,255,131,-75
IQ:22,184,8,-31,1
IQ:23,192,255,-29,57
IQ:24,200,7,69,12
IQ:25,208,255,66,-106
IQ:26,216,6,-31,-132
IQ:27,224,255,-115,0
IQ:28,232,5,-10,5
IQ:29,240,255,3,-92
IQ:30,248,12,-168,-183
IQ:31,256,255,-171,137
IQ:32,264,1,178,162
IQ:33,272,255,168,-157
IQ:34,280,2,-150,-117
IQ:35,288,255,-108,160
SW:2
RR:3
SS:3
FR:2426
ME:10
MA:189
KE:9
KA:193
DF_END

Data arrived...
DF_BEGIN
IQ:0,0,11,-183,21
IQ:1,8,11,60,169
IQ:2,16,11,161,-78
IQ:3,24,11,-97,-158
IQ:4,32,11,-139,113
IQ:5,40,11,133,128
IQ:6,48,11,113,-142
IQ:7,56,11,-154,-108
IQ:8,72,12,220,75
IQ:9,80,255,47,-202
IQ:10,88,1,-240,-42
IQ:11,96,255,-30,215
IQ:12,104,2,194,-4
IQ:13,112,255,-16,-147
IQ:14,120,10,-151,141
IQ:15,128,255,98,138
IQ:16,136,3,5,-127
IQ:17,144,255,-138,-36
IQ:18,152,9,-31,143
IQ:19,160,255,107,25
IQ:20,168,4,-86,-101
IQ:21,176,255,-142,15
IQ:22,184,8,28,4
IQ:23,192,255,37,-38
IQ:24,200,7,-54,-33
IQ:25,208,255,-87,68
IQ:26,216,6,-23,124
IQ:27,224,255,103,45
IQ:28,232,5,8,-3
IQ:29,240,255,-48,71
IQ:30,248,12,67,226
IQ:31,256,255,192,-72
IQ:32,264,1,-89,-235
IQ:33,272,255,-199,86
IQ:34,280,2,102,163
IQ:35,288,255,146,-100
SW:2
RR:3
SS:3
FR:2426
ME:7
MA:175
KE:9
KA:188
DF_END

Data arrived...
DF_BEGIN
IQ:0,0,11,-124,27
IQ:1,8,11,32,105
IQ:2,16,11,111,-44
IQ:3,24,11,-52,-101
IQ:4,32,11,-99,53
IQ:5,40,11,90,90
IQ:6,48,11,83,-87
IQ:7,56,11,-88,-73
IQ:8,72,12,104,98
IQ:9,80,255,195,-219
IQ:10,88,1,-52,-313
IQ:11,96,255,-294,89
IQ:12,104,2,90,201
IQ:13,112,255,216,-192
IQ:14,120,10,-107,-287
IQ:15,128,255,-207,234
IQ:16,136,3,324,490
IQ:17,144,255,391,-388
IQ:18,152,9,-509,-477
IQ:19,160,255,-347,444
IQ:20,168,4,615,194
IQ:21,176,255,142,-517
IQ:22,184,8,-622,19
IQ:23,192,255,72,554
IQ:24,200,7,736,-263
IQ:25,208,255,-150,-672
IQ:26,216,6,-357,154
IQ:27,224,255,306,192
IQ:28,232,5,314,-742
IQ:29,240,255,-515,-447
IQ:30,248,12,-17,123
IQ:31,256,255,298,59
IQ:32,264,1,203,-231
IQ:33,272,255,-250,-179
IQ:34,280,2,-113,183
IQ:35,288,255,156,71
SW:2
RR:3
SS:3
FR:2402
ME:2
MA:5
KE:8
KA:189
DF_END

Data arrived...
DF_BEGIN
IQ:0,0,11,-156,45
IQ:1,8,11,68,155
IQ:2,16,11,144,-79
IQ:3,24,11,-113,-123
IQ:4,32,11,-124,113
IQ:5,40,11,124,110
IQ:6,48,11,93,-135
IQ:7,56,11,-142,-85
IQ:8,72,12,129,30
IQ:9,80,255,22,-101
IQ:10,88,1,-130,-10
IQ:11,96,255,-19,105
IQ:12,104,2,80,2
IQ:13,112,255,-24,-23
IQ:14,120,10,-108,200
IQ:15,128,255,103,118
IQ:16,136,3,-5,-85
IQ:17,144,255,-54,39
IQ:18,152,9,161,111
IQ:19,160,255,123,-101
IQ:20,168,4,-81,-68
IQ:21,176,255,-43,23
IQ:22,184,8,141,-89
IQ:23,192,255,-37,-120
IQ:24,200,7,-92,63
IQ:25,208,255,9,92
IQ:26,216,6,6,29
IQ:27,224,255,17,31
IQ:28,232,5,27,84
IQ:29,240,255,51,59
IQ:30,248,12,43,124
IQ:31,256,255,100,-32
IQ:32,264,1,-65,-106
IQ:33,272,255,-102,48
IQ:34,280,2,44,66
IQ:35,288,255,48,-79
SW:2
RR:3
SS:3
FR:2480
ME:19
MA:181
KE:9
KA:186
DF_END

Data arrived...
DF_BEGIN
IQ:0,0,11,-118,124
IQ:1,8,11,129,108
IQ:2,16,11,94,-143
IQ:3,24,11,-152,-73
IQ:4,32,11,-54,163
IQ:5,40,11,167,46
IQ:6,48,11,23,-168
IQ:7,56,11,-167,5
IQ:8,72,12,135,-42
IQ:9,80,255,-27,-99
IQ:10,88,1,-113,64
IQ:11,96,255,47,96
IQ:12,104,2,66,-40
IQ:13,112,255,-40,-9
IQ:14,120,10,-5,235
IQ:15,128,255,151,59
IQ:16,136,3,-52,-76
IQ:17,144,255,-23,67
IQ:18,152,9,204,36
IQ:19,160,255,67,-144
IQ:20,168,4,-106,-11
IQ:21,176,255,-14,54
IQ:22,184,8,82,-153
IQ:23,192,255,-79,-96
IQ:24,200,7,-56,98
IQ:25,208,255,65,93
IQ:26,216,6,33,16
IQ:27,224,255,27,21
IQ:28,232,5,62,68
IQ:29,240,255,84,26
IQ:30,248,12,116,97
IQ:31,256,255,62,-78
IQ:32,264,1,-114,-49
IQ:33,272,255,-42,92
IQ:34,280,2,75,29
IQ:35,288,255,5,-100
SW:2
RR:3
SS:3
FR:2480
ME:19
MA:181
KE:10
KA:185
DF_END

Data arrived...
DF_BEGIN
IQ:0,0,11,139,124
IQ:1,8,11,101,-156
IQ:2,16,11,-170,-89
IQ:3,24,11,-83,172
IQ:4,32,11,183,66
IQ:5,40,11,49,-180
IQ:6,48,11,-187,-17
IQ:7,56,11,9,181
IQ:8,72,12,-77,-226
IQ:9,80,255,-199,62
IQ:10,88,1,109,212
IQ:11,96,255,199,-102
IQ:12,104,2,-107,-152
IQ:13,112,255,-117,92
IQ:14,120,10,201,59
IQ:15,128,255,90,-147
IQ:16,136,3,-90,57
IQ:17,144,255,58,124
IQ:18,152,9,132,-62
IQ:19,160,255,-29,-105
IQ:20,168,4,-18,111
IQ:21,176,255,82,88
IQ:22,184,8,-14,-19
IQ:23,192,255,-51,-18
IQ:24,200,7,5,67
IQ:25,208,255,102,39
IQ:26,216,6,117,-49
IQ:27,224,255,-20,-111
IQ:28,232,5,-20,-18
IQ:29,240,255,74,-10
IQ:30,248,12,137,-196
IQ:31,256,255,-175,-112
IQ:32,264,1,-114,214
IQ:33,272,255,196,108
IQ:34,280,2,72,-169
IQ:35,288,255,-170,-47
SW:2
RR:3
SS:3
FR:2426
ME:7
MA:175
KE:10
KA:182
DF_END

Data arrived...
DF_BEGIN
IQ:0,0,11,-12,137
IQ:1,8,11,143,-7
IQ:2,16,11,-6,-140
IQ:3,24,11,-153,33
IQ:4,32,11,48,144
IQ:5,40,11,129,-78
IQ:6,48,11,-65,-115
IQ:7,56,11,-111,86
IQ:8,72,12,117,-97
IQ:9,80,255,-212,-248
IQ:10,88,1,-335,63
IQ:11,96,255,136,302
IQ:12,104,2,276,-115
IQ:13,112,255,-179,-279
IQ:14,120,10,-294,118
IQ:15,128,255,268,212
IQ:16,136,3,506,-405
IQ:17,144,255,-463,-434
IQ:18,152,9,-491,545
IQ:19,160,255,468,361
IQ:20,168,4,220,-663
IQ:21,176,255,-558,-169
IQ:22,184,8,21,644
IQ:23,192,255,599,-78
IQ:24,200,7,-265,-774
IQ:25,208,255,-714,165
IQ:26,216,6,127,411
IQ:27,224,255,241,-327
IQ:28,232,5,-773,-401
IQ:29,240,255,-507,527
IQ:30,248,12,130,35
IQ:31,256,255,91,-332
IQ:32,264,1,-224,-251
IQ:33,272,255,-226,250
IQ:34,280,2,220,178
IQ:35,288,255,131,-196
SW:2
RR:3
SS:3
FR:2402
ME:2
MA:5
KE:9
KA:181
DF_END

Data arrived...
DF_BEGIN
IQ:0,0,11,140,-92
IQ:1,8,11,-117,-125
IQ:2,16,11,-128,124
IQ:3,24,11,132,109
IQ:4,32,11,87,-155
IQ:5,40,11,-150,-84
IQ:6,48,11,-47,161
IQ:7,56,11,168,37
IQ:8,72,12,-138,3
IQ:9,80,255,9,103
IQ:10,88,1,127,-41
IQ:11,96,255,-17,-106
IQ:12,104,2,-83,30
IQ:13,112,255,38,23
IQ:14,120,10,47,-234
IQ:15,128,255,-140,-91
IQ:16,136,3,22,93
IQ:17,144,255,34,-53
IQ:18,152,9,-193,-71
IQ:19,160,255,-91,140
IQ:20,168,4,105,53
IQ:21,176,255,42,-47
IQ:22,184,8,-129,123
IQ:23,192,255,54,118
IQ:24,200,7,74,-76
IQ:25,208,255,-31,-88
IQ:26,216,6,-25,-31
IQ:27,224,255,-20,-22
IQ:28,232,5,-36,-74
IQ:29,240,255,-65,-52
IQ:30,248,12,-85,-113
IQ:31,256,255,-87,51
IQ:32,264,1,99,83
IQ:33,272,255,74,-85
IQ:34,280,2,-73,-50
IQ:35,288,255,-12,98
SW:2
RR:3
SS:3
FR:2480
ME:19
MA:178
KE:10
KA:180
DF_END

Data arrived...
DF_BEGIN
IQ:0,0,11,111,141
IQ:1,8,11,129,-125
IQ:2,16,11,-132,-115
IQ:3,24,11,-78,150
IQ:4,32,11,159,67
IQ:5,40,11,45,-172
IQ:6,48,11,-177,-35
IQ:7,56,11,-4,173
IQ:8,72,12,-15,-132
IQ:9,80,255,-112,18
IQ:10,88,1,48,122
IQ:11,96,255,103,-26
IQ:12,104,2,-43,-85
IQ:13,112,255,-19,37
IQ:14,120,10,233,18
IQ:15,128,255,78,-150
IQ:16,136,3,-76,45
IQ:17,144,255,57,22
IQ:18,152,9,45,-206
IQ:19,160,255,-148,-91
IQ:20,168,4,-44,102
IQ:21,176,255,45,38
IQ:22,184,8,-141,-95
IQ:23,192,255,-95,75
IQ:24,200,7,82,52
IQ:25,208,255,80,-54
IQ:26,216,6,31,-19
IQ:27,224,255,19,-30
IQ:28,232,5,63,-48
IQ:29,240,255,35,-66
IQ:30,248,12,105,-97
IQ:31,256,255,-70,-77
IQ:32,264,1,-75,96
IQ:33,272,255,91,57
IQ:34,280,2,48,-83
IQ:35,288,255,-95,-12
SW:2
RR:3
SS:3
FR:2480
ME:19
MA:173
KE:11
KA:178
DF_END

Data arrived...
DF_BEGIN
IQ:0,0,11,174,122
IQ:1,8,11,123,-121
IQ:2,16,11,-151,-87
IQ:3,24,11,-131,125
IQ:4,32,11,149,84
IQ:5,40,11,70,-171
IQ:6,48,11,-110,-46
IQ:7,56,11,-8,168
IQ:8,72,12,-50,-224
IQ:9,80,255,-213,20
IQ:10,88,1,34,223
IQ:11,96,255,159,-83
IQ:12,104,2,-32,-197
IQ:13,112,255,-117,68
IQ:14,120,10,161,85
IQ:15,128,255,76,-163
IQ:16,136,3,-103,53
IQ:17,144,255,46,164
IQ:18,152,9,113,-49
IQ:19,160,255,-56,-45
IQ:20,168,4,-76,81
IQ:21,176,255,64,96
IQ:22,184,8,-49,33
IQ:23,192,255,-108,11
IQ:24,200,7,-14,30
IQ:25,208,255,110,56
IQ:26,216,6,75,-23
IQ:27,224,255,-19,-91
IQ:28,232,5,13,-2
IQ:29,240,255,62,-33
IQ:30,248,12,178,-141
IQ:31,256,255,-124,-131
IQ:32,264,1,-172,188
IQ:33,272,255,175,119
IQ:34,280,2,97,-169
IQ:35,288,255,-156,-34
SW:2
RR:3
SS:3
FR:2426
ME:13
MA:187
KE:11
KA:180
DF_END

Data arrived...
DF_BEGIN
IQ:0,0,11,6,-180
IQ:1,8,11,-161,32
IQ:2,16,11,78,174
IQ:3,24,11,164,-60
IQ:4,32,11,-84,-157
IQ:5,40,11,-155,90
IQ:6,48,11,108,152
IQ:7,56,11,131,-130
IQ:8,72,12,-151,98
IQ:9,80,255,163,275
IQ:10,88,1,342,-18
IQ:11,96,255,-82,-346
IQ:12,104,2,-272,83
IQ:13,112,255,165,259
IQ:14,120,10,299,-69
IQ:15,128,255,-245,-236
IQ:16,136,3,-532,366
IQ:17,144,255,419,445
IQ:18,152,9,544,-467
IQ:19,160,255,-405,-380
IQ:20,168,4,-306,639
IQ:21,176,255,536,250
IQ:22,184,8,92,-606
IQ:23,192,255,-605,12
IQ:24,200,7,148,819
IQ:25,208,255,728,-31
IQ:26,216,6,-114,-413
IQ:27,224,255,-270,296
IQ:28,232,5,723,466
IQ:29,240,255,574,-479
IQ:30,248,12,-150,-55
IQ:31,256,255,-114,343
IQ:32,264,1,208,266
IQ:33,272,255,191,-260
IQ:34,280,2,-217,-175
IQ:35,288,255,-120,179
SW:2
RR:3
SS:3
FR:2402
ME:359
MA:353
KE:10
KA:181
DF_END

Data arrived...
DF_BEGIN
IQ:0,0,11,168,49
IQ:1,8,11,25,-174
IQ:2,16,11,-178,-28
IQ:3,24,11,-21,179
IQ:4,32,11,174,-25
IQ:5,40,11,-31,-178
IQ:6,48,11,-168,57
IQ:7,56,11,68,166
IQ:8,72,12,-101,-108
IQ:9,80,255,-68,76
IQ:10,88,1,112,75
IQ:11,96,255,71,-76
IQ:12,104,2,-75,-26
IQ:13,112,255,19,43
IQ:14,120,10,221,-97
IQ:15,128,255,-19,-159
IQ:16,136,3,-36,89
IQ:17,144,255,84,-15
IQ:18,152,9,-49,-222
IQ:19,160,255,-170,-11
IQ:20,168,4,33,102
IQ:21,176,255,54,-9
IQ:22,184,8,-178,-11
IQ:23,192,255,-42,127
IQ:24,200,7,119,14
IQ:25,208,255,62,-84
IQ:26,216,6,9,-34
IQ:27,224,255,0,-32
IQ:28,232,5,35,-88
IQ:29,240,255,-12,-90
IQ:30,248,12,37,-146
IQ:31,256,255,-103,-29
IQ:32,264,1,10,121
IQ:33,272,255,109,-1
IQ:34,280,2,-12,-75
IQ:35,288,255,-83,48
SW:2
RR:3
SS:3
FR:2480
ME:19
MA:184
KE:11
KA:182
DF_END

Data arrived...
DF_BEGIN
IQ:0,0,11,-156,-91
IQ:1,8,11,-85,152
IQ:2,16,11,166,62
IQ:3,24,11,43,-174
IQ:4,32,11,-179,-24
IQ:5,40,11,-8,180
IQ:6,48,11,179,-5
IQ:7,56,11,-31,-172
IQ:8,72,12,97,202
IQ:9,80,255,175,-101
IQ:10,88,1,-137,-198
IQ:11,96,255,-183,111
IQ:12,104,2,118,139
IQ:13,112,255,102,-99
IQ:14,120,10,-209,-35
IQ:15,128,255,-59,154
IQ:16,136,3,92,-82
IQ:17,144,255,-76,-107
IQ:18,152,9,-109,97
IQ:19,160,255,55,92
IQ:20,168,4,0,-133
IQ:21,176,255,-108,-74
IQ:22,184,8,27,30
IQ:23,192,255,57,-3
IQ:24,200,7,-26,-51
IQ:25,208,255,-103,-8
IQ:26,216,6,-99,66
IQ:27,224,255,38,95
IQ:28,232,5,5,12
IQ:29,240,255,-77,24
IQ:30,248,12,-125,187
IQ:31,256,255,169,95
IQ:32,264,1,91,-222
IQ:33,272,255,-192,-89
IQ:34,280,2,-42,178
IQ:35,288,255,170,27
SW:2
RR:3
SS:3
FR:2426
ME:16
MA:192
KE:11
KA:183
DF_END

Data arrived...