KE:10
KA:207
DF_END

Data arrived...
DF_BEGIN
IQ:0,0,11,176,22
IQ:1,8,11,0,-177
IQ:2,16,11,-177,11
IQ:3,24,11,31,170
IQ:4,32,11,164,-55
IQ:5,40,11,-68,-160
IQ:6,48,11,-156,85
IQ:7,56,11,98,154
IQ:8,72,12,-111,-72
IQ:9,80,255,-67,84
IQ:10,88,1,104,53
IQ:11,96,255,53,-82
IQ:12,104,2,-75,-34
IQ:13,112,255,21,22
IQ:14,120,10,192,-150
IQ:15,128,255,-49,-158
IQ:16,136,3,-33,76
IQ:17,144,255,66,-22
IQ:18,152,9,-91,-197
IQ:19,160,255,-177,33
IQ:20,168,4,33,106
IQ:21,176,255,52,-8
IQ:22,184,8,-180,12
IQ:23,192,255,-29,128
IQ:24,200,7,124,-20
IQ:25,208,255,15,-112
IQ:26,216,6,1,-30
IQ:27,224,255,1,-24
IQ:28,232,5,16,-82
IQ:29,240,255,-30,-73
IQ:30,248,12,-4,-134
IQ:31,256,255,-96,7
IQ:32,264,1,29,108
IQ:33,272,255,105,-5
IQ:34,280,2,-11,-78
IQ:35,288,255,-72,43
SW:2
RR:3
SS:3
FR:2480
ME:19
MA:181
KE:11
KA:199
DF_END

Data arrived...
DF_BEGIN
IQ:0,0,11,-149,51
IQ:1,8,11,65,143
IQ:2,16,11,144,-80
IQ:3,24,11,-95,-128
IQ:4,32,11,-107,115
IQ:5,40,11,129,107
IQ:6,48,11,105,-121
IQ:7,56,11,-126,-89
IQ:8,72,12,195,40
IQ:9,80,255,23,-188
IQ:10,88,1,-232,-33
IQ:11,96,255,-35,194
IQ:12,104,2,183,-12
IQ:13,112,255,-19,-133
IQ:14,120,10,-137,137
IQ:15,128,255,99,117
IQ:16,136,3,-14,-132
IQ:17,144,255,-136,-8
IQ:18,152,9,0,129
IQ:19,160,255,106,5
IQ:20,168,4,-105,-82
IQ:21,176,255,-128,37
IQ:22,184,8,44,-9
IQ:23,192,255,22,-58
IQ:24,200,7,-70,-16
IQ:25,208,255,-71,79
IQ:26,216,6,-7,106
IQ:27,224,255,86,27
IQ:28,232,5,0,12
IQ:29,240,255,-19,79
IQ:30,248,12,82,185
IQ:31,256,255,156,-89
IQ:32,264,1,-119,-208
IQ:33,272,255,-183,88
IQ:34,280,2,103,144
IQ:35,288,255,131,-106
SW:2
RR:3
SS:3
FR:2426
ME:16
MA:192
KE:12
KA:197
DF_END

Data arrived...
DF_BEGIN
IQ:0,0,11,126,118
IQ:1,8,11,99,-142
IQ:2,16,11,-164,-75
IQ:3,24,11,-71,148
IQ:4,32,11,155,46
IQ:5,40,11,15,-172
IQ:6,48,11,-167,-16
IQ:7,56,11,1,178
IQ:8,72,12,-57,-158
IQ:9,80,255,-276,18
IQ:10,88,1,-115,183
IQ:11,96,255,215,60
IQ:12,104,2,66,-180
IQ:13,112,255,-211,-12
IQ:14,120,10,-45,228
IQ:15,128,255,270,-80
IQ:16,136,3,58,-471
IQ:17,144,255,-411,35
IQ:18,152,9,98,505
IQ:19,160,255,407,-107
IQ:20,168,4,-258,-462
IQ:21,176,255,-360,211
IQ:22,184,8,370,298
IQ:23,192,255,255,-363
IQ:24,200,7,-535,-231
IQ:25,208,255,-259,431
IQ:26,216,6,291,99
IQ:27,224,255,-77,-306
IQ:28,232,5,-591,175
IQ:29,240,255,28,509
IQ:30,248,12,104,-130
IQ:31,256,255,-155,-235
IQ:32,264,1,-218,17
IQ:33,272,255,57,214
IQ:34,280,2,166,-52
IQ:35,288,255,-73,-111
SW:2
RR:3
SS:3
FR:2402
ME:2
MA:5
KE:11
KA:201
DF_END

Data arrived...
DF_BEGIN
IQ:0,0,11,98,136
IQ:1,8,11,124,-129
IQ:2,16,11,-126,-115
IQ:3,24,11,-101,137
IQ:4,32,11,151,87
IQ:5,40,11,73,-160
IQ:6,48,11,-164,-68
IQ:7,56,11,-53,162
IQ:8,72,12,-14,-132
IQ:9,80,255,-96,13
IQ:10,88,1,43,110
IQ:11,96,255,104,-18
IQ:12,104,2,-26,-70
IQ:13,112,255,-6,31
IQ:14,120,10,234,40
IQ:15,128,255,73,-146
IQ:16,136,3,-68,49
IQ:17,144,255,81,28
IQ:18,152,9,85,-203
IQ:19,160,255,-130,-106
IQ:20,168,4,-30,86
IQ:21,176,255,43,19
IQ:22,184,8,-113,-119
IQ:23,192,255,-102,67
IQ:24,200,7,113,73
IQ:25,208,255,107,-59
IQ:26,216,6,16,-14
IQ:27,224,255,25,-22
IQ:28,232,5,76,-55
IQ:29,240,255,27,-78
IQ:30,248,12,104,-92
IQ:31,256,255,-57,-74
IQ:32,264,1,-59,85
IQ:33,272,255,78,54
IQ:34,280,2,43,-71
IQ:35,288,255,-90,-16
SW:2
RR:3
SS:3
FR:2480
ME:19
MA:187
KE:12
KA:197
DF_END

Data arrived...
DF_BEGIN
IQ:0,0,11,-128,135
IQ:1,8,11,136,120
IQ:2,16,11,110,-152
IQ:3,24,11,-157,-92
IQ:4,32,11,-72,168
IQ:5,40,11,174,54
IQ:6,48,11,40,-179
IQ:7,56,11,-184,-23
IQ:8,72,12,224,-52
IQ:9,80,255,-49,-206
IQ:10,88,1,-233,71
IQ:11,96,255,67,205
IQ:12,104,2,167,-77
IQ:13,112,255,-73,-133
IQ:14,120,10,-84,197
IQ:15,128,255,151,92
IQ:16,136,3,-45,-132
IQ:17,144,255,-139,33
IQ:18,152,9,50,143
IQ:19,160,255,127,-24
IQ:20,168,4,-110,-72
IQ:21,176,255,-124,60
IQ:22,184,8,34,-11
IQ:23,192,255,17,-60
IQ:24,200,7,-73,10
IQ:25,208,255,-40,110
IQ:26,216,6,46,119
IQ:27,224,255,111,-16
IQ:28,232,5,-8,-13
IQ:29,240,255,-11,90
IQ:30,248,12,160,156
IQ:31,256,255,124,-162
IQ:32,264,1,-200,-147
IQ:33,272,255,-136,166
IQ:34,280,2,156,99
IQ:35,288,255,79,-164
SW:2
RR:3
SS:3
FR:2426
ME:7
MA:161
KE:11
KA:188
DF_END

Data arrived...
DF_BEGIN
IQ:0,0,11,17,-163
IQ:1,8,11,-157,3
IQ:2,16,11,10,162
IQ:3,24,11,157,-36
IQ:4,32,11,-50,-159
IQ:5,40,11,-149,63
IQ:6,48,11,81,136
IQ:7,56,11,142,-101
IQ:8,72,12,-63,94
IQ:9,80,255,83,51
IQ:10,88,1,45,-104
IQ:11,96,255,-79,-54
IQ:12,104,2,-24,71
IQ:13,112,255,26,-25
IQ:14,120,10,-133,-209
IQ:15,128,255,-150,44
IQ:16,136,3,88,22
IQ:17,144,255,-25,-87
IQ:18,152,9,-208,74
IQ:19,160,255,27,172
IQ:20,168,4,107,-42
IQ:21,176,255,-10,-56
IQ:22,184,8,-6,177
IQ:23,192,255,124,37
IQ:24,200,7,-20,-141
IQ:25,208,255,-123,-36
IQ:26,216,6,-26,5
IQ:27,224,255,-17,-4
IQ:28,232,5,-84,-21
IQ:29,240,255,-75,25
IQ:30,248,12,-128,-6
IQ:31,256,255,2,83
IQ:32,264,1,105,-25
IQ:33,272,255,-8,-99
IQ:34,280,2,-76,15
IQ:35,288,255,50,65
SW:2
RR:3
SS:3
FR:2480
ME:19
MA:184
KE:12
KA:187
DF_END

Data arrived...
DF_BEGIN
IQ:0,0,11,-129,139
IQ:1,8,11,133,148
IQ:2,16,11,103,-139
IQ:3,24,11,-133,-119
IQ:4,32,11,-68,130
IQ:5,40,11,159,27
IQ:6,48,11,52,-151
IQ:7,56,11,-206,-32
IQ:8,72,12,213,-27
IQ:9,80,255,-31,-168
IQ:10,88,1,-268,53
IQ:11,96,255,73,204
IQ:12,104,2,165,-102
IQ:13,112,255,-20,-126
IQ:14,120,10,-36,186
IQ:15,128,255,156,47
IQ:16,136,3,-38,-79
IQ:17,144,255,-114,60
IQ:18,152,9,90,86
IQ:19,160,255,124,-14
IQ:20,168,4,-101,-48
IQ:21,176,255,-109,59
IQ:22,184,8,-11,-24
IQ:23,192,255,9,-19
IQ:24,200,7,-61,-28
IQ:25,208,255,-45,53
IQ:26,216,6,54,120
IQ:27,224,255,119,-37
IQ:28,232,5,23,-21
IQ:29,240,255,3,37
IQ:30,248,12,179,191
IQ:31,256,255,147,-169
IQ:32,264,1,-187,-146
IQ:33,272,255,-79,156
IQ:34,280,2,164,85
IQ:35,288,255,34,-181
SW:2
RR:3
SS:3
FR:2426
ME:7
MA:161
KE:11
KA:181
DF_END

Data arrived...
DF_BEGIN
IQ:0,0,11,127,81
IQ:1,8,11,68,-141
IQ:2,16,11,-140,-57
IQ:3,24,11,-53,143
IQ:4,32,11,151,27
IQ:5,40,11,24,-158
IQ:6,48,11,-150,-4
IQ:7,56,11,16,134
IQ:8,72,12,-57,-130
IQ:9,80,255,-237,49
IQ:10,88,1,-80,205
IQ:11,96,255,215,40
IQ:12,104,2,60,-183
IQ:13,112,255,-216,-13
IQ:14,120,10,-22,221
IQ:15,128,255,256,-92
IQ:16,136,3,-8,-444
IQ:17,144,255,-413,73
IQ:18,152,9,62,495
IQ:19,160,255,373,-112
IQ:20,168,4,-290,-424
IQ:21,176,255,-334,214
IQ:22,184,8,369,271
IQ:23,192,255,197,-377
IQ:24,200,7,-563,-157
IQ:25,208,255,-230,447
IQ:26,216,6,294,58
IQ:27,224,255,-89,-285
IQ:28,232,5,-555,210
IQ:29,240,255,45,488
IQ:30,248,12,74,-121
IQ:31,256,255,-182,-186
IQ:32,264,1,-219,36
IQ:33,272,255,86,208
IQ:34,280,2,176,-59
IQ:35,288,255,-73,-122
SW:2
RR:3
SS:3
FR:2402
ME:2
MA:5
KE:10
KA:180
DF_END

Data arrived...
DF_BEGIN
IQ:0,0,11,5,-154
IQ:1,8,11,-151,4
IQ:2,16,11,1,146
IQ:3,24,11,147,-37
IQ:4,32,11,-59,-141
IQ:5,40,11,-138,61
IQ:6,48,11,80,129
IQ:7,56,11,124,-92
IQ:8,72,12,-62,89
IQ:9,80,255,68,47
IQ:10,88,1,47,-90
IQ:11,96,255,-67,-48
IQ:12,104,2,-37,58
IQ:13,112,255,10,-10
IQ:14,120,10,-153,-168
IQ:15,128,255,-146,49
IQ:16,136,3,75,16
IQ:17,144,255,-46,-51
IQ:18,152,9,-187,130
IQ:19,160,255,58,159
IQ:20,168,4,101,-52
IQ:21,176,255,-15,-44
IQ:22,184,8,31,180
IQ:23,192,255,131,6
IQ:24,200,7,-52,-125
IQ:25,208,255,-117,-1
IQ:26,216,6,-14,0
IQ:27,224,255,-21,-16
IQ:28,232,5,-100,-15
IQ:29,240,255,-74,40
IQ:30,248,12,-113,-8
IQ:31,256,255,-11,72
IQ:32,264,1,96,-8
IQ:33,272,255,-10,-89
IQ:34,280,2,-73,-4
IQ:35,288,255,38,58
SW:2
RR:3
SS:3
FR:2480
ME:19
MA:173
KE:11
KA:177
DF_END

Data arrived...
DF_BEGIN
IQ:0,0,11,2,-152
IQ:1,8,11,-150,23
IQ:2,16,11,27,148
IQ:3,24,11,139,-52
IQ:4,32,11,-73,-139
IQ:5,40,11,-132,74
IQ:6,48,11,92,111
IQ:7,56,11,103,-108
IQ:8,72,12,-54,92
IQ:9,80,255,68,43
IQ:10,88,1,39,-92
IQ:11,96,255,-73,-41
IQ:12,104,2,-33,64
IQ:13,112,255,7,-11
IQ:14,120,10,-166,-159
IQ:15,128,255,-135,60
IQ:16,136,3,76,1
IQ:17,144,255,-50,-53
IQ:18,152,9,-174,139
IQ:19,160,255,68,156
IQ:20,168,4,91,-56
IQ:21,176,255,-22,-42
IQ:22,184,8,44,177
IQ:23,192,255,126,-15
IQ:24,200,7,-63,-115
IQ:25,208,255,-112,1
IQ:26,216,6,-12,6
IQ:27,224,255,-27,-15
IQ:28,232,5,-108,0
IQ:29,240,255,-69,51
IQ:30,248,12,-109,3
IQ:31,256,255,1,78
IQ:32,264,1,91,-20
IQ:33,272,255,-9,-86
IQ:34,280,2,-72,12
IQ:35,288,255,45,52
SW:2
RR:3
SS:3
FR:2480
ME:19
MA:173
KE:12
KA:176
DF_END

Data arrived...
DF_BEGIN
IQ:0,0,11,-84,-118
IQ:1,8,11,-112,92
IQ:2,16,11,99,114
IQ:3,24,11,95,-107
IQ:4,32,11,-121,-81
IQ:5,40,11,-80,121
IQ:6,48,11,133,54
IQ:7,56,11,40,-142
IQ:8,72,12,7,179
IQ:9,80,255,161,-23
IQ:10,88,1,-45,-204
IQ:11,96,255,-174,24
IQ:12,104,2,47,147
IQ:13,112,255,107,-53
IQ:14,120,10,-141,-76
IQ:15,128,255,-83,99
IQ:16,136,3,88,-34
IQ:17,144,255,-21,-112
IQ:18,152,9,-113,9
IQ:19,160,255,-2,84
IQ:20,168,4,32,-91
IQ:21,176,255,-55,-93
IQ:22,184,8,3,10
IQ:23,192,255,30,17
IQ:24,200,7,1,-51
IQ:25,208,255,-77,-46
IQ:26,216,6,-106,25
IQ:27,224,255,-12,96
IQ:28,232,5,8,15
IQ:29,240,255,-62,-13
IQ:30,248,12,-155,109
IQ:31,256,255,101,126
IQ:32,264,1,158,-130
IQ:33,272,255,-113,-136
IQ:34,280,2,-87,119
IQ:35,288,255,124,74
SW:2
RR:3
SS:3
FR:2426
ME:10
MA:189
KE:11
KA:177
DF_END

Data arrived...
DF_BEGIN
IQ:0,0,11,3,172
IQ:1,8,11,174,-28
IQ:2,16,11,-44,-171
IQ:3,24,11,-158,42
IQ:4,32,11,66,157
IQ:5,40,11,156,-92
IQ:6,48,11,-84,-157
IQ:7,56,11,-149,96
IQ:8,72,12,99,-122
IQ:9,80,255,-157,-231
IQ:10,88,1,-259,3
IQ:11,96,255,45,251
IQ:12,104,2,238,-43
IQ:13,112,255,-107,-213
IQ:14,120,10,-226,95
IQ:15,128,255,235,203
IQ:16,136,3,451,-284
IQ:17,144,255,-295,-419
IQ:18,152,9,-456,340
IQ:19,160,255,336,285
IQ:20,168,4,248,-546
IQ:21,176,255,-432,-195
IQ:22,184,8,-77,548
IQ:23,192,255,498,16
IQ:24,200,7,-102,-677
IQ:25,208,255,-603,4
IQ:26,216,6,65,333
IQ:27,224,255,252,-252
IQ:28,232,5,-578,-417
IQ:29,240,255,-491,349
IQ:30,248,12,147,9
IQ:31,256,255,83,-279
IQ:32,264,1,-149,-205
IQ:33,272,255,-167,196
IQ:34,280,2,187,171
IQ:35,288,255,101,-135
SW:2
RR:3
SS:3
FR:2402
ME:359
MA:353
KE:10
KA:178
DF_END

Data arrived...
DF_BEGIN
IQ:0,0,11,65,136
IQ:1,8,11,135,-73
IQ:2,16,11,-84,-122
IQ:3,24,11,-100,116
IQ:4,32,11,116,107
IQ:5,40,11,88,-122
IQ:6,48,11,-137,-65
IQ:7,56,11,-55,140
IQ:8,72,12,5,-104
IQ:9,80,255,-85,-5
IQ:10,88,1,0,107
IQ:11,96,255,83,16
IQ:12,104,2,5,-77
IQ:13,112,255,-14,15
IQ:14,120,10,211,59
IQ:15,128,255,86,-122
IQ:16,136,3,-74,20
IQ:17,144,255,55,26
IQ:18,152,9,86,-194
IQ:19,160,255,-133,-97
IQ:20,168,4,-57,103
IQ:21,176,255,35,36
IQ:22,184,8,-127,-133
IQ:23,192,255,-108,73
IQ:24,200,7,102,71
IQ:25,208,255,87,-49
IQ:26,216,6,13,-5
IQ:27,224,255,40,3
IQ:28,232,5,97,-50
IQ:29,240,255,38,-70
IQ:30,248,12,102,-40
IQ:31,256,255,-31,-70
IQ:32,264,1,-80,61
IQ:33,272,255,42,85
IQ:34,280,2,65,-30
IQ:35,288,255,-60,-41
SW:2
RR:3
SS:3
FR:2480
ME:21
MA:178
KE:11
KA:177
DF_END

Data arrived...
DF_BEGIN
IQ:0,0,11,97,-114
IQ:1,8,11,-115,-89
IQ:2,16,11,-68,127
IQ:3,24,11,139,57
IQ:4,32,11,50,-140
IQ:5,40,11,-146,-40
IQ:6,48,11,-18,142
IQ:7,56,11,144,-4
IQ:8,72,12,-164,75
IQ:9,80,255,78,144
IQ:10,88,1,186,-102
IQ:11,96,255,-68,-161
IQ:12,104,2,-115,87
IQ:13,112,255,86,78
IQ:14,120,10,25,-157
IQ:15,128,255,-120,-50
IQ:16,136,3,57,78
IQ:17,144,255,101,-55
IQ:18,152,9,-48,-104
IQ:19,160,255,-83,27
IQ:20,168,4,98,5
IQ:21,176,255,79,-71
IQ:22,184,8,-15,4
IQ:23,192,255,-5,37
IQ:24,200,7,54,-8
IQ:25,208,255,24,-83
IQ:26,216,6,-50,-84
IQ:27,224,255,-90,21
IQ:28,232,5,-14,6
IQ:29,240,255,-7,-63
IQ:30,248,12,-151,-112
IQ:31,256,255,-91,136
IQ:32,264,1,174,100
IQ:33,272,255,95,-146
IQ:34,280,2,-142,-47
IQ:35,288,255,-36,139
SW:2
RR:3
SS:3
FR:2426
ME:13
MA:195
KE:11
KA:181
DF_END

Data arrived...
DF_BEGIN
IQ:0,0,11,-98,151
IQ:1,8,11,161,77
IQ:2,16,11,55,-180
IQ:3,24,11,-178,-37
IQ:4,32,11,-20,179
IQ:5,40,11,188,8
IQ:6,48,11,-1,-188
IQ:7,56,11,-181,18
IQ:8,72,12,200,-99
IQ:9,80,255,-106,-179
IQ:10,88,1,-211,145
IQ:11,96,255,111,188
IQ:12,104,2,123,-145
IQ:13,112,255,-115,-94
IQ:14,120,10,1,207
IQ:15,128,255,159,33
IQ:16,136,3,-89,-89
IQ:17,144,255,-119,88
IQ:18,152,9,79,120
IQ:19,160,255,97,-49
IQ:20,168,4,-127,9
IQ:21,176,255,-73,106
IQ:22,184,8,10,-11
IQ:23,192,255,5,-46
IQ:24,200,7,-64,23
IQ:25,208,255,-5,111
IQ:26,216,6,83,96
IQ:27,224,255,102,-42
IQ:28,232,5,14,-16
IQ:29,240,255,20,70
IQ:30,248,12,201,98
IQ:31,256,255,68,-184
IQ:32,264,1,-241,-79
IQ:33,272,255,-86,200
IQ:34,280,2,180,41
IQ:35,288,255,23,-180
SW:2
RR:3
SS:3
FR:2426
ME:13
MA:189
KE:11
KA:182
DF_END

Data arrived...
DF_BEGIN
IQ:0,0,11,10,-169
IQ:1,8,11,-179,8
IQ:2,16,11,15,184
IQ:3,24,11,170,-43
IQ:4,32,11,-59,-168
IQ:5,40,11,-158,79
IQ:6,48,11,97,146
IQ:7,56,11,139,-109
IQ:8,72,12,-101,136
IQ:9,80,255,185,201
IQ:10,88,1,228,-34
IQ:11,96,255,-98,-217
IQ:12,104,2,-204,78
IQ:13,112,255,140,181
IQ:14,120,10,208,-131
IQ:15,128,255,-239,-175
IQ:16,136,3,-382,277
IQ:17,144,255,292,320
IQ:18,152,9,380,-353
IQ:19,160,255,-325,-251
IQ:20,168,4,-201,481
IQ:21,176,255,399,152
IQ:22,184,8,-16,-481
IQ:23,192,255,-456,45
IQ:24,200,7,142,584
IQ:25,208,255,534,-76
IQ:26,216,6,-105,-314
IQ:27,224,255,-222,232
IQ:28,232,5,533,324
IQ:29,240,255,388,-343
IQ:30,248,12,-155,-5
IQ:31,256,255,-88,277
IQ:32,264,1,161,179
IQ:33,272,255,142,-188
IQ:34,280,2,-169,-127
IQ:35,288,255,-59,152
SW:2
RR:3
SS:3
FR:2402
ME:2
MA:5
KE:10
KA:181
DF_END

Data arrived...
DF_BEGIN
IQ:0,0,11,150,79
IQ:1,8,11,75,-149
IQ:2,16,11,-153,-46
IQ:3,24,11,-28,156
IQ:4,32,11,166,17
IQ:5,40,11,-1,-159
IQ:6,48,11,-159,13
IQ:7,56,11,35,164
IQ:8,72,12,-65,-102
IQ:9,80,255,-84,41
IQ:10,88,1,71,80
IQ:11,96,255,73,-57
IQ:12,104,2,-47,-55
IQ:13,112,255,6,27
IQ:14,120,10,225,-67
IQ:15,128,255,2,-156
IQ:16,136,3,-56,65
IQ:17,144,255,69,-16
IQ:18,152,9,-46,-214
IQ:19,160,255,-169,-22
IQ:20,168,4,10,110
IQ:21,176,255,49,4
IQ:22,184,8,-168,-36
IQ:23,192,255,-51,120
IQ:24,200,7,131,16
IQ:25,208,255,50,-102
IQ:26,216,6,8,-18
IQ:27,224,255,19,-28
IQ:28,232,5,46,-84
IQ:29,240,255,-5,-80
IQ:30,248,12,52,-114
IQ:31,256,255,-75,-34
IQ:32,264,1,-23,108
IQ:33,272,255,86,26
IQ:34,280,2,24,-68
IQ:35,288,255,-76,9
SW:2
RR:3
SS:3
FR:2480
ME:19
MA:178
KE:11
KA:180
DF_END

Data arrived...
DF_BEGIN
IQ:0,0,11,-137,-113
IQ:1,8,11,-91,145
IQ:2,16,11,154,78
IQ:3,24,11,62,-158
IQ:4,32,11,-177,-37
IQ:5,40,11,-28,171
IQ:6,48,11,171,3
IQ:7,56,11,-19,-173
IQ:8,72,12,80,205
IQ:9,80,255,181,-83
IQ:10,88,1,-114,-217
IQ:11,96,255,-187,88
IQ:12,104,2,112,151
IQ:13,112,255,114,-88
IQ:14,120,10,-186,-32
IQ:15,128,255,-55,143
IQ:16,136,3,97,-80
IQ:17,144,255,-73,-126
IQ:18,152,9,-113,71
IQ:19,160,255,61,90
IQ:20,168,4,19,-132
IQ:21,176,255,-92,-83
IQ:22,184,8,25,19
IQ:23,192,255,47,-6
IQ:24,200,7,-30,-67
IQ:25,208,255,-107,-23
IQ:26,216,6,-100,55
IQ:27,224,255,27,95
IQ:28,232,5,2,7
IQ:29,240,255,-76,21
IQ:30,248,12,-130,176
IQ:31,256,255,165,81
IQ:32,264,1,107,-217
IQ:33,272,255,-181,-111
IQ:34,280,2,-61,177
IQ:35,288,255,162,50
SW:2
RR:3
SS:3
FR:2426
ME:16
MA:187
KE:12
KA:181
DF_END

Data arrived...
DF_BEGIN
IQ:0,0,11,-86,-123
IQ:1,8,11,-118,89
IQ:2,16,11,109,101
IQ:3,24,11,90,-120
IQ:4,32,11,-135,-80
IQ:5,40,11,-74,138
IQ:6,48,11,131,70
IQ:7,56,11,39,-148
IQ:8,72,12,0,137
IQ:9,80,255,227,38
IQ:10,88,1,133,-164
IQ:11,96,255,-181,-109
IQ:12,104,2,-101,163
IQ:13,112,255,184,59
IQ:14,120,10,68,-205
IQ:15,128,255,-256,-4
IQ:16,136,3,-116,382
IQ:17,144,255,355,47
IQ:18,152,9,50,-430
IQ:19,160,255,-351,15
IQ:20,168,4,131,412
IQ:21,176,255,337,-129
IQ:22,184,8,-235,-343
IQ:23,192,255,-277,254
IQ:24,200,7,387,311
IQ:25,208,255,304,-328
IQ:26,216,6,-239,-141
IQ:27,224,255,-26,276
IQ:28,232,5,508,-32
IQ:29,240,255,60,-425
IQ:30,248,12,-101,70
IQ:31,256,255,97,220
IQ:32,264,1,202,44
IQ:33,272,255,1,-195
IQ:34,280,2,-193,3
IQ:35,288,255,30,134
SW:2
RR:3
SS:3
FR:2402
ME:2
MA:5
KE:11
KA:181
DF_END

Data arrived...
DF_BEGIN
IQ:0,0,11,-89,-136
IQ:1,8,11,-139,79
IQ:2,16,11,97,130
IQ:3,24,11,112,-110
IQ:4,32,11,-124,-104
IQ:5,40,11,-97,128
IQ:6,48,11,132,88
IQ:7,56,11,64,-149
IQ:8,72,12,-14,118
IQ:9,80,255,90,12
IQ:10,88,1,-9,-110
IQ:11,96,255,-89,-10
IQ:12,104,2,-7,65
IQ:13,112,255,18,-16
IQ:14,120,10,-208,-88
IQ:15,128,255,-105,109
IQ:16,136,3,76,-26
IQ:17,144,255,-60,-35
IQ:18,152,9,-122,189
IQ:19,160,255,121,112
IQ:20,168,4,53,-90
IQ:21,176,255,-26,-32
IQ:22,184,8,122,123
IQ:23,192,255,104,-62
IQ:24,200,7,-100,-84
IQ:25,208,255,-102,44
IQ:26,216,6,-18,4
IQ:27,224,255,-35,4
IQ:28,232,5,-87,44
IQ:29,240,255,-30,70
IQ:30,248,12,-107,58
IQ:31,256,255,40,76
IQ:32,264,1,84,-68
IQ:33,272,255,-47,-80
IQ:34,280,2,-63,42
IQ:35,288,255,69,39
SW:2
RR:3
SS:3
FR:2480
ME:21
MA:184
KE:12
KA:181
DF_END

Data arrived...
DF_BEGIN
IQ:0,0,11,38,159
IQ:1,8,11,152,-58
IQ:2,16,11,-81,-142
IQ:3,24,11,-138,92
IQ:4,32,11,107,117
IQ:5,40,11,110,-120
IQ:6,48,11,-126,-102
IQ:7,56,11,-87,140
IQ:8,72,12,28,-114
IQ:9,80,255,-92,-24
IQ:10,88,1,-10,101
IQ:11,96,255,89,16
IQ:12,104,2,11,-76
IQ:13,112,255,-21,16
IQ:14,120,10,199,113
IQ:15,128,255,116,-102
IQ:16,136,3,-72,11
IQ:17,144,255,50,40
IQ:18,152,9,131,-171
IQ:19,160,255,-104,-135
IQ:20,168,4,-70,81
IQ:21,176,255,27,41
IQ:22,184,8,-112,-142
IQ:23,192,255,-122,54
IQ:24,200,7,82,96
IQ:25,208,255,103,-32
IQ:26,216,6,15,-7
IQ:27,224,255,32,-3
IQ:28,232,5,95,-29
IQ:29,240,255,50,-62
IQ:30,248,12,111,-37
IQ:31,256,255,-23,-83
IQ:32,264,1,-86,58
IQ:33,272,255,39,85
IQ:34,280,2,69,-29
IQ:35,288,255,-56,-55
SW:2
RR:3
SS:3
FR:2480
ME:19
MA:173
KE:12
KA:180
DF_END