IQ:20,168,4,-92,59
IQ:21,176,255,18,52
IQ:22,184,8,-30,-164
IQ:23,192,255,-130,-9
IQ:24,200,7,16,129
IQ:25,208,255,107,33
IQ:26,216,6,24,-2
IQ:27,224,255,31,5
IQ:28,232,5,97,12
IQ:29,240,255,71,-32
IQ:30,248,12,135,17
IQ:31,256,255,1,-93
IQ:32,264,1,-112,30
IQ:33,272,255,13,103
IQ:34,280,2,81,-8
IQ:35,288,255,-46,-83
SW:2
RR:3
SS:3
FR:2480
ME:19
MA:181
KE:11
KA:175
DF_END

Data arrived...
DF_BEGIN
IQ:0,0,11,181,-5
IQ:1,8,11,6,-170
IQ:2,16,11,-173,32
IQ:3,24,11,43,163
IQ:4,32,11,163,-66
IQ:5,40,11,-68,-158
IQ:6,48,11,-142,92
IQ:7,56,11,117,124
IQ:8,72,12,-192,-117
IQ:9,80,255,-88,180
IQ:10,88,1,220,90
IQ:11,96,255,91,-187
IQ:12,104,2,-181,-41
IQ:13,112,255,-30,133
IQ:14,120,10,180,-84
IQ:15,128,255,-37,-158
IQ:16,136,3,-31,125
IQ:17,144,255,126,57
IQ:18,152,9,57,-131
IQ:19,160,255,-101,-50
IQ:20,168,4,56,108
IQ:21,176,255,127,13
IQ:22,184,8,-37,-2
IQ:23,192,255,-50,33
IQ:24,200,7,51,42
IQ:25,208,255,95,-47
IQ:26,216,6,41,-111
IQ:27,224,255,-82,-67
IQ:28,232,5,-11,-2
IQ:29,240,255,52,-68
IQ:30,248,12,-13,-228
IQ:31,256,255,-193,33
IQ:32,264,1,57,232
IQ:33,272,255,213,-29
IQ:34,280,2,-35,-181
IQ:35,288,255,-167,50
SW:2
RR:3
SS:3
FR:2426
ME:10
MA:175
KE:11
KA:175
DF_END

Data arrived...
DF_BEGIN
IQ:0,0,11,77,-158
IQ:1,8,11,-165,-69
IQ:2,16,11,-39,163
IQ:3,24,11,168,18
IQ:4,32,11,2,-180
IQ:5,40,11,-177,8
IQ:6,48,11,26,168
IQ:7,56,11,168,-40
IQ:8,72,12,-193,103
IQ:9,80,255,109,159
IQ:10,88,1,175,-164
IQ:11,96,255,-132,-154
IQ:12,104,2,-111,147
IQ:13,112,255,112,96
IQ:14,120,10,11,-198
IQ:15,128,255,-150,-30
IQ:16,136,3,98,71
IQ:17,144,255,103,-94
IQ:18,152,9,-96,-98
IQ:19,160,255,-93,65
IQ:20,168,4,114,3
IQ:21,176,255,57,-103
IQ:22,184,8,-17,31
IQ:23,192,255,14,44
IQ:24,200,7,55,-40
IQ:25,208,255,0,-101
IQ:26,216,6,-75,-93
IQ:27,224,255,-94,43
IQ:28,232,5,-14,12
IQ:29,240,255,-39,-72
IQ:30,248,12,-206,-100
IQ:31,256,255,-85,178
IQ:32,264,1,219,58
IQ:33,272,255,66,-198
IQ:34,280,2,-175,-41
IQ:35,288,255,-19,172
SW:2
RR:3
SS:3
FR:2426
ME:16
MA:187
KE:12
KA:177
DF_END

Data arrived...
DF_BEGIN
IQ:0,0,11,151,31
IQ:1,8,11,0,-150
IQ:2,16,11,-148,9
IQ:3,24,11,14,146
IQ:4,32,11,160,-33
IQ:5,40,11,-52,-142
IQ:6,48,11,-141,67
IQ:7,56,11,82,132
IQ:8,72,12,-90,-147
IQ:9,80,255,-290,135
IQ:10,88,1,-51,311
IQ:11,96,255,303,-7
IQ:12,104,2,-32,-246
IQ:13,112,255,-285,108
IQ:14,120,10,-17,266
IQ:15,128,255,276,-163
IQ:16,136,3,-116,-582
IQ:17,144,255,-517,231
IQ:18,152,9,325,596
IQ:19,160,255,461,-324
IQ:20,168,4,-522,-466
IQ:21,176,255,-387,408
IQ:22,184,8,573,280
IQ:23,192,255,186,-544
IQ:24,200,7,-810,-66
IQ:25,208,255,-201,685
IQ:26,216,6,392,-21
IQ:27,224,255,-241,-340
IQ:28,232,5,-685,519
IQ:29,240,255,248,656
IQ:30,248,12,50,-143
IQ:31,256,255,-267,-186
IQ:32,264,1,-278,126
IQ:33,272,255,177,260
IQ:34,280,2,211,-124
IQ:35,288,255,-122,-156
SW:2
RR:3
SS:3
FR:2402
ME:2
MA:5
KE:11
KA:175
DF_END

Data arrived...
DF_BEGIN
IQ:0,0,11,88,-148
IQ:1,8,11,-156,-72
IQ:2,16,11,-62,157
IQ:3,24,11,168,29
IQ:4,32,11,18,-171
IQ:5,40,11,-172,3
IQ:6,48,11,15,168
IQ:7,56,11,170,-20
IQ:8,72,12,-111,76
IQ:9,80,255,48,90
IQ:10,88,1,89,-83
IQ:11,96,255,-67,-75
IQ:12,104,2,-51,52
IQ:13,112,255,34,-13
IQ:14,120,10,-62,-234
IQ:15,128,255,-159,-19
IQ:16,136,3,70,62
IQ:17,144,255,7,-84
IQ:18,152,9,-218,3
IQ:19,160,255,-25,168
IQ:20,168,4,118,-4
IQ:21,176,255,8,-60
IQ:22,184,8,-72,163
IQ:23,192,255,105,67
IQ:24,200,7,41,-129
IQ:25,208,255,-97,-79
IQ:26,216,6,-30,-2
IQ:27,224,255,-18,-12
IQ:28,232,5,-76,-57
IQ:29,240,255,-92,-11
IQ:30,248,12,-115,-69
IQ:31,256,255,-34,87
IQ:32,264,1,117,21
IQ:33,272,255,28,-95
IQ:34,280,2,-78,-20
IQ:35,288,255,19,87
SW:2
RR:3
SS:3
FR:2480
ME:19
MA:184
KE:11
KA:177
DF_END

Data arrived...
DF_BEGIN
IQ:0,0,11,-182,-8
IQ:1,8,11,-3,174
IQ:2,16,11,186,-19
IQ:3,24,11,-32,-174
IQ:4,32,11,-178,54
IQ:5,40,11,66,163
IQ:6,48,11,149,-92
IQ:7,56,11,-108,-147
IQ:8,72,12,187,135
IQ:9,80,255,107,-167
IQ:10,88,1,-216,-112
IQ:11,96,255,-107,185
IQ:12,104,2,165,66
IQ:13,112,255,42,-141
IQ:14,120,10,-181,74
IQ:15,128,255,22,160
IQ:16,136,3,44,-108
IQ:17,144,255,-123,-67
IQ:18,152,9,-68,120
IQ:19,160,255,91,66
IQ:20,168,4,-45,-119
IQ:21,176,255,-126,-25
IQ:22,184,8,29,5
IQ:23,192,255,44,-30
IQ:24,200,7,-54,-44
IQ:25,208,255,-101,35
IQ:26,216,6,-58,98
IQ:27,224,255,70,80
IQ:28,232,5,15,5
IQ:29,240,255,-49,54
IQ:30,248,12,-12,234
IQ:31,256,255,198,-8
IQ:32,264,1,-27,-238
IQ:33,272,255,-208,16
IQ:34,280,2,36,178
IQ:35,288,255,171,-47
SW:2
RR:3
SS:3
FR:2426
ME:10
MA:175
KE:11
KA:177
DF_END

Data arrived...
DF_BEGIN
IQ:0,0,11,155,-33
IQ:1,8,11,-68,-139
IQ:2,16,11,-146,90
IQ:3,24,11,78,127
IQ:4,32,11,106,-98
IQ:5,40,11,-115,-121
IQ:6,48,11,-108,126
IQ:7,56,11,140,88
IQ:8,72,12,-163,-54
IQ:9,80,255,-108,245
IQ:10,88,1,178,200
IQ:11,96,255,166,-195
IQ:12,104,2,-184,-141
IQ:13,112,255,-140,226
IQ:14,120,10,207,167
IQ:15,128,255,47,-286
IQ:16,136,3,-456,-156
IQ:17,144,255,-87,437
IQ:18,152,9,545,109
IQ:19,160,255,85,-467
IQ:20,168,4,-536,67
IQ:21,176,255,64,428
IQ:22,184,8,434,-233
IQ:23,192,255,-253,-370
IQ:24,200,7,-427,455
IQ:25,208,255,339,436
IQ:26,216,6,198,-258
IQ:27,224,255,-322,-56
IQ:28,232,5,-45,597
IQ:29,240,255,488,184
IQ:30,248,12,-55,-150
IQ:31,256,255,-287,55
IQ:32,264,1,-86,264
IQ:33,272,255,250,31
IQ:34,280,2,21,-221
IQ:35,288,255,-204,-4
SW:2
RR:3
SS:3
FR:2402
ME:359
MA:353
KE:10
KA:178
DF_END

Data arrived...
DF_BEGIN
IQ:0,0,11,101,-136
IQ:1,8,11,-151,-73
IQ:2,16,11,-74,163
IQ:3,24,11,163,36
IQ:4,32,11,22,-172
IQ:5,40,11,-166,-19
IQ:6,48,11,-15,169
IQ:7,56,11,164,-14
IQ:8,72,12,-179,63
IQ:9,80,255,84,295
IQ:10,88,1,302,73
IQ:11,96,255,27,-303
IQ:12,104,2,-258,-42
IQ:13,112,255,59,267
IQ:14,120,10,302,-12
IQ:15,128,255,-140,-304
IQ:16,136,3,-552,135
IQ:17,144,255,217,499
IQ:18,152,9,578,-241
IQ:19,160,255,-276,-431
IQ:20,168,4,-425,450
IQ:21,176,255,391,343
IQ:22,184,8,258,-521
IQ:23,192,255,-473,-145
IQ:24,200,7,-69,738
IQ:25,208,255,608,180
IQ:26,216,6,21,-376
IQ:27,224,255,-327,150
IQ:28,232,5,421,579
IQ:29,240,255,579,-194
IQ:30,248,12,-125,-108
IQ:31,256,255,-207,243
IQ:32,264,1,106,287
IQ:33,272,255,256,-141
IQ:34,280,2,-104,-228
IQ:35,288,255,-184,105
SW:2
RR:3
SS:3
FR:2402
ME:359
MA:353
KE:9
KA:181
DF_END

Data arrived...
DF_BEGIN
IQ:0,0,11,173,-8
IQ:1,8,11,-28,-164
IQ:2,16,11,-152,64
IQ:3,24,11,67,153
IQ:4,32,11,144,-82
IQ:5,40,11,-98,-133
IQ:6,48,11,-123,107
IQ:7,56,11,126,113
IQ:8,72,12,-128,-47
IQ:9,80,255,-42,90
IQ:10,88,1,108,12
IQ:11,96,255,27,-91
IQ:12,104,2,-76,-2
IQ:13,112,255,26,26
IQ:14,120,10,161,-184
IQ:15,128,255,-68,-142
IQ:16,136,3,-2,90
IQ:17,144,255,67,-49
IQ:18,152,9,-129,-179
IQ:19,160,255,-162,61
IQ:20,168,4,66,90
IQ:21,176,255,56,-29
IQ:22,184,8,-172,54
IQ:23,192,255,11,133
IQ:24,200,7,128,-40
IQ:25,208,255,14,-111
IQ:26,216,6,-8,-26
IQ:27,224,255,7,-21
IQ:28,232,5,15,-93
IQ:29,240,255,-43,-80
IQ:30,248,12,-18,-127
IQ:31,256,255,-89,15
IQ:32,264,1,39,102
IQ:33,272,255,84,-32
IQ:34,280,2,-27,-65
IQ:35,288,255,-61,59
SW:2
RR:3
SS:3
FR:2480
ME:16
MA:181
KE:10
KA:181
DF_END

Data arrived...
DF_BEGIN
IQ:0,0,11,-160,93
IQ:1,8,11,115,148
IQ:2,16,11,127,-125
IQ:3,24,11,-151,-102
IQ:4,32,11,-95,161
IQ:5,40,11,161,89
IQ:6,48,11,77,-170
IQ:7,56,11,-178,-58
IQ:8,72,12,227,7
IQ:9,80,255,-24,-210
IQ:10,88,1,-241,30
IQ:11,96,255,16,212
IQ:12,104,2,189,-44
IQ:13,112,255,-49,-142
IQ:14,120,10,-118,181
IQ:15,128,255,125,114
IQ:16,136,3,-27,-136
IQ:17,144,255,-147,8
IQ:18,152,9,32,153
IQ:19,160,255,121,-6
IQ:20,168,4,-101,-83
IQ:21,176,255,-125,38
IQ:22,184,8,40,-7
IQ:23,192,255,28,-60
IQ:24,200,7,-76,-20
IQ:25,208,255,-75,97
IQ:26,216,6,14,125
IQ:27,224,255,107,8
IQ:28,232,5,9,-10
IQ:29,240,255,-21,85
IQ:30,248,12,121,194
IQ:31,256,255,159,-122
IQ:32,264,1,-160,-184
IQ:33,272,255,-177,134
IQ:34,280,2,134,136
IQ:35,288,255,113,-137
SW:2
RR:3
SS:3
FR:2426
ME:7
MA:175
KE:9
KA:180
DF_END

Data arrived...
DF_BEGIN
IQ:0,0,11,-128,-124
IQ:1,8,11,-119,129
IQ:2,16,11,146,98
IQ:3,24,11,80,-133
IQ:4,32,11,-135,-83
IQ:5,40,11,-70,158
IQ:6,48,11,167,40
IQ:7,56,11,27,-169
IQ:8,72,12,14,200
IQ:9,80,255,359,32
IQ:10,88,1,221,-254
IQ:11,96,255,-285,-165
IQ:12,104,2,-113,245
IQ:13,112,255,320,50
IQ:14,120,10,146,-284
IQ:15,128,255,-364,48
IQ:16,136,3,-97,636
IQ:17,144,255,603,15
IQ:18,152,9,55,-742
IQ:19,160,255,-569,45
IQ:20,168,4,327,627
IQ:21,176,255,534,-286
IQ:22,184,8,-492,-485
IQ:23,192,255,-370,469
IQ:24,200,7,771,397
IQ:25,208,255,452,-597
IQ:26,216,6,-389,-184
IQ:27,224,255,12,406
IQ:28,232,5,809,-224
IQ:29,240,255,40,-727
IQ:30,248,12,-156,112
IQ:31,256,255,185,314
IQ:32,264,1,332,15
IQ:33,272,255,-51,-325
IQ:34,280,2,-291,54
IQ:35,288,255,63,217
SW:2
RR:3
SS:3
FR:2402
ME:359
MA:353
KE:8
KA:183
DF_END

Data arrived...
DF_BEGIN
IQ:0,0,11,95,142
IQ:1,8,11,139,-99
IQ:2,16,11,-125,-113
IQ:3,24,11,-95,148
IQ:4,32,11,150,87
IQ:5,40,11,82,-149
IQ:6,48,11,-155,-61
IQ:7,56,11,-41,161
IQ:8,72,12,-7,-129
IQ:9,80,255,-95,16
IQ:10,88,1,51,105
IQ:11,96,255,94,-28
IQ:12,104,2,-30,-72
IQ:13,112,255,-9,47
IQ:14,120,10,231,81
IQ:15,128,255,84,-139
IQ:16,136,3,-93,55
IQ:17,144,255,76,58
IQ:18,152,9,114,-191
IQ:19,160,255,-132,-121
IQ:20,168,4,-59,111
IQ:21,176,255,53,44
IQ:22,184,8,-106,-149
IQ:23,192,255,-128,58
IQ:24,200,7,79,109
IQ:25,208,255,121,-42
IQ:26,216,6,18,-28
IQ:27,224,255,10,-4
IQ:28,232,5,88,-16
IQ:29,240,255,61,-78
IQ:30,248,12,110,-86
IQ:31,256,255,-64,-78
IQ:32,264,1,-62,99
IQ:33,272,255,77,67
IQ:34,280,2,43,-58
IQ:35,288,255,-92,-19
SW:2
RR:3
SS:3
FR:2480
ME:16
MA:184
KE:9
KA:184
DF_END

Data arrived...
DF_BEGIN
IQ:0,0,11,82,149
IQ:1,8,11,146,-89
IQ:2,16,11,-113,-116
IQ:3,24,11,-110,137
IQ:4,32,11,137,99
IQ:5,40,11,88,-141
IQ:6,48,11,-159,-72
IQ:7,56,11,-57,162
IQ:8,72,12,-10,-134
IQ:9,80,255,-100,-3
IQ:10,88,1,36,110
IQ:11,96,255,92,-24
IQ:12,104,2,-31,-72
IQ:13,112,255,-11,40
IQ:14,120,10,231,48
IQ:15,128,255,85,-138
IQ:16,136,3,-93,33
IQ:17,144,255,70,45
IQ:18,152,9,106,-202
IQ:19,160,255,-129,-124
IQ:20,168,4,-56,112
IQ:21,176,255,54,34
IQ:22,184,8,-121,-134
IQ:23,192,255,-128,61
IQ:24,200,7,95,101
IQ:25,208,255,113,-43
IQ:26,216,6,15,-26
IQ:27,224,255,14,0
IQ:28,232,5,94,-24
IQ:29,240,255,61,-70
IQ:30,248,12,108,-78
IQ:31,256,255,-56,-83
IQ:32,264,1,-72,87
IQ:33,272,255,74,64
IQ:34,280,2,51,-63
IQ:35,288,255,-90,-24
SW:2
RR:3
SS:3
FR:2480
ME:16
MA:181
KE:9
KA:183
DF_END

Data arrived...
DF_BEGIN
IQ:0,0,11,182,-30
IQ:1,8,11,-44,-179
IQ:2,16,11,-175,58
IQ:3,24,11,74,169
IQ:4,32,11,166,-89
IQ:5,40,11,-104,-153
IQ:6,48,11,-139,118
IQ:7,56,11,143,115
IQ:8,72,12,-211,-95
IQ:9,80,255,-71,192
IQ:10,88,1,238,61
IQ:11,96,255,60,-212
IQ:12,104,2,-187,-40
IQ:13,112,255,-17,148
IQ:14,120,10,178,-118
IQ:15,128,255,-63,-163
IQ:16,136,3,-39,111
IQ:17,144,255,127,58
IQ:18,152,9,42,-136
IQ:19,160,255,-112,-44
IQ:20,168,4,59,110
IQ:21,176,255,127,7
IQ:22,184,8,-34,-5
IQ:23,192,255,-48,38
IQ:24,200,7,56,34
IQ:25,208,255,93,-61
IQ:26,216,6,33,-126
IQ:27,224,255,-98,-59
IQ:28,232,5,-22,7
IQ:29,240,255,46,-68
IQ:30,248,12,-18,-239
IQ:31,256,255,-196,24
IQ:32,264,1,74,230
IQ:33,272,255,206,-56
IQ:34,280,2,-72,-180
IQ:35,288,255,-158,81
SW:2
RR:3
SS:3
FR:2426
ME:10
MA:175
KE:9
KA:181
DF_END

Data arrived...
DF_BEGIN
IQ:0,0,11,-166,-73
IQ:1,8,11,-44,188
IQ:2,16,11,195,48
IQ:3,24,11,47,-185
IQ:4,32,11,-192,-29
IQ:5,40,11,-9,185
IQ:6,48,11,189,-12
IQ:7,56,11,-46,-197
IQ:8,72,12,95,199
IQ:9,80,255,350,-62
IQ:10,88,1,114,-318
IQ:11,96,255,-327,-63
IQ:12,104,2,-31,294
IQ:13,112,255,317,-43
IQ:14,120,10,19,-307
IQ:15,128,255,-316,153
IQ:16,136,3,86,633
IQ:17,144,255,597,-134
IQ:18,152,9,-179,-719
IQ:19,160,255,-524,238
IQ:20,168,4,504,542
IQ:21,176,255,443,-376
IQ:22,184,8,-562,-367
IQ:23,192,255,-256,567
IQ:24,200,7,818,161
IQ:25,208,255,251,-700
IQ:26,216,6,-433,-37
IQ:27,224,255,181,388
IQ:28,232,5,732,-473
IQ:29,240,255,-161,-702
IQ:30,248,12,-128,188
IQ:31,256,255,255,274
IQ:32,264,1,322,-67
IQ:33,272,255,-161,-288
IQ:34,280,2,-239,129
IQ:35,288,255,117,180
SW:2
RR:3
SS:3
FR:2402
ME:359
MA:353
KE:8
KA:185
DF_END

Data arrived...
DF_BEGIN
IQ:0,0,11,61,163
IQ:1,8,11,166,-70
IQ:2,16,11,-77,-146
IQ:3,24,11,-134,102
IQ:4,32,11,122,117
IQ:5,40,11,110,-132
IQ:6,48,11,-136,-101
IQ:7,56,11,-86,150
IQ:8,72,12,18,-129
IQ:9,80,255,-102,-10
IQ:10,88,1,20,108
IQ:11,96,255,100,-8
IQ:12,104,2,-18,-75
IQ:13,112,255,-23,41
IQ:14,120,10,217,105
IQ:15,128,255,102,-118
IQ:16,136,3,-99,18
IQ:17,144,255,58,59
IQ:18,152,9,148,-172
IQ:19,160,255,-105,-137
IQ:20,168,4,-70,99
IQ:21,176,255,46,48
IQ:22,184,8,-89,-155
IQ:23,192,255,-133,34
IQ:24,200,7,65,124
IQ:25,208,255,124,-9
IQ:26,216,6,25,-19
IQ:27,224,255,15,-2
IQ:28,232,5,94,1
IQ:29,240,255,73,-59
IQ:30,248,12,126,-50
IQ:31,256,255,-46,-81
IQ:32,264,1,-81,83
IQ:33,272,255,60,78
IQ:34,280,2,62,-50
IQ:35,288,255,-87,-45
SW:2
RR:3
SS:3
FR:2480
ME:16
MA:181
KE:9
KA:184
DF_END

Data arrived...
DF_BEGIN
IQ:0,0,11,-54,179
IQ:1,8,11,186,28
IQ:2,16,11,8,-193
IQ:3,24,11,-186,16
IQ:4,32,11,45,181
IQ:5,40,11,182,-55
IQ:6,48,11,-53,-184
IQ:7,56,11,-187,76
IQ:8,72,12,162,-159
IQ:9,80,255,-157,-146
IQ:10,88,1,-158,184
IQ:11,96,255,172,123
IQ:12,104,2,105,-172
IQ:13,112,255,-134,-73
IQ:14,120,10,53,205
IQ:15,128,255,176,-10
IQ:16,136,3,-102,-84
IQ:17,144,255,-96,101
IQ:18,152,9,117,95
IQ:19,160,255,89,-78
IQ:20,168,4,-120,1
IQ:21,176,255,-63,114
IQ:22,184,8,20,-25
IQ:23,192,255,-14,-58
IQ:24,200,7,-60,34
IQ:25,208,255,23,115
IQ:26,216,6,102,77
IQ:27,224,255,89,-74
IQ:28,232,5,0,-23
IQ:29,240,255,31,69
IQ:30,248,12,228,60
IQ:31,256,255,41,-200
IQ:32,264,1,-239,-32
IQ:33,272,255,-32,217
IQ:34,280,2,193,7
IQ:35,288,255,-19,-182
SW:2
RR:3
SS:3
FR:2426
ME:7
MA:175
KE:8
KA:182
DF_END

Data arrived...
DF_BEGIN
IQ:0,0,11,-79,170
IQ:1,8,11,169,66
IQ:2,16,11,45,-177
IQ:3,24,11,-177,-24
IQ:4,32,11,8,177
IQ:5,40,11,183,-15
IQ:6,48,11,-23,-178
IQ:7,56,11,-173,53
IQ:8,72,12,184,-137
IQ:9,80,255,-131,-153
IQ:10,88,1,-179,161
IQ:11,96,255,143,153
IQ:12,104,2,139,-139
IQ:13,112,255,-113,-93
IQ:14,120,10,-9,206
IQ:15,128,255,160,43
IQ:16,136,3,-81,-94
IQ:17,144,255,-106,92
IQ:18,152,9,102,101
IQ:19,160,255,98,-72
IQ:20,168,4,-119,-19
IQ:21,176,255,-74,98
IQ:22,184,8,18,-31
IQ:23,192,255,-11,-57
IQ:24,200,7,-65,34
IQ:25,208,255,5,114
IQ:26,216,6,87,90
IQ:27,224,255,99,-44
IQ:28,232,5,2,-11
IQ:29,240,255,36,49
IQ:30,248,12,216,97
IQ:31,256,255,54,-199
IQ:32,264,1,-234,-78
IQ:33,272,255,-62,187
IQ:34,280,2,203,32
IQ:35,288,255,81,-171
SW:2
RR:3
SS:3
FR:2426
ME:7
MA:161
KE:8
KA:177
DF_END

Data arrived...
DF_BEGIN
IQ:0,0,11,174,18
IQ:1,8,11,13,-180
IQ:2,16,11,-201,-4
IQ:3,24,11,15,173
IQ:4,32,11,171,-37
IQ:5,40,11,-66,-173
IQ:6,48,11,-166,77
IQ:7,56,11,80,175
IQ:8,72,12,-130,-145
IQ:9,80,255,-305,193
IQ:10,88,1,-17,341
IQ:11,96,255,333,-30
IQ:12,104,2,-49,-264
IQ:13,112,255,-283,155
IQ:14,120,10,42,313
IQ:15,128,255,297,-213
IQ:16,136,3,-226,-578
IQ:17,144,255,-478,338
IQ:18,152,9,412,595
IQ:19,160,255,441,-392
IQ:20,168,4,-601,-387
IQ:21,176,255,-307,500
IQ:22,184,8,645,162
IQ:23,192,255,119,-582
IQ:24,200,7,-814,95
IQ:25,208,255,-46,736
IQ:26,216,6,411,-52
IQ:27,224,255,-280,-314
IQ:28,232,5,-588,657
IQ:29,240,255,349,619
IQ:30,248,12,60,-183
IQ:31,256,255,-326,-165
IQ:32,264,1,-279,176
IQ:33,272,255,201,246
IQ:34,280,2,208,-181
IQ:35,288,255,-145,-158
SW:2
RR:3
SS:3
FR:2402
ME:2
MA:5
KE:7
KA:175
DF_END

Data arrived...
DF_BEGIN
IQ:0,0,11,73,163
IQ:1,8,11,152,-84
IQ:2,16,11,-100,-134
IQ:3,24,11,-127,133
IQ:4,32,11,126,116
IQ:5,40,11,102,-135
IQ:6,48,11,-152,-83
IQ:7,56,11,-76,168
IQ:8,72,12,3,-127
IQ:9,80,255,-102,11
IQ:10,88,1,14,122
IQ:11,96,255,99,-7
IQ:12,104,2,-23,-72
IQ:13,112,255,-14,40
IQ:14,120,10,235,78
IQ:15,128,255,111,-126
IQ:16,136,3,-98,19
IQ:17,144,255,65,57
IQ:18,152,9,125,-183
IQ:19,160,255,-110,-126
IQ:20,168,4,-73,94
IQ:21,176,255,45,48
IQ:22,184,8,-98,-137
IQ:23,192,255,-117,55
IQ:24,200,7,88,112
IQ:25,208,255,118,-23
IQ:26,216,6,15,-11
IQ:27,224,255,17,-1
IQ:28,232,5,78,-15
IQ:29,240,255,57,-62
IQ:30,248,12,122,-56
IQ:31,256,255,-47,-87
IQ:32,264,1,-87,86
IQ:33,272,255,63,75
IQ:34,280,2,56,-45
IQ:35,288,255,-88,-36
SW:2
RR:3
SS:3
FR:2480
ME:19
MA:181
KE:8
KA:176
DF_END

Data arrived...
DF_BEGIN
IQ:0,0,11,62,161
IQ:1,8,11,155,-78
IQ:2,16,11,-88,-150
IQ:3,24,11,-129,114
IQ:4,32,11,124,109
IQ:5,40,11,104,-135
IQ:6,48,11,-149,-94
IQ:7,56,11,-72,156
IQ:8,72,12,7,-131
IQ:9,80,255,-99,-2
IQ:10,88,1,16,114
IQ:11,96,255,95,-5
IQ:12,104,2,-19,-83
IQ:13,112,255,-14,32
IQ:14,120,10,228,86
IQ:15,128,255,106,-131
IQ:16,136,3,-94,12
IQ:17,144,255,61,58
IQ:18,152,9,134,-175
IQ:19,160,255,-111,-143
IQ:20,168,4,-78,88
IQ:21,176,255,41,47
IQ:22,184,8,-81,-153
IQ:23,192,255,-127,36
IQ:24,200,7,84,111
IQ:25,208,255,126,-22
IQ:26,216,6,19,-22
IQ:27,224,255,13,-8
IQ:28,232,5,88,-22
IQ:29,240,255,63,-65
IQ:30,248,12,121,-63
IQ:31,256,255,-47,-79
IQ:32,264,1,-81,83
IQ:33,272,255,60,75
IQ:34,280,2,62,-51
IQ:35,288,255,-84,-36
SW:2
RR:3
SS:3
FR:2480
ME:16
MA:178
KE:9
KA:176
DF_END

Data arrived...
DF_BEGIN
IQ:0,0,11,165,-52
IQ:1,8,11,-72,-160
IQ:2,16,11,-148,85
IQ:3,24,11,99,142
IQ:4,32,11,132,-106
IQ:5,40,11,-117,-117
IQ:6,48,11,-108,137
IQ:7,56,11,144,91
IQ:8,72,12,-204,-54
IQ:9,80,255,-11,190
IQ:10,88,1,232,15
IQ:11,96,255,21,-204
IQ:12,104,2,-179,14
IQ:13,112,255,15,135
IQ:14,120,10,138,-150
IQ:15,128,255,-79,-134
IQ:16,136,3,5,128
IQ:17,144,255,138,17
IQ:18,152,9,7,-131
IQ:19,160,255,-106,-10
IQ:20,168,4,87,93
IQ:21,176,255,124,-25
IQ:22,184,8,-45,10