SS:3
FR:2426
ME:27
MA:220
KE:19
KA:225
DF_END

Data arrived...
DF_BEGIN
IQ:0,0,11,-12,-184
IQ:1,8,11,-177,46
IQ:2,16,11,62,177
IQ:3,24,11,148,-89
IQ:4,32,11,-107,-154
IQ:5,40,11,-142,107
IQ:6,48,11,121,125
IQ:7,56,11,129,-133
IQ:8,72,12,-17,256
IQ:9,80,255,198,-31
IQ:10,88,1,-97,-301
IQ:11,96,255,-194,50
IQ:12,104,2,275,77
IQ:13,112,255,160,-240
IQ:14,120,10,-85,-196
IQ:15,128,255,-105,19
IQ:16,136,3,167,-140
IQ:17,144,255,-59,-276
IQ:18,152,9,-246,-148
IQ:19,160,255,-97,88
IQ:20,168,4,106,-273
IQ:21,176,255,-209,-227
IQ:22,184,8,-281,1
IQ:23,192,255,14,193
IQ:24,200,7,136,-192
IQ:25,208,255,-135,-185
IQ:26,216,6,-111,49
IQ:27,224,255,12,36
IQ:28,232,5,-152,-120
IQ:29,240,255,-231,61
IQ:30,248,12,-224,133
IQ:31,256,255,132,144
IQ:32,264,1,218,-239
IQ:33,272,255,-127,-154
IQ:34,280,2,60,260
IQ:35,288,255,305,28
SW:2
RR:3
SS:3
FR:2402
ME:13
MA:240
KE:19
KA:226
DF_END

Data arrived...
DF_BEGIN
IQ:0,0,11,91,122
IQ:1,8,11,100,-110
IQ:2,16,11,-124,-93
IQ:3,24,11,-87,122
IQ:4,32,11,136,70
IQ:5,40,11,52,-142
IQ:6,48,11,-153,-29
IQ:7,56,11,-16,155
IQ:8,72,12,-39,-93
IQ:9,80,255,-58,33
IQ:10,88,1,84,58
IQ:11,96,255,49,-62
IQ:12,104,2,-84,-6
IQ:13,112,255,-1,95
IQ:14,120,10,153,61
IQ:15,128,255,62,-81
IQ:16,136,3,-32,65
IQ:17,144,255,83,53
IQ:18,152,9,113,-73
IQ:19,160,255,-18,-83
IQ:20,168,4,50,68
IQ:21,176,255,99,-17
IQ:22,184,8,69,-112
IQ:23,192,255,-75,-52
IQ:24,200,7,42,86
IQ:25,208,255,92,3
IQ:26,216,6,16,-28
IQ:27,224,255,-13,-20
IQ:28,232,5,23,-5
IQ:29,240,255,41,-35
IQ:30,248,12,58,-87
IQ:31,256,255,-56,-27
IQ:32,264,1,6,104
IQ:33,272,255,83,-1
IQ:34,280,2,-51,-66
IQ:35,288,255,-109,55
SW:2
RR:3
SS:3
FR:2480
ME:13
MA:223
KE:18
KA:226
DF_END

Data arrived...
DF_BEGIN
IQ:0,0,11,-167,47
IQ:1,8,11,55,168
IQ:2,16,11,171,-72
IQ:3,24,11,-96,-150
IQ:4,32,11,-146,107
IQ:5,40,11,111,138
IQ:6,48,11,125,-124
IQ:7,56,11,-141,-111
IQ:8,72,12,151,7
IQ:9,80,255,24,-118
IQ:10,88,1,-139,41
IQ:11,96,255,-1,102
IQ:12,104,2,36,-129
IQ:13,112,255,-102,-74
IQ:14,120,10,-120,64
IQ:15,128,255,-52,124
IQ:16,136,3,-142,92
IQ:17,144,255,-21,127
IQ:18,152,9,-23,132
IQ:19,160,255,10,83
IQ:20,168,4,-135,162
IQ:21,176,255,39,139
IQ:22,184,8,95,84
IQ:23,192,255,62,-14
IQ:24,200,7,-93,83
IQ:25,208,255,7,71
IQ:26,216,6,-79,10
IQ:27,224,255,-12,136
IQ:28,232,5,95,151
IQ:29,240,255,121,19
IQ:30,248,12,71,153
IQ:31,256,255,106,-26
IQ:32,264,1,-114,-81
IQ:33,272,255,-95,61
IQ:34,280,2,115,-44
IQ:35,288,255,24,-164
SW:2
RR:3
SS:3
FR:2426
ME:27
MA:220
KE:19
KA:225
DF_END

Data arrived...
DF_BEGIN
IQ:0,0,11,178,24
IQ:1,8,11,2,-190
IQ:2,16,11,-173,8
IQ:3,24,11,35,184
IQ:4,32,11,176,-28
IQ:5,40,11,-63,-169
IQ:6,48,11,-166,71
IQ:7,56,11,86,156
IQ:8,72,12,-242,-92
IQ:9,80,255,-42,203
IQ:10,88,1,299,26
IQ:11,96,255,5,-199
IQ:12,104,2,-149,238
IQ:13,112,255,179,222
IQ:14,120,10,207,-27
IQ:15,128,255,2,-104
IQ:16,136,3,76,210
IQ:17,144,255,263,35
IQ:18,152,9,207,-189
IQ:19,160,255,-50,-115
IQ:20,168,4,236,160
IQ:21,176,255,267,-145
IQ:22,184,8,59,-280
IQ:23,192,255,-207,-45
IQ:24,200,7,133,198
IQ:25,208,255,213,-67
IQ:26,216,6,-11,-120
IQ:27,224,255,-38,-5
IQ:28,232,5,165,-115
IQ:29,240,255,13,-240
IQ:30,248,12,-66,-258
IQ:31,256,255,-176,78
IQ:32,264,1,165,246
IQ:33,272,255,182,-104
IQ:34,280,2,-270,-21
IQ:35,288,255,-99,278
SW:2
RR:3
SS:3
FR:2402
ME:13
MA:240
KE:18
KA:227
DF_END

Data arrived...
DF_BEGIN
IQ:0,0,11,114,93
IQ:1,8,11,89,-127
IQ:2,16,11,-132,-89
IQ:3,24,11,-72,134
IQ:4,32,11,139,53
IQ:5,40,11,32,-152
IQ:6,48,11,-157,-25
IQ:7,56,11,-9,148
IQ:8,72,12,-60,-83
IQ:9,80,255,-54,43
IQ:10,88,1,89,41
IQ:11,96,255,43,-73
IQ:12,104,2,-87,5
IQ:13,112,255,6,94
IQ:14,120,10,155,44
IQ:15,128,255,60,-90
IQ:16,136,3,-29,68
IQ:17,144,255,83,52
IQ:18,152,9,113,-85
IQ:19,160,255,-26,-81
IQ:20,168,4,56,62
IQ:21,176,255,97,-27
IQ:22,184,8,61,-123
IQ:23,192,255,-71,-59
IQ:24,200,7,41,83
IQ:25,208,255,90,-10
IQ:26,216,6,16,-35
IQ:27,224,255,-19,-24
IQ:28,232,5,18,-8
IQ:29,240,255,31,-34
IQ:30,248,12,46,-92
IQ:31,256,255,-63,-25
IQ:32,264,1,15,94
IQ:33,272,255,78,-15
IQ:34,280,2,-53,-69
IQ:35,288,255,-115,52
SW:2
RR:3
SS:3
FR:2480
ME:13
MA:223
KE:18
KA:226
DF_END

Data arrived...
DF_BEGIN
IQ:0,0,11,25,-184
IQ:1,8,11,-185,-14
IQ:2,16,11,26,179
IQ:3,24,11,180,-30
IQ:4,32,11,-59,-169
IQ:5,40,11,-159,67
IQ:6,48,11,77,166
IQ:7,56,11,163,-93
IQ:8,72,12,-72,133
IQ:9,80,255,101,77
IQ:10,88,1,-6,-154
IQ:11,96,255,-96,-38
IQ:12,104,2,115,77
IQ:13,112,255,113,-69
IQ:14,120,10,-25,-139
IQ:15,128,255,-108,-81
IQ:16,136,3,-44,-169
IQ:17,144,255,-108,-58
IQ:18,152,9,-112,-56
IQ:19,160,255,-99,-26
IQ:20,168,4,-113,-183
IQ:21,176,255,-137,-4
IQ:22,184,8,-111,63
IQ:23,192,255,-9,57
IQ:24,200,7,-67,-104
IQ:25,208,255,-61,-20
IQ:26,216,6,15,-87
IQ:27,224,255,-121,-52
IQ:28,232,5,-185,43
IQ:29,240,255,-43,98
IQ:30,248,12,-165,18
IQ:31,256,255,-11,111
IQ:32,264,1,130,-83
IQ:33,272,255,-25,-97
IQ:34,280,2,6,130
IQ:35,288,255,157,67
SW:2
RR:3
SS:3
FR:2426
ME:27
MA:220
KE:18
KA:226
DF_END

Data arrived...
DF_BEGIN
IQ:0,0,11,-60,168
IQ:1,8,11,177,43
IQ:2,16,11,25,-179
IQ:3,24,11,-190,-11
IQ:4,32,11,-7,177
IQ:5,40,11,178,-14
IQ:6,48,11,-37,-181
IQ:7,56,11,-165,49
IQ:8,72,12,154,-198
IQ:9,80,255,-184,-80
IQ:10,88,1,-90,294
IQ:11,96,255,186,65
IQ:12,104,2,-185,-202
IQ:13,112,255,-253,133
IQ:14,120,10,-31,215
IQ:15,128,255,98,41
IQ:16,136,3,-222,9
IQ:17,144,255,-118,255
IQ:18,152,9,114,248
IQ:19,160,255,128,-30
IQ:20,168,4,-230,177
IQ:21,176,255,70,292
IQ:22,184,8,246,140
IQ:23,192,255,86,-177
IQ:24,200,7,-219,90
IQ:25,208,255,22,227
IQ:26,216,6,114,21
IQ:27,224,255,21,-26
IQ:28,232,5,61,183
IQ:29,240,255,216,81
IQ:30,248,12,251,22
IQ:31,256,255,-15,-191
IQ:32,264,1,-283,95
IQ:33,272,255,36,198
IQ:34,280,2,56,-272
IQ:35,288,255,-247,-164
SW:2
RR:3
SS:3
FR:2402
ME:13
MA:240
KE:18
KA:227
DF_END

Data arrived...
DF_BEGIN
IQ:0,0,11,143,68
IQ:1,8,11,58,-136
IQ:2,16,11,-145,-36
IQ:3,24,11,-27,146
IQ:4,32,11,154,5
IQ:5,40,11,-3,-160
IQ:6,48,11,-148,21
IQ:7,56,11,36,147
IQ:8,72,12,-72,-71
IQ:9,80,255,-45,50
IQ:10,88,1,103,31
IQ:11,96,255,16,-78
IQ:12,104,2,-72,35
IQ:13,112,255,45,90
IQ:14,120,10,166,-15
IQ:15,128,255,30,-101
IQ:16,136,3,-3,66
IQ:17,144,255,100,14
IQ:18,152,9,84,-114
IQ:19,160,255,-40,-73
IQ:20,168,4,75,48
IQ:21,176,255,88,-53
IQ:22,184,8,33,-139
IQ:23,192,255,-81,-29
IQ:24,200,7,73,60
IQ:25,208,255,87,-41
IQ:26,216,6,6,-41
IQ:27,224,255,-21,-14
IQ:28,232,5,18,-7
IQ:29,240,255,31,-42
IQ:30,248,12,25,-101
IQ:31,256,255,-63,-14
IQ:32,264,1,45,87
IQ:33,272,255,68,-40
IQ:34,280,2,-77,-46
IQ:35,288,255,-88,85
SW:2
RR:3
SS:3
FR:2480
ME:13
MA:226
KE:17
KA:227
DF_END

Data arrived...
DF_BEGIN
IQ:0,0,11,195,-10
IQ:1,8,11,-25,-174
IQ:2,16,11,-160,54
IQ:3,24,11,55,162
IQ:4,32,11,166,-72
IQ:5,40,11,-103,-160
IQ:6,48,11,-133,113
IQ:7,56,11,119,126
IQ:8,72,12,-152,-38
IQ:9,80,255,-36,120
IQ:10,88,1,143,-42
IQ:11,96,255,1,-105
IQ:12,104,2,-49,119
IQ:13,112,255,86,108
IQ:14,120,10,131,-46
IQ:15,128,255,58,-123
IQ:16,136,3,149,-75
IQ:17,144,255,30,-119
IQ:18,152,9,39,-131
IQ:19,160,255,2,-94
IQ:20,168,4,167,-128
IQ:21,176,255,-21,-142
IQ:22,184,8,-80,-91
IQ:23,192,255,-62,-5
IQ:24,200,7,92,-95
IQ:25,208,255,14,-82
IQ:26,216,6,86,-11
IQ:27,224,255,34,-137
IQ:28,232,5,-96,-158
IQ:29,240,255,-118,-22
IQ:30,248,12,-47,-149
IQ:31,256,255,-103,-7
IQ:32,264,1,99,98
IQ:33,272,255,80,-38
IQ:34,280,2,-122,31
IQ:35,288,255,-45,162
SW:2
RR:3
SS:3
FR:2426
ME:27
MA:220
KE:18
KA:226
DF_END

Data arrived...
DF_BEGIN
IQ:0,0,11,-47,174
IQ:1,8,11,177,24
IQ:2,16,11,-3,-172
IQ:3,24,11,-183,16
IQ:4,32,11,28,184
IQ:5,40,11,162,-53
IQ:6,48,11,-82,-165
IQ:7,56,11,-159,79
IQ:8,72,12,127,-225
IQ:9,80,255,-196,-69
IQ:10,88,1,-26,309
IQ:11,96,255,191,14
IQ:12,104,2,-241,-127
IQ:13,112,255,-223,186
IQ:14,120,10,27,211
IQ:15,128,255,107,12
IQ:16,136,3,-220,51
IQ:17,144,255,-45,263
IQ:18,152,9,175,222
IQ:19,160,255,121,-46
IQ:20,168,4,-183,221
IQ:21,176,255,123,274
IQ:22,184,8,272,101
IQ:23,192,255,59,-191
IQ:24,200,7,-198,131
IQ:25,208,255,55,221
IQ:26,216,6,112,-2
IQ:27,224,255,5,-32
IQ:28,232,5,101,159
IQ:29,240,255,233,25
IQ:30,248,12,262,-36
IQ:31,256,255,-58,-193
IQ:32,264,1,-269,145
IQ:33,272,255,90,176
IQ:34,280,2,-1,-274
IQ:35,288,255,-268,-104
SW:2
RR:3
SS:3
FR:2402
ME:13
MA:240
KE:18
KA:228
DF_END

Data arrived...
DF_BEGIN
IQ:0,0,11,80,-126
IQ:1,8,11,-144,-70
IQ:2,16,11,-73,130
IQ:3,24,11,140,38
IQ:4,32,11,23,-152
IQ:5,40,11,-160,-24
IQ:6,48,11,-11,153
IQ:7,56,11,149,-6
IQ:8,72,12,-85,59
IQ:9,80,255,36,53
IQ:10,88,1,35,-101
IQ:11,96,255,-81,-33
IQ:12,104,2,16,82
IQ:13,112,255,91,-30
IQ:14,120,10,2,-169
IQ:15,128,255,-103,-49
IQ:16,136,3,67,15
IQ:17,144,255,26,-97
IQ:18,152,9,-105,-97
IQ:19,160,255,-79,38
IQ:20,168,4,46,-64
IQ:21,176,255,-51,-90
IQ:22,184,8,-138,-50
IQ:23,192,255,-57,67
IQ:24,200,7,75,-59
IQ:25,208,255,-16,-98
IQ:26,216,6,-41,-13
IQ:27,224,255,-22,16
IQ:28,232,5,-12,-22
IQ:29,240,255,-45,-38
IQ:30,248,12,-94,-51
IQ:31,256,255,-23,57
IQ:32,264,1,94,-28
IQ:33,272,255,-32,-79
IQ:34,280,2,-70,61
IQ:35,288,255,67,101
SW:2
RR:3
SS:3
FR:2480
ME:16
MA:223
KE:17
KA:227
DF_END

Data arrived...
DF_BEGIN
IQ:0,0,11,15,183
IQ:1,8,11,173,-23
IQ:2,16,11,-53,-164
IQ:3,24,11,-175,63
IQ:4,32,11,97,161
IQ:5,40,11,154,-98
IQ:6,48,11,-112,-132
IQ:7,56,11,-125,128
IQ:8,72,12,33,-138
IQ:9,80,255,-115,-48
IQ:10,88,1,31,133
IQ:11,96,255,101,9
IQ:12,104,2,-121,-42
IQ:13,112,255,-92,79
IQ:14,120,10,52,128
IQ:15,128,255,117,53
IQ:16,136,3,71,144
IQ:17,144,255,119,47
IQ:18,152,9,131,33
IQ:19,160,255,98,-3
IQ:20,168,4,129,160
IQ:21,176,255,130,-26
IQ:22,184,8,101,-87
IQ:23,192,255,-2,-63
IQ:24,200,7,93,99
IQ:25,208,255,64,9
IQ:26,216,6,18,84
IQ:27,224,255,142,32
IQ:28,232,5,178,-74
IQ:29,240,255,25,-102
IQ:30,248,12,150,-51
IQ:31,256,255,-1,-115
IQ:32,264,1,-121,99
IQ:33,272,255,40,97
IQ:34,280,2,-35,-131
IQ:35,288,255,-155,-39
SW:2
RR:3
SS:3
FR:2426
ME:27
MA:220
KE:18
KA:226
DF_END

Data arrived...
DF_BEGIN
IQ:0,0,11,191,-1
IQ:1,8,11,-10,-178
IQ:2,16,11,-184,36
IQ:3,24,11,44,182
IQ:4,32,11,170,-56
IQ:5,40,11,-71,-159
IQ:6,48,11,-160,82
IQ:7,56,11,102,144
IQ:8,72,12,-249,-77
IQ:9,80,255,-33,205
IQ:10,88,1,305,-8
IQ:11,96,255,1,-196
IQ:12,104,2,-124,246
IQ:13,112,255,207,196
IQ:14,120,10,216,-46
IQ:15,128,255,-1,-108
IQ:16,136,3,75,204
IQ:17,144,255,280,23
IQ:18,152,9,213,-190
IQ:19,160,255,-55,-112
IQ:20,168,4,243,156
IQ:21,176,255,269,-151
IQ:22,184,8,43,-279
IQ:23,192,255,-203,-33
IQ:24,200,7,146,186
IQ:25,208,255,220,-90
IQ:26,216,6,-24,-124
IQ:27,224,255,-49,0
IQ:28,232,5,162,-108
IQ:29,240,255,8,-245
IQ:30,248,12,-73,-256
IQ:31,256,255,-177,76
IQ:32,264,1,167,265
IQ:33,272,255,168,-99
IQ:34,280,2,-277,24
IQ:35,288,255,-92,284
SW:2
RR:3
SS:3
FR:2402
ME:13
MA:240
KE:18
KA:228
DF_END

Data arrived...
DF_BEGIN
IQ:0,0,11,154,1
IQ:1,8,11,-7,-156
IQ:2,16,11,-150,28
IQ:3,24,11,46,145
IQ:4,32,11,148,-49
IQ:5,40,11,-60,-135
IQ:6,48,11,-128,88
IQ:7,56,11,99,119
IQ:8,72,12,-87,-34
IQ:9,80,255,-14,68
IQ:10,88,1,98,-22
IQ:11,96,255,-19,-74
IQ:12,104,2,-60,60
IQ:13,112,255,64,73
IQ:14,120,10,149,-64
IQ:15,128,255,-19,-103
IQ:16,136,3,23,63
IQ:17,144,255,94,-33
IQ:18,152,9,27,-133
IQ:19,160,255,-67,-39
IQ:20,168,4,88,8
IQ:21,176,255,53,-87
IQ:22,184,8,-30,-132
IQ:23,192,255,-94,5
IQ:24,200,7,87,39
IQ:25,208,255,57,-69
IQ:26,216,6,-9,-28
IQ:27,224,255,-27,3
IQ:28,232,5,1,-15
IQ:29,240,255,2,-50
IQ:30,248,12,-11,-101
IQ:31,256,255,-64,17
IQ:32,264,1,75,67
IQ:33,272,255,53,-58
IQ:34,280,2,-82,-18
IQ:35,288,255,-48,118
SW:2
RR:3
SS:3
FR:2480
ME:16
MA:223
KE:17
KA:227
DF_END

Data arrived...
DF_BEGIN
IQ:0,0,11,74,196
IQ:1,8,11,160,-78
IQ:2,16,11,-107,-148
IQ:3,24,11,-141,109
IQ:4,32,11,112,142
IQ:5,40,11,105,-151
IQ:6,48,11,-168,-87
IQ:7,56,11,-86,168
IQ:8,72,12,-11,-140
IQ:9,80,255,-123,5
IQ:10,88,1,81,118
IQ:11,96,255,52,-25
IQ:12,104,2,-156,-8
IQ:13,112,255,-79,103
IQ:14,120,10,103,106
IQ:15,128,255,111,-7
IQ:16,136,3,78,130
IQ:17,144,255,100,-10
IQ:18,152,9,136,-28
IQ:19,160,255,14,-26
IQ:20,168,4,183,106
IQ:21,176,255,146,-51
IQ:22,184,8,51,-118
IQ:23,192,255,-26,-89
IQ:24,200,7,138,79
IQ:25,208,255,50,-59
IQ:26,216,6,51,86
IQ:27,224,255,115,-19
IQ:28,232,5,122,-130
IQ:29,240,255,19,-106
IQ:30,248,12,110,-116
IQ:31,256,255,-43,-133
IQ:32,264,1,-60,147
IQ:33,272,255,26,87
IQ:34,280,2,-53,-115
IQ:35,288,255,-160,-21
SW:2
RR:3
SS:3
FR:2426
ME:27
MA:217
KE:18
KA:226
DF_END

Data arrived...
DF_BEGIN
IQ:0,0,11,32,-180
IQ:1,8,11,-184,-24
IQ:2,16,11,15,175
IQ:3,24,11,185,-22
IQ:4,32,11,-33,-180
IQ:5,40,11,-175,60
IQ:6,48,11,78,163
IQ:7,56,11,160,-89
IQ:8,72,12,-87,129
IQ:9,80,255,77,79
IQ:10,88,1,-3,-156
IQ:11,96,255,-92,-42
IQ:12,104,2,118,74
IQ:13,112,255,108,-70
IQ:14,120,10,-16,-132
IQ:15,128,255,-98,-78
IQ:16,136,3,-32,-180
IQ:17,144,255,-111,-69
IQ:18,152,9,-111,-64
IQ:19,160,255,-85,-7
IQ:20,168,4,-118,-185
IQ:21,176,255,-147,-9
IQ:22,184,8,-117,44
IQ:23,192,255,-21,55
IQ:24,200,7,-55,-104
IQ:25,208,255,-71,-15
IQ:26,216,6,16,-102
IQ:27,224,255,-121,-50
IQ:28,232,5,-180,23
IQ:29,240,255,-56,95
IQ:30,248,12,-178,21
IQ:31,256,255,-36,111
IQ:32,264,1,124,-85
IQ:33,272,255,-32,-96
IQ:34,280,2,-6,137
IQ:35,288,255,158,70
SW:2
RR:3
SS:3
FR:2426
ME:27
MA:220
KE:19
KA:226
DF_END

Data arrived...
DF_BEGIN
IQ:0,0,11,119,-128
IQ:1,8,11,-153,-102
IQ:2,16,11,-81,161
IQ:3,24,11,163,58
IQ:4,32,11,53,-184
IQ:5,40,11,-181,-37
IQ:6,48,11,-28,181
IQ:7,56,11,185,2
IQ:8,72,12,-195,162
IQ:9,80,255,155,130
IQ:10,88,1,166,-262
IQ:11,96,255,-159,-125
IQ:12,104,2,112,245
IQ:13,112,255,287,-42
IQ:14,120,10,104,-194
IQ:15,128,255,-93,-61
IQ:16,136,3,215,53
IQ:17,144,255,169,-216
IQ:18,152,9,-46,-282
IQ:19,160,255,-119,-7
IQ:20,168,4,255,-125
IQ:21,176,255,4,-307
IQ:22,184,8,-202,-207
IQ:23,192,255,-139,143
IQ:24,200,7,226,-30
IQ:25,208,255,39,-226
IQ:26,216,6,-115,-53
IQ:27,224,255,-20,23
IQ:28,232,5,-18,-186
IQ:29,240,255,-201,-131
IQ:30,248,12,-246,-97
IQ:31,256,255,-44,199
IQ:32,264,1,304,28
IQ:33,272,255,8,-197
IQ:34,280,2,-148,224
IQ:35,288,255,179,232
SW:2
RR:3
SS:3
FR:2402
ME:13
MA:237
KE:19
KA:227
DF_END

Data arrived...
DF_BEGIN
IQ:0,0,11,106,107
IQ:1,8,11,102,-118
IQ:2,16,11,-114,-83
IQ:3,24,11,-62,140
IQ:4,32,11,150,52
IQ:5,40,11,50,-150
IQ:6,48,11,-142,-25
IQ:7,56,11,8,151
IQ:8,72,12,-40,-82
IQ:9,80,255,-53,38
IQ:10,88,1,98,52
IQ:11,96,255,41,-74
IQ:12,104,2,-80,-3
IQ:13,112,255,12,96
IQ:14,120,10,159,54
IQ:15,128,255,64,-88
IQ:16,136,3,-16,70
IQ:17,144,255,93,49
IQ:18,152,9,119,-80
IQ:19,160,255,-16,-78
IQ:20,168,4,62,66
IQ:21,176,255,103,-27
IQ:22,184,8,68,-116
IQ:23,192,255,-63,-55
IQ:24,200,7,41,89
IQ:25,208,255,93,-4
IQ:26,216,6,21,-35
IQ:27,224,255,-14,-18
IQ:28,232,5,23,-7
IQ:29,240,255,41,-32
IQ:30,248,12,63,-84
IQ:31,256,255,-51,-29
IQ:32,264,1,13,105
IQ:33,272,255,85,1
IQ:34,280,2,-42,-68
IQ:35,288,255,-103,55
SW:2
RR:3
SS:3
FR:2480
ME:13
MA:223
KE:18
KA:226
DF_END

Data arrived...
DF_BEGIN
IQ:0,0,11,128,-123
IQ:1,8,11,-134,-123
IQ:2,16,11,-106,145
IQ:3,24,11,149,94
IQ:4,32,11,75,-166
IQ:5,40,11,-173,-55
IQ:6,48,11,-29,168
IQ:7,56,11,179,11
IQ:8,72,12,-146,61
IQ:9,80,255,35,117
IQ:10,88,1,96,-107
IQ:11,96,255,-53,-79
IQ:12,104,2,45,128
IQ:13,112,255,129,17
IQ:14,120,10,70,-113
IQ:15,128,255,-31,-128
IQ:16,136,3,74,-159
IQ:17,144,255,-49,-120
IQ:18,152,9,-51,-117
IQ:19,160,255,-61,-66
IQ:20,168,4,29,-210
IQ:21,176,255,-113,-94
IQ:22,184,8,-127,-27
IQ:23,192,255,-47,44
IQ:24,200,7,26,-131
IQ:25,208,255,-38,-64
IQ:26,216,6,60,-59
IQ:27,224,255,-61,-110
IQ:28,232,5,-165,-83
IQ:29,240,255,-106,45
IQ:30,248,12,-138,-93
IQ:31,256,255,-86,69
IQ:32,264,1,139,5
IQ:33,272,255,40,-99
IQ:34,280,2,-85,106
IQ:35,288,255,69,156
SW:2
RR:3
SS:3
FR:2426
ME:27
MA:220
KE:19
KA:225
DF_END

Data arrived...
DF_BEGIN
IQ:0,0,11,156,-79
IQ:1,8,11,-89,-157
IQ:2,16,11,-150,109
IQ:3,24,11,117,139
IQ:4,32,11,115,-125
IQ:5,40,11,-147,-105
IQ:6,48,11,-111,153
IQ:7,56,11,156,99
IQ:8,72,12,-249,60
IQ:9,80,255,69,190
IQ:10,88,1,249,-164
IQ:11,96,255,-112,-161
IQ:12,104,2,1,285
IQ:13,112,255,276,89
IQ:14,120,10,182,-129
IQ:15,128,255,-38,-98
IQ:16,136,3,164,150
IQ:17,144,255,245,-113
IQ:18,152,9,69,-271
IQ:19,160,255,-100,-72
IQ:20,168,4,295,-2
IQ:21,176,255,147,-265
IQ:22,184,8,-95,-282
IQ:23,192,255,-197,61
IQ:24,200,7,208,102
IQ:25,208,255,150,-177
IQ:26,216,6,-66,-97
IQ:27,224,255,-31,14
IQ:28,232,5,84,-176
IQ:29,240,255,-115,-205
IQ:30,248,12,-184,-194
IQ:31,256,255,-121,161
IQ:32,264,1,276,138
IQ:33,272,255,94,-170
IQ:34,280,2,-233,138
IQ:35,288,255,48,294
SW:2
RR:3
SS:3
FR:2402
ME:13
MA:240
KE:18
KA:227
DF_END

Data arrived...
DF_BEGIN
IQ:0,0,11,79,139
IQ:1,8,11,135,-73
IQ:2,16,11,-89,-120
IQ:3,24,11,-110,107
IQ:4,32,11,117,100
IQ:5,40,11,83,-126
IQ:6,48,11,-135,-72
IQ:7,56,11,-53,141
IQ:8,72,12,-9,-97
IQ:9,80,255,-64,21
IQ:10,88,1,72,81
IQ:11,96,255,64,-53
IQ:12,104,2,-80,-22
IQ:13,112,255,-21,101
IQ:14,120,10,132,103
IQ:15,128,255,91,-53
IQ:16,136,3,-41,58
IQ:17,144,255,72,72
IQ:18,152,9,140,-32
IQ:19,160,255,7,-76
IQ:20,168,4,31,84
IQ:21,176,255,102,14
IQ:22,184,8,110,-90
IQ:23,192,255,-48,-82
IQ:24,200,7,14,98
IQ:25,208,255,90,29
IQ:26,216,6,32,-24
IQ:27,224,255,-8,-20
IQ:28,232,5,24,2
IQ:29,240,255,50,-18
IQ:30,248,12,82,-61
IQ:31,256,255,-44,-43
IQ:32,264,1,-20,102
IQ:33,272,255,82,26
IQ:34,280,2,-18,-78
IQ:35,288,255,-116,21
SW:2
RR:3
SS:3
FR:2480
ME:13
MA:226
KE:18
KA:227
DF_END

Data arrived...