SW:2
RR:3
SS:3
FR:2480
ME:13
MA:223
KE:17
KA:228
DF_END

Data arrived...
DF_BEGIN
IQ:0,0,11,-116,99
IQ:1,8,11,110,106
IQ:2,16,11,90,-126
IQ:3,24,11,-136,-81
IQ:4,32,11,-70,140
IQ:5,40,11,147,51
IQ:6,48,11,40,-147
IQ:7,56,11,-151,-3
IQ:8,72,12,89,-35
IQ:9,80,255,-36,-52
IQ:10,88,1,-60,88
IQ:11,96,255,68,47
IQ:12,104,2,2,-86
IQ:13,112,255,-93,4
IQ:14,120,10,-42,162
IQ:15,128,255,94,60
IQ:16,136,3,-72,-26
IQ:17,144,255,-54,90
IQ:18,152,9,75,123
IQ:19,160,255,77,-12
IQ:20,168,4,-72,53
IQ:21,176,255,16,98
IQ:22,184,8,118,73
IQ:23,192,255,60,-66
IQ:24,200,7,-85,43
IQ:25,208,255,5,94
IQ:26,216,6,35,17
IQ:27,224,255,17,-12
IQ:28,232,5,0,24
IQ:29,240,255,37,36
IQ:30,248,12,89,58
IQ:31,256,255,28,-62
IQ:32,264,1,-107,15
IQ:33,272,255,5,82
IQ:34,280,2,67,-54
IQ:35,288,255,-64,-109
SW:2
RR:3
SS:3
FR:2480
ME:13
MA:223
KE:16
KA:227
DF_END

Data arrived...
DF_BEGIN
IQ:0,0,11,91,-153
IQ:1,8,11,-166,-76
IQ:2,16,11,-67,174
IQ:3,24,11,180,42
IQ:4,32,11,25,-184
IQ:5,40,11,-182,-7
IQ:6,48,11,9,186
IQ:7,56,11,181,-18
IQ:8,72,12,-127,110
IQ:9,80,255,68,103
IQ:10,88,1,47,-144
IQ:11,96,255,-81,-74
IQ:12,104,2,72,114
IQ:13,112,255,139,-13
IQ:14,120,10,33,-135
IQ:15,128,255,-64,-114
IQ:16,136,3,24,-155
IQ:17,144,255,-77,-95
IQ:18,152,9,-87,-107
IQ:19,160,255,-72,-50
IQ:20,168,4,-18,-198
IQ:21,176,255,-123,-57
IQ:22,184,8,-131,11
IQ:23,192,255,-35,54
IQ:24,200,7,-13,-123
IQ:25,208,255,-51,-49
IQ:26,216,6,35,-78
IQ:27,224,255,-98,-93
IQ:28,232,5,-175,-9
IQ:29,240,255,-76,76
IQ:30,248,12,-168,-42
IQ:31,256,255,-65,99
IQ:32,264,1,143,-34
IQ:33,272,255,15,-108
IQ:34,280,2,-50,125
IQ:35,288,255,125,122
SW:2
RR:3
SS:3
FR:2426
ME:27
MA:220
KE:17
KA:227
DF_END

Data arrived...
DF_BEGIN
IQ:0,0,11,186,-4
IQ:1,8,11,-18,-176
IQ:2,16,11,-185,51
IQ:3,24,11,61,159
IQ:4,32,11,163,-75
IQ:5,40,11,-108,-150
IQ:6,48,11,-155,95
IQ:7,56,11,120,132
IQ:8,72,12,-248,-49
IQ:9,80,255,-5,198
IQ:10,88,1,305,-42
IQ:11,96,255,-15,-190
IQ:12,104,2,-96,257
IQ:13,112,255,217,190
IQ:14,120,10,208,-56
IQ:15,128,255,-14,-107
IQ:16,136,3,119,186
IQ:17,144,255,280,-16
IQ:18,152,9,179,-207
IQ:19,160,255,-89,-89
IQ:20,168,4,263,107
IQ:21,176,255,232,-199
IQ:22,184,8,2,-278
IQ:23,192,255,-199,8
IQ:24,200,7,188,147
IQ:25,208,255,196,-120
IQ:26,216,6,-30,-109
IQ:27,224,255,-27,-5
IQ:28,232,5,124,-152
IQ:29,240,255,-34,-236
IQ:30,248,12,-90,-251
IQ:31,256,255,-163,97
IQ:32,264,1,206,229
IQ:33,272,255,142,-121
IQ:34,280,2,-268,74
IQ:35,288,255,-31,292
SW:2
RR:3
SS:3
FR:2402
ME:13
MA:240
KE:17
KA:228
DF_END

Data arrived...
DF_BEGIN
IQ:0,0,11,34,158
IQ:1,8,11,145,-39
IQ:2,16,11,-51,-143
IQ:3,24,11,-132,70
IQ:4,32,11,93,136
IQ:5,40,11,116,-89
IQ:6,48,11,-109,-91
IQ:7,56,11,-90,120
IQ:8,72,12,20,-98
IQ:9,80,255,-70,-1
IQ:10,88,1,47,96
IQ:11,96,255,78,-39
IQ:12,104,2,-80,-38
IQ:13,112,255,-47,86
IQ:14,120,10,118,131
IQ:15,128,255,101,-41
IQ:16,136,3,-63,39
IQ:17,144,255,47,89
IQ:18,152,9,143,-3
IQ:19,160,255,15,-78
IQ:20,168,4,15,88
IQ:21,176,255,92,39
IQ:22,184,8,122,-63
IQ:23,192,255,-21,-95
IQ:24,200,7,-11,91
IQ:25,208,255,87,40
IQ:26,216,6,38,-15
IQ:27,224,255,0,-30
IQ:28,232,5,18,9
IQ:29,240,255,49,-7
IQ:30,248,12,92,-50
IQ:31,256,255,-39,-54
IQ:32,264,1,-51,92
IQ:33,272,255,73,40
IQ:34,280,2,-9,-86
IQ:35,288,255,-121,-10
SW:2
RR:3
SS:3
FR:2480
ME:13
MA:226
KE:16
KA:228
DF_END

Data arrived...
DF_BEGIN
IQ:0,0,11,-148,64
IQ:1,8,11,61,137
IQ:2,16,11,126,-82
IQ:3,24,11,-101,-114
IQ:4,32,11,-99,119
IQ:5,40,11,123,92
IQ:6,48,11,78,-126
IQ:7,56,11,-140,-60
IQ:8,72,12,101,-2
IQ:9,80,255,-17,-68
IQ:10,88,1,-85,66
IQ:11,96,255,43,67
IQ:12,104,2,27,-76
IQ:13,112,255,-89,-28
IQ:14,120,10,-112,131
IQ:15,128,255,56,85
IQ:16,136,3,-56,-46
IQ:17,144,255,-75,71
IQ:18,152,9,32,144
IQ:19,160,255,78,9
IQ:20,168,4,-84,27
IQ:21,176,255,-17,98
IQ:22,184,8,73,113
IQ:23,192,255,77,-37
IQ:24,200,7,-96,3
IQ:25,208,255,-32,85
IQ:26,216,6,23,27
IQ:27,224,255,25,-9
IQ:28,232,5,-5,27
IQ:29,240,255,17,52
IQ:30,248,12,54,83
IQ:31,256,255,35,-41
IQ:32,264,1,-104,-23
IQ:33,272,255,-26,78
IQ:34,280,2,78,-20
IQ:35,288,255,-17,-123
SW:2
RR:3
SS:3
FR:2480
ME:13
MA:226
KE:16
KA:228
DF_END

Data arrived...
DF_BEGIN
IQ:0,0,11,-10,176
IQ:1,8,11,169,-37
IQ:2,16,11,-66,-181
IQ:3,24,11,-169,77
IQ:4,32,11,83,170
IQ:5,40,11,156,-111
IQ:6,48,11,-120,-153
IQ:7,56,11,-150,113
IQ:8,72,12,40,-152
IQ:9,80,255,-113,-51
IQ:10,88,1,32,143
IQ:11,96,255,102,11
IQ:12,104,2,-123,-56
IQ:13,112,255,-103,90
IQ:14,120,10,52,135
IQ:15,128,255,119,56
IQ:16,136,3,61,146
IQ:17,144,255,118,43
IQ:18,152,9,132,37
IQ:19,160,255,85,-10
IQ:20,168,4,142,156
IQ:21,176,255,137,-19
IQ:22,184,8,106,-76
IQ:23,192,255,-1,-64
IQ:24,200,7,79,97
IQ:25,208,255,66,5
IQ:26,216,6,9,90
IQ:27,224,255,127,18
IQ:28,232,5,161,-85
IQ:29,240,255,31,-116
IQ:30,248,12,163,-54
IQ:31,256,255,-12,-116
IQ:32,264,1,-112,104
IQ:33,272,255,47,90
IQ:34,280,2,-22,-129
IQ:35,288,255,-166,-33
SW:2
RR:3
SS:3
FR:2426
ME:27
MA:220
KE:17
KA:227
DF_END

Data arrived...
DF_BEGIN
IQ:0,0,11,-153,93
IQ:1,8,11,109,148
IQ:2,16,11,144,-109
IQ:3,24,11,-125,-123
IQ:4,32,11,-111,149
IQ:5,40,11,149,110
IQ:6,48,11,95,-156
IQ:7,56,11,-168,-66
IQ:8,72,12,247,-61
IQ:9,80,255,-89,-175
IQ:10,88,1,-243,184
IQ:11,96,255,114,169
IQ:12,104,2,-41,-279
IQ:13,112,255,-288,-51
IQ:14,120,10,-165,136
IQ:15,128,255,46,84
IQ:16,136,3,-179,-133
IQ:17,144,255,-254,132
IQ:18,152,9,-68,271
IQ:19,160,255,99,61
IQ:20,168,4,-286,37
IQ:21,176,255,-104,283
IQ:22,184,8,130,256
IQ:23,192,255,182,-78
IQ:24,200,7,-223,-78
IQ:25,208,255,-121,193
IQ:26,216,6,84,84
IQ:27,224,255,30,-17
IQ:28,232,5,-64,188
IQ:29,240,255,123,199
IQ:30,248,12,193,172
IQ:31,256,255,88,-181
IQ:32,264,1,-295,-94
IQ:33,272,255,-77,181
IQ:34,280,2,212,-170
IQ:35,288,255,-82,-289
SW:2
RR:3
SS:3
FR:2402
ME:13
MA:240
KE:16
KA:228
DF_END

Data arrived...
DF_BEGIN
IQ:0,0,11,72,160
IQ:1,8,11,150,-98
IQ:2,16,11,-114,-148
IQ:3,24,11,-148,112
IQ:4,32,11,134,121
IQ:5,40,11,119,-143
IQ:6,48,11,-149,-97
IQ:7,56,11,-72,165
IQ:8,72,12,-71,-248
IQ:9,80,255,-209,86
IQ:10,88,1,157,262
IQ:11,96,255,181,-104
IQ:12,104,2,-282,-1
IQ:13,112,255,-73,270
IQ:14,120,10,139,163
IQ:15,128,255,94,-58
IQ:16,136,3,-137,170
IQ:17,144,255,113,255
IQ:18,152,9,264,96
IQ:19,160,255,69,-106
IQ:20,168,4,10,295
IQ:21,176,255,268,141
IQ:22,184,8,279,-112
IQ:23,192,255,-60,-196
IQ:24,200,7,-88,226
IQ:25,208,255,186,140
IQ:26,216,6,79,-82
IQ:27,224,255,-14,-23
IQ:28,232,5,178,72
IQ:29,240,255,206,-103
IQ:30,248,12,187,-183
IQ:31,256,255,-165,-121
IQ:32,264,1,-143,267
IQ:33,272,255,169,89
IQ:34,280,2,-170,-229
IQ:35,288,255,-287,68
SW:2
RR:3
SS:3
FR:2402
ME:13
MA:240
KE:16
KA:229
DF_END

Data arrived...
DF_BEGIN
IQ:0,0,11,-13,-152
IQ:1,8,11,-154,21
IQ:2,16,11,36,142
IQ:3,24,11,137,-67
IQ:4,32,11,-72,-134
IQ:5,40,11,-124,86
IQ:6,48,11,93,119
IQ:7,56,11,102,-112
IQ:8,72,12,-32,94
IQ:9,80,255,67,2
IQ:10,88,1,-39,-99
IQ:11,96,255,-82,32
IQ:12,104,2,63,47
IQ:13,112,255,51,-82
IQ:14,120,10,-106,-140
IQ:15,128,255,-103,29
IQ:16,136,3,64,-37
IQ:17,144,255,-36,-103
IQ:18,152,9,-140,-15
IQ:19,160,255,-38,73
IQ:20,168,4,2,-87
IQ:21,176,255,-96,-39
IQ:22,184,8,-136,48
IQ:23,192,255,18,92
IQ:24,200,7,19,-94
IQ:25,208,255,-78,-55
IQ:26,216,6,-36,21
IQ:27,224,255,0,24
IQ:28,232,5,-23,-12
IQ:29,240,255,-56,-1
IQ:30,248,12,-90,29
IQ:31,256,255,25,57
IQ:32,264,1,51,-89
IQ:33,272,255,-72,-40
IQ:34,280,2,-5,83
IQ:35,288,255,117,32
SW:2
RR:3
SS:3
FR:2480
ME:13
MA:223
KE:16
KA:228
DF_END

Data arrived...
DF_BEGIN
IQ:0,0,11,130,-80
IQ:1,8,11,-99,-124
IQ:2,16,11,-115,105
IQ:3,24,11,114,110
IQ:4,32,11,98,-125
IQ:5,40,11,-132,-87
IQ:6,48,11,-72,135
IQ:7,56,11,136,52
IQ:8,72,12,-99,21
IQ:9,80,255,19,66
IQ:10,88,1,73,-72
IQ:11,96,255,-60,-56
IQ:12,104,2,-19,85
IQ:13,112,255,96,13
IQ:14,120,10,85,-145
IQ:15,128,255,-73,-78
IQ:16,136,3,66,40
IQ:17,144,255,76,-76
IQ:18,152,9,-47,-135
IQ:19,160,255,-84,2
IQ:20,168,4,76,-41
IQ:21,176,255,-4,-100
IQ:22,184,8,-104,-102
IQ:23,192,255,-71,54
IQ:24,200,7,90,-25
IQ:25,208,255,19,-97
IQ:26,216,6,-29,-20
IQ:27,224,255,-24,11
IQ:28,232,5,1,-17
IQ:29,240,255,-30,-45
IQ:30,248,12,-75,-70
IQ:31,256,255,-36,50
IQ:32,264,1,104,5
IQ:33,272,255,18,-81
IQ:34,280,2,-83,31
IQ:35,288,255,24,124
SW:2
RR:3
SS:3
FR:2480
ME:16
MA:226
KE:16
KA:228
DF_END

Data arrived...
DF_BEGIN
IQ:0,0,11,177,-21
IQ:1,8,11,-51,-170
IQ:2,16,11,-177,65
IQ:3,24,11,68,173
IQ:4,32,11,158,-90
IQ:5,40,11,-103,-149
IQ:6,48,11,-127,116
IQ:7,56,11,133,125
IQ:8,72,12,-155,-33
IQ:9,80,255,-48,111
IQ:10,88,1,150,-44
IQ:11,96,255,2,-105
IQ:12,104,2,-38,131
IQ:13,112,255,101,96
IQ:14,120,10,123,-63
IQ:15,128,255,46,-119
IQ:16,136,3,148,-76
IQ:17,144,255,28,-115
IQ:18,152,9,25,-121
IQ:19,160,255,-8,-88
IQ:20,168,4,144,-139
IQ:21,176,255,-40,-138
IQ:22,184,8,-88,-89
IQ:23,192,255,-75,4
IQ:24,200,7,77,-82
IQ:25,208,255,1,-78
IQ:26,216,6,76,-20
IQ:27,224,255,14,-128
IQ:28,232,5,-91,-150
IQ:29,240,255,-112,-25
IQ:30,248,12,-64,-158
IQ:31,256,255,-125,16
IQ:32,264,1,117,98
IQ:33,272,255,85,-57
IQ:34,280,2,-128,40
IQ:35,288,255,-23,173
SW:2
RR:3
SS:3
FR:2426
ME:27
MA:220
KE:17
KA:227
DF_END

Data arrived...
DF_BEGIN
IQ:0,0,11,153,-87
IQ:1,8,11,-106,-144
IQ:2,16,11,-132,125
IQ:3,24,11,138,114
IQ:4,32,11,108,-141
IQ:5,40,11,-147,-97
IQ:6,48,11,-100,157
IQ:7,56,11,168,68
IQ:8,72,12,-235,87
IQ:9,80,255,120,177
IQ:10,88,1,263,-180
IQ:11,96,255,-117,-157
IQ:12,104,2,22,281
IQ:13,112,255,279,57
IQ:14,120,10,160,-149
IQ:15,128,255,-63,-87
IQ:16,136,3,194,120
IQ:17,144,255,234,-149
IQ:18,152,9,57,-288
IQ:19,160,255,-111,-46
IQ:20,168,4,279,-41
IQ:21,176,255,115,-286
IQ:22,184,8,-146,-257
IQ:23,192,255,-185,98
IQ:24,200,7,227,53
IQ:25,208,255,107,-204
IQ:26,216,6,-90,-85
IQ:27,224,255,-26,13
IQ:28,232,5,55,-189
IQ:29,240,255,-142,-194
IQ:30,248,12,-211,-179
IQ:31,256,255,-94,169
IQ:32,264,1,292,98
IQ:33,272,255,78,-180
IQ:34,280,2,-212,172
IQ:35,288,255,82,287
SW:2
RR:3
SS:3
FR:2402
ME:16
MA:237
KE:17
KA:228
DF_END

Data arrived...
DF_BEGIN
IQ:0,0,11,26,150
IQ:1,8,11,139,-60
IQ:2,16,11,-76,-136
IQ:3,24,11,-127,87
IQ:4,32,11,99,115
IQ:5,40,11,110,-110
IQ:6,48,11,-125,-93
IQ:7,56,11,-82,130
IQ:8,72,12,6,-99
IQ:9,80,255,-68,2
IQ:10,88,1,55,94
IQ:11,96,255,66,-41
IQ:12,104,2,-79,-35
IQ:13,112,255,-36,91
IQ:14,120,10,129,109
IQ:15,128,255,91,-48
IQ:16,136,3,-50,53
IQ:17,144,255,53,81
IQ:18,152,9,137,-15
IQ:19,160,255,15,-80
IQ:20,168,4,23,88
IQ:21,176,255,100,17
IQ:22,184,8,117,-71
IQ:23,192,255,-35,-84
IQ:24,200,7,-1,95
IQ:25,208,255,84,35
IQ:26,216,6,35,-16
IQ:27,224,255,-5,-26
IQ:28,232,5,16,6
IQ:29,240,255,51,-15
IQ:30,248,12,89,-55
IQ:31,256,255,-41,-56
IQ:32,264,1,-41,92
IQ:33,272,255,74,30
IQ:34,280,2,-23,-79
IQ:35,288,255,-120,15
SW:2
RR:3
SS:3
FR:2480
ME:13
MA:226
KE:16
KA:228
DF_END

Data arrived...
DF_BEGIN
IQ:0,0,11,-115,-74
IQ:1,8,11,-64,115
IQ:2,16,11,128,45
IQ:3,24,11,30,-133
IQ:4,32,11,-134,-24
IQ:5,40,11,-6,134
IQ:6,48,11,135,-5
IQ:7,56,11,-10,-146
IQ:8,72,12,69,103
IQ:9,80,255,78,-40
IQ:10,88,1,-94,-47
IQ:11,96,255,-59,54
IQ:12,104,2,79,-58
IQ:13,112,255,-16,-102
IQ:14,120,10,-105,-36
IQ:15,128,255,-97,45
IQ:16,136,3,-128,-35
IQ:17,144,255,-69,54
IQ:18,152,9,-86,53
IQ:19,160,255,-43,59
IQ:20,168,4,-157,24
IQ:21,176,255,-33,96
IQ:22,184,8,20,96
IQ:23,192,255,40,26
IQ:24,200,7,-107,0
IQ:25,208,255,-53,35
IQ:26,216,6,-58,-38
IQ:27,224,255,-76,66
IQ:28,232,5,-27,137
IQ:29,240,255,58,68
IQ:30,248,12,-32,129
IQ:31,256,255,72,43
IQ:32,264,1,-29,-107
IQ:33,272,255,-82,-13
IQ:34,280,2,94,40
IQ:35,288,255,92,-90
SW:2
RR:3
SS:3
FR:2426
ME:27
MA:220
KE:17
KA:227
DF_END

Data arrived...
DF_BEGIN
IQ:0,0,11,-186,14
IQ:1,8,11,26,187
IQ:2,16,11,178,-33
IQ:3,24,11,-41,-183
IQ:4,32,11,-172,57
IQ:5,40,11,71,154
IQ:6,48,11,143,-109
IQ:7,56,11,-125,-139
IQ:8,72,12,243,50
IQ:9,80,255,-2,-198
IQ:10,88,1,-290,82
IQ:11,96,255,28,193
IQ:12,104,2,109,-257
IQ:13,112,255,-220,-186
IQ:14,120,10,-202,55
IQ:15,128,255,11,111
IQ:16,136,3,-104,-192
IQ:17,144,255,-277,6
IQ:18,152,9,-182,210
IQ:19,160,255,78,101
IQ:20,168,4,-271,-105
IQ:21,176,255,-232,194
IQ:22,184,8,17,286
IQ:23,192,255,210,0
IQ:24,200,7,-167,-168
IQ:25,208,255,-204,109
IQ:26,216,6,34,113
IQ:27,224,255,34,-1
IQ:28,232,5,-136,141
IQ:29,240,255,46,223
IQ:30,248,12,106,242
IQ:31,256,255,161,-104
IQ:32,264,1,-225,-206
IQ:33,272,255,-153,135
IQ:34,280,2,273,-82
IQ:35,288,255,38,-293
SW:2
RR:3
SS:3
FR:2402
ME:13
MA:240
KE:17
KA:228
DF_END

Data arrived...
DF_BEGIN
IQ:0,0,11,-154,-24
IQ:1,8,11,-11,158
IQ:2,16,11,148,-7
IQ:3,24,11,-25,-155
IQ:4,32,11,-153,31
IQ:5,40,11,55,140
IQ:6,48,11,136,-79
IQ:7,56,11,-72,-136
IQ:8,72,12,86,46
IQ:9,80,255,26,-65
IQ:10,88,1,-109,1
IQ:11,96,255,5,78
IQ:12,104,2,74,-54
IQ:13,112,255,-62,-80
IQ:14,120,10,-158,52
IQ:15,128,255,-6,103
IQ:16,136,3,-15,-73
IQ:17,144,255,-97,0
IQ:18,152,9,-57,130
IQ:19,160,255,63,56
IQ:20,168,4,-84,-23
IQ:21,176,255,-67,73
IQ:22,184,8,14,138
IQ:23,192,255,92,-10
IQ:24,200,7,-85,-50
IQ:25,208,255,-64,62
IQ:26,216,6,4,33
IQ:27,224,255,26,5
IQ:28,232,5,-18,20
IQ:29,240,255,-12,47
IQ:30,248,12,12,100
IQ:31,256,255,59,-11
IQ:32,264,1,-77,-72
IQ:33,272,255,-58,59
IQ:34,280,2,87,25
IQ:35,288,255,61,-109
SW:2
RR:3
SS:3
FR:2480
ME:13
MA:226
KE:16
KA:228
DF_END

Data arrived...
DF_BEGIN
IQ:0,0,11,-185,-25
IQ:1,8,11,-3,184
IQ:2,16,11,183,-19
IQ:3,24,11,-32,-171
IQ:4,32,11,-169,73
IQ:5,40,11,81,171
IQ:6,48,11,162,-78
IQ:7,56,11,-98,-163
IQ:8,72,12,150,57
IQ:9,80,255,65,-98
IQ:10,88,1,-153,6
IQ:11,96,255,-35,104
IQ:12,104,2,69,-108
IQ:13,112,255,-80,-108
IQ:14,120,10,-137,38
IQ:15,128,255,-79,114
IQ:16,136,3,-156,41
IQ:17,144,255,-63,106
IQ:18,152,9,-69,113
IQ:19,160,255,-23,85
IQ:20,168,4,-187,95
IQ:21,176,255,-9,138
IQ:22,184,8,62,115
IQ:23,192,255,65,9
IQ:24,200,7,-108,61
IQ:25,208,255,-23,64
IQ:26,216,6,-88,2
IQ:27,224,255,-48,122
IQ:28,232,5,54,166
IQ:29,240,255,107,40
IQ:30,248,12,48,169
IQ:31,256,255,113,5
IQ:32,264,1,-93,-127
IQ:33,272,255,-104,29
IQ:34,280,2,133,-1
IQ:35,288,255,64,-156
SW:2
RR:3
SS:3
FR:2426
ME:27
MA:220
KE:17
KA:227
DF_END

Data arrived...
DF_BEGIN
IQ:0,0,11,42,-172
IQ:1,8,11,-183,-32
IQ:2,16,11,-22,186
IQ:3,24,11,187,7
IQ:4,32,11,-15,-179
IQ:5,40,11,-169,57
IQ:6,48,11,52,175
IQ:7,56,11,166,-61
IQ:8,72,12,-132,221
IQ:9,80,255,199,57
IQ:10,88,1,48,-314
IQ:11,96,255,-202,-40
IQ:12,104,2,219,183
IQ:13,112,255,237,-168
IQ:14,120,10,-9,-220
IQ:15,128,255,-110,-30
IQ:16,136,3,211,-55
IQ:17,144,255,61,-277
IQ:18,152,9,-174,-226
IQ:19,160,255,-118,44
IQ:20,168,4,185,-214
IQ:21,176,255,-122,-293
IQ:22,184,8,-276,-100
IQ:23,192,255,-66,184
IQ:24,200,7,208,-139
IQ:25,208,255,-59,-224
IQ:26,216,6,-121,-1
IQ:27,224,255,-18,33
IQ:28,232,5,-104,-170
IQ:29,240,255,-239,-17
IQ:30,248,12,-264,33
IQ:31,256,255,67,186
IQ:32,264,1,277,-138
IQ:33,272,255,-90,-172
IQ:34,280,2,2,280
IQ:35,288,255,263,134
SW:2
RR:3
SS:3
FR:2402
ME:13
MA:240
KE:17
KA:228
DF_END

Data arrived...
DF_BEGIN
IQ:0,0,11,-162,0
IQ:1,8,11,4,157
IQ:2,16,11,146,-22
IQ:3,24,11,-46,-149
IQ:4,32,11,-149,60
IQ:5,40,11,72,134
IQ:6,48,11,123,-91
IQ:7,56,11,-106,-111
IQ:8,72,12,92,43
IQ:9,80,255,19,-64
IQ:10,88,1,-102,21
IQ:11,96,255,11,80
IQ:12,104,2,62,-60
IQ:13,112,255,-72,-65
IQ:14,120,10,-149,79
IQ:15,128,255,15,109
IQ:16,136,3,-25,-70
IQ:17,144,255,-98,25
IQ:18,152,9,-23,142
IQ:19,160,255,73,42
IQ:20,168,4,-92,-5
IQ:21,176,255,-40,85
IQ:22,184,8,38,132
IQ:23,192,255,94,-15
IQ:24,200,7,-94,-34
IQ:25,208,255,-66,69
IQ:26,216,6,9,35
IQ:27,224,255,22,-1
IQ:28,232,5,-12,21
IQ:29,240,255,-8,48
IQ:30,248,12,23,97
IQ:31,256,255,60,-24
IQ:32,264,1,-90,-64
IQ:33,272,255,-61,59
IQ:34,280,2,80,19
IQ:35,288,255,37,-117
SW:2
RR:3
SS:3
FR:2480
ME:13
MA:223
KE:17
KA:228
DF_END

Data arrived...
DF_BEGIN
IQ:0,0,11,179,-23
IQ:1,8,11,-50,-180
IQ:2,16,11,-175,52
IQ:3,24,11,80,164
IQ:4,32,11,153,-95
IQ:5,40,11,-122,-138
IQ:6,48,11,-131,128
IQ:7,56,11,143,121
IQ:8,72,12,-156,-31
IQ:9,80,255,-51,108
IQ:10,88,1,145,-40
IQ:11,96,255,-11,-103
IQ:12,104,2,-34,139
IQ:13,112,255,96,86
IQ:14,120,10,118,-74
IQ:15,128,255,45,-128
IQ:16,136,3,145,-90
IQ:17,144,255,28,-125
IQ:18,152,9,20,-123
IQ:19,160,255,-10,-93
IQ:20,168,4,138,-152
IQ:21,176,255,-37,-133
IQ:22,184,8,-93,-78
IQ:23,192,255,-64,17
IQ:24,200,7,85,-90
IQ:25,208,255,-3,-67
IQ:26,216,6,85,-14
IQ:27,224,255,11,-133
IQ:28,232,5,-95,-155
IQ:29,240,255,-113,-5
IQ:30,248,12,-82,-155
IQ:31,256,255,-112,29
IQ:32,264,1,119,86
IQ:33,272,255,83,-58
IQ:34,280,2,-130,45
IQ:35,288,255,-21,171
SW:2
RR:3
SS:3
FR:2426
ME:27
MA:220
KE:18
KA:227
DF_END

Data arrived...
DF_BEGIN
IQ:0,0,11,-17,134
IQ:1,8,11,138,-1
IQ:2,16,11,-20,-138
IQ:3,24,11,-139,35
IQ:4,32,11,39,136
IQ:5,40,11,131,-49
IQ:6,48,11,-63,-118
IQ:7,56,11,-109,91
IQ:8,72,12,37,-112
IQ:9,80,255,-82,-47
IQ:10,88,1,8,112
IQ:11,96,255,79,19
IQ:12,104,2,-91,-47
IQ:13,112,255,-85,55
IQ:14,120,10,31,104
IQ:15,128,255,91,51
IQ:16,136,3,44,116
IQ:17,144,255,82,35
IQ:18,152,9,86,38
IQ:19,160,255,63,10
IQ:20,168,4,95,127
IQ:21,176,255,105,-12
IQ:22,184,8,90,-54
IQ:23,192,255,8,-45
IQ:24,200,7,51,83
IQ:25,208,255,47,13
IQ:26,216,6,4,63
IQ:27,224,255,97,27
IQ:28,232,5,128,-43
IQ:29,240,255,34,-81
IQ:30,248,12,124,-27
IQ:31,256,255,0,-92
IQ:32,264,1,-84,70
IQ:33,272,255,30,72
IQ:34,280,2,-11,-102
IQ:35,288,255,-116,-41
SW:2
RR:3
SS:3
FR:2426
ME:27
MA:220
KE:18
KA:226
DF_END