DF_BEGIN
IQ:0,0,11,-105,-107
IQ:1,8,11,-92,120
IQ:2,16,11,115,85
IQ:3,24,11,68,-135
IQ:4,32,11,-139,-53
IQ:5,40,11,-35,146
IQ:6,48,11,142,19
IQ:7,56,11,10,-156
IQ:8,72,12,36,94
IQ:9,80,255,57,-39
IQ:10,88,1,-90,-64
IQ:11,96,255,-45,67
IQ:12,104,2,85,0
IQ:13,112,255,-6,-99
IQ:14,120,10,-165,-53
IQ:15,128,255,-69,79
IQ:16,136,3,36,-65
IQ:17,144,255,-83,-63
IQ:18,152,9,-132,70
IQ:19,160,255,7,82
IQ:20,168,4,-50,-74
IQ:21,176,255,-105,5
IQ:22,184,8,-94,110
IQ:23,192,255,55,74
IQ:24,200,7,-29,-93
IQ:25,208,255,-89,-4
IQ:26,216,6,-20,30
IQ:27,224,255,18,14
IQ:28,232,5,-22,-5
IQ:29,240,255,-46,21
IQ:30,248,12,-63,74
IQ:31,256,255,55,37
IQ:32,264,1,3,-104
IQ:33,272,255,-82,-1
IQ:34,280,2,37,75
IQ:35,288,255,114,-44
SW:2
RR:3
SS:3
FR:2480
ME:13
MA:226
KE:17
KA:228
DF_END

Data arrived...
DF_BEGIN
IQ:0,0,11,16,182
IQ:1,8,11,177,-39
IQ:2,16,11,-39,-181
IQ:3,24,11,-167,58
IQ:4,32,11,82,156
IQ:5,40,11,146,-108
IQ:6,48,11,-121,-146
IQ:7,56,11,-147,122
IQ:8,72,12,40,-156
IQ:9,80,255,-111,-54
IQ:10,88,1,20,134
IQ:11,96,255,104,21
IQ:12,104,2,-116,-56
IQ:13,112,255,-107,78
IQ:14,120,10,50,137
IQ:15,128,255,125,61
IQ:16,136,3,50,156
IQ:17,144,255,116,45
IQ:18,152,9,137,55
IQ:19,160,255,89,6
IQ:20,168,4,107,170
IQ:21,176,255,141,0
IQ:22,184,8,117,-75
IQ:23,192,255,-3,-62
IQ:24,200,7,71,111
IQ:25,208,255,72,14
IQ:26,216,6,7,80
IQ:27,224,255,115,41
IQ:28,232,5,170,-51
IQ:29,240,255,42,-102
IQ:30,248,12,158,-39
IQ:31,256,255,2,-112
IQ:32,264,1,-124,89
IQ:33,272,255,26,99
IQ:34,280,2,-7,-126
IQ:35,288,255,-160,-62
SW:2
RR:3
SS:3
FR:2426
ME:27
MA:220
KE:18
KA:227
DF_END

Data arrived...
DF_BEGIN
IQ:0,0,11,-55,187
IQ:1,8,11,179,31
IQ:2,16,11,15,-189
IQ:3,24,11,-188,9
IQ:4,32,11,24,182
IQ:5,40,11,184,-47
IQ:6,48,11,-45,-186
IQ:7,56,11,-166,83
IQ:8,72,12,93,-130
IQ:9,80,255,-86,-86
IQ:10,88,1,-27,150
IQ:11,96,255,93,48
IQ:12,104,2,-96,-106
IQ:13,112,255,-132,38
IQ:14,120,10,-8,144
IQ:15,128,255,88,99
IQ:16,136,3,-1,149
IQ:17,144,255,91,79
IQ:18,152,9,109,81
IQ:19,160,255,85,30
IQ:20,168,4,43,187
IQ:21,176,255,128,30
IQ:22,184,8,119,-50
IQ:23,192,255,13,-65
IQ:24,200,7,27,123
IQ:25,208,255,54,40
IQ:26,216,6,-14,80
IQ:27,224,255,111,66
IQ:28,232,5,188,-3
IQ:29,240,255,79,-79
IQ:30,248,12,172,8
IQ:31,256,255,37,-108
IQ:32,264,1,-141,52
IQ:33,272,255,-5,104
IQ:34,280,2,38,-130
IQ:35,288,255,-135,-120
SW:2
RR:3
SS:3
FR:2426
ME:27
MA:220
KE:19
KA:226
DF_END

Data arrived...
DF_BEGIN
IQ:0,0,11,-161,-50
IQ:1,8,11,-17,163
IQ:2,16,11,167,6
IQ:3,24,11,0,-165
IQ:4,32,11,-168,12
IQ:5,40,11,42,148
IQ:6,48,11,152,-67
IQ:7,56,11,-69,-145
IQ:8,72,12,211,123
IQ:9,80,255,64,-188
IQ:10,88,1,-289,-39
IQ:11,96,255,-46,189
IQ:12,104,2,182,-208
IQ:13,112,255,-135,-244
IQ:14,120,10,-192,-33
IQ:15,128,255,-22,101
IQ:16,136,3,-46,-216
IQ:17,144,255,-269,-58
IQ:18,152,9,-228,128
IQ:19,160,255,31,110
IQ:20,168,4,-218,-195
IQ:21,176,255,-283,108
IQ:22,184,8,-107,265
IQ:23,192,255,174,83
IQ:24,200,7,-88,-217
IQ:25,208,255,-230,20
IQ:26,216,6,-10,117
IQ:27,224,255,28,5
IQ:28,232,5,-190,64
IQ:29,240,255,-68,229
IQ:30,248,12,-20,238
IQ:31,256,255,190,-26
IQ:32,264,1,-74,-288
IQ:33,272,255,-185,47
IQ:34,280,2,263,70
IQ:35,288,255,176,-227
SW:2
RR:3
SS:3
FR:2402
ME:13
MA:240
KE:18
KA:228
DF_END

Data arrived...
DF_BEGIN
IQ:0,0,11,155,-65
IQ:1,8,11,-60,-147
IQ:2,16,11,-127,78
IQ:3,24,11,92,125
IQ:4,32,11,119,-96
IQ:5,40,11,-112,-110
IQ:6,48,11,-99,124
IQ:7,56,11,144,76
IQ:8,72,12,-238,27
IQ:9,80,255,41,184
IQ:10,88,1,263,-132
IQ:11,96,255,-81,-166
IQ:12,104,2,-25,264
IQ:13,112,255,255,99
IQ:14,120,10,162,-110
IQ:15,128,255,-44,-71
IQ:16,136,3,157,159
IQ:17,144,255,257,-98
IQ:18,152,9,107,-242
IQ:19,160,255,-82,-60
IQ:20,168,4,297,46
IQ:21,176,255,177,-252
IQ:22,184,8,-77,-267
IQ:23,192,255,-185,55
IQ:24,200,7,218,109
IQ:25,208,255,171,-146
IQ:26,216,6,-59,-91
IQ:27,224,255,-22,10
IQ:28,232,5,107,-189
IQ:29,240,255,-86,-229
IQ:30,248,12,-146,-200
IQ:31,256,255,-132,128
IQ:32,264,1,225,168
IQ:33,272,255,123,-150
IQ:34,280,2,-243,112
IQ:35,288,255,23,281
SW:2
RR:3
SS:3
FR:2402
ME:13
MA:237
KE:18
KA:229
DF_END

Data arrived...
DF_BEGIN
IQ:0,0,11,-57,136
IQ:1,8,11,141,44
IQ:2,16,11,34,-142
IQ:3,24,11,-147,-3
IQ:4,32,11,19,149
IQ:5,40,11,144,-26
IQ:6,48,11,-38,-152
IQ:7,56,11,-140,38
IQ:8,72,12,58,-72
IQ:9,80,255,-57,-35
IQ:10,88,1,-10,103
IQ:11,96,255,81,4
IQ:12,104,2,-37,-80
IQ:13,112,255,-85,45
IQ:14,120,10,13,166
IQ:15,128,255,95,25
IQ:16,136,3,-76,3
IQ:17,144,255,-15,102
IQ:18,152,9,104,90
IQ:19,160,255,67,-40
IQ:20,168,4,-48,73
IQ:21,176,255,55,82
IQ:22,184,8,137,19
IQ:23,192,255,27,-90
IQ:24,200,7,-75,70
IQ:25,208,255,36,93
IQ:26,216,6,38,1
IQ:27,224,255,6,-22
IQ:28,232,5,12,25
IQ:29,240,255,39,29
IQ:30,248,12,88,22
IQ:31,256,255,4,-62
IQ:32,264,1,-95,41
IQ:33,272,255,32,75
IQ:34,280,2,53,-68
IQ:35,288,255,-78,-89
SW:2
RR:3
SS:3
FR:2480
ME:13
MA:226
KE:17
KA:228
DF_END

Data arrived...
DF_BEGIN
IQ:0,0,11,128,-121
IQ:1,8,11,-134,-119
IQ:2,16,11,-111,144
IQ:3,24,11,149,100
IQ:4,32,11,86,-157
IQ:5,40,11,-167,-66
IQ:6,48,11,-53,166
IQ:7,56,11,178,39
IQ:8,72,12,-140,58
IQ:9,80,255,17,109
IQ:10,88,1,99,-105
IQ:11,96,255,-37,-90
IQ:12,104,2,24,126
IQ:13,112,255,123,27
IQ:14,120,10,74,-125
IQ:15,128,255,-23,-128
IQ:16,136,3,93,-143
IQ:17,144,255,-34,-128
IQ:18,152,9,-47,-124
IQ:19,160,255,-51,-67
IQ:20,168,4,62,-194
IQ:21,176,255,-91,-115
IQ:22,184,8,-124,-44
IQ:23,192,255,-49,34
IQ:24,200,7,58,-126
IQ:25,208,255,-28,-82
IQ:26,216,6,63,-44
IQ:27,224,255,-35,-126
IQ:28,232,5,-147,-111
IQ:29,240,255,-114,22
IQ:30,248,12,-111,-108
IQ:31,256,255,-91,65
IQ:32,264,1,143,38
IQ:33,272,255,63,-80
IQ:34,280,2,-105,75
IQ:35,288,255,34,160
SW:2
RR:3
SS:3
FR:2426
ME:27
MA:220
KE:18
KA:228
DF_END

Data arrived...
DF_BEGIN
IQ:0,0,11,-70,141
IQ:1,8,11,144,58
IQ:2,16,11,55,-153
IQ:3,24,11,-160,-36
IQ:4,32,11,-19,156
IQ:5,40,11,160,5
IQ:6,48,11,8,-163
IQ:7,56,11,-154,22
IQ:8,72,12,149,-174
IQ:9,80,255,-166,-98
IQ:10,88,1,-117,264
IQ:11,96,255,163,96
IQ:12,104,2,-130,-229
IQ:13,112,255,-274,78
IQ:14,120,10,-73,187
IQ:15,128,255,78,37
IQ:16,136,3,-232,-23
IQ:17,144,255,-145,235
IQ:18,152,9,71,255
IQ:19,160,255,104,5
IQ:20,168,4,-268,141
IQ:21,176,255,-5,305
IQ:22,184,8,208,187
IQ:23,192,255,121,-152
IQ:24,200,7,-237,41
IQ:25,208,255,-31,219
IQ:26,216,6,105,31
IQ:27,224,255,1,-21
IQ:28,232,5,14,204
IQ:29,240,255,206,126
IQ:30,248,12,229,79
IQ:31,256,255,14,-178
IQ:32,264,1,-290,1
IQ:33,272,255,-5,175
IQ:34,280,2,149,-238
IQ:35,288,255,-172,-240
SW:2
RR:3
SS:3
FR:2402
ME:13
MA:240
KE:18
KA:229
DF_END

Data arrived...
DF_BEGIN
IQ:0,0,11,1,157
IQ:1,8,11,164,-23
IQ:2,16,11,-24,-167
IQ:3,24,11,-159,37
IQ:4,32,11,40,157
IQ:5,40,11,143,-63
IQ:6,48,11,-83,-138
IQ:7,56,11,-127,100
IQ:8,72,12,67,-233
IQ:9,80,255,-190,-32
IQ:10,88,1,-15,280
IQ:11,96,255,176,6
IQ:12,104,2,-236,-122
IQ:13,112,255,-189,209
IQ:14,120,10,31,194
IQ:15,128,255,91,-2
IQ:16,136,3,-214,73
IQ:17,144,255,-2,271
IQ:18,152,9,196,189
IQ:19,160,255,95,-45
IQ:20,168,4,-150,252
IQ:21,176,255,144,257
IQ:22,184,8,279,55
IQ:23,192,255,28,-187
IQ:24,200,7,-185,143
IQ:25,208,255,86,204
IQ:26,216,6,109,-19
IQ:27,224,255,-6,-18
IQ:28,232,5,118,169
IQ:29,240,255,239,19
IQ:30,248,12,228,-38
IQ:31,256,255,-69,-162
IQ:32,264,1,-252,130
IQ:33,272,255,77,158
IQ:34,280,2,4,-268
IQ:35,288,255,-266,-107
SW:2
RR:3
SS:3
FR:2402
ME:13
MA:237
KE:17
KA:230
DF_END

Data arrived...
DF_BEGIN
IQ:0,0,11,168,-95
IQ:1,8,11,-103,-176
IQ:2,16,11,-166,104
IQ:3,24,11,129,145
IQ:4,32,11,143,-137
IQ:5,40,11,-144,-136
IQ:6,48,11,-127,150
IQ:7,56,11,153,95
IQ:8,72,12,-122,3
IQ:9,80,255,14,92
IQ:10,88,1,108,-74
IQ:11,96,255,-60,-85
IQ:12,104,2,-38,107
IQ:13,112,255,119,45
IQ:14,120,10,157,-151
IQ:15,128,255,-55,-125
IQ:16,136,3,60,72
IQ:17,144,255,107,-66
IQ:18,152,9,-39,-185
IQ:19,160,255,-104,-16
IQ:20,168,4,113,-26
IQ:21,176,255,31,-137
IQ:22,184,8,-110,-147
IQ:23,192,255,-107,45
IQ:24,200,7,127,-2
IQ:25,208,255,46,-113
IQ:26,216,6,-34,-38
IQ:27,224,255,-34,3
IQ:28,232,5,10,-30
IQ:29,240,255,-23,-70
IQ:30,248,12,-69,-121
IQ:31,256,255,-66,41
IQ:32,264,1,119,46
IQ:33,272,255,31,-105
IQ:34,280,2,-109,16
IQ:35,288,255,-14,159
SW:2
RR:3
SS:3
FR:2480
ME:16
MA:223
KE:17
KA:229
DF_END

Data arrived...
DF_BEGIN
IQ:0,0,11,166,94
IQ:1,8,11,75,-168
IQ:2,16,11,-183,-49
IQ:3,24,11,-30,196
IQ:4,32,11,196,-2
IQ:5,40,11,-7,-194
IQ:6,48,11,-188,24
IQ:7,56,11,17,188
IQ:8,72,12,-83,-89
IQ:9,80,255,-55,70
IQ:10,88,1,131,29
IQ:11,96,255,21,-91
IQ:12,104,2,-103,43
IQ:13,112,255,42,117
IQ:14,120,10,211,1
IQ:15,128,255,51,-120
IQ:16,136,3,-8,92
IQ:17,144,255,128,38
IQ:18,152,9,121,-137
IQ:19,160,255,-51,-93
IQ:20,168,4,90,78
IQ:21,176,255,119,-64
IQ:22,184,8,53,-172
IQ:23,192,255,-106,-48
IQ:24,200,7,84,108
IQ:25,208,255,113,-33
IQ:26,216,6,6,-42
IQ:27,224,255,-23,-16
IQ:28,232,5,25,-14
IQ:29,240,255,39,-57
IQ:30,248,12,43,-112
IQ:31,256,255,-73,-23
IQ:32,264,1,34,128
IQ:33,272,255,97,-28
IQ:34,280,2,-79,-72
IQ:35,288,255,-116,100
SW:2
RR:3
SS:3
FR:2480
ME:13
MA:226
KE:16
KA:229
DF_END

Data arrived...
DF_BEGIN
IQ:0,0,11,-129,-132
IQ:1,8,11,-109,140
IQ:2,16,11,142,106
IQ:3,24,11,82,-168
IQ:4,32,11,-175,-66
IQ:5,40,11,-47,180
IQ:6,48,11,174,51
IQ:7,56,11,28,-176
IQ:8,72,12,69,142
IQ:9,80,255,119,-35
IQ:10,88,1,-104,-93
IQ:11,96,255,-85,52
IQ:12,104,2,126,-38
IQ:13,112,255,25,-127
IQ:14,120,10,-115,-77
IQ:15,128,255,-121,24
IQ:16,136,3,-132,-89
IQ:17,144,255,-117,35
IQ:18,152,9,-126,38
IQ:19,160,255,-63,48
IQ:20,168,4,-181,-53
IQ:21,176,255,-89,98
IQ:22,184,8,-37,121
IQ:23,192,255,41,41
IQ:24,200,7,-123,-44
IQ:25,208,255,-60,31
IQ:26,216,6,-55,-60
IQ:27,224,255,-120,51
IQ:28,232,5,-100,152
IQ:29,240,255,32,104
IQ:30,248,12,-97,138
IQ:31,256,255,68,86
IQ:32,264,1,43,-138
IQ:33,272,255,-84,-59
IQ:34,280,2,82,98
IQ:35,288,255,164,-45
SW:2
RR:3
SS:3
FR:2426
ME:27
MA:220
KE:17
KA:228
DF_END

Data arrived...
DF_BEGIN
IQ:0,0,11,-161,-33
IQ:1,8,11,-16,166
IQ:2,16,11,170,2
IQ:3,24,11,1,-178
IQ:4,32,11,-167,22
IQ:5,40,11,47,162
IQ:6,48,11,160,-67
IQ:7,56,11,-70,-145
IQ:8,72,12,226,106
IQ:9,80,255,53,-196
IQ:10,88,1,-293,-63
IQ:11,96,255,-27,191
IQ:12,104,2,178,-213
IQ:13,112,255,-163,-238
IQ:14,120,10,-207,-1
IQ:15,128,255,-16,98
IQ:16,136,3,-40,-230
IQ:17,144,255,-262,-74
IQ:18,152,9,-232,145
IQ:19,160,255,37,104
IQ:20,168,4,-232,-189
IQ:21,176,255,-290,109
IQ:22,184,8,-97,265
IQ:23,192,255,182,70
IQ:24,200,7,-102,-207
IQ:25,208,255,-219,55
IQ:26,216,6,2,116
IQ:27,224,255,33,3
IQ:28,232,5,-182,68
IQ:29,240,255,-70,227
IQ:30,248,12,11,244
IQ:31,256,255,187,-38
IQ:32,264,1,-76,-293
IQ:33,272,255,-173,45
IQ:34,280,2,283,47
IQ:35,288,255,166,-236
SW:2
RR:3
SS:3
FR:2402
ME:13
MA:240
KE:17
KA:229
DF_END

Data arrived...
DF_BEGIN
IQ:0,0,11,-116,155
IQ:1,8,11,166,87
IQ:2,16,11,89,-181
IQ:3,24,11,-172,-51
IQ:4,32,11,-40,187
IQ:5,40,11,190,16
IQ:6,48,11,-1,-190
IQ:7,56,11,-194,15
IQ:8,72,12,97,-79
IQ:9,80,255,-59,-62
IQ:10,88,1,-37,129
IQ:11,96,255,97,29
IQ:12,104,2,-22,-107
IQ:13,112,255,-123,32
IQ:14,120,10,-15,209
IQ:15,128,255,123,53
IQ:16,136,3,-95,-17
IQ:17,144,255,-56,127
IQ:18,152,9,122,136
IQ:19,160,255,90,-53
IQ:20,168,4,-88,75
IQ:21,176,255,53,125
IQ:22,184,8,166,73
IQ:23,192,255,69,-100
IQ:24,200,7,-113,68
IQ:25,208,255,17,115
IQ:26,216,6,40,11
IQ:27,224,255,21,-29
IQ:28,232,5,9,33
IQ:29,240,255,52,42
IQ:30,248,12,106,54
IQ:31,256,255,25,-81
IQ:32,264,1,-130,25
IQ:33,272,255,10,101
IQ:34,280,2,90,-70
IQ:35,288,255,-84,-138
SW:2
RR:3
SS:3
FR:2480
ME:13
MA:223
KE:16
KA:228
DF_END

Data arrived...
DF_BEGIN
IQ:0,0,11,184,50
IQ:1,8,11,63,-188
IQ:2,16,11,-184,-44
IQ:3,24,11,-5,184
IQ:4,32,11,189,-11
IQ:5,40,11,-35,-188
IQ:6,48,11,-176,59
IQ:7,56,11,78,171
IQ:8,72,12,-99,-74
IQ:9,80,255,-41,70
IQ:10,88,1,133,5
IQ:11,96,255,6,-100
IQ:12,104,2,-98,52
IQ:13,112,255,70,101
IQ:14,120,10,218,-29
IQ:15,128,255,28,-132
IQ:16,136,3,10,98
IQ:17,144,255,133,21
IQ:18,152,9,106,-156
IQ:19,160,255,-51,-82
IQ:20,168,4,107,57
IQ:21,176,255,111,-77
IQ:22,184,8,25,-176
IQ:23,192,255,-119,-33
IQ:24,200,7,93,88
IQ:25,208,255,112,-57
IQ:26,216,6,4,-39
IQ:27,224,255,-24,-12
IQ:28,232,5,32,-16
IQ:29,240,255,35,-66
IQ:30,248,12,29,-129
IQ:31,256,255,-74,-6
IQ:32,264,1,63,113
IQ:33,272,255,100,-47
IQ:34,280,2,-86,-71
IQ:35,288,255,-109,116
SW:2
RR:3
SS:3
FR:2480
ME:13
MA:223
KE:16
KA:228
DF_END

Data arrived...
DF_BEGIN
IQ:0,0,11,158,61
IQ:1,8,11,31,-146
IQ:2,16,11,-164,-24
IQ:3,24,11,-17,157
IQ:4,32,11,165,-8
IQ:5,40,11,-25,-162
IQ:6,48,11,-159,36
IQ:7,56,11,60,149
IQ:8,72,12,-196,-124
IQ:9,80,255,-70,182
IQ:10,88,1,286,78
IQ:11,96,255,66,-165
IQ:12,104,2,-190,192
IQ:13,112,255,121,260
IQ:14,120,10,194,34
IQ:15,128,255,14,-96
IQ:16,136,3,16,227
IQ:17,144,255,264,95
IQ:18,152,9,236,-118
IQ:19,160,255,-34,-109
IQ:20,168,4,181,236
IQ:21,176,255,291,-47
IQ:22,184,8,118,-241
IQ:23,192,255,-173,-93
IQ:24,200,7,80,215
IQ:25,208,255,222,-30
IQ:26,216,6,2,-108
IQ:27,224,255,-29,-5
IQ:28,232,5,199,-56
IQ:29,240,255,83,-216
IQ:30,248,12,36,-251
IQ:31,256,255,-178,9
IQ:32,264,1,52,276
IQ:33,272,255,175,-31
IQ:34,280,2,-264,-80
IQ:35,288,255,-185,220
SW:2
RR:3
SS:3
FR:2402
ME:13
MA:240
KE:16
KA:229
DF_END

Data arrived...
DF_BEGIN
IQ:0,0,11,-131,145
IQ:1,8,11,156,112
IQ:2,16,11,110,-167
IQ:3,24,11,-173,-72
IQ:4,32,11,-68,182
IQ:5,40,11,182,46
IQ:6,48,11,23,-195
IQ:7,56,11,-189,-19
IQ:8,72,12,108,-62
IQ:9,80,255,-51,-69
IQ:10,88,1,-66,122
IQ:11,96,255,88,54
IQ:12,104,2,-9,-103
IQ:13,112,255,-127,17
IQ:14,120,10,-57,209
IQ:15,128,255,116,74
IQ:16,136,3,-92,-40
IQ:17,144,255,-69,115
IQ:18,152,9,96,157
IQ:19,160,255,102,-33
IQ:20,168,4,-96,78
IQ:21,176,255,26,136
IQ:22,184,8,154,90
IQ:23,192,255,85,-87
IQ:24,200,7,-123,46
IQ:25,208,255,-15,119
IQ:26,216,6,35,19
IQ:27,224,255,22,-23
IQ:28,232,5,1,29
IQ:29,240,255,51,51
IQ:30,248,12,110,77
IQ:31,256,255,36,-73
IQ:32,264,1,-130,1
IQ:33,272,255,10,97
IQ:34,280,2,94,-60
IQ:35,288,255,-68,-152
SW:2
RR:3
SS:3
FR:2480
ME:13
MA:226
KE:15
KA:229
DF_END

Data arrived...
DF_BEGIN
IQ:0,0,11,-129,127
IQ:1,8,11,132,119
IQ:2,16,11,105,-145
IQ:3,24,11,-159,-84
IQ:4,32,11,-72,171
IQ:5,40,11,176,57
IQ:6,48,11,59,-175
IQ:7,56,11,-166,-35
IQ:8,72,12,145,-71
IQ:9,80,255,-22,-122
IQ:10,88,1,-107,107
IQ:11,96,255,48,80
IQ:12,104,2,-29,-124
IQ:13,112,255,-134,-26
IQ:14,120,10,-63,125
IQ:15,128,255,35,118
IQ:16,136,3,-73,138
IQ:17,144,255,33,115
IQ:18,152,9,42,129
IQ:19,160,255,59,64
IQ:20,168,4,-47,193
IQ:21,176,255,96,99
IQ:22,184,8,121,42
IQ:23,192,255,46,-41
IQ:24,200,7,-44,125
IQ:25,208,255,29,70
IQ:26,216,6,-61,44
IQ:27,224,255,35,116
IQ:28,232,5,151,104
IQ:29,240,255,115,-28
IQ:30,248,12,134,103
IQ:31,256,255,95,-68
IQ:32,264,1,-133,-33
IQ:33,272,255,-53,78
IQ:34,280,2,99,-93
IQ:35,288,255,-57,-160
SW:2
RR:3
SS:3
FR:2426
ME:27
MA:220
KE:16
KA:228
DF_END

Data arrived...
DF_BEGIN
IQ:0,0,11,-3,-176
IQ:1,8,11,-182,21
IQ:2,16,11,29,177
IQ:3,24,11,170,-61
IQ:4,32,11,-69,-171
IQ:5,40,11,-160,90
IQ:6,48,11,92,158
IQ:7,56,11,143,-104
IQ:8,72,12,-48,149
IQ:9,80,255,106,65
IQ:10,88,1,3,-150
IQ:11,96,255,-97,-28
IQ:12,104,2,113,76
IQ:13,112,255,104,-79
IQ:14,120,10,-39,-135
IQ:15,128,255,-112,-77
IQ:16,136,3,-42,-144
IQ:17,144,255,-108,-57
IQ:18,152,9,-124,-44
IQ:19,160,255,-89,-8
IQ:20,168,4,-105,-159
IQ:21,176,255,-139,-9
IQ:22,184,8,-121,48
IQ:23,192,255,-14,58
IQ:24,200,7,-57,-123
IQ:25,208,255,-70,-25
IQ:26,216,6,13,-79
IQ:27,224,255,-114,-57
IQ:28,232,5,-180,42
IQ:29,240,255,-61,96
IQ:30,248,12,-165,26
IQ:31,256,255,-13,113
IQ:32,264,1,122,-84
IQ:33,272,255,-20,-101
IQ:34,280,2,-17,127
IQ:35,288,255,143,85
SW:2
RR:3
SS:3
FR:2426
ME:27
MA:220
KE:17
KA:227
DF_END

Data arrived...
DF_BEGIN
IQ:0,0,11,-165,-31
IQ:1,8,11,-6,154
IQ:2,16,11,157,6
IQ:3,24,11,-13,-169
IQ:4,32,11,-155,24
IQ:5,40,11,44,154
IQ:6,48,11,156,-52
IQ:7,56,11,-78,-144
IQ:8,72,12,218,98
IQ:9,80,255,48,-177
IQ:10,88,1,-284,-50
IQ:11,96,255,-26,174
IQ:12,104,2,157,-229
IQ:13,112,255,-173,-227
IQ:14,120,10,-206,3
IQ:15,128,255,-17,85
IQ:16,136,3,-44,-221
IQ:17,144,255,-263,-60
IQ:18,152,9,-246,138
IQ:19,160,255,24,113
IQ:20,168,4,-227,-192
IQ:21,176,255,-278,107
IQ:22,184,8,-84,279
IQ:23,192,255,175,74
IQ:24,200,7,-140,-192
IQ:25,208,255,-222,67
IQ:26,216,6,2,112
IQ:27,224,255,25,4
IQ:28,232,5,-176,84
IQ:29,240,255,-39,234
IQ:30,248,12,12,227
IQ:31,256,255,176,-58
IQ:32,264,1,-84,-275
IQ:33,272,255,-171,50
IQ:34,280,2,277,41
IQ:35,288,255,149,-238
SW:2
RR:3
SS:3
FR:2402
ME:13
MA:237
KE:17
KA:228
DF_END

Data arrived...
DF_BEGIN
IQ:0,0,11,-190,-8
IQ:1,8,11,11,195
IQ:2,16,11,180,-41
IQ:3,24,11,-73,-184
IQ:4,32,11,-178,86
IQ:5,40,11,88,171
IQ:6,48,11,159,-104
IQ:7,56,11,-121,-154
IQ:8,72,12,109,41
IQ:9,80,255,15,-83
IQ:10,88,1,-127,40
IQ:11,96,255,21,103
IQ:12,104,2,73,-80
IQ:13,112,255,-104,-75
IQ:14,120,10,-206,90
IQ:15,128,255,8,133
IQ:16,136,3,-36,-93
IQ:17,144,255,-134,33
IQ:18,152,9,-52,179
IQ:19,160,255,87,54
IQ:20,168,4,-122,-30
IQ:21,176,255,-99,102
IQ:22,184,8,26,177
IQ:23,192,255,111,3
IQ:24,200,7,-123,-52
IQ:25,208,255,-90,80
IQ:26,216,6,11,44
IQ:27,224,255,22,0
IQ:28,232,5,-14,27
IQ:29,240,255,-9,69
IQ:30,248,12,1,125
IQ:31,256,255,73,-20
IQ:32,264,1,-103,-83
IQ:33,272,255,-81,74
IQ:34,280,2,103,37
IQ:35,288,255,72,-135
SW:2
RR:3
SS:3
FR:2480
ME:13
MA:226
KE:16
KA:227
DF_END

Data arrived...
DF_BEGIN
IQ:0,0,11,-168,-70
IQ:1,8,11,-37,165
IQ:2,16,11,182,29
IQ:3,24,11,17,-177
IQ:4,32,11,-183,-2
IQ:5,40,11,20,179
IQ:6,48,11,178,-38
IQ:7,56,11,-60,-174