SW:2
RR:3
SS:3
FR:2480
ME:13
MA:223
KE:18
KA:225
DF_END

Data arrived...
DF_BEGIN
IQ:0,0,11,-178,-50
IQ:1,8,11,-33,169
IQ:2,16,11,189,41
IQ:3,24,11,39,-184
IQ:4,32,11,-170,6
IQ:5,40,11,16,180
IQ:6,48,11,185,-37
IQ:7,56,11,-52,-183
IQ:8,72,12,122,90
IQ:9,80,255,89,-80
IQ:10,88,1,-139,-39
IQ:11,96,255,-61,74
IQ:12,104,2,93,-76
IQ:13,112,255,-29,-132
IQ:14,120,10,-135,-17
IQ:15,128,255,-96,74
IQ:16,136,3,-166,-20
IQ:17,144,255,-105,72
IQ:18,152,9,-97,76
IQ:19,160,255,-52,69
IQ:20,168,4,-196,32
IQ:21,176,255,-50,119
IQ:22,184,8,15,116
IQ:23,192,255,50,21
IQ:24,200,7,-128,10
IQ:25,208,255,-43,45
IQ:26,216,6,-75,-38
IQ:27,224,255,-104,91
IQ:28,232,5,-38,172
IQ:29,240,255,73,82
IQ:30,248,12,-43,161
IQ:31,256,255,90,60
IQ:32,264,1,-15,-141
IQ:33,272,255,-92,-23
IQ:34,280,2,107,51
IQ:35,288,255,129,-104
SW:2
RR:3
SS:3
FR:2426
ME:27
MA:220
KE:18
KA:225
DF_END

Data arrived...
DF_BEGIN
IQ:0,0,11,152,-3
IQ:1,8,11,-26,-151
IQ:2,16,11,-162,31
IQ:3,24,11,43,150
IQ:4,32,11,157,-47
IQ:5,40,11,-72,-149
IQ:6,48,11,-134,89
IQ:7,56,11,112,121
IQ:8,72,12,-225,-61
IQ:9,80,255,-17,183
IQ:10,88,1,277,-59
IQ:11,96,255,-18,-187
IQ:12,104,2,-110,233
IQ:13,112,255,203,186
IQ:14,120,10,202,-34
IQ:15,128,255,-6,-89
IQ:16,136,3,105,205
IQ:17,144,255,277,-14
IQ:18,152,9,177,-196
IQ:19,160,255,-63,-106
IQ:20,168,4,241,156
IQ:21,176,255,255,-154
IQ:22,184,8,34,-277
IQ:23,192,255,-189,-42
IQ:24,200,7,152,170
IQ:25,208,255,208,-93
IQ:26,216,6,-29,-101
IQ:27,224,255,-25,5
IQ:28,232,5,166,-119
IQ:29,240,255,26,-228
IQ:30,248,12,-31,-245
IQ:31,256,255,-164,62
IQ:32,264,1,141,237
IQ:33,272,255,165,-88
IQ:34,280,2,-268,-2
IQ:35,288,255,-107,257
SW:2
RR:3
SS:3
FR:2402
ME:13
MA:237
KE:18
KA:226
DF_END

Data arrived...
DF_BEGIN
IQ:0,0,11,-153,67
IQ:1,8,11,71,156
IQ:2,16,11,143,-84
IQ:3,24,11,-89,-127
IQ:4,32,11,-123,105
IQ:5,40,11,114,108
IQ:6,48,11,97,-130
IQ:7,56,11,-130,-93
IQ:8,72,12,242,-39
IQ:9,80,255,-64,-185
IQ:10,88,1,-256,117
IQ:11,96,255,76,161
IQ:12,104,2,26,-262
IQ:13,112,255,-261,-114
IQ:14,120,10,-174,88
IQ:15,128,255,32,79
IQ:16,136,3,-153,-169
IQ:17,144,255,-260,75
IQ:18,152,9,-133,232
IQ:19,160,255,72,89
IQ:20,168,4,-274,-56
IQ:21,176,255,-202,231
IQ:22,184,8,39,274
IQ:23,192,255,185,-29
IQ:24,200,7,-205,-101
IQ:25,208,255,-163,165
IQ:26,216,6,58,94
IQ:27,224,255,15,-9
IQ:28,232,5,-125,163
IQ:29,240,255,58,227
IQ:30,248,12,114,208
IQ:31,256,255,124,-118
IQ:32,264,1,-203,-208
IQ:33,272,255,-130,126
IQ:34,280,2,252,-90
IQ:35,288,255,15,-283
SW:2
RR:3
SS:3
FR:2402
ME:13
MA:240
KE:17
KA:227
DF_END

Data arrived...
DF_BEGIN
IQ:0,0,11,-155,108
IQ:1,8,11,124,139
IQ:2,16,11,131,-145
IQ:3,24,11,-159,-118
IQ:4,32,11,-93,168
IQ:5,40,11,164,93
IQ:6,48,11,54,-183
IQ:7,56,11,-186,-67
IQ:8,72,12,123,-19
IQ:9,80,255,-22,-72
IQ:10,88,1,-86,98
IQ:11,96,255,69,63
IQ:12,104,2,13,-106
IQ:13,112,255,-125,-15
IQ:14,120,10,-108,182
IQ:15,128,255,77,103
IQ:16,136,3,-79,-49
IQ:17,144,255,-87,92
IQ:18,152,9,62,172
IQ:19,160,255,100,2
IQ:20,168,4,-100,53
IQ:21,176,255,0,125
IQ:22,184,8,126,115
IQ:23,192,255,95,-61
IQ:24,200,7,-121,17
IQ:25,208,255,-21,108
IQ:26,216,6,28,38
IQ:27,224,255,27,-6
IQ:28,232,5,2,36
IQ:29,240,255,29,55
IQ:30,248,12,69,100
IQ:31,256,255,54,-55
IQ:32,264,1,-129,-29
IQ:33,272,255,-26,101
IQ:34,280,2,101,-23
IQ:35,288,255,-11,-152
SW:2
RR:3
SS:3
FR:2480
ME:16
MA:223
KE:17
KA:227
DF_END

Data arrived...
DF_BEGIN
IQ:0,0,11,-62,170
IQ:1,8,11,169,48
IQ:2,16,11,11,-184
IQ:3,24,11,-178,-9
IQ:4,32,11,19,178
IQ:5,40,11,186,-30
IQ:6,48,11,-28,-182
IQ:7,56,11,-165,47
IQ:8,72,12,93,-121
IQ:9,80,255,-105,-75
IQ:10,88,1,-40,135
IQ:11,96,255,68,57
IQ:12,104,2,-81,-103
IQ:13,112,255,-105,25
IQ:14,120,10,-10,130
IQ:15,128,255,87,90
IQ:16,136,3,6,200
IQ:17,144,255,118,85
IQ:18,152,9,86,97
IQ:19,160,255,98,58
IQ:20,168,4,30,202
IQ:21,176,255,138,49
IQ:22,184,8,123,-10
IQ:23,192,255,11,-28
IQ:24,200,7,11,127
IQ:25,208,255,38,44
IQ:26,216,6,-27,72
IQ:27,224,255,81,80
IQ:28,232,5,155,27
IQ:29,240,255,99,-58
IQ:30,248,12,155,34
IQ:31,256,255,89,-91
IQ:32,264,1,-142,14
IQ:33,272,255,-18,109
IQ:34,280,2,50,-105
IQ:35,288,255,-125,-109
SW:2
RR:3
SS:3
FR:2426
ME:27
MA:220
KE:18
KA:226
DF_END

Data arrived...
DF_BEGIN
IQ:0,0,11,-179,0
IQ:1,8,11,22,173
IQ:2,16,11,186,-24
IQ:3,24,11,-35,-187
IQ:4,32,11,-174,49
IQ:5,40,11,79,160
IQ:6,48,11,161,-90
IQ:7,56,11,-97,-157
IQ:8,72,12,149,65
IQ:9,80,255,71,-100
IQ:10,88,1,-153,-8
IQ:11,96,255,-37,86
IQ:12,104,2,80,-99
IQ:13,112,255,-61,-111
IQ:14,120,10,-137,13
IQ:15,128,255,-84,103
IQ:16,136,3,-160,25
IQ:17,144,255,-70,105
IQ:18,152,9,-74,107
IQ:19,160,255,-25,84
IQ:20,168,4,-182,71
IQ:21,176,255,-15,134
IQ:22,184,8,51,117
IQ:23,192,255,62,13
IQ:24,200,7,-122,42
IQ:25,208,255,-41,62
IQ:26,216,6,-80,-24
IQ:27,224,255,-68,100
IQ:28,232,5,12,175
IQ:29,240,255,93,67
IQ:30,248,12,-11,165
IQ:31,256,255,110,29
IQ:32,264,1,-73,-126
IQ:33,272,255,-106,21
IQ:34,280,2,128,27
IQ:35,288,255,92,-133
SW:2
RR:3
SS:3
FR:2426
ME:27
MA:220
KE:19
KA:226
DF_END

Data arrived...
DF_BEGIN
IQ:0,0,11,-83,164
IQ:1,8,11,156,56
IQ:2,16,11,34,-166
IQ:3,24,11,-169,-26
IQ:4,32,11,-1,169
IQ:5,40,11,168,4
IQ:6,48,11,-19,-167
IQ:7,56,11,-157,47
IQ:8,72,12,170,-184
IQ:9,80,255,-172,-116
IQ:10,88,1,-115,265
IQ:11,96,255,175,80
IQ:12,104,2,-151,-221
IQ:13,112,255,-265,85
IQ:14,120,10,-63,198
IQ:15,128,255,99,33
IQ:16,136,3,-227,-19
IQ:17,144,255,-142,245
IQ:18,152,9,93,271
IQ:19,160,255,120,6
IQ:20,168,4,-251,164
IQ:21,176,255,37,307
IQ:22,184,8,225,172
IQ:23,192,255,125,-159
IQ:24,200,7,-247,37
IQ:25,208,255,-35,230
IQ:26,216,6,110,27
IQ:27,224,255,10,-23
IQ:28,232,5,12,198
IQ:29,240,255,200,127
IQ:30,248,12,246,72
IQ:31,256,255,6,-187
IQ:32,264,1,-302,29
IQ:33,272,255,7,193
IQ:34,280,2,154,-227
IQ:35,288,255,-185,-228
SW:2
RR:3
SS:3
FR:2402
ME:13
MA:240
KE:18
KA:227
DF_END

Data arrived...
DF_BEGIN
IQ:0,0,11,-143,122
IQ:1,8,11,147,133
IQ:2,16,11,109,-166
IQ:3,24,11,-168,-98
IQ:4,32,11,-81,178
IQ:5,40,11,180,53
IQ:6,48,11,47,-186
IQ:7,56,11,-188,-37
IQ:8,72,12,121,-45
IQ:9,80,255,-37,-82
IQ:10,88,1,-73,104
IQ:11,96,255,82,52
IQ:12,104,2,11,-112
IQ:13,112,255,-123,-3
IQ:14,120,10,-92,188
IQ:15,128,255,91,90
IQ:16,136,3,-82,-45
IQ:17,144,255,-83,101
IQ:18,152,9,70,155
IQ:19,160,255,101,-15
IQ:20,168,4,-94,56
IQ:21,176,255,11,127
IQ:22,184,8,124,111
IQ:23,192,255,81,-82
IQ:24,200,7,-126,25
IQ:25,208,255,-15,116
IQ:26,216,6,28,26
IQ:27,224,255,21,-13
IQ:28,232,5,6,32
IQ:29,240,255,36,56
IQ:30,248,12,90,95
IQ:31,256,255,51,-62
IQ:32,264,1,-133,-10
IQ:33,272,255,-15,100
IQ:34,280,2,100,-38
IQ:35,288,255,-26,-153
SW:2
RR:3
SS:3
FR:2480
ME:13
MA:226
KE:18
KA:227
DF_END

Data arrived...
DF_BEGIN
IQ:0,0,11,74,-169
IQ:1,8,11,-181,-46
IQ:2,16,11,-45,187
IQ:3,24,11,173,19
IQ:4,32,11,-1,-187
IQ:5,40,11,-182,14
IQ:6,48,11,27,180
IQ:7,56,11,180,-40
IQ:8,72,12,-102,107
IQ:9,80,255,83,89
IQ:10,88,1,23,-141
IQ:11,96,255,-84,-59
IQ:12,104,2,80,108
IQ:13,112,255,122,-21
IQ:14,120,10,21,-138
IQ:15,128,255,-75,-104
IQ:16,136,3,29,-155
IQ:17,144,255,-80,-94
IQ:18,152,9,-84,-104
IQ:19,160,255,-76,-57
IQ:20,168,4,1,-200
IQ:21,176,255,-118,-67
IQ:22,184,8,-133,7
IQ:23,192,255,-25,60
IQ:24,200,7,5,-134
IQ:25,208,255,-61,-54
IQ:26,216,6,46,-73
IQ:27,224,255,-86,-94
IQ:28,232,5,-179,-39
IQ:29,240,255,-97,59
IQ:30,248,12,-164,-42
IQ:31,256,255,-60,91
IQ:32,264,1,144,-15
IQ:33,272,255,20,-97
IQ:34,280,2,-69,114
IQ:35,288,255,98,139
SW:2
RR:3
SS:3
FR:2426
ME:27
MA:220
KE:19
KA:226
DF_END

Data arrived...
DF_BEGIN
IQ:0,0,11,144,113
IQ:1,8,11,87,-163
IQ:2,16,11,-161,-87
IQ:3,24,11,-76,160
IQ:4,32,11,173,51
IQ:5,40,11,34,-182
IQ:6,48,11,-186,-21
IQ:7,56,11,7,182
IQ:8,72,12,-86,-139
IQ:9,80,255,-116,45
IQ:10,88,1,129,75
IQ:11,96,255,84,-60
IQ:12,104,2,-121,42
IQ:13,112,255,-23,132
IQ:14,120,10,124,61
IQ:15,128,255,120,-35
IQ:16,136,3,135,67
IQ:17,144,255,110,-53
IQ:18,152,9,122,-54
IQ:19,160,255,69,-58
IQ:20,168,4,191,39
IQ:21,176,255,83,-106
IQ:22,184,8,24,-124
IQ:23,192,255,-46,-46
IQ:24,200,7,121,25
IQ:25,208,255,69,-36
IQ:26,216,6,60,58
IQ:27,224,255,112,-65
IQ:28,232,5,91,-159
IQ:29,240,255,-29,-105
IQ:30,248,12,86,-147
IQ:31,256,255,-80,-83
IQ:32,264,1,-33,145
IQ:33,272,255,85,51
IQ:34,280,2,-85,-93
IQ:35,288,255,-153,67
SW:2
RR:3
SS:3
FR:2426
ME:27
MA:220
KE:19
KA:226
DF_END

Data arrived...
DF_BEGIN
IQ:0,0,11,40,164
IQ:1,8,11,153,-59
IQ:2,16,11,-76,-151
IQ:3,24,11,-158,78
IQ:4,32,11,96,133
IQ:5,40,11,120,-118
IQ:6,48,11,-115,-124
IQ:7,56,11,-107,132
IQ:8,72,12,30,-242
IQ:9,80,255,-199,19
IQ:10,88,1,83,274
IQ:11,96,255,182,-53
IQ:12,104,2,-271,-74
IQ:13,112,255,-158,227
IQ:14,120,10,75,190
IQ:15,128,255,90,-16
IQ:16,136,3,-191,120
IQ:17,144,255,33,281
IQ:18,152,9,217,156
IQ:19,160,255,93,-69
IQ:20,168,4,-120,275
IQ:21,176,255,189,231
IQ:22,184,8,279,4
IQ:23,192,255,10,-199
IQ:24,200,7,-153,175
IQ:25,208,255,130,197
IQ:26,216,6,111,-26
IQ:27,224,255,-16,-29
IQ:28,232,5,130,135
IQ:29,240,255,228,-27
IQ:30,248,12,231,-78
IQ:31,256,255,-99,-150
IQ:32,264,1,-225,192
IQ:33,272,255,109,141
IQ:34,280,2,-35,-274
IQ:35,288,255,-288,-76
SW:2
RR:3
SS:3
FR:2402
ME:13
MA:240
KE:19
KA:227
DF_END

Data arrived...
DF_BEGIN
IQ:0,0,11,156,-105
IQ:1,8,11,-138,-149
IQ:2,16,11,-135,137
IQ:3,24,11,165,106
IQ:4,32,11,92,-165
IQ:5,40,11,-182,-69
IQ:6,48,11,-51,187
IQ:7,56,11,190,56
IQ:8,72,12,-127,16
IQ:9,80,255,31,79
IQ:10,88,1,94,-106
IQ:11,96,255,-83,-69
IQ:12,104,2,-20,106
IQ:13,112,255,124,15
IQ:14,120,10,86,-198
IQ:15,128,255,-88,-98
IQ:16,136,3,73,51
IQ:17,144,255,87,-95
IQ:18,152,9,-56,-174
IQ:19,160,255,-107,-1
IQ:20,168,4,105,-60
IQ:21,176,255,9,-129
IQ:22,184,8,-126,-128
IQ:23,192,255,-98,67
IQ:24,200,7,122,-18
IQ:25,208,255,40,-117
IQ:26,216,6,-33,-35
IQ:27,224,255,-31,7
IQ:28,232,5,-2,-36
IQ:29,240,255,-25,-59
IQ:30,248,12,-83,-97
IQ:31,256,255,-57,54
IQ:32,264,1,139,15
IQ:33,272,255,35,-102
IQ:34,280,2,-107,26
IQ:35,288,255,6,156
SW:2
RR:3
SS:3
FR:2480
ME:13
MA:223
KE:18
KA:227
DF_END

Data arrived...
DF_BEGIN
IQ:0,0,11,-125,-129
IQ:1,8,11,-127,133
IQ:2,16,11,148,108
IQ:3,24,11,105,-147
IQ:4,32,11,-164,-86
IQ:5,40,11,-71,168
IQ:6,48,11,168,54
IQ:7,56,11,26,-177
IQ:8,72,12,48,149
IQ:9,80,255,124,-16
IQ:10,88,1,-101,-97
IQ:11,96,255,-83,43
IQ:12,104,2,125,-33
IQ:13,112,255,35,-125
IQ:14,120,10,-115,-83
IQ:15,128,255,-126,13
IQ:16,136,3,-132,-89
IQ:17,144,255,-115,32
IQ:18,152,9,-126,34
IQ:19,160,255,-78,46
IQ:20,168,4,-198,-67
IQ:21,176,255,-105,86
IQ:22,184,8,-61,111
IQ:23,192,255,29,56
IQ:24,200,7,-119,-47
IQ:25,208,255,-69,26
IQ:26,216,6,-41,-74
IQ:27,224,255,-125,37
IQ:28,232,5,-120,145
IQ:29,240,255,19,111
IQ:30,248,12,-130,110
IQ:31,256,255,54,104
IQ:32,264,1,46,-126
IQ:33,272,255,-80,-61
IQ:34,280,2,80,98
IQ:35,288,255,161,-30
SW:2
RR:3
SS:3
FR:2426
ME:27
MA:220
KE:19
KA:226
DF_END

Data arrived...
DF_BEGIN
IQ:0,0,11,-177,8
IQ:1,8,11,21,175
IQ:2,16,11,174,-47
IQ:3,24,11,-70,-165
IQ:4,32,11,-163,79
IQ:5,40,11,88,163
IQ:6,48,11,140,-113
IQ:7,56,11,-127,-138
IQ:8,72,12,146,42
IQ:9,80,255,68,-102
IQ:10,88,1,-140,12
IQ:11,96,255,-24,99
IQ:12,104,2,58,-108
IQ:13,112,255,-78,-103
IQ:14,120,10,-131,38
IQ:15,128,255,-65,102
IQ:16,136,3,-157,40
IQ:17,144,255,-62,106
IQ:18,152,9,-72,106
IQ:19,160,255,-23,93
IQ:20,168,4,-169,104
IQ:21,176,255,7,134
IQ:22,184,8,64,110
IQ:23,192,255,55,12
IQ:24,200,7,-118,56
IQ:25,208,255,-30,58
IQ:26,216,6,-83,-11
IQ:27,224,255,-52,115
IQ:28,232,5,46,179
IQ:29,240,255,101,41
IQ:30,248,12,8,162
IQ:31,256,255,102,19
IQ:32,264,1,-80,-125
IQ:33,272,255,-99,25
IQ:34,280,2,124,2
IQ:35,288,255,70,-153
SW:2
RR:3
SS:3
FR:2426
ME:27
MA:220
KE:20
KA:225
DF_END

Data arrived...
DF_BEGIN
IQ:0,0,11,162,17
IQ:1,8,11,-9,-165
IQ:2,16,11,-164,19
IQ:3,24,11,35,152
IQ:4,32,11,161,-58
IQ:5,40,11,-67,-146
IQ:6,48,11,-150,75
IQ:7,56,11,78,137
IQ:8,72,12,-227,-69
IQ:9,80,255,-35,180
IQ:10,88,1,286,7
IQ:11,96,255,0,-178
IQ:12,104,2,-129,238
IQ:13,112,255,189,205
IQ:14,120,10,207,-19
IQ:15,128,255,8,-89
IQ:16,136,3,80,212
IQ:17,144,255,265,54
IQ:18,152,9,215,-142
IQ:19,160,255,-58,-106
IQ:20,168,4,234,154
IQ:21,176,255,256,-142
IQ:22,184,8,82,-262
IQ:23,192,255,-185,-56
IQ:24,200,7,144,183
IQ:25,208,255,213,-73
IQ:26,216,6,-3,-120
IQ:27,224,255,-19,2
IQ:28,232,5,163,-99
IQ:29,240,255,13,-226
IQ:30,248,12,-37,-241
IQ:31,256,255,-181,45
IQ:32,264,1,106,259
IQ:33,272,255,169,-82
IQ:34,280,2,-277,-44
IQ:35,288,255,-142,255
SW:2
RR:3
SS:3
FR:2402
ME:13
MA:240
KE:19
KA:227
DF_END

Data arrived...
DF_BEGIN
IQ:0,0,11,160,99
IQ:1,8,11,84,-174
IQ:2,16,11,-174,-53
IQ:3,24,11,-19,197
IQ:4,32,11,195,21
IQ:5,40,11,9,-186
IQ:6,48,11,-187,23
IQ:7,56,11,29,196
IQ:8,72,12,-82,-91
IQ:9,80,255,-70,62
IQ:10,88,1,126,43
IQ:11,96,255,29,-90
IQ:12,104,2,-113,36
IQ:13,112,255,34,126
IQ:14,120,10,209,11
IQ:15,128,255,58,-121
IQ:16,136,3,-25,94
IQ:17,144,255,115,60
IQ:18,152,9,137,-116
IQ:19,160,255,-36,-89
IQ:20,168,4,88,79
IQ:21,176,255,124,-45
IQ:22,184,8,65,-162
IQ:23,192,255,-96,-61
IQ:24,200,7,72,108
IQ:25,208,255,122,-9
IQ:26,216,6,12,-41
IQ:27,224,255,-26,-20
IQ:28,232,5,35,-9
IQ:29,240,255,47,-46
IQ:30,248,12,71,-110
IQ:31,256,255,-77,-21
IQ:32,264,1,28,134
IQ:33,272,255,105,-11
IQ:34,280,2,-66,-83
IQ:35,288,255,-141,74
SW:2
RR:3
SS:3
FR:2480
ME:13
MA:223
KE:18
KA:226
DF_END

Data arrived...
DF_BEGIN
IQ:0,0,11,89,150
IQ:1,8,11,146,-109
IQ:2,16,11,-122,-131
IQ:3,24,11,-116,131
IQ:4,32,11,151,100
IQ:5,40,11,91,-162
IQ:6,48,11,-156,-94
IQ:7,56,11,-76,163
IQ:8,72,12,-31,-154
IQ:9,80,255,-125,4
IQ:10,88,1,89,118
IQ:11,96,255,100,-26
IQ:12,104,2,-132,5
IQ:13,112,255,-59,116
IQ:14,120,10,90,103
IQ:15,128,255,129,13
IQ:16,136,3,106,109
IQ:17,144,255,120,0
IQ:18,152,9,130,-12
IQ:19,160,255,77,-38
IQ:20,168,4,179,92
IQ:21,176,255,120,-75
IQ:22,184,8,72,-109
IQ:23,192,255,-30,-48
IQ:24,200,7,97,86
IQ:25,208,255,68,-4
IQ:26,216,6,29,75
IQ:27,224,255,124,-2
IQ:28,232,5,135,-116
IQ:29,240,255,7,-116
IQ:30,248,12,139,-85
IQ:31,256,255,-33,-105
IQ:32,264,1,-77,114
IQ:33,272,255,64,74
IQ:34,280,2,-50,-118
IQ:35,288,255,-169,-10
SW:2
RR:3
SS:3
FR:2426
ME:27
MA:220
KE:19
KA:225
DF_END

Data arrived...
DF_BEGIN
IQ:0,0,11,127,117
IQ:1,8,11,110,-149
IQ:2,16,11,-147,-101
IQ:3,24,11,-106,152
IQ:4,32,11,162,78
IQ:5,40,11,56,-173
IQ:6,48,11,-177,-40
IQ:7,56,11,-15,173
IQ:8,72,12,-61,-144
IQ:9,80,255,-115,28
IQ:10,88,1,99,99
IQ:11,96,255,83,-47
IQ:12,104,2,-126,31
IQ:13,112,255,-27,128
IQ:14,120,10,105,81
IQ:15,128,255,124,-15
IQ:16,136,3,136,78
IQ:17,144,255,119,-40
IQ:18,152,9,133,-27
IQ:19,160,255,85,-42
IQ:20,168,4,188,58
IQ:21,176,255,94,-93
IQ:22,184,8,34,-123
IQ:23,192,255,-33,-47
IQ:24,200,7,114,38
IQ:25,208,255,63,-26
IQ:26,216,6,43,64
IQ:27,224,255,124,-34
IQ:28,232,5,110,-142
IQ:29,240,255,-20,-114
IQ:30,248,12,113,-117
IQ:31,256,255,-60,-97
IQ:32,264,1,-37,139
IQ:33,272,255,85,52
IQ:34,280,2,-85,-103
IQ:35,288,255,-160,43
SW:2
RR:3
SS:3
FR:2426
ME:27
MA:220
KE:20
KA:225
DF_END

Data arrived...
DF_BEGIN
IQ:0,0,11,151,-61
IQ:1,8,11,-86,-154
IQ:2,16,11,-136,90
IQ:3,24,11,111,124
IQ:4,32,11,119,-115
IQ:5,40,11,-132,-102
IQ:6,48,11,-116,129
IQ:7,56,11,132,96
IQ:8,72,12,-236,18
IQ:9,80,255,51,185
IQ:10,88,1,273,-118
IQ:11,96,255,-63,-160
IQ:12,104,2,-19,284
IQ:13,112,255,256,98
IQ:14,120,10,179,-103
IQ:15,128,255,-30,-87
IQ:16,136,3,144,165
IQ:17,144,255,261,-80
IQ:18,152,9,116,-243
IQ:19,160,255,-90,-75
IQ:20,168,4,269,73
IQ:21,176,255,201,-224
IQ:22,184,8,-24,-278
IQ:23,192,255,-183,30
IQ:24,200,7,198,138
IQ:25,208,255,167,-154
IQ:26,216,6,-46,-98
IQ:27,224,255,-26,6
IQ:28,232,5,123,-158
IQ:29,240,255,-54,-233
IQ:30,248,12,-109,-214
IQ:31,256,255,-144,109
IQ:32,264,1,225,170
IQ:33,272,255,123,-141
IQ:34,280,2,-253,64
IQ:35,288,255,-9,286
SW:2
RR:3
SS:3
FR:2402
ME:13
MA:240
KE:19
KA:226
DF_END

Data arrived...
DF_BEGIN
IQ:0,0,11,-143,-59
IQ:1,8,11,-50,147
IQ:2,16,11,138,36
IQ:3,24,11,21,-143
IQ:4,32,11,-150,0
IQ:5,40,11,8,141
IQ:6,48,11,143,-34
IQ:7,56,11,-40,-141
IQ:8,72,12,70,71
IQ:9,80,255,39,-51
IQ:10,88,1,-102,-20
IQ:11,96,255,-18,76
IQ:12,104,2,76,-31
IQ:13,112,255,-41,-85
IQ:14,120,10,-159,4
IQ:15,128,255,-34,93
IQ:16,136,3,5,-67
IQ:17,144,255,-91,-38
IQ:18,152,9,-85,102
IQ:19,160,255,38,64
IQ:20,168,4,-74,-45
IQ:21,176,255,-89,49
IQ:22,184,8,-37,132
IQ:23,192,255,76,39
IQ:24,200,7,-61,-78
IQ:25,208,255,-87,24
IQ:26,216,6,-12,29
IQ:27,224,255,16,15
IQ:28,232,5,-20,11
IQ:29,240,255,-35,39
IQ:30,248,12,-35,88
IQ:31,256,255,52,19
IQ:32,264,1,-33,-95
IQ:33,272,255,-79,19
IQ:34,280,2,56,63
IQ:35,288,255,100,-63
SW:2
RR:3
SS:3
FR:2480
ME:13
MA:223
KE:19
KA:226
DF_END

Data arrived...
DF_BEGIN
IQ:0,0,11,-89,-168
IQ:1,8,11,-143,92
IQ:2,16,11,123,126
IQ:3,24,11,111,-137
IQ:4,32,11,-145,-88
IQ:5,40,11,-81,165
IQ:6,48,11,163,79
IQ:7,56,11,67,-168
IQ:8,72,12,29,143
IQ:9,80,255,114,-7
IQ:10,88,1,-79,-116
IQ:11,96,255,-95,32
IQ:12,104,2,129,-9
IQ:13,112,255,51,-122
IQ:14,120,10,-99,-95
IQ:15,128,255,-130,-3
IQ:16,136,3,-127,-115
IQ:17,144,255,-117,9
IQ:18,152,9,-131,16
IQ:19,160,255,-74,41
IQ:20,168,4,-173,-89
IQ:21,176,255,-123,72
IQ:22,184,8,-64,119
IQ:23,192,255,18,66
IQ:24,200,7,-111,-60
IQ:25,208,255,-78,23
IQ:26,216,6,-30,-71
IQ:27,224,255,-124,5
IQ:28,232,5,-132,121
IQ:29,240,255,8,110
IQ:30,248,12,-143,103
IQ:31,256,255,28,106
IQ:32,264,1,61,-128
IQ:33,272,255,-64,-77
IQ:34,280,2,53,119
IQ:35,288,255,152,-11
SW:2
RR:3
SS:3
FR:2426
ME:27
MA:220
KE:20
KA:225
DF_END