DF_END

Data arrived...
DF_BEGIN
IQ:0,0,11,-170,106
IQ:1,8,11,128,184
IQ:2,16,11,174,-121
IQ:3,24,11,-154,-146
IQ:4,32,11,-137,166
IQ:5,40,11,160,115
IQ:6,48,11,78,-198
IQ:7,56,11,-196,-80
IQ:8,72,12,229,-111
IQ:9,80,255,-30,-100
IQ:10,88,1,59,238
IQ:11,96,255,159,3
IQ:12,104,2,-166,-6
IQ:13,112,255,-110,120
IQ:14,120,10,-85,31
IQ:15,128,255,-51,45
IQ:16,136,3,-165,130
IQ:17,144,255,-49,163
IQ:18,152,9,-136,116
IQ:19,160,255,-7,110
IQ:20,168,4,-110,104
IQ:21,176,255,12,134
IQ:22,184,8,-56,29
IQ:23,192,255,-34,-23
IQ:24,200,7,-159,-177
IQ:25,208,255,-138,60
IQ:26,216,6,48,-2
IQ:27,224,255,-32,64
IQ:28,232,5,87,346
IQ:29,240,255,288,121
IQ:30,248,12,195,176
IQ:31,256,255,72,-54
IQ:32,264,1,-163,162
IQ:33,272,255,72,128
IQ:34,280,2,-49,-147
IQ:35,288,255,-146,-87
SW:2
RR:3
SS:3
FR:2480
ME:24
MA:271
KE:16
KA:88
DF_END

Data arrived...
DF_BEGIN
IQ:0,0,11,-134,73
IQ:1,8,11,96,127
IQ:2,16,11,123,-102
IQ:3,24,11,-109,-108
IQ:4,32,11,-112,110
IQ:5,40,11,119,100
IQ:6,48,11,83,-125
IQ:7,56,11,-140,-69
IQ:8,72,12,139,-47
IQ:9,80,255,25,-145
IQ:10,88,1,-27,-16
IQ:11,96,255,-33,63
IQ:12,104,2,-40,87
IQ:13,112,255,13,-1
IQ:14,120,10,-131,-15
IQ:15,128,255,-54,152
IQ:16,136,3,58,142
IQ:17,144,255,27,-36
IQ:18,152,9,-202,79
IQ:19,160,255,3,207
IQ:20,168,4,135,99
IQ:21,176,255,30,-61
IQ:22,184,8,-153,107
IQ:23,192,255,40,110
IQ:24,200,7,-98,-116
IQ:25,208,255,-175,38
IQ:26,216,6,-64,96
IQ:27,224,255,88,101
IQ:28,232,5,133,33
IQ:29,240,255,47,-43
IQ:30,248,12,115,126
IQ:31,256,255,137,-25
IQ:32,264,1,3,-40
IQ:33,272,255,-70,-9
IQ:34,280,2,-101,7
IQ:35,288,255,-18,7
SW:2
RR:3
SS:3
FR:2426
ME:13
MA:91
KE:16
KA:89
DF_END

Data arrived...
DF_BEGIN
IQ:0,0,11,-57,146
IQ:1,8,11,142,38
IQ:2,16,11,22,-152
IQ:3,24,11,-155,-11
IQ:4,32,11,-4,157
IQ:5,40,11,159,-3
IQ:6,48,11,-22,-159
IQ:7,56,11,-154,38
IQ:8,72,12,76,-135
IQ:9,80,255,-91,-117
IQ:10,88,1,-34,9
IQ:11,96,255,19,76
IQ:12,104,2,37,85
IQ:13,112,255,5,-1
IQ:14,120,10,-104,94
IQ:15,128,255,66,152
IQ:16,136,3,150,70
IQ:17,144,255,-6,-50
IQ:18,152,9,-99,187
IQ:19,160,255,154,150
IQ:20,168,4,165,-25
IQ:21,176,255,-26,-72
IQ:22,184,8,-41,182
IQ:23,192,255,110,51
IQ:24,200,7,-157,-27
IQ:25,208,255,-102,140
IQ:26,216,6,23,105
IQ:27,224,255,139,5
IQ:28,232,5,133,-74
IQ:29,240,255,7,-64
IQ:30,248,12,160,15
IQ:31,256,255,77,-124
IQ:32,264,1,-22,-30
IQ:33,272,255,-58,49
IQ:34,280,2,-67,68
IQ:35,288,255,-9,10
SW:2
RR:3
SS:3
FR:2426
ME:13
MA:89
KE:15
KA:89
DF_END

Data arrived...
DF_BEGIN
IQ:0,0,11,64,-202
IQ:1,8,11,-207,-39
IQ:2,16,11,-23,204
IQ:3,24,11,213,-1
IQ:4,32,11,-13,-213
IQ:5,40,11,-198,35
IQ:6,48,11,43,202
IQ:7,56,11,199,-70
IQ:8,72,12,-126,84
IQ:9,80,255,69,163
IQ:10,88,1,78,-2
IQ:11,96,255,-100,-120
IQ:12,104,2,-347,-47
IQ:13,112,255,-38,198
IQ:14,120,10,150,-198
IQ:15,128,255,-224,-202
IQ:16,136,3,-374,70
IQ:17,144,255,15,217
IQ:18,152,9,32,-171
IQ:19,160,255,-225,-72
IQ:20,168,4,-232,142
IQ:21,176,255,78,114
IQ:22,184,8,-20,-208
IQ:23,192,255,-205,5
IQ:24,200,7,26,108
IQ:25,208,255,124,-51
IQ:26,216,6,-35,-163
IQ:27,224,255,-226,57
IQ:28,232,5,-96,255
IQ:29,240,255,131,79
IQ:30,248,12,-134,-76
IQ:31,256,255,-128,119
IQ:32,264,1,29,63
IQ:33,272,255,62,-133
IQ:34,280,2,-85,-332
IQ:35,288,255,-198,40
SW:2
RR:3
SS:3
FR:2402
ME:7
MA:89
KE:14
KA:88
DF_END

Data arrived...
DF_BEGIN
IQ:0,0,11,170,102
IQ:1,8,11,86,-189
IQ:2,16,11,-186,-76
IQ:3,24,11,-58,191
IQ:4,32,11,208,33
IQ:5,40,11,13,-212
IQ:6,48,11,-206,-18
IQ:7,56,11,15,193
IQ:8,72,12,-209,-140
IQ:9,80,255,-69,68
IQ:10,88,1,174,-173
IQ:11,96,255,-65,-122
IQ:12,104,2,78,124
IQ:13,112,255,142,13
IQ:14,120,10,59,68
IQ:15,128,255,67,27
IQ:16,136,3,196,92
IQ:17,144,255,152,-54
IQ:18,152,9,152,47
IQ:19,160,255,97,-48
IQ:20,168,4,158,73
IQ:21,176,255,117,-68
IQ:22,184,8,38,48
IQ:23,192,255,3,47
IQ:24,200,7,-91,205
IQ:25,208,255,92,106
IQ:26,216,6,-35,-33
IQ:27,224,255,98,-8
IQ:28,232,5,258,-244
IQ:29,240,255,-34,-308
IQ:30,248,12,72,-253
IQ:31,256,255,-61,-44
IQ:32,264,1,215,64
IQ:33,272,255,85,-137
IQ:34,280,2,-85,122
IQ:35,288,255,-2,159
SW:2
RR:3
SS:3
FR:2480
ME:27
MA:268
KE:15
KA:89
DF_END

Data arrived...
DF_BEGIN
IQ:0,0,11,-101,164
IQ:1,8,11,190,74
IQ:2,16,11,73,-205
IQ:3,24,11,-191,-41
IQ:4,32,11,-17,200
IQ:5,40,11,209,0
IQ:6,48,11,17,-214
IQ:7,56,11,-196,16
IQ:8,72,12,123,-208
IQ:9,80,255,-52,-74
IQ:10,88,1,192,159
IQ:11,96,255,140,-91
IQ:12,104,2,-145,66
IQ:13,112,255,-15,146
IQ:14,120,10,-62,47
IQ:15,128,255,-36,69
IQ:16,136,3,-78,182
IQ:17,144,255,41,148
IQ:18,152,9,-52,150
IQ:19,160,255,40,107
IQ:20,168,4,-41,148
IQ:21,176,255,75,95
IQ:22,184,8,-58,43
IQ:23,192,255,-25,-2
IQ:24,200,7,-219,-85
IQ:25,208,255,-98,127
IQ:26,216,6,36,-43
IQ:27,224,255,21,89
IQ:28,232,5,243,258
IQ:29,240,255,327,-39
IQ:30,248,12,251,63
IQ:31,256,255,53,-83
IQ:32,264,1,-48,224
IQ:33,272,255,141,75
IQ:34,280,2,-123,-117
IQ:35,288,255,-167,-9
SW:2
RR:3
SS:3
FR:2480
ME:27
MA:268
KE:17
KA:90
DF_END

Data arrived...
DF_BEGIN
IQ:0,0,11,-6,-154
IQ:1,8,11,-155,14
IQ:2,16,11,20,158
IQ:3,24,11,154,-37
IQ:4,32,11,-46,-146
IQ:5,40,11,-141,61
IQ:6,48,11,90,124
IQ:7,56,11,129,-95
IQ:8,72,12,-21,152
IQ:9,80,255,125,92
IQ:10,88,1,24,-27
IQ:11,96,255,-50,-54
IQ:12,104,2,-68,-72
IQ:13,112,255,-8,6
IQ:14,120,10,63,-126
IQ:15,128,255,-131,-95
IQ:16,136,3,-158,-3
IQ:17,144,255,24,47
IQ:18,152,9,24,-213
IQ:19,160,255,-203,-86
IQ:20,168,4,-148,91
IQ:21,176,255,51,51
IQ:22,184,8,-34,-188
IQ:23,192,255,-122,-10
IQ:24,200,7,146,-44
IQ:25,208,255,31,-170
IQ:26,216,6,-57,-93
IQ:27,224,255,-140,29
IQ:28,232,5,-93,118
IQ:29,240,255,18,65
IQ:30,248,12,-153,47
IQ:31,256,255,-21,150
IQ:32,264,1,28,26
IQ:33,272,255,39,-65
IQ:34,280,2,32,-92
IQ:35,288,255,4,-17
SW:2
RR:3
SS:3
FR:2426
ME:13
MA:86
KE:16
KA:88
DF_END

Data arrived...
DF_BEGIN
IQ:0,0,11,-126,-171
IQ:1,8,11,-156,139
IQ:2,16,11,157,143
IQ:3,24,11,131,-179
IQ:4,32,11,-192,-100
IQ:5,40,11,-95,201
IQ:6,48,11,198,81
IQ:7,56,11,56,-216
IQ:8,72,12,-9,154
IQ:9,80,255,163,34
IQ:10,88,1,41,-67
IQ:11,96,255,-160,6
IQ:12,104,2,-237,252
IQ:13,112,255,161,150
IQ:14,120,10,-69,-241
IQ:15,128,255,-312,47
IQ:16,136,3,-164,340
IQ:17,144,255,186,104
IQ:18,152,9,-133,-118
IQ:19,160,255,-170,151
IQ:20,168,4,-15,277
IQ:21,176,255,143,9
IQ:22,184,8,-188,-91
IQ:23,192,255,-113,165
IQ:24,200,7,110,39
IQ:25,208,255,26,-149
IQ:26,216,6,-174,-57
IQ:27,224,255,-104,217
IQ:28,232,5,138,219
IQ:29,240,255,133,-84
IQ:30,248,12,-144,72
IQ:31,256,255,27,184
IQ:32,264,1,70,19
IQ:33,272,255,-85,-121
IQ:34,280,2,-344,-87
IQ:35,288,255,-69,195
SW:2
RR:3
SS:3
FR:2402
ME:10
MA:86
KE:15
KA:87
DF_END

Data arrived...
DF_BEGIN
IQ:0,0,11,198,-2
IQ:1,8,11,-14,-203
IQ:2,16,11,-212,48
IQ:3,24,11,46,203
IQ:4,32,11,178,-81
IQ:5,40,11,-113,-179
IQ:6,48,11,-183,108
IQ:7,56,11,120,149
IQ:8,72,12,-257,-9
IQ:9,80,255,-26,90
IQ:10,88,1,20,-241
IQ:11,96,255,-151,-62
IQ:12,104,2,121,84
IQ:13,112,255,131,-60
IQ:14,120,10,65,11
IQ:15,128,255,73,-4
IQ:16,136,3,204,-32
IQ:17,144,255,88,-130
IQ:18,152,9,153,-44
IQ:19,160,255,51,-79
IQ:20,168,4,143,-46
IQ:21,176,255,43,-130
IQ:22,184,8,61,22
IQ:23,192,255,28,41
IQ:24,200,7,37,224
IQ:25,208,255,134,18
IQ:26,216,6,-62,-26
IQ:27,224,255,53,-49
IQ:28,232,5,72,-347
IQ:29,240,255,-203,-249
IQ:30,248,12,-80,-244
IQ:31,256,255,-92,-1
IQ:32,264,1,194,-63
IQ:33,272,255,-19,-156
IQ:34,280,2,-36,152
IQ:35,288,255,91,127
SW:2
RR:3
SS:3
FR:2480
ME:24
MA:271
KE:16
KA:86
DF_END

Data arrived...
DF_BEGIN
IQ:0,0,11,-179,-120
IQ:1,8,11,-99,166
IQ:2,16,11,189,72
IQ:3,24,11,64,-207
IQ:4,32,11,-213,-37
IQ:5,40,11,-19,209
IQ:6,48,11,201,-18
IQ:7,56,11,-22,-220
IQ:8,72,12,193,139
IQ:9,80,255,64,-73
IQ:10,88,1,-156,174
IQ:11,96,255,88,121
IQ:12,104,2,-74,-148
IQ:13,112,255,-156,-21
IQ:14,120,10,-50,-66
IQ:15,128,255,-71,-42
IQ:16,136,3,-201,-93
IQ:17,144,255,-169,21
IQ:18,152,9,-159,-58
IQ:19,160,255,-102,20
IQ:20,168,4,-156,-52
IQ:21,176,255,-119,71
IQ:22,184,8,-62,-54
IQ:23,192,255,-5,-50
IQ:24,200,7,77,-219
IQ:25,208,255,-115,-125
IQ:26,216,6,29,30
IQ:27,224,255,-91,-11
IQ:28,232,5,-282,228
IQ:29,240,255,33,305
IQ:30,248,12,-53,241
IQ:31,256,255,75,23
IQ:32,264,1,-232,-67
IQ:33,272,255,-97,117
IQ:34,280,2,104,-130
IQ:35,288,255,-7,-170
SW:2
RR:3
SS:3
FR:2480
ME:24
MA:271
KE:17
KA:80
DF_END

Data arrived...
DF_BEGIN
IQ:0,0,11,86,-136
IQ:1,8,11,-150,-67
IQ:2,16,11,-51,150
IQ:3,24,11,158,30
IQ:4,32,11,18,-152
IQ:5,40,11,-158,-17
IQ:6,48,11,6,148
IQ:7,56,11,153,-29
IQ:8,72,12,-94,127
IQ:9,80,255,60,132
IQ:10,88,1,39,-4
IQ:11,96,255,-6,-84
IQ:12,104,2,-38,-88
IQ:13,112,255,-10,4
IQ:14,120,10,122,-76
IQ:15,128,255,-61,-152
IQ:16,136,3,-145,-82
IQ:17,144,255,5,51
IQ:18,152,9,126,-195
IQ:19,160,255,-122,-192
IQ:20,168,4,-174,0
IQ:21,176,255,14,70
IQ:22,184,8,58,-177
IQ:23,192,255,-111,-69
IQ:24,200,7,151,30
IQ:25,208,255,125,-122
IQ:26,216,6,-7,-113
IQ:27,224,255,-146,-37
IQ:28,232,5,-135,59
IQ:29,240,255,-9,64
IQ:30,248,12,-159,-24
IQ:31,256,255,-102,120
IQ:32,264,1,22,42
IQ:33,272,255,67,-41
IQ:34,280,2,73,-61
IQ:35,288,255,7,-5
SW:2
RR:3
SS:3
FR:2426
ME:13
MA:86
KE:16
KA:83
DF_END

Data arrived...
DF_BEGIN
IQ:0,0,11,-171,7
IQ:1,8,11,26,170
IQ:2,16,11,174,-37
IQ:3,24,11,-41,-163
IQ:4,32,11,-162,64
IQ:5,40,11,81,155
IQ:6,48,11,143,-99
IQ:7,56,11,-107,-144
IQ:8,72,12,100,80
IQ:9,80,255,116,-91
IQ:10,88,1,-19,-56
IQ:11,96,255,-78,93
IQ:12,104,2,35,283
IQ:13,112,255,170,-15
IQ:14,120,10,-193,-81
IQ:15,128,255,-123,215
IQ:16,136,3,127,286
IQ:17,144,255,167,-62
IQ:18,152,9,-142,20
IQ:19,160,255,1,193
IQ:20,168,4,158,155
IQ:21,176,255,80,-102
IQ:22,184,8,-160,58
IQ:23,192,255,49,151
IQ:24,200,7,78,-48
IQ:25,208,255,-83,-83
IQ:26,216,6,-117,85
IQ:27,224,255,91,172
IQ:28,232,5,221,36
IQ:29,240,255,17,-119
IQ:30,248,12,-27,126
IQ:31,256,255,129,64
IQ:32,264,1,47,-37
IQ:33,272,255,-119,-33
IQ:34,280,2,-250,144
IQ:35,288,255,81,146
SW:2
RR:3
SS:3
FR:2402
ME:7
MA:89
KE:15
KA:85
DF_END

Data arrived...
DF_BEGIN
IQ:0,0,11,-172,48
IQ:1,8,11,76,156
IQ:2,16,11,143,-84
IQ:3,24,11,-109,-135
IQ:4,32,11,-132,112
IQ:5,40,11,125,127
IQ:6,48,11,121,-131
IQ:7,56,11,-136,-100
IQ:8,72,12,125,27
IQ:9,80,255,62,-128
IQ:10,88,1,-39,-40
IQ:11,96,255,-30,116
IQ:12,104,2,125,240
IQ:13,112,255,134,-79
IQ:14,120,10,-208,-6
IQ:15,128,255,-41,237
IQ:16,136,3,220,204
IQ:17,144,255,128,-116
IQ:18,152,9,-126,81
IQ:19,160,255,64,185
IQ:20,168,4,208,75
IQ:21,176,255,37,-119
IQ:22,184,8,-135,116
IQ:23,192,255,93,132
IQ:24,200,7,45,-77
IQ:25,208,255,-114,-51
IQ:26,216,6,-81,120
IQ:27,224,255,143,122
IQ:28,232,5,199,-53
IQ:29,240,255,-15,-116
IQ:30,248,12,22,129
IQ:31,256,255,145,13
IQ:32,264,1,26,-45
IQ:33,272,255,-126,29
IQ:34,280,2,-156,218
IQ:35,288,255,123,103
SW:2
RR:3
SS:3
FR:2402
ME:7
MA:89
KE:15
KA:86
DF_END

Data arrived...
DF_BEGIN
IQ:0,0,11,178,105
IQ:1,8,11,99,-193
IQ:2,16,11,-191,-71
IQ:3,24,11,-59,209
IQ:4,32,11,193,56
IQ:5,40,11,26,-198
IQ:6,48,11,-203,5
IQ:7,56,11,7,201
IQ:8,72,12,-199,-163
IQ:9,80,255,-79,45
IQ:10,88,1,171,-175
IQ:11,96,255,-84,-128
IQ:12,104,2,71,142
IQ:13,112,255,138,22
IQ:14,120,10,40,55
IQ:15,128,255,74,23
IQ:16,136,3,193,108
IQ:17,144,255,160,-26
IQ:18,152,9,165,48
IQ:19,160,255,104,-46
IQ:20,168,4,172,41
IQ:21,176,255,103,-70
IQ:22,184,8,51,59
IQ:23,192,255,0,44
IQ:24,200,7,-96,198
IQ:25,208,255,116,107
IQ:26,216,6,-41,-47
IQ:27,224,255,90,-17
IQ:28,232,5,246,-270
IQ:29,240,255,-18,-320
IQ:30,248,12,79,-242
IQ:31,256,255,-67,-40
IQ:32,264,1,237,55
IQ:33,272,255,84,-120
IQ:34,280,2,-119,101
IQ:35,288,255,-15,175
SW:2
RR:3
SS:3
FR:2480
ME:27
MA:268
KE:16
KA:85
DF_END

Data arrived...
DF_BEGIN
IQ:0,0,11,-123,106
IQ:1,8,11,121,85
IQ:2,16,11,99,-110
IQ:3,24,11,-167,-58
IQ:4,32,11,-72,129
IQ:5,40,11,161,46
IQ:6,48,11,45,-146
IQ:7,56,11,-155,-45
IQ:8,72,12,133,-108
IQ:9,80,255,-27,-167
IQ:10,88,1,-36,2
IQ:11,96,255,-15,64
IQ:12,104,2,-7,97
IQ:13,112,255,-23,9
IQ:14,120,10,-176,4
IQ:15,128,255,-27,138
IQ:16,136,3,112,94
IQ:17,144,255,42,-94
IQ:18,152,9,-207,149
IQ:19,160,255,122,145
IQ:20,168,4,219,12
IQ:21,176,255,-24,-54
IQ:22,184,8,-144,189
IQ:23,192,255,160,34
IQ:24,200,7,-156,-18
IQ:25,208,255,-30,49
IQ:26,216,6,10,198
IQ:27,224,255,115,66
IQ:28,232,5,163,-98
IQ:29,240,255,15,-3
IQ:30,248,12,172,63
IQ:31,256,255,129,-50
IQ:32,264,1,-14,-7
IQ:33,272,255,-179,179
IQ:34,280,2,-59,78
IQ:35,288,255,-45,37
SW:2
RR:3
SS:3
FR:2426
ME:10
MA:91
KE:15
KA:87
DF_END

Data arrived...
DF_BEGIN
IQ:0,0,11,-54,-200
IQ:1,8,11,-185,66
IQ:2,16,11,93,188
IQ:3,24,11,175,-98
IQ:4,32,11,-111,-163
IQ:5,40,11,-165,134
IQ:6,48,11,133,153
IQ:7,56,11,125,-156
IQ:8,72,12,38,198
IQ:9,80,255,189,47
IQ:10,88,1,35,-33
IQ:11,96,255,-85,-61
IQ:12,104,2,-123,-43
IQ:13,112,255,-6,9
IQ:14,120,10,25,-177
IQ:15,128,255,-179,-66
IQ:16,136,3,-211,46
IQ:17,144,255,67,48
IQ:18,152,9,-36,-271
IQ:19,160,255,-264,-5
IQ:20,168,4,-152,158
IQ:21,176,255,102,72
IQ:22,184,8,-106,-224
IQ:23,192,255,-133,56
IQ:24,200,7,168,-104
IQ:25,208,255,0,-209
IQ:26,216,6,-106,-97
IQ:27,224,255,-152,106
IQ:28,232,5,-77,172
IQ:29,240,255,71,97
IQ:30,248,12,-183,123
IQ:31,256,255,-43,163
IQ:32,264,1,56,11
IQ:33,272,255,47,-101
IQ:34,280,2,20,-108
IQ:35,288,255,-46,-32
SW:2
RR:3
SS:3
FR:2426
ME:13
MA:89
KE:15
KA:87
DF_END

Data arrived...
DF_BEGIN
IQ:0,0,11,-188,-3
IQ:1,8,11,12,182
IQ:2,16,11,173,-25
IQ:3,24,11,-56,-171
IQ:4,32,11,-169,51
IQ:5,40,11,68,172
IQ:6,48,11,157,-87
IQ:7,56,11,-102,-147
IQ:8,72,12,94,75
IQ:9,80,255,116,-100
IQ:10,88,1,-17,-54
IQ:11,96,255,-88,108
IQ:12,104,2,40,279
IQ:13,112,255,157,-10
IQ:14,120,10,-195,-100
IQ:15,128,255,-135,210
IQ:16,136,3,128,290
IQ:17,144,255,164,-58
IQ:18,152,9,-151,21
IQ:19,160,255,-17,194
IQ:20,168,4,163,148
IQ:21,176,255,67,-98
IQ:22,184,8,-164,58
IQ:23,192,255,33,164
IQ:24,200,7,73,-52
IQ:25,208,255,-85,-82
IQ:26,216,6,-117,93
IQ:27,224,255,94,172
IQ:28,232,5,233,32
IQ:29,240,255,30,-100
IQ:30,248,12,-40,132
IQ:31,256,255,131,68
IQ:32,264,1,48,-46
IQ:33,272,255,-132,-33
IQ:34,280,2,-252,137
IQ:35,288,255,69,142
SW:2
RR:3
SS:3
FR:2402
ME:7
MA:89
KE:14
KA:88
DF_END

Data arrived...
DF_BEGIN
IQ:0,0,11,-139,-177
IQ:1,8,11,-112,137
IQ:2,16,11,172,121
IQ:3,24,11,86,-152
IQ:4,32,11,-161,-120
IQ:5,40,11,-92,186
IQ:6,48,11,178,65
IQ:7,56,11,45,-204
IQ:8,72,12,167,198
IQ:9,80,255,90,-28
IQ:10,88,1,-204,127
IQ:11,96,255,44,128
IQ:12,104,2,-25,-154
IQ:13,112,255,-136,-56
IQ:14,120,10,-40,-79
IQ:15,128,255,-60,-70
IQ:16,136,3,-164,-138
IQ:17,144,255,-162,6
IQ:18,152,9,-138,-113
IQ:19,160,255,-126,11
IQ:20,168,4,-141,-82
IQ:21,176,255,-114,45
IQ:22,184,8,-30,-64
IQ:23,192,255,11,-45
IQ:24,200,7,149,-169
IQ:25,208,255,-67,-134
IQ:26,216,6,19,46
IQ:27,224,255,-78,-17
IQ:28,232,5,-295,167
IQ:29,240,255,-32,312
IQ:30,248,12,-125,223
IQ:31,256,255,62,63
IQ:32,264,1,-196,-130
IQ:33,272,255,-111,102
IQ:34,280,2,134,-95
IQ:35,288,255,51,-172
SW:2
RR:3
SS:3
FR:2480
ME:27
MA:268
KE:15
KA:88
DF_END

Data arrived...
DF_BEGIN
IQ:0,0,11,82,-139
IQ:1,8,11,-137,-79
IQ:2,16,11,-68,145
IQ:3,24,11,155,49
IQ:4,32,11,22,-153
IQ:5,40,11,-163,-15
IQ:6,48,11,-2,158
IQ:7,56,11,164,-19
IQ:8,72,12,-99,132
IQ:9,80,255,78,130
IQ:10,88,1,41,-7
IQ:11,96,255,-3,-82
IQ:12,104,2,-25,-93
IQ:13,112,255,-6,4
IQ:14,120,10,120,-68
IQ:15,128,255,-46,-166
IQ:16,136,3,-134,-90
IQ:17,144,255,2,49
IQ:18,152,9,124,-180
IQ:19,160,255,-143,-182
IQ:20,168,4,-178,-13
IQ:21,176,255,18,70
IQ:22,184,8,69,-182
IQ:23,192,255,-101,-70
IQ:24,200,7,147,43
IQ:25,208,255,130,-134
IQ:26,216,6,7,-119
IQ:27,224,255,-152,-44
IQ:28,232,5,-144,45
IQ:29,240,255,-18,60
IQ:30,248,12,-151,-52
IQ:31,256,255,-97,117
IQ:32,264,1,17,30
IQ:33,272,255,61,-42
IQ:34,280,2,71,-69
IQ:35,288,255,2,-9
SW:2
RR:3
SS:3
FR:2426
ME:13
MA:83
KE:15
KA:86
DF_END

Data arrived...
DF_BEGIN
IQ:0,0,11,172,-50
IQ:1,8,11,-54,-155
IQ:2,16,11,-175,83
IQ:3,24,11,84,152
IQ:4,32,11,145,-90
IQ:5,40,11,-129,-117
IQ:6,48,11,-139,125
IQ:7,56,11,133,108
IQ:8,72,12,-122,-48
IQ:9,80,255,-89,123
IQ:10,88,1,31,46
IQ:11,96,255,48,-131
IQ:12,104,2,-103,-269
IQ:13,112,255,-143,53
IQ:14,120,10,208,27
IQ:15,128,255,61,-243
IQ:16,136,3,-209,-248
IQ:17,144,255,-138,104
IQ:18,152,9,132,-63
IQ:19,160,255,-50,-195
IQ:20,168,4,-202,-84
IQ:21,176,255,-45,121
IQ:22,184,8,135,-105
IQ:23,192,255,-82,-130
IQ:24,200,7,-67,70
IQ:25,208,255,93,71
IQ:26,216,6,90,-116
IQ:27,224,255,-146,-127
IQ:28,232,5,-205,51
IQ:29,240,255,21,112
IQ:30,248,12,-31,-135
IQ:31,256,255,-140,-43
IQ:32,264,1,-31,36
IQ:33,272,255,135,-5
IQ:34,280,2,185,-205
IQ:35,288,255,-123,-111
SW:2
RR:3
SS:3
FR:2402
ME:7
MA:89
KE:14
KA:87
DF_END

Data arrived...
DF_BEGIN
IQ:0,0,11,53,-206
IQ:1,8,11,-195,-40
IQ:2,16,11,5,206
IQ:3,24,11,206,-18
IQ:4,32,11,-31,-206
IQ:5,40,11,-195,42
IQ:6,48,11,78,190
IQ:7,56,11,189,-90
IQ:8,72,12,-87,233
IQ:9,80,255,81,53
IQ:10,88,1,-206,-101
IQ:11,96,255,-90,120
IQ:12,104,2,113,-109
IQ:13,112,255,-20,-146
IQ:14,120,10,37,-65
IQ:15,128,255,1,-78
IQ:16,136,3,14,-219
IQ:17,144,255,-101,-124
IQ:18,152,9,1,-183
IQ:19,160,255,-63,-96
IQ:20,168,4,-7,-166
IQ:21,176,255,-96,-90
IQ:22,184,8,41,-73
IQ:23,192,255,40,-15
IQ:24,200,7,231,32
IQ:25,208,255,72,-130
IQ:26,216,6,-24,47
IQ:27,224,255,-35,-70
IQ:28,232,5,-333,-150
IQ:29,240,255,-281,144
IQ:30,248,12,-254,8
IQ:31,256,255,-12,85
IQ:32,264,1,-7,-217
IQ:33,272,255,-144,-27
IQ:34,280,2,160,54
IQ:35,288,255,160,-52
SW:2
RR:3
SS:3
FR:2480
ME:27
MA:268
KE:15
KA:86
DF_END

Data arrived...