DF_END

Data arrived...
DF_BEGIN
IQ:0,0,11,78,196
IQ:1,8,11,178,-94
IQ:2,16,11,-110,-188
IQ:3,24,11,-165,132
IQ:4,32,11,138,145
IQ:5,40,11,129,-174
IQ:6,48,11,-178,-131
IQ:7,56,11,-114,194
IQ:8,72,12,-6,-82
IQ:9,80,255,-19,118
IQ:10,88,1,372,-6
IQ:11,96,255,27,-422
IQ:12,104,2,-527,-79
IQ:13,112,255,-210,413
IQ:14,120,10,37,-13
IQ:15,128,255,-128,-228
IQ:16,136,3,-492,-91
IQ:17,144,255,15,396
IQ:18,152,9,570,-229
IQ:19,160,255,-61,-619
IQ:20,168,4,-320,-114
IQ:21,176,255,29,324
IQ:22,184,8,531,30
IQ:23,192,255,23,-450
IQ:24,200,7,-409,-54
IQ:25,208,255,5,298
IQ:26,216,6,266,-207
IQ:27,224,255,-211,-227
IQ:28,232,5,-121,229
IQ:29,240,255,251,168
IQ:30,248,12,66,-56
IQ:31,256,255,-110,58
IQ:32,264,1,205,311
IQ:33,272,255,366,-196
IQ:34,280,2,-196,-494
IQ:35,288,255,-511,38
SW:2
RR:3
SS:3
FR:2426
ME:2
MA:353
KE:28
KA:16
DF_END

Data arrived...
DF_BEGIN
IQ:0,0,11,-124,-131
IQ:1,8,11,-118,137
IQ:2,16,11,147,99
IQ:3,24,11,82,-156
IQ:4,32,11,-157,-73
IQ:5,40,11,-50,159
IQ:6,48,11,157,40
IQ:7,56,11,-1,-162
IQ:8,72,12,33,-30
IQ:9,80,255,-81,-117
IQ:10,88,1,-212,132
IQ:11,96,255,125,291
IQ:12,104,2,434,22
IQ:13,112,255,66,-342
IQ:14,120,10,-37,140
IQ:15,128,255,228,206
IQ:16,136,3,486,-7
IQ:17,144,255,-68,-359
IQ:18,152,9,-371,266
IQ:19,160,255,173,413
IQ:20,168,4,190,22
IQ:21,176,255,-119,-174
IQ:22,184,8,-419,137
IQ:23,192,255,76,338
IQ:24,200,7,228,-87
IQ:25,208,255,-126,-144
IQ:26,216,6,-113,239
IQ:27,224,255,204,53
IQ:28,232,5,-78,-265
IQ:29,240,255,-262,4
IQ:30,248,12,60,7
IQ:31,256,255,48,-132
IQ:32,264,1,-218,-109
IQ:33,272,255,-184,260
IQ:34,280,2,177,407
IQ:35,288,255,413,-89
SW:2
RR:3
SS:3
FR:2402
ME:7
MA:21
KE:26
KA:16
DF_END

Data arrived...
DF_BEGIN
IQ:0,0,11,27,94
IQ:1,8,11,78,-28
IQ:2,16,11,-45,-88
IQ:3,24,11,-76,58
IQ:4,32,11,55,74
IQ:5,40,11,67,-80
IQ:6,48,11,-95,-59
IQ:7,56,11,-59,80
IQ:8,72,12,181,36
IQ:9,80,255,61,-186
IQ:10,88,1,-140,-125
IQ:11,96,255,-132,121
IQ:12,104,2,53,104
IQ:13,112,255,-5,-37
IQ:14,120,10,-303,36
IQ:15,128,255,-70,243
IQ:16,136,3,-28,37
IQ:17,144,255,-68,-82
IQ:18,152,9,-295,-96
IQ:19,160,255,-132,124
IQ:20,168,4,-5,-147
IQ:21,176,255,-74,-95
IQ:22,184,8,79,-246
IQ:23,192,255,-159,-146
IQ:24,200,7,-246,22
IQ:25,208,255,-97,180
IQ:26,216,6,-48,56
IQ:27,224,255,114,-33
IQ:28,232,5,63,-239
IQ:29,240,255,-169,-58
IQ:30,248,12,63,175
IQ:31,256,255,183,-59
IQ:32,264,1,-6,-183
IQ:33,272,255,-187,-17
IQ:34,280,2,-63,98
IQ:35,288,255,23,62
SW:2
RR:3
SS:3
FR:2480
ME:55
MA:33
KE:28
KA:18
DF_END

Data arrived...
DF_BEGIN
IQ:0,0,11,-132,-151
IQ:1,8,11,-145,145
IQ:2,16,11,157,128
IQ:3,24,11,114,-164
IQ:4,32,11,-190,-111
IQ:5,40,11,-91,175
IQ:6,48,11,184,63
IQ:7,56,11,32,-188
IQ:8,72,12,15,-8
IQ:9,80,255,-54,-74
IQ:10,88,1,-146,117
IQ:11,96,255,139,255
IQ:12,104,2,404,6
IQ:13,112,255,48,-314
IQ:14,120,10,-19,92
IQ:15,128,255,200,167
IQ:16,136,3,464,-6
IQ:17,144,255,-65,-370
IQ:18,152,9,-347,290
IQ:19,160,255,176,417
IQ:20,168,4,220,40
IQ:21,176,255,-75,-179
IQ:22,184,8,-426,133
IQ:23,192,255,78,345
IQ:24,200,7,253,-72
IQ:25,208,255,-99,-169
IQ:26,216,6,-126,237
IQ:27,224,255,179,82
IQ:28,232,5,-67,-228
IQ:29,240,255,-238,1
IQ:30,248,12,2,1
IQ:31,256,255,47,-98
IQ:32,264,1,-188,-68
IQ:33,272,255,-137,239
IQ:34,280,2,201,359
IQ:35,288,255,393,-100
SW:2
RR:3
SS:3
FR:2402
ME:7
MA:21
KE:26
KA:18
DF_END

Data arrived...
DF_BEGIN
IQ:0,0,11,71,175
IQ:1,8,11,152,-120
IQ:2,16,11,-138,-150
IQ:3,24,11,-123,132
IQ:4,32,11,135,119
IQ:5,40,11,92,-147
IQ:6,48,11,-151,-100
IQ:7,56,11,-98,157
IQ:8,72,12,-41,6
IQ:9,80,255,51,94
IQ:10,88,1,218,-79
IQ:11,96,255,-59,-291
IQ:12,104,2,-407,-147
IQ:13,112,255,-177,280
IQ:14,120,10,64,-102
IQ:15,128,255,-164,-246
IQ:16,136,3,-471,-106
IQ:17,144,255,-43,356
IQ:18,152,9,415,-169
IQ:19,160,255,-48,-452
IQ:20,168,4,-194,-99
IQ:21,176,255,48,190
IQ:22,184,8,419,-19
IQ:23,192,255,-21,-351
IQ:24,200,7,-248,0
IQ:25,208,255,52,174
IQ:26,216,6,154,-205
IQ:27,224,255,-180,-121
IQ:28,232,5,-1,253
IQ:29,240,255,233,86
IQ:30,248,12,-25,-20
IQ:31,256,255,-67,96
IQ:32,264,1,179,110
IQ:33,272,255,218,-230
IQ:34,280,2,-109,-403
IQ:35,288,255,-405,-8
SW:2
RR:3
SS:3
FR:2402
ME:7
MA:21
KE:24
KA:18
DF_END

Data arrived...
DF_BEGIN
IQ:0,0,11,59,-57
IQ:1,8,11,-59,-51
IQ:2,16,11,-29,72
IQ:3,24,11,75,53
IQ:4,32,11,26,-62
IQ:5,40,11,-61,-11
IQ:6,48,11,-17,63
IQ:7,56,11,62,7
IQ:8,72,12,73,-153
IQ:9,80,255,-145,-96
IQ:10,88,1,-146,139
IQ:11,96,255,99,142
IQ:12,104,2,132,-30
IQ:13,112,255,-17,-22
IQ:14,120,10,0,270
IQ:15,128,255,193,119
IQ:16,136,3,74,51
IQ:17,144,255,-82,3
IQ:18,152,9,-154,257
IQ:19,160,255,107,160
IQ:20,168,4,-123,16
IQ:21,176,255,-113,39
IQ:22,184,8,-271,-103
IQ:23,192,255,-139,192
IQ:24,200,7,51,193
IQ:25,208,255,148,42
IQ:26,216,6,44,57
IQ:27,224,255,-9,-90
IQ:28,232,5,-214,-66
IQ:29,240,255,-78,144
IQ:30,248,12,159,-34
IQ:31,256,255,9,-175
IQ:32,264,1,-192,-40
IQ:33,272,255,-77,163
IQ:34,280,2,63,92
IQ:35,288,255,90,-30
SW:2
RR:3
SS:3
FR:2480
ME:52
MA:33
KE:26
KA:20
DF_END

Data arrived...
DF_BEGIN
IQ:0,0,11,71,118
IQ:1,8,11,116,-98
IQ:2,16,11,-88,-102
IQ:3,24,11,-81,106
IQ:4,32,11,113,66
IQ:5,40,11,74,-133
IQ:6,48,11,-141,-53
IQ:7,56,11,-57,139
IQ:8,72,12,5,1
IQ:9,80,255,105,70
IQ:10,88,1,299,-175
IQ:11,96,255,-158,-354
IQ:12,104,2,-489,167
IQ:13,112,255,25,445
IQ:14,120,10,-19,-79
IQ:15,128,255,-275,-103
IQ:16,136,3,-435,173
IQ:17,144,255,197,284
IQ:18,152,9,310,-485
IQ:19,160,255,-361,-445
IQ:20,168,4,-311,65
IQ:21,176,255,153,248
IQ:22,184,8,441,-167
IQ:23,192,255,-159,-394
IQ:24,200,7,-304,78
IQ:25,208,255,126,195
IQ:26,216,6,96,-292
IQ:27,224,255,-271,-63
IQ:28,232,5,35,241
IQ:29,240,255,250,-3
IQ:30,248,12,5,8
IQ:31,256,255,-22,136
IQ:32,264,1,314,156
IQ:33,272,255,210,-319
IQ:34,280,2,-440,-277
IQ:35,288,255,-408,288
SW:2
RR:3
SS:3
FR:2426
ME:55
MA:97
KE:29
KA:26
DF_END

Data arrived...
DF_BEGIN
IQ:0,0,11,87,-187
IQ:1,8,11,-188,-47
IQ:2,16,11,-29,200
IQ:3,24,11,199,19
IQ:4,32,11,-16,-212
IQ:5,40,11,-217,23
IQ:6,48,11,23,190
IQ:7,56,11,187,-42
IQ:8,72,12,17,11
IQ:9,80,255,35,-95
IQ:10,88,1,-196,-81
IQ:11,96,255,-171,244
IQ:12,104,2,185,373
IQ:13,112,255,317,-66
IQ:14,120,10,-93,52
IQ:15,128,255,-38,270
IQ:16,136,3,241,435
IQ:17,144,255,292,-194
IQ:18,152,9,-406,-175
IQ:19,160,255,-292,332
IQ:20,168,4,74,201
IQ:21,176,255,93,-173
IQ:22,184,8,-319,-284
IQ:23,192,255,-255,235
IQ:24,200,7,199,173
IQ:25,208,255,107,-160
IQ:26,216,6,-248,-4
IQ:27,224,255,36,187
IQ:28,232,5,176,-158
IQ:29,240,255,-100,-225
IQ:30,248,12,2,19
IQ:31,256,255,100,-18
IQ:32,264,1,-34,-204
IQ:33,272,255,-278,-28
IQ:34,280,2,-234,358
IQ:35,288,255,282,302
SW:2
RR:3
SS:3
FR:2402
ME:7
MA:24
KE:27
KA:27
DF_END

Data arrived...
DF_BEGIN
IQ:0,0,11,48,-156
IQ:1,8,11,-169,-23
IQ:2,16,11,-14,173
IQ:3,24,11,172,-1
IQ:4,32,11,-26,-176
IQ:5,40,11,-165,50
IQ:6,48,11,50,166
IQ:7,56,11,150,-83
IQ:8,72,12,-1,9
IQ:9,80,255,24,-59
IQ:10,88,1,-144,-73
IQ:11,96,255,-135,199
IQ:12,104,2,167,278
IQ:13,112,255,245,-108
IQ:14,120,10,-62,37
IQ:15,128,255,-25,211
IQ:16,136,3,206,322
IQ:17,144,255,210,-182
IQ:18,152,9,-335,-96
IQ:19,160,255,-183,315
IQ:20,168,4,61,171
IQ:21,176,255,91,-129
IQ:22,184,8,-257,-242
IQ:23,192,255,-204,201
IQ:24,200,7,187,130
IQ:25,208,255,76,-167
IQ:26,216,6,-210,11
IQ:27,224,255,32,158
IQ:28,232,5,123,-138
IQ:29,240,255,-84,-161
IQ:30,248,12,-16,-7
IQ:31,256,255,75,-4
IQ:32,264,1,-43,-165
IQ:33,272,255,-224,7
IQ:34,280,2,-156,297
IQ:35,288,255,253,233
SW:2
RR:3
SS:3
FR:2402
ME:2
MA:353
KE:24
KA:24
DF_END

Data arrived...
DF_BEGIN
IQ:0,0,11,13,80
IQ:1,8,11,59,-21
IQ:2,16,11,-14,-75
IQ:3,24,11,-66,24
IQ:4,32,11,28,57
IQ:5,40,11,49,-44
IQ:6,48,11,-53,-48
IQ:7,56,11,-48,44
IQ:8,72,12,118,159
IQ:9,80,255,171,-109
IQ:10,88,1,-58,-184
IQ:11,96,255,-202,11
IQ:12,104,2,-49,104
IQ:13,112,255,32,-34
IQ:14,120,10,-253,-149
IQ:15,128,255,-208,123
IQ:16,136,3,-63,19
IQ:17,144,255,7,-92
IQ:18,152,9,-181,-251
IQ:19,160,255,-180,9
IQ:20,168,4,48,-118
IQ:21,176,255,-7,-118
IQ:22,184,8,207,-164
IQ:23,192,255,-69,-204
IQ:24,200,7,-185,-88
IQ:25,208,255,-133,96
IQ:26,216,6,-90,16
IQ:27,224,255,78,59
IQ:28,232,5,172,-167
IQ:29,240,255,-114,-153
IQ:30,248,12,-74,183
IQ:31,256,255,171,97
IQ:32,264,1,127,-152
IQ:33,272,255,-135,-146
IQ:34,280,2,-117,30
IQ:35,288,255,-21,102
SW:2
RR:3
SS:3
FR:2480
ME:55
MA:33
KE:27
KA:25
DF_END

Data arrived...
DF_BEGIN
IQ:0,0,11,96,-18
IQ:1,8,11,-40,-95
IQ:2,16,11,-104,40
IQ:3,24,11,31,93
IQ:4,32,11,83,-63
IQ:5,40,11,-62,-93
IQ:6,48,11,-81,60
IQ:7,56,11,78,70
IQ:8,72,12,9,32
IQ:9,80,255,184,-23
IQ:10,88,1,105,-367
IQ:11,96,255,-393,-100
IQ:12,104,2,-217,512
IQ:13,112,255,369,299
IQ:14,120,10,-101,-90
IQ:15,128,255,-318,98
IQ:16,136,3,-189,463
IQ:17,144,255,398,42
IQ:18,152,9,-105,-613
IQ:19,160,255,-593,-90
IQ:20,168,4,-135,270
IQ:21,176,255,273,33
IQ:22,184,8,108,-452
IQ:23,192,255,-392,-110
IQ:24,200,7,-124,267
IQ:25,208,255,200,21
IQ:26,216,6,-171,-274
IQ:27,224,255,-226,178
IQ:28,232,5,247,140
IQ:29,240,255,197,-205
IQ:30,248,12,-33,29
IQ:31,256,255,103,167
IQ:32,264,1,354,-101
IQ:33,272,255,-118,-390
IQ:34,280,2,-564,94
IQ:35,288,255,-86,497
SW:2
RR:3
SS:3
FR:2426
ME:7
MA:21
KE:25
KA:25
DF_END

Data arrived...
DF_BEGIN
IQ:0,0,11,150,133
IQ:1,8,11,120,-161
IQ:2,16,11,-176,-109
IQ:3,24,11,-108,176
IQ:4,32,11,187,67
IQ:5,40,11,62,-197
IQ:6,48,11,-187,-47
IQ:7,56,11,-21,194
IQ:8,72,12,-27,2
IQ:9,80,255,50,90
IQ:10,88,1,187,-115
IQ:11,96,255,-125,-282
IQ:12,104,2,-433,6
IQ:13,112,255,-71,356
IQ:14,120,10,50,-105
IQ:15,128,255,-219,-192
IQ:16,136,3,-514,13
IQ:17,144,255,48,371
IQ:18,152,9,362,-279
IQ:19,160,255,-164,-442
IQ:20,168,4,-237,-26
IQ:21,176,255,106,204
IQ:22,184,8,408,-150
IQ:23,192,255,-99,-365
IQ:24,200,7,-252,112
IQ:25,208,255,126,180
IQ:26,216,6,144,-219
IQ:27,224,255,-206,-83
IQ:28,232,5,7,254
IQ:29,240,255,260,30
IQ:30,248,12,-2,-26
IQ:31,256,255,-56,88
IQ:32,264,1,212,107
IQ:33,272,255,175,-262
IQ:34,280,2,-196,-394
IQ:35,288,255,-421,104
SW:2
RR:3
SS:3
FR:2402
ME:5
MA:5
KE:22
KA:23
DF_END

Data arrived...
DF_BEGIN
IQ:0,0,11,0,-68
IQ:1,8,11,-78,2
IQ:2,16,11,10,65
IQ:3,24,11,60,-20
IQ:4,32,11,-30,-69
IQ:5,40,11,-51,26
IQ:6,48,11,35,48
IQ:7,56,11,48,-50
IQ:8,72,12,-103,-159
IQ:9,80,255,-152,111
IQ:10,88,1,57,200
IQ:11,96,255,176,-36
IQ:12,104,2,33,-132
IQ:13,112,255,-55,15
IQ:14,120,10,281,122
IQ:15,128,255,205,-138
IQ:16,136,3,35,-34
IQ:17,144,255,-15,88
IQ:18,152,9,159,255
IQ:19,160,255,181,-32
IQ:20,168,4,-49,119
IQ:21,176,255,1,154
IQ:22,184,8,-198,173
IQ:23,192,255,86,166
IQ:24,200,7,217,57
IQ:25,208,255,119,-100
IQ:26,216,6,75,-40
IQ:27,224,255,-80,-63
IQ:28,232,5,-189,175
IQ:29,240,255,118,159
IQ:30,248,12,48,-190
IQ:31,256,255,-182,-80
IQ:32,264,1,-135,140
IQ:33,272,255,129,153
IQ:34,280,2,123,-31
IQ:35,288,255,2,-101
SW:2
RR:3
SS:3
FR:2480
ME:55
MA:33
KE:25
KA:24
DF_END

Data arrived...
DF_BEGIN
IQ:0,0,11,-136,37
IQ:1,8,11,45,135
IQ:2,16,11,135,-66
IQ:3,24,11,-77,-120
IQ:4,32,11,-102,70
IQ:5,40,11,100,113
IQ:6,48,11,89,-94
IQ:7,56,11,-122,-78
IQ:8,72,12,9,-30
IQ:9,80,255,-166,11
IQ:10,88,1,-110,356
IQ:11,96,255,397,91
IQ:12,104,2,185,-527
IQ:13,112,255,-387,-290
IQ:14,120,10,79,99
IQ:15,128,255,312,-77
IQ:16,136,3,229,-451
IQ:17,144,255,-407,-87
IQ:18,152,9,86,616
IQ:19,160,255,618,79
IQ:20,168,4,139,-283
IQ:21,176,255,-313,-5
IQ:22,184,8,-126,490
IQ:23,192,255,416,88
IQ:24,200,7,99,-312
IQ:25,208,255,-219,-14
IQ:26,216,6,183,291
IQ:27,224,255,258,-174
IQ:28,232,5,-237,-155
IQ:29,240,255,-197,216
IQ:30,248,12,44,14
IQ:31,256,255,-86,-157
IQ:32,264,1,-358,113
IQ:33,272,255,158,398
IQ:34,280,2,554,-126
IQ:35,288,255,51,-525
SW:2
RR:3
SS:3
FR:2426
ME:5
MA:2
KE:23
KA:22
DF_END

Data arrived...
DF_BEGIN
IQ:0,0,11,77,183
IQ:1,8,11,180,-96
IQ:2,16,11,-127,-148
IQ:3,24,11,-155,129
IQ:4,32,11,129,155
IQ:5,40,11,118,-147
IQ:6,48,11,-159,-137
IQ:7,56,11,-113,167
IQ:8,72,12,1,-10
IQ:9,80,255,39,61
IQ:10,88,1,192,-72
IQ:11,96,255,-65,-286
IQ:12,104,2,-389,-100
IQ:13,112,255,-167,291
IQ:14,120,10,45,-62
IQ:15,128,255,-150,-210
IQ:16,136,3,-488,-85
IQ:17,144,255,-52,367
IQ:18,152,9,399,-178
IQ:19,160,255,-60,-422
IQ:20,168,4,-203,-103
IQ:21,176,255,30,199
IQ:22,184,8,428,2
IQ:23,192,255,19,-349
IQ:24,200,7,-276,-13
IQ:25,208,255,56,190
IQ:26,216,6,187,-179
IQ:27,224,255,-147,-134
IQ:28,232,5,-27,215
IQ:29,240,255,218,69
IQ:30,248,12,3,-14
IQ:31,256,255,-78,67
IQ:32,264,1,153,150
IQ:33,272,255,219,-190
IQ:34,280,2,-92,-387
IQ:35,288,255,-412,2
SW:2
RR:3
SS:3
FR:2402
ME:2
MA:353
KE:21
KA:19
DF_END

Data arrived...
DF_BEGIN
IQ:0,0,11,-38,4
IQ:1,8,11,10,49
IQ:2,16,11,55,-14
IQ:3,24,11,-29,-43
IQ:4,32,11,-38,31
IQ:5,40,11,25,52
IQ:6,48,11,41,-42
IQ:7,56,11,-29,-41
IQ:8,72,12,-103,179
IQ:9,80,255,190,115
IQ:10,88,1,171,-141
IQ:11,96,255,-116,-190
IQ:12,104,2,-132,34
IQ:13,112,255,64,40
IQ:14,120,10,81,-306
IQ:15,128,255,-219,-156
IQ:16,136,3,-53,-4
IQ:17,144,255,116,-11
IQ:18,152,9,174,-280
IQ:19,160,255,-113,-175
IQ:20,168,4,127,42
IQ:21,176,255,146,-54
IQ:22,184,8,224,100
IQ:23,192,255,127,-125
IQ:24,200,7,14,-192
IQ:25,208,255,-114,-108
IQ:26,216,6,-67,-100
IQ:27,224,255,-30,129
IQ:28,232,5,244,115
IQ:29,240,255,117,-182
IQ:30,248,12,-212,-5
IQ:31,256,255,-38,213
IQ:32,264,1,213,59
IQ:33,272,255,92,-198
IQ:34,280,2,-96,-104
IQ:35,288,255,-107,37
SW:2
RR:3
SS:3
FR:2480
ME:49
MA:33
KE:23
KA:20
DF_END

Data arrived...
DF_BEGIN
IQ:0,0,11,96,98
IQ:1,8,11,74,-115
IQ:2,16,11,-129,-77
IQ:3,24,11,-71,127
IQ:4,32,11,128,59
IQ:5,40,11,39,-140
IQ:6,48,11,-133,-43
IQ:7,56,11,-18,146
IQ:8,72,12,-62,-12
IQ:9,80,255,66,168
IQ:10,88,1,408,-48
IQ:11,96,255,-14,-446
IQ:12,104,2,-567,-63
IQ:13,112,255,-144,462
IQ:14,120,10,85,-118
IQ:15,128,255,-213,-261
IQ:16,136,3,-519,-4
IQ:17,144,255,97,431
IQ:18,152,9,587,-304
IQ:19,160,255,-152,-620
IQ:20,168,4,-344,-16
IQ:21,176,255,115,319
IQ:22,184,8,506,-65
IQ:23,192,255,-54,-443
IQ:24,200,7,-325,25
IQ:25,208,255,109,220
IQ:26,216,6,231,-290
IQ:27,224,255,-277,-186
IQ:28,232,5,-55,288
IQ:29,240,255,269,100
IQ:30,248,12,-19,-51
IQ:31,256,255,-127,163
IQ:32,264,1,263,299
IQ:33,272,255,353,-292
IQ:34,280,2,-294,-489
IQ:35,288,255,-513,131
SW:2
RR:3
SS:3
FR:2426
ME:5
MA:353
KE:22
KA:17
DF_END

Data arrived...
DF_BEGIN
IQ:0,0,11,-99,114
IQ:1,8,11,115,89
IQ:2,16,11,80,-127
IQ:3,24,11,-147,-64
IQ:4,32,11,-50,157
IQ:5,40,11,138,34
IQ:6,48,11,17,-162
IQ:7,56,11,-154,-10
IQ:8,72,12,11,-67
IQ:9,80,255,-168,78
IQ:10,88,1,78,420
IQ:11,96,255,447,-63
IQ:12,104,2,-36,-580
IQ:13,112,255,-483,-90
IQ:14,120,10,122,82
IQ:15,128,255,291,-181
IQ:16,136,3,26,-503
IQ:17,144,255,-423,106
IQ:18,152,9,332,554
IQ:19,160,255,580,-235
IQ:20,168,4,-8,-329
IQ:21,176,255,-302,148
IQ:22,184,8,88,502
IQ:23,192,255,432,-93
IQ:24,200,7,-46,-330
IQ:25,208,255,-214,114
IQ:26,216,6,322,186
IQ:27,224,255,165,-289
IQ:28,232,5,-296,-19
IQ:29,240,255,-59,302
IQ:30,248,12,44,-25
IQ:31,256,255,-152,-116
IQ:32,264,1,-290,277
IQ:33,272,255,302,340
IQ:34,280,2,467,-332
IQ:35,288,255,-174,-510
SW:2
RR:3
SS:3
FR:2426
ME:5
MA:2
KE:20
KA:15
DF_END

Data arrived...
DF_BEGIN
IQ:0,0,11,-128,145
IQ:1,8,11,153,116
IQ:2,16,11,85,-178
IQ:3,24,11,-180,-85
IQ:4,32,11,-74,180
IQ:5,40,11,186,39
IQ:6,48,11,23,-212
IQ:7,56,11,-200,-11
IQ:8,72,12,-2,-5
IQ:9,80,255,-48,69
IQ:10,88,1,172,94
IQ:11,96,255,195,-206
IQ:12,104,2,-116,-391
IQ:13,112,255,-323,12
IQ:14,120,10,89,-20
IQ:15,128,255,73,-250
IQ:16,136,3,-172,-432
IQ:17,144,255,-310,157
IQ:18,152,9,331,250
IQ:19,160,255,333,-261
IQ:20,168,4,-15,-217
IQ:21,176,255,-160,121
IQ:22,184,8,202,373
IQ:23,192,255,303,-157
IQ:24,200,7,-121,-230
IQ:25,208,255,-127,153
IQ:26,216,6,232,43
IQ:27,224,255,27,-193
IQ:28,232,5,-173,101
IQ:29,240,255,59,201
IQ:30,248,12,-7,-7
IQ:31,256,255,-84,-2
IQ:32,264,1,-19,198
IQ:33,272,255,282,61
IQ:34,280,2,262,-302
IQ:35,288,255,-223,-337
SW:2
RR:3
SS:3
FR:2402
ME:10
MA:24
KE:18
KA:16
DF_END

Data arrived...
DF_BEGIN
IQ:0,0,11,-128,-178
IQ:1,8,11,-135,135
IQ:2,16,11,163,120
IQ:3,24,11,105,-175
IQ:4,32,11,-172,-81
IQ:5,40,11,-64,200
IQ:6,48,11,198,61
IQ:7,56,11,22,-189
IQ:8,72,12,-49,5
IQ:9,80,255,-42,42
IQ:10,88,1,-8,167
IQ:11,96,255,199,127
IQ:12,104,2,318,-142
IQ:13,112,255,-37,-279
IQ:14,120,10,82,24
IQ:15,128,255,237,3
IQ:16,136,3,389,-199
IQ:17,144,255,-171,-255
IQ:18,152,9,-183,316
IQ:19,160,255,274,256
IQ:20,168,4,215,-32
IQ:21,176,255,-78,-122
IQ:22,184,8,-305,208
IQ:23,192,255,180,269
IQ:24,200,7,227,-112
IQ:25,208,255,-88,-140
IQ:26,216,6,-49,191
IQ:27,224,255,140,12
IQ:28,232,5,-128,-128
IQ:29,240,255,-156,45
IQ:30,248,12,-36,-54
IQ:31,256,255,-44,-54
IQ:32,264,1,-142,54
IQ:33,272,255,20,249
IQ:34,280,2,304,189
IQ:35,288,255,273,-217
SW:2
RR:3
SS:3
FR:2402
ME:52
MA:97
KE:22
KA:22
DF_END

Data arrived...
DF_BEGIN
IQ:0,0,11,70,53
IQ:1,8,11,44,-89
IQ:2,16,11,-108,-28
IQ:3,24,11,-24,90
IQ:4,32,11,105,1
IQ:5,40,11,3,-100
IQ:6,48,11,-92,17
IQ:7,56,11,14,89
IQ:8,72,12,139,-161
IQ:9,80,255,-167,-177
IQ:10,88,1,-183,100
IQ:11,96,255,67,177
IQ:12,104,2,106,3
IQ:13,112,255,-58,-40
IQ:14,120,10,-99,316
IQ:15,128,255,202,156
IQ:16,136,3,20,22
IQ:17,144,255,-120,-3
IQ:18,152,9,-227,187
IQ:19,160,255,52,154
IQ:20,168,4,-139,-95
IQ:21,176,255,-140,37
IQ:22,184,8,-140,-179
IQ:23,192,255,-178,24
IQ:24,200,7,-137,182
IQ:25,208,255,93,172
IQ:26,216,6,70,85
IQ:27,224,255,47,-154
IQ:28,232,5,-218,-184
IQ:29,240,255,-150,147
IQ:30,248,12,218,35
IQ:31,256,255,64,-219
IQ:32,264,1,-175,-103
IQ:33,272,255,-108,161
IQ:34,280,2,59,109
IQ:35,288,255,67,-16
SW:2
RR:3
SS:3
FR:2480
ME:55
MA:33
KE:25
KA:23
DF_END

Data arrived...