IQ:20,168,4,-152,40
IQ:21,176,255,-4,180
IQ:22,184,8,110,82
IQ:23,192,255,40,-109
IQ:24,200,7,-181,4
IQ:25,208,255,-15,161
IQ:26,216,6,120,-12
IQ:27,224,255,-45,-88
IQ:28,232,5,-109,128
IQ:29,240,255,130,128
IQ:30,248,12,155,-99
IQ:31,256,255,-99,-132
IQ:32,264,1,-118,139
IQ:33,272,255,126,99
IQ:34,280,2,28,-178
IQ:35,288,255,-193,-59
SW:2
RR:3
SS:3
FR:2426
ME:7
MA:268
KE:12
KA:268
DF_END

Data arrived...
DF_BEGIN
IQ:0,0,11,172,10
IQ:1,8,11,-9,-170
IQ:2,16,11,-173,22
IQ:3,24,11,30,171
IQ:4,32,11,169,-55
IQ:5,40,11,-60,-160
IQ:6,48,11,-152,70
IQ:7,56,11,97,159
IQ:8,72,12,-182,-154
IQ:9,80,255,-85,144
IQ:10,88,1,242,-9
IQ:11,96,255,9,-190
IQ:12,104,2,-172,143
IQ:13,112,255,118,210
IQ:14,120,10,201,13
IQ:15,128,255,57,-112
IQ:16,136,3,61,133
IQ:17,144,255,169,65
IQ:18,152,9,197,19
IQ:19,160,255,29,-77
IQ:20,168,4,72,184
IQ:21,176,255,212,63
IQ:22,184,8,130,-34
IQ:23,192,255,-84,-74
IQ:24,200,7,-172,198
IQ:25,208,255,144,161
IQ:26,216,6,43,-124
IQ:27,224,255,-76,-10
IQ:28,232,5,150,91
IQ:29,240,255,185,-140
IQ:30,248,12,42,-244
IQ:31,256,255,-164,-6
IQ:32,264,1,146,184
IQ:33,272,255,163,-102
IQ:34,280,2,-213,-40
IQ:35,288,255,-113,229
SW:2
RR:3
SS:3
FR:2402
ME:13
MA:268
KE:12
KA:268
DF_END

Data arrived...
DF_BEGIN
IQ:0,0,11,-43,-165
IQ:1,8,11,-154,62
IQ:2,16,11,86,156
IQ:3,24,11,140,-101
IQ:4,32,11,-118,-129
IQ:5,40,11,-118,121
IQ:6,48,11,136,110
IQ:7,56,11,101,-141
IQ:8,72,12,-69,221
IQ:9,80,255,162,34
IQ:10,88,1,-91,-213
IQ:11,96,255,-186,70
IQ:12,104,2,195,97
IQ:13,112,255,160,-180
IQ:14,120,10,-44,-198
IQ:15,128,255,-129,0
IQ:16,136,3,94,-104
IQ:17,144,255,9,-188
IQ:18,152,9,-62,-183
IQ:19,160,255,-80,8
IQ:20,168,4,140,-122
IQ:21,176,255,-44,-209
IQ:22,184,8,-69,-117
IQ:23,192,255,-33,100
IQ:24,200,7,250,70
IQ:25,208,255,77,-198
IQ:26,216,6,-128,13
IQ:27,224,255,20,73
IQ:28,232,5,17,-165
IQ:29,240,255,-202,-103
IQ:30,248,12,-225,91
IQ:31,256,255,76,148
IQ:32,264,1,114,-202
IQ:33,272,255,-165,-103
IQ:34,280,2,37,211
IQ:35,288,255,245,5
SW:2
RR:3
SS:3
FR:2402
ME:13
MA:271
KE:12
KA:268
DF_END

Data arrived...
DF_BEGIN
IQ:0,0,11,-158,67
IQ:1,8,11,88,147
IQ:2,16,11,134,-101
IQ:3,24,11,-130,-122
IQ:4,32,11,-103,142
IQ:5,40,11,142,94
IQ:6,48,11,61,-163
IQ:7,56,11,-165,-75
IQ:8,72,12,143,-128
IQ:9,80,255,-64,-107
IQ:10,88,1,-22,137
IQ:11,96,255,95,20
IQ:12,104,2,-85,-108
IQ:13,112,255,-171,1
IQ:14,120,10,-226,90
IQ:15,128,255,-6,148
IQ:16,136,3,-92,-5
IQ:17,144,255,-127,76
IQ:18,152,9,-143,180
IQ:19,160,255,42,124
IQ:20,168,4,-170,84
IQ:21,176,255,-47,177
IQ:22,184,8,-85,251
IQ:23,192,255,105,48
IQ:24,200,7,-219,-183
IQ:25,208,255,-192,91
IQ:26,216,6,27,13
IQ:27,224,255,-2,5
IQ:28,232,5,-11,125
IQ:29,240,255,132,88
IQ:30,248,12,185,54
IQ:31,256,255,38,-109
IQ:32,264,1,-123,69
IQ:33,272,255,33,88
IQ:34,280,2,31,-132
IQ:35,288,255,-120,-122
SW:2
RR:3
SS:3
FR:2480
ME:16
MA:268
KE:12
KA:268
DF_END

Data arrived...
DF_BEGIN
IQ:0,0,11,159,-28
IQ:1,8,11,-84,-72
IQ:2,16,11,-135,34
IQ:3,24,11,60,135
IQ:4,32,11,122,-70
IQ:5,40,11,-158,-193
IQ:6,48,11,-112,112
IQ:7,56,11,112,109
IQ:8,72,12,-168,0
IQ:9,80,255,-1,175
IQ:10,88,1,200,-47
IQ:11,96,255,-44,-158
IQ:12,104,2,-91,89
IQ:13,112,255,130,162
IQ:14,120,10,154,-33
IQ:15,128,255,-39,-81
IQ:16,136,3,72,138
IQ:17,144,255,135,58
IQ:18,152,9,147,-75
IQ:19,160,255,-69,-65
IQ:20,168,4,112,138
IQ:21,176,255,169,-6
IQ:22,184,8,79,-114
IQ:23,192,255,-99,-46
IQ:24,200,7,30,208
IQ:25,208,255,168,-13
IQ:26,216,6,-25,-130
IQ:27,224,255,-93,49
IQ:28,232,5,163,136
IQ:29,240,255,112,-163
IQ:30,248,12,-108,-130
IQ:31,256,255,-111,124
IQ:32,264,1,160,116
IQ:33,272,255,90,-138
IQ:34,280,2,-180,-16
IQ:35,288,255,-38,196
SW:2
RR:3
SS:3
FR:2426
ME:10
MA:257
KE:12
KA:267
DF_END

Data arrived...
DF_BEGIN
IQ:0,0,11,-156,-75
IQ:1,8,11,-51,158
IQ:2,16,11,165,52
IQ:3,24,11,37,-166
IQ:4,32,11,-167,-12
IQ:5,40,11,-5,177
IQ:6,48,11,172,-2
IQ:7,56,11,-20,-167
IQ:8,72,12,99,220
IQ:9,80,255,135,-89
IQ:10,88,1,-230,-66
IQ:11,96,255,-81,176
IQ:12,104,2,201,-62
IQ:13,112,255,-13,-247
IQ:14,120,10,-176,-104
IQ:15,128,255,-96,84
IQ:16,136,3,-3,-142
IQ:17,144,255,-118,-150
IQ:18,152,9,-168,-100
IQ:19,160,255,-58,56
IQ:20,168,4,8,-193
IQ:21,176,255,-168,-133
IQ:22,184,8,-134,-24
IQ:23,192,255,44,87
IQ:24,200,7,227,-134
IQ:25,208,255,-73,-207
IQ:26,216,6,-86,87
IQ:27,224,255,66,36
IQ:28,232,5,-106,-132
IQ:29,240,255,-213,62
IQ:30,248,12,-125,212
IQ:31,256,255,148,68
IQ:32,264,1,-58,-227
IQ:33,272,255,-185,36
IQ:34,280,2,178,128
IQ:35,288,255,195,-152
SW:2
RR:3
SS:3
FR:2402
ME:13
MA:268
KE:12
KA:267
DF_END

Data arrived...
DF_BEGIN
IQ:0,0,11,36,177
IQ:1,8,11,166,-50
IQ:2,16,11,-62,-166
IQ:3,24,11,-158,88
IQ:4,32,11,100,146
IQ:5,40,11,129,-108
IQ:6,48,11,-124,-120
IQ:7,56,11,-112,142
IQ:8,72,12,96,-226
IQ:9,80,255,-155,-65
IQ:10,88,1,73,228
IQ:11,96,255,185,-48
IQ:12,104,2,-193,-94
IQ:13,112,255,-183,175
IQ:14,120,10,26,202
IQ:15,128,255,129,14
IQ:16,136,3,-114,91
IQ:17,144,255,-24,175
IQ:18,152,9,44,198
IQ:19,160,255,90,13
IQ:20,168,4,-164,95
IQ:21,176,255,10,218
IQ:22,184,8,81,117
IQ:23,192,255,39,-114
IQ:24,200,7,-250,-85
IQ:25,208,255,-106,196
IQ:26,216,6,129,7
IQ:27,224,255,-16,-80
IQ:28,232,5,-40,174
IQ:29,240,255,197,124
IQ:30,248,12,238,-35
IQ:31,256,255,-52,-153
IQ:32,264,1,-132,202
IQ:33,272,255,160,115
IQ:34,280,2,-15,-215
IQ:35,288,255,-253,-60
SW:2
RR:3
SS:3
FR:2402
ME:13
MA:271
KE:12
KA:267
DF_END

Data arrived...
DF_BEGIN
IQ:0,0,11,111,139
IQ:1,8,11,127,-127
IQ:2,16,11,-141,-92
IQ:3,24,11,-83,153
IQ:4,32,11,155,62
IQ:5,40,11,38,-170
IQ:6,48,11,-176,-25
IQ:7,56,11,-21,171
IQ:8,72,12,-155,-116
IQ:9,80,255,-82,95
IQ:10,88,1,134,-6
IQ:11,96,255,-10,-106
IQ:12,104,2,-68,119
IQ:13,112,255,95,162
IQ:14,120,10,187,168
IQ:15,128,255,152,-42
IQ:16,136,3,15,84
IQ:17,144,255,116,104
IQ:18,152,9,222,73
IQ:19,160,255,107,-71
IQ:20,168,4,107,139
IQ:21,176,255,185,-18
IQ:22,184,8,264,-4
IQ:23,192,255,19,-127
IQ:24,200,7,-111,254
IQ:25,208,255,162,151
IQ:26,216,6,11,-36
IQ:27,224,255,15,-4
IQ:28,232,5,141,-12
IQ:29,240,255,69,-147
IQ:30,248,12,6,-206
IQ:31,256,255,-123,-12
IQ:32,264,1,96,93
IQ:33,272,255,89,-69
IQ:34,280,2,-131,11
IQ:35,288,255,-79,152
SW:2
RR:3
SS:3
FR:2480
ME:16
MA:268
KE:12
KA:267
DF_END

Data arrived...
DF_BEGIN
IQ:0,0,11,129,-70
IQ:1,8,11,-80,-127
IQ:2,16,11,-119,96
IQ:3,24,11,99,110
IQ:4,32,11,148,-74
IQ:5,40,11,-115,-98
IQ:6,48,11,-78,121
IQ:7,56,11,134,64
IQ:8,72,12,-159,43
IQ:9,80,255,54,143
IQ:10,88,1,148,-107
IQ:11,96,255,-10,-168
IQ:12,104,2,-83,159
IQ:13,112,255,170,117
IQ:14,120,10,147,-72
IQ:15,128,255,-50,-84
IQ:16,136,3,22,135
IQ:17,144,255,196,-8
IQ:18,152,9,112,-113
IQ:19,160,255,-131,-35
IQ:20,168,4,78,135
IQ:21,176,255,180,-34
IQ:22,184,8,58,-128
IQ:23,192,255,-178,-20
IQ:24,200,7,72,169
IQ:25,208,255,155,-53
IQ:26,216,6,-44,-104
IQ:27,224,255,-82,91
IQ:28,232,5,166,65
IQ:29,240,255,89,-185
IQ:30,248,12,-160,-121
IQ:31,256,255,-123,128
IQ:32,264,1,183,92
IQ:33,272,255,87,-180
IQ:34,280,2,-178,15
IQ:35,288,255,127,193
SW:2
RR:3
SS:3
FR:2426
ME:10
MA:257
KE:12
KA:266
DF_END

Data arrived...
DF_BEGIN
IQ:0,0,11,141,-105
IQ:1,8,11,-117,-131
IQ:2,16,11,-129,123
IQ:3,24,11,130,107
IQ:4,32,11,87,-157
IQ:5,40,11,-161,-89
IQ:6,48,11,-59,165
IQ:7,56,11,171,46
IQ:8,72,12,-252,24
IQ:9,80,255,16,173
IQ:10,88,1,168,-176
IQ:11,96,255,-134,-140
IQ:12,104,2,-31,220
IQ:13,112,255,242,95
IQ:14,120,10,170,-106
IQ:15,128,255,-51,-117
IQ:16,136,3,129,76
IQ:17,144,255,196,-42
IQ:18,152,9,160,-114
IQ:19,160,255,-41,-69
IQ:20,168,4,170,107
IQ:21,176,255,203,-106
IQ:22,184,8,71,-120
IQ:23,192,255,-114,11
IQ:24,200,7,38,269
IQ:25,208,255,223,12
IQ:26,216,6,-51,-123
IQ:27,224,255,-68,46
IQ:28,232,5,178,-18
IQ:29,240,255,26,-236
IQ:30,248,12,-127,-222
IQ:31,256,255,-122,94
IQ:32,264,1,245,42
IQ:33,272,255,41,-196
IQ:34,280,2,-208,103
IQ:35,288,255,56,258
SW:2
RR:3
SS:3
FR:2402
ME:10
MA:271
KE:12
KA:267
DF_END

Data arrived...
DF_BEGIN
IQ:0,0,11,142,-108
IQ:1,8,11,-120,-136
IQ:2,16,11,-103,138
IQ:3,24,11,152,93
IQ:4,32,11,91,-155
IQ:5,40,11,-152,-76
IQ:6,48,11,-59,167
IQ:7,56,11,169,37
IQ:8,72,12,-98,163
IQ:9,80,255,97,80
IQ:10,88,1,-5,-144
IQ:11,96,255,-113,-4
IQ:12,104,2,103,70
IQ:13,112,255,155,-79
IQ:14,120,10,195,-166
IQ:15,128,255,-34,-145
IQ:16,136,3,94,-10
IQ:17,144,255,100,-106
IQ:18,152,9,83,-212
IQ:19,160,255,-66,-114
IQ:20,168,4,156,-117
IQ:21,176,255,26,-195
IQ:22,184,8,2,-260
IQ:23,192,255,-120,-26
IQ:24,200,7,252,113
IQ:25,208,255,168,-144
IQ:26,216,6,-38,-18
IQ:27,224,255,4,-5
IQ:28,232,5,-8,-136
IQ:29,240,255,-147,-66
IQ:30,248,12,-195,-1
IQ:31,256,255,-8,119
IQ:32,264,1,109,-103
IQ:33,272,255,-63,-88
IQ:34,280,2,11,133
IQ:35,288,255,146,81
SW:2
RR:3
SS:3
FR:2480
ME:19
MA:265
KE:13
KA:266
DF_END

Data arrived...
DF_BEGIN
IQ:0,0,11,-182,-6
IQ:1,8,11,14,173
IQ:2,16,11,161,-24
IQ:3,24,11,-61,-157
IQ:4,32,11,-162,81
IQ:5,40,11,86,154
IQ:6,48,11,141,-98
IQ:7,56,11,-108,-120
IQ:8,72,12,180,-46
IQ:9,80,255,-12,-120
IQ:10,88,1,-78,126
IQ:11,96,255,78,72
IQ:12,104,2,-40,-125
IQ:13,112,255,-178,-29
IQ:14,120,10,-252,35
IQ:15,128,255,-66,143
IQ:16,136,3,-88,-51
IQ:17,144,255,-151,26
IQ:18,152,9,-199,126
IQ:19,160,255,-21,132
IQ:20,168,4,-188,8
IQ:21,176,255,-132,158
IQ:22,184,8,-163,201
IQ:23,192,255,72,89
IQ:24,200,7,-131,-246
IQ:25,208,255,-227,18
IQ:26,216,6,22,29
IQ:27,224,255,-4,5
IQ:28,232,5,-81,115
IQ:29,240,255,72,150
IQ:30,248,12,136,131
IQ:31,256,255,81,-82
IQ:32,264,1,-144,13
IQ:33,272,255,1,112
IQ:34,280,2,70,-110
IQ:35,288,255,-61,-160
SW:2
RR:3
SS:3
FR:2480
ME:16
MA:268
KE:13
KA:266
DF_END

Data arrived...
DF_BEGIN
IQ:0,0,11,125,133
IQ:1,8,11,118,-154
IQ:2,16,11,-157,-106
IQ:3,24,11,-84,177
IQ:4,32,11,178,72
IQ:5,40,11,62,-178
IQ:6,48,11,-180,-29
IQ:7,56,11,-24,196
IQ:8,72,12,-127,-200
IQ:9,80,255,-166,119
IQ:10,88,1,181,165
IQ:11,96,255,121,-155
IQ:12,104,2,-213,-27
IQ:13,112,255,-51,239
IQ:14,120,10,153,143
IQ:15,128,255,81,-88
IQ:16,136,3,-150,112
IQ:17,144,255,41,228
IQ:18,152,9,177,84
IQ:19,160,255,36,-100
IQ:20,168,4,-116,153
IQ:21,176,255,123,188
IQ:22,184,8,170,-3
IQ:23,192,255,-49,-144
IQ:24,200,7,-181,132
IQ:25,208,255,125,161
IQ:26,216,6,104,-119
IQ:27,224,255,-119,-47
IQ:28,232,5,13,207
IQ:29,240,255,243,11
IQ:30,248,12,87,-223
IQ:31,256,255,-193,-37
IQ:32,264,1,-1,244
IQ:33,272,255,202,11
IQ:34,280,2,-115,-185
IQ:35,288,255,-243,90
SW:2
RR:3
SS:3
FR:2426
ME:7
MA:265
KE:12
KA:266
DF_END

Data arrived...
DF_BEGIN
IQ:0,0,11,-158,-87
IQ:1,8,11,-59,169
IQ:2,16,11,174,44
IQ:3,24,11,51,-174
IQ:4,32,11,-180,-32
IQ:5,40,11,-12,177
IQ:6,48,11,170,-2
IQ:7,56,11,-31,-171
IQ:8,72,12,94,226
IQ:9,80,255,134,-83
IQ:10,88,1,-233,-96
IQ:11,96,255,-76,180
IQ:12,104,2,213,-80
IQ:13,112,255,-14,-261
IQ:14,120,10,-175,-119
IQ:15,128,255,-86,93
IQ:16,136,3,20,-156
IQ:17,144,255,-120,-149
IQ:18,152,9,-181,-98
IQ:19,160,255,-58,58
IQ:20,168,4,32,-215
IQ:21,176,255,-164,-156
IQ:22,184,8,-139,-24
IQ:23,192,255,53,97
IQ:24,200,7,236,-123
IQ:25,208,255,-82,-202
IQ:26,216,6,-88,99
IQ:27,224,255,75,37
IQ:28,232,5,-107,-149
IQ:29,240,255,-230,62
IQ:30,248,12,-113,211
IQ:31,256,255,153,45
IQ:32,264,1,-81,-241
IQ:33,272,255,-189,52
IQ:34,280,2,193,133
IQ:35,288,255,203,-163
SW:2
RR:3
SS:3
FR:2402
ME:13
MA:268
KE:12
KA:266
DF_END

Data arrived...
DF_BEGIN
IQ:0,0,11,68,177
IQ:1,8,11,147,-87
IQ:2,16,11,-109,-134
IQ:3,24,11,-143,121
IQ:4,32,11,117,117
IQ:5,40,11,101,-144
IQ:6,48,11,-160,-81
IQ:7,56,11,-72,158
IQ:8,72,12,60,-234
IQ:9,80,255,-167,-27
IQ:10,88,1,147,196
IQ:11,96,255,173,-100
IQ:12,104,2,-221,-72
IQ:13,112,255,-160,201
IQ:14,120,10,72,188
IQ:15,128,255,122,-16
IQ:16,136,3,-95,119
IQ:17,144,255,5,192
IQ:18,152,9,84,181
IQ:19,160,255,81,-10
IQ:20,168,4,-149,135
IQ:21,176,255,58,218
IQ:22,184,8,93,98
IQ:23,192,255,6,-120
IQ:24,200,7,-273,-47
IQ:25,208,255,-50,218
IQ:26,216,6,126,-27
IQ:27,224,255,-35,-65
IQ:28,232,5,1,178
IQ:29,240,255,224,78
IQ:30,248,12,219,-99
IQ:31,256,255,-100,-132
IQ:32,264,1,-61,235
IQ:33,272,255,185,75
IQ:34,280,2,-57,-209
IQ:35,288,255,-244,-2
SW:2
RR:3
SS:3
FR:2402
ME:13
MA:273
KE:12
KA:267
DF_END

Data arrived...
DF_BEGIN
IQ:0,0,11,-77,158
IQ:1,8,11,162,45
IQ:2,16,11,39,-171
IQ:3,24,11,-171,-19
IQ:4,32,11,7,166
IQ:5,40,11,173,-28
IQ:6,48,11,-34,-174
IQ:7,56,11,-164,50
IQ:8,72,12,41,-186
IQ:9,80,255,-112,-31
IQ:10,88,1,82,126
IQ:11,96,255,102,-51
IQ:12,104,2,-137,-19
IQ:13,112,255,-102,149
IQ:14,120,10,-87,236
IQ:15,128,255,92,120
IQ:16,136,3,-84,54
IQ:17,144,255,-45,150
IQ:18,152,9,26,234
IQ:19,160,255,104,65
IQ:20,168,4,-72,182
IQ:21,176,255,93,181
IQ:22,184,8,113,248
IQ:23,192,255,121,-28
IQ:24,200,7,-284,14
IQ:25,208,255,-87,205
IQ:26,216,6,41,-3
IQ:27,224,255,-7,8
IQ:28,232,5,61,130
IQ:29,240,255,168,4
IQ:30,248,12,180,-86
IQ:31,256,255,-40,-110
IQ:32,264,1,-51,145
IQ:33,272,255,104,45
IQ:34,280,2,-61,-124
IQ:35,288,255,-170,-17
SW:2
RR:3
SS:3
FR:2480
ME:16
MA:268
KE:13
KA:267
DF_END

Data arrived...
DF_BEGIN
IQ:0,0,11,149,86
IQ:1,8,11,70,-156
IQ:2,16,11,-161,-47
IQ:3,24,11,-29,167
IQ:4,32,11,173,2
IQ:5,40,11,-4,-172
IQ:6,48,11,-169,11
IQ:7,56,11,34,158
IQ:8,72,12,-194,-40
IQ:9,80,255,-40,113
IQ:10,88,1,133,-74
IQ:11,96,255,-52,-99
IQ:12,104,2,-31,130
IQ:13,112,255,127,114
IQ:14,120,10,219,112
IQ:15,128,255,115,-91
IQ:16,136,3,51,89
IQ:17,144,255,144,52
IQ:18,152,9,226,-13
IQ:19,160,255,78,-106
IQ:20,168,4,180,96
IQ:21,176,255,187,-71
IQ:22,184,8,249,-74
IQ:23,192,255,-23,-125
IQ:24,200,7,-17,272
IQ:25,208,255,188,88
IQ:26,216,6,-7,-31
IQ:27,224,255,12,13
IQ:28,232,5,126,-54
IQ:29,240,255,13,-171
IQ:30,248,12,-68,-184
IQ:31,256,255,-110,37
IQ:32,264,1,139,50
IQ:33,272,255,48,-97
IQ:34,280,2,-124,45
IQ:35,288,255,-35,170
SW:2
RR:3
SS:3
FR:2480
ME:16
MA:268
KE:13
KA:267
DF_END

Data arrived...
DF_BEGIN
IQ:0,0,11,-62,-178
IQ:1,8,11,-182,68
IQ:2,16,11,93,160
IQ:3,24,11,158,-110
IQ:4,32,11,-127,-151
IQ:5,40,11,-145,135
IQ:6,48,11,138,115
IQ:7,56,11,78,-172
IQ:8,72,12,36,231
IQ:9,80,255,191,-44
IQ:10,88,1,-111,-212
IQ:11,96,255,-176,101
IQ:12,104,2,183,128
IQ:13,112,255,168,-171
IQ:14,120,10,-58,-188
IQ:15,128,255,-106,48
IQ:16,136,3,176,-45
IQ:17,144,255,49,-225
IQ:18,152,9,-119,-159
IQ:19,160,255,-74,67
IQ:20,168,4,154,-100
IQ:21,176,255,-48,-217
IQ:22,184,8,-166,-91
IQ:23,192,255,-37,141
IQ:24,200,7,213,-31
IQ:25,208,255,-35,-203
IQ:26,216,6,-143,46
IQ:27,224,255,72,105
IQ:28,232,5,80,-186
IQ:29,240,255,-193,-120
IQ:30,248,12,-170,159
IQ:31,256,255,147,117
IQ:32,264,1,101,-217
IQ:33,272,255,-184,-90
IQ:34,280,2,21,219
IQ:35,288,255,252,38
SW:2
RR:3
SS:3
FR:2426
ME:7
MA:271
KE:12
KA:267
DF_END

Data arrived...
DF_BEGIN
IQ:0,0,11,173,-1
IQ:1,8,11,-26,-172
IQ:2,16,11,-175,44
IQ:3,24,11,65,169
IQ:4,32,11,159,-88
IQ:5,40,11,-96,-151
IQ:6,48,11,-148,99
IQ:7,56,11,109,142
IQ:8,72,12,-201,-152
IQ:9,80,255,-85,149
IQ:10,88,1,256,-42
IQ:11,96,255,-14,-208
IQ:12,104,2,-179,162
IQ:13,112,255,123,225
IQ:14,120,10,204,4
IQ:15,128,255,30,-122
IQ:16,136,3,54,144
IQ:17,144,255,189,70
IQ:18,152,9,199,-7
IQ:19,160,255,8,-82
IQ:20,168,4,62,203
IQ:21,176,255,219,56
IQ:22,184,8,132,-53
IQ:23,192,255,-106,-58
IQ:24,200,7,-134,244
IQ:25,208,255,182,136
IQ:26,216,6,25,-133
IQ:27,224,255,-86,5
IQ:28,232,5,158,84
IQ:29,240,255,178,-154
IQ:30,248,12,-4,-252
IQ:31,256,255,-170,27
IQ:32,264,1,169,178
IQ:33,272,255,143,-137
IQ:34,280,2,-240,-27
IQ:35,288,255,-106,241
SW:2
RR:3
SS:3
FR:2402
ME:10
MA:271
KE:12
KA:268
DF_END

Data arrived...
DF_BEGIN
IQ:0,0,11,90,-139
IQ:1,8,11,-153,-73
IQ:2,16,11,-1,184
IQ:3,24,11,149,26
IQ:4,32,11,31,-150
IQ:5,40,11,-144,-12
IQ:6,48,11,59,132
IQ:7,56,11,167,-22
IQ:8,72,12,-122,141
IQ:9,80,255,82,87
IQ:10,88,1,78,-169
IQ:11,96,255,-137,-50
IQ:12,104,2,-7,181
IQ:13,112,255,188,10
IQ:14,120,10,86,-122
IQ:15,128,255,-93,-48
IQ:16,136,3,114,92
IQ:17,144,255,133,-100
IQ:18,152,9,23,-152
IQ:19,160,255,-68,-30
IQ:20,168,4,125,59
IQ:21,176,255,89,-151
IQ:22,184,8,-39,-118
IQ:23,192,255,-101,58
IQ:24,200,7,142,108
IQ:25,208,255,97,-105
IQ:26,216,6,-102,-41
IQ:27,224,255,-16,113
IQ:28,232,5,141,-39
IQ:29,240,255,-48,-200
IQ:30,248,12,-197,-16
IQ:31,256,255,-1,165
IQ:32,264,1,169,-38
IQ:33,272,255,-71,-111
IQ:34,280,2,-119,144
IQ:35,288,255,110,183
SW:2
RR:3
SS:3
FR:2426
ME:7
MA:262
KE:12
KA:267
DF_END

Data arrived...
DF_BEGIN
IQ:0,0,11,177,57
IQ:1,8,11,42,-174
IQ:2,16,11,-186,-11
IQ:3,24,11,6,192
IQ:4,32,11,180,-14
IQ:5,40,11,-36,-166
IQ:6,48,11,-174,45
IQ:7,56,11,59,163
IQ:8,72,12,-150,-219
IQ:9,80,255,-142,112
IQ:10,88,1,239,46
IQ:11,96,255,45,-211
IQ:12,104,2,-218,96
IQ:13,112,255,41,260
IQ:14,120,10,191,73
IQ:15,128,255,65,-115
IQ:16,136,3,-11,153
IQ:17,144,255,161,128
IQ:18,152,9,210,57
IQ:19,160,255,36,-84
IQ:20,168,4,2,209
IQ:21,176,255,199,119
IQ:22,184,8,148,-3
IQ:23,192,255,-84,-81
IQ:24,200,7,-200,197
IQ:25,208,255,155,176
IQ:26,216,6,74,-131
IQ:27,224,255,-92,-24
IQ:28,232,5,121,130
IQ:29,240,255,222,-93
IQ:30,248,12,97,-245
IQ:31,256,255,-180,-32
IQ:32,264,1,115,233
IQ:33,272,255,194,-72
IQ:34,280,2,-208,-82
IQ:35,288,255,-165,199
SW:2
RR:3
SS:3
FR:2402
ME:13
MA:268
KE:12
KA:267
DF_END

Data arrived...
DF_BEGIN
IQ:0,0,11,63,146
IQ:1,8,11,154,-75
IQ:2,16,11,-75,-149
IQ:3,24,11,-136,94
IQ:4,32,11,108,126
IQ:5,40,11,109,-121
IQ:6,48,11,-129,-112
IQ:7,56,11,-78,149
IQ:8,72,12,94,-229
IQ:9,80,255,-156,-50
IQ:10,88,1,81,231
IQ:11,96,255,194,-62
IQ:12,104,2,-189,-117
IQ:13,112,255,-176,185
IQ:14,120,10,48,188
IQ:15,128,255,108,-6
IQ:16,136,3,-125,96
IQ:17,144,255,-12,194
IQ:18,152,9,57,183
IQ:19,160,255,75,-14
IQ:20,168,4,-162,130
IQ:21,176,255,31,213
IQ:22,184,8,77,104
IQ:23,192,255,