IQ:14,120,10,32,177
IQ:15,128,255,99,-25
IQ:16,136,3,-184,20
IQ:17,144,255,-74,209
IQ:18,152,9,86,152
IQ:19,160,255,63,-56
IQ:20,168,4,-156,84
IQ:21,176,255,19,210
IQ:22,184,8,135,86
IQ:23,192,255,26,-123
IQ:24,200,7,-213,5
IQ:25,208,255,7,183
IQ:26,216,6,134,-49
IQ:27,224,255,-71,-90
IQ:28,232,5,-81,180
IQ:29,240,255,178,132
IQ:30,248,12,187,-116
IQ:31,256,255,-125,-134
IQ:32,264,1,-124,200
IQ:33,272,255,158,106
IQ:34,280,2,-12,-213
IQ:35,288,255,-236,-37
SW:2
RR:3
SS:3
FR:2426
ME:10
MA:265
KE:12
KA:267
DF_END

Data arrived...
DF_BEGIN
IQ:0,0,11,-58,182
IQ:1,8,11,186,27
IQ:2,16,11,13,-191
IQ:3,24,11,-182,4
IQ:4,32,11,26,186
IQ:5,40,11,179,-43
IQ:6,48,11,-50,-189
IQ:7,56,11,-164,74
IQ:8,72,12,170,-170
IQ:9,80,255,-121,-119
IQ:10,88,1,0,214
IQ:11,96,255,182,16
IQ:12,104,2,-112,-152
IQ:13,112,255,-204,82
IQ:14,120,10,-50,207
IQ:15,128,255,122,83
IQ:16,136,3,-92,35
IQ:17,144,255,-88,131
IQ:18,152,9,-31,203
IQ:19,160,255,92,51
IQ:20,168,4,-159,41
IQ:21,176,255,-66,187
IQ:22,184,8,24,156
IQ:23,192,255,90,-75
IQ:24,200,7,-222,-146
IQ:25,208,255,-161,165
IQ:26,216,6,111,72
IQ:27,224,255,42,-68
IQ:28,232,5,-72,113
IQ:29,240,255,109,158
IQ:30,248,12,245,24
IQ:31,256,255,7,-170
IQ:32,264,1,-157,135
IQ:33,272,255,103,150
IQ:34,280,2,71,-181
IQ:35,288,255,-191,-128
SW:2
RR:3
SS:3
FR:2402
ME:13
MA:271
KE:12
KA:268
DF_END

Data arrived...
DF_BEGIN
IQ:0,0,11,10,141
IQ:1,8,11,141,-28
IQ:2,16,11,-49,-142
IQ:3,24,11,-132,61
IQ:4,32,11,70,124
IQ:5,40,11,114,-82
IQ:6,48,11,-99,-108
IQ:7,56,11,-101,105
IQ:8,72,12,-34,-149
IQ:9,80,255,-105,7
IQ:10,88,1,85,85
IQ:11,96,255,70,-57
IQ:12,104,2,-102,10
IQ:13,112,255,-48,131
IQ:14,120,10,23,193
IQ:15,128,255,119,21
IQ:16,136,3,-45,54
IQ:17,144,255,3,126
IQ:18,152,9,99,163
IQ:19,160,255,105,6
IQ:20,168,4,-14,130
IQ:21,176,255,103,106
IQ:22,184,8,161,111
IQ:23,192,255,63,-78
IQ:24,200,7,-195,79
IQ:25,208,255,-3,171
IQ:26,216,6,39,-11
IQ:27,224,255,-1,-10
IQ:28,232,5,69,75
IQ:29,240,255,118,-32
IQ:30,248,12,90,-113
IQ:31,256,255,-76,-67
IQ:32,264,1,13,125
IQ:33,272,255,90,12
IQ:34,280,2,-70,-75
IQ:35,288,255,-131,40
SW:2
RR:3
SS:3
FR:2480
ME:16
MA:268
KE:12
KA:268
DF_END

Data arrived...
DF_BEGIN
IQ:0,0,11,175,62
IQ:1,8,11,35,-185
IQ:2,16,11,-201,-21
IQ:3,24,11,-14,195
IQ:4,32,11,186,-6
IQ:5,40,11,-27,-187
IQ:6,48,11,-191,46
IQ:7,56,11,56,182
IQ:8,72,12,-195,-44
IQ:9,80,255,-61,124
IQ:10,88,1,135,-41
IQ:11,96,255,-32,-107
IQ:12,104,2,-47,122
IQ:13,112,255,121,125
IQ:14,120,10,241,77
IQ:15,128,255,94,-124
IQ:16,136,3,18,82
IQ:17,144,255,130,70
IQ:18,152,9,243,-36
IQ:19,160,255,43,-130
IQ:20,168,4,153,78
IQ:21,176,255,182,-56
IQ:22,184,8,219,-126
IQ:23,192,255,-70,-121
IQ:24,200,7,2,261
IQ:25,208,255,212,76
IQ:26,216,6,7,-48
IQ:27,224,255,-11,-11
IQ:28,232,5,105,-42
IQ:29,240,255,22,-151
IQ:30,248,12,-53,-198
IQ:31,256,255,-132,32
IQ:32,264,1,125,75
IQ:33,272,255,60,-83
IQ:34,280,2,-122,35
IQ:35,288,255,-45,166
SW:2
RR:3
SS:3
FR:2480
ME:16
MA:262
KE:13
KA:267
DF_END

Data arrived...
DF_BEGIN
IQ:0,0,11,-62,-168
IQ:1,8,11,-153,71
IQ:2,16,11,108,149
IQ:3,24,11,156,-107
IQ:4,32,11,-114,-136
IQ:5,40,11,-128,137
IQ:6,48,11,140,95
IQ:7,56,11,79,-164
IQ:8,72,12,25,229
IQ:9,80,255,186,-48
IQ:10,88,1,-157,-230
IQ:11,96,255,-196,85
IQ:12,104,2,194,115
IQ:13,112,255,148,-172
IQ:14,120,10,-66,-168
IQ:15,128,255,-81,59
IQ:16,136,3,165,-47
IQ:17,144,255,12,-225
IQ:18,152,9,-118,-145
IQ:19,160,255,-51,79
IQ:20,168,4,143,-106
IQ:21,176,255,-81,-196
IQ:22,184,8,-165,-62
IQ:23,192,255,-7,128
IQ:24,200,7,217,-73
IQ:25,208,255,-10,-188
IQ:26,216,6,-131,75
IQ:27,224,255,80,95
IQ:28,232,5,48,-210
IQ:29,240,255,-221,-104
IQ:30,248,12,-166,180
IQ:31,256,255,155,128
IQ:32,264,1,88,-237
IQ:33,272,255,-184,-93
IQ:34,280,2,54,208
IQ:35,288,255,268,12
SW:2
RR:3
SS:3
FR:2426
ME:7
MA:265
KE:12
KA:267
DF_END

Data arrived...
DF_BEGIN
IQ:0,0,11,34,-178
IQ:1,8,11,-192,-16
IQ:2,16,11,-12,175
IQ:3,24,11,180,-7
IQ:4,32,11,-31,-172
IQ:5,40,11,-175,58
IQ:6,48,11,52,177
IQ:7,56,11,170,-69
IQ:8,72,12,-163,170
IQ:9,80,255,115,109
IQ:10,88,1,-11,-209
IQ:11,96,255,-193,-23
IQ:12,104,2,98,164
IQ:13,112,255,211,-68
IQ:14,120,10,68,-180
IQ:15,128,255,-122,-70
IQ:16,136,3,109,-41
IQ:17,144,255,82,-136
IQ:18,152,9,48,-186
IQ:19,160,255,-85,-50
IQ:20,168,4,169,-41
IQ:21,176,255,62,-188
IQ:22,184,8,-13,-140
IQ:23,192,255,-89,76
IQ:24,200,7,183,162
IQ:25,208,255,176,-141
IQ:26,216,6,-105,-64
IQ:27,224,255,-37,59
IQ:28,232,5,79,-115
IQ:29,240,255,-119,-149
IQ:30,248,12,-243,-21
IQ:31,256,255,-9,162
IQ:32,264,1,166,-128
IQ:33,272,255,-100,-156
IQ:34,280,2,-72,180
IQ:35,288,255,184,141
SW:2
RR:3
SS:3
FR:2402
ME:13
MA:271
KE:12
KA:267
DF_END

Data arrived...
DF_BEGIN
IQ:0,0,11,25,-175
IQ:1,8,11,-179,-21
IQ:2,16,11,-6,179
IQ:3,24,11,189,-21
IQ:4,32,11,-26,-181
IQ:5,40,11,-178,47
IQ:6,48,11,58,163
IQ:7,56,11,162,-75
IQ:8,72,12,9,176
IQ:9,80,255,128,9
IQ:10,88,1,-85,-103
IQ:11,96,255,-81,55
IQ:12,104,2,122,-11
IQ:13,112,255,80,-153
IQ:14,120,10,63,-257
IQ:15,128,255,-122,-113
IQ:16,136,3,65,-62
IQ:17,144,255,28,-153
IQ:18,152,9,-51,-245
IQ:19,160,255,-124,-67
IQ:20,168,4,47,-183
IQ:21,176,255,-96,-164
IQ:22,184,8,-111,-225
IQ:23,192,255,-112,45
IQ:24,200,7,264,-58
IQ:25,208,255,37,-209
IQ:26,216,6,-33,5
IQ:27,224,255,-5,-15
IQ:28,232,5,-84,-108
IQ:29,240,255,-159,30
IQ:30,248,12,-160,111
IQ:31,256,255,62,103
IQ:32,264,1,22,-136
IQ:33,272,255,-96,-28
IQ:34,280,2,86,89
IQ:35,288,255,157,-23
SW:2
RR:3
SS:3
FR:2480
ME:19
MA:265
KE:13
KA:267
DF_END

Data arrived...
DF_BEGIN
IQ:0,0,11,142,-68
IQ:1,8,11,-70,-143
IQ:2,16,11,-130,81
IQ:3,24,11,92,121
IQ:4,32,11,102,-116
IQ:5,40,11,-120,-94
IQ:6,48,11,-94,121
IQ:7,56,11,130,83
IQ:8,72,12,-191,30
IQ:9,80,255,28,153
IQ:10,88,1,170,-101
IQ:11,96,255,-79,-148
IQ:12,104,2,-74,151
IQ:13,112,255,154,119
IQ:14,120,10,146,-58
IQ:15,128,255,-52,-82
IQ:16,136,3,14,144
IQ:17,144,255,177,39
IQ:18,152,9,118,-105
IQ:19,160,255,-68,-60
IQ:20,168,4,70,124
IQ:21,176,255,164,-43
IQ:22,184,8,51,-139
IQ:23,192,255,-110,-13
IQ:24,200,7,60,172
IQ:25,208,255,165,-40
IQ:26,216,6,-46,-116
IQ:27,224,255,-81,66
IQ:28,232,5,138,54
IQ:29,240,255,71,-167
IQ:30,248,12,-140,-133
IQ:31,256,255,-106,120
IQ:32,264,1,179,82
IQ:33,272,255,72,-151
IQ:34,280,2,-174,27
IQ:35,288,255,-14,197
SW:2
RR:3
SS:3
FR:2426
ME:7
MA:268
KE:12
KA:267
DF_END

Data arrived...
DF_BEGIN
IQ:0,0,11,33,-156
IQ:1,8,11,-172,-14
IQ:2,16,11,-13,163
IQ:3,24,11,146,-31
IQ:4,32,11,-54,-161
IQ:5,40,11,-166,38
IQ:6,48,11,40,148
IQ:7,56,11,144,-76
IQ:8,72,12,-116,154
IQ:9,80,255,135,91
IQ:10,88,1,14,-184
IQ:11,96,255,-148,-23
IQ:12,104,2,99,137
IQ:13,112,255,191,-63
IQ:14,120,10,38,-174
IQ:15,128,255,-101,-54
IQ:16,136,3,93,-8
IQ:17,144,255,102,-111
IQ:18,152,9,9,-157
IQ:19,160,255,-72,-1
IQ:20,168,4,144,-14
IQ:21,176,255,70,-150
IQ:22,184,8,-21,-110
IQ:23,192,255,-74,73
IQ:24,200,7,164,145
IQ:25,208,255,133,-118
IQ:26,216,6,-110,-40
IQ:27,224,255,-25,75
IQ:28,232,5,103,-75
IQ:29,240,255,-66,-158
IQ:30,248,12,-202,-29
IQ:31,256,255,-13,144
IQ:32,264,1,134,-103
IQ:33,272,255,-81,-132
IQ:34,280,2,-89,145
IQ:35,288,255,152,124
SW:2
RR:3
SS:3
FR:2402
ME:10
MA:271
KE:12
KA:267
DF_END

Data arrived...
DF_BEGIN
IQ:0,0,11,-177,0
IQ:1,8,11,15,167
IQ:2,16,11,153,-48
IQ:3,24,11,-70,-147
IQ:4,32,11,-146,88
IQ:5,40,11,100,135
IQ:6,48,11,122,-113
IQ:7,56,11,-123,-116
IQ:8,72,12,172,-64
IQ:9,80,255,-28,-111
IQ:10,88,1,-76,122
IQ:11,96,255,76,61
IQ:12,104,2,-54,-125
IQ:13,112,255,-171,-38
IQ:14,120,10,-239,-2
IQ:15,128,255,-77,117
IQ:16,136,3,-95,-55
IQ:17,144,255,-144,21
IQ:18,152,9,-197,113
IQ:19,160,255,-27,120
IQ:20,168,4,-195,-18
IQ:21,176,255,-125,150
IQ:22,184,8,-161,164
IQ:23,192,255,70,82
IQ:24,200,7,-125,-225
IQ:25,208,255,-198,20
IQ:26,216,6,16,26
IQ:27,224,255,-19,-1
IQ:28,232,5,-103,107
IQ:29,240,255,64,155
IQ:30,248,12,145,114
IQ:31,256,255,75,-81
IQ:32,264,1,-133,15
IQ:33,272,255,3,103
IQ:34,280,2,78,-109
IQ:35,288,255,-52,-159
SW:2
RR:3
SS:3
FR:2480
ME:16
MA:271
KE:12
KA:268
DF_END

Data arrived...
DF_BEGIN
IQ:0,0,11,-173,4
IQ:1,8,11,38,178
IQ:2,16,11,168,-52
IQ:3,24,11,-64,-169
IQ:4,32,11,-153,87
IQ:5,40,11,104,143
IQ:6,48,11,133,-120
IQ:7,56,11,-130,-123
IQ:8,72,12,193,-63
IQ:9,80,255,-29,-131
IQ:10,88,1,-83,127
IQ:11,96,255,85,70
IQ:12,104,2,-30,-135
IQ:13,112,255,-174,-46
IQ:14,120,10,-244,14
IQ:15,128,255,-61,126
IQ:16,136,3,-83,-65
IQ:17,144,255,-155,8
IQ:18,152,9,-187,112
IQ:19,160,255,-9,121
IQ:20,168,4,-197,-12
IQ:21,176,255,-130,151
IQ:22,184,8,-167,174
IQ:23,192,255,67,83
IQ:24,200,7,-132,-251
IQ:25,208,255,-227,26
IQ:26,216,6,24,37
IQ:27,224,255,-9,-12
IQ:28,232,5,-111,99
IQ:29,240,255,62,164
IQ:30,248,12,161,118
IQ:31,256,255,81,-98
IQ:32,264,1,-153,10
IQ:33,272,255,4,107
IQ:34,280,2,82,-111
IQ:35,288,255,-63,-164
SW:2
RR:3
SS:3
FR:2480
ME:16
MA:271
KE:13
KA:268
DF_END

Data arrived...
DF_BEGIN
IQ:0,0,11,118,-78
IQ:1,8,11,-94,-127
IQ:2,16,11,-52,85
IQ:3,24,11,101,92
IQ:4,32,11,102,-107
IQ:5,40,11,-124,-78
IQ:6,48,11,-84,140
IQ:7,56,11,127,40
IQ:8,72,12,-153,64
IQ:9,80,255,140,63
IQ:10,88,1,143,-116
IQ:11,96,255,-103,-116
IQ:12,104,2,-42,142
IQ:13,112,255,133,51
IQ:14,120,10,137,-86
IQ:15,128,255,-44,-57
IQ:16,136,3,54,110
IQ:17,144,255,171,-82
IQ:18,152,9,97,-112
IQ:19,160,255,-55,-60
IQ:20,168,4,95,90
IQ:21,176,255,167,-117
IQ:22,184,8,39,-124
IQ:23,192,255,-111,-8
IQ:24,200,7,69,153
IQ:25,208,255,192,-15
IQ:26,216,6,-65,-93
IQ:27,224,255,-58,69
IQ:28,232,5,141,-1
IQ:29,240,255,39,-218
IQ:30,248,12,-142,-109
IQ:31,256,255,-58,128
IQ:32,264,1,187,29
IQ:33,272,255,43,-110
IQ:34,280,2,-128,71
IQ:35,288,255,25,201
SW:2
RR:3
SS:3
FR:2426
ME:10
MA:259
KE:12
KA:267
DF_END

Data arrived...
DF_BEGIN
IQ:0,0,11,-145,122
IQ:1,8,11,137,114
IQ:2,16,11,105,-157
IQ:3,24,11,-163,-111
IQ:4,32,11,-84,175
IQ:5,40,11,168,54
IQ:6,48,11,58,-197
IQ:7,56,11,-192,-41
IQ:8,72,12,243,-35
IQ:9,80,255,-41,-172
IQ:10,88,1,-122,188
IQ:11,96,255,147,102
IQ:12,104,2,-21,-194
IQ:13,112,255,-222,-64
IQ:14,120,10,-165,142
IQ:15,128,255,56,125
IQ:16,136,3,-104,-34
IQ:17,144,255,-170,63
IQ:18,152,9,-141,149
IQ:19,160,255,59,84
IQ:20,168,4,-137,-78
IQ:21,176,255,-166,121
IQ:22,184,8,-65,150
IQ:23,192,255,120,0
IQ:24,200,7,-72,-241
IQ:25,208,255,-215,38
IQ:26,216,6,61,124
IQ:27,224,255,63,-43
IQ:28,232,5,-122,32
IQ:29,240,255,-16,195
IQ:30,248,12,191,147
IQ:31,256,255,108,-136
IQ:32,264,1,-213,17
IQ:33,272,255,-4,189
IQ:34,280,2,158,-119
IQ:35,288,255,-84,-226
SW:2
RR:3
SS:3
FR:2402
ME:13
MA:271
KE:12
KA:267
DF_END

Data arrived...
DF_BEGIN
IQ:0,0,11,108,83
IQ:1,8,11,81,-117
IQ:2,16,11,-123,-59
IQ:3,24,11,-52,126
IQ:4,32,11,130,42
IQ:5,40,11,23,-138
IQ:6,48,11,-138,-4
IQ:7,56,11,10,139
IQ:8,72,12,-134,-79
IQ:9,80,255,-64,81
IQ:10,88,1,113,-20
IQ:11,96,255,-11,-88
IQ:12,104,2,-60,86
IQ:13,112,255,67,124
IQ:14,120,10,136,126
IQ:15,128,255,94,-45
IQ:16,136,3,-5,77
IQ:17,144,255,89,77
IQ:18,152,9,164,30
IQ:19,160,255,69,-57
IQ:20,168,4,94,117
IQ:21,176,255,151,2
IQ:22,184,8,187,-24
IQ:23,192,255,-2,-82
IQ:24,200,7,-76,211
IQ:25,208,255,129,112
IQ:26,216,6,9,-33
IQ:27,224,255,-6,7
IQ:28,232,5,108,9
IQ:29,240,255,61,-119
IQ:30,248,12,-8,-153
IQ:31,256,255,-100,5
IQ:32,264,1,87,84
IQ:33,272,255,63,-53
IQ:34,280,2,-105,-4
IQ:35,288,255,-66,123
SW:2
RR:3
SS:3
FR:2480
ME:16
MA:268
KE:13
KA:267
DF_END

Data arrived...
DF_BEGIN
IQ:0,0,11,148,-61
IQ:1,8,11,-81,-136
IQ:2,16,11,-128,90
IQ:3,24,11,104,122
IQ:4,32,11,118,-116
IQ:5,40,11,-131,-100
IQ:6,48,11,-91,133
IQ:7,56,11,144,64
IQ:8,72,12,-195,47
IQ:9,80,255,66,154
IQ:10,88,1,173,-144
IQ:11,96,255,-103,-143
IQ:12,104,2,-44,191
IQ:13,112,255,197,88
IQ:14,120,10,152,-82
IQ:15,128,255,-45,-80
IQ:16,136,3,78,140
IQ:17,144,255,199,-15
IQ:18,152,9,148,-115
IQ:19,160,255,-42,-70
IQ:20,168,4,124,110
IQ:21,176,255,170,-83
IQ:22,184,8,55,-144
IQ:23,192,255,-112,8
IQ:24,200,7,82,184
IQ:25,208,255,169,-63
IQ:26,216,6,-66,-108
IQ:27,224,255,-55,69
IQ:28,232,5,172,-14
IQ:29,240,255,23,-209
IQ:30,248,12,-156,-132
IQ:31,256,255,-93,144
IQ:32,264,1,209,67
IQ:33,272,255,53,-160
IQ:34,280,2,-177,81
IQ:35,288,255,36,225
SW:2
RR:3
SS:3
FR:2426
ME:10
MA:265
KE:12
KA:267
DF_END

Data arrived...
DF_BEGIN
IQ:0,0,11,132,98
IQ:1,8,11,93,-139
IQ:2,16,11,-151,-80
IQ:3,24,11,-76,143
IQ:4,32,11,159,51
IQ:5,40,11,38,-164
IQ:6,48,11,-165,-39
IQ:7,56,11,-21,159
IQ:8,72,12,-82,-196
IQ:9,80,255,-141,59
IQ:10,88,1,155,78
IQ:11,96,255,90,-130
IQ:12,104,2,-143,-14
IQ:13,112,255,-45,168
IQ:14,120,10,128,123
IQ:15,128,255,112,-71
IQ:16,136,3,-10,60
IQ:17,144,255,43,113
IQ:18,152,9,148,99
IQ:19,160,255,74,-72
IQ:20,168,4,-30,106
IQ:21,176,255,100,118
IQ:22,184,8,140,41
IQ:23,192,255,-8,-112
IQ:24,200,7,-199,79
IQ:25,208,255,61,179
IQ:26,216,6,108,-66
IQ:27,224,255,-37,-73
IQ:28,232,5,24,83
IQ:29,240,255,150,-9
IQ:30,248,12,112,-178
IQ:31,256,255,-124,-80
IQ:32,264,1,23,166
IQ:33,272,255,153,-3
IQ:34,280,2,-81,-118
IQ:35,288,255,-180,71
SW:2
RR:3
SS:3
FR:2402
ME:13
MA:268
KE:12
KA:267
DF_END

Data arrived...
DF_BEGIN
IQ:0,0,11,-139,-109
IQ:1,8,11,-97,148
IQ:2,16,11,150,75
IQ:3,24,11,61,-174
IQ:4,32,11,-170,-48
IQ:5,40,11,-25,173
IQ:6,48,11,179,-1
IQ:7,56,11,-28,-173
IQ:8,72,12,165,84
IQ:9,80,255,59,-112
IQ:10,88,1,-148,21
IQ:11,96,255,13,112
IQ:12,104,2,70,-123
IQ:13,112,255,-92,-159
IQ:14,120,10,-196,-158
IQ:15,128,255,-142,47
IQ:16,136,3,-20,-106
IQ:17,144,255,-129,-87
IQ:18,152,9,-230,-42
IQ:19,160,255,-102,83
IQ:20,168,4,-128,-145
IQ:21,176,255,-199,20
IQ:22,184,8,-246,42
IQ:23,192,255,18,121
IQ:24,200,7,78,-261
IQ:25,208,255,-166,-135
IQ:26,216,6,-15,33
IQ:27,224,255,-6,-10
IQ:28,232,5,-143,12
IQ:29,240,255,-81,149
IQ:30,248,12,24,186
IQ:31,256,255,122,-14
IQ:32,264,1,-116,-100
IQ:33,272,255,-85,71
IQ:34,280,2,132,-12
IQ:35,288,255,68,-164
SW:2
RR:3
SS:3
FR:2480
ME:16
MA:268
KE:13
KA:267
DF_END

Data arrived...
DF_BEGIN
IQ:0,0,11,187,36
IQ:1,8,11,5,-192
IQ:2,16,11,-197,10
IQ:3,24,11,18,197
IQ:4,32,11,188,-38
IQ:5,40,11,-64,-188
IQ:6,48,11,-178,82
IQ:7,56,11,97,171
IQ:8,72,12,-213,-63
IQ:9,80,255,-32,192
IQ:10,88,1,227,-35
IQ:11,96,255,-28,-193
IQ:12,104,2,-152,132
IQ:13,112,255,100,214
IQ:14,120,10,197,41
IQ:15,128,255,17,-119
IQ:16,136,3,-25,153
IQ:17,144,255,180,104
IQ:18,152,9,203,-51
IQ:19,160,255,-23,-114
IQ:20,168,4,33,142
IQ:21,176,255,195,23
IQ:22,184,8,137,-123
IQ:23,192,255,-116,-78
IQ:24,200,7,-36,219
IQ:25,208,255,204,40
IQ:26,216,6,6,-143
IQ:27,224,255,-109,15
IQ:28,232,5,133,107
IQ:29,240,255,162,-136
IQ:30,248,12,-80,-212
IQ:31,256,255,-165,85
IQ:32,264,1,175,159
IQ:33,272,255,151,-123
IQ:34,280,2,-194,-48
IQ:35,288,255,-124,204
SW:2
RR:3
SS:3
FR:2426
ME:10
MA:265
KE:12
KA:267
DF_END

Data arrived...
DF_BEGIN
IQ:0,0,11,-51,153
IQ:1,8,11,159,48
IQ:2,16,11,32,-156
IQ:3,24,11,-156,-15
IQ:4,32,11,13,156
IQ:5,40,11,147,-15
IQ:6,48,11,-23,-160
IQ:7,56,11,-150,55
IQ:8,72,12,156,-111
IQ:9,80,255,-88,-103
IQ:10,88,1,-36,173
IQ:11,96,255,148,39
IQ:12,104,2,-45,-160
IQ:13,112,255,-197,-3
IQ:14,120,10,-85,155
IQ:15,128,255,87,67
IQ:16,136,3,-91,-20
IQ:17,144,255,-108,96
IQ:18,152,9,-34,153
IQ:19,160,255,68,11
IQ:20,168,4,-140,-32
IQ:21,176,255,-110,141
IQ:22,184,8,-1,133
IQ:23,192,255,86,-57
IQ:24,200,7,-147,-145
IQ:25,208,255,-151,95
IQ:26,216,6,88,64
IQ:27,224,255,35,-62
IQ:28,232,5,-99,63
IQ:29,240,255,56,157
IQ:30,248,12,186,52
IQ:31,256,255,28,-134
IQ:32,264,1,-162,64
IQ:33,272,255,55,143
IQ:34,280,2,104,-128
IQ:35,288,255,-120,-150
SW:2
RR:3
SS:3
FR:2402
ME:10
MA:271
KE:12
KA:267
DF_END

Data arrived...
DF_BEGIN
IQ:0,0,11,41,177
IQ:1,8,11,169,-54
IQ:2,16,11,-70,-175
IQ:3,24,11,-161,86
IQ:4,32,11,112,144
IQ:5,40,11,131,-116
IQ:6,48,11,-134,-116
IQ:7,56,11,-115,135
IQ:8,72,12,-82,-176
IQ:9,80,255,-123,37
IQ:10,88,1,124,79
IQ:11,96,255,63,-86
IQ:12,104,2,-117,48
IQ:13,112,255,-19,175
IQ:14,120,10,65,238
IQ:15,128,255,151,35
IQ:16,136,3,-41,90
IQ:17,144,255,27,150
IQ:18,152,9,125,190
IQ:19,160,255,132,-13
IQ:20,168,4,24,192
IQ:21,176,255,153,125
IQ:22,184,8,214,125
IQ:23,192,255,76,-103
IQ:24,200,7,-218,145
IQ:25,208,255,47,210
IQ:26,216,6,43,-12
IQ:27,224,255,7,7
IQ:28,232,5,106,81
IQ:29,240,255,139,-75
IQ:30,248,12,113,-160
IQ:31,256,255,-93,-74
IQ:32,264,1,30,141
IQ:33,272,255,102,-11
IQ:34,280,2,-111,-66
IQ:35,288,255,-160,72
SW:2
RR:3
SS:3
FR:2480
ME:16
MA:268
KE:12
KA:267
DF_END

Data arrived...
DF_BEGIN
IQ:0,0,11,-172,-4
IQ:1,8,11,-4,205
IQ:2,16,11,211,-48
IQ:3,24,11,-32,-191
IQ:4,32,11,-168,48
IQ:5,40,11,77,172
IQ:6,48,11,207,-116
IQ:7,56,11,-76,-153
IQ:8,72,12,210,65
IQ:9,80,255,-53,-192
IQ:10,88,1,-235,20
IQ:11,96,255,13,186
IQ:12,104,2,125,-137
IQ:13,112,255,-140,-244
IQ:14,120,10,-197,-16
IQ:15,128,255,-2,91
IQ:16,136,3,15,-161
IQ:17,144,255,-187,-121
IQ:18,152,9,-207,60
IQ:19,160,255,86,99
IQ:20,168,4,-38,-130
IQ:21,176,255,-160,62
IQ:22,184,8,-123,147
IQ:23,192,255,124,103
IQ:24,200,7,36,-231
IQ:25,208,255,-175,-104
IQ:26,216,6,14,158
IQ:27,224,255,89,-54
IQ:28,232,5,-129,-112
IQ:29,240,255,-167,142
IQ:30,248,12,71,204
IQ:31,256,255,134,-81
IQ:32,264,1,-147,-176
IQ:33,272,255,-101,92
IQ:34,280,2,222,21
IQ:35,288,255,71,-201
SW:2
RR:3
SS:3
FR:2426
ME:10
MA:259
KE:12
KA:266
DF_END

Data arrived...
DF_BEGIN
IQ:0,0,11,10,-189
IQ:1,8,11,-191,15
IQ:2,16,11,31,190
IQ:3,24,11,184,-56
IQ:4,32,11,-65,-182
IQ:5,40,11,-166,89
IQ:6,48,11,98,153
IQ:7,56,11,145,-121
IQ:8,72,12,-114,211
IQ:9,80,255,155,72
IQ:10,88,1,-45,-227
IQ:11,96,255,-187,35
IQ:12,104,2,150,166
IQ:13,112,255,216,-115
IQ:14,120,10,9,-214
IQ:15,128,255,-139,-44
IQ:16,136,3,103,-22
IQ:17,1