IQ:24,200,7,191,118
IQ:25,208,255,119,-147
IQ:26,216,6,-110,-42
IQ:27,224,255,-17,76
IQ:28,232,5,72,-99
IQ:29,240,255,-111,-142
IQ:30,248,12,-208,9
IQ:31,256,255,24,144
IQ:32,264,1,155,-136
IQ:33,272,255,-93,-134
IQ:34,280,2,-59,152
IQ:35,288,255,167,111
SW:2
RR:3
SS:3
FR:2402
ME:10
MA:271
KE:11
KA:267
DF_END

Data arrived...
DF_BEGIN
IQ:0,0,11,16,-171
IQ:1,8,11,-170,-9
IQ:2,16,11,18,157
IQ:3,24,11,161,-45
IQ:4,32,11,-47,-168
IQ:5,40,11,-161,66
IQ:6,48,11,79,156
IQ:7,56,11,147,-102
IQ:8,72,12,1,171
IQ:9,80,255,122,12
IQ:10,88,1,-82,-100
IQ:11,96,255,-79,61
IQ:12,104,2,117,-9
IQ:13,112,255,78,-154
IQ:14,120,10,67,-260
IQ:15,128,255,-116,-121
IQ:16,136,3,60,-80
IQ:17,144,255,24,-147
IQ:18,152,9,-63,-236
IQ:19,160,255,-120,-51
IQ:20,168,4,47,-191
IQ:21,176,255,-110,-168
IQ:22,184,8,-133,-210
IQ:23,192,255,-102,58
IQ:24,200,7,267,-43
IQ:25,208,255,50,-205
IQ:26,216,6,-36,0
IQ:27,224,255,-6,-6
IQ:28,232,5,-81,-99
IQ:29,240,255,-147,18
IQ:30,248,12,-146,107
IQ:31,256,255,55,93
IQ:32,264,1,26,-134
IQ:33,272,255,-90,-35
IQ:34,280,2,80,88
IQ:35,288,255,158,-26
SW:2
RR:3
SS:3
FR:2480
ME:19
MA:268
KE:12
KA:268
DF_END

Data arrived...
DF_BEGIN
IQ:0,0,11,-130,108
IQ:1,8,11,128,110
IQ:2,16,11,107,-142
IQ:3,24,11,-143,-94
IQ:4,32,11,-79,160
IQ:5,40,11,166,62
IQ:6,48,11,38,-173
IQ:7,56,11,-183,-31
IQ:8,72,12,181,-124
IQ:9,80,255,-136,-136
IQ:10,88,1,-126,204
IQ:11,96,255,160,116
IQ:12,104,2,12,-212
IQ:13,112,255,-235,-59
IQ:14,120,10,-146,125
IQ:15,128,255,92,67
IQ:16,136,3,-100,-139
IQ:17,144,255,-210,73
IQ:18,152,9,-86,182
IQ:19,160,255,95,44
IQ:20,168,4,-154,-100
IQ:21,176,255,-177,127
IQ:22,184,8,2,170
IQ:23,192,255,130,-54
IQ:24,200,7,-150,-166
IQ:25,208,255,-168,124
IQ:26,216,6,111,100
IQ:27,224,255,60,-115
IQ:28,232,5,-202,-2
IQ:29,240,255,-20,229
IQ:30,248,12,200,96
IQ:31,256,255,41,-175
IQ:32,264,1,-247,-12
IQ:33,272,255,-22,196
IQ:34,280,2,191,-88
IQ:35,288,255,-79,-228
SW:2
RR:3
SS:3
FR:2426
ME:7
MA:268
KE:12
KA:268
DF_END

Data arrived...
DF_BEGIN
IQ:0,0,11,86,151
IQ:1,8,11,137,-112
IQ:2,16,11,-128,-125
IQ:3,24,11,-115,129
IQ:4,32,11,141,100
IQ:5,40,11,78,-162
IQ:6,48,11,-164,-71
IQ:7,56,11,-62,169
IQ:8,72,12,-5,-230
IQ:9,80,255,-159,-1
IQ:10,88,1,130,155
IQ:11,96,255,144,-114
IQ:12,104,2,-176,-71
IQ:13,112,255,-119,168
IQ:14,120,10,97,151
IQ:15,128,255,119,-55
IQ:16,136,3,-70,47
IQ:17,144,255,-12,156
IQ:18,152,9,107,146
IQ:19,160,255,84,-59
IQ:20,168,4,-102,93
IQ:21,176,255,49,180
IQ:22,184,8,117,79
IQ:23,192,255,6,-114
IQ:24,200,7,-236,-2
IQ:25,208,255,-19,195
IQ:26,216,6,131,-27
IQ:27,224,255,-33,-89
IQ:28,232,5,-24,123
IQ:29,240,255,175,67
IQ:30,248,12,199,-114
IQ:31,256,255,-86,-131
IQ:32,264,1,-64,195
IQ:33,272,255,173,82
IQ:34,280,2,-16,-177
IQ:35,288,255,-216,1
SW:2
RR:3
SS:3
FR:2402
ME:10
MA:271
KE:11
KA:268
DF_END

Data arrived...
DF_BEGIN
IQ:0,0,11,-48,-179
IQ:1,8,11,-177,70
IQ:2,16,11,81,169
IQ:3,24,11,154,-101
IQ:4,32,11,-115,-153
IQ:5,40,11,-145,121
IQ:6,48,11,134,132
IQ:7,56,11,108,-152
IQ:8,72,12,-51,223
IQ:9,80,255,169,33
IQ:10,88,1,-69,-196
IQ:11,96,255,-185,48
IQ:12,104,2,122,135
IQ:13,112,255,170,-138
IQ:14,120,10,-52,-185
IQ:15,128,255,-139,21
IQ:16,136,3,83,-13
IQ:17,144,255,65,-144
IQ:18,152,9,-75,-171
IQ:19,160,255,-95,46
IQ:20,168,4,139,-65
IQ:21,176,255,17,-194
IQ:22,184,8,-99,-117
IQ:23,192,255,-50,109
IQ:24,200,7,229,54
IQ:25,208,255,69,-199
IQ:26,216,6,-144,0
IQ:27,224,255,13,101
IQ:28,232,5,78,-118
IQ:29,240,255,-149,-119
IQ:30,248,12,-223,71
IQ:31,256,255,58,163
IQ:32,264,1,122,-173
IQ:33,272,255,-153,-115
IQ:34,280,2,-37,188
IQ:35,288,255,213,77
SW:2
RR:3
SS:3
FR:2402
ME:10
MA:268
KE:11
KA:268
DF_END

Data arrived...
DF_BEGIN
IQ:0,0,11,-140,-80
IQ:1,8,11,-48,159
IQ:2,16,11,162,35
IQ:3,24,11,13,-159
IQ:4,32,11,-159,1
IQ:5,40,11,6,157
IQ:6,48,11,164,-25
IQ:7,56,11,-43,-157
IQ:8,72,12,167,61
IQ:9,80,255,41,-99
IQ:10,88,1,-127,62
IQ:11,96,255,35,88
IQ:12,104,2,17,-131
IQ:13,112,255,-129,-113
IQ:14,120,10,-206,-111
IQ:15,128,255,-127,74
IQ:16,136,3,-56,-85
IQ:17,144,255,-137,-57
IQ:18,152,9,-224,-26
IQ:19,160,255,-93,82
IQ:20,168,4,-165,-118
IQ:21,176,255,-182,62
IQ:22,184,8,-233,61
IQ:23,192,255,18,106
IQ:24,200,7,31,-257
IQ:25,208,255,-180,-85
IQ:26,216,6,2,29
IQ:27,224,255,-8,-3
IQ:28,232,5,-121,53
IQ:29,240,255,-33,158
IQ:30,248,12,67,168
IQ:31,256,255,110,-32
IQ:32,264,1,-121,-58
IQ:33,272,255,-47,80
IQ:34,280,2,119,-60
IQ:35,288,255,8,-158
SW:2
RR:3
SS:3
FR:2480
ME:19
MA:268
KE:12
KA:268
DF_END

Data arrived...
DF_BEGIN
IQ:0,0,11,-91,-157
IQ:1,8,11,-154,93
IQ:2,16,11,116,133
IQ:3,24,11,121,-135
IQ:4,32,11,-140,-121
IQ:5,40,11,-94,147
IQ:6,48,11,164,71
IQ:7,56,11,59,-173
IQ:8,72,12,94,205
IQ:9,80,255,165,-100
IQ:10,88,1,-179,-163
IQ:11,96,255,-141,136
IQ:12,104,2,191,33
IQ:13,112,255,85,-215
IQ:14,120,10,-92,-171
IQ:15,128,255,-99,57
IQ:16,136,3,130,-68
IQ:17,144,255,-19,-204
IQ:18,152,9,-163,-124
IQ:19,160,255,-67,81
IQ:20,168,4,89,-136
IQ:21,176,255,-105,-172
IQ:22,184,8,-172,-30
IQ:23,192,255,20,118
IQ:24,200,7,186,-128
IQ:25,208,255,-91,-188
IQ:26,216,6,-117,82
IQ:27,224,255,80,66
IQ:28,232,5,0,-185
IQ:29,240,255,-222,-26
IQ:30,248,12,-113,190
IQ:31,256,255,168,76
IQ:32,264,1,23,-242
IQ:33,272,255,-183,-40
IQ:34,280,2,94,174
IQ:35,288,255,227,-49
SW:2
RR:3
SS:3
FR:2426
ME:10
MA:268
KE:12
KA:268
DF_END

Data arrived...
DF_BEGIN
IQ:0,0,11,163,-73
IQ:1,8,11,-70,-151
IQ:2,16,11,-146,94
IQ:3,24,11,119,129
IQ:4,32,11,121,-124
IQ:5,40,11,-126,-110
IQ:6,48,11,-92,146
IQ:7,56,11,165,71
IQ:8,72,12,-224,63
IQ:9,80,255,68,170
IQ:10,88,1,172,-159
IQ:11,96,255,-134,-137
IQ:12,104,2,-47,191
IQ:13,112,255,202,114
IQ:14,120,10,163,-90
IQ:15,128,255,-59,-92
IQ:16,136,3,63,134
IQ:17,144,255,205,0
IQ:18,152,9,137,-140
IQ:19,160,255,-72,-76
IQ:20,168,4,122,99
IQ:21,176,255,178,-99
IQ:22,184,8,55,-160
IQ:23,192,255,-121,6
IQ:24,200,7,120,188
IQ:25,208,255,200,-78
IQ:26,216,6,-70,-122
IQ:27,224,255,-61,89
IQ:28,232,5,193,6
IQ:29,240,255,41,-215
IQ:30,248,12,-172,-146
IQ:31,256,255,-96,156
IQ:32,264,1,229,55
IQ:33,272,255,43,-188
IQ:34,280,2,-184,82
IQ:35,288,255,36,232
SW:2
RR:3
SS:3
FR:2426
ME:10
MA:268
KE:11
KA:268
DF_END

Data arrived...
DF_BEGIN
IQ:0,0,11,175,12
IQ:1,8,11,-4,-182
IQ:2,16,11,-177,21
IQ:3,24,11,47,168
IQ:4,32,11,170,-54
IQ:5,40,11,-69,-161
IQ:6,48,11,-158,91
IQ:7,56,11,108,135
IQ:8,72,12,-184,-116
IQ:9,80,255,-85,133
IQ:10,88,1,175,-42
IQ:11,96,255,-26,-173
IQ:12,104,2,-140,104
IQ:13,112,255,74,184
IQ:14,120,10,189,13
IQ:15,128,255,42,-126
IQ:16,136,3,0,70
IQ:17,144,255,118,76
IQ:18,152,9,181,-30
IQ:19,160,255,-3,-111
IQ:20,168,4,29,119
IQ:21,176,255,161,42
IQ:22,184,8,139,-53
IQ:23,192,255,-82,-71
IQ:24,200,7,-82,206
IQ:25,208,255,159,104
IQ:26,216,6,51,-119
IQ:27,224,255,-85,-29
IQ:28,232,5,87,58
IQ:29,240,255,120,-114
IQ:30,248,12,-24,-233
IQ:31,256,255,-161,12
IQ:32,264,1,128,131
IQ:33,272,255,124,-116
IQ:34,280,2,-157,-58
IQ:35,288,255,-103,180
SW:2
RR:3
SS:3
FR:2402
ME:10
MA:271
KE:11
KA:268
DF_END

Data arrived...
DF_BEGIN
IQ:0,0,11,154,85
IQ:1,8,11,81,-156
IQ:2,16,11,-159,-62
IQ:3,24,11,-26,169
IQ:4,32,11,172,19
IQ:5,40,11,2,-171
IQ:6,48,11,-172,16
IQ:7,56,11,29,179
IQ:8,72,12,-166,-72
IQ:9,80,255,-62,102
IQ:10,88,1,142,-31
IQ:11,96,255,-14,-102
IQ:12,104,2,-42,116
IQ:13,112,255,110,138
IQ:14,120,10,211,126
IQ:15,128,255,131,-75
IQ:16,136,3,43,92
IQ:17,144,255,132,71
IQ:18,152,9,230,15
IQ:19,160,255,98,-86
IQ:20,168,4,155,123
IQ:21,176,255,203,-41
IQ:22,184,8,234,-63
IQ:23,192,255,-25,-125
IQ:24,200,7,-68,250
IQ:25,208,255,173,116
IQ:26,216,6,10,-35
IQ:27,224,255,3,-9
IQ:28,232,5,119,-15
IQ:29,240,255,54,-143
IQ:30,248,12,-40,-184
IQ:31,256,255,-118,20
IQ:32,264,1,114,77
IQ:33,272,255,71,-83
IQ:34,280,2,-123,46
IQ:35,288,255,-40,159
SW:2
RR:3
SS:3
FR:2480
ME:16
MA:268
KE:12
KA:268
DF_END

Data arrived...
DF_BEGIN
IQ:0,0,11,-156,81
IQ:1,8,11,83,143
IQ:2,16,11,136,-107
IQ:3,24,11,-118,-114
IQ:4,32,11,-105,142
IQ:5,40,11,151,87
IQ:6,48,11,81,-158
IQ:7,56,11,-160,-58
IQ:8,72,12,213,-63
IQ:9,80,255,-78,-175
IQ:10,88,1,-168,164
IQ:11,96,255,126,144
IQ:12,104,2,49,-203
IQ:13,112,255,-213,-93
IQ:14,120,10,-156,86
IQ:15,128,255,57,78
IQ:16,136,3,-78,-135
IQ:17,144,255,-208,26
IQ:18,152,9,-131,137
IQ:19,160,255,66,68
IQ:20,168,4,-136,-97
IQ:21,176,255,-172,109
IQ:22,184,8,-36,172
IQ:23,192,255,119,-17
IQ:24,200,7,-113,-184
IQ:25,208,255,-185,77
IQ:26,216,6,80,116
IQ:27,224,255,57,-88
IQ:28,232,5,-193,1
IQ:29,240,255,-24,224
IQ:30,248,12,184,127
IQ:31,256,255,79,-166
IQ:32,264,1,-234,-29
IQ:33,272,255,-35,189
IQ:34,280,2,195,-79
IQ:35,288,255,-25,-239
SW:2
RR:3
SS:3
FR:2426
ME:7
MA:271
KE:11
KA:268
DF_END

Data arrived...
DF_BEGIN
IQ:0,0,11,61,157
IQ:1,8,11,147,-76
IQ:2,16,11,-99,-133
IQ:3,24,11,-116,119
IQ:4,32,11,124,111
IQ:5,40,11,88,-130
IQ:6,48,11,-151,-84
IQ:7,56,11,-80,153
IQ:8,72,12,-48,-211
IQ:9,80,255,-165,67
IQ:10,88,1,147,171
IQ:11,96,255,140,-120
IQ:12,104,2,-196,-60
IQ:13,112,255,-106,200
IQ:14,120,10,92,147
IQ:15,128,255,83,-56
IQ:16,136,3,-138,66
IQ:17,144,255,13,198
IQ:18,152,9,144,127
IQ:19,160,255,69,-63
IQ:20,168,4,-104,118
IQ:21,176,255,109,163
IQ:22,184,8,157,47
IQ:23,192,255,-11,-125
IQ:24,200,7,-182,115
IQ:25,208,255,74,176
IQ:26,216,6,111,-74
IQ:27,224,255,-79,-62
IQ:28,232,5,-3,186
IQ:29,240,255,217,41
IQ:30,248,12,127,-176
IQ:31,256,255,-162,-87
IQ:32,264,1,-38,226
IQ:33,272,255,184,28
IQ:34,280,2,-89,-188
IQ:35,288,255,-235,27
SW:2
RR:3
SS:3
FR:2426
ME:10
MA:265
KE:11
KA:268
DF_END

Data arrived...
DF_BEGIN
IQ:0,0,11,-150,-133
IQ:1,8,11,-123,156
IQ:2,16,11,167,100
IQ:3,24,11,80,-174
IQ:4,32,11,-184,-66
IQ:5,40,11,-40,192
IQ:6,48,11,187,23
IQ:7,56,11,-6,-200
IQ:8,72,12,34,223
IQ:9,80,255,159,-48
IQ:10,88,1,-167,-121
IQ:11,96,255,-114,147
IQ:12,104,2,189,40
IQ:13,112,255,78,-203
IQ:14,120,10,-142,-128
IQ:15,128,255,-109,91
IQ:16,136,3,61,-51
IQ:17,144,255,-27,-159
IQ:18,152,9,-158,-115
IQ:19,160,255,-70,95
IQ:20,168,4,87,-108
IQ:21,176,255,-91,-164
IQ:22,184,8,-149,-33
IQ:23,192,255,35,122
IQ:24,200,7,218,-90
IQ:25,208,255,-58,-206
IQ:26,216,6,-127,69
IQ:27,224,255,59,85
IQ:28,232,5,-4,-128
IQ:29,240,255,-185,-17
IQ:30,248,12,-132,189
IQ:31,256,255,148,76
IQ:32,264,1,-20,-200
IQ:33,272,255,-192,-8
IQ:34,280,2,72,172
IQ:35,288,255,220,-57
SW:2
RR:3
SS:3
FR:2402
ME:7
MA:271
KE:10
KA:268
DF_END

Data arrived...
DF_BEGIN
IQ:0,0,11,-90,-151
IQ:1,8,11,-141,110
IQ:2,16,11,99,132
IQ:3,24,11,102,-114
IQ:4,32,11,-147,-88
IQ:5,40,11,-89,155
IQ:6,48,11,151,76
IQ:7,56,11,68,-157
IQ:8,72,12,117,149
IQ:9,80,255,102,-56
IQ:10,88,1,-138,-13
IQ:11,96,255,-23,93
IQ:12,104,2,69,-100
IQ:13,112,255,-54,-150
IQ:14,120,10,-124,-215
IQ:15,128,255,-162,-4
IQ:16,136,3,-9,-104
IQ:17,144,255,-91,-116
IQ:18,152,9,-184,-134
IQ:19,160,255,-133,31
IQ:20,168,4,-90,-183
IQ:21,176,255,-194,-52
IQ:22,184,8,-231,-54
IQ:23,192,255,-32,107
IQ:24,200,7,159,-202
IQ:25,208,255,-105,-176
IQ:26,216,6,-19,29
IQ:27,224,255,-12,-8
IQ:28,232,5,-123,-27
IQ:29,240,255,-105,123
IQ:30,248,12,-44,194
IQ:31,256,255,106,38
IQ:32,264,1,-84,-106
IQ:33,272,255,-85,47
IQ:34,280,2,117,14
IQ:35,288,255,92,-119
SW:2
RR:3
SS:3
FR:2480
ME:19
MA:268
KE:11
KA:268
DF_END

Data arrived...
DF_BEGIN
IQ:0,0,11,69,152
IQ:1,8,11,133,-96
IQ:2,16,11,-102,-140
IQ:3,24,11,-124,107
IQ:4,32,11,125,108
IQ:5,40,11,115,-134
IQ:6,48,11,-140,-91
IQ:7,56,11,-75,145
IQ:8,72,12,-55,-211
IQ:9,80,255,-170,62
IQ:10,88,1,143,178
IQ:11,96,255,146,-116
IQ:12,104,2,-193,-59
IQ:13,112,255,-109,194
IQ:14,120,10,82,153
IQ:15,128,255,84,-56
IQ:16,136,3,-131,81
IQ:17,144,255,21,200
IQ:18,152,9,146,106
IQ:19,160,255,56,-75
IQ:20,168,4,-83,138
IQ:21,176,255,113,167
IQ:22,184,8,161,41
IQ:23,192,255,-10,-126
IQ:24,200,7,-187,95
IQ:25,208,255,65,188
IQ:26,216,6,118,-66
IQ:27,224,255,-80,-55
IQ:28,232,5,2,190
IQ:29,240,255,223,46
IQ:30,248,12,129,-172
IQ:31,256,255,-157,-66
IQ:32,264,1,-28,228
IQ:33,272,255,179,34
IQ:34,280,2,-87,-183
IQ:35,288,255,-230,49
SW:2
RR:3
SS:3
FR:2426
ME:10
MA:262
KE:11
KA:268
DF_END

Data arrived...
DF_BEGIN
IQ:0,0,11,196,-32
IQ:1,8,11,-42,-183
IQ:2,16,11,-186,70
IQ:3,24,11,78,170
IQ:4,32,11,172,-95
IQ:5,40,11,-118,-161
IQ:6,48,11,-152,113
IQ:7,56,11,131,134
IQ:8,72,12,-216,-72
IQ:9,80,255,-51,168
IQ:10,88,1,195,-43
IQ:11,96,255,-50,-184
IQ:12,104,2,-151,110
IQ:13,112,255,109,184
IQ:14,120,10,188,-30
IQ:15,128,255,-3,-141
IQ:16,136,3,5,82
IQ:17,144,255,137,68
IQ:18,152,9,191,-58
IQ:19,160,255,-28,-116
IQ:20,168,4,27,131
IQ:21,176,255,182,29
IQ:22,184,8,114,-83
IQ:23,192,255,-111,-60
IQ:24,200,7,-97,226
IQ:25,208,255,186,102
IQ:26,216,6,30,-136
IQ:27,224,255,-96,0
IQ:28,232,5,103,70
IQ:29,240,255,122,-121
IQ:30,248,12,-39,-233
IQ:31,256,255,-158,40
IQ:32,264,1,155,133
IQ:33,272,255,114,-136
IQ:34,280,2,-188,-50
IQ:35,288,255,-111,197
SW:2
RR:3
SS:3
FR:2402
ME:10
MA:268
KE:11
KA:268
DF_END

Data arrived...
DF_BEGIN
IQ:0,0,11,-8,-200
IQ:1,8,11,-185,28
IQ:2,16,11,68,173
IQ:3,24,11,175,-79
IQ:4,32,11,-95,-163
IQ:5,40,11,-154,107
IQ:6,48,11,120,144
IQ:7,56,11,126,-133
IQ:8,72,12,-90,200
IQ:9,80,255,159,55
IQ:10,88,1,-35,-206
IQ:11,96,255,-183,24
IQ:12,104,2,114,157
IQ:13,112,255,205,-93
IQ:14,120,10,-13,-183
IQ:15,128,255,-134,-1
IQ:16,136,3,87,-1
IQ:17,144,255,78,-140
IQ:18,152,9,-52,-185
IQ:19,160,255,-106,25
IQ:20,168,4,145,-26
IQ:21,176,255,52,-173
IQ:22,184,8,-67,-122
IQ:23,192,255,-42,104
IQ:24,200,7,227,85
IQ:25,208,255,100,-184
IQ:26,216,6,-133,-27
IQ:27,224,255,-1,99
IQ:28,232,5,70,-111
IQ:29,240,255,-122,-140
IQ:30,248,12,-229,14
IQ:31,256,255,37,157
IQ:32,264,1,124,-164
IQ:33,272,255,-130,-123
IQ:34,280,2,-49,191
IQ:35,288,255,213,89
SW:2
RR:3
SS:3
FR:2402
ME:10
MA:271
KE:11
KA:268
DF_END

Data arrived...
DF_BEGIN
IQ:0,0,11,169,-45
IQ:1,8,11,-68,-162
IQ:2,16,11,-145,79
IQ:3,24,11,102,129
IQ:4,32,11,126,-121
IQ:5,40,11,-124,-122
IQ:6,48,11,-100,136
IQ:7,56,11,151,80
IQ:8,72,12,-167,98
IQ:9,80,255,49,120
IQ:10,88,1,60,-137
IQ:11,96,255,-82,-59
IQ:12,104,2,60,105
IQ:13,112,255,168,-2
IQ:14,120,10,226,-88
IQ:15,128,255,23,-160
IQ:16,136,3,89,18
IQ:17,144,255,141,-53
IQ:18,152,9,180,-154
IQ:19,160,255,-1,-139
IQ:20,168,4,204,-21
IQ:21,176,255,99,-184
IQ:22,184,8,124,-198
IQ:23,192,255,-92,-59
IQ:24,200,7,147,216
IQ:25,208,255,204,-48
IQ:26,216,6,-30,-31
IQ:27,224,255,1,1
IQ:28,232,5,72,-110
IQ:29,240,255,-82,-147
IQ:30,248,12,-174,-97
IQ:31,256,255,-69,97
IQ:32,264,1,129,-53
IQ:33,272,255,-19,-107
IQ:34,280,2,-54,101
IQ:35,288,255,75,134
SW:2
RR:3
SS:3
FR:2480
ME:16
MA:271
KE:11
KA:268
DF_END

Data arrived...
DF_BEGIN
IQ:0,0,11,-157,-64
IQ:1,8,11,-43,161
IQ:2,16,11,166,22
IQ:3,24,11,25,-172
IQ:4,32,11,-165,-10
IQ:5,40,11,15,170
IQ:6,48,11,172,-29
IQ:7,56,11,-41,-166
IQ:8,72,12,186,123
IQ:9,80,255,97,-172
IQ:10,88,1,-226,-55
IQ:11,96,255,-37,198
IQ:12,104,2,207,-60
IQ:13,112,255,-23,-242
IQ:14,120,10,-167,-74
IQ:15,128,255,-25,99
IQ:16,136,3,90,-144
IQ:17,144,255,-138,-170
IQ:18,152,9,-199,-3
IQ:19,160,255,-7,104
IQ:20,168,4,16,-165
IQ:21,176,255,-197,-80
IQ:22,184,8,-163,66
IQ:23,192,255,79,106
IQ:24,200,7,96,-191
IQ:25,208,255,-177,-91
IQ:26,216,6,-41,140
IQ:27,224,255,120,1
IQ:28,232,5,-88,-191
IQ:29,240,255,-216,76
IQ:30,248,12,7,224
IQ:31,256,255,183,-44
IQ:32,264,1,-105,-203
IQ:33,272,255,-172,88
IQ:34,280,2,184,109
IQ:35,288,255,178,-171
SW:2
RR:3
SS:3
FR:2426
ME:10
MA:262
KE:11
KA:267
DF_END

Data arrived...
DF_BEGIN
IQ:0,0,11,163,-33
IQ:1,8,11,-60,-156
IQ:2,16,11,-152,76
IQ:3,24,11,79,146
IQ:4,32,11,146,-90
IQ:5,40,11,-115,-117
IQ:6,48,11,-108,140
IQ:7,56,11,137,100
IQ:8,72,12,-184,-80
IQ:9,80,255,-33,148
IQ:10,88,1,192,-70
IQ:11,96,255,-49,-170
IQ:12,104,2,-140,144
IQ:13,112,255,116,185
IQ:14,120,10,164,-42
IQ:15,128,255,-29,-116
IQ:16,136,3,28,113
IQ:17,144,255,161,63
IQ:18,152,9,156,-67
IQ:19,160,255,-37,-79
IQ:20,168,4,48,148
IQ:21,176,255,182,9
IQ:22,184,8,90,-88
IQ:23,192,255,-112,-29
IQ:24,200,7,-64,211
IQ:25,208,255,176,69
IQ:26,216,6,-10,-120
IQ:27,224,255,-85,15
IQ:28,232,5,134,63
IQ:29,240,255,111,-155
IQ:30,248,12,-65,-194
IQ:31,256,255,-143,59
IQ:32,264,1,161,115
IQ:33,272,255,104,-136
IQ:34,280,2,-204,-25
IQ:35,288,255,-84,212
SW:2
RR:3
SS:3
FR:2402
ME:10
MA:271
KE:11
KA:268
DF_END

Data arrived...
DF_BEGIN
IQ:0,0,11,177,-15
IQ:1,8,11,-29,-164
IQ:2,16,11,-162,51
IQ:3,24,11,65,155
IQ:4,32,11,154,-89
IQ:5,40,11,-101,-136
IQ:6,48,11,-123,116
IQ:7,56,11,115,126
IQ:8,72,12,-179,56
IQ:9,80,255,22,125
IQ:10,88,1,74,-109
IQ:11,96,255,-75,-60
IQ:12,104,2,45,102
IQ:13,112,255,153,42
IQ:14,120,10,259,-8
IQ:15,128,255,79,-148
IQ:16,136,3,78,27
IQ:17,144,255,144,-24
IQ:18,152,9,212,-128
IQ:19,160,255,25,-131
IQ:20,168,4,200,1
IQ:21,176,255,140,-148
IQ:22,184,8,170,-166
IQ:23,192,255,-68,-83
IQ:24,200,7,105,237
IQ:25,208,255,206,-14
IQ:26,216,6,-10,-28
IQ:27,224,255,8,-7
IQ:28,232,5,78,-93
IQ:29,240,255,-63,-142
IQ:30,248,12,-149,-105
IQ:31,256,255,-79,87
IQ:32,264,1,126,-23
IQ:33,272,255,-1,-99
IQ:34,280,2,-74,93
IQ:35,288,255,50,143
SW:2
RR:3
SS:3
FR:2480
ME:16
MA:271
KE:11
KA:268
DF_END

Data arrived...
DF_BEGIN
IQ:0,0,11,-93,147
IQ:1,8,11,220,14
IQ:2,16,11,31,-158
IQ:3,24,11,-158,-1
IQ:4,32,11,-29,134
IQ:5,40,11,68,20
IQ:6,48,11,-25,-154
IQ:7,56,11,-184,17
IQ:8,72,12,78,-131
IQ:9,80,255,-195,-135
IQ:10,88,1,-84,227
IQ:11,96,255,169,45
IQ:12,104,2,-62,-202
IQ:13,112,255,-260,80
IQ:14,120,10,-59,120
IQ:15,128,255,109,16
IQ:16,136,3,-116,-36
IQ:17,144,255,-142,133
IQ:18,152,9,1,180
IQ:19,160,255,76,41
IQ:20,168,4,-93,49
IQ:21,176,255,-111,189
IQ:22,184,8,63,144
IQ:23,192,255,99,-59
IQ:24,200,7,-133,-95
IQ:25,208,255,-92,158
IQ:26,216,6,105,28
IQ: