IQ:5,40,11,-97,125
IQ:6,48,11,138,73
IQ:7,56,11,65,-148
IQ:8,72,12,48,180
IQ:9,80,255,150,-61
IQ:10,88,1,-107,-166
IQ:11,96,255,-138,89
IQ:12,104,2,152,77
IQ:13,112,255,114,-164
IQ:14,120,10,-65,-165
IQ:15,128,255,-93,38
IQ:16,136,3,137,-33
IQ:17,144,255,12,-183
IQ:18,152,9,-129,-107
IQ:19,160,255,-58,80
IQ:20,168,4,128,-83
IQ:21,176,255,-58,-173
IQ:22,184,8,-146,-44
IQ:23,192,255,1,127
IQ:24,200,7,171,-72
IQ:25,208,255,-57,-169
IQ:26,216,6,-112,54
IQ:27,224,255,68,73
IQ:28,232,5,38,-161
IQ:29,240,255,-180,-69
IQ:30,248,12,-135,140
IQ:31,256,255,123,104
IQ:32,264,1,71,-184
IQ:33,272,255,-156,-55
IQ:34,280,2,45,162
IQ:35,288,255,202,-10
SW:2
RR:3
SS:3
FR:2426
ME:7
MA:262
KE:11
KA:274
DF_END

Data arrived...
DF_BEGIN
IQ:0,0,11,-144,-121
IQ:1,8,11,-107,150
IQ:2,16,11,152,101
IQ:3,24,11,88,-164
IQ:4,32,11,-171,-56
IQ:5,40,11,-36,186
IQ:6,48,11,173,36
IQ:7,56,11,18,-188
IQ:8,72,12,85,220
IQ:9,80,255,141,-76
IQ:10,88,1,-212,-78
IQ:11,96,255,-106,151
IQ:12,104,2,154,-17
IQ:13,112,255,25,-199
IQ:14,120,10,-147,-139
IQ:15,128,255,-127,81
IQ:16,136,3,-10,-74
IQ:17,144,255,-78,-121
IQ:18,152,9,-172,-118
IQ:19,160,255,-90,70
IQ:20,168,4,15,-138
IQ:21,176,255,-125,-135
IQ:22,184,8,-156,-41
IQ:23,192,255,15,113
IQ:24,200,7,225,-128
IQ:25,208,255,-69,-222
IQ:26,216,6,-108,67
IQ:27,224,255,44,85
IQ:28,232,5,-57,-91
IQ:29,240,255,-170,13
IQ:30,248,12,-138,190
IQ:31,256,255,139,75
IQ:32,264,1,-43,-210
IQ:33,272,255,-195,17
IQ:34,280,2,114,104
IQ:35,288,255,173,-105
SW:2
RR:3
SS:3
FR:2402
ME:13
MA:271
KE:11
KA:274
DF_END

Data arrived...
DF_BEGIN
IQ:0,0,11,-148,-93
IQ:1,8,11,-101,145
IQ:2,16,11,143,81
IQ:3,24,11,52,-168
IQ:4,32,11,-175,-46
IQ:5,40,11,-16,165
IQ:6,48,11,175,-11
IQ:7,56,11,-23,-172
IQ:8,72,12,192,77
IQ:9,80,255,59,-123
IQ:10,88,1,-164,21
IQ:11,96,255,13,116
IQ:12,104,2,76,-122
IQ:13,112,255,-109,-160
IQ:14,120,10,-210,-168
IQ:15,128,255,-144,54
IQ:16,136,3,-21,-118
IQ:17,144,255,-134,-107
IQ:18,152,9,-226,-45
IQ:19,160,255,-85,75
IQ:20,168,4,-140,-161
IQ:21,176,255,-212,5
IQ:22,184,8,-238,3
IQ:23,192,255,5,93
IQ:24,200,7,82,-266
IQ:25,208,255,-181,-127
IQ:26,216,6,-6,50
IQ:27,224,255,13,-17
IQ:28,232,5,-142,-11
IQ:29,240,255,-76,159
IQ:30,248,12,36,200
IQ:31,256,255,133,-18
IQ:32,264,1,-130,-96
IQ:33,272,255,-89,88
IQ:34,280,2,141,-23
IQ:35,288,255,63,-172
SW:2
RR:3
SS:3
FR:2480
ME:16
MA:271
KE:11
KA:273
DF_END

Data arrived...
DF_BEGIN
IQ:0,0,11,-154,20
IQ:1,8,11,71,136
IQ:2,16,11,141,-35
IQ:3,24,11,-48,-146
IQ:4,32,11,-136,61
IQ:5,40,11,79,136
IQ:6,48,11,107,-105
IQ:7,56,11,-104,-124
IQ:8,72,12,146,-23
IQ:9,80,255,-5,-142
IQ:10,88,1,-196,37
IQ:11,96,255,14,156
IQ:12,104,2,111,-105
IQ:13,112,255,-109,-131
IQ:14,120,10,-169,12
IQ:15,128,255,11,85
IQ:16,136,3,-10,-180
IQ:17,144,255,-147,-82
IQ:18,152,9,-150,67
IQ:19,160,255,52,108
IQ:20,168,4,-67,-148
IQ:21,176,255,-165,-11
IQ:22,184,8,-92,120
IQ:23,192,255,104,8
IQ:24,200,7,-4,-204
IQ:25,208,255,-163,-28
IQ:26,216,6,14,127
IQ:27,224,255,86,-46
IQ:28,232,5,-151,-87
IQ:29,240,255,-112,124
IQ:30,248,12,103,180
IQ:31,256,255,126,-92
IQ:32,264,1,-223,-137
IQ:33,272,255,-82,102
IQ:34,280,2,156,30
IQ:35,288,255,76,-194
SW:2
RR:3
SS:3
FR:2426
ME:10
MA:262
KE:11
KA:272
DF_END

Data arrived...
DF_BEGIN
IQ:0,0,11,66,-170
IQ:1,8,11,-182,-47
IQ:2,16,11,-33,179
IQ:3,24,11,175,27
IQ:4,32,11,20,-193
IQ:5,40,11,-180,1
IQ:6,48,11,17,174
IQ:7,56,11,169,-40
IQ:8,72,12,-189,135
IQ:9,80,255,113,119
IQ:10,88,1,38,-217
IQ:11,96,255,-193,-60
IQ:12,104,2,68,143
IQ:13,112,255,207,-34
IQ:14,120,10,71,-184
IQ:15,128,255,-120,-93
IQ:16,136,3,81,-21
IQ:17,144,255,105,-96
IQ:18,152,9,63,-198
IQ:19,160,255,-105,-66
IQ:20,168,4,150,-34
IQ:21,176,255,106,-168
IQ:22,184,8,4,-165
IQ:23,192,255,-100,48
IQ:24,200,7,179,185
IQ:25,208,255,184,-127
IQ:26,216,6,-99,-86
IQ:27,224,255,-58,66
IQ:28,232,5,77,-77
IQ:29,240,255,-74,-156
IQ:30,248,12,-222,-69
IQ:31,256,255,-38,157
IQ:32,264,1,198,-96
IQ:33,272,255,-65,-175
IQ:34,280,2,-76,149
IQ:35,288,255,155,146
SW:2
RR:3
SS:3
FR:2402
ME:13
MA:265
KE:11
KA:271
DF_END

Data arrived...
DF_BEGIN
IQ:0,0,11,-22,-152
IQ:1,8,11,-136,46
IQ:2,16,11,67,140
IQ:3,24,11,136,-76
IQ:4,32,11,-97,-126
IQ:5,40,11,-113,105
IQ:6,48,11,111,97
IQ:7,56,11,103,-105
IQ:8,72,12,-56,180
IQ:9,80,255,134,26
IQ:10,88,1,-77,-159
IQ:11,96,255,-144,43
IQ:12,104,2,112,63
IQ:13,112,255,122,-121
IQ:14,120,10,-40,-165
IQ:15,128,255,-120,-6
IQ:16,136,3,33,-35
IQ:17,144,255,28,-117
IQ:18,152,9,-48,-166
IQ:19,160,255,-102,4
IQ:20,168,4,79,-73
IQ:21,176,255,-14,-151
IQ:22,184,8,-76,-112
IQ:23,192,255,-56,79
IQ:24,200,7,206,31
IQ:25,208,255,67,-169
IQ:26,216,6,-117,-22
IQ:27,224,255,-28,74
IQ:28,232,5,39,-76
IQ:29,240,255,-107,-86
IQ:30,248,12,-180,49
IQ:31,256,255,46,125
IQ:32,264,1,87,-150
IQ:33,272,255,-109,-84
IQ:34,280,2,7,129
IQ:35,288,255,173,35
SW:2
RR:3
SS:3
FR:2402
ME:10
MA:276
KE:11
KA:272
DF_END

Data arrived...
DF_BEGIN
IQ:0,0,11,-134,-46
IQ:1,8,11,-27,135
IQ:2,16,11,141,7
IQ:3,24,11,-8,-137
IQ:4,32,11,-141,17
IQ:5,40,11,24,139
IQ:6,48,11,135,-37
IQ:7,56,11,-57,-127
IQ:8,72,12,154,28
IQ:9,80,255,25,-100
IQ:10,88,1,-103,64
IQ:11,96,255,34,83
IQ:12,104,2,26,-95
IQ:13,112,255,-101,-100
IQ:14,120,10,-186,-72
IQ:15,128,255,-90,81
IQ:16,136,3,-31,-71
IQ:17,144,255,-118,-51
IQ:18,152,9,-183,12
IQ:19,160,255,-49,86
IQ:20,168,4,-126,-79
IQ:21,176,255,-153,44
IQ:22,184,8,-181,65
IQ:23,192,255,25,78
IQ:24,200,7,-10,-208
IQ:25,208,255,-166,-51
IQ:26,216,6,5,40
IQ:27,224,255,8,-7
IQ:28,232,5,-95,27
IQ:29,240,255,-13,127
IQ:30,248,12,85,135
IQ:31,256,255,97,-50
IQ:32,264,1,-107,-54
IQ:33,272,255,-40,80
IQ:34,280,2,100,-37
IQ:35,288,255,11,-138
SW:2
RR:3
SS:3
FR:2480
ME:16
MA:268
KE:12
KA:271
DF_END

Data arrived...
DF_BEGIN
IQ:0,0,11,124,93
IQ:1,8,11,74,-125
IQ:2,16,11,-146,-53
IQ:3,24,11,-35,148
IQ:4,32,11,154,30
IQ:5,40,11,15,-152
IQ:6,48,11,-150,5
IQ:7,56,11,23,153
IQ:8,72,12,-129,-131
IQ:9,80,255,-113,117
IQ:10,88,1,162,97
IQ:11,96,255,80,-140
IQ:12,104,2,-165,19
IQ:13,112,255,-9,195
IQ:14,120,10,142,84
IQ:15,128,255,46,-92
IQ:16,136,3,-103,96
IQ:17,144,255,81,162
IQ:18,152,9,156,34
IQ:19,160,255,5,-92
IQ:20,168,4,-60,136
IQ:21,176,255,140,112
IQ:22,184,8,147,-39
IQ:23,192,255,-68,-100
IQ:24,200,7,-117,145
IQ:25,208,255,125,119
IQ:26,216,6,70,-103
IQ:27,224,255,-96,-21
IQ:28,232,5,42,166
IQ:29,240,255,191,-9
IQ:30,248,12,38,-181
IQ:31,256,255,-155,-18
IQ:32,264,1,28,191
IQ:33,272,255,153,-27
IQ:34,280,2,-116,-127
IQ:35,288,255,-171,99
SW:2
RR:3
SS:3
FR:2426
ME:7
MA:268
KE:11
KA:271
DF_END

Data arrived...
DF_BEGIN
IQ:0,0,11,12,-171
IQ:1,8,11,-160,16
IQ:2,16,11,30,169
IQ:3,24,11,165,-34
IQ:4,32,11,-43,-181
IQ:5,40,11,-159,66
IQ:6,48,11,64,153
IQ:7,56,11,125,-100
IQ:8,72,12,-117,183
IQ:9,80,255,128,82
IQ:10,88,1,-33,-204
IQ:11,96,255,-181,17
IQ:12,104,2,124,106
IQ:13,112,255,163,-116
IQ:14,120,10,18,-185
IQ:15,128,255,-127,-52
IQ:16,136,3,66,-66
IQ:17,144,255,48,-134
IQ:18,152,9,-19,-203
IQ:19,160,255,-100,-25
IQ:20,168,4,118,-79
IQ:21,176,255,28,-191
IQ:22,184,8,-27,-145
IQ:23,192,255,-77,78
IQ:24,200,7,221,110
IQ:25,208,255,119,-178
IQ:26,216,6,-111,-50
IQ:27,224,255,-34,61
IQ:28,232,5,42,-105
IQ:29,240,255,-127,-114
IQ:30,248,12,-225,39
IQ:31,256,255,8,142
IQ:32,264,1,141,-154
IQ:33,272,255,-119,-134
IQ:34,280,2,-18,150
IQ:35,288,255,182,81
SW:2
RR:3
SS:3
FR:2402
ME:13
MA:271
KE:11
KA:271
DF_END

Data arrived...
DF_BEGIN
IQ:0,0,11,172,53
IQ:1,8,11,13,-183
IQ:2,16,11,-177,0
IQ:3,24,11,4,172
IQ:4,32,11,171,-33
IQ:5,40,11,-69,-163
IQ:6,48,11,-176,75
IQ:7,56,11,86,149
IQ:8,72,12,-172,-148
IQ:9,80,255,-96,117
IQ:10,88,1,200,0
IQ:11,96,255,8,-185
IQ:12,104,2,-105,121
IQ:13,112,255,64,192
IQ:14,120,10,180,44
IQ:15,128,255,70,-123
IQ:16,136,3,47,59
IQ:17,144,255,126,66
IQ:18,152,9,208,8
IQ:19,160,255,39,-112
IQ:20,168,4,59,120
IQ:21,176,255,174,48
IQ:22,184,8,145,-39
IQ:23,192,255,-62,-81
IQ:24,200,7,-142,211
IQ:25,208,255,154,140
IQ:26,216,6,65,-108
IQ:27,224,255,-68,-47
IQ:28,232,5,89,47
IQ:29,240,255,132,-105
IQ:30,248,12,24,-233
IQ:31,256,255,-157,-3
IQ:32,264,1,150,150
IQ:33,272,255,148,-96
IQ:34,280,2,-152,-39
IQ:35,288,255,-90,182
SW:2
RR:3
SS:3
FR:2402
ME:13
MA:276
KE:11
KA:271
DF_END

Data arrived...
DF_BEGIN
IQ:0,0,11,177,13
IQ:1,8,11,-9,-174
IQ:2,16,11,-172,41
IQ:3,24,11,41,172
IQ:4,32,11,158,-73
IQ:5,40,11,-90,-142
IQ:6,48,11,-134,101
IQ:7,56,11,108,142
IQ:8,72,12,-178,67
IQ:9,80,255,28,126
IQ:10,88,1,94,-127
IQ:11,96,255,-81,-70
IQ:12,104,2,46,135
IQ:13,112,255,175,47
IQ:14,120,10,259,7
IQ:15,128,255,77,-119
IQ:16,136,3,103,71
IQ:17,144,255,160,-17
IQ:18,152,9,195,-108
IQ:19,160,255,18,-112
IQ:20,168,4,200,35
IQ:21,176,255,152,-138
IQ:22,184,8,164,-171
IQ:23,192,255,-63,-77
IQ:24,200,7,120,245
IQ:25,208,255,209,-19
IQ:26,216,6,-20,-31
IQ:27,224,255,9,18
IQ:28,232,5,118,-83
IQ:29,240,255,-44,-163
IQ:30,248,12,-146,-120
IQ:31,256,255,-77,89
IQ:32,264,1,147,-15
IQ:33,272,255,9,-119
IQ:34,280,2,-84,108
IQ:35,288,255,67,163
SW:2
RR:3
SS:3
FR:2480
ME:16
MA:271
KE:12
KA:271
DF_END

Data arrived...
DF_BEGIN
IQ:0,0,11,-84,170
IQ:1,8,11,175,52
IQ:2,16,11,31,-182
IQ:3,24,11,-187,-30
IQ:4,32,11,-3,192
IQ:5,40,11,186,-16
IQ:6,48,11,-44,-185
IQ:7,56,11,-179,51
IQ:8,72,12,123,-192
IQ:9,80,255,-164,-93
IQ:10,88,1,-51,227
IQ:11,96,255,181,50
IQ:12,104,2,-85,-179
IQ:13,112,255,-232,34
IQ:14,120,10,-90,177
IQ:15,128,255,107,52
IQ:16,136,3,-139,-76
IQ:17,144,255,-170,131
IQ:18,152,9,-11,197
IQ:19,160,255,112,-4
IQ:20,168,4,-159,-27
IQ:21,176,255,-89,194
IQ:22,184,8,77,170
IQ:23,192,255,107,-89
IQ:24,200,7,-196,-103
IQ:25,208,255,-108,173
IQ:26,216,6,138,63
IQ:27,224,255,13,-111
IQ:28,232,5,-162,96
IQ:29,240,255,85,201
IQ:30,248,12,221,0
IQ:31,256,255,-34,-188
IQ:32,264,1,-205,109
IQ:33,272,255,80,170
IQ:34,280,2,90,-177
IQ:35,288,255,-173,-167
SW:2
RR:3
SS:3
FR:2426
ME:7
MA:271
KE:11
KA:271
DF_END

Data arrived...
DF_BEGIN
IQ:0,0,11,11,-185
IQ:1,8,11,-185,10
IQ:2,16,11,21,190
IQ:3,24,11,190,-44
IQ:4,32,11,-60,-179
IQ:5,40,11,-173,64
IQ:6,48,11,79,163
IQ:7,56,11,132,-105
IQ:8,72,12,-120,195
IQ:9,80,255,146,78
IQ:10,88,1,-56,-212
IQ:11,96,255,-185,19
IQ:12,104,2,114,121
IQ:13,112,255,177,-107
IQ:14,120,10,11,-201
IQ:15,128,255,-134,-56
IQ:16,136,3,59,-50
IQ:17,144,255,53,-134
IQ:18,152,9,-1,-208
IQ:19,160,255,-111,-21
IQ:20,168,4,123,-86
IQ:21,176,255,12,-190
IQ:22,184,8,-60,-142
IQ:23,192,255,-84,80
IQ:24,200,7,221,113
IQ:25,208,255,130,-186
IQ:26,216,6,-126,-51
IQ:27,224,255,-39,76
IQ:28,232,5,54,-97
IQ:29,240,255,-122,-123
IQ:30,248,12,-242,10
IQ:31,256,255,27,170
IQ:32,264,1,140,-164
IQ:33,272,255,-125,-138
IQ:34,280,2,-24,164
IQ:35,288,255,197,69
SW:2
RR:3
SS:3
FR:2402
ME:13
MA:271
KE:11
KA:271
DF_END

Data arrived...
DF_BEGIN
IQ:0,0,11,161,103
IQ:1,8,11,79,-167
IQ:2,16,11,-176,-43
IQ:3,24,11,-34,180
IQ:4,32,11,181,22
IQ:5,40,11,6,-182
IQ:6,48,11,-189,2
IQ:7,56,11,27,181
IQ:8,72,12,-112,-195
IQ:9,80,255,-123,104
IQ:10,88,1,216,63
IQ:11,96,255,88,-156
IQ:12,104,2,-155,55
IQ:13,112,255,9,219
IQ:14,120,10,165,104
IQ:15,128,255,111,-102
IQ:16,136,3,10,75
IQ:17,144,255,92,118
IQ:18,152,9,181,88
IQ:19,160,255,69,-75
IQ:20,168,4,-5,164
IQ:21,176,255,142,118
IQ:22,184,8,155,12
IQ:23,192,255,-40,-110
IQ:24,200,7,-213,130
IQ:25,208,255,82,196
IQ:26,216,6,84,-104
IQ:27,224,255,-66,-56
IQ:28,232,5,72,85
IQ:29,240,255,177,-46
IQ:30,248,12,93,-216
IQ:31,256,255,-152,-56
IQ:32,264,1,79,205
IQ:33,272,255,190,-44
IQ:34,280,2,-146,-90
IQ:35,288,255,-178,134
SW:2
RR:3
SS:3
FR:2402
ME:13
MA:268
KE:12
KA:271
DF_END

Data arrived...
DF_BEGIN
IQ:0,0,11,-146,-76
IQ:1,8,11,-78,145
IQ:2,16,11,157,59
IQ:3,24,11,39,-165
IQ:4,32,11,-169,-32
IQ:5,40,11,-13,167
IQ:6,48,11,170,-18
IQ:7,56,11,-28,-166
IQ:8,72,12,189,69
IQ:9,80,255,56,-127
IQ:10,88,1,-158,51
IQ:11,96,255,27,124
IQ:12,104,2,63,-132
IQ:13,112,255,-117,-155
IQ:14,120,10,-204,-144
IQ:15,128,255,-126,60
IQ:16,136,3,-29,-118
IQ:17,144,255,-156,-91
IQ:18,152,9,-219,-24
IQ:19,160,255,-75,73
IQ:20,168,4,-150,-152
IQ:21,176,255,-227,20
IQ:22,184,8,-241,28
IQ:23,192,255,5,92
IQ:24,200,7,67,-288
IQ:25,208,255,-195,-109
IQ:26,216,6,13,53
IQ:27,224,255,8,-21
IQ:28,232,5,-151,-5
IQ:29,240,255,-67,173
IQ:30,248,12,60,203
IQ:31,256,255,129,-38
IQ:32,264,1,-143,-85
IQ:33,272,255,-67,109
IQ:34,280,2,146,-22
IQ:35,288,255,55,-176
SW:2
RR:3
SS:3
FR:2480
ME:16
MA:268
KE:12
KA:270
DF_END

Data arrived...
DF_BEGIN
IQ:0,0,11,185,-3
IQ:1,8,11,-6,-179
IQ:2,16,11,-183,17
IQ:3,24,11,38,179
IQ:4,32,11,171,-52
IQ:5,40,11,-67,-174
IQ:6,48,11,-161,86
IQ:7,56,11,108,140
IQ:8,72,12,-219,-65
IQ:9,80,255,-42,188
IQ:10,88,1,234,0
IQ:11,96,255,-14,-187
IQ:12,104,2,-162,121
IQ:13,112,255,100,212
IQ:14,120,10,194,4
IQ:15,128,255,-4,-120
IQ:16,136,3,-30,166
IQ:17,144,255,189,120
IQ:18,152,9,184,-57
IQ:19,160,255,-37,-99
IQ:20,168,4,28,178
IQ:21,176,255,208,42
IQ:22,184,8,138,-126
IQ:23,192,255,-123,-80
IQ:24,200,7,-44,218
IQ:25,208,255,201,43
IQ:26,216,6,6,-146
IQ:27,224,255,-119,29
IQ:28,232,5,141,128
IQ:29,240,255,171,-144
IQ:30,248,12,-78,-214
IQ:31,256,255,-169,87
IQ:32,264,1,164,164
IQ:33,272,255,149,-131
IQ:34,280,2,-201,-48
IQ:35,288,255,-115,209
SW:2
RR:3
SS:3
FR:2426
ME:7
MA:265
KE:11
KA:270
DF_END

Data arrived...
DF_BEGIN
IQ:0,0,11,-177,25
IQ:1,8,11,66,167
IQ:2,16,11,157,-87
IQ:3,24,11,-101,-154
IQ:4,32,11,-145,118
IQ:5,40,11,126,126
IQ:6,48,11,120,-141
IQ:7,56,11,-140,-104
IQ:8,72,12,221,-8
IQ:9,80,255,-27,-189
IQ:10,88,1,-214,97
IQ:11,96,255,72,183
IQ:12,104,2,109,-168
IQ:13,112,255,-169,-158
IQ:14,120,10,-182,61
IQ:15,128,255,36,107
IQ:16,136,3,-37,-167
IQ:17,144,255,-208,-50
IQ:18,152,9,-169,99
IQ:19,160,255,67,72
IQ:20,168,4,-96,-156
IQ:21,176,255,-212,31
IQ:22,184,8,-91,149
IQ:23,192,255,131,32
IQ:24,200,7,-45,-207
IQ:25,208,255,-198,15
IQ:26,216,6,37,146
IQ:27,224,255,94,-58
IQ:28,232,5,-177,-74
IQ:29,240,255,-108,196
IQ:30,248,12,133,174
IQ:31,256,255,129,-141
IQ:32,264,1,-195,-126
IQ:33,272,255,-108,158
IQ:34,280,2,193,-12
IQ:35,288,255,44,-236
SW:2
RR:3
SS:3
FR:2426
ME:7
MA:268
KE:11
KA:269
DF_END

Data arrived...
DF_BEGIN
IQ:0,0,11,-165,-100
IQ:1,8,11,-70,170
IQ:2,16,11,174,34
IQ:3,24,11,14,-178
IQ:4,32,11,-187,-3
IQ:5,40,11,11,187
IQ:6,48,11,180,-17
IQ:7,56,11,-45,-175
IQ:8,72,12,147,192
IQ:9,80,255,135,-93
IQ:10,88,1,-213,-33
IQ:11,96,255,-47,179
IQ:12,104,2,147,-69
IQ:13,112,255,-30,-211
IQ:14,120,10,-186,-94
IQ:15,128,255,-93,102
IQ:16,136,3,-38,-83
IQ:17,144,255,-104,-102
IQ:18,152,9,-189,-67
IQ:19,160,255,-63,86
IQ:20,168,4,-40,-147
IQ:21,176,255,-165,-86
IQ:22,184,8,-149,-18
IQ:23,192,255,49,103
IQ:24,200,7,196,-163
IQ:25,208,255,-127,-183
IQ:26,216,6,-80,96
IQ:27,224,255,67,59
IQ:28,232,5,-82,-81
IQ:29,240,255,-167,79
IQ:30,248,12,-43,232
IQ:31,256,255,168,26
IQ:32,264,1,-103,-195
IQ:33,272,255,-176,53
IQ:34,280,2,143,63
IQ:35,288,255,143,-148
SW:2
RR:3
SS:3
FR:2402
ME:13
MA:273
KE:11
KA:269
DF_END

Data arrived...
DF_BEGIN
IQ:0,0,11,-50,-140
IQ:1,8,11,-136,58
IQ:2,16,11,69,135
IQ:3,24,11,123,-78
IQ:4,32,11,-88,-117
IQ:5,40,11,-108,104
IQ:6,48,11,106,106
IQ:7,56,11,91,-124
IQ:8,72,12,-33,181
IQ:9,80,255,136,26
IQ:10,88,1,-76,-155
IQ:11,96,255,-143,38
IQ:12,104,2,112,52
IQ:13,112,255,105,-129
IQ:14,120,10,-31,-161
IQ:15,128,255,-118,-15
IQ:16,136,3,31,-53
IQ:17,144,255,9,-113
IQ:18,152,9,-59,-151
IQ:19,160,255,-94,8
IQ:20,168,4,80,-85
IQ:21,176,255,-21,-151
IQ:22,184,8,-68,-99
IQ:23,192,255,-41,75
IQ:24,200,7,197,34
IQ:25,208,255,48,-168
IQ:26,216,6,-110,-12
IQ:27,224,255,-6,70
IQ:28,232,5,11,-93
IQ:29,240,255,-135,-60
IQ:30,248,12,-166,93
IQ:31,256,255,64,120
IQ:32,264,1,62,-153
IQ:33,272,255,-124,-68
IQ:34,280,2,24,126
IQ:35,288,255,162,3
SW:2
RR:3
SS:3
FR:2402
ME:13
MA:271
KE:11
KA:269
DF_END

Data arrived...
DF_BEGIN
IQ:0,0,11,169,-2
IQ:1,8,11,-28,-172
IQ:2,16,11,-177,32
IQ:3,24,11,42,165
IQ:4,32,11,161,-77
IQ:5,40,11,-78,-152
IQ:6,48,11,-139,106
IQ:7,56,11,115,128
IQ:8,72,12,-195,58
IQ:9,80,255,28,135
IQ:10,88,1,111,-124
IQ:11,96,255,-81,-82
IQ:12,104,2,23,147
IQ:13,112,255,182,65
IQ:14,120,10,251,2
IQ:15,128,255,69,-116
IQ:16,136,3,89,81
IQ:17,144,255,174,0
IQ:18,152,9,206,-99
IQ:19,160,255,22,-101
IQ:20,168,4,205,45
IQ:21,176,255,166,-140
IQ:22,184,8,173,-160
IQ:23,192,255,-65,-65
IQ:24,200,7,111,256
IQ:25,208,255,218,-20
IQ:26,216,6,-30,-33
IQ:27,224,255,2,29
IQ:28,232,5,124,-62
IQ:29,240,255,-33,-171
IQ:30,248,12,-147,-127
IQ:31,256,255,-80,112
IQ:32,264,1,167,4
IQ:33,272,255,12,-120
IQ:34,280,2,-117,100
IQ:35,288,255,48,179
SW:2
RR:3
SS:3
FR:2480
ME:16
MA:268
KE:12
KA:269
DF_END

Data arrived...
DF_BEGIN
IQ:0,0,11,148,21
IQ:1,8,11,-14,-128
IQ:2,16,11,-274,19
IQ:3,24,11,14,139
IQ:4,32,11,151,-70
IQ:5,40,11,-77,-125
IQ:6,48,11,-169,93
IQ:7,56,11,76,126
IQ:8,72,12,-114,-4
IQ:9,80,255,-139,182
IQ:10,88,1,212,-10
IQ:11,96,255,27,-146
IQ:12,104,2,-152,94
IQ:13,112,255,119,105
IQ:14,120,10,146,-1
IQ:15,128,255,-6,-72
IQ:16,136,3,-31,150
IQ:17,144,255,198,161
IQ:18,152,9,147,-47
IQ:19,160,255,-29,-55
IQ:20,168,4,11,144
IQ:21,176,255,58,5
IQ:22,184,8,102,-96
IQ:23,192,255,-92,-56
IQ:24,200,7,-27,190
IQ:25,208,255,228,-6
IQ:26,216,6,-15,-144
IQ:27,224,255,-108,20
IQ:28,232,5,133,127
IQ:29,240,255,221,-156
IQ:30,248,12,-74,-191
IQ:31,256,255,-169,20
IQ:32,264,1,89,114
IQ:33,272,255,-26,-85
IQ:34,280,2,-164,-37
IQ:35,288,255,-100,196
SW:2
RR:3
SS:3
FR:2426
ME:2
MA:353
KE:11
KA:275
DF_END

Data arrived...
DF_BEGIN
IQ:0,0,11,176,-49
IQ:1,8,11,-73,-165
IQ:2,16,11,-159,66
IQ:3,24,11,100,135
IQ:4,32,11,137,-109
IQ:5,40,11,-136,-104
IQ:6,48,11,-133,126
IQ:7,56,11,125,105
IQ:8,72,12,-221,-