IQ:14,120,10,116,-94
IQ:15,128,255,-83,-47
IQ:16,136,3,27,125
IQ:17,144,255,165,-13
IQ:18,152,9,64,-160
IQ:19,160,255,-87,-31
IQ:20,168,4,126,53
IQ:21,176,255,125,-125
IQ:22,184,8,38,-159
IQ:23,192,255,-95,13
IQ:24,200,7,103,176
IQ:25,208,255,148,-72
IQ:26,216,6,-101,-73
IQ:27,224,255,-32,85
IQ:28,232,5,177,-32
IQ:29,240,255,-1,-205
IQ:30,248,12,-167,-92
IQ:31,256,255,-44,145
IQ:32,264,1,193,-1
IQ:33,272,255,-4,-163
IQ:34,280,2,-171,117
IQ:35,288,255,71,230
SW:2
RR:3
SS:3
FR:2402
ME:10
MA:271
KE:9
KA:270
DF_END

Data arrived...
DF_BEGIN
IQ:0,0,11,-155,99
IQ:1,8,11,112,145
IQ:2,16,11,134,-133
IQ:3,24,11,-153,-105
IQ:4,32,11,-90,152
IQ:5,40,11,162,82
IQ:6,48,11,74,-178
IQ:7,56,11,-173,-53
IQ:8,72,12,204,-97
IQ:9,80,255,-88,-151
IQ:10,88,1,-139,167
IQ:11,96,255,160,96
IQ:12,104,2,40,-236
IQ:13,112,255,-256,-95
IQ:14,120,10,-250,144
IQ:15,128,255,76,129
IQ:16,136,3,-70,-198
IQ:17,144,255,-257,0
IQ:18,152,9,-145,153
IQ:19,160,255,70,42
IQ:20,168,4,-168,-178
IQ:21,176,255,-245,115
IQ:22,184,8,-86,210
IQ:23,192,255,152,7
IQ:24,200,7,-82,-268
IQ:25,208,255,-214,45
IQ:26,216,6,115,80
IQ:27,224,255,38,-164
IQ:28,232,5,-258,-71
IQ:29,240,255,-112,243
IQ:30,248,12,149,151
IQ:31,256,255,89,-144
IQ:32,264,1,-224,-48
IQ:33,272,255,-26,185
IQ:34,280,2,216,-64
IQ:35,288,255,1,-266
SW:2
RR:3
SS:3
FR:2480
ME:10
MA:271
KE:9
KA:270
DF_END

Data arrived...
DF_BEGIN
IQ:0,0,11,7,-186
IQ:1,8,11,-198,-10
IQ:2,16,11,5,177
IQ:3,24,11,177,-45
IQ:4,32,11,-61,-185
IQ:5,40,11,-166,66
IQ:6,48,11,90,163
IQ:7,56,11,154,-98
IQ:8,72,12,-87,197
IQ:9,80,255,160,28
IQ:10,88,1,-42,-231
IQ:11,96,255,-180,48
IQ:12,104,2,144,175
IQ:13,112,255,211,-158
IQ:14,120,10,7,-302
IQ:15,128,255,-159,-12
IQ:16,136,3,204,70
IQ:17,144,255,182,-179
IQ:18,152,9,-22,-199
IQ:19,160,255,-76,23
IQ:20,168,4,232,-7
IQ:21,176,255,60,-255
IQ:22,184,8,-118,-209
IQ:23,192,255,-101,115
IQ:24,200,7,263,104
IQ:25,208,255,96,-203
IQ:26,216,6,-139,19
IQ:27,224,255,81,130
IQ:28,232,5,218,-151
IQ:29,240,255,-114,-240
IQ:30,248,12,-224,18
IQ:31,256,255,40,163
IQ:32,264,1,179,-130
IQ:33,272,255,-125,-145
IQ:34,280,2,-102,203
IQ:35,288,255,197,161
SW:2
RR:3
SS:3
FR:2480
ME:7
MA:271
KE:9
KA:270
DF_END

Data arrived...
DF_BEGIN
IQ:0,0,11,-138,114
IQ:1,8,11,130,105
IQ:2,16,11,95,-149
IQ:3,24,11,-159,-94
IQ:4,32,11,-87,167
IQ:5,40,11,163,70
IQ:6,48,11,49,-176
IQ:7,56,11,-179,-31
IQ:8,72,12,184,-97
IQ:9,80,255,-61,-158
IQ:10,88,1,-48,209
IQ:11,96,255,182,29
IQ:12,104,2,-13,-68
IQ:13,112,255,-158,-6
IQ:14,120,10,-124,82
IQ:15,128,255,7,120
IQ:16,136,3,-77,-54
IQ:17,144,255,-110,16
IQ:18,152,9,-82,111
IQ:19,160,255,35,71
IQ:20,168,4,-116,-44
IQ:21,176,255,-132,59
IQ:22,184,8,-43,102
IQ:23,192,255,87,-3
IQ:24,200,7,-80,-188
IQ:25,208,255,-168,45
IQ:26,216,6,36,96
IQ:27,224,255,53,-32
IQ:28,232,5,-100,19
IQ:29,240,255,-5,150
IQ:30,248,12,160,141
IQ:31,256,255,89,-102
IQ:32,264,1,-210,6
IQ:33,272,255,-37,170
IQ:34,280,2,62,-47
IQ:35,288,255,-30,-133
SW:2
RR:3
SS:3
FR:2426
ME:13
MA:271
KE:9
KA:270
DF_END

Data arrived...
DF_BEGIN
IQ:0,0,11,16,-182
IQ:1,8,11,-187,2
IQ:2,16,11,7,186
IQ:3,24,11,178,-25
IQ:4,32,11,-53,-171
IQ:5,40,11,-172,78
IQ:6,48,11,73,168
IQ:7,56,11,157,-87
IQ:8,72,12,-95,175
IQ:9,80,255,137,57
IQ:10,88,1,-12,-200
IQ:11,96,255,-164,10
IQ:12,104,2,115,172
IQ:13,112,255,211,-64
IQ:14,120,10,65,-141
IQ:15,128,255,-90,-23
IQ:16,136,3,73,107
IQ:17,144,255,145,-77
IQ:18,152,9,-2,-173
IQ:19,160,255,-90,5
IQ:20,168,4,141,-4
IQ:21,176,255,77,-163
IQ:22,184,8,-19,-158
IQ:23,192,255,-81,56
IQ:24,200,7,178,97
IQ:25,208,255,99,-136
IQ:26,216,6,-115,-34
IQ:27,224,255,6,106
IQ:28,232,5,152,-85
IQ:29,240,255,-76,-191
IQ:30,248,12,-198,-27
IQ:31,256,255,-1,158
IQ:32,264,1,173,-78
IQ:33,272,255,-76,-137
IQ:34,280,2,-110,182
IQ:35,288,255,148,188
SW:2
RR:3
SS:3
FR:2402
ME:10
MA:271
KE:9
KA:270
DF_END

Data arrived...
DF_BEGIN
IQ:0,0,11,119,140
IQ:1,8,11,122,-134
IQ:2,16,11,-151,-99
IQ:3,24,11,-85,171
IQ:4,32,11,163,77
IQ:5,40,11,61,-173
IQ:6,48,11,-179,-60
IQ:7,56,11,-38,178
IQ:8,72,12,-109,-189
IQ:9,80,255,-129,111
IQ:10,88,1,188,130
IQ:11,96,255,90,-166
IQ:12,104,2,-233,-17
IQ:13,112,255,-45,265
IQ:14,120,10,211,199
IQ:15,128,255,119,-109
IQ:16,136,3,-178,107
IQ:17,144,255,37,251
IQ:18,152,9,178,103
IQ:19,160,255,34,-81
IQ:20,168,4,-149,175
IQ:21,176,255,162,210
IQ:22,184,8,226,46
IQ:23,192,255,-30,-156
IQ:24,200,7,-263,115
IQ:25,208,255,66,201
IQ:26,216,6,74,-127
IQ:27,224,255,-153,-31
IQ:28,232,5,-42,261
IQ:29,240,255,261,79
IQ:30,248,12,148,-168
IQ:31,256,255,-144,-82
IQ:32,264,1,-12,222
IQ:33,272,255,194,-5
IQ:34,280,2,-78,-212
IQ:35,288,255,-264,10
SW:2
RR:3
SS:3
FR:2480
ME:10
MA:262
KE:9
KA:269
DF_END

Data arrived...
DF_BEGIN
IQ:0,0,11,116,137
IQ:1,8,11,103,-135
IQ:2,16,11,-149,-113
IQ:3,24,11,-97,147
IQ:4,32,11,157,84
IQ:5,40,11,60,-168
IQ:6,48,11,-173,-59
IQ:7,56,11,-45,175
IQ:8,72,12,-87,-194
IQ:9,80,255,-127,55
IQ:10,88,1,202,68
IQ:11,96,255,94,-147
IQ:12,104,2,-75,20
IQ:13,112,255,-10,129
IQ:14,120,10,82,126
IQ:15,128,255,90,-32
IQ:16,136,3,-35,63
IQ:17,144,255,41,120
IQ:18,152,9,124,78
IQ:19,160,255,56,-48
IQ:20,168,4,-52,107
IQ:21,176,255,75,122
IQ:22,184,8,85,39
IQ:23,192,255,-23,-69
IQ:24,200,7,-184,94
IQ:25,208,255,39,168
IQ:26,216,6,95,-42
IQ:27,224,255,-34,-58
IQ:28,232,5,16,103
IQ:29,240,255,157,17
IQ:30,248,12,149,-154
IQ:31,256,255,-101,-85
IQ:32,264,1,34,214
IQ:33,272,255,176,25
IQ:34,280,2,-50,-59
IQ:35,288,255,-142,41
SW:2
RR:3
SS:3
FR:2426
ME:13
MA:271
KE:10
KA:270
DF_END

Data arrived...
DF_BEGIN
IQ:0,0,11,152,-96
IQ:1,8,11,-104,-152
IQ:2,16,11,-136,117
IQ:3,24,11,130,127
IQ:4,32,11,117,-132
IQ:5,40,11,-156,-98
IQ:6,48,11,-98,146
IQ:7,56,11,165,78
IQ:8,72,12,-193,33
IQ:9,80,255,28,158
IQ:10,88,1,174,-100
IQ:11,96,255,-82,-137
IQ:12,104,2,-84,178
IQ:13,112,255,162,148
IQ:14,120,10,149,-20
IQ:15,128,255,-33,-85
IQ:16,136,3,-54,114
IQ:17,144,255,137,79
IQ:18,152,9,142,-106
IQ:19,160,255,-54,-73
IQ:20,168,4,73,117
IQ:21,176,255,179,-24
IQ:22,184,8,120,-104
IQ:23,192,255,-89,-51
IQ:24,200,7,6,198
IQ:25,208,255,165,5
IQ:26,216,6,-41,-116
IQ:27,224,255,-78,58
IQ:28,232,5,161,78
IQ:29,240,255,130,-164
IQ:30,248,12,-84,-173
IQ:31,256,255,-121,94
IQ:32,264,1,170,108
IQ:33,272,255,85,-136
IQ:34,280,2,-201,-4
IQ:35,288,255,-60,225
SW:2
RR:3
SS:3
FR:2402
ME:10
MA:268
KE:10
KA:269
DF_END

Data arrived...
DF_BEGIN
IQ:0,0,11,-76,167
IQ:1,8,11,174,66
IQ:2,16,11,46,-180
IQ:3,24,11,-181,-23
IQ:4,32,11,-12,182
IQ:5,40,11,182,-18
IQ:6,48,11,-31,-191
IQ:7,56,11,-175,41
IQ:8,72,12,133,-184
IQ:9,80,255,-153,-70
IQ:10,88,1,-29,220
IQ:11,96,255,189,14
IQ:12,104,2,-65,-223
IQ:13,112,255,-259,46
IQ:14,120,10,-135,269
IQ:15,128,255,147,87
IQ:16,136,3,-146,-152
IQ:17,144,255,-217,119
IQ:18,152,9,-45,201
IQ:19,160,255,80,-4
IQ:20,168,4,-229,-71
IQ:21,176,255,-152,212
IQ:22,184,8,24,230
IQ:23,192,255,139,-77
IQ:24,200,7,-200,-208
IQ:25,208,255,-158,135
IQ:26,216,6,143,13
IQ:27,224,255,-45,-156
IQ:28,232,5,-269,50
IQ:29,240,255,-9,265
IQ:30,248,12,202,73
IQ:31,256,255,7,-162
IQ:32,264,1,-217,68
IQ:33,272,255,63,186
IQ:34,280,2,179,-141
IQ:35,288,255,-111,-235
SW:2
RR:3
SS:3
FR:2480
ME:7
MA:271
KE:9
KA:270
DF_END

Data arrived...
DF_BEGIN
IQ:0,0,11,-61,-166
IQ:1,8,11,-163,64
IQ:2,16,11,85,155
IQ:3,24,11,153,-102
IQ:4,32,11,-118,-136
IQ:5,40,11,-129,128
IQ:6,48,11,132,109
IQ:7,56,11,99,-153
IQ:8,72,12,12,206
IQ:9,80,255,138,-16
IQ:10,88,1,-169,-141
IQ:11,96,255,-144,99
IQ:12,104,2,71,8
IQ:13,112,255,62,-114
IQ:14,120,10,-30,-146
IQ:15,128,255,-94,-6
IQ:16,136,3,62,-34
IQ:17,144,255,7,-124
IQ:18,152,9,-86,-117
IQ:19,160,255,-60,38
IQ:20,168,4,80,-82
IQ:21,176,255,-27,-146
IQ:22,184,8,-54,-76
IQ:23,192,255,-10,76
IQ:24,200,7,201,2
IQ:25,208,255,38,-173
IQ:26,216,6,-100,-4
IQ:27,224,255,7,65
IQ:28,232,5,27,-101
IQ:29,240,255,-135,-69
IQ:30,248,12,-193,87
IQ:31,256,255,61,116
IQ:32,264,1,59,-200
IQ:33,272,255,-144,-98
IQ:34,280,2,17,75
IQ:35,288,255,140,18
SW:2
RR:3
SS:3
FR:2426
ME:13
MA:279
KE:10
KA:271
DF_END

Data arrived...
DF_BEGIN
IQ:0,0,11,93,-147
IQ:1,8,11,-168,-74
IQ:2,16,11,-71,162
IQ:3,24,11,167,50
IQ:4,32,11,31,-182
IQ:5,40,11,-174,-14
IQ:6,48,11,10,181
IQ:7,56,11,181,-16
IQ:8,72,12,-153,147
IQ:9,80,255,95,97
IQ:10,88,1,-8,-208
IQ:11,96,255,-170,-49
IQ:12,104,2,40,68
IQ:13,112,255,125,-32
IQ:14,120,10,99,-111
IQ:15,128,255,-55,-75
IQ:16,136,3,74,20
IQ:17,144,255,96,-82
IQ:18,152,9,49,-132
IQ:19,160,255,-66,-31
IQ:20,168,4,121,20
IQ:21,176,255,95,-107
IQ:22,184,8,16,-97
IQ:23,192,255,-59,40
IQ:24,200,7,135,152
IQ:25,208,255,155,-78
IQ:26,216,6,-65,-76
IQ:27,224,255,-43,48
IQ:28,232,5,91,-39
IQ:29,240,255,-30,-153
IQ:30,248,12,-186,-96
IQ:31,256,255,-61,123
IQ:32,264,1,189,-86
IQ:33,272,255,-26,-174
IQ:34,280,2,-46,67
IQ:35,288,255,76,121
SW:2
RR:3
SS:3
FR:2426
ME:13
MA:276
KE:10
KA:271
DF_END

Data arrived...
DF_BEGIN
IQ:0,0,11,13,178
IQ:1,8,11,172,-49
IQ:2,16,11,-56,-179
IQ:3,24,11,-165,74
IQ:4,32,11,76,162
IQ:5,40,11,149,-101
IQ:6,48,11,-116,-144
IQ:7,56,11,-144,120
IQ:8,72,12,71,-183
IQ:9,80,255,-150,-36
IQ:10,88,1,31,193
IQ:11,96,255,160,-38
IQ:12,104,2,-140,-148
IQ:13,112,255,-192,105
IQ:14,120,10,-47,143
IQ:15,128,255,89,3
IQ:16,136,3,-97,-86
IQ:17,144,255,-125,104
IQ:18,152,9,34,178
IQ:19,160,255,92,-24
IQ:20,168,4,-141,20
IQ:21,176,255,-40,175
IQ:22,184,8,55,155
IQ:23,192,255,74,-63
IQ:24,200,7,-184,-73
IQ:25,208,255,-66,153
IQ:26,216,6,122,8
IQ:27,224,255,-26,-96
IQ:28,232,5,-136,122
IQ:29,240,255,108,170
IQ:30,248,12,193,-17
IQ:31,256,255,-41,-148
IQ:32,264,1,-164,109
IQ:33,272,255,97,123
IQ:34,280,2,71,-186
IQ:35,288,255,-190,-135
SW:2
RR:3
SS:3
FR:2402
ME:10
MA:268
KE:10
KA:271
DF_END

Data arrived...
DF_BEGIN
IQ:0,0,11,-139,-117
IQ:1,8,11,-116,152
IQ:2,16,11,155,95
IQ:3,24,11,80,-167
IQ:4,32,11,-174,-58
IQ:5,40,11,-40,178
IQ:6,48,11,182,14
IQ:7,56,11,2,-182
IQ:8,72,12,124,185
IQ:9,80,255,118,-120
IQ:10,88,1,-202,-111
IQ:11,96,255,-67,177
IQ:12,104,2,219,-19
IQ:13,112,255,3,-261
IQ:14,120,10,-225,-190
IQ:15,128,255,-113,114
IQ:16,136,3,175,-113
IQ:17,144,255,-57,-245
IQ:18,152,9,-194,-97
IQ:19,160,255,-31,76
IQ:20,168,4,117,-201
IQ:21,176,255,-172,-199
IQ:22,184,8,-232,-41
IQ:23,192,255,34,147
IQ:24,200,7,242,-143
IQ:25,208,255,-91,-198
IQ:26,216,6,-48,128
IQ:27,224,255,161,-4
IQ:28,232,5,15,-265
IQ:29,240,255,-262,-52
IQ:30,248,12,-128,176
IQ:31,256,255,152,58
IQ:32,264,1,-14,-227
IQ:33,272,255,-192,30
IQ:34,280,2,112,195
IQ:35,288,255,249,-68
SW:2
RR:3
SS:3
FR:2480
ME:7
MA:271
KE:10
KA:271
DF_END

Data arrived...
DF_BEGIN
IQ:0,0,11,-76,-174
IQ:1,8,11,-162,94
IQ:2,16,11,104,145
IQ:3,24,11,133,-123
IQ:4,32,11,-149,-118
IQ:5,40,11,-121,144
IQ:6,48,11,148,104
IQ:7,56,11,86,-163
IQ:8,72,12,37,216
IQ:9,80,255,153,-57
IQ:10,88,1,-162,-165
IQ:11,96,255,-124,144
IQ:12,104,2,218,72
IQ:13,112,255,130,-236
IQ:14,120,10,-125,-266
IQ:15,128,255,-141,74
IQ:16,136,3,213,-22
IQ:17,144,255,62,-241
IQ:18,152,9,-119,-180
IQ:19,160,255,-57,53
IQ:20,168,4,207,-125
IQ:21,176,255,-72,-249
IQ:22,184,8,-208,-125
IQ:23,192,255,-43,144
IQ:24,200,7,270,-59
IQ:25,208,255,-14,-221
IQ:26,216,6,-112,88
IQ:27,224,255,139,75
IQ:28,232,5,138,-221
IQ:29,240,255,-222,-165
IQ:30,248,12,-186,109
IQ:31,256,255,112,115
IQ:32,264,1,101,-210
IQ:33,272,255,-174,-68
IQ:34,280,2,23,224
IQ:35,288,255,249,52
SW:2
RR:3
SS:3
FR:2480
ME:10
MA:268
KE:10
KA:270
DF_END

Data arrived...
DF_BEGIN
IQ:0,0,11,-57,-170
IQ:1,8,11,-168,74
IQ:2,16,11,94,162
IQ:3,24,11,142,-107
IQ:4,32,11,-123,-127
IQ:5,40,11,-130,125
IQ:6,48,11,138,114
IQ:7,56,11,99,-150
IQ:8,72,12,17,204
IQ:9,80,255,133,-20
IQ:10,88,1,-166,-127
IQ:11,96,255,-143,113
IQ:12,104,2,79,9
IQ:13,112,255,61,-114
IQ:14,120,10,-38,-144
IQ:15,128,255,-94,1
IQ:16,136,3,58,-44
IQ:17,144,255,10,-130
IQ:18,152,9,-79,-128
IQ:19,160,255,-69,24
IQ:20,168,4,87,-82
IQ:21,176,255,-34,-139
IQ:22,184,8,-72,-75
IQ:23,192,255,-15,66
IQ:24,200,7,205,4
IQ:25,208,255,26,-172
IQ:26,216,6,-100,4
IQ:27,224,255,9,62
IQ:28,232,5,25,-99
IQ:29,240,255,-142,-70
IQ:30,248,12,-189,92
IQ:31,256,255,78,108
IQ:32,264,1,22,-209
IQ:33,272,255,-164,-74
IQ:34,280,2,16,76
IQ:35,288,255,139,17
SW:2
RR:3
SS:3
FR:2426
ME:13
MA:276
KE:10
KA:271
DF_END

Data arrived...
DF_BEGIN
IQ:0,0,11,43,180
IQ:1,8,11,165,-59
IQ:2,16,11,-84,-161
IQ:3,24,11,-152,89
IQ:4,32,11,108,144
IQ:5,40,11,141,-118
IQ:6,48,11,-133,-135
IQ:7,56,11,-126,128
IQ:8,72,12,12,-185
IQ:9,80,255,-149,14
IQ:10,88,1,85,179
IQ:11,96,255,157,-68
IQ:12,104,2,-160,-129
IQ:13,112,255,-175,133
IQ:14,120,10,-24,147
IQ:15,128,255,89,-4
IQ:16,136,3,-95,-83
IQ:17,144,255,-114,115
IQ:18,152,9,66,155
IQ:19,160,255,89,-41
IQ:20,168,4,-142,29
IQ:21,176,255,-15,175
IQ:22,184,8,61,141
IQ:23,192,255,60,-71
IQ:24,200,7,-193,-41
IQ:25,208,255,-52,163
IQ:26,216,6,116,-10
IQ:27,224,255,-44,-94
IQ:28,232,5,-113,135
IQ:29,240,255,125,153
IQ:30,248,12,192,-47
IQ:31,256,255,-61,-139
IQ:32,264,1,-148,131
IQ:33,272,255,115,112
IQ:34,280,2,50,-197
IQ:35,288,255,-207,-108
SW:2
RR:3
SS:3
FR:2402
ME:10
MA:268
KE:10
KA:271
DF_END

Data arrived...
DF_BEGIN
IQ:0,0,11,162,82
IQ:1,8,11,78,-166
IQ:2,16,11,-171,-53
IQ:3,24,11,-37,181
IQ:4,32,11,176,24
IQ:5,40,11,-3,-174
IQ:6,48,11,-187,2
IQ:7,56,11,21,173
IQ:8,72,12,-116,-161
IQ:9,80,255,-127,92
IQ:10,88,1,164,92
IQ:11,96,255,59,-148
IQ:12,104,2,-200,41
IQ:13,112,255,-6,218
IQ:14,120,10,95,116
IQ:15,128,255,49,-78
IQ:16,136,3,-125,19
IQ:17,144,255,12,161
IQ:18,152,9,157,68
IQ:19,160,255,37,-85
IQ:20,168,4,-61,126
IQ:21,176,255,114,145
IQ:22,184,8,146,60
IQ:23,192,255,-3,-101
IQ:24,200,7,-171,96
IQ:25,208,255,82,144
IQ:26,216,6,79,-98
IQ:27,224,255,-92,-30
IQ:28,232,5,15,176
IQ:29,240,255,204,15
IQ:30,248,12,95,-167
IQ:31,256,255,-144,-59
IQ:32,264,1,-14,197
IQ:33,272,255,158,3
IQ:34,280,2,-114,-170
IQ:35,288,255,-225,75
SW:2
RR:3
SS:3
FR:2402
ME:10
MA:271
KE:10
KA:271
DF_END

Data arrived...
DF_BEGIN
IQ:0,0,11,-123,-146
IQ:1,8,11,-134,126
IQ:2,16,11,144,120
IQ:3,24,11,112,-151
IQ:4,32,11,-156,-106
IQ:5,40,11,-89,162
IQ:6,48,11,173,56
IQ:7,56,11,44,-182
IQ:8,72,12,80,209
IQ:9,80,255,137,-94
IQ:10,88,1,-184,-143
IQ:11,96,255,-93,161
IQ:12,104,2,231,17
IQ:13,112,255,60,-262
IQ:14,120,10,-185,-229
IQ:15,128,255,-126,102
IQ:16,136,3,208,-59
IQ:17,144,255,-3,-264
IQ:18,152,9,-167,-131
IQ:19,160,255,-36,67
IQ:20,168,4,174,-175
IQ:21,176,255,-131,-236
IQ:22,184,8,-224,-64
IQ:23,192,255,0,159
IQ:24,200,7,276,-94
IQ:25,208,255,-56,-216
IQ:26,216,6,-88,107
IQ:27,224,255,152,38
IQ:28,232,5,73,-262
IQ:29,240,255,-239,-135
IQ:30,248,12,-163,147
IQ:31,256,255,133,97
IQ:32,264,1,40,-222
IQ:33,272,255,-198,-22
IQ:34,280,2,49,218
IQ:35,288,255,259,5
SW:2
RR:3
SS:3
FR:2480
ME:10
MA:265
KE:10
KA:270
DF_END

Data arrived...
DF_BEGIN
IQ:0,0,11,167,-67
IQ:1,8,11,-92,-142
IQ:2,16,11,-142,109
IQ:3,24,11,117,130
IQ:4,32,11,127,-131
IQ:5,40,11,-136,-113
IQ:6,48,11,-91,149
IQ:7,56,11,161,79
IQ:8,72,12,-209,35
IQ:9,80,255,18,126
IQ:10,88,1,97,-179
IQ:11,96,255,-123,-127
IQ:12,104,2,0,77
IQ:13,112,255,120,44
IQ:14,120,10,144,-44
IQ:15,128,255,0,-95
IQ:16,136,3,48,59
IQ:17,144,255,118,-6
IQ:18,152,9,109,-92
IQ:19,160,255,-31,-67
IQ:20,168,4,94,74
IQ:21,176,255,133,-42
IQ:22,184,8,67,-72
IQ:23,192,255,-67,-5
IQ:24,200,7,16,202
IQ:25,208,255,172,26
IQ:26,216,6,-17,-90
IQ:27,224,255,-65,22
IQ:28,232,5,96,1
IQ:29,240,255,49,-144
IQ:30,248,12,-105,-187
IQ:31,256,255,-113,69
IQ:32,264,1,195,34
IQ:33,272,255,62,-161
IQ:34,280,2,-71,29
IQ:35,288,255,7,146
SW:2
RR:3
SS:3
FR:2426
ME:13
MA:273
KE:10
KA:270
DF_END

Data arrived...
DF_BEGIN
IQ:0,0,11,159,75
IQ:1,8,11,44,-169
IQ:2,16,11,-179,-34
IQ:3,24,11,-19,176
IQ:4,32,11,179,-8
IQ:5,40,11,-17,-183
IQ:6,48,11,-179,34
IQ:7,56,11,38,174
IQ:8,72,12,-153,-127
IQ:9,80,255,-88,110
IQ:10,88,1,203,-33
IQ:11,96,255,28,-176
IQ:12,104,2,-60,46
IQ:13,112,255,39,119
IQ:14,120,10,127,77
IQ:15,128,255,66,-61
IQ:16,136,3,-8,74
IQ:17,144,255,83,95
IQ:18,152,9,131,31
IQ:19,160,255,24,-71
IQ:20,168,4,1,116
IQ:21,176,255,125,69
IQ:22,184,8,93,10
IQ:23,192,255,-37,-56
IQ:24,200,7,-120,153
IQ:25,208,255,113,126
IQ:26,216,6,61,-78
IQ:27,224,255,-48,-39
IQ:28,232,5,60,82
IQ:29,240,255,145,-52
IQ:30,248,12,68,-203
IQ:31,256,255,-129,-37
IQ:32,264,1,113,167
IQ:33,272,255,168,-61
IQ:34,280,2,-66,-44
IQ:35,288,255,-113,85
SW:2
RR:3
SS:3
FR:2426
ME:13
MA:276
KE:10
KA:271
DF_END

Data arrived...
DF_BEGIN
IQ:0,0,11,-89,160
IQ:1,8,11,168,85
IQ:2,16,11,75,-164
IQ:3,24,11,-171,-47
IQ:4,32,11,-25,177
IQ:5,40,11,182,10
IQ:6,48,11,17,-183
IQ:7,56,11,-169,-1
IQ:8,72,12,150,-123
IQ:9,80,255,-101,-119
IQ:10,88,1,-104,169
IQ:11,96,255,146,77
IQ:12,104,2,-20,-203
IQ:13,112,255,-220,-36
IQ:14,120,10,-127,91
IQ:15,128,255,67,64
IQ:16,136,3,-9,-132
IQ:17,144,255,-166,-6
IQ:18,152,9,-83,156
IQ:19,160,255,78,44
IQ:20,168,4,-118,-64
IQ:21,176,255,-137,111
IQ:22,184,8,-42,150
IQ:23,192,255,104,4
IQ:24,200,7,-93,-181
IQ:25,208,255,-160,67
IQ:26,216,6,87,87
IQ:27,224,255,44,-96
IQ:28,232,5,-182,5
IQ:29,240,255,-30,204
IQ:30,248,12,163,108
IQ:31,256,255,62,-134
IQ:32,264,1,-198,-7
IQ:33,272,255,-14,170
IQ:34,280,2,181,-87
IQ:35,288,255,-43,-237
SW:2
RR:3
SS:3
FR:2402
ME:10
MA:268
KE:10
KA:270
DF_END

Data arrived...
DF_BEGIN
IQ:0,0,11,82,165
IQ:1,8,11,146,-107
IQ:2,16,11,-122,-133
IQ:3,24,11,-114,144
IQ:4,32,11,142,113
IQ:5,40,11,91,-153
IQ:6,48,11,-173,-71
IQ:7,56,11,-67,173
IQ:8,72,12,-68,-214
IQ:9,80,255,-153,62
IQ:10,88,1,159,159
IQ:11,96,255,123,-139
IQ:12,104,2,-225,-39
IQ:13,112,255,-85,246
IQ:14,120,10,172,240
IQ:15,128,255,140,-88
IQ:16,136,3,-192,46
IQ:17,144,255,-15,256
IQ:18,152,9,132,165
IQ:19,160,255,47,-55
IQ:20,168,4,-171,154
IQ:21,176,255,113,242
IQ:22,184,8,212,97
IQ:23,192,255,17,-146