IQ:13,112,255,-108,17
IQ:14,120,10,15,81
IQ:15,128,255,120,-8
IQ:16,136,3,79,-79
IQ:17,144,255,-85,-53
IQ:18,152,9,-60,92
IQ:19,160,255,76,6
IQ:20,168,4,-50,-137
IQ:21,176,255,-118,48
IQ:22,184,8,69,125
IQ:23,192,255,103,-77
IQ:24,200,7,-131,-100
IQ:25,208,255,-104,110
IQ:26,216,6,91,61
IQ:27,224,255,35,-93
IQ:28,232,5,-119,13
IQ:29,240,255,27,114
IQ:30,248,12,143,-87
IQ:31,256,255,-44,-141
IQ:32,264,1,-92,58
IQ:33,272,255,53,98
IQ:34,280,2,54,-72
IQ:35,288,255,-120,-71
SW:2
RR:3
SS:3
FR:2402
ME:5
MA:353
KE:4
KA:355
DF_END

Data arrived...
DF_BEGIN
IQ:0,0,11,-196,7
IQ:1,8,11,32,180
IQ:2,16,11,177,-49
IQ:3,24,11,-86,-183
IQ:4,32,11,-172,85
IQ:5,40,11,107,167
IQ:6,48,11,144,-114
IQ:7,56,11,-153,-126
IQ:8,72,12,234,37
IQ:9,80,255,84,-195
IQ:10,88,1,-151,0
IQ:11,96,255,-13,155
IQ:12,104,2,87,9
IQ:13,112,255,11,-122
IQ:14,120,10,-31,18
IQ:15,128,255,26,133
IQ:16,136,3,110,203
IQ:17,144,255,102,-187
IQ:18,152,9,-306,-205
IQ:19,160,255,-125,193
IQ:20,168,4,303,-64
IQ:21,176,255,-64,-252
IQ:22,184,8,-351,115
IQ:23,192,255,88,261
IQ:24,200,7,128,-239
IQ:25,208,255,-212,-161
IQ:26,216,6,-100,115
IQ:27,224,255,121,50
IQ:28,232,5,7,-251
IQ:29,240,255,-208,10
IQ:30,248,12,133,190
IQ:31,256,255,196,-87
IQ:32,264,1,-117,-100
IQ:33,272,255,-122,107
IQ:34,280,2,53,64
IQ:35,288,255,75,-100
SW:2
RR:3
SS:3
FR:2480
ME:5
MA:5
KE:4
KA:356
DF_END

Data arrived...
DF_BEGIN
IQ:0,0,11,-134,80
IQ:1,8,11,95,126
IQ:2,16,11,120,-104
IQ:3,24,11,-110,-107
IQ:4,32,11,-83,122
IQ:5,40,11,143,64
IQ:6,48,11,59,-139
IQ:7,56,11,-150,-36
IQ:8,72,12,82,-51
IQ:9,80,255,-44,-93
IQ:10,88,1,-83,72
IQ:11,96,255,61,88
IQ:12,104,2,85,-67
IQ:13,112,255,-45,-106
IQ:14,120,10,-26,-13
IQ:15,128,255,34,40
IQ:16,136,3,96,15
IQ:17,144,255,-21,-73
IQ:18,152,9,-125,62
IQ:19,160,255,71,104
IQ:20,168,4,115,-96
IQ:21,176,255,-76,-83
IQ:22,184,8,-36,171
IQ:23,192,255,138,33
IQ:24,200,7,-47,-162
IQ:25,208,255,-168,17
IQ:26,216,6,-14,90
IQ:27,224,255,61,-12
IQ:28,232,5,-69,-40
IQ:29,240,255,-44,104
IQ:30,248,12,81,23
IQ:31,256,255,52,-109
IQ:32,264,1,-85,-5
IQ:33,272,255,-38,136
IQ:34,280,2,92,-11
IQ:35,288,255,37,-136
SW:2
RR:3
SS:3
FR:2426
ME:5
MA:353
KE:4
KA:356
DF_END

Data arrived...
DF_BEGIN
IQ:0,0,11,154,-36
IQ:1,8,11,-52,-151
IQ:2,16,11,-146,64
IQ:3,24,11,79,144
IQ:4,32,11,125,-96
IQ:5,40,11,-112,-115
IQ:6,48,11,-109,106
IQ:7,56,11,120,95
IQ:8,72,12,-102,13
IQ:9,80,255,2,103
IQ:10,88,1,103,-26
IQ:11,96,255,-17,-119
IQ:12,104,2,-107,23
IQ:13,112,255,-2,108
IQ:14,120,10,22,19
IQ:15,128,255,-19,-57
IQ:16,136,3,-85,-39
IQ:17,144,255,-3,77
IQ:18,152,9,138,-9
IQ:19,160,255,-26,-115
IQ:20,168,4,-139,51
IQ:21,176,255,40,97
IQ:22,184,8,106,-140
IQ:23,192,255,-116,-94
IQ:24,200,7,-20,161
IQ:25,208,255,162,43
IQ:26,216,6,41,-89
IQ:27,224,255,-61,-14
IQ:28,232,5,66,72
IQ:29,240,255,84,-53
IQ:30,248,12,-77,-62
IQ:31,256,255,-73,76
IQ:32,264,1,95,62
IQ:33,272,255,71,-94
IQ:34,280,2,-89,-57
IQ:35,288,255,-53,115
SW:2
RR:3
SS:3
FR:2426
ME:2
MA:353
KE:4
KA:356
DF_END

Data arrived...
DF_BEGIN
IQ:0,0,11,-55,-182
IQ:1,8,11,-169,83
IQ:2,16,11,90,160
IQ:3,24,11,149,-113
IQ:4,32,11,-120,-145
IQ:5,40,11,-130,136
IQ:6,48,11,144,117
IQ:7,56,11,98,-152
IQ:8,72,12,11,158
IQ:9,80,255,143,16
IQ:10,88,1,-28,-109
IQ:11,96,255,-109,14
IQ:12,104,2,42,72
IQ:13,112,255,97,-50
IQ:14,120,10,-45,-73
IQ:15,128,255,-118,35
IQ:16,136,3,-62,100
IQ:17,144,255,95,40
IQ:18,152,9,33,-101
IQ:19,160,255,-72,13
IQ:20,168,4,87,110
IQ:21,176,255,102,-86
IQ:22,184,8,-103,-102
IQ:23,192,255,-76,107
IQ:24,200,7,156,48
IQ:25,208,255,55,-138
IQ:26,216,6,-107,-40
IQ:27,224,255,-6,93
IQ:28,232,5,110,-42
IQ:29,240,255,-54,-104
IQ:30,248,12,-113,109
IQ:31,256,255,74,119
IQ:32,264,1,73,-82
IQ:33,272,255,-83,-75
IQ:34,280,2,-26,86
IQ:35,288,255,131,19
SW:2
RR:3
SS:3
FR:2402
ME:5
MA:353
KE:4
KA:355
DF_END

Data arrived...
DF_BEGIN
IQ:0,0,11,-119,-143
IQ:1,8,11,-133,131
IQ:2,16,11,151,121
IQ:3,24,11,93,-163
IQ:4,32,11,-167,-84
IQ:5,40,11,-60,172
IQ:6,48,11,181,34
IQ:7,56,11,29,-191
IQ:8,72,12,105,211
IQ:9,80,255,193,-57
IQ:10,88,1,-89,-111
IQ:11,96,255,-143,70
IQ:12,104,2,47,73
IQ:13,112,255,97,-60
IQ:14,120,10,-30,-9
IQ:15,128,255,-86,102
IQ:16,136,3,-71,207
IQ:17,144,255,199,-33
IQ:18,152,9,-26,-376
IQ:19,160,255,-243,25
IQ:20,168,4,253,192
IQ:21,176,255,174,-207
IQ:22,184,8,-324,-171
IQ:23,192,255,-128,260
IQ:24,200,7,282,-33
IQ:25,208,255,23,-272
IQ:26,216,6,-153,-10
IQ:27,224,255,54,116
IQ:28,232,5,181,-162
IQ:29,240,255,-138,-156
IQ:30,248,12,-63,219
IQ:31,256,255,188,110
IQ:32,264,1,21,-136
IQ:33,272,255,-147,-44
IQ:34,280,2,-22,90
IQ:35,288,255,126,-7
SW:2
RR:3
SS:3
FR:2480
ME:5
MA:5
KE:4
KA:356
DF_END

Data arrived...
DF_BEGIN
IQ:0,0,11,152,46
IQ:1,8,11,32,-150
IQ:2,16,11,-154,-14
IQ:3,24,11,-1,147
IQ:4,32,11,149,-24
IQ:5,40,11,-43,-146
IQ:6,48,11,-145,45
IQ:7,56,11,70,142
IQ:8,72,12,-96,-32
IQ:9,80,255,-39,99
IQ:10,88,1,113,13
IQ:11,96,255,29,-111
IQ:12,104,2,-103,-24
IQ:13,112,255,-48,97
IQ:14,120,10,12,28
IQ:15,128,255,15,-55
IQ:16,136,3,-49,-72
IQ:17,144,255,-35,73
IQ:18,152,9,128,52
IQ:19,160,255,34,-109
IQ:20,168,4,-152,-31
IQ:21,176,255,-16,109
IQ:22,184,8,153,-77
IQ:23,192,255,-69,-127
IQ:24,200,7,-92,142
IQ:25,208,255,116,123
IQ:26,216,6,74,-63
IQ:27,224,255,-54,-41
IQ:28,232,5,27,82
IQ:29,240,255,90,-14
IQ:30,248,12,-42,-88
IQ:31,256,255,-96,27
IQ:32,264,1,59,87
IQ:33,272,255,94,-49
IQ:34,280,2,-59,-87
IQ:35,288,255,-97,79
SW:2
RR:3
SS:3
FR:2426
ME:2
MA:353
KE:4
KA:356
DF_END

Data arrived...
DF_BEGIN
IQ:0,0,11,-143,-40
IQ:1,8,11,-27,156
IQ:2,16,11,151,11
IQ:3,24,11,-8,-151
IQ:4,32,11,-152,31
IQ:5,40,11,47,144
IQ:6,48,11,140,-65
IQ:7,56,11,-81,-127
IQ:8,72,12,94,26
IQ:9,80,255,31,-100
IQ:10,88,1,-113,-15
IQ:11,96,255,-28,107
IQ:12,104,2,99,22
IQ:13,112,255,41,-99
IQ:14,120,10,-10,-17
IQ:15,128,255,-8,57
IQ:16,136,3,40,69
IQ:17,144,255,34,-67
IQ:18,152,9,-113,-48
IQ:19,160,255,-28,113
IQ:20,168,4,139,13
IQ:21,176,255,-5,-116
IQ:22,184,8,-154,66
IQ:23,192,255,62,128
IQ:24,200,7,102,-127
IQ:25,208,255,-113,-112
IQ:26,216,6,-61,58
IQ:27,224,255,46,39
IQ:28,232,5,-24,-87
IQ:29,240,255,-90,15
IQ:30,248,12,39,96
IQ:31,256,255,95,-35
IQ:32,264,1,-65,-93
IQ:33,272,255,-104,54
IQ:34,280,2,58,89
IQ:35,288,255,95,-83
SW:2
RR:3
SS:3
FR:2426
ME:5
MA:356
KE:4
KA:356
DF_END

Data arrived...
DF_BEGIN
IQ:0,0,11,185,-22
IQ:1,8,11,-38,-179
IQ:2,16,11,-180,56
IQ:3,24,11,73,172
IQ:4,32,11,167,-86
IQ:5,40,11,-105,-155
IQ:6,48,11,-145,121
IQ:7,56,11,132,131
IQ:8,72,12,-156,-12
IQ:9,80,255,-45,143
IQ:10,88,1,115,5
IQ:11,96,255,9,-118
IQ:12,104,2,-86,30
IQ:13,112,255,25,100
IQ:14,120,10,81,-36
IQ:15,128,255,-20,-119
IQ:16,136,3,-93,-74
IQ:17,144,255,-43,91
IQ:18,152,9,99,43
IQ:19,160,255,-4,-81
IQ:20,168,4,-132,65
IQ:21,176,255,58,119
IQ:22,184,8,120,-87
IQ:23,192,255,-87,-98
IQ:24,200,7,-82,136
IQ:25,208,255,133,75
IQ:26,216,6,54,-97
IQ:27,224,255,-95,-34
IQ:28,232,5,24,122
IQ:29,240,255,117,-31
IQ:30,248,12,-96,-132
IQ:31,256,255,-135,59
IQ:32,264,1,69,81
IQ:33,272,255,90,-70
IQ:34,280,2,-79,-43
IQ:35,288,255,-53,122
SW:2
RR:3
SS:3
FR:2402
ME:5
MA:353
KE:4
KA:355
DF_END

Data arrived...
DF_BEGIN
IQ:0,0,11,82,-128
IQ:1,8,11,-146,-53
IQ:2,16,11,-45,152
IQ:3,24,11,147,17
IQ:4,32,11,11,-152
IQ:5,40,11,-156,3
IQ:6,48,11,18,157
IQ:7,56,11,157,-21
IQ:8,72,12,-50,77
IQ:9,80,255,84,55
IQ:10,88,1,46,-96
IQ:11,96,255,-102,-55
IQ:12,104,2,-40,96
IQ:13,112,255,83,68
IQ:14,120,10,24,-4
IQ:15,128,255,-49,-31
IQ:16,136,3,-82,30
IQ:17,144,255,61,52
IQ:18,152,9,88,-100
IQ:19,160,255,-105,-68
IQ:20,168,4,-60,138
IQ:21,176,255,113,35
IQ:22,184,8,-32,-164
IQ:23,192,255,-139,25
IQ:24,200,7,110,118
IQ:25,208,255,141,-85
IQ:26,216,6,-31,-90
IQ:27,224,255,-48,30
IQ:28,232,5,87,-1
IQ:29,240,255,15,-96
IQ:30,248,12,-97,15
IQ:31,256,255,8,96
IQ:32,264,1,98,-37
IQ:33,272,255,-18,-114
IQ:34,280,2,-95,31
IQ:35,288,255,53,114
SW:2
RR:3
SS:3
FR:2426
ME:2
MA:353
KE:4
KA:355
DF_END

Data arrived...
DF_BEGIN
IQ:0,0,11,-198,8
IQ:1,8,11,32,185
IQ:2,16,11,194,-56
IQ:3,24,11,-65,-183
IQ:4,32,11,-178,79
IQ:5,40,11,96,160
IQ:6,48,11,160,-104
IQ:7,56,11,-121,-153
IQ:8,72,12,151,40
IQ:9,80,255,55,-139
IQ:10,88,1,-114,-10
IQ:11,96,255,-14,115
IQ:12,104,2,91,-23
IQ:13,112,255,-21,-110
IQ:14,120,10,-83,10
IQ:15,128,255,12,133
IQ:16,136,3,95,79
IQ:17,144,255,52,-96
IQ:18,152,9,-109,-55
IQ:19,160,255,-2,81
IQ:20,168,4,137,-68
IQ:21,176,255,-67,-130
IQ:22,184,8,-132,79
IQ:23,192,255,85,112
IQ:24,200,7,95,-137
IQ:25,208,255,-129,-95
IQ:26,216,6,-68,94
IQ:27,224,255,99,34
IQ:28,232,5,-14,-127
IQ:29,240,255,-124,20
IQ:30,248,12,80,138
IQ:31,256,255,141,-58
IQ:32,264,1,-61,-91
IQ:33,272,255,-97,71
IQ:34,280,2,75,55
IQ:35,288,255,65,-121
SW:2
RR:3
SS:3
FR:2402
ME:2
MA:353
KE:3
KA:355
DF_END

Data arrived...
DF_BEGIN
IQ:0,0,11,-170,-88
IQ:1,8,11,-63,175
IQ:2,16,11,181,45
IQ:3,24,11,40,-183
IQ:4,32,11,-187,-14
IQ:5,40,11,18,189
IQ:6,48,11,186,-24
IQ:7,56,11,-54,-173
IQ:8,72,12,126,91
IQ:9,80,255,109,-106
IQ:10,88,1,-103,-64
IQ:11,96,255,-66,97
IQ:12,104,2,91,23
IQ:13,112,255,31,-104
IQ:14,120,10,-84,-9
IQ:15,128,255,-38,122
IQ:16,136,3,42,116
IQ:17,144,255,84,-57
IQ:18,152,9,-69,-89
IQ:19,160,255,-31,71
IQ:20,168,4,149,1
IQ:21,176,255,1,-141
IQ:22,184,8,-151,7
IQ:23,192,255,28,131
IQ:24,200,7,132,-90
IQ:25,208,255,-69,-141
IQ:26,216,6,-100,54
IQ:27,224,255,69,66
IQ:28,232,5,39,-115
IQ:29,240,255,-112,-41
IQ:30,248,12,14,157
IQ:31,256,255,146,24
IQ:32,264,1,-26,-112
IQ:33,272,255,-114,20
IQ:34,280,2,46,79
IQ:35,288,255,107,-85
SW:2
RR:3
SS:3
FR:2402
ME:5
MA:353
KE:3
KA:354
DF_END

Data arrived...
DF_BEGIN
IQ:0,0,11,-140,123
IQ:1,8,11,145,130
IQ:2,16,11,125,-152
IQ:3,24,11,-159,-99
IQ:4,32,11,-79,182
IQ:5,40,11,175,73
IQ:6,48,11,50,-186
IQ:7,56,11,-191,-10
IQ:8,72,12,185,-120
IQ:9,80,255,-71,-193
IQ:10,88,1,-118,92
IQ:11,96,255,84,139
IQ:12,104,2,77,-58
IQ:13,112,255,-78,-99
IQ:14,120,10,-16,36
IQ:15,128,255,107,88
IQ:16,136,3,208,66
IQ:17,144,255,-27,-210
IQ:18,152,9,-379,18
IQ:19,160,255,20,225
IQ:20,168,4,205,-250
IQ:21,176,255,-225,-152
IQ:22,184,8,-170,313
IQ:23,192,255,227,127
IQ:24,200,7,-45,-278
IQ:25,208,255,-274,0
IQ:26,216,6,-14,153
IQ:27,224,255,128,-44
IQ:28,232,5,-167,-190
IQ:29,240,255,-158,131
IQ:30,248,12,231,68
IQ:31,256,255,119,-176
IQ:32,264,1,-139,-9
IQ:33,272,255,-37,161
IQ:34,280,2,92,17
IQ:35,288,255,-9,-137
SW:2
RR:3
SS:3
FR:2480
ME:5
MA:5
KE:4
KA:355
DF_END

Data arrived...
DF_BEGIN
IQ:0,0,11,-137,71
IQ:1,8,11,86,118
IQ:2,16,11,121,-113
IQ:3,24,11,-119,-116
IQ:4,32,11,-96,119
IQ:5,40,11,136,72
IQ:6,48,11,45,-158
IQ:7,56,11,-151,-60
IQ:8,72,12,169,-63
IQ:9,80,255,-26,-178
IQ:10,88,1,-108,52
IQ:11,96,255,36,115
IQ:12,104,2,67,-44
IQ:13,112,255,-20,-107
IQ:14,120,10,-10,17
IQ:15,128,255,66,79
IQ:16,136,3,155,77
IQ:17,144,255,12,-175
IQ:18,152,9,-296,-82
IQ:19,160,255,-39,171
IQ:20,168,4,201,-158
IQ:21,176,255,-141,-178
IQ:22,184,8,-185,217
IQ:23,192,255,163,142
IQ:24,200,7,18,-228
IQ:25,208,255,-218,-53
IQ:26,216,6,-25,116
IQ:27,224,255,112,-38
IQ:28,232,5,-110,-177
IQ:29,240,255,-162,74
IQ:30,248,12,156,81
IQ:31,256,255,124,-146
IQ:32,264,1,-109,-40
IQ:33,272,255,-57,101
IQ:34,280,2,74,20
IQ:35,288,255,14,-116
SW:2
RR:3
SS:3
FR:2480
ME:5
MA:5
KE:4
KA:356
DF_END

Data arrived...
DF_BEGIN
IQ:0,0,11,-7,-154
IQ:1,8,11,-150,29
IQ:2,16,11,39,150
IQ:3,24,11,128,-61
IQ:4,32,11,-76,-129
IQ:5,40,11,-125,83
IQ:6,48,11,107,114
IQ:7,56,11,110,-109
IQ:8,72,12,10,88
IQ:9,80,255,114,5
IQ:10,88,1,-15,-106
IQ:11,96,255,-108,3
IQ:12,104,2,18,100
IQ:13,112,255,104,15
IQ:14,120,10,20,-17
IQ:15,128,255,-55,1
IQ:16,136,3,-52,64
IQ:17,144,255,78,2
IQ:18,152,9,7,-137
IQ:19,160,255,-125,11
IQ:20,168,4,21,148
IQ:21,176,255,103,-32
IQ:22,184,8,-116,-120
IQ:23,192,255,-99,96
IQ:24,200,7,164,33
IQ:25,208,255,70,-148
IQ:26,216,6,-79,-35
IQ:27,224,255,-15,58
IQ:28,232,5,74,-52
IQ:29,240,255,-38,-84
IQ:30,248,12,-65,68
IQ:31,256,255,70,72
IQ:32,264,1,62,-86
IQ:33,272,255,-88,-79
IQ:34,280,2,-63,77
IQ:35,288,255,103,70
SW:2
RR:3
SS:3
FR:2426
ME:2
MA:353
KE:3
KA:356
DF_END

Data arrived...
DF_BEGIN
IQ:0,0,11,154,37
IQ:1,8,11,28,-151
IQ:2,16,11,-152,-8
IQ:3,24,11,17,146
IQ:4,32,11,160,-37
IQ:5,40,11,-45,-148
IQ:6,48,11,-144,58
IQ:7,56,11,77,134
IQ:8,72,12,-165,-77
IQ:9,80,255,-109,131
IQ:10,88,1,115,33
IQ:11,96,255,49,-129
IQ:12,104,2,-81,-13
IQ:13,112,255,-40,78
IQ:14,120,10,23,-10
IQ:15,128,255,9,-111
IQ:16,136,3,-60,-169
IQ:17,144,255,-107,121
IQ:18,152,9,194,241
IQ:19,160,255,143,-116
IQ:20,168,4,-258,-1
IQ:21,176,255,-15,224
IQ:22,184,8,284,-46
IQ:23,192,255,-45,-230
IQ:24,200,7,-155,164
IQ:25,208,255,126,180
IQ:26,216,6,107,-61
IQ:27,224,255,-90,-59
IQ:28,232,5,-40,188
IQ:29,240,255,166,28
IQ:30,248,12,-83,-170
IQ:31,256,255,-183,16
IQ:32,264,1,62,99
IQ:33,272,255,123,-50
IQ:34,280,2,-39,-70
IQ:35,288,255,-78,75
SW:2
RR:3
SS:3
FR:2480
ME:5
MA:5
KE:3
KA:357
DF_END

Data arrived...
DF_BEGIN
IQ:0,0,11,59,-157
IQ:1,8,11,-135,-51
IQ:2,16,11,-34,161
IQ:3,24,11,153,-1
IQ:4,32,11,-20,-133
IQ:5,40,11,-140,15
IQ:6,48,11,24,152
IQ:7,56,11,149,-68
IQ:8,72,12,-20,87
IQ:9,80,255,69,43
IQ:10,88,1,29,-87
IQ:11,96,255,-117,-52
IQ:12,104,2,-38,100
IQ:13,112,255,75,55
IQ:14,120,10,28,0
IQ:15,128,255,-46,-7
IQ:16,136,3,-88,8
IQ:17,144,255,52,56
IQ:18,152,9,72,-137
IQ:19,160,255,-101,-22
IQ:20,168,4,-51,115
IQ:21,176,255,103,-4
IQ:22,184,8,-54,-131
IQ:23,192,255,-129,57
IQ:24,200,7,122,113
IQ:25,208,255,109,-80
IQ:26,216,6,-59,-53
IQ:27,224,255,-41,17
IQ:28,232,5,76,21
IQ:29,240,255,0,-115
IQ:30,248,12,-78,15
IQ:31,256,255,15,110
IQ:32,264,1,113,-45
IQ:33,272,255,-59,-98
IQ:34,280,2,-83,39
IQ:35,288,255,52,114
SW:2
RR:3
SS:3
FR:2426
ME:2
MA:356
KE:3
KA:357
DF_END

Data arrived...
DF_BEGIN
IQ:0,0,11,-201,-4
IQ:1,8,11,24,182
IQ:2,16,11,189,-56
IQ:3,24,11,-57,-180
IQ:4,32,11,-173,94
IQ:5,40,11,121,150
IQ:6,48,11,153,-137
IQ:7,56,11,-153,-139
IQ:8,72,12,117,-2
IQ:9,80,255,7,-129
IQ:10,88,1,-136,15
IQ:11,96,255,-4,141
IQ:12,104,2,129,-13
IQ:13,112,255,11,-139
IQ:14,120,10,-22,-23
IQ:15,128,255,12,68
IQ:16,136,3,88,64
IQ:17,144,255,16,-102
IQ:18,152,9,-174,-39
IQ:19,160,255,-1,144
IQ:20,168,4,190,-48
IQ:21,176,255,-45,-129
IQ:22,184,8,-155,160
IQ:23,192,255,120,141
IQ:24,200,7,66,-201
IQ:25,208,255,-181,-96
IQ:26,216,6,-64,97
IQ:27,224,255,77,21
IQ:28,232,5,-63,-103
IQ:29,240,255,-107,60
IQ:30,248,12,92,89
IQ:31,256,255,92,-92
IQ:32,264,1,-120,-80
IQ:33,272,255,-107,91
IQ:34,280,2,96,82
IQ:35,288,255,81,-129
SW:2
RR:3
SS:3
FR:2426
ME:5
MA:356
KE:3
KA:357
DF_END

Data arrived...
DF_BEGIN
IQ:0,0,11,142,-28
IQ:1,8,11,-43,-148
IQ:2,16,11,-134,55
IQ:3,24,11,74,124
IQ:4,32,11,118,-90
IQ:5,40,11,-103,-106
IQ:6,48,11,-111,108
IQ:7,56,11,111,94
IQ:8,72,12,-120,1
IQ:9,80,255,-14,118
IQ:10,88,1,86,-10
IQ:11,96,255,-3,-93
IQ:12,104,2,-66,27
IQ:13,112,255,22,82
IQ:14,120,10,59,-27
IQ:15,128,255,-25,-97
IQ:16,136,3,-79,-54
IQ:17,144,255,-34,71
IQ:18,152,9,82,26
IQ:19,160,255,-10,-59
IQ:20,168,4,-94,74
IQ:21,176,255,75,83
IQ:22,184,8,90,-77
IQ:23,192,255,-80,-70
IQ:24,200,7,-40,117
IQ:25,208,255,112,46
IQ:26,216,6,35,-82
IQ:27,224,255,-81,-11
IQ:28,232,5,26,97
IQ:29,240,255,84,-32
IQ:30,248,12,-87,-88
IQ:31,256,255,-107,57
IQ:32,264,1,68,57
IQ:33,272,255,61,-63
IQ:34,280,2,-69,-33
IQ:35,288,255,-38,100
SW:2
RR:3
SS:3
FR:2402
ME:5
MA:353
KE:3
KA:356
DF_END

Data arrived...
DF_BEGIN
IQ:0,0,11,-111,150
IQ:1,8,11,168,86
IQ:2,16,11,71,-180
IQ:3,24,11,-169,-66
IQ:4,32,11,-37,184
IQ:5,40,11,178,21
IQ:6,48,11,-11,-194
IQ:7,56,11,-187,18
IQ:8,72,12,172,-171
IQ:9,80,255,-102,-197
IQ:10,88,1,-96,102
IQ:11,96,255,94,115
IQ:12,104,2,56,-62
IQ:13,112,255,-69,-95
IQ:14,120,10,1,28
IQ:15,128,255,120,59
IQ:16,136,3,222,19
IQ:17,144,255,-82,-195
IQ:18,152,9,-387,97
IQ:19,160,255,52,253
IQ:20,168,4,136,-280
IQ:21,176,255,-253,-111
IQ:22,184,8,-100,364
IQ:23,192,255,270,91
IQ:24,200,7,-91,-256
IQ:25,208,255,-262,56
IQ:26,216,6,30,149
IQ:27,224,255,101,-72
IQ:28,232,5,-192,-143
IQ:29,240,255,-116,154
IQ:30,248,12,228,26
IQ:31,256,255,68,-193
IQ:32,264,1,-137,13
IQ:33,272,255,-4,151
IQ:34,280,2,95,-12
IQ:35,288,255,-35,-128
SW:2
RR:3
SS:3
FR:2480
ME:5
MA:5
KE:4
KA:357
DF_END

Data arrived...
DF_BEGIN
IQ:0,0,11,90,125
IQ:1,8,11,99,-108
IQ:2,16,11,-119,-92
IQ:3,24,11,-82,127
IQ:4,32,11,133,50
IQ:5,40,11,40,-154
IQ:6,48,11,-149,-40
IQ:7,56,11,-17,147
IQ:8,72,12,-49,-75
IQ:9,80,255,-81,61
IQ:10,88,1,77,74
IQ:11,96,255,87,-71
IQ:12,104,2,-65,-78
IQ:13,112,255,-93,53
IQ:14,120,10,-3,28
IQ:15,128,255,38,-33
IQ:16,136,3,-4,-88
IQ:17,144,255,-73,28
IQ:18,152,9,52,112
IQ:19,160,255,96,-76
IQ:20,168,4,-112,-98
IQ:21,176,255,-63,88
IQ:22,184,8,171,19
IQ:23,192,255,25,-145
IQ:24,200,7,-153,58
IQ:25,208,255,39,150
IQ:26,216,6,82,-17
IQ:27,224,255,-27,-66
IQ:28,232,5,-24,86
IQ:29,240,255,81,41
IQ:30,248,12,22,-95
IQ:31,256,255,-93,-26
IQ:32,264,1,6,107
IQ:33,272,255,111,17
IQ:34,280,2,8,-101
IQ:35,288,255,-126,9
SW:2
RR:3
SS:3
FR:2426
ME:2
MA:353
KE:3
KA:357
DF_END

Data arrived...
DF_BEGIN
IQ:0,0,11,-129,151
IQ:1,8,11,161,100
IQ:2,16,11,70,-167
IQ:3,24,11,-185,-52
IQ:4,32,11,-23,188
IQ:5,40,11,197,15
IQ:6,48,11,3,-196
IQ:7,56,11,-188,25
IQ:8,72,12,114,-110
IQ:9,80,255,-90,-122
IQ:10,88,1,-72,86
IQ:11,96,255,79,87
IQ:12,104,2,40,-85
IQ:13,112,255,-99,-50
IQ:14,120,10,-42,83
IQ:15,128,255,110,62
IQ:16,136,3,125,-