IQ:18,152,9,135,105
IQ:19,160,255,130,-151
IQ:20,168,4,-128,-183
IQ:21,176,255,-147,90
IQ:22,184,8,174,66
IQ:23,192,255,91,-166
IQ:24,200,7,-177,-75
IQ:25,208,255,-95,161
IQ:26,216,6,80,60
IQ:27,224,255,14,-125
IQ:28,232,5,-218,-66
IQ:29,240,255,-48,168
IQ:30,248,12,203,-51
IQ:31,256,255,-32,-210
IQ:32,264,1,-200,29
IQ:33,272,255,9,189
IQ:34,280,2,185,6
IQ:35,288,255,-21,-146
SW:2
RR:3
SS:3
FR:2426
ME:359
MA:353
KE:358
KA:353
DF_END

Data arrived...
DF_BEGIN
IQ:0,0,11,130,-72
IQ:1,8,11,-89,-119
IQ:2,16,11,-109,109
IQ:3,24,11,115,100
IQ:4,32,11,99,-120
IQ:5,40,11,-117,-89
IQ:6,48,11,-80,130
IQ:7,56,11,138,62
IQ:8,72,12,-146,-23
IQ:9,80,255,-21,129
IQ:10,88,1,142,-6
IQ:11,96,255,11,-149
IQ:12,104,2,-143,-36
IQ:13,112,255,-26,101
IQ:14,120,10,98,-95
IQ:15,128,255,-77,-109
IQ:16,136,3,-122,106
IQ:17,144,255,70,102
IQ:18,152,9,56,-118
IQ:19,160,255,-129,-68
IQ:20,168,4,-100,154
IQ:21,176,255,107,108
IQ:22,184,8,22,-130
IQ:23,192,255,-126,-37
IQ:24,200,7,1,131
IQ:25,208,255,138,25
IQ:26,216,6,53,-67
IQ:27,224,255,-69,0
IQ:28,232,5,37,147
IQ:29,240,255,141,-30
IQ:30,248,12,-48,-143
IQ:31,256,255,-128,42
IQ:32,264,1,79,114
IQ:33,272,255,127,-69
IQ:34,280,2,-41,-149
IQ:35,288,255,-107,50
SW:2
RR:3
SS:3
FR:2402
ME:359
MA:353
KE:358
KA:353
DF_END

Data arrived...
DF_BEGIN
IQ:0,0,11,110,139
IQ:1,8,11,130,-121
IQ:2,16,11,-148,-104
IQ:3,24,11,-95,159
IQ:4,32,11,150,87
IQ:5,40,11,67,-155
IQ:6,48,11,-161,-63
IQ:7,56,11,-40,168
IQ:8,72,12,21,-219
IQ:9,80,255,-195,-52
IQ:10,88,1,-42,185
IQ:11,96,255,158,36
IQ:12,104,2,-3,-149
IQ:13,112,255,-78,-2
IQ:14,120,10,269,138
IQ:15,128,255,213,-166
IQ:16,136,3,-75,-131
IQ:17,144,255,-87,86
IQ:18,152,9,192,57
IQ:19,160,255,93,-192
IQ:20,168,4,-170,-144
IQ:21,176,255,-118,91
IQ:22,184,8,184,-46
IQ:23,192,255,-15,-153
IQ:24,200,7,-178,138
IQ:25,208,255,44,225
IQ:26,216,6,60,54
IQ:27,224,255,-39,-65
IQ:28,232,5,-223,80
IQ:29,240,255,54,205
IQ:30,248,12,212,-70
IQ:31,256,255,-46,-209
IQ:32,264,1,-165,73
IQ:33,272,255,64,155
IQ:34,280,2,134,-84
IQ:35,288,255,-80,-96
SW:2
RR:3
SS:3
FR:2480
ME:356
MA:353
KE:358
KA:353
DF_END

Data arrived...
DF_BEGIN
IQ:0,0,11,162,-43
IQ:1,8,11,-75,-154
IQ:2,16,11,-150,70
IQ:3,24,11,93,143
IQ:4,32,11,135,-106
IQ:5,40,11,-134,-115
IQ:6,48,11,-112,134
IQ:7,56,11,135,101
IQ:8,72,12,-207,-43
IQ:9,80,255,-52,205
IQ:10,88,1,192,64
IQ:11,96,255,76,-173
IQ:12,104,2,-171,-71
IQ:13,112,255,-50,129
IQ:14,120,10,172,-91
IQ:15,128,255,-48,-200
IQ:16,136,3,-207,44
IQ:17,144,255,30,151
IQ:18,152,9,101,-139
IQ:19,160,255,-150,-123
IQ:20,168,4,-159,149
IQ:21,176,255,111,139
IQ:22,184,8,67,-174
IQ:23,192,255,-161,-81
IQ:24,200,7,-50,182
IQ:25,208,255,173,67
IQ:26,216,6,51,-82
IQ:27,224,255,-124,-11
IQ:28,232,5,-55,218
IQ:29,240,255,173,41
IQ:30,248,12,-57,-209
IQ:31,256,255,-216,27
IQ:32,264,1,19,202
IQ:33,272,255,188,-25
IQ:34,280,2,-18,-184
IQ:35,288,255,-145,29
SW:2
RR:3
SS:3
FR:2426
ME:359
MA:353
KE:358
KA:353
DF_END

Data arrived...
DF_BEGIN
IQ:0,0,11,123,-122
IQ:1,8,11,-123,-105
IQ:2,16,11,-99,147
IQ:3,24,11,147,92
IQ:4,32,11,70,-155
IQ:5,40,11,-165,-58
IQ:6,48,11,-45,164
IQ:7,56,11,167,16
IQ:8,72,12,-210,45
IQ:9,80,255,30,212
IQ:10,88,1,193,-13
IQ:11,96,255,-10,-195
IQ:12,104,2,-180,5
IQ:13,112,255,22,132
IQ:14,120,10,119,-157
IQ:15,128,255,-138,-143
IQ:16,136,3,-165,148
IQ:17,144,255,99,111
IQ:18,152,9,29,-173
IQ:19,160,255,-181,-53
IQ:20,168,4,-82,199
IQ:21,176,255,153,87
IQ:22,184,8,-19,-185
IQ:23,192,255,-185,-3
IQ:24,200,7,24,193
IQ:25,208,255,188,15
IQ:26,216,6,24,-101
IQ:27,224,255,-118,36
IQ:28,232,5,41,225
IQ:29,240,255,176,-40
IQ:30,248,12,-145,-171
IQ:31,256,255,-182,104
IQ:32,264,1,119,161
IQ:33,272,255,155,-106
IQ:34,280,2,-101,-152
IQ:35,288,255,-134,93
SW:2
RR:3
SS:3
FR:2426
ME:359
MA:353
KE:358
KA:353
DF_END

Data arrived...
DF_BEGIN
IQ:0,0,11,-127,152
IQ:1,8,11,170,112
IQ:2,16,11,83,-188
IQ:3,24,11,-180,-78
IQ:4,32,11,-69,179
IQ:5,40,11,193,51
IQ:6,48,11,36,-200
IQ:7,56,11,-198,-6
IQ:8,72,12,189,-46
IQ:9,80,255,-27,-174
IQ:10,88,1,-172,61
IQ:11,96,255,66,176
IQ:12,104,2,195,-29
IQ:13,112,255,-21,-138
IQ:14,120,10,-65,164
IQ:15,128,255,148,92
IQ:16,136,3,97,-187
IQ:17,144,255,-142,-95
IQ:18,152,9,-15,172
IQ:19,160,255,195,16
IQ:20,168,4,52,-230
IQ:21,176,255,-181,-92
IQ:22,184,8,41,171
IQ:23,192,255,168,-12
IQ:24,200,7,-62,-161
IQ:25,208,255,-185,16
IQ:26,216,6,-29,101
IQ:27,224,255,78,-32
IQ:28,232,5,-127,-158
IQ:29,240,255,-164,99
IQ:30,248,12,121,146
IQ:31,256,255,140,-105
IQ:32,264,1,-138,-123
IQ:33,272,255,-136,135
IQ:34,280,2,106,158
IQ:35,288,255,114,-113
SW:2
RR:3
SS:3
FR:2402
ME:359
MA:353
KE:358
KA:353
DF_END

Data arrived...
DF_BEGIN
IQ:0,0,11,173,-20
IQ:1,8,11,-39,-170
IQ:2,16,11,-175,56
IQ:3,24,11,86,143
IQ:4,32,11,126,-112
IQ:5,40,11,-108,-134
IQ:6,48,11,-131,128
IQ:7,56,11,119,121
IQ:8,72,12,-189,-127
IQ:9,80,255,-136,150
IQ:10,88,1,139,118
IQ:11,96,255,112,-123
IQ:12,104,2,-131,-66
IQ:13,112,255,-34,67
IQ:14,120,10,249,-182
IQ:15,128,255,-69,-267
IQ:16,136,3,-159,-6
IQ:17,144,255,24,120
IQ:18,152,9,159,-137
IQ:19,160,255,-118,-182
IQ:20,168,4,-215,69
IQ:21,176,255,25,146
IQ:22,184,8,55,-199
IQ:23,192,255,-125,-56
IQ:24,200,7,29,228
IQ:25,208,255,198,74
IQ:26,216,6,63,-33
IQ:27,224,255,-76,-4
IQ:28,232,5,-33,248
IQ:29,240,255,207,46
IQ:30,248,12,26,-216
IQ:31,256,255,-192,-53
IQ:32,264,1,-45,183
IQ:33,272,255,151,54
IQ:34,280,2,5,-143
IQ:35,288,255,-125,9
SW:2
RR:3
SS:3
FR:2480
ME:356
MA:353
KE:358
KA:353
DF_END

Data arrived...
DF_BEGIN
IQ:0,0,11,-124,-136
IQ:1,8,11,-128,120
IQ:2,16,11,140,93
IQ:3,24,11,75,-153
IQ:4,32,11,-164,-78
IQ:5,40,11,-64,152
IQ:6,48,11,165,44
IQ:7,56,11,21,-169
IQ:8,72,12,-17,221
IQ:9,80,255,201,30
IQ:10,88,1,38,-178
IQ:11,96,255,-166,-40
IQ:12,104,2,4,153
IQ:13,112,255,72,-13
IQ:14,120,10,-294,-115
IQ:15,128,255,-183,195
IQ:16,136,3,86,124
IQ:17,144,255,77,-89
IQ:18,152,9,-200,-68
IQ:19,160,255,-106,179
IQ:20,168,4,173,135
IQ:21,176,255,115,-109
IQ:22,184,8,-179,66
IQ:23,192,255,30,142
IQ:24,200,7,171,-138
IQ:25,208,255,-41,-207
IQ:26,216,6,-59,-61
IQ:27,224,255,42,61
IQ:28,232,5,215,-92
IQ:29,240,255,-51,-199
IQ:30,248,12,-206,90
IQ:31,256,255,44,185
IQ:32,264,1,174,-83
IQ:33,272,255,-47,-162
IQ:34,280,2,-130,62
IQ:35,288,255,69,101
SW:2
RR:3
SS:3
FR:2480
ME:356
MA:353
KE:358
KA:353
DF_END

Data arrived...
DF_BEGIN
IQ:0,0,11,37,160
IQ:1,8,11,156,-53
IQ:2,16,11,-78,-147
IQ:3,24,11,-136,93
IQ:4,32,11,98,131
IQ:5,40,11,125,-114
IQ:6,48,11,-129,-110
IQ:7,56,11,-104,135
IQ:8,72,12,68,-202
IQ:9,80,255,-196,-73
IQ:10,88,1,-95,178
IQ:11,96,255,155,92
IQ:12,104,2,74,-155
IQ:13,112,255,-118,-55
IQ:14,120,10,72,179
IQ:15,128,255,185,-53
IQ:16,136,3,-45,-212
IQ:17,144,255,-155,23
IQ:18,152,9,137,94
IQ:19,160,255,138,-135
IQ:20,168,4,-130,-178
IQ:21,176,255,-150,79
IQ:22,184,8,159,72
IQ:23,192,255,87,-151
IQ:24,200,7,-178,-67
IQ:25,208,255,-104,156
IQ:26,216,6,74,63
IQ:27,224,255,20,-119
IQ:28,232,5,-214,-64
IQ:29,240,255,-70,170
IQ:30,248,12,207,-29
IQ:31,256,255,-21,-203
IQ:32,264,1,-195,16
IQ:33,272,255,17,184
IQ:34,280,2,180,-6
IQ:35,288,255,-18,-146
SW:2
RR:3
SS:3
FR:2426
ME:359
MA:353
KE:358
KA:353
DF_END

Data arrived...
DF_BEGIN
IQ:0,0,11,-72,-129
IQ:1,8,11,-124,75
IQ:2,16,11,81,121
IQ:3,24,11,110,-90
IQ:4,32,11,-104,-103
IQ:5,40,11,-86,111
IQ:6,48,11,114,85
IQ:7,56,11,65,-135
IQ:8,72,12,-44,136
IQ:9,80,255,122,42
IQ:10,88,1,9,-138
IQ:11,96,255,-143,-20
IQ:12,104,2,-51,132
IQ:13,112,255,95,35
IQ:14,120,10,-92,-94
IQ:15,128,255,-111,64
IQ:16,136,3,87,123
IQ:17,144,255,100,-70
IQ:18,152,9,-120,-50
IQ:19,160,255,-62,124
IQ:20,168,4,148,105
IQ:21,176,255,109,-97
IQ:22,184,8,-127,-34
IQ:23,192,255,-41,119
IQ:24,200,7,128,16
IQ:25,208,255,48,-127
IQ:26,216,6,-56,-54
IQ:27,224,255,-5,61
IQ:28,232,5,154,-25
IQ:29,240,255,-6,-142
IQ:30,248,12,-143,33
IQ:31,256,255,14,125
IQ:32,264,1,126,-47
IQ:33,272,255,-40,-139
IQ:34,280,2,-144,24
IQ:35,288,255,43,107
SW:2
RR:3
SS:3
FR:2402
ME:359
MA:353
KE:358
KA:353
DF_END

Data arrived...
DF_BEGIN
IQ:0,0,11,198,-63
IQ:1,8,11,-83,-196
IQ:2,16,11,-177,103
IQ:3,24,11,115,163
IQ:4,32,11,152,-141
IQ:5,40,11,-136,-150
IQ:6,48,11,-144,157
IQ:7,56,11,168,130
IQ:8,72,12,-235,-143
IQ:9,80,255,-162,187
IQ:10,88,1,169,135
IQ:11,96,255,135,-150
IQ:12,104,2,-156,-79
IQ:13,112,255,-30,90
IQ:14,120,10,279,-268
IQ:15,128,255,-95,-328
IQ:16,136,3,-182,6
IQ:17,144,255,44,125
IQ:18,152,9,186,-198
IQ:19,160,255,-152,-208
IQ:20,168,4,-241,90
IQ:21,176,255,32,161
IQ:22,184,8,21,-248
IQ:23,192,255,-178,-46
IQ:24,200,7,76,280
IQ:25,208,255,252,55
IQ:26,216,6,85,-36
IQ:27,224,255,-93,0
IQ:28,232,5,-17,277
IQ:29,240,255,249,37
IQ:30,248,12,-13,-280
IQ:31,256,255,-246,-52
IQ:32,264,1,-35,222
IQ:33,272,255,191,34
IQ:34,280,2,-19,-174
IQ:35,288,255,-134,31
SW:2
RR:3
SS:3
FR:2480
ME:356
MA:353
KE:357
KA:353
DF_END

Data arrived...
DF_BEGIN
IQ:0,0,11,-31,-161
IQ:1,8,11,-156,36
IQ:2,16,11,58,153
IQ:3,24,11,142,-70
IQ:4,32,11,-91,-131
IQ:5,40,11,-121,106
IQ:6,48,11,116,114
IQ:7,56,11,111,-129
IQ:8,72,12,-65,199
IQ:9,80,255,189,81
IQ:10,88,1,95,-175
IQ:11,96,255,-164,-103
IQ:12,104,2,-98,153
IQ:13,112,255,116,61
IQ:14,120,10,-65,-176
IQ:15,128,255,-179,51
IQ:16,136,3,45,206
IQ:17,144,255,152,-24
IQ:18,152,9,-128,-106
IQ:19,160,255,-144,127
IQ:20,168,4,115,171
IQ:21,176,255,143,-87
IQ:22,184,8,-162,-80
IQ:23,192,255,-99,141
IQ:24,200,7,176,59
IQ:25,208,255,102,-152
IQ:26,216,6,-78,-66
IQ:27,224,255,-10,121
IQ:28,232,5,214,62
IQ:29,240,255,51,-176
IQ:30,248,12,-209,29
IQ:31,256,255,11,204
IQ:32,264,1,196,-8
IQ:33,272,255,-12,-186
IQ:34,280,2,-182,-6
IQ:35,288,255,8,147
SW:2
RR:3
SS:3
FR:2426
ME:359
MA:353
KE:358
KA:353
DF_END

Data arrived...
DF_BEGIN
IQ:0,0,11,-152,40
IQ:1,8,11,48,155
IQ:2,16,11,157,-59
IQ:3,24,11,-84,-147
IQ:4,32,11,-132,97
IQ:5,40,11,108,119
IQ:6,48,11,114,-115
IQ:7,56,11,-129,-99
IQ:8,72,12,204,68
IQ:9,80,255,86,-178
IQ:10,88,1,-177,-77
IQ:11,96,255,-65,175
IQ:12,104,2,172,81
IQ:13,112,255,60,-125
IQ:14,120,10,-167,81
IQ:15,128,255,49,192
IQ:16,136,3,202,-39
IQ:17,144,255,-38,-150
IQ:18,152,9,-95,146
IQ:19,160,255,145,112
IQ:20,168,4,161,-135
IQ:21,176,255,-79,-149
IQ:22,184,8,-69,172
IQ:23,192,255,150,91
IQ:24,200,7,54,-178
IQ:25,208,255,-164,-84
IQ:26,216,6,-64,74
IQ:27,224,255,115,17
IQ:28,232,5,60,-213
IQ:29,240,255,-169,-50
IQ:30,248,12,34,209
IQ:31,256,255,209,-31
IQ:32,264,1,-11,-192
IQ:33,272,255,-182,18
IQ:34,280,2,4,184
IQ:35,288,255,148,-13
SW:2
RR:3
SS:3
FR:2426
ME:359
MA:353
KE:358
KA:353
DF_END

Data arrived...
DF_BEGIN
IQ:0,0,11,-119,-163
IQ:1,8,11,-138,132
IQ:2,16,11,149,124
IQ:3,24,11,104,-159
IQ:4,32,11,-173,-90
IQ:5,40,11,-74,173
IQ:6,48,11,185,69
IQ:7,56,11,60,-189
IQ:8,72,12,1,189
IQ:9,80,255,166,0
IQ:10,88,1,-31,-183
IQ:11,96,255,-188,21
IQ:12,104,2,-36,184
IQ:13,112,255,133,30
IQ:14,120,10,-138,-101
IQ:15,128,255,-111,125
IQ:16,136,3,162,136
IQ:17,144,255,122,-119
IQ:18,152,9,-166,-36
IQ:19,160,255,-53,193
IQ:20,168,4,213,123
IQ:21,176,255,127,-149
IQ:22,184,8,-168,1
IQ:23,192,255,-8,171
IQ:24,200,7,170,-17
IQ:25,208,255,24,-174
IQ:26,216,6,-94,-45
IQ:27,224,255,7,82
IQ:28,232,5,187,-75
IQ:29,240,255,-50,-177
IQ:30,248,12,-169,80
IQ:31,256,255,71,156
IQ:32,264,1,142,-99
IQ:33,272,255,-100,-158
IQ:34,280,2,-172,66
IQ:35,288,255,85,127
SW:2
RR:3
SS:3
FR:2402
ME:359
MA:353
KE:358
KA:353
DF_END

Data arrived...
DF_BEGIN
IQ:0,0,11,182,73
IQ:1,8,11,70,-184
IQ:2,16,11,-183,-52
IQ:3,24,11,-35,190
IQ:4,32,11,194,12
IQ:5,40,11,-14,-186
IQ:6,48,11,-197,30
IQ:7,56,11,43,194
IQ:8,72,12,-81,-170
IQ:9,80,255,-154,70
IQ:10,88,1,102,154
IQ:11,96,255,163,-104
IQ:12,104,2,-76,-173
IQ:13,112,255,-129,54
IQ:14,120,10,172,27
IQ:15,128,255,58,-166
IQ:16,136,3,-199,-62
IQ:17,144,255,-52,155
IQ:18,152,9,168,-53
IQ:19,160,255,-30,-191
IQ:20,168,4,-251,7
IQ:21,176,255,-56,191
IQ:22,184,8,156,-66
IQ:23,192,255,-61,-162
IQ:24,200,7,-134,93
IQ:25,208,255,65,171
IQ:26,216,6,97,-3
IQ:27,224,255,-52,-69
IQ:28,232,5,-137,157
IQ:29,240,255,126,142
IQ:30,248,12,127,-141
IQ:31,256,255,-131,-99
IQ:32,264,1,-92,154
IQ:33,272,255,148,110
IQ:34,280,2,130,-133
IQ:35,288,255,-128,-83
SW:2
RR:3
SS:3
FR:2402
ME:359
MA:353
KE:358
KA:353
DF_END

Data arrived...
DF_BEGIN
IQ:0,0,11,-92,-125
IQ:1,8,11,-122,123
IQ:2,16,11,136,107
IQ:3,24,11,99,-131
IQ:4,32,11,-150,-57
IQ:5,40,11,-51,166
IQ:6,48,11,183,51
IQ:7,56,11,49,-160
IQ:8,72,12,-16,214
IQ:9,80,255,198,48
IQ:10,88,1,58,-181
IQ:11,96,255,-154,-51
IQ:12,104,2,-14,146
IQ:13,112,255,84,2
IQ:14,120,10,-250,-134
IQ:15,128,255,-192,163
IQ:16,136,3,78,142
IQ:17,144,255,89,-80
IQ:18,152,9,-183,-45
IQ:19,160,255,-82,189
IQ:20,168,4,162,136
IQ:21,176,255,124,-92
IQ:22,184,8,-168,76
IQ:23,192,255,31,146
IQ:24,200,7,182,-165
IQ:25,208,255,-40,-206
IQ:26,216,6,-48,-47
IQ:27,224,255,46,62
IQ:28,232,5,231,-67
IQ:29,240,255,-52,-192
IQ:30,248,12,-186,96
IQ:31,256,255,77,200
IQ:32,264,1,182,-52
IQ:33,272,255,-29,-146
IQ:34,280,2,-133,75
IQ:35,288,255,88,100
SW:2
RR:3
SS:3
FR:2480
ME:356
MA:353
KE:358
KA:353
DF_END

Data arrived...
DF_BEGIN
IQ:0,0,11,64,149
IQ:1,8,11,159,-63
IQ:2,16,11,-88,-137
IQ:3,24,11,-129,102
IQ:4,32,11,111,113
IQ:5,40,11,112,-131
IQ:6,48,11,-133,-105
IQ:7,56,11,-86,138
IQ:8,72,12,33,-203
IQ:9,80,255,-212,-54
IQ:10,88,1,-63,184
IQ:11,96,255,169,66
IQ:12,104,2,75,-167
IQ:13,112,255,-123,-39
IQ:14,120,10,95,165
IQ:15,128,255,172,-73
IQ:16,136,3,-87,-198
IQ:17,144,255,-145,47
IQ:18,152,9,151,82
IQ:19,160,255,114,-150
IQ:20,168,4,-146,-157
IQ:21,176,255,-133,95
IQ:22,184,8,175,49
IQ:23,192,255,76,-167
IQ:24,200,7,-181,-44
IQ:25,208,255,-70,166
IQ:26,216,6,80,47
IQ:27,224,255,3,-117
IQ:28,232,5,-220,-50
IQ:29,240,255,-31,172
IQ:30,248,12,189,-81
IQ:31,256,255,-52,-203
IQ:32,264,1,-198,13
IQ:33,272,255,17,183
IQ:34,280,2,166,-39
IQ:35,288,255,-50,-143
SW:2
RR:3
SS:3
FR:2426
ME:359
MA:353
KE:358
KA:353
DF_END

Data arrived...
DF_BEGIN
IQ:0,0,11,-164,101
IQ:1,8,11,114,151
IQ:2,16,11,134,-135
IQ:3,24,11,-136,-137
IQ:4,32,11,-124,148
IQ:5,40,11,153,104
IQ:6,48,11,83,-170
IQ:7,56,11,-176,-79
IQ:8,72,12,177,27
IQ:9,80,255,28,-170
IQ:10,88,1,-172,5
IQ:11,96,255,-11,189
IQ:12,104,2,183,47
IQ:13,112,255,35,-128
IQ:14,120,10,-120,123
IQ:15,128,255,108,126
IQ:16,136,3,161,-130
IQ:17,144,255,-97,-129
IQ:18,152,9,-61,149
IQ:19,160,255,167,89
IQ:20,168,4,141,-195
IQ:21,176,255,-133,-139
IQ:22,184,8,-17,164
IQ:23,192,255,161,39
IQ:24,200,7,-2,-165
IQ:25,208,255,-170,-51
IQ:26,216,6,-68,63
IQ:27,224,255,73,-6
IQ:28,232,5,-67,-186
IQ:29,240,255,-177,45
IQ:30,248,12,75,173
IQ:31,256,255,161,-52
IQ:32,264,1,-75,-162
IQ:33,272,255,-170,65
IQ:34,280,2,47,173
IQ:35,288,255,130,-65
SW:2
RR:3
SS:3
FR:2402
ME:359
MA:353
KE:358
KA:353
DF_END

Data arrived...
DF_BEGIN
IQ:0,0,11,-131,139
IQ:1,8,11,158,100
IQ:2,16,11,86,-166
IQ:3,24,11,-175,-92
IQ:4,32,11,-75,170
IQ:5,40,11,180,62
IQ:6,48,11,54,-182
IQ:7,56,11,-181,-31
IQ:8,72,12,177,0
IQ:9,80,255,1,-168
IQ:10,88,1,-168,25
IQ:11,96,255,33,173
IQ:12,104,2,183,6
IQ:13,112,255,21,-128
IQ:14,120,10,-82,138
IQ:15,128,255,128,99
IQ:16,136,3,109,-167
IQ:17,144,255,-142,-97
IQ:18,152,9,-23,170
IQ:19,160,255,183,29
IQ:20,168,4,76,-221
IQ:21,176,255,-165,-103
IQ:22,184,8,11,165
IQ:23,192,255,165,-1
IQ:24,200,7,-32,-163
IQ:25,208,255,-177,-8
IQ:26,216,6,-39,83
IQ:27,224,255,73,-27
IQ:28,232,5,-94,-177
IQ:29,240,255,-165,71
IQ:30,248,12,93,157
IQ:31,256,255,142,-78
IQ:32,264,1,-116,-118
IQ:33,272,255,-138,110
IQ:34,280,2,83,158
IQ:35,288,255,114,-83
SW:2
RR:3
SS:3
FR:2402
ME:356
MA:353
KE:357
KA:353
DF_END

Data arrived...
DF_BEGIN
IQ:0,0,11,-4,199
IQ:1,8,11,192,8
IQ:2,16,11,-13,-182
IQ:3,24,11,-175,37
IQ:4,32,11,75,178
IQ:5,40,11,175,-72
IQ:6,48,11,-80,-165
IQ:7,56,11,-146,104
IQ:8,72,12,199,-133
IQ:9,80,255,-94,-181
IQ:10,88,1,-135,112
IQ:11,96,255,102,144
IQ:12,104,2,114,-120
IQ:13,112,255,-64,-55
IQ:14,120,10,118,284
IQ:15,128,255,277,1
IQ:16,136,3,41,-158
IQ:17,144,255,-114,8
IQ:18,152,9,96,195
IQ:19,160,255,211,-69
IQ:20,168,4,-19,-221
IQ:21,176,255,-146,-4
IQ:22,184,8,192,99
IQ:23,192,255,103,-123
IQ:24,200,7,-212,-18
IQ:25,208,255,-91,202
IQ:26,216,6,27,78
IQ:27,224,255,26,-80
IQ:28,232,5,-220,-84
IQ:29,240,255,-85,203
IQ:30,248,12,212,100
IQ:31,256,255,103,-187
IQ:32,264,1,-176,-72
IQ:33,272,255,-69,158
IQ:34,280,2,157,43
IQ:35,288,255,26,-135
SW:2
RR:3
SS:3
FR:2480
ME:356
MA:353
KE:357
KA:353
DF_END

Data arrived...
DF_BEGIN
IQ:0,0,11,-97,130
IQ:1,8,11,141,84
IQ:2,16,11,61,-156
IQ:3,24,11,-162,-53
IQ:4,32,11,-41,160
IQ:5,40,11,166,13
IQ:6,48,11,-6,-167
IQ:7,56,11,-166,26
IQ:8,72,12,188,-89
IQ:9,80,255,-58,-205
IQ:10,88,1,-195,28
IQ:11,96,255,35,183
IQ:12,104,2,178,-32
IQ:13,112,255,-37,-128
IQ:14,120,10,-96,167
IQ:15,128,255,159,107
IQ:16,136,3,119,-168
IQ:17,144,255,-130,-87
IQ:18,152,9,11,172
IQ:19,160,255,187,12
IQ:20,168,4,48,-207
IQ:21,176,255,-157,-52
IQ:22,184,8,71,173
IQ:23,192,255,181,-43
IQ:24,200,7,-68,-175
IQ:25,208,255,-183,33
IQ:26,216,6,-3,99
IQ:27,224,255,101,-67
IQ:28,232,5,-85,-207
IQ:29,240,255,-156,75
IQ:30,248,12,171,134
IQ:31,256,255,148,-141
IQ:32,264,1,-137,-141
IQ:33,272,255,-134,120
IQ:34,280,2,119,140
IQ:35,288,255,109,-111
SW:2
RR:3
SS:3
FR:2426
ME:359
MA:353
KE:357
KA:353
DF_END

Data arrived...
DF_BEGIN
IQ:0,0,11,180,1
IQ:1,8,11,-13,-186
IQ:2,16,11,-185,25
IQ:3,24,11,38,172
IQ:4,32,11,179,-49
IQ:5,40,11,-74,-168
IQ:6,48,11,-157,95
IQ:7,56,11,114,151
IQ:8,72,12,-126,-128
IQ:9,80,255,-121,106
IQ:10,88,1,135,96
IQ:11,96,255,110,-141
IQ:12,104,2,-119,-137
IQ:13,112,255,-96,83
IQ:14,120,10,157,-27
IQ:15,128,255,0,-159
IQ:16,136,3,-199,7
IQ:17,144,255,8,150
IQ:18,152,9,132,-90
IQ:19,160,255,-89,-160
IQ:20,168,4,-218,81
IQ:21,176,255,29,181
IQ:22,184,8,93,-124
IQ:23,192,255,-114,-118
IQ:24,200,7,-87,133
IQ:25,208,255,96,136
IQ:26,216,6,93,-11
IQ:27,224,255,-60,-43
IQ:28,232,5,-79,177
IQ:29,240,255,158,75
IQ:30,248,12,41,-169
IQ:31,256,255,-155,-49
IQ:32,264,1,-8,170
IQ:33,272,255,172,25
IQ:34,280,2,58,-173
IQ:35,288,255,-138,-34
SW:2
RR:3
SS:3
FR:2402
ME:359
MA:353
KE:358
KA:353
DF_END