IQ:18,152,9,-86,113
IQ:19,160,255,116,113
IQ:20,168,4,157,-112
IQ:21,176,255,-67,-135
IQ:22,184,8,-64,127
IQ:23,192,255,115,76
IQ:24,200,7,48,-133
IQ:25,208,255,-124,-70
IQ:26,216,6,-62,55
IQ:27,224,255,69,13
IQ:28,232,5,3,-167
IQ:29,240,255,-147,-22
IQ:30,248,12,7,157
IQ:31,256,255,142,-1
IQ:32,264,1,-29,-141
IQ:33,272,255,-149,31
IQ:34,280,2,4,146
IQ:35,288,255,110,-18
SW:2
RR:3
SS:3
FR:2402
ME:359
MA:353
KE:357
KA:353
DF_END

Data arrived...
DF_BEGIN
IQ:0,0,11,145,65
IQ:1,8,11,51,-155
IQ:2,16,11,-162,-31
IQ:3,24,11,-13,161
IQ:4,32,11,161,10
IQ:5,40,11,1,-160
IQ:6,48,11,-166,12
IQ:7,56,11,43,149
IQ:8,72,12,-81,-132
IQ:9,80,255,-127,59
IQ:10,88,1,90,114
IQ:11,96,255,125,-92
IQ:12,104,2,-58,-139
IQ:13,112,255,-96,49
IQ:14,120,10,136,33
IQ:15,128,255,51,-134
IQ:16,136,3,-158,-55
IQ:17,144,255,-41,119
IQ:18,152,9,135,-41
IQ:19,160,255,-28,-155
IQ:20,168,4,-196,3
IQ:21,176,255,-20,155
IQ:22,184,8,119,-72
IQ:23,192,255,-48,-135
IQ:24,200,7,-116,67
IQ:25,208,255,46,135
IQ:26,216,6,88,4
IQ:27,224,255,-44,-57
IQ:28,232,5,-93,125
IQ:29,240,255,116,96
IQ:30,248,12,98,-130
IQ:31,256,255,-120,-83
IQ:32,264,1,-55,140
IQ:33,272,255,125,85
IQ:34,280,2,92,-110
IQ:35,288,255,-105,-54
SW:2
RR:3
SS:3
FR:2402
ME:359
MA:353
KE:357
KA:353
DF_END

Data arrived...
DF_BEGIN
IQ:0,0,11,-183,-120
IQ:1,8,11,-96,175
IQ:2,16,11,201,72
IQ:3,24,11,69,-184
IQ:4,32,11,-197,-29
IQ:5,40,11,-12,200
IQ:6,48,11,227,8
IQ:7,56,11,-27,-216
IQ:8,72,12,67,286
IQ:9,80,255,272,-10
IQ:10,88,1,-24,-242
IQ:11,96,255,-206,8
IQ:12,104,2,58,175
IQ:13,112,255,98,-66
IQ:14,120,10,-364,-85
IQ:15,128,255,-170,280
IQ:16,136,3,134,128
IQ:17,144,255,69,-135
IQ:18,152,9,-261,-30
IQ:19,160,255,-58,242
IQ:20,168,4,256,82
IQ:21,176,255,81,-158
IQ:22,184,8,-249,138
IQ:23,192,255,76,200
IQ:24,200,7,151,-247
IQ:25,208,255,-162,-240
IQ:26,216,6,-79,-30
IQ:27,224,255,92,64
IQ:28,232,5,267,-163
IQ:29,240,255,-132,-226
IQ:30,248,12,-209,175
IQ:31,256,255,130,214
IQ:32,264,1,191,-136
IQ:33,272,255,-108,-178
IQ:34,280,2,-128,144
IQ:35,288,255,127,97
SW:2
RR:3
SS:3
FR:2480
ME:356
MA:353
KE:357
KA:353
DF_END

Data arrived...
DF_BEGIN
IQ:0,0,11,121,114
IQ:1,8,11,97,-127
IQ:2,16,11,-130,-85
IQ:3,24,11,-58,142
IQ:4,32,11,143,51
IQ:5,40,11,37,-158
IQ:6,48,11,-143,-23
IQ:7,56,11,-13,144
IQ:8,72,12,-31,-178
IQ:9,80,255,-173,-7
IQ:10,88,1,-9,148
IQ:11,96,255,140,22
IQ:12,104,2,2,-117
IQ:13,112,255,-69,23
IQ:14,120,10,246,82
IQ:15,128,255,143,-176
IQ:16,136,3,-69,-118
IQ:17,144,255,-67,69
IQ:18,152,9,160,19
IQ:19,160,255,53,-169
IQ:20,168,4,-158,-97
IQ:21,176,255,-92,102
IQ:22,184,8,163,-45
IQ:23,192,255,-14,-121
IQ:24,200,7,-145,140
IQ:25,208,255,49,185
IQ:26,216,6,61,27
IQ:27,224,255,-43,-51
IQ:28,232,5,-179,96
IQ:29,240,255,75,154
IQ:30,248,12,159,-96
IQ:31,256,255,-68,-161
IQ:32,264,1,-133,70
IQ:33,272,255,68,118
IQ:34,280,2,100,-61
IQ:35,288,255,-71,-71
SW:2
RR:3
SS:3
FR:2480
ME:356
MA:353
KE:357
KA:353
DF_END

Data arrived...
DF_BEGIN
IQ:0,0,11,49,-143
IQ:1,8,11,-144,-34
IQ:2,16,11,-12,158
IQ:3,24,11,149,-8
IQ:4,32,11,-14,-153
IQ:5,40,11,-150,28
IQ:6,48,11,35,154
IQ:7,56,11,144,-46
IQ:8,72,12,-149,131
IQ:9,80,255,125,161
IQ:10,88,1,166,-104
IQ:11,96,255,-82,-165
IQ:12,104,2,-151,90
IQ:13,112,255,74,106
IQ:14,120,10,20,-180
IQ:15,128,255,-172,-45
IQ:16,136,3,-66,197
IQ:17,144,255,145,44
IQ:18,152,9,-72,-144
IQ:19,160,255,-169,61
IQ:20,168,4,20,207
IQ:21,176,255,159,7
IQ:22,184,8,-107,-144
IQ:23,192,255,-149,94
IQ:24,200,7,119,144
IQ:25,208,255,158,-85
IQ:26,216,6,-14,-94
IQ:27,224,255,-72,78
IQ:28,232,5,155,151
IQ:29,240,255,129,-121
IQ:30,248,12,-198,-58
IQ:31,256,255,-77,189
IQ:32,264,1,177,88
IQ:33,272,255,91,-163
IQ:34,280,2,-153,-99
IQ:35,288,255,-70,131
SW:2
RR:3
SS:3
FR:2426
ME:359
MA:353
KE:357
KA:353
DF_END

Data arrived...
DF_BEGIN
IQ:0,0,11,128,89
IQ:1,8,11,75,-142
IQ:2,16,11,-146,-64
IQ:3,24,11,-44,149
IQ:4,32,11,149,26
IQ:5,40,11,2,-156
IQ:6,48,11,-165,-9
IQ:7,56,11,-6,156
IQ:8,72,12,-34,-143
IQ:9,80,255,-134,32
IQ:10,88,1,62,127
IQ:11,96,255,137,-53
IQ:12,104,2,-33,-144
IQ:13,112,255,-104,15
IQ:14,120,10,126,52
IQ:15,128,255,67,-117
IQ:16,136,3,-142,-67
IQ:17,144,255,-66,111
IQ:18,152,9,137,-2
IQ:19,160,255,0,-160
IQ:20,168,4,-184,-30
IQ:21,176,255,-57,137
IQ:22,184,8,131,-36
IQ:23,192,255,-33,-135
IQ:24,200,7,-134,48
IQ:25,208,255,20,147
IQ:26,216,6,81,16
IQ:27,224,255,-31,-60
IQ:28,232,5,-116,110
IQ:29,240,255,88,114
IQ:30,248,12,105,-105
IQ:31,256,255,-92,-105
IQ:32,264,1,-79,111
IQ:33,272,255,107,91
IQ:34,280,2,114,-98
IQ:35,288,255,-90,-92
SW:2
RR:3
SS:3
FR:2402
ME:359
MA:353
KE:357
KA:353
DF_END

Data arrived...
DF_BEGIN
IQ:0,0,11,-172,125
IQ:1,8,11,138,182
IQ:2,16,11,152,-161
IQ:3,24,11,-175,-131
IQ:4,32,11,-117,191
IQ:5,40,11,182,103
IQ:6,48,11,65,-214
IQ:7,56,11,-209,-63
IQ:8,72,12,269,56
IQ:9,80,255,75,-245
IQ:10,88,1,-221,-64
IQ:11,96,255,-68,173
IQ:12,104,2,172,7
IQ:13,112,255,-18,-103
IQ:14,120,10,-176,317
IQ:15,128,255,193,255
IQ:16,136,3,175,-79
IQ:17,144,255,-86,-128
IQ:18,152,9,-113,217
IQ:19,160,255,215,137
IQ:20,168,4,172,-211
IQ:21,176,255,-128,-138
IQ:22,184,8,31,273
IQ:23,192,255,207,-8
IQ:24,200,7,-165,-248
IQ:25,208,255,-269,38
IQ:26,216,6,-67,58
IQ:27,224,255,90,-58
IQ:28,232,5,-88,-294
IQ:29,240,255,-270,50
IQ:30,248,12,83,237
IQ:31,256,255,246,-61
IQ:32,264,1,-68,-208
IQ:33,272,255,-203,49
IQ:34,280,2,86,178
IQ:35,288,255,117,-85
SW:2
RR:3
SS:3
FR:2480
ME:356
MA:353
KE:357
KA:353
DF_END

Data arrived...
DF_BEGIN
IQ:0,0,11,-196,22
IQ:1,8,11,12,180
IQ:2,16,11,168,-56
IQ:3,24,11,-82,-175
IQ:4,32,11,-161,92
IQ:5,40,11,101,142
IQ:6,48,11,134,-136
IQ:7,56,11,-137,-138
IQ:8,72,12,171,129
IQ:9,80,255,139,-139
IQ:10,88,1,-126,-137
IQ:11,96,255,-128,97
IQ:12,104,2,101,82
IQ:13,112,255,17,-62
IQ:14,120,10,-281,146
IQ:15,128,255,13,277
IQ:16,136,3,140,12
IQ:17,144,255,-17,-116
IQ:18,152,9,-172,106
IQ:19,160,255,88,171
IQ:20,168,4,198,-83
IQ:21,176,255,-37,-168
IQ:22,184,8,-102,173
IQ:23,192,255,120,68
IQ:24,200,7,-15,-243
IQ:25,208,255,-208,-103
IQ:26,216,6,-64,10
IQ:27,224,255,64,-11
IQ:28,232,5,41,-249
IQ:29,240,255,-220,-75
IQ:30,248,12,-56,219
IQ:31,256,255,172,70
IQ:32,264,1,36,-172
IQ:33,272,255,-171,-44
IQ:34,280,2,-35,135
IQ:35,288,255,106,-17
SW:2
RR:3
SS:3
FR:2480
ME:356
MA:353
KE:357
KA:353
DF_END

Data arrived...
DF_BEGIN
IQ:0,0,11,17,150
IQ:1,8,11,164,-69
IQ:2,16,11,-81,-140
IQ:3,24,11,-127,67
IQ:4,32,11,85,135
IQ:5,40,11,129,-132
IQ:6,48,11,-120,-112
IQ:7,56,11,-96,127
IQ:8,72,12,49,-203
IQ:9,80,255,-188,-71
IQ:10,88,1,-106,170
IQ:11,96,255,155,105
IQ:12,104,2,80,-160
IQ:13,112,255,-118,-53
IQ:14,120,10,78,158
IQ:15,128,255,175,-60
IQ:16,136,3,-54,-198
IQ:17,144,255,-150,39
IQ:18,152,9,139,102
IQ:19,160,255,126,-136
IQ:20,168,4,-125,-165
IQ:21,176,255,-141,78
IQ:22,184,8,165,76
IQ:23,192,255,91,-151
IQ:24,200,7,-171,-65
IQ:25,208,255,-84,156
IQ:26,216,6,72,62
IQ:27,224,255,23,-116
IQ:28,232,5,-203,-82
IQ:29,240,255,-70,158
IQ:30,248,12,198,-49
IQ:31,256,255,-26,-205
IQ:32,264,1,-201,3
IQ:33,272,255,1,184
IQ:34,280,2,174,3
IQ:35,288,255,-16,-149
SW:2
RR:3
SS:3
FR:2426
ME:359
MA:353
KE:357
KA:353
DF_END

Data arrived...
DF_BEGIN
IQ:0,0,11,35,-156
IQ:1,8,11,-156,-26
IQ:2,16,11,1,156
IQ:3,24,11,159,-18
IQ:4,32,11,-25,-158
IQ:5,40,11,-149,42
IQ:6,48,11,48,148
IQ:7,56,11,136,-74
IQ:8,72,12,-119,100
IQ:9,80,255,87,109
IQ:10,88,1,95,-110
IQ:11,96,255,-110,-100
IQ:12,104,2,-125,93
IQ:13,112,255,75,78
IQ:14,120,10,-7,-141
IQ:15,128,255,-138,-4
IQ:16,136,3,-9,164
IQ:17,144,255,131,8
IQ:18,152,9,-65,-124
IQ:19,160,255,-146,56
IQ:20,168,4,61,184
IQ:21,176,255,150,-25
IQ:22,184,8,-93,-111
IQ:23,192,255,-118,75
IQ:24,200,7,105,87
IQ:25,208,255,111,-89
IQ:26,216,6,-24,-81
IQ:27,224,255,-44,54
IQ:28,232,5,142,72
IQ:29,240,255,64,-129
IQ:30,248,12,-149,-44
IQ:31,256,255,-63,125
IQ:32,264,1,139,32
IQ:33,272,255,45,-146
IQ:34,280,2,-136,-72
IQ:35,288,255,-36,112
SW:2
RR:3
SS:3
FR:2402
ME:359
MA:353
KE:357
KA:353
DF_END

Data arrived...
DF_BEGIN
IQ:0,0,11,-89,-200
IQ:1,8,11,-190,88
IQ:2,16,11,120,162
IQ:3,24,11,138,-159
IQ:4,32,11,-168,-157
IQ:5,40,11,-133,172
IQ:6,48,11,164,91
IQ:7,56,11,78,-197
IQ:8,72,12,-101,260
IQ:9,80,255,215,118
IQ:10,88,1,116,-205
IQ:11,96,255,-183,-107
IQ:12,104,2,-58,172
IQ:13,112,255,86,15
IQ:14,120,10,-292,-241
IQ:15,128,255,-316,132
IQ:16,136,3,31,180
IQ:17,144,255,124,-67
IQ:18,152,9,-209,-143
IQ:19,160,255,-167,189
IQ:20,168,4,161,202
IQ:21,176,255,150,-79
IQ:22,184,8,-272,3
IQ:23,192,255,-39,183
IQ:24,200,7,243,-149
IQ:25,208,255,-17,-270
IQ:26,216,6,-64,-96
IQ:27,224,255,2,72
IQ:28,232,5,295,-41
IQ:29,240,255,-20,-281
IQ:30,248,12,-290,46
IQ:31,256,255,-19,254
IQ:32,264,1,216,-28
IQ:33,272,255,-9,-216
IQ:34,280,2,-180,22
IQ:35,288,255,40,129
SW:2
RR:3
SS:3
FR:2480
ME:356
MA:353
KE:357
KA:353
DF_END

Data arrived...
DF_BEGIN
IQ:0,0,11,-154,-39
IQ:1,8,11,-29,171
IQ:2,16,11,181,18
IQ:3,24,11,1,-178
IQ:4,32,11,-170,20
IQ:5,40,11,39,163
IQ:6,48,11,179,-50
IQ:7,56,11,-51,-152
IQ:8,72,12,104,202
IQ:9,80,255,193,-65
IQ:10,88,1,-52,-160
IQ:11,96,255,-133,44
IQ:12,104,2,79,115
IQ:13,112,255,66,-48
IQ:14,120,10,-287,27
IQ:15,128,255,-66,243
IQ:16,136,3,141,57
IQ:17,144,255,31,-101
IQ:18,152,9,-174,60
IQ:19,160,255,18,197
IQ:20,168,4,203,13
IQ:21,176,255,31,-139
IQ:22,184,8,-139,168
IQ:23,192,255,102,122
IQ:24,200,7,69,-224
IQ:25,208,255,-147,-129
IQ:26,216,6,-56,-4
IQ:27,224,255,83,13
IQ:28,232,5,136,-192
IQ:29,240,255,-135,-149
IQ:30,248,12,-119,178
IQ:31,256,255,158,144
IQ:32,264,1,116,-141
IQ:33,272,255,-96,-108
IQ:34,280,2,-62,122
IQ:35,288,255,118,42
SW:2
RR:3
SS:3
FR:2480
ME:356
MA:353
KE:357
KA:353
DF_END

Data arrived...
DF_BEGIN
IQ:0,0,11,-110,-128
IQ:1,8,11,-114,92
IQ:2,16,11,124,95
IQ:3,24,11,88,-136
IQ:4,32,11,-148,-76
IQ:5,40,11,-60,140
IQ:6,48,11,147,40
IQ:7,56,11,27,-152
IQ:8,72,12,28,199
IQ:9,80,255,200,-16
IQ:10,88,1,-5,-208
IQ:11,96,255,-193,5
IQ:12,104,2,6,181
IQ:13,112,255,132,-10
IQ:14,120,10,-147,-108
IQ:15,128,255,-134,126
IQ:16,136,3,127,163
IQ:17,144,255,113,-100
IQ:18,152,9,-162,-22
IQ:19,160,255,-64,173
IQ:20,168,4,188,100
IQ:21,176,255,88,-126
IQ:22,184,8,-173,8
IQ:23,192,255,1,177
IQ:24,200,7,181,-33
IQ:25,208,255,24,-180
IQ:26,216,6,-100,-23
IQ:27,224,255,35,105
IQ:28,232,5,213,-52
IQ:29,240,255,-42,-168
IQ:30,248,12,-145,138
IQ:31,256,255,125,165
IQ:32,264,1,168,-106
IQ:33,272,255,-86,-173
IQ:34,280,2,-155,83
IQ:35,288,255,87,120
SW:2
RR:3
SS:3
FR:2426
ME:359
MA:353
KE:357
KA:353
DF_END

Data arrived...
DF_BEGIN
IQ:0,0,11,-85,135
IQ:1,8,11,147,66
IQ:2,16,11,48,-157
IQ:3,24,11,-159,-39
IQ:4,32,11,-27,156
IQ:5,40,11,162,7
IQ:6,48,11,2,-161
IQ:7,56,11,-157,11
IQ:8,72,12,134,-65
IQ:9,80,255,-50,-133
IQ:10,88,1,-124,67
IQ:11,96,255,64,132
IQ:12,104,2,146,-40
IQ:13,112,255,-41,-106
IQ:14,120,10,-43,134
IQ:15,128,255,125,70
IQ:16,136,3,64,-152
IQ:17,144,255,-126,-53
IQ:18,152,9,13,134
IQ:19,160,255,150,-7
IQ:20,168,4,21,-194
IQ:21,176,255,-152,-46
IQ:22,184,8,48,127
IQ:23,192,255,131,-32
IQ:24,200,7,-62,-127
IQ:25,208,255,-141,30
IQ:26,216,6,-3,89
IQ:27,224,255,65,-34
IQ:28,232,5,-108,-110
IQ:29,240,255,-105,98
IQ:30,248,12,126,87
IQ:31,256,255,93,-103
IQ:32,264,1,-125,-72
IQ:33,272,255,-98,118
IQ:34,280,2,95,113
IQ:35,288,255,68,-95
SW:2
RR:3
SS:3
FR:2402
ME:359
MA:353
KE:357
KA:353
DF_END

Data arrived...
DF_BEGIN
IQ:0,0,11,-161,126
IQ:1,8,11,149,146
IQ:2,16,11,116,-167
IQ:3,24,11,-178,-120
IQ:4,32,11,-103,175
IQ:5,40,11,184,82
IQ:6,48,11,73,-193
IQ:7,56,11,-193,-55
IQ:8,72,12,192,16
IQ:9,80,255,13,-180
IQ:10,88,1,-181,30
IQ:11,96,255,0,194
IQ:12,104,2,192,39
IQ:13,112,255,38,-138
IQ:14,120,10,-117,123
IQ:15,128,255,111,137
IQ:16,136,3,154,-146
IQ:17,144,255,-112,-128
IQ:18,152,9,-51,155
IQ:19,160,255,187,66
IQ:20,168,4,126,-215
IQ:21,176,255,-152,-141
IQ:22,184,8,-8,176
IQ:23,192,255,173,33
IQ:24,200,7,-7,-170
IQ:25,208,255,-179,-27
IQ:26,216,6,-62,98
IQ:27,224,255,93,-1
IQ:28,232,5,-67,-196
IQ:29,240,255,-180,51
IQ:30,248,12,80,175
IQ:31,256,255,166,-65
IQ:32,264,1,-104,-164
IQ:33,272,255,-170,91
IQ:34,280,2,61,191
IQ:35,288,255,136,-78
SW:2
RR:3
SS:3
FR:2402
ME:359
MA:353
KE:357
KA:353
DF_END

Data arrived...
DF_BEGIN
IQ:0,0,11,154,26
IQ:1,8,11,13,-156
IQ:2,16,11,-152,11
IQ:3,24,11,35,148
IQ:4,32,11,159,-36
IQ:5,40,11,-55,-154
IQ:6,48,11,-140,74
IQ:7,56,11,81,131
IQ:8,72,12,-120,-142
IQ:9,80,255,-154,89
IQ:10,88,1,80,126
IQ:11,96,255,116,-79
IQ:12,104,2,-91,-89
IQ:13,112,255,-31,50
IQ:14,120,10,251,-71
IQ:15,128,255,23,-237
IQ:16,136,3,-132,-38
IQ:17,144,255,8,103
IQ:18,152,9,160,-78
IQ:19,160,255,-62,-172
IQ:20,168,4,-187,12
IQ:21,176,255,-6,125
IQ:22,184,8,97,-141
IQ:23,192,255,-100,-92
IQ:24,200,7,-29,195
IQ:25,208,255,157,92
IQ:26,216,6,52,-30
IQ:27,224,255,-69,-15
IQ:28,232,5,-93,178
IQ:29,240,255,161,88
IQ:30,248,12,65,-179
IQ:31,256,255,-151,-100
IQ:32,264,1,-76,135
IQ:33,272,255,122,57
IQ:34,280,2,45,-109
IQ:35,288,255,-108,-12
SW:2
RR:3
SS:3
FR:2480
ME:356
MA:353
KE:357
KA:353
DF_END

Data arrived...
DF_BEGIN
IQ:0,0,11,17,-158
IQ:1,8,11,-159,-14
IQ:2,16,11,-2,163
IQ:3,24,11,161,-22
IQ:4,32,11,-30,-154
IQ:5,40,11,-146,52
IQ:6,48,11,68,142
IQ:7,56,11,138,-86
IQ:8,72,12,-117,166
IQ:9,80,255,153,140
IQ:10,88,1,155,-128
IQ:11,96,255,-109,-154
IQ:12,104,2,-157,93
IQ:13,112,255,73,103
IQ:14,120,10,-14,-191
IQ:15,128,255,-185,-9
IQ:16,136,3,-24,200
IQ:17,144,255,146,30
IQ:18,152,9,-100,-122
IQ:19,160,255,-156,90
IQ:20,168,4,44,208
IQ:21,176,255,160,-21
IQ:22,184,8,-132,-122
IQ:23,192,255,-140,99
IQ:24,200,7,139,126
IQ:25,208,255,147,-105
IQ:26,216,6,-40,-83
IQ:27,224,255,-57,95
IQ:28,232,5,170,133
IQ:29,240,255,117,-128
IQ:30,248,12,-198,-50
IQ:31,256,255,-64,190
IQ:32,264,1,178,75
IQ:33,272,255,66,-171
IQ:34,280,2,-160,-69
IQ:35,288,255,-52,129
SW:2
RR:3
SS:3
FR:2426
ME:359
MA:353
KE:357
KA:353
DF_END

Data arrived...
DF_BEGIN
IQ:0,0,11,141,-54
IQ:1,8,11,-69,-137
IQ:2,16,11,-133,85
IQ:3,24,11,88,126
IQ:4,32,11,105,-102
IQ:5,40,11,-117,-95
IQ:6,48,11,-88,122
IQ:7,56,11,131,75
IQ:8,72,12,-143,-37
IQ:9,80,255,-44,127
IQ:10,88,1,136,27
IQ:11,96,255,38,-141
IQ:12,104,2,-136,-58
IQ:13,112,255,-44,98
IQ:14,120,10,111,-72
IQ:15,128,255,-58,-117
IQ:16,136,3,-143,87
IQ:17,144,255,69,111
IQ:18,152,9,72,-121
IQ:19,160,255,-121,-92
IQ:20,168,4,-125,144
IQ:21,176,255,93,119
IQ:22,184,8,48,-136
IQ:23,192,255,-121,-58
IQ:24,200,7,-15,127
IQ:25,208,255,126,50
IQ:26,216,6,55,-59
IQ:27,224,255,-65,-6
IQ:28,232,5,26,156
IQ:29,240,255,141,-13
IQ:30,248,12,-30,-151
IQ:31,256,255,-131,9
IQ:32,264,1,50,131
IQ:33,272,255,138,-46
IQ:34,280,2,-21,-147
IQ:35,288,255,-118,31
SW:2
RR:3
SS:3
FR:2402
ME:359
MA:353
KE:357
KA:353
DF_END

Data arrived...
DF_BEGIN
IQ:0,0,11,-105,168
IQ:1,8,11,164,95
IQ:2,16,11,54,-176
IQ:3,24,11,-189,-36
IQ:4,32,11,-28,196
IQ:5,40,11,181,-3
IQ:6,48,11,-31,-188
IQ:7,56,11,-191,3
IQ:8,72,12,216,-46
IQ:9,80,255,-12,-201
IQ:10,88,1,-181,29
IQ:11,96,255,18,165
IQ:12,104,2,152,-39
IQ:13,112,255,-37,-63
IQ:14,120,10,-54,323
IQ:15,128,255,236,149
IQ:16,136,3,124,-124
IQ:17,144,255,-108,-66
IQ:18,152,9,9,209
IQ:19,160,255,212,44
IQ:20,168,4,62,-208
IQ:21,176,255,-146,-64
IQ:22,184,8,104,183
IQ:23,192,255,163,-68
IQ:24,200,7,-200,-145
IQ:25,208,255,-195,120
IQ:26,216,6,-9,80
IQ:27,224,255,50,-78
IQ:28,232,5,-144,-192
IQ:29,240,255,-160,110
IQ:30,248,12,157,181
IQ:31,256,255,179,-103
IQ:32,264,1,-120,-141
IQ:33,272,255,-136,92
IQ:34,280,2,107,109
IQ:35,288,255,62,-103
SW:2
RR:3
SS:3
FR:2480
ME:356
MA:353
KE:357
KA:353
DF_END

Data arrived...
DF_BEGIN
IQ:0,0,11,-5,181
IQ:1,8,11,191,-16
IQ:2,16,11,-39,-172
IQ:3,24,11,-180,69
IQ:4,32,11,68,172
IQ:5,40,11,161,-71
IQ:6,48,11,-84,-168
IQ:7,56,11,-146,107
IQ:8,72,12,164,-149
IQ:9,80,255,-137,-159
IQ:10,88,1,-173,111
IQ:11,96,255,81,137
IQ:12,104,2,106,-113
IQ:13,112,255,-55,-57
IQ:14,120,10,107,294
IQ:15,128,255,276,-1
IQ:16,136,3,34,-167
IQ:17,144,255,-126,9
IQ:18,152,9,92,181
IQ:19,160,255,187,-82
IQ:20,168,4,-50,-213
IQ:21,176,255,-151,12
IQ:22,184,8,170,115
IQ:23,192,255,91,-128
IQ:24,200,7,-252,-36
IQ:25,208,255,-112,198
IQ:26,216,6,25,58
IQ:27,224,255,19,-92
IQ:28,232,5,-220,-101
IQ:29,240,255,-91,194
IQ:30,248,12,214,62
IQ:31,256,255,70,-188
IQ:32,264,1,-174,-57
IQ:33,272,255,-69,153
IQ:34,280,2,129,42
IQ:35,288,255,4,-127
SW:2
RR:3
SS:3
FR:2480
ME:356
MA:353
KE:357
KA:353
DF_END

Data arrived...
DF_BEGIN
IQ:0,0,11,-72,145
IQ:1,8,11,149,64
IQ:2,16,11,53,-154
IQ:3,24,11,-154,-42
IQ:4,32,11,-14,156
IQ:5,40,11,159,-1
IQ:6,48,11,-25,-157
IQ:7,56,11,-159,33
IQ:8,72,12,165,-121
IQ:9,80,255,-91,-181
IQ:10,88,1,-194,78
IQ:11,96,255,55,170
IQ:12,104,2,168,-57
IQ:13,112,255,-56,-103
IQ:14,120,10,-43,187
IQ:15,128,255,168,77
IQ:16,136,3,111,-184
IQ:17,144,255,-126,-80
IQ:18,152,9,37,150
IQ:19,160,255,181,-10
IQ:20,168,4,33,-205
IQ:21,176,255,-158,-31
IQ:22,184,8,78,160
IQ:23,192,255,157,-73
IQ:24,200,7,-95,-171
IQ:25,208,255,-180,47
IQ:26,216,6,19,88
IQ:27,224,255,92,-73
IQ:28,232,5,-111,-181
IQ:29,240,255,-138,95
IQ:30,248,12,178,110
IQ:31,256,255,125,-157
IQ:32,264,1,-161,-115
IQ:33,272,255,-119,134
IQ:34,280,2,133,115
IQ:35,288,255,88,-118
SW:2
RR:3
SS:3
FR:2426
ME:359
MA:353
KE:357
KA:353
DF_END

Data arrived...
DF_BEGIN
IQ:0,0,11,-49,-176
IQ:1,8,11,-176,66
IQ:2,16,11,81,163
IQ:3,24,11,158,-95
IQ:4,32,11,-91,-155
IQ:5,40,11,-121,128
IQ:6,48,11,148,107
IQ:7,56,11,103,-153
IQ:8,72,12,-95,153
IQ:9,80,255,138,89
IQ:10,88,1,51,-162
IQ:11,96,255,-177,-64
IQ:12,104,2,-92,161
IQ:13,112,255,116,78
IQ:14,120,10,-68,-138
IQ:15,128,255,-147,60
IQ:16,136,3,91,168
IQ:17,144,255,140,-65
IQ:18,152,9,-126,-102
IQ:19,160,255,-121,141
IQ:20,168,4,152,181
IQ:21,176,255,168,-87
IQ:22,184,8,-157,-56
IQ:23,192,255,-75,148
IQ:24,200,7,153,39
IQ:25,208,255,85,-149
IQ:26,216,6,-63,-85
IQ:27,224,255,-24,66
IQ:28,232,5,188,-3
IQ:29,240,255,7,-175
IQ:30,248,12,-177,10
IQ:31,256,255,10,160
IQ:32,264,1,164,-58
IQ:33,272,255,-33,-178
IQ:34,280,2,-185,13
IQ:35,288,255,28,156
SW:2
RR:3
SS:3
FR:2402
ME:359
MA:353
KE:357
KA:353
DF_END