IQ:20,168,4,12,221
IQ:21,176,255,183,13
IQ:22,184,8,-90,-158
IQ:23,192,255,-160,83
IQ:24,200,7,126,169
IQ:25,208,255,176,-77
IQ:26,216,6,-25,-100
IQ:27,224,255,-90,79
IQ:28,232,5,139,165
IQ:29,240,255,130,-127
IQ:30,248,12,-199,-87
IQ:31,256,255,-107,177
IQ:32,264,1,172,108
IQ:33,272,255,103,-167
IQ:34,280,2,-155,-105
IQ:35,288,255,-86,124
SW:2
RR:3
SS:3
FR:2426
ME:359
MA:353
KE:358
KA:353
DF_END

Data arrived...
DF_BEGIN
IQ:0,0,11,-183,-71
IQ:1,8,11,-29,183
IQ:2,16,11,195,2
IQ:3,24,11,-10,-193
IQ:4,32,11,-193,19
IQ:5,40,11,31,189
IQ:6,48,11,192,-41
IQ:7,56,11,-67,-180
IQ:8,72,12,93,161
IQ:9,80,255,137,-88
IQ:10,88,1,-128,-131
IQ:11,96,255,-147,125
IQ:12,104,2,77,163
IQ:13,112,255,108,-55
IQ:14,120,10,-175,-10
IQ:15,128,255,-33,168
IQ:16,136,3,189,38
IQ:17,144,255,19,-146
IQ:18,152,9,-163,59
IQ:19,160,255,64,180
IQ:20,168,4,226,-31
IQ:21,176,255,23,-190
IQ:22,184,8,-134,100
IQ:23,192,255,96,136
IQ:24,200,7,127,-115
IQ:25,208,255,-72,-148
IQ:26,216,6,-99,7
IQ:27,224,255,59,57
IQ:28,232,5,99,-172
IQ:29,240,255,-161,-109
IQ:30,248,12,-96,164
IQ:31,256,255,144,93
IQ:32,264,1,52,-182
IQ:33,272,255,-181,-73
IQ:34,280,2,-112,147
IQ:35,288,255,134,54
SW:2
RR:3
SS:3
FR:2402
ME:359
MA:353
KE:358
KA:353
DF_END

Data arrived...
DF_BEGIN
IQ:0,0,11,71,-181
IQ:1,8,11,-185,-47
IQ:2,16,11,-25,183
IQ:3,24,11,192,19
IQ:4,32,11,10,-191
IQ:5,40,11,-188,11
IQ:6,48,11,36,186
IQ:7,56,11,180,-59
IQ:8,72,12,-175,90
IQ:9,80,255,72,149
IQ:10,88,1,149,-123
IQ:11,96,255,-108,-154
IQ:12,104,2,-159,72
IQ:13,112,255,49,114
IQ:14,120,10,25,-176
IQ:15,128,255,-165,-57
IQ:16,136,3,-44,178
IQ:17,144,255,143,28
IQ:18,152,9,-51,-167
IQ:19,160,255,-192,21
IQ:20,168,4,7,228
IQ:21,176,255,183,28
IQ:22,184,8,-94,-155
IQ:23,192,255,-153,70
IQ:24,200,7,105,129
IQ:25,208,255,157,-67
IQ:26,216,6,-6,-90
IQ:27,224,255,-67,59
IQ:28,232,5,161,127
IQ:29,240,255,131,-127
IQ:30,248,12,-154,-110
IQ:31,256,255,-98,141
IQ:32,264,1,169,77
IQ:33,272,255,85,-169
IQ:34,280,2,-139,-109
IQ:35,288,255,-70,130
SW:2
RR:3
SS:3
FR:2402
ME:359
MA:353
KE:358
KA:353
DF_END

Data arrived...
DF_BEGIN
IQ:0,0,11,174,-62
IQ:1,8,11,-77,-184
IQ:2,16,11,-172,81
IQ:3,24,11,99,158
IQ:4,32,11,147,-122
IQ:5,40,11,-133,-129
IQ:6,48,11,-121,160
IQ:7,56,11,151,109
IQ:8,72,12,-205,-112
IQ:9,80,255,-122,163
IQ:10,88,1,154,86
IQ:11,96,255,87,-131
IQ:12,104,2,-128,-36
IQ:13,112,255,-18,70
IQ:14,120,10,213,-216
IQ:15,128,255,-73,-254
IQ:16,136,3,-138,9
IQ:17,144,255,37,107
IQ:18,152,9,136,-134
IQ:19,160,255,-121,-144
IQ:20,168,4,-173,109
IQ:21,176,255,51,129
IQ:22,184,8,65,-204
IQ:23,192,255,-156,-53
IQ:24,200,7,53,246
IQ:25,208,255,223,49
IQ:26,216,6,57,-48
IQ:27,224,255,-71,14
IQ:28,232,5,-9,232
IQ:29,240,255,199,17
IQ:30,248,12,-4,-227
IQ:31,256,255,-205,-24
IQ:32,264,1,-9,167
IQ:33,272,255,160,15
IQ:34,280,2,-7,-131
IQ:35,288,255,-117,30
SW:2
RR:3
SS:3
FR:2480
ME:356
MA:353
KE:357
KA:353
DF_END

Data arrived...
DF_BEGIN
IQ:0,0,11,75,149
IQ:1,8,11,149,-73
IQ:2,16,11,-95,-130
IQ:3,24,11,-116,110
IQ:4,32,11,125,101
IQ:5,40,11,93,-134
IQ:6,48,11,-131,-86
IQ:7,56,11,-79,148
IQ:8,72,12,44,-203
IQ:9,80,255,-207,-50
IQ:10,88,1,-64,198
IQ:11,96,255,176,76
IQ:12,104,2,58,-166
IQ:13,112,255,-121,-31
IQ:14,120,10,98,156
IQ:15,128,255,167,-85
IQ:16,136,3,-82,-199
IQ:17,144,255,-147,66
IQ:18,152,9,157,86
IQ:19,160,255,113,-152
IQ:20,168,4,-149,-157
IQ:21,176,255,-143,101
IQ:22,184,8,172,76
IQ:23,192,255,63,-169
IQ:24,200,7,-189,-40
IQ:25,208,255,-87,165
IQ:26,216,6,80,59
IQ:27,224,255,-2,-111
IQ:28,232,5,-217,-26
IQ:29,240,255,-25,180
IQ:30,248,12,200,-76
IQ:31,256,255,-36,-208
IQ:32,264,1,-202,43
IQ:33,272,255,27,185
IQ:34,280,2,172,-21
IQ:35,288,255,-43,-137
SW:2
RR:3
SS:3
FR:2426
ME:359
MA:353
KE:358
KA:353
DF_END

Data arrived...
DF_BEGIN
IQ:0,0,11,-112,-156
IQ:1,8,11,-150,114
IQ:2,16,11,139,135
IQ:3,24,11,129,-143
IQ:4,32,11,-162,-105
IQ:5,40,11,-84,175
IQ:6,48,11,173,81
IQ:7,56,11,59,-181
IQ:8,72,12,-24,179
IQ:9,80,255,163,18
IQ:10,88,1,-30,-184
IQ:11,96,255,-191,6
IQ:12,104,2,-27,173
IQ:13,112,255,125,15
IQ:14,120,10,-126,-116
IQ:15,128,255,-132,112
IQ:16,136,3,122,148
IQ:17,144,255,110,-107
IQ:18,152,9,-166,-56
IQ:19,160,255,-66,175
IQ:20,168,4,203,118
IQ:21,176,255,134,-124
IQ:22,184,8,-169,-11
IQ:23,192,255,-34,166
IQ:24,200,7,170,9
IQ:25,208,255,36,-165
IQ:26,216,6,-71,-52
IQ:27,224,255,14,76
IQ:28,232,5,181,-67
IQ:29,240,255,-55,-175
IQ:30,248,12,-177,77
IQ:31,256,255,58,160
IQ:32,264,1,149,-102
IQ:33,272,255,-87,-164
IQ:34,280,2,-163,53
IQ:35,288,255,63,120
SW:2
RR:3
SS:3
FR:2402
ME:359
MA:353
KE:358
KA:353
DF_END

Data arrived...
DF_BEGIN
IQ:0,0,11,-53,-181
IQ:1,8,11,-184,57
IQ:2,16,11,89,151
IQ:3,24,11,152,-103
IQ:4,32,11,-105,-157
IQ:5,40,11,-138,119
IQ:6,48,11,148,106
IQ:7,56,11,91,-172
IQ:8,72,12,-110,199
IQ:9,80,255,170,110
IQ:10,88,1,100,-146
IQ:11,96,255,-110,-106
IQ:12,104,2,-63,116
IQ:13,112,255,72,13
IQ:14,120,10,-184,-240
IQ:15,128,255,-249,62
IQ:16,136,3,24,145
IQ:17,144,255,110,-48
IQ:18,152,9,-141,-131
IQ:19,160,255,-147,114
IQ:20,168,4,103,180
IQ:21,176,255,128,-66
IQ:22,184,8,-202,-61
IQ:23,192,255,-53,154
IQ:24,200,7,252,-42
IQ:25,208,255,47,-222
IQ:26,216,6,-34,-61
IQ:27,224,255,14,73
IQ:28,232,5,236,14
IQ:29,240,255,49,-193
IQ:30,248,12,-224,-4
IQ:31,256,255,-49,199
IQ:32,264,1,158,15
IQ:33,272,255,23,-160
IQ:34,280,2,-135,4
IQ:35,288,255,32,102
SW:2
RR:3
SS:3
FR:2480
ME:356
MA:353
KE:357
KA:353
DF_END

Data arrived...
DF_BEGIN
IQ:0,0,11,99,122
IQ:1,8,11,104,-124
IQ:2,16,11,-128,-104
IQ:3,24,11,-106,127
IQ:4,32,11,139,86
IQ:5,40,11,73,-151
IQ:6,48,11,-148,-64
IQ:7,56,11,-49,161
IQ:8,72,12,-11,-201
IQ:9,80,255,-205,2
IQ:10,88,1,-13,199
IQ:11,96,255,186,37
IQ:12,104,2,25,-176
IQ:13,112,255,-127,-21
IQ:14,120,10,122,137
IQ:15,128,255,159,-113
IQ:16,136,3,-104,-197
IQ:17,144,255,-131,81
IQ:18,152,9,160,46
IQ:19,160,255,64,-181
IQ:20,168,4,-189,-113
IQ:21,176,255,-97,141
IQ:22,184,8,183,19
IQ:23,192,255,30,-180
IQ:24,200,7,-199,-5
IQ:25,208,255,-39,182
IQ:26,216,6,85,29
IQ:27,224,255,-19,-116
IQ:28,232,5,-216,13
IQ:29,240,255,8,173
IQ:30,248,12,179,-102
IQ:31,256,255,-99,-183
IQ:32,264,1,-194,73
IQ:33,272,255,52,180
IQ:34,280,2,171,-55
IQ:35,288,255,-57,-137
SW:2
RR:3
SS:3
FR:2426
ME:359
MA:353
KE:358
KA:353
DF_END

Data arrived...
DF_BEGIN
IQ:0,0,11,-124,138
IQ:1,8,11,164,98
IQ:2,16,11,83,-175
IQ:3,24,11,-180,-66
IQ:4,32,11,-41,191
IQ:5,40,11,191,26
IQ:6,48,11,8,-196
IQ:7,56,11,-194,4
IQ:8,72,12,192,-41
IQ:9,80,255,-32,-171
IQ:10,88,1,-174,75
IQ:11,96,255,59,188
IQ:12,104,2,181,-31
IQ:13,112,255,-13,-119
IQ:14,120,10,-80,151
IQ:15,128,255,135,100
IQ:16,136,3,92,-168
IQ:17,144,255,-137,-75
IQ:18,152,9,-8,183
IQ:19,160,255,194,9
IQ:20,168,4,53,-233
IQ:21,176,255,-163,-77
IQ:22,184,8,51,171
IQ:23,192,255,172,-27
IQ:24,200,7,-53,-167
IQ:25,208,255,-174,16
IQ:26,216,6,-24,90
IQ:27,224,255,76,-35
IQ:28,232,5,-120,-159
IQ:29,240,255,-158,100
IQ:30,248,12,117,140
IQ:31,256,255,129,-108
IQ:32,264,1,-139,-122
IQ:33,272,255,-122,145
IQ:34,280,2,101,144
IQ:35,288,255,97,-117
SW:2
RR:3
SS:3
FR:2402
ME:359
MA:353
KE:358
KA:353
DF_END

Data arrived...
DF_BEGIN
IQ:0,0,11,99,161
IQ:1,8,11,142,-116
IQ:2,16,11,-141,-141
IQ:3,24,11,-135,143
IQ:4,32,11,147,110
IQ:5,40,11,91,-175
IQ:6,48,11,-169,-93
IQ:7,56,11,-66,177
IQ:8,72,12,38,-190
IQ:9,80,255,-167,-27
IQ:10,88,1,28,185
IQ:11,96,255,189,3
IQ:12,104,2,43,-179
IQ:13,112,255,-119,-28
IQ:14,120,10,129,114
IQ:15,128,255,132,-114
IQ:16,136,3,-123,-149
IQ:17,144,255,-126,96
IQ:18,152,9,160,71
IQ:19,160,255,92,-173
IQ:20,168,4,-190,-130
IQ:21,176,255,-134,132
IQ:22,184,8,172,13
IQ:23,192,255,23,-170
IQ:24,200,7,-173,-5
IQ:25,208,255,-50,168
IQ:26,216,6,77,50
IQ:27,224,255,-5,-85
IQ:28,232,5,-194,52
IQ:29,240,255,35,182
IQ:30,248,12,180,-63
IQ:31,256,255,-45,-166
IQ:32,264,1,-170,88
IQ:33,272,255,59,174
IQ:34,280,2,176,-36
IQ:35,288,255,-56,-137
SW:2
RR:3
SS:3
FR:2402
ME:359
MA:353
KE:358
KA:353
DF_END

Data arrived...
DF_BEGIN
IQ:0,0,11,-26,-182
IQ:1,8,11,-175,56
IQ:2,16,11,55,182
IQ:3,24,11,171,-82
IQ:4,32,11,-107,-156
IQ:5,40,11,-163,108
IQ:6,48,11,121,138
IQ:7,56,11,122,-146
IQ:8,72,12,-141,180
IQ:9,80,255,154,136
IQ:10,88,1,115,-131
IQ:11,96,255,-107,-112
IQ:12,104,2,-83,119
IQ:13,112,255,61,23
IQ:14,120,10,-147,-261
IQ:15,128,255,-274,39
IQ:16,136,3,-10,142
IQ:17,144,255,116,-36
IQ:18,152,9,-123,-144
IQ:19,160,255,-173,104
IQ:20,168,4,87,181
IQ:21,176,255,129,-53
IQ:22,184,8,-208,-89
IQ:23,192,255,-80,142
IQ:24,200,7,259,-16
IQ:25,208,255,86,-209
IQ:26,216,6,-30,-74
IQ:27,224,255,5,72
IQ:28,232,5,230,26
IQ:29,240,255,41,-194
IQ:30,248,12,-230,-29
IQ:31,256,255,-64,198
IQ:32,264,1,166,64
IQ:33,272,255,43,-140
IQ:34,280,2,-143,-21
IQ:35,288,255,16,115
SW:2
RR:3
SS:3
FR:2480
ME:356
MA:353
KE:358
KA:353
DF_END

Data arrived...
DF_BEGIN
IQ:0,0,11,-162,28
IQ:1,8,11,38,153
IQ:2,16,11,145,-63
IQ:3,24,11,-74,-147
IQ:4,32,11,-139,81
IQ:5,40,11,87,137
IQ:6,48,11,123,-110
IQ:7,56,11,-125,-119
IQ:8,72,12,190,84
IQ:9,80,255,102,-185
IQ:10,88,1,-163,-114
IQ:11,96,255,-110,149
IQ:12,104,2,147,104
IQ:13,112,255,62,-104
IQ:14,120,10,-179,64
IQ:15,128,255,26,190
IQ:16,136,3,199,-34
IQ:17,144,255,-22,-155
IQ:18,152,9,-119,117
IQ:19,160,255,124,136
IQ:20,168,4,183,-109
IQ:21,176,255,-75,-156
IQ:22,184,8,-103,155
IQ:23,192,255,145,107
IQ:24,200,7,106,-169
IQ:25,208,255,-142,-126
IQ:26,216,6,-74,65
IQ:27,224,255,110,38
IQ:28,232,5,83,-203
IQ:29,240,255,-155,-73
IQ:30,248,12,13,207
IQ:31,256,255,215,-2
IQ:32,264,1,23,-201
IQ:33,272,255,-183,-14
IQ:34,280,2,-6,181
IQ:35,288,255,155,5
SW:2
RR:3
SS:3
FR:2426
ME:359
MA:353
KE:358
KA:353
DF_END

Data arrived...
DF_BEGIN
IQ:0,0,11,-84,176
IQ:1,8,11,176,73
IQ:2,16,11,40,-192
IQ:3,24,11,-190,-43
IQ:4,32,11,-39,186
IQ:5,40,11,191,8
IQ:6,48,11,-10,-188
IQ:7,56,11,-186,19
IQ:8,72,12,176,-62
IQ:9,80,255,-59,-158
IQ:10,88,1,-153,104
IQ:11,96,255,100,167
IQ:12,104,2,164,-62
IQ:13,112,255,-47,-110
IQ:14,120,10,-39,178
IQ:15,128,255,149,76
IQ:16,136,3,74,-169
IQ:17,144,255,-147,-50
IQ:18,152,9,42,168
IQ:19,160,255,197,-4
IQ:20,168,4,23,-231
IQ:21,176,255,-178,-48
IQ:22,184,8,70,158
IQ:23,192,255,169,-48
IQ:24,200,7,-81,-142
IQ:25,208,255,-168,41
IQ:26,216,6,-12,87
IQ:27,224,255,70,-38
IQ:28,232,5,-151,-136
IQ:29,240,255,-133,135
IQ:30,248,12,140,129
IQ:31,256,255,111,-119
IQ:32,264,1,-164,-96
IQ:33,272,255,-121,153
IQ:34,280,2,120,125
IQ:35,288,255,79,-124
SW:2
RR:3
SS:3
FR:2402
ME:356
MA:353
KE:357
KA:353
DF_END

Data arrived...
DF_BEGIN
IQ:0,0,11,162,-87
IQ:1,8,11,-101,-160
IQ:2,16,11,-144,110
IQ:3,24,11,122,136
IQ:4,32,11,119,-141
IQ:5,40,11,-145,-117
IQ:6,48,11,-98,167
IQ:7,56,11,173,79
IQ:8,72,12,-208,-66
IQ:9,80,255,-88,181
IQ:10,88,1,161,76
IQ:11,96,255,83,-144
IQ:12,104,2,-128,-27
IQ:13,112,255,5,62
IQ:14,120,10,214,-210
IQ:15,128,255,-117,-229
IQ:16,136,3,-145,29
IQ:17,144,255,57,101
IQ:18,152,9,124,-159
IQ:19,160,255,-130,-142
IQ:20,168,4,-157,138
IQ:21,176,255,77,117
IQ:22,184,8,40,-221
IQ:23,192,255,-166,-45
IQ:24,200,7,57,252
IQ:25,208,255,233,25
IQ:26,216,6,57,-34
IQ:27,224,255,-75,30
IQ:28,232,5,17,230
IQ:29,240,255,200,-5
IQ:30,248,12,-19,-227
IQ:31,256,255,-213,-12
IQ:32,264,1,8,171
IQ:33,272,255,157,26
IQ:34,280,2,-9,-131
IQ:35,288,255,-102,50
SW:2
RR:3
SS:3
FR:2480
ME:356
MA:353
KE:357
KA:353
DF_END

Data arrived...
DF_BEGIN
IQ:0,0,11,-163,-11
IQ:1,8,11,4,164
IQ:2,16,11,162,-16
IQ:3,24,11,-26,-158
IQ:4,32,11,-156,41
IQ:5,40,11,54,156
IQ:6,48,11,148,-65
IQ:7,56,11,-87,-142
IQ:8,72,12,144,149
IQ:9,80,255,149,-134
IQ:10,88,1,-128,-159
IQ:11,96,255,-155,104
IQ:12,104,2,103,142
IQ:13,112,255,90,-87
IQ:14,120,10,-187,8
IQ:15,128,255,-31,185
IQ:16,136,3,210,34
IQ:17,144,255,35,-157
IQ:18,152,9,-147,71
IQ:19,160,255,56,179
IQ:20,168,4,205,-46
IQ:21,176,255,-21,-171
IQ:22,184,8,-140,112
IQ:23,192,255,93,150
IQ:24,200,7,153,-131
IQ:25,208,255,-93,-156
IQ:26,216,6,-83,43
IQ:27,224,255,100,55
IQ:28,232,5,139,-167
IQ:29,240,255,-139,-108
IQ:30,248,12,-44,204
IQ:31,256,255,203,62
IQ:32,264,1,85,-183
IQ:33,272,255,-164,-81
IQ:34,280,2,-76,156
IQ:35,288,255,129,49
SW:2
RR:3
SS:3
FR:2426
ME:359
MA:353
KE:357
KA:353
DF_END

Data arrived...
DF_BEGIN
IQ:0,0,11,185,-68
IQ:1,8,11,-92,-171
IQ:2,16,11,-150,114
IQ:3,24,11,130,143
IQ:4,32,11,128,-141
IQ:5,40,11,-160,-116
IQ:6,48,11,-129,152
IQ:7,56,11,157,106
IQ:8,72,12,-187,-66
IQ:9,80,255,-68,163
IQ:10,88,1,183,31
IQ:11,96,255,37,-190
IQ:12,104,2,-169,-76
IQ:13,112,255,-45,122
IQ:14,120,10,151,-98
IQ:15,128,255,-68,-155
IQ:16,136,3,-170,89
IQ:17,144,255,75,133
IQ:18,152,9,96,-154
IQ:19,160,255,-155,-115
IQ:20,168,4,-167,166
IQ:21,176,255,91,164
IQ:22,184,8,48,-168
IQ:23,192,255,-152,-76
IQ:24,200,7,-49,166
IQ:25,208,255,158,71
IQ:26,216,6,73,-64
IQ:27,224,255,-81,-10
IQ:28,232,5,19,206
IQ:29,240,255,184,10
IQ:30,248,12,-20,-192
IQ:31,256,255,-165,17
IQ:32,264,1,59,184
IQ:33,272,255,184,-58
IQ:34,280,2,-27,-178
IQ:35,288,255,-141,37
SW:2
RR:3
SS:3
FR:2402
ME:359
MA:353
KE:357
KA:353
DF_END

Data arrived...
DF_BEGIN
IQ:0,0,11,-163,113
IQ:1,8,11,115,153
IQ:2,16,11,122,-138
IQ:3,24,11,-147,-116
IQ:4,32,11,-116,154
IQ:5,40,11,165,94
IQ:6,48,11,56,-168
IQ:7,56,11,-188,-40
IQ:8,72,12,221,40
IQ:9,80,255,71,-194
IQ:10,88,1,-173,-44
IQ:11,96,255,-55,145
IQ:12,104,2,120,12
IQ:13,112,255,-13,-70
IQ:14,120,10,-164,249
IQ:15,128,255,136,223
IQ:16,136,3,126,-50
IQ:17,144,255,-70,-91
IQ:18,152,9,-84,173
IQ:19,160,255,149,99
IQ:20,168,4,130,-156
IQ:21,176,255,-103,-110
IQ:22,184,8,-4,219
IQ:23,192,255,153,2
IQ:24,200,7,-119,-222
IQ:25,208,255,-231,16
IQ:26,216,6,-45,44
IQ:27,224,255,59,-47
IQ:28,232,5,-38,-222
IQ:29,240,255,-204,34
IQ:30,248,12,65,208
IQ:31,256,255,202,-38
IQ:32,264,1,-36,-175
IQ:33,272,255,-152,28
IQ:34,280,2,50,120
IQ:35,288,255,83,-66
SW:2
RR:3
SS:3
FR:2480
ME:356
MA:353
KE:357
KA:353
DF_END

Data arrived...
DF_BEGIN
IQ:0,0,11,-165,-25
IQ:1,8,11,-11,163
IQ:2,16,11,164,-5
IQ:3,24,11,-21,-155
IQ:4,32,11,-155,39
IQ:5,40,11,51,147
IQ:6,48,11,147,-73
IQ:7,56,11,-81,-148
IQ:8,72,12,149,152
IQ:9,80,255,157,-129
IQ:10,88,1,-105,-171
IQ:11,96,255,-156,99
IQ:12,104,2,108,132
IQ:13,112,255,100,-80
IQ:14,120,10,-180,3
IQ:15,128,255,-29,192
IQ:16,136,3,209,48
IQ:17,144,255,41,-158
IQ:18,152,9,-147,80
IQ:19,160,255,75,171
IQ:20,168,4,207,-34
IQ:21,176,255,-26,-166
IQ:22,184,8,-145,120
IQ:23,192,255,92,152
IQ:24,200,7,140,-126
IQ:25,208,255,-93,-161
IQ:26,216,6,-87,41
IQ:27,224,255,90,74
IQ:28,232,5,152,-155
IQ:29,240,255,-125,-116
IQ:30,248,12,-48,207
IQ:31,256,255,193,77
IQ:32,264,1,90,-184
IQ:33,272,255,-164,-95
IQ:34,280,2,-97,153
IQ:35,288,255,125,55
SW:2
RR:3
SS:3
FR:2426
ME:359
MA:353
KE:357
KA:353
DF_END

Data arrived...
DF_BEGIN
IQ:0,0,11,-139,-132
IQ:1,8,11,-113,155
IQ:2,16,11,169,94
IQ:3,24,11,93,-174
IQ:4,32,11,-171,-94
IQ:5,40,11,-62,178
IQ:6,48,11,191,47
IQ:7,56,11,23,-186
IQ:8,72,12,42,187
IQ:9,80,255,165,-21
IQ:10,88,1,-63,-181
IQ:11,96,255,-195,40
IQ:12,104,2,6,175
IQ:13,112,255,127,-12
IQ:14,120,10,-160,-95
IQ:15,128,255,-105,134
IQ:16,136,3,153,120
IQ:17,144,255,90,-122
IQ:18,152,9,-171,-16
IQ:19,160,255,-30,192
IQ:20,168,4,224,71
IQ:21,176,255,98,-161
IQ:22,184,8,-181,22
IQ:23,192,255,-8,169
IQ:24,200,7,163,-21
IQ:25,208,255,7,-168
IQ:26,216,6,-90,-35
IQ:27,224,255,30,78
IQ:28,232,5,161,-117
IQ:29,240,255,-85,-173
IQ:30,248,12,-164,97
IQ:31,256,255,76,142
IQ:32,264,1,137,-135
IQ:33,272,255,-110,-158
IQ:34,280,2,-162,75
IQ:35,288,255,91,105
SW:2
RR:3
SS:3
FR:2402
ME:359
MA:353
KE:357
KA:353
DF_END

Data arrived...
DF_BEGIN
IQ:0,0,11,-190,61
IQ:1,8,11,73,179
IQ:2,16,11,166,-95
IQ:3,24,11,-119,-161
IQ:4,32,11,-158,126
IQ:5,40,11,129,142
IQ:6,48,11,134,-137
IQ:7,56,11,-148,-118
IQ:8,72,12,174,79
IQ:9,80,255,79,-143
IQ:10,88,1,-185,-39
IQ:11,96,255,-72,187
IQ:12,104,2,159,80
IQ:13,112,255,53,-117
IQ:14,120,10,-155,96
IQ:15,128,255,62,164
IQ:16,136,3,176,-76
IQ:17,144,255,-72,-136
IQ:18,152,9,-100,146
IQ:19,160,255,158,129
IQ:20,168,4,183,-150
IQ:21,176,255,-94,-164
IQ:22,184,8,-73,165
IQ:23,192,255,146,87
IQ:24,200,7,47,-161
IQ:25,208,255,-155,-83
IQ:26,216,6,-72,70
IQ:27,224,255,87,18
IQ:28,232,5,2,-202
IQ:29,240,255,-190,-5
IQ:30,248,12,11,195
IQ:31,256,255,169,-4
IQ:32,264,1,-53,-191
IQ:33,272,255,-189,34
IQ:34,280,2,-4,179
IQ:35,288,255,144,-27
SW:2
RR:3
SS:3
FR:2402
ME:359
MA:353
KE:358
KA:353
DF_END

Data arrived...
DF_BEGIN
IQ:0,0,11,114,-153
IQ:1,8,11,-156,-94
IQ:2,16,11,-83,180
IQ:3,24,11,169,64
IQ:4,32,11,44,-175
IQ:5,40,11,-177,-14
IQ:6,48,11,-1,182
IQ:7,56,11,199,9
IQ:8,72,12,-222,32
IQ:9,80,255,12,209
IQ:10,88,1,173,5
IQ:11,96,255,2,-148
IQ:12,104,2,-144,43
IQ:13,112,255,23,72
IQ:14,120,10,60,-297
IQ:15,128,255,-219,-138
IQ:16,136,3,-102,113
IQ:17,144,255,90,76
IQ:18,152,9,34,-180
IQ:19,160,255,-180,-53
IQ:20,168,4,-61,194
IQ:21,176,255,138,56
IQ:22,184,8,-73,-205
IQ:23,192,255,-162,46
IQ:24,200,7,163,191
IQ:25,208,255,209,-69
IQ:26,216,6,28,-55
IQ:27,224,255,-44,65
IQ:28,232,5,129,204
IQ:29,240,255,179,-85
IQ:30,248,12,-129,-178
IQ:31,256,255,-183,89
IQ:32,264,1,102,140
IQ:33,272,255,136,-77
IQ:34,280,2,-83,-104
IQ:35,288,255,-85,89
SW:2
RR:3
SS:3
FR:2480
ME:356
MA:353
KE:357
KA:353
DF_END

Data arrived...
DF_BEGIN
IQ:0,0,11,152,-74
IQ:1,8,11,-59,-181
IQ:2,16,11,-117,143
IQ:3,24,11,115,132
IQ:4,32,11,48,-172
IQ:5,40,11,-130,-144
IQ:6,48,11,-84,143
IQ:7,56,11,73,70
IQ:8,72,12,-194,-22
IQ:9,80,255,-35,217
IQ:10,88,1,226,49
IQ:11,96,255,58,-140
IQ:12,104,2,-216,-83
IQ:13,112,255,-26,128
IQ:14,120,10,198,-59
IQ:15,128,255,-104,-156
IQ:16,136,3,-195,97
IQ:17,144,255,56,147
IQ:18,152,9,72,-145
IQ:19,160,255,-159,-89
IQ:20,168,4,-142,160
IQ:21,176,255,122,127
IQ:22,184,8,46,-172
IQ:23,192,255,-174,-67
IQ:24,200,7,-54,190
IQ:25,208,255,160,72
IQ:26,216,6,46,-79
IQ:27,224,255,-114,3
IQ:28,232,5,-46,207
IQ:29,240,255,164,23
IQ:30,248,12,-82,-192
IQ:31,256,255,-201,60
IQ:32,264,1,48,192
IQ:33,272,255,182,-28
IQ:34,280,2,-37,-172
IQ:35,288,255,-147,39
SW:2
RR:3
SS:3
FR:2426
ME:359
MA:353
KE:357
KA:353
DF_END

Data arrived...
DF_BEGIN