IQ:5,40,11,145,-117
IQ:6,48,11,-110,-145
IQ:7,56,11,-144,112
IQ:8,72,12,86,-154
IQ:9,80,255,-128,-100
IQ:10,88,1,-57,154
IQ:11,96,255,148,84
IQ:12,104,2,116,-133
IQ:13,112,255,-95,-83
IQ:14,120,10,54,132
IQ:15,128,255,152,-33
IQ:16,136,3,-48,-186
IQ:17,144,255,-144,32
IQ:18,152,9,113,100
IQ:19,160,255,123,-119
IQ:20,168,4,-133,-195
IQ:21,176,255,-173,59
IQ:22,184,8,140,78
IQ:23,192,255,104,-122
IQ:24,200,7,-146,-69
IQ:25,208,255,-108,124
IQ:26,216,6,35,85
IQ:27,224,255,29,-60
IQ:28,232,5,-178,-20
IQ:29,240,255,-35,163
IQ:30,248,12,178,6
IQ:31,256,255,25,-166
IQ:32,264,1,-165,14
IQ:33,272,255,7,171
IQ:34,280,2,173,14
IQ:35,288,255,3,-135
SW:2
RR:3
SS:3
FR:2402
ME:359
MA:353
KE:358
KA:353
DF_END

Data arrived...
DF_BEGIN
IQ:0,0,11,-159,85
IQ:1,8,11,69,166
IQ:2,16,11,150,-101
IQ:3,24,11,-110,-136
IQ:4,32,11,-123,132
IQ:5,40,11,130,103
IQ:6,48,11,98,-147
IQ:7,56,11,-170,-67
IQ:8,72,12,196,69
IQ:9,80,255,78,-159
IQ:10,88,1,-142,-57
IQ:11,96,255,-51,130
IQ:12,104,2,134,22
IQ:13,112,255,-14,-74
IQ:14,120,10,-194,184
IQ:15,128,255,111,195
IQ:16,136,3,132,-44
IQ:17,144,255,-56,-97
IQ:18,152,9,-133,158
IQ:19,160,255,137,129
IQ:20,168,4,137,-120
IQ:21,176,255,-78,-93
IQ:22,184,8,-29,193
IQ:23,192,255,140,39
IQ:24,200,7,-83,-224
IQ:25,208,255,-204,-12
IQ:26,216,6,-27,56
IQ:27,224,255,90,-37
IQ:28,232,5,9,-225
IQ:29,240,255,-195,-1
IQ:30,248,12,21,194
IQ:31,256,255,182,-8
IQ:32,264,1,-2,-142
IQ:33,272,255,-147,43
IQ:34,280,2,37,133
IQ:35,288,255,84,-48
SW:2
RR:3
SS:3
FR:2480
ME:356
MA:353
KE:357
KA:353
DF_END

Data arrived...
DF_BEGIN
IQ:0,0,11,162,-23
IQ:1,8,11,-32,-178
IQ:2,16,11,-165,30
IQ:3,24,11,58,167
IQ:4,32,11,155,-78
IQ:5,40,11,-109,-133
IQ:6,48,11,-123,122
IQ:7,56,11,132,131
IQ:8,72,12,-153,-139
IQ:9,80,255,-124,118
IQ:10,88,1,112,117
IQ:11,96,255,102,-95
IQ:12,104,2,-115,-68
IQ:13,112,255,-15,74
IQ:14,120,10,250,-104
IQ:15,128,255,-11,-242
IQ:16,136,3,-146,-18
IQ:17,144,255,18,106
IQ:18,152,9,172,-95
IQ:19,160,255,-76,-175
IQ:20,168,4,-177,46
IQ:21,176,255,24,125
IQ:22,184,8,95,-165
IQ:23,192,255,-125,-72
IQ:24,200,7,-6,235
IQ:25,208,255,196,94
IQ:26,216,6,31,-45
IQ:27,224,255,-119,2
IQ:28,232,5,-101,207
IQ:29,240,255,153,83
IQ:30,248,12,35,-190
IQ:31,256,255,-182,-66
IQ:32,264,1,-50,148
IQ:33,272,255,118,30
IQ:34,280,2,5,-138
IQ:35,288,255,-131,13
SW:2
RR:3
SS:3
FR:2480
ME:359
MA:353
KE:357
KA:353
DF_END

Data arrived...
DF_BEGIN
IQ:0,0,11,-96,164
IQ:1,8,11,172,67
IQ:2,16,11,59,-185
IQ:3,24,11,-185,-52
IQ:4,32,11,-20,191
IQ:5,40,11,179,2
IQ:6,48,11,-17,-194
IQ:7,56,11,-191,17
IQ:8,72,12,224,-119
IQ:9,80,255,-85,-225
IQ:10,88,1,-222,52
IQ:11,96,255,48,213
IQ:12,104,2,204,-46
IQ:13,112,255,-35,-145
IQ:14,120,10,-60,201
IQ:15,128,255,203,79
IQ:16,136,3,122,-225
IQ:17,144,255,-148,-102
IQ:18,152,9,46,185
IQ:19,160,255,208,-22
IQ:20,168,4,29,-257
IQ:21,176,255,-187,-56
IQ:22,184,8,66,197
IQ:23,192,255,199,-72
IQ:24,200,7,-108,-199
IQ:25,208,255,-217,46
IQ:26,216,6,3,101
IQ:27,224,255,100,-81
IQ:28,232,5,-126,-241
IQ:29,240,255,-191,87
IQ:30,248,12,204,144
IQ:31,256,255,146,-193
IQ:32,264,1,-186,-156
IQ:33,272,255,-149,156
IQ:34,280,2,152,154
IQ:35,288,255,106,-126
SW:2
RR:3
SS:3
FR:2426
ME:359
MA:353
KE:358
KA:353
DF_END

Data arrived...
DF_BEGIN
IQ:0,0,11,-88,153
IQ:1,8,11,171,66
IQ:2,16,11,49,-169
IQ:3,24,11,-185,-32
IQ:4,32,11,-30,174
IQ:5,40,11,175,8
IQ:6,48,11,-12,-188
IQ:7,56,11,-173,36
IQ:8,72,12,174,-60
IQ:9,80,255,-46,-153
IQ:10,88,1,-150,87
IQ:11,96,255,69,157
IQ:12,104,2,168,-39
IQ:13,112,255,-26,-112
IQ:14,120,10,-31,158
IQ:15,128,255,135,68
IQ:16,136,3,61,-176
IQ:17,144,255,-143,-57
IQ:18,152,9,35,153
IQ:19,160,255,177,-19
IQ:20,168,4,10,-227
IQ:21,176,255,-175,-59
IQ:22,184,8,65,141
IQ:23,192,255,152,-46
IQ:24,200,7,-81,-132
IQ:25,208,255,-160,50
IQ:26,216,6,-11,87
IQ:27,224,255,64,-28
IQ:28,232,5,-130,-126
IQ:29,240,255,-139,110
IQ:30,248,12,130,118
IQ:31,256,255,110,-125
IQ:32,264,1,-146,-78
IQ:33,272,255,-97,139
IQ:34,280,2,123,121
IQ:35,288,255,92,-110
SW:2
RR:3
SS:3
FR:2402
ME:359
MA:353
KE:358
KA:353
DF_END

Data arrived...
DF_BEGIN
IQ:0,0,11,166,-62
IQ:1,8,11,-73,-158
IQ:2,16,11,-158,98
IQ:3,24,11,105,149
IQ:4,32,11,140,-116
IQ:5,40,11,-124,-129
IQ:6,48,11,-118,136
IQ:7,56,11,145,103
IQ:8,72,12,-163,-65
IQ:9,80,255,-67,145
IQ:10,88,1,159,21
IQ:11,96,255,45,-171
IQ:12,104,2,-159,-83
IQ:13,112,255,-56,105
IQ:14,120,10,124,-89
IQ:15,128,255,-72,-135
IQ:16,136,3,-171,93
IQ:17,144,255,64,136
IQ:18,152,9,79,-144
IQ:19,160,255,-143,-102
IQ:20,168,4,-162,165
IQ:21,176,255,101,149
IQ:22,184,8,48,-150
IQ:23,192,255,-149,-66
IQ:24,200,7,-35,154
IQ:25,208,255,148,76
IQ:26,216,6,76,-51
IQ:27,224,255,-71,-12
IQ:28,232,5,17,182
IQ:29,240,255,168,3
IQ:30,248,12,-33,-173
IQ:31,256,255,-167,15
IQ:32,264,1,57,157
IQ:33,272,255,175,-39
IQ:34,280,2,-11,-170
IQ:35,288,255,-143,31
SW:2
RR:3
SS:3
FR:2402
ME:359
MA:353
KE:358
KA:353
DF_END

Data arrived...
DF_BEGIN
IQ:0,0,11,10,-172
IQ:1,8,11,-167,1
IQ:2,16,11,25,186
IQ:3,24,11,165,-50
IQ:4,32,11,-56,-160
IQ:5,40,11,-169,62
IQ:6,48,11,95,142
IQ:7,56,11,161,-96
IQ:8,72,12,-130,136
IQ:9,80,255,109,142
IQ:10,88,1,134,-102
IQ:11,96,255,-92,-117
IQ:12,104,2,-98,91
IQ:13,112,255,90,20
IQ:14,120,10,-48,-265
IQ:15,128,255,-225,-38
IQ:16,136,3,-34,129
IQ:17,144,255,126,-18
IQ:18,152,9,-78,-188
IQ:19,160,255,-190,32
IQ:20,168,4,32,186
IQ:21,176,255,115,-23
IQ:22,184,8,-149,-119
IQ:23,192,255,-92,115
IQ:24,200,7,224,19
IQ:25,208,255,115,-181
IQ:26,216,6,-23,-43
IQ:27,224,255,-21,99
IQ:28,232,5,198,81
IQ:29,240,255,86,-170
IQ:30,248,12,-180,-97
IQ:31,256,255,-80,151
IQ:32,264,1,153,53
IQ:33,272,255,51,-139
IQ:34,280,2,-140,-26
IQ:35,288,255,-8,121
SW:2
RR:3
SS:3
FR:2480
ME:356
MA:353
KE:358
KA:353
DF_END

Data arrived...
DF_BEGIN
IQ:0,0,11,-114,153
IQ:1,8,11,126,126
IQ:2,16,11,78,-162
IQ:3,24,11,-191,-70
IQ:4,32,11,-76,171
IQ:5,40,11,191,58
IQ:6,48,11,40,-150
IQ:7,56,11,-186,24
IQ:8,72,12,211,-17
IQ:9,80,255,22,-195
IQ:10,88,1,-160,-9
IQ:11,96,255,-18,147
IQ:12,104,2,134,-29
IQ:13,112,255,-51,-59
IQ:14,120,10,-145,251
IQ:15,128,255,153,161
IQ:16,136,3,122,-92
IQ:17,144,255,-89,-82
IQ:18,152,9,-52,177
IQ:19,160,255,166,72
IQ:20,168,4,97,-156
IQ:21,176,255,-86,-74
IQ:22,184,8,5,202
IQ:23,192,255,148,-26
IQ:24,200,7,-161,-179
IQ:25,208,255,-205,61
IQ:26,216,6,2,80
IQ:27,224,255,56,-77
IQ:28,232,5,-71,-220
IQ:29,240,255,-178,71
IQ:30,248,12,101,161
IQ:31,256,255,155,-83
IQ:32,264,1,-98,-145
IQ:33,272,255,-122,80
IQ:34,280,2,80,130
IQ:35,288,255,39,-89
SW:2
RR:3
SS:3
FR:2480
ME:356
MA:353
KE:357
KA:353
DF_END

Data arrived...
DF_BEGIN
IQ:0,0,11,128,133
IQ:1,8,11,122,-134
IQ:2,16,11,-145,-117
IQ:3,24,11,-107,152
IQ:4,32,11,164,66
IQ:5,40,11,43,-179
IQ:6,48,11,-183,-39
IQ:7,56,11,-26,179
IQ:8,72,12,-17,-186
IQ:9,80,255,-170,6
IQ:10,88,1,46,167
IQ:11,96,255,174,-32
IQ:12,104,2,-8,-188
IQ:13,112,255,-136,-9
IQ:14,120,10,122,85
IQ:15,128,255,105,-117
IQ:16,136,3,-157,-96
IQ:17,144,255,-90,124
IQ:18,152,9,152,16
IQ:19,160,255,33,-167
IQ:20,168,4,-223,-72
IQ:21,176,255,-96,158
IQ:22,184,8,147,-26
IQ:23,192,255,-4,-158
IQ:24,200,7,-159,32
IQ:25,208,255,-8,168
IQ:26,216,6,91,48
IQ:27,224,255,-12,-70
IQ:28,232,5,-157,91
IQ:29,240,255,81,149
IQ:30,248,12,152,-118
IQ:31,256,255,-89,-144
IQ:32,264,1,-125,108
IQ:33,272,255,111,141
IQ:34,280,2,155,-88
IQ:35,288,255,-90,-122
SW:2
RR:3
SS:3
FR:2402
ME:359
MA:353
KE:357
KA:353
DF_END

Data arrived...
DF_BEGIN
IQ:0,0,11,-17,-224
IQ:1,8,11,-226,24
IQ:2,16,11,48,215
IQ:3,24,11,205,-69
IQ:4,32,11,-85,-209
IQ:5,40,11,-202,103
IQ:6,48,11,131,168
IQ:7,56,11,168,-149
IQ:8,72,12,-209,169
IQ:9,80,255,130,166
IQ:10,88,1,152,-128
IQ:11,96,255,-118,-134
IQ:12,104,2,-106,128
IQ:13,112,255,81,42
IQ:14,120,10,-73,-328
IQ:15,128,255,-300,-5
IQ:16,136,3,-36,177
IQ:17,144,255,141,-36
IQ:18,152,9,-117,-226
IQ:19,160,255,-224,86
IQ:20,168,4,43,216
IQ:21,176,255,146,-49
IQ:22,184,8,-214,-147
IQ:23,192,255,-118,148
IQ:24,200,7,297,38
IQ:25,208,255,106,-245
IQ:26,216,6,-48,-69
IQ:27,224,255,2,132
IQ:28,232,5,261,90
IQ:29,240,255,102,-213
IQ:30,248,12,-231,-66
IQ:31,256,255,-91,207
IQ:32,264,1,183,52
IQ:33,272,255,43,-168
IQ:34,280,2,-175,-21
IQ:35,288,255,11,148
SW:2
RR:3
SS:3
FR:2480
ME:356
MA:353
KE:357
KA:353
DF_END

Data arrived...
DF_BEGIN
IQ:0,0,11,134,-54
IQ:1,8,11,-70,-135
IQ:2,16,11,-113,82
IQ:3,24,11,97,112
IQ:4,32,11,117,-102
IQ:5,40,11,-107,-105
IQ:6,48,11,-89,120
IQ:7,56,11,122,69
IQ:8,72,12,-149,-69
IQ:9,80,255,-85,118
IQ:10,88,1,117,59
IQ:11,96,255,48,-101
IQ:12,104,2,-112,-25
IQ:13,112,255,8,69
IQ:14,120,10,168,-130
IQ:15,128,255,-77,-185
IQ:16,136,3,-121,21
IQ:17,144,255,44,89
IQ:18,152,9,97,-122
IQ:19,160,255,-110,-106
IQ:20,168,4,-126,88
IQ:21,176,255,61,85
IQ:22,184,8,42,-161
IQ:23,192,255,-111,-39
IQ:24,200,7,45,180
IQ:25,208,255,175,22
IQ:26,216,6,23,-53
IQ:27,224,255,-85,31
IQ:28,232,5,-10,185
IQ:29,240,255,159,10
IQ:30,248,12,-8,-170
IQ:31,256,255,-146,0
IQ:32,264,1,9,134
IQ:33,272,255,114,-12
IQ:34,280,2,-25,-108
IQ:35,288,255,-87,44
SW:2
RR:3
SS:3
FR:2480
ME:356
MA:353
KE:357
KA:353
DF_END

Data arrived...
DF_BEGIN
IQ:0,0,11,127,147
IQ:1,8,11,124,-137
IQ:2,16,11,-153,-118
IQ:3,24,11,-113,151
IQ:4,32,11,163,83
IQ:5,40,11,74,-183
IQ:6,48,11,-179,-42
IQ:7,56,11,-30,190
IQ:8,72,12,-56,-237
IQ:9,80,255,-243,29
IQ:10,88,1,-4,242
IQ:11,96,255,220,18
IQ:12,104,2,10,-208
IQ:13,112,255,-150,12
IQ:14,120,10,183,118
IQ:15,128,255,155,-164
IQ:16,136,3,-155,-201
IQ:17,144,255,-139,107
IQ:18,152,9,187,8
IQ:19,160,255,37,-211
IQ:20,168,4,-226,-106
IQ:21,176,255,-107,170
IQ:22,184,8,215,-29
IQ:23,192,255,3,-214
IQ:24,200,7,-227,40
IQ:25,208,255,-15,224
IQ:26,216,6,102,28
IQ:27,224,255,-45,-122
IQ:28,232,5,-261,59
IQ:29,240,255,36,199
IQ:30,248,12,179,-174
IQ:31,256,255,-137,-203
IQ:32,264,1,-213,117
IQ:33,272,255,94,198
IQ:34,280,2,193,-82
IQ:35,288,255,-84,-147
SW:2
RR:3
SS:3
FR:2426
ME:359
MA:353
KE:357
KA:353
DF_END

Data arrived...
DF_BEGIN
IQ:0,0,11,-145,-115
IQ:1,8,11,-105,155
IQ:2,16,11,158,88
IQ:3,24,11,72,-171
IQ:4,32,11,-178,-64
IQ:5,40,11,-53,175
IQ:6,48,11,183,34
IQ:7,56,11,9,-191
IQ:8,72,12,30,178
IQ:9,80,255,164,-20
IQ:10,88,1,-62,-162
IQ:11,96,255,-177,47
IQ:12,104,2,15,179
IQ:13,112,255,135,-11
IQ:14,120,10,-139,-75
IQ:15,128,255,-95,127
IQ:16,136,3,168,93
IQ:17,144,255,80,-128
IQ:18,152,9,-152,15
IQ:19,160,255,-8,177
IQ:20,168,4,225,54
IQ:21,176,255,94,-171
IQ:22,184,8,-159,25
IQ:23,192,255,9,164
IQ:24,200,7,153,-40
IQ:25,208,255,-10,-169
IQ:26,216,6,-88,-41
IQ:27,224,255,20,65
IQ:28,232,5,149,-116
IQ:29,240,255,-92,-144
IQ:30,248,12,-140,116
IQ:31,256,255,99,140
IQ:32,264,1,113,-134
IQ:33,272,255,-127,-135
IQ:34,280,2,-157,92
IQ:35,288,255,104,104
SW:2
RR:3
SS:3
FR:2402
ME:359
MA:353
KE:357
KA:353
DF_END

Data arrived...
DF_BEGIN
IQ:0,0,11,-54,127
IQ:1,8,11,141,40
IQ:2,16,11,28,-143
IQ:3,24,11,-151,-7
IQ:4,32,11,-4,142
IQ:5,40,11,139,-23
IQ:6,48,11,-25,-142
IQ:7,56,11,-139,33
IQ:8,72,12,164,-71
IQ:9,80,255,-52,-142
IQ:10,88,1,-129,41
IQ:11,96,255,41,104
IQ:12,104,2,94,-64
IQ:13,112,255,-55,-44
IQ:14,120,10,-23,228
IQ:15,128,255,174,91
IQ:16,136,3,60,-108
IQ:17,144,255,-95,-23
IQ:18,152,9,32,154
IQ:19,160,255,155,14
IQ:20,168,4,30,-150
IQ:21,176,255,-100,-16
IQ:22,184,8,81,137
IQ:23,192,255,110,-57
IQ:24,200,7,-179,-102
IQ:25,208,255,-137,114
IQ:26,216,6,14,46
IQ:27,224,255,31,-91
IQ:28,232,5,-125,-134
IQ:29,240,255,-118,94
IQ:30,248,12,134,99
IQ:31,256,255,103,-109
IQ:32,264,1,-95,-81
IQ:33,272,255,-74,86
IQ:34,280,2,96,50
IQ:35,288,255,24,-94
SW:2
RR:3
SS:3
FR:2480
ME:356
MA:353
KE:357
KA:353
DF_END

Data arrived...
DF_BEGIN
IQ:0,0,11,-140,-5
IQ:1,8,11,25,146
IQ:2,16,11,271,-101
IQ:3,24,11,-22,-148
IQ:4,32,11,-114,87
IQ:5,40,11,37,96
IQ:6,48,11,157,-136
IQ:7,56,11,-178,-47
IQ:8,72,12,208,48
IQ:9,80,255,186,-83
IQ:10,88,1,-111,-127
IQ:11,96,255,-151,145
IQ:12,104,2,146,35
IQ:13,112,255,71,-117
IQ:14,120,10,-207,78
IQ:15,128,255,11,146
IQ:16,136,3,260,10
IQ:17,144,255,31,-156
IQ:18,152,9,-119,119
IQ:19,160,255,146,167
IQ:20,168,4,185,-130
IQ:21,176,255,-92,-262
IQ:22,184,8,-153,130
IQ:23,192,255,132,105
IQ:24,200,7,99,-125
IQ:25,208,255,-35,-150
IQ:26,216,6,-67,28
IQ:27,224,255,90,13
IQ:28,232,5,101,-179
IQ:29,240,255,-153,-31
IQ:30,248,12,25,173
IQ:31,256,255,187,70
IQ:32,264,1,7,-179
IQ:33,272,255,-231,-30
IQ:34,280,2,-20,163
IQ:35,288,255,95,1
SW:2
RR:3
SS:3
FR:2426
ME:10
MA:58
KE:358
KA:358
DF_END

Data arrived...
DF_BEGIN
IQ:0,0,11,56,174
IQ:1,8,11,168,-75
IQ:2,16,11,-91,-165
IQ:3,24,11,-146,85
IQ:4,32,11,118,135
IQ:5,40,11,110,-136
IQ:6,48,11,-148,-116
IQ:7,56,11,-88,155
IQ:8,72,12,56,-170
IQ:9,80,255,-155,-66
IQ:10,88,1,-34,162
IQ:11,96,255,176,52
IQ:12,104,2,81,-163
IQ:13,112,255,-116,-70
IQ:14,120,10,78,131
IQ:15,128,255,148,-62
IQ:16,136,3,-101,-168
IQ:17,144,255,-134,70
IQ:18,152,9,137,64
IQ:19,160,255,88,-157
IQ:20,168,4,-171,-155
IQ:21,176,255,-146,115
IQ:22,184,8,152,45
IQ:23,192,255,76,-137
IQ:24,200,7,-158,-44
IQ:25,208,255,-79,151
IQ:26,216,6,58,77
IQ:27,224,255,21,-68
IQ:28,232,5,-176,24
IQ:29,240,255,3,170
IQ:30,248,12,185,-26
IQ:31,256,255,-13,-167
IQ:32,264,1,-164,46
IQ:33,272,255,48,166
IQ:34,280,2,184,2
IQ:35,288,255,-21,-139
SW:2
RR:3
SS:3
FR:2402
ME:359
MA:353
KE:358
KA:358
DF_END

Data arrived...
DF_BEGIN
IQ:0,0,11,207,-71
IQ:1,8,11,-100,-210
IQ:2,16,11,-188,115
IQ:3,24,11,140,180
IQ:4,32,11,175,-147
IQ:5,40,11,-150,-158
IQ:6,48,11,-138,172
IQ:7,56,11,188,122
IQ:8,72,12,-221,-116
IQ:9,80,255,-104,203
IQ:10,88,1,180,87
IQ:11,96,255,97,-148
IQ:12,104,2,-159,-58
IQ:13,112,255,-9,97
IQ:14,120,10,281,-203
IQ:15,128,255,-84,-282
IQ:16,136,3,-190,24
IQ:17,144,255,68,134
IQ:18,152,9,179,-156
IQ:19,160,255,-147,-163
IQ:20,168,4,-188,121
IQ:21,176,255,75,129
IQ:22,184,8,88,-228
IQ:23,192,255,-173,-64
IQ:24,200,7,61,295
IQ:25,208,255,261,48
IQ:26,216,6,48,-68
IQ:27,224,255,-123,40
IQ:28,232,5,-28,266
IQ:29,240,255,230,16
IQ:30,248,12,-18,-243
IQ:31,256,255,-222,5
IQ:32,264,1,10,192
IQ:33,272,255,175,-6
IQ:34,280,2,-18,-165
IQ:35,288,255,-128,57
SW:2
RR:3
SS:3
FR:2480
ME:356
MA:353
KE:358
KA:357
DF_END

Data arrived...
DF_BEGIN
IQ:0,0,11,118,-146
IQ:1,8,11,-154,-100
IQ:2,16,11,-88,161
IQ:3,24,11,167,68
IQ:4,32,11,55,-174
IQ:5,40,11,-178,-36
IQ:6,48,11,-11,180
IQ:7,56,11,184,0
IQ:8,72,12,-188,26
IQ:9,80,255,7,162
IQ:10,88,1,156,-60
IQ:11,96,255,-39,-179
IQ:12,104,2,-188,10
IQ:13,112,255,-7,127
IQ:14,120,10,69,-136
IQ:15,128,255,-126,-96
IQ:16,136,3,-98,164
IQ:17,144,255,131,79
IQ:18,152,9,-2,-154
IQ:19,160,255,-178,-23
IQ:20,168,4,-64,222
IQ:21,176,255,161,91
IQ:22,184,8,-35,-145
IQ:23,192,255,-159,13
IQ:24,200,7,54,156
IQ:25,208,255,166,-8
IQ:26,216,6,31,-91
IQ:27,224,255,-72,21
IQ:28,232,5,105,155
IQ:29,240,255,150,-87
IQ:30,248,12,-119,-143
IQ:31,256,255,-134,89
IQ:32,264,1,134,108
IQ:33,272,255,127,-127
IQ:34,280,2,-98,-152
IQ:35,288,255,-119,88
SW:2
RR:3
SS:3
FR:2402
ME:359
MA:353
KE:358
KA:357
DF_END

Data arrived...
DF_BEGIN
IQ:0,0,11,-77,166
IQ:1,8,11,170,64
IQ:2,16,11,32,-170
IQ:3,24,11,-171,-17
IQ:4,32,11,-2,179
IQ:5,40,11,187,-17
IQ:6,48,11,-23,-174
IQ:7,56,11,-161,46
IQ:8,72,12,193,-81
IQ:9,80,255,-50,-174
IQ:10,88,1,-149,43
IQ:11,96,255,51,137
IQ:12,104,2,113,-67
IQ:13,112,255,-62,-55
IQ:14,120,10,-37,275
IQ:15,128,255,222,92
IQ:16,136,3,78,-118
IQ:17,144,255,-116,-21
IQ:18,152,9,14,192
IQ:19,160,255,181,8
IQ:20,168,4,14,-182
IQ:21,176,255,-130,-21
IQ:22,184,8,101,173
IQ:23,192,255,141,-73
IQ:24,200,7,-194,-149
IQ:25,208,255,-178,129
IQ:26,216,6,17,57
IQ:27,224,255,46,-99
IQ:28,232,5,-159,-164
IQ:29,240,255,-128,138
IQ:30,248,12,150,130
IQ:31,256,255,133,-115
IQ:32,264,1,-118,-93
IQ:33,272,255,-99,111
IQ:34,280,2,111,70
IQ:35,288,255,25,-112
SW:2
RR:3
SS:3
FR:2480
ME:356
MA:353
KE:358
KA:357
DF_END

Data arrived...
DF_BEGIN
IQ:0,0,11,-15,-178
IQ:1,8,11,-185,6
IQ:2,16,11,22,166
IQ:3,24,11,164,-71
IQ:4,32,11,-80,-160
IQ:5,40,11,-151,93
IQ:6,48,11,110,154
IQ:7,56,11,121,-130
IQ:8,72,12,-157,139
IQ:9,80,255,119,141
IQ:10,88,1,110,-110
IQ:11,96,255,-98,-97
IQ:12,104,2,-77,104
IQ:13,112,255,81,22
IQ:14,120,10,-86,-266
IQ:15,128,255,-243,-1
IQ:16,136,3,-24,156
IQ:17,144,255,118,-23
IQ:18,152,9,-93,-172
IQ:19,160,255,-182,64
IQ:20,168,4,49,172
IQ:21,176,255,115,-30
IQ:22,184,8,-169,-98
IQ:23,192,255,-94,123
IQ:24,200,7,243,11
IQ:25,208,255,86,-201
IQ:26,216,6,-40,-48
IQ:27,224,255,2,114
IQ:28,232,5,219,74
IQ:29,240,255,80,-177
IQ:30,248,12,-200,-52
IQ:31,256,255,-66,172
IQ:32,264,1,149,38
IQ:33,272,255,38,-141
IQ:34,280,2,-124,-5
IQ:35,288,255,23,117
SW:2
RR:3
SS:3
FR:2480
ME:356
MA:353
KE:358
KA:356
DF_END

Data arrived...
DF_BEGIN
IQ:0,0,11,42,131
IQ:1,8,11,120,-120
IQ:2,16,11,-176,-128
IQ:3,24,11,-128,132
IQ:4,32,11,148,105
IQ:5,40,11,141,-128
IQ:6,48,11,-158,-91
IQ:7,56,11,-165,259
IQ:8,72,12,43,-310
IQ:9,80,255,-251,7
IQ:10,88,1,-192,282
IQ:11,96,255,206,71
IQ:12,104,2,116,-210
IQ:13,112,255,-199,27
IQ:14,120,10,77,165
IQ:15,128,255,166,-217
IQ:16,136,3,-92,-186
IQ:17,144,255,-204,89
IQ:18,152,9,181,136
IQ:19,160,255,149,-183
IQ:20,168,4,-189,-149
IQ:21,176,255,-55,107
IQ:22,184,8,187,10
IQ:23,192,255,38,-207
IQ:24,200,7,-233,-28
IQ:25,208,255,-50,199
IQ:26,216,6,73,98
IQ:27,224,255,-30,-160
IQ:28,232,5,-221,-16
IQ:29,240,255,-13,222
IQ:30,248,12,246,-103
IQ:31,256,255,-90,-206
IQ:32,264,1,-187,17
IQ:33,272,255,59,227
IQ:34,280,2,244,-26
IQ:35,288,255,-1,-139
SW:2
RR:3
SS:3
FR:2426
ME:356
MA:353
KE:358
KA:356
DF_END

Data arrived...
DF_BEGIN
IQ:0,0,11,24,-172
IQ:1,8,11,-188,-2
IQ:2,16,11,-7,189
IQ:3,24,11,179,-46
IQ:4,32,11,-55,-181
IQ:5,40,11,-184,69
IQ:6,48,11,66,173
IQ:7,56,11,154,-80