DF_END

Data arrived...
DF_BEGIN
IQ:0,0,11,-86,-198
IQ:1,8,11,-182,89
IQ:2,16,11,93,166
IQ:3,24,11,148,-127
IQ:4,32,11,-146,-142
IQ:5,40,11,-135,146
IQ:6,48,11,168,112
IQ:7,56,11,92,-176
IQ:8,72,12,-89,220
IQ:9,80,255,187,60
IQ:10,88,1,77,-190
IQ:11,96,255,-176,-73
IQ:12,104,2,-36,153
IQ:13,112,255,72,-62
IQ:14,120,10,-209,-264
IQ:15,128,255,-246,89
IQ:16,136,3,57,159
IQ:17,144,255,75,-118
IQ:18,152,9,-171,-158
IQ:19,160,255,-144,150
IQ:20,168,4,113,154
IQ:21,176,255,103,-84
IQ:22,184,8,-235,-57
IQ:23,192,255,-43,123
IQ:24,200,7,261,-70
IQ:25,208,255,39,-279
IQ:26,216,6,-71,-38
IQ:27,224,255,52,101
IQ:28,232,5,274,-6
IQ:29,240,255,29,-175
IQ:30,248,12,-247,29
IQ:31,256,255,-18,243
IQ:32,264,1,190,-45
IQ:33,272,255,-55,-197
IQ:34,280,2,-141,37
IQ:35,288,255,97,175
SW:2
RR:3
SS:3
FR:2480
ME:359
MA:353
KE:358
KA:353
DF_END

Data arrived...
DF_BEGIN
IQ:0,0,11,4,-159
IQ:1,8,11,-161,8
IQ:2,16,11,19,166
IQ:3,24,11,148,-29
IQ:4,32,11,-58,-150
IQ:5,40,11,-155,69
IQ:6,48,11,74,135
IQ:7,56,11,137,-96
IQ:8,72,12,-135,148
IQ:9,80,255,123,137
IQ:10,88,1,126,-104
IQ:11,96,255,-91,-121
IQ:12,104,2,-92,101
IQ:13,112,255,80,41
IQ:14,120,10,-81,-258
IQ:15,128,255,-243,-20
IQ:16,136,3,-22,157
IQ:17,144,255,117,-24
IQ:18,152,9,-75,-186
IQ:19,160,255,-187,45
IQ:20,168,4,25,173
IQ:21,176,255,118,-20
IQ:22,184,8,-173,-92
IQ:23,192,255,-78,112
IQ:24,200,7,215,19
IQ:25,208,255,80,-194
IQ:26,216,6,-38,-66
IQ:27,224,255,-17,99
IQ:28,232,5,204,108
IQ:29,240,255,81,-159
IQ:30,248,12,-196,-66
IQ:31,256,255,-69,164
IQ:32,264,1,163,39
IQ:33,272,255,43,-136
IQ:34,280,2,-143,-21
IQ:35,288,255,-10,120
SW:2
RR:3
SS:3
FR:2480
ME:356
MA:353
KE:358
KA:353
DF_END

Data arrived...
DF_BEGIN
IQ:0,0,11,-15,-147
IQ:1,8,11,-163,23
IQ:2,16,11,34,158
IQ:3,24,11,170,-30
IQ:4,32,11,-64,-135
IQ:5,40,11,-134,81
IQ:6,48,11,84,121
IQ:7,56,11,166,-132
IQ:8,72,12,-110,183
IQ:9,80,255,236,67
IQ:10,88,1,161,-127
IQ:11,96,255,-111,-136
IQ:12,104,2,-116,119
IQ:13,112,255,79,-31
IQ:14,120,10,-25,-186
IQ:15,128,255,-192,3
IQ:16,136,3,-11,186
IQ:17,144,255,140,-17
IQ:18,152,9,-118,-127
IQ:19,160,255,-149,135
IQ:20,168,4,73,173
IQ:21,176,255,129,-37
IQ:22,184,8,-135,-108
IQ:23,192,255,-114,119
IQ:24,200,7,202,132
IQ:25,208,255,144,-118
IQ:26,216,6,-48,-65
IQ:27,224,255,-7,122
IQ:28,232,5,189,118
IQ:29,240,255,99,-126
IQ:30,248,12,-217,-18
IQ:31,256,255,-36,163
IQ:32,264,1,201,25
IQ:33,272,255,24,-174
IQ:34,280,2,-172,-57
IQ:35,288,255,11,101
SW:2
RR:3
SS:3
FR:2426
ME:359
MA:353
KE:358
KA:353
DF_END

Data arrived...
DF_BEGIN
IQ:0,0,11,84,164
IQ:1,8,11,148,-95
IQ:2,16,11,-112,-147
IQ:3,24,11,-139,120
IQ:4,32,11,129,122
IQ:5,40,11,92,-155
IQ:6,48,11,-155,-94
IQ:7,56,11,-80,159
IQ:8,72,12,32,-175
IQ:9,80,255,-152,-47
IQ:10,88,1,-9,163
IQ:11,96,255,176,32
IQ:12,104,2,45,-169
IQ:13,112,255,-114,-36
IQ:14,120,10,98,126
IQ:15,128,255,138,-81
IQ:16,136,3,-104,-146
IQ:17,144,255,-111,77
IQ:18,152,9,145,46
IQ:19,160,255,59,-155
IQ:20,168,4,-196,-124
IQ:21,176,255,-154,115
IQ:22,184,8,138,12
IQ:23,192,255,36,-150
IQ:24,200,7,-145,-23
IQ:25,208,255,-45,138
IQ:26,216,6,69,62
IQ:27,224,255,3,-66
IQ:28,232,5,-170,50
IQ:29,240,255,29,167
IQ:30,248,12,166,-66
IQ:31,256,255,-39,-160
IQ:32,264,1,-150,83
IQ:33,272,255,72,158
IQ:34,280,2,159,-44
IQ:35,288,255,-44,-135
SW:2
RR:3
SS:3
FR:2402
ME:359
MA:353
KE:358
KA:353
DF_END

Data arrived...
DF_BEGIN
IQ:0,0,11,-148,1
IQ:1,8,11,-11,140
IQ:2,16,11,151,-1
IQ:3,24,11,-36,-151
IQ:4,32,11,-144,38
IQ:5,40,11,63,137
IQ:6,48,11,131,-66
IQ:7,56,11,-82,-121
IQ:8,72,12,114,124
IQ:9,80,255,122,-86
IQ:10,88,1,-75,-104
IQ:11,96,255,-97,67
IQ:12,104,2,71,82
IQ:13,112,255,27,-54
IQ:14,120,10,-227,48
IQ:15,128,255,-30,194
IQ:16,136,3,103,50
IQ:17,144,255,5,-85
IQ:18,152,9,-144,53
IQ:19,160,255,32,149
IQ:20,168,4,156,-7
IQ:21,176,255,2,-118
IQ:22,184,8,-120,94
IQ:23,192,255,69,100
IQ:24,200,7,54,-177
IQ:25,208,255,-133,-110
IQ:26,216,6,-62,13
IQ:27,224,255,69,21
IQ:28,232,5,83,-160
IQ:29,240,255,-126,-90
IQ:30,248,12,-64,157
IQ:31,256,255,124,77
IQ:32,264,1,49,-118
IQ:33,272,255,-109,-52
IQ:34,280,2,-34,102
IQ:35,288,255,91,7
SW:2
RR:3
SS:3
FR:2480
ME:359
MA:353
KE:358
KA:353
DF_END

Data arrived...
DF_BEGIN
IQ:0,0,11,153,-101
IQ:1,8,11,-158,-104
IQ:2,16,11,4,43
IQ:3,24,11,162,35
IQ:4,32,11,33,-60
IQ:5,40,11,-186,-31
IQ:6,48,11,29,160
IQ:7,56,11,105,-70
IQ:8,72,12,-141,23
IQ:9,80,255,-13,201
IQ:10,88,1,195,9
IQ:11,96,255,-74,-169
IQ:12,104,2,-184,-60
IQ:13,112,255,-73,111
IQ:14,120,10,93,-118
IQ:15,128,255,-108,-85
IQ:16,136,3,-159,139
IQ:17,144,255,121,115
IQ:18,152,9,23,-154
IQ:19,160,255,-152,-33
IQ:20,168,4,-101,187
IQ:21,176,255,173,104
IQ:22,184,8,-13,-203
IQ:23,192,255,-143,-58
IQ:24,200,7,7,105
IQ:25,208,255,117,35
IQ:26,216,6,45,-70
IQ:27,224,255,-130,38
IQ:28,232,5,17,182
IQ:29,240,255,157,-68
IQ:30,248,12,-142,-127
IQ:31,256,255,-192,118
IQ:32,264,1,81,129
IQ:33,272,255,116,-109
IQ:34,280,2,-12,-206
IQ:35,288,255,-84,87
SW:2
RR:3
SS:3
FR:2426
ME:7
MA:83
KE:359
KA:359
DF_END

Data arrived...
DF_BEGIN
IQ:0,0,11,105,-127
IQ:1,8,11,-142,-94
IQ:2,16,11,-83,152
IQ:3,24,11,148,68
IQ:4,32,11,37,-153
IQ:5,40,11,-163,-33
IQ:6,48,11,-15,162
IQ:7,56,11,172,2
IQ:8,72,12,-198,78
IQ:9,80,255,46,203
IQ:10,88,1,200,-20
IQ:11,96,255,-19,-181
IQ:12,104,2,-178,30
IQ:13,112,255,13,132
IQ:14,120,10,82,-141
IQ:15,128,255,-139,-109
IQ:16,136,3,-135,144
IQ:17,144,255,105,98
IQ:18,152,9,-1,-147
IQ:19,160,255,-160,-21
IQ:20,168,4,-60,197
IQ:21,176,255,153,74
IQ:22,184,8,-16,-178
IQ:23,192,255,-177,9
IQ:24,200,7,50,182
IQ:25,208,255,182,-4
IQ:26,216,6,4,-91
IQ:27,224,255,-107,37
IQ:28,232,5,52,200
IQ:29,240,255,145,-63
IQ:30,248,12,-165,-146
IQ:31,256,255,-151,144
IQ:32,264,1,130,150
IQ:33,272,255,140,-120
IQ:34,280,2,-126,-137
IQ:35,288,255,-107,104
SW:2
RR:3
SS:3
FR:2426
ME:359
MA:353
KE:359
KA:358
DF_END

Data arrived...
DF_BEGIN
IQ:0,0,11,-177,-45
IQ:1,8,11,-19,178
IQ:2,16,11,191,-8
IQ:3,24,11,-24,-195
IQ:4,32,11,-182,47
IQ:5,40,11,57,169
IQ:6,48,11,174,-81
IQ:7,56,11,-88,-168
IQ:8,72,12,148,183
IQ:9,80,255,185,-90
IQ:10,88,1,-59,-161
IQ:11,96,255,-130,52
IQ:12,104,2,86,95
IQ:13,112,255,40,-55
IQ:14,120,10,-314,37
IQ:15,128,255,-36,265
IQ:16,136,3,150,29
IQ:17,144,255,15,-107
IQ:18,152,9,-159,40
IQ:19,160,255,34,165
IQ:20,168,4,215,-8
IQ:21,176,255,17,-142
IQ:22,184,8,-165,125
IQ:23,192,255,88,118
IQ:24,200,7,88,-235
IQ:25,208,255,-151,-157
IQ:26,216,6,-48,12
IQ:27,224,255,100,20
IQ:28,232,5,178,-196
IQ:29,240,255,-128,-154
IQ:30,248,12,-116,179
IQ:31,256,255,175,104
IQ:32,264,1,95,-151
IQ:33,272,255,-111,-88
IQ:34,280,2,-45,120
IQ:35,288,255,117,17
SW:2
RR:3
SS:3
FR:2480
ME:359
MA:353
KE:359
KA:358
DF_END

Data arrived...
DF_BEGIN
IQ:0,0,11,2,196
IQ:1,8,11,200,-19
IQ:2,16,11,-17,-189
IQ:3,24,11,-193,43
IQ:4,32,11,70,185
IQ:5,40,11,171,-87
IQ:6,48,11,-123,-142
IQ:7,56,11,-152,136
IQ:8,72,12,166,-151
IQ:9,80,255,-117,-171
IQ:10,88,1,-158,89
IQ:11,96,255,74,132
IQ:12,104,2,86,-117
IQ:13,112,255,-87,-36
IQ:14,120,10,56,327
IQ:15,128,255,270,59
IQ:16,136,3,52,-165
IQ:17,144,255,-145,-15
IQ:18,152,9,53,202
IQ:19,160,255,207,-38
IQ:20,168,4,-20,-214
IQ:21,176,255,-145,23
IQ:22,184,8,180,165
IQ:23,192,255,110,-133
IQ:24,200,7,-271,-82
IQ:25,208,255,-155,186
IQ:26,216,6,28,60
IQ:27,224,255,8,-110
IQ:28,232,5,-251,-118
IQ:29,240,255,-139,174
IQ:30,248,12,211,92
IQ:31,256,255,96,-178
IQ:32,264,1,-161,-64
IQ:33,272,255,-66,148
IQ:34,280,2,135,47
IQ:35,288,255,-2,-119
SW:2
RR:3
SS:3
FR:2480
ME:359
MA:353
KE:359
KA:358
DF_END

Data arrived...
DF_BEGIN
IQ:0,0,11,-117,-106
IQ:1,8,11,-110,99
IQ:2,16,11,146,85
IQ:3,24,11,76,-124
IQ:4,32,11,-163,-78
IQ:5,40,11,-44,133
IQ:6,48,11,174,52
IQ:7,56,11,43,-161
IQ:8,72,12,21,204
IQ:9,80,255,243,-19
IQ:10,88,1,-6,-190
IQ:11,96,255,-182,-8
IQ:12,104,2,-7,163
IQ:13,112,255,118,17
IQ:14,120,10,-135,-105
IQ:15,128,255,-116,70
IQ:16,136,3,148,140
IQ:17,144,255,131,-106
IQ:18,152,9,-150,-32
IQ:19,160,255,-107,139
IQ:20,168,4,222,78
IQ:21,176,255,122,-148
IQ:22,184,8,-171,-9
IQ:23,192,255,-12,137
IQ:24,200,7,169,17
IQ:25,208,255,53,-182
IQ:26,216,6,-73,0
IQ:27,224,255,25,127
IQ:28,232,5,191,-25
IQ:29,240,255,21,-153
IQ:30,248,12,-194,113
IQ:31,256,255,117,149
IQ:32,264,1,137,-144
IQ:33,272,255,-114,-173
IQ:34,280,2,-231,114
IQ:35,288,255,65,151
SW:2
RR:3
SS:3
FR:2426
ME:359
MA:353
KE:359
KA:357
DF_END

Data arrived...
DF_BEGIN
IQ:0,0,11,34,172
IQ:1,8,11,176,-50
IQ:2,16,11,-65,-161
IQ:3,24,11,-146,98
IQ:4,32,11,127,130
IQ:5,40,11,123,-116
IQ:6,48,11,-139,-113
IQ:7,56,11,-113,137
IQ:8,72,12,136,-174
IQ:9,80,255,-157,-138
IQ:10,88,1,-128,140
IQ:11,96,255,133,103
IQ:12,104,2,72,-135
IQ:13,112,255,-74,-26
IQ:14,120,10,168,249
IQ:15,128,255,256,-51
IQ:16,136,3,-2,-152
IQ:17,144,255,-136,29
IQ:18,152,9,86,150
IQ:19,160,255,160,-79
IQ:20,168,4,-63,-180
IQ:21,176,255,-134,28
IQ:22,184,8,195,84
IQ:23,192,255,81,-133
IQ:24,200,7,-251,23
IQ:25,208,255,-77,222
IQ:26,216,6,27,61
IQ:27,224,255,-16,-96
IQ:28,232,5,-260,-52
IQ:29,240,255,-77,206
IQ:30,248,12,220,16
IQ:31,256,255,48,-197
IQ:32,264,1,-192,-23
IQ:33,272,255,-41,167
IQ:34,280,2,157,18
IQ:35,288,255,-10,-114
SW:2
RR:3
SS:3
FR:2480
ME:359
MA:353
KE:359
KA:357
DF_END

Data arrived...
DF_BEGIN
IQ:0,0,11,73,175
IQ:1,8,11,164,-96
IQ:2,16,11,-116,-150
IQ:3,24,11,-139,121
IQ:4,32,11,129,130
IQ:5,40,11,118,-136
IQ:6,48,11,-153,-114
IQ:7,56,11,-89,163
IQ:8,72,12,100,-207
IQ:9,80,255,-170,-116
IQ:10,88,1,-90,149
IQ:11,96,255,136,71
IQ:12,104,2,52,-139
IQ:13,112,255,-72,0
IQ:14,120,10,217,248
IQ:15,128,255,271,-94
IQ:16,136,3,-38,-160
IQ:17,144,255,-124,53
IQ:18,152,9,131,136
IQ:19,160,255,158,-111
IQ:20,168,4,-87,-171
IQ:21,176,255,-123,56
IQ:22,184,8,213,49
IQ:23,192,255,62,-159
IQ:24,200,7,-237,82
IQ:25,208,255,-12,235
IQ:26,216,6,45,38
IQ:27,224,255,-23,-100
IQ:28,232,5,-254,-28
IQ:29,240,255,-38,198
IQ:30,248,12,223,-20
IQ:31,256,255,6,-205
IQ:32,264,1,-173,11
IQ:33,272,255,-9,160
IQ:34,280,2,140,-24
IQ:35,288,255,-47,-110
SW:2
RR:3
SS:3
FR:2480
ME:356
MA:353
KE:359
KA:357
DF_END

Data arrived...
DF_BEGIN
IQ:0,0,11,-50,-185
IQ:1,8,11,-175,74
IQ:2,16,11,88,170
IQ:3,24,11,164,-96
IQ:4,32,11,-126,-155
IQ:5,40,11,-154,137
IQ:6,48,11,149,131
IQ:7,56,11,114,-156
IQ:8,72,12,-94,244
IQ:9,80,255,228,101
IQ:10,88,1,115,-212
IQ:11,96,255,-206,-107
IQ:12,104,2,-113,194
IQ:13,112,255,145,85
IQ:14,120,10,-94,-204
IQ:15,128,255,-223,66
IQ:16,136,3,54,264
IQ:17,144,255,183,-51
IQ:18,152,9,-162,-121
IQ:19,160,255,-166,169
IQ:20,168,4,152,234
IQ:21,176,255,189,-104
IQ:22,184,8,-218,-92
IQ:23,192,255,-107,204
IQ:24,200,7,236,96
IQ:25,208,255,135,-199
IQ:26,216,6,-89,-86
IQ:27,224,255,-35,139
IQ:28,232,5,257,92
IQ:29,240,255,84,-197
IQ:30,248,12,-248,46
IQ:31,256,255,20,247
IQ:32,264,1,243,-11
IQ:33,272,255,0,-235
IQ:34,280,2,-229,-11
IQ:35,288,255,20,178
SW:2
RR:3
SS:3
FR:2426
ME:359
MA:353
KE:359
KA:356
DF_END

Data arrived...
DF_BEGIN
IQ:0,0,11,157,-124
IQ:1,8,11,-141,-141
IQ:2,16,11,-131,152
IQ:3,24,11,166,110
IQ:4,32,11,109,-170
IQ:5,40,11,-180,-87
IQ:6,48,11,-87,189
IQ:7,56,11,188,71
IQ:8,72,12,-202,-11
IQ:9,80,255,-29,173
IQ:10,88,1,180,-9
IQ:11,96,255,-4,-194
IQ:12,104,2,-189,-17
IQ:13,112,255,-15,146
IQ:14,120,10,106,-135
IQ:15,128,255,-111,-124
IQ:16,136,3,-135,148
IQ:17,144,255,107,114
IQ:18,152,9,34,-149
IQ:19,160,255,-176,-51
IQ:20,168,4,-100,219
IQ:21,176,255,162,117
IQ:22,184,8,4,-177
IQ:23,192,255,-170,-38
IQ:24,200,7,2,166
IQ:25,208,255,173,32
IQ:26,216,6,60,-94
IQ:27,224,255,-85,-4
IQ:28,232,5,73,181
IQ:29,240,255,169,-45
IQ:30,248,12,-103,-176
IQ:31,256,255,-160,74
IQ:32,264,1,114,153
IQ:33,272,255,164,-102
IQ:34,280,2,-79,-180
IQ:35,288,255,-127,86
SW:2
RR:3
SS:3
FR:2402
ME:359
MA:353
KE:359
KA:356
DF_END

Data arrived...
DF_BEGIN
IQ:0,0,11,165,59
IQ:1,8,11,54,-157
IQ:2,16,11,-159,-28
IQ:3,24,11,-18,168
IQ:4,32,11,178,1
IQ:5,40,11,-10,-164
IQ:6,48,11,-158,41
IQ:7,56,11,53,163
IQ:8,72,12,-73,-182
IQ:9,80,255,-158,40
IQ:10,88,1,51,136
IQ:11,96,255,114,-30
IQ:12,104,2,-55,-108
IQ:13,112,255,-41,57
IQ:14,120,10,269,59
IQ:15,128,255,107,-193
IQ:16,136,3,-106,-84
IQ:17,144,255,-31,103
IQ:18,152,9,198,14
IQ:19,160,255,15,-192
IQ:20,168,4,-189,-35
IQ:21,176,255,-36,125
IQ:22,184,8,172,-98
IQ:23,192,255,-72,-123
IQ:24,200,7,-105,216
IQ:25,208,255,143,158
IQ:26,216,6,57,-12
IQ:27,224,255,-87,-34
IQ:28,232,5,-146,155
IQ:29,240,255,139,127
IQ:30,248,12,134,-149
IQ:31,256,255,-126,-106
IQ:32,264,1,-104,113
IQ:33,272,255,91,99
IQ:34,280,2,73,-104
IQ:35,288,255,-95,-27
SW:2
RR:3
SS:3
FR:2480
ME:356
MA:353
KE:358
KA:356
DF_END

Data arrived...
DF_BEGIN
IQ:0,0,11,33,-156
IQ:1,8,11,-169,-31
IQ:2,16,11,-30,179
IQ:3,24,11,174,-12
IQ:4,32,11,-61,-58
IQ:5,40,11,-167,48
IQ:6,48,11,72,181
IQ:7,56,11,145,-95
IQ:8,72,12,-161,180
IQ:9,80,255,161,177
IQ:10,88,1,163,-141
IQ:11,96,255,-119,-210
IQ:12,104,2,-181,139
IQ:13,112,255,43,109
IQ:14,120,10,1,-218
IQ:15,128,255,-176,23
IQ:16,136,3,-46,249
IQ:17,144,255,176,50
IQ:18,152,9,-132,-152
IQ:19,160,255,-92,45
IQ:20,168,4,72,245
IQ:21,176,255,235,-58
IQ:22,184,8,-152,-149
IQ:23,192,255,-134,163
IQ:24,200,7,145,146
IQ:25,208,255,212,-92
IQ:26,216,6,-55,-87
IQ:27,224,255,-113,208
IQ:28,232,5,173,171
IQ:29,240,255,107,-117
IQ:30,248,12,-238,-55
IQ:31,256,255,-26,278
IQ:32,264,1,211,71
IQ:33,272,255,93,-205
IQ:34,280,2,-195,-69
IQ:35,288,255,-69,92
SW:2
RR:3
SS:3
FR:2426
ME:7
MA:72
KE:359
KA:2
DF_END

Data arrived...
DF_BEGIN
IQ:0,0,11,-127,-77
IQ:1,8,11,-66,139
IQ:2,16,11,145,55
IQ:3,24,11,30,-150
IQ:4,32,11,-152,-16
IQ:5,40,11,-15,156
IQ:6,48,11,151,-3
IQ:7,56,11,-21,-151
IQ:8,72,12,87,175
IQ:9,80,255,189,-73
IQ:10,88,1,-50,-180
IQ:11,96,255,-172,41
IQ:12,104,2,55,168
IQ:13,112,255,118,-40
IQ:14,120,10,-166,-72
IQ:15,128,255,-83,156
IQ:16,136,3,163,108
IQ:17,144,255,69,-118
IQ:18,152,9,-168,27
IQ:19,160,255,6,192
IQ:20,168,4,206,33
IQ:21,176,255,35,-162
IQ:22,184,8,-163,61
IQ:23,192,255,50,156
IQ:24,200,7,158,-83
IQ:25,208,255,-63,-165
IQ:26,216,6,-91,10
IQ:27,224,255,63,92
IQ:28,232,5,187,-103
IQ:29,240,255,-83,-147
IQ:30,248,12,-117,169
IQ:31,256,255,147,126
IQ:32,264,1,124,-143
IQ:33,272,255,-137,-123
IQ:34,280,2,-118,132
IQ:35,288,255,117,87
SW:2
RR:3
SS:3
FR:2426
ME:359
MA:353
KE:359
KA:1
DF_END

Data arrived...
DF_BEGIN
IQ:0,0,11,-133,-67
IQ:1,8,11,-47,141
IQ:2,16,11,149,40
IQ:3,24,11,25,-150
IQ:4,32,11,-154,-12
IQ:5,40,11,1,150
IQ:6,48,11,141,-23
IQ:7,56,11,-35,-150
IQ:8,72,12,51,144
IQ:9,80,255,131,-46
IQ:10,88,1,-80,-114
IQ:11,96,255,-137,77
IQ:12,104,2,59,137
IQ:13,112,255,107,-38
IQ:14,120,10,-114,-41
IQ:15,128,255,-43,111
IQ:16,136,3,140,38
IQ:17,144,255,49,-110
IQ:18,152,9,-119,16
IQ:19,160,255,7,136
IQ:20,168,4,175,15
IQ:21,176,255,28,-144
IQ:22,184,8,-116,69
IQ:23,192,255,43,122
IQ:24,200,7,113,-75
IQ:25,208,255,-44,-134
IQ:26,216,6,-85,-14
IQ:27,224,255,34,61
IQ:28,232,5,102,-110
IQ:29,240,255,-98,-108
IQ:30,248,12,-92,119
IQ:31,256,255,105,99
IQ:32,264,1,70,-126
IQ:33,272,255,-129,-76
IQ:34,280,2,-103,117
IQ:35,288,255,100,72
SW:2
RR:3
SS:3
FR:2402
ME:359
MA:353
KE:359
KA:0
DF_END

Data arrived...
DF_BEGIN
IQ:0,0,11,28,-175
IQ:1,8,11,-173,-14
IQ:2,16,11,2,184
IQ:3,24,11,172,-12
IQ:4,32,11,-50,-172
IQ:5,40,11,-171,30
IQ:6,48,11,75,155
IQ:7,56,11,158,-85
IQ:8,72,12,-166,119
IQ:9,80,255,89,163
IQ:10,88,1,125,-90
IQ:11,96,255,-74,-114
IQ:12,104,2,-99,93
IQ:13,112,255,78,38
IQ:14,120,10,-33,-283
IQ:15,128,255,-239,-49
IQ:16,136,3,-46,136
IQ:17,144,255,125,-7
IQ:18,152,9,-50,-201
IQ:19,160,255,-195,26
IQ:20,168,4,6,187
IQ:21,176,255,137,-4
IQ:22,184,8,-136,-158
IQ:23,192,255,-112,108
IQ:24,200,7,243,79
IQ:25,208,255,143,-170
IQ:26,216,6,-29,-54
IQ:27,224,255,-33,103
IQ:28,232,5,192,118
IQ:29,240,255,118,-156
IQ:30,248,12,-179,-94
IQ:31,256,255,-90,159
IQ:32,264,1,149,53
IQ:33,272,255,45,-128
IQ:34,280,2,-132,-35
IQ:35,288,255,2,113
SW:2
RR:3
SS:3
FR:2480
ME:359
MA:353
KE:359
KA:0
DF_END

Data arrived...
DF_BEGIN
IQ:0,0,11,-176,79
IQ:1,8,11,99,170
IQ:2,16,11,164,-101
IQ:3,24,11,-128,-143
IQ:4,32,11,-134,137
IQ:5,40,11,150,120
IQ:6,48,11,103,-162
IQ:7,56,11,-176,-90
IQ:8,72,12,247,46
IQ:9,80,255,55,-248
IQ:10,88,1,-218,-85
IQ:11,96,255,-93,201
IQ:12,104,2,192,99
IQ:13,112,255,53,-140
IQ:14,120,10,-193,115
IQ:15,128,255,97,201
IQ:16,136,3,252,-97
IQ:17,144,255,-62,-173
IQ:18,152,9,-76,198
IQ:19,160,255,206,128
IQ:20,168,4,183,-216
IQ:21,176,255,-136,-171
IQ:22,184,8,-53,210
IQ:23,192,255,206,67
IQ:24,200,7,36,-232
IQ:25,208,255,-197,-102
IQ:26,216,6,-59,93
IQ:27,224,255,140,-19
IQ:28,232,5,14,-272
IQ:29,240,255,-222,-14
IQ:30,248,12,85,248
IQ:31,256,255,245,-43
IQ:32,264,1,-27,-236
IQ:33,272,255,-222,13
IQ:34,280,2,26,213
IQ:35,288,255,170,-29
SW:2
RR:3
SS:3
FR:2426
ME:359
MA:353
KE:359
KA:359
DF_END

Data arrived...
DF_BEGIN
IQ:0,0,11,-143,47
IQ:1,8,11,50,137
IQ:2,16,11,132,-69
IQ:3,24,11,-85,-130
IQ:4,32,11,-120,90
IQ:5,40,11,95,107
IQ:6,48,11,96,-114
IQ:7,56,11,-121,-94
IQ:8,72,12,129,59
IQ:9,80,255,57,-120
IQ:10,88,1,-135,-44
IQ:11,96,255,-48,132
IQ:12,104,2,127,60
IQ:13,112,255,52,-88
IQ:14,120,10,-106,68
IQ:15,128,255,43,112
IQ:16,136,3,126,-66
IQ:17,144,255,-44,-115
IQ:18,152,9,-68,100
IQ:19,160,255,102,77
IQ:20,168,4,129,-133
IQ:21,176,255,-81,-132
IQ:22,184,8,-40,117
IQ:23,192,255,104,63
IQ:24,200,7,33,-119
IQ:25,208,255,-121,-63
IQ:26,216,6,-69,47
IQ:27,224,255,55,21
IQ:28,232,5,-13,-142
IQ:29,240,255,-139,-7
IQ:30,248,12,15,142
IQ:31,256,255,133,-8
IQ:32,264,1,-34,-134
IQ:33,272,255,-143,29
IQ:34,280,2,10,141
IQ:35,288,255,110,-26
SW:2
RR:3
SS:3
FR:2402
ME:359
MA:353
KE:359
KA:358
DF_END

Data arrived...