KE:0
KA:0
DF_END

Data arrived...
DF_BEGIN
IQ:0,0,11,-138,54
IQ:1,8,11,68,139
IQ:2,16,11,116,-106
IQ:3,24,11,-124,-111
IQ:4,32,11,-96,123
IQ:5,40,11,125,83
IQ:6,48,11,77,-139
IQ:7,56,11,-140,-64
IQ:8,72,12,244,-25
IQ:9,80,255,-33,-291
IQ:10,88,1,-308,2
IQ:11,96,255,36,306
IQ:12,104,2,273,-13
IQ:13,112,255,29,-368
IQ:14,120,10,-234,-383
IQ:15,128,255,-197,102
IQ:16,136,3,191,-35
IQ:17,144,255,-190,-196
IQ:18,152,9,-507,272
IQ:19,160,255,191,486
IQ:20,168,4,306,-85
IQ:21,176,255,-144,-209
IQ:22,184,8,-150,280
IQ:23,192,255,213,121
IQ:24,200,7,-73,-267
IQ:25,208,255,-314,20
IQ:26,216,6,-62,254
IQ:27,224,255,270,-9
IQ:28,232,5,-16,-406
IQ:29,240,255,-319,-26
IQ:30,248,12,192,150
IQ:31,256,255,219,-198
IQ:32,264,1,-206,-231
IQ:33,272,255,-239,203
IQ:34,280,2,192,208
IQ:35,288,255,201,-168
SW:2
RR:3
SS:3
FR:2480
ME:2
MA:5
KE:0
KA:0
DF_END

Data arrived...
DF_BEGIN
IQ:0,0,11,141,24
IQ:1,8,11,6,-143
IQ:2,16,11,-135,28
IQ:3,24,11,43,155
IQ:4,32,11,146,-36
IQ:5,40,11,-52,-119
IQ:6,48,11,-126,70
IQ:7,56,11,89,134
IQ:8,72,12,-236,-87
IQ:9,80,255,-136,270
IQ:10,88,1,249,172
IQ:11,96,255,166,-257
IQ:12,104,2,-239,-123
IQ:13,112,255,-209,314
IQ:14,120,10,-3,437
IQ:15,128,255,223,42
IQ:16,136,3,-170,-54
IQ:17,144,255,62,281
IQ:18,152,9,599,56
IQ:19,160,255,99,-511
IQ:20,168,4,-303,-63
IQ:21,176,255,-9,263
IQ:22,184,8,275,-141
IQ:23,192,255,-131,-235
IQ:24,200,7,-60,278
IQ:25,208,255,279,158
IQ:26,216,6,188,-152
IQ:27,224,255,-255,-132
IQ:28,232,5,-219,342
IQ:29,240,255,238,177
IQ:30,248,12,-84,-223
IQ:31,256,255,-289,75
IQ:32,264,1,63,304
IQ:33,272,255,306,-63
IQ:34,280,2,-51,-263
IQ:35,288,255,-242,37
SW:2
RR:3
SS:3
FR:2480
ME:2
MA:5
KE:1
KA:1
DF_END

Data arrived...
DF_BEGIN
IQ:0,0,11,198,-86
IQ:1,8,11,-83,-188
IQ:2,16,11,-188,92
IQ:3,24,11,110,175
IQ:4,32,11,142,-125
IQ:5,40,11,-150,-131
IQ:6,48,11,-84,181
IQ:7,56,11,189,90
IQ:8,72,12,-202,-53
IQ:9,80,255,-53,246
IQ:10,88,1,267,49
IQ:11,96,255,43,-296
IQ:12,104,2,-226,-11
IQ:13,112,255,-13,299
IQ:14,120,10,286,135
IQ:15,128,255,54,-270
IQ:16,136,3,-283,-59
IQ:17,144,255,60,244
IQ:18,152,9,375,-167
IQ:19,160,255,-182,-355
IQ:20,168,4,-363,204
IQ:21,176,255,137,292
IQ:22,184,8,104,-261
IQ:23,192,255,-264,-143
IQ:24,200,7,-62,305
IQ:25,208,255,336,102
IQ:26,216,6,128,-231
IQ:27,224,255,-216,-80
IQ:28,232,5,37,245
IQ:29,240,255,251,-32
IQ:30,248,12,-98,-185
IQ:31,256,255,-224,132
IQ:32,264,1,136,232
IQ:33,272,255,258,-134
IQ:34,280,2,-108,-217
IQ:35,288,255,-172,123
SW:2
RR:3
SS:3
FR:2426
ME:2
MA:5
KE:1
KA:1
DF_END

Data arrived...
DF_BEGIN
IQ:0,0,11,-99,112
IQ:1,8,11,121,78
IQ:2,16,11,64,-136
IQ:3,24,11,-137,-61
IQ:4,32,11,-38,144
IQ:5,40,11,141,16
IQ:6,48,11,12,-152
IQ:7,56,11,-146,4
IQ:8,72,12,125,-70
IQ:9,80,255,-57,-141
IQ:10,88,1,-109,63
IQ:11,96,255,78,133
IQ:12,104,2,195,-71
IQ:13,112,255,-54,-214
IQ:14,120,10,-96,-84
IQ:15,128,255,-18,95
IQ:16,136,3,156,39
IQ:17,144,255,-31,-96
IQ:18,152,9,-176,153
IQ:19,160,255,130,168
IQ:20,168,4,173,-139
IQ:21,176,255,-93,-133
IQ:22,184,8,8,133
IQ:23,192,255,139,-28
IQ:24,200,7,-100,-141
IQ:25,208,255,-190,59
IQ:26,216,6,-23,138
IQ:27,224,255,113,-30
IQ:28,232,5,-117,-151
IQ:29,240,255,-142,75
IQ:30,248,12,120,52
IQ:31,256,255,82,-129
IQ:32,264,1,-120,-52
IQ:33,272,255,-57,146
IQ:34,280,2,191,83
IQ:35,288,255,86,-169
SW:2
RR:3
SS:3
FR:2402
ME:2
MA:5
KE:1
KA:1
DF_END

Data arrived...
DF_BEGIN
IQ:0,0,11,-27,150
IQ:1,8,11,128,16
IQ:2,16,11,-32,-123
IQ:3,24,11,-153,24
IQ:4,32,11,30,136
IQ:5,40,11,116,-59
IQ:6,48,11,-83,-129
IQ:7,56,11,-131,87
IQ:8,72,12,115,-214
IQ:9,80,255,-244,-129
IQ:10,88,1,-179,251
IQ:11,96,255,231,184
IQ:12,104,2,140,-207
IQ:13,112,255,-294,-246
IQ:14,120,10,-437,-70
IQ:15,128,255,-60,231
IQ:16,136,3,73,-160
IQ:17,144,255,-279,39
IQ:18,152,9,-78,594
IQ:19,160,255,486,160
IQ:20,168,4,77,-289
IQ:21,176,255,-262,-24
IQ:22,184,8,85,309
IQ:23,192,255,231,-92
IQ:24,200,7,-257,-72
IQ:25,208,255,-167,268
IQ:26,216,6,151,200
IQ:27,224,255,132,-214
IQ:28,232,5,-337,-222
IQ:29,240,255,-208,240
IQ:30,248,12,220,-47
IQ:31,256,255,-38,-283
IQ:32,264,1,-287,31
IQ:33,272,255,45,294
IQ:34,280,2,255,-15
IQ:35,288,255,-2,-236
SW:2
RR:3
SS:3
FR:2480
ME:2
MA:5
KE:1
KA:2
DF_END

Data arrived...
DF_BEGIN
IQ:0,0,11,-165,-1
IQ:1,8,11,18,169
IQ:2,16,11,160,-33
IQ:3,24,11,-64,-154
IQ:4,32,11,-152,70
IQ:5,40,11,88,157
IQ:6,48,11,144,-94
IQ:7,56,11,-98,-132
IQ:8,72,12,146,87
IQ:9,80,255,98,-196
IQ:10,88,1,-198,-116
IQ:11,96,255,-134,203
IQ:12,104,2,174,92
IQ:13,112,255,98,-221
IQ:14,120,10,-178,-174
IQ:15,128,255,-112,185
IQ:16,136,3,197,118
IQ:17,144,255,27,-207
IQ:18,152,9,-332,31
IQ:19,160,255,24,324
IQ:20,168,4,332,-22
IQ:21,176,255,-5,-267
IQ:22,184,8,-171,143
IQ:23,192,255,167,164
IQ:24,200,7,131,-225
IQ:25,208,255,-237,-181
IQ:26,216,6,-187,131
IQ:27,224,255,140,117
IQ:28,232,5,49,-203
IQ:29,240,255,-204,-47
IQ:30,248,12,33,179
IQ:31,256,255,217,-23
IQ:32,264,1,-40,-224
IQ:33,272,255,-236,43
IQ:34,280,2,47,190
IQ:35,288,255,168,-65
SW:2
RR:3
SS:3
FR:2426
ME:2
MA:5
KE:1
KA:2
DF_END

Data arrived...
DF_BEGIN
IQ:0,0,11,-91,-116
IQ:1,8,11,-115,103
IQ:2,16,11,122,106
IQ:3,24,11,102,-150
IQ:4,32,11,-141,-84
IQ:5,40,11,-81,147
IQ:6,48,11,163,47
IQ:7,56,11,47,-154
IQ:8,72,12,15,161
IQ:9,80,255,194,-43
IQ:10,88,1,-13,-217
IQ:11,96,255,-222,34
IQ:12,104,2,25,188
IQ:13,112,255,231,-35
IQ:14,120,10,35,-270
IQ:15,128,255,-233,-16
IQ:16,136,3,31,223
IQ:17,144,255,195,-105
IQ:18,152,9,-242,-239
IQ:19,160,255,-237,207
IQ:20,168,4,220,239
IQ:21,176,255,218,-193
IQ:22,184,8,-199,-31
IQ:23,192,255,-32,229
IQ:24,200,7,225,-57
IQ:25,208,255,-29,-290
IQ:26,216,6,-229,-27
IQ:27,224,255,-6,197
IQ:28,232,5,183,-93
IQ:29,240,255,-73,-184
IQ:30,248,12,-122,100
IQ:31,256,255,137,161
IQ:32,264,1,166,-160
IQ:33,272,255,-166,-161
IQ:34,280,2,-141,140
IQ:35,288,255,153,106
SW:2
RR:3
SS:3
FR:2426
ME:359
MA:353
KE:1
KA:1
DF_END

Data arrived...
DF_BEGIN
IQ:0,0,11,-35,185
IQ:1,8,11,181,6
IQ:2,16,11,-14,-195
IQ:3,24,11,-190,34
IQ:4,32,11,43,180
IQ:5,40,11,179,-76
IQ:6,48,11,-74,-177
IQ:7,56,11,-148,99
IQ:8,72,12,95,-150
IQ:9,80,255,-145,-114
IQ:10,88,1,-101,140
IQ:11,96,255,172,106
IQ:12,104,2,150,-212
IQ:13,112,255,-184,-206
IQ:14,120,10,-163,-33
IQ:15,128,255,45,107
IQ:16,136,3,185,-48
IQ:17,144,255,-93,-92
IQ:18,152,9,-73,270
IQ:19,160,255,260,67
IQ:20,168,4,73,-275
IQ:21,176,255,-188,-94
IQ:22,184,8,114,143
IQ:23,192,255,151,-109
IQ:24,200,7,-195,-85
IQ:25,208,255,-147,205
IQ:26,216,6,79,145
IQ:27,224,255,102,-113
IQ:28,232,5,-211,-89
IQ:29,240,255,-103,183
IQ:30,248,12,177,-18
IQ:31,256,255,11,-196
IQ:32,264,1,-159,16
IQ:33,272,255,47,187
IQ:34,280,2,266,-19
IQ:35,288,255,-10,-232
SW:2
RR:3
SS:3
FR:2402
ME:2
MA:5
KE:1
KA:1
DF_END

Data arrived...
DF_BEGIN
IQ:0,0,11,-158,-8
IQ:1,8,11,-14,158
IQ:2,16,11,150,1
IQ:3,24,11,-28,-148
IQ:4,32,11,-141,47
IQ:5,40,11,54,145
IQ:6,48,11,130,-80
IQ:7,56,11,-91,-129
IQ:8,72,12,243,92
IQ:9,80,255,126,-266
IQ:10,88,1,-267,-158
IQ:11,96,255,-148,253
IQ:12,104,2,249,141
IQ:13,112,255,221,-290
IQ:14,120,10,50,-440
IQ:15,128,255,-225,-39
IQ:16,136,3,185,77
IQ:17,144,255,-65,-289
IQ:18,152,9,-592,-23
IQ:19,160,255,-107,528
IQ:20,168,4,328,109
IQ:21,176,255,35,-258
IQ:22,184,8,-303,158
IQ:23,192,255,109,245
IQ:24,200,7,86,-267
IQ:25,208,255,-268,-176
IQ:26,216,6,-196,166
IQ:27,224,255,254,144
IQ:28,232,5,263,-332
IQ:29,240,255,-227,-210
IQ:30,248,12,64,247
IQ:31,256,255,300,-49
IQ:32,264,1,-62,-302
IQ:33,272,255,-314,53
IQ:34,280,2,38,288
IQ:35,288,255,255,-16
SW:2
RR:3
SS:3
FR:2480
ME:2
MA:5
KE:1
KA:2
DF_END

Data arrived...
DF_BEGIN
IQ:0,0,11,138,79
IQ:1,8,11,59,-145
IQ:2,16,11,-146,-47
IQ:3,24,11,-21,139
IQ:4,32,11,149,-3
IQ:5,40,11,-9,-149
IQ:6,48,11,-151,17
IQ:7,56,11,35,154
IQ:8,72,12,-197,-161
IQ:9,80,255,-215,189
IQ:10,88,1,182,228
IQ:11,96,255,232,-223
IQ:12,104,2,-181,-213
IQ:13,112,255,-302,205
IQ:14,120,10,-205,408
IQ:15,128,255,191,126
IQ:16,136,3,-128,-133
IQ:17,144,255,-51,281
IQ:18,152,9,552,273
IQ:19,160,255,303,-435
IQ:20,168,4,-270,-179
IQ:21,176,255,-79,261
IQ:22,184,8,334,5
IQ:23,192,255,-16,-273
IQ:24,200,7,-154,225
IQ:25,208,255,240,231
IQ:26,216,6,242,-106
IQ:27,224,255,-174,-221
IQ:28,232,5,-352,221
IQ:29,240,255,142,282
IQ:30,248,12,-4,-239
IQ:31,256,255,-292,-53
IQ:32,264,1,-51,297
IQ:33,272,255,320,56
IQ:34,280,2,83,-271
IQ:35,288,255,-242,-64
SW:2
RR:3
SS:3
FR:2480
ME:2
MA:5
KE:1
KA:2
DF_END

Data arrived...
DF_BEGIN
IQ:0,0,11,-169,-41
IQ:1,8,11,-14,174
IQ:2,16,11,159,-9
IQ:3,24,11,-33,-165
IQ:4,32,11,-159,35
IQ:5,40,11,46,155
IQ:6,48,11,152,-60
IQ:7,56,11,-76,-148
IQ:8,72,12,123,123
IQ:9,80,255,146,-151
IQ:10,88,1,-160,-160
IQ:11,96,255,-162,166
IQ:12,104,2,165,114
IQ:13,112,255,137,-195
IQ:14,120,10,-137,-213
IQ:15,128,255,-167,157
IQ:16,136,3,168,154
IQ:17,144,255,79,-197
IQ:18,152,9,-341,-58
IQ:19,160,255,-42,315
IQ:20,168,4,320,50
IQ:21,176,255,34,-266
IQ:22,184,8,-185,129
IQ:23,192,255,139,198
IQ:24,200,7,174,-194
IQ:25,208,255,-185,-220
IQ:26,216,6,-211,107
IQ:27,224,255,107,147
IQ:28,232,5,72,-188
IQ:29,240,255,-193,-93
IQ:30,248,12,-16,172
IQ:31,256,255,203,4
IQ:32,264,1,-1,-234
IQ:33,272,255,-252,-19
IQ:34,280,2,-26,198
IQ:35,288,255,172,-6
SW:2
RR:3
SS:3
FR:2426
ME:359
MA:353
KE:1
KA:1
DF_END

Data arrived...
DF_BEGIN
IQ:0,0,11,93,126
IQ:1,8,11,109,-116
IQ:2,16,11,-131,-99
IQ:3,24,11,-98,130
IQ:4,32,11,139,73
IQ:5,40,11,60,-145
IQ:6,48,11,-150,-50
IQ:7,56,11,-33,159
IQ:8,72,12,-30,-152
IQ:9,80,255,-164,25
IQ:10,88,1,42,128
IQ:11,96,255,150,-68
IQ:12,104,2,-70,-214
IQ:13,112,255,-223,-20
IQ:14,120,10,-87,68
IQ:15,128,255,85,29
IQ:16,136,3,63,-131
IQ:17,144,255,-103,17
IQ:18,152,9,91,196
IQ:19,160,255,173,-96
IQ:20,168,4,-98,-187
IQ:21,176,255,-138,66
IQ:22,184,8,137,7
IQ:23,192,255,5,-149
IQ:24,200,7,-158,48
IQ:25,208,255,24,186
IQ:26,216,6,136,50
IQ:27,224,255,-3,-116
IQ:28,232,5,-171,63
IQ:29,240,255,43,147
IQ:30,248,12,88,-124
IQ:31,256,255,-115,-117
IQ:32,264,1,-83,116
IQ:33,272,255,139,90
IQ:34,280,2,141,-170
IQ:35,288,255,-134,-128
SW:2
RR:3
SS:3
FR:2402
ME:2
MA:5
KE:1
KA:2
DF_END

Data arrived...
DF_BEGIN
IQ:0,0,11,-14,154
IQ:1,8,11,163,-13
IQ:2,16,11,-8,-167
IQ:3,24,11,-148,43
IQ:4,32,11,71,152
IQ:5,40,11,148,-72
IQ:6,48,11,-109,-142
IQ:7,56,11,-114,110
IQ:8,72,12,139,-234
IQ:9,80,255,-264,-157
IQ:10,88,1,-155,268
IQ:11,96,255,282,169
IQ:12,104,2,151,-261
IQ:13,112,255,-295,-222
IQ:14,120,10,-427,-50
IQ:15,128,255,-20,219
IQ:16,136,3,71,-181
IQ:17,144,255,-266,51
IQ:18,152,9,-11,591
IQ:19,160,255,525,56
IQ:20,168,4,78,-333
IQ:21,176,255,-246,-11
IQ:22,184,8,155,290
IQ:23,192,255,237,-136
IQ:24,200,7,-253,-86
IQ:25,208,255,-146,271
IQ:26,216,6,172,177
IQ:27,224,255,142,-247
IQ:28,232,5,-349,-203
IQ:29,240,255,-173,256
IQ:30,248,12,246,-85
IQ:31,256,255,-40,-311
IQ:32,264,1,-302,59
IQ:33,272,255,68,314
IQ:34,280,2,289,-54
IQ:35,288,255,-35,-268
SW:2
RR:3
SS:3
FR:2480
ME:2
MA:5
KE:1
KA:2
DF_END

Data arrived...
DF_BEGIN
IQ:0,0,11,128,116
IQ:1,8,11,83,-122
IQ:2,16,11,-135,-44
IQ:3,24,11,-53,154
IQ:4,32,11,156,43
IQ:5,40,11,16,-148
IQ:6,48,11,-152,20
IQ:7,56,11,37,170
IQ:8,72,12,-141,-194
IQ:9,80,255,-237,177
IQ:10,88,1,150,284
IQ:11,96,255,286,-138
IQ:12,104,2,-146,-222
IQ:13,112,255,-346,186
IQ:14,120,10,-258,375
IQ:15,128,255,183,139
IQ:16,136,3,-99,-150
IQ:17,144,255,-91,266
IQ:18,152,9,485,363
IQ:19,160,255,343,-379
IQ:20,168,4,-232,-197
IQ:21,176,255,-147,233
IQ:22,184,8,321,32
IQ:23,192,255,51,-263
IQ:24,200,7,-203,182
IQ:25,208,255,157,292
IQ:26,216,6,241,-34
IQ:27,224,255,-142,-225
IQ:28,232,5,-374,180
IQ:29,240,255,118,295
IQ:30,248,12,42,-231
IQ:31,256,255,-290,-83
IQ:32,264,1,-108,307
IQ:33,272,255,301,129
IQ:34,280,2,124,-238
IQ:35,288,255,-215,-116
SW:2
RR:3
SS:3
FR:2480
ME:2
MA:5
KE:1
KA:2
DF_END

Data arrived...
DF_BEGIN
IQ:0,0,11,-121,-103
IQ:1,8,11,-101,127
IQ:2,16,11,137,90
IQ:3,24,11,61,-146
IQ:4,32,11,-160,-46
IQ:5,40,11,-40,156
IQ:6,48,11,149,23
IQ:7,56,11,-11,-163
IQ:8,72,12,38,179
IQ:9,80,255,210,-34
IQ:10,88,1,-56,-196
IQ:11,96,255,-221,63
IQ:12,104,2,67,180
IQ:13,112,255,216,-88
IQ:14,120,10,-10,-260
IQ:15,128,255,-221,42
IQ:16,136,3,46,220
IQ:17,144,255,163,-117
IQ:18,152,9,-253,-226
IQ:19,160,255,-215,247
IQ:20,168,4,256,198
IQ:21,176,255,177,-207
IQ:22,184,8,-220,-5
IQ:23,192,255,14,236
IQ:24,200,7,244,-77
IQ:25,208,255,-66,-273
IQ:26,216,6,-226,-11
IQ:27,224,255,28,188
IQ:28,232,5,161,-119
IQ:29,240,255,-114,-167
IQ:30,248,12,-105,139
IQ:31,256,255,159,136
IQ:32,264,1,119,-182
IQ:33,272,255,-184,-144
IQ:34,280,2,-96,160
IQ:35,288,255,158,77
SW:2
RR:3
SS:3
FR:2426
ME:2
MA:5
KE:1
KA:2
DF_END

Data arrived...
DF_BEGIN
IQ:0,0,11,146,123
IQ:1,8,11,112,-145
IQ:2,16,11,-176,-91
IQ:3,24,11,-82,166
IQ:4,32,11,175,73
IQ:5,40,11,39,-188
IQ:6,48,11,-193,-24
IQ:7,56,11,-11,190
IQ:8,72,12,-73,-168
IQ:9,80,255,-184,62
IQ:10,88,1,75,150
IQ:11,96,255,176,-86
IQ:12,104,2,-82,-258
IQ:13,112,255,-271,29
IQ:14,120,10,-103,113
IQ:15,128,255,102,34
IQ:16,136,3,78,-180
IQ:17,144,255,-117,17
IQ:18,152,9,180,204
IQ:19,160,255,202,-164
IQ:20,168,4,-167,-212
IQ:21,176,255,-155,125
IQ:22,184,8,177,-20
IQ:23,192,255,-23,-192
IQ:24,200,7,-187,112
IQ:25,208,255,54,240
IQ:26,216,6,162,29
IQ:27,224,255,-37,-138
IQ:28,232,5,-209,129
IQ:29,240,255,77,181
IQ:30,248,12,78,-154
IQ:31,256,255,-165,-106
IQ:32,264,1,-66,160
IQ:33,272,255,188,78
IQ:34,280,2,129,-220
IQ:35,288,255,-182,-99
SW:2
RR:3
SS:3
FR:2402
ME:2
MA:5
KE:1
KA:3
DF_END

Data arrived...
DF_BEGIN
IQ:0,0,11,144,64
IQ:1,8,11,56,-151
IQ:2,16,11,-139,-58
IQ:3,24,11,-5,158
IQ:4,32,11,151,2
IQ:5,40,11,-19,-159
IQ:6,48,11,-173,35
IQ:7,56,11,46,151
IQ:8,72,12,-195,-182
IQ:9,80,255,-217,211
IQ:10,88,1,203,232
IQ:11,96,255,246,-206
IQ:12,104,2,-207,-209
IQ:13,112,255,-278,243
IQ:14,120,10,-122,427
IQ:15,128,255,210,91
IQ:16,136,3,-141,-130
IQ:17,144,255,-42,264
IQ:18,152,9,573,190
IQ:19,160,255,239,-471
IQ:20,168,4,-279,-178
IQ:21,176,255,-83,257
IQ:22,184,8,314,-28
IQ:23,192,255,-37,-267
IQ:24,200,7,-161,236
IQ:25,208,255,223,231
IQ:26,216,6,246,-117
IQ:27,224,255,-183,-225
IQ:28,232,5,-313,262
IQ:29,240,255,180,269
IQ:30,248,12,30,-260
IQ:31,256,255,-298,-72
IQ:32,264,1,-59,293
IQ:33,272,255,333,51
IQ:34,280,2,37,-285
IQ:35,288,255,-253,-59
SW:2
RR:3
SS:3
FR:2480
ME:2
MA:5
KE:1
KA:3
DF_END

Data arrived...
DF_BEGIN
IQ:0,0,11,136,105
IQ:1,8,11,78,-133
IQ:2,16,11,-147,-77
IQ:3,24,11,-59,141
IQ:4,32,11,151,44
IQ:5,40,11,33,-165
IQ:6,48,11,-166,-21
IQ:7,56,11,-6,164
IQ:8,72,12,-122,-234
IQ:9,80,255,-268,135
IQ:10,88,1,134,290
IQ:11,96,255,298,-136
IQ:12,104,2,-127,-260
IQ:13,112,255,-353,139
IQ:14,120,10,-277,360
IQ:15,128,255,168,146
IQ:16,136,3,-81,-169
IQ:17,144,255,-131,246
IQ:18,152,9,468,382
IQ:19,160,255,365,-382
IQ:20,168,4,-213,-247
IQ:21,176,255,-167,208
IQ:22,184,8,315,83
IQ:23,192,255,31,-267
IQ:24,200,7,-212,169
IQ:25,208,255,128,288
IQ:26,216,6,261,-18
IQ:27,224,255,-118,-250
IQ:28,232,5,-387,126
IQ:29,240,255,102,312
IQ:30,248,12,102,-233
IQ:31,256,255,-263,-134
IQ:32,264,1,-126,313
IQ:33,272,255,307,151
IQ:34,280,2,148,-247
IQ:35,288,255,-218,-135
SW:2
RR:3
SS:3
FR:2480
ME:2
MA:5
KE:1
KA:3
DF_END

Data arrived...
DF_BEGIN
IQ:0,0,11,183,-78
IQ:1,8,11,98,-137
IQ:2,16,11,-115,-13
IQ:3,24,11,34,142
IQ:4,32,11,211,-62
IQ:5,40,11,-11,-125
IQ:6,48,11,-137,10
IQ:7,56,11,43,148
IQ:8,72,12,-92,-168
IQ:9,80,255,-214,113
IQ:10,88,1,107,146
IQ:11,96,255,149,-108
IQ:12,104,2,-118,-117
IQ:13,112,255,-158,137
IQ:14,120,10,88,236
IQ:15,128,255,206,-1
IQ:16,136,3,-165,-212
IQ:17,144,255,-124,164
IQ:18,152,9,340,75
IQ:19,160,255,122,-336
IQ:20,168,4,-302,-51
IQ:21,176,255,-78,252
IQ:22,184,8,217,-109
IQ:23,192,255,-78,-234
IQ:24,200,7,-201,156
IQ:25,208,255,195,257
IQ:26,216,6,234,-60
IQ:27,224,255,-67,-122
IQ:28,232,5,-127,120
IQ:29,240,255,210,164
IQ:30,248,12,2,-165
IQ:31,256,255,-123,-76
IQ:32,264,1,-33,187
IQ:33,272,255,205,143
IQ:34,280,2,-68,-184
IQ:35,288,255,-180,-70
SW:2
RR:3
SS:3
FR:2426
ME:359
MA:5
KE:1
KA:3
DF_END

Data arrived...
DF_BEGIN
IQ:0,0,11,-130,-90
IQ:1,8,11,-58,140
IQ:2,16,11,148,52
IQ:3,24,11,37,-146
IQ:4,32,11,-152,-17
IQ:5,40,11,-11,161
IQ:6,48,11,161,-11
IQ:7,56,11,-33,-155
IQ:8,72,12,89,131
IQ:9,80,255,138,-80
IQ:10,88,1,-89,-116
IQ:11,96,255,-135,99
IQ:12,104,2,102,187
IQ:13,112,255,205,-58
IQ:14,120,10,57,-88
IQ:15,128,255,-89,0
IQ:16,136,3,-25,131
IQ:17,144,255,81,-49
IQ:18,152,9,-160,-137
IQ:19,160,255,-144,147
IQ:20,168,4,145,141
IQ:21,176,255,90,-110
IQ:22,184,8,-144,42
IQ:23,192,255,30,147
IQ:24,200,7,135,-109
IQ:25,208,255,-74,-173
IQ:26,216,6,-140,-1
IQ:27,224,255,36,114
IQ:28,232,5,145,-114
IQ:29,240,255,-84,-126
IQ:30,248,12,-47,147
IQ:31,256,255,147,77
IQ:32,264,1,38,-134
IQ:33,272,255,-173,-40
IQ:34,280,2,-84,205
IQ:35,288,255,166,63
SW:2
RR:3
SS:3
FR:2402
ME:2
MA:5
KE:1
KA:3
DF_END

Data arrived...
DF_BEGIN
IQ:0,0,11,16,-182
IQ:1,8,11,-154,12
IQ:2,16,11,44,150
IQ:3,24,11,153,-65
IQ:4,32,11,-56,-155
IQ:5,40,11,-142,60
IQ:6,48,11,99,112
IQ:7,56,11,118,-127
IQ:8,72,12,-66,244
IQ:9,80,255,279,106
IQ:10,88,1,122,-315
IQ:11,96,255,-282,-137
IQ:12,104,2,-98,255
IQ:13,112,255,348,167
IQ:14,120,10,440,-53
IQ:15,128,255,-34,-241
IQ:16,136,3,-54,177
IQ:17,144,255,265,-105
IQ:18,152,9,-62,-602
IQ:19,160,255,-514,-43
IQ:20,168,4,-42,328
IQ:21,176,255,268,-46
IQ:22,184,8,-173,-292
IQ:23,192,255,-226,135
IQ:24,200,7,283,48
IQ:25,208,255,133,-313
IQ:26,216,6,-193,-164
IQ:27,224,255,-93,260
IQ:28,232,5,377,191
IQ:29,240,255,174,-292
IQ:30,248,12,-234,80
IQ:31,256,255,91,287
IQ:32,264,1,300,-110
IQ:33,272,255,-100,-326
IQ:34,280,2,-267,35
IQ:35,288,255,44,248
SW:2
RR:3
SS:3
FR:2480
ME:2
MA:5
KE:1
KA:4
DF_END