DF_END

Data arrived...
DF_BEGIN
IQ:0,0,11,85,124
IQ:1,8,11,113,-71
IQ:2,16,11,-98,-89
IQ:3,24,11,-91,119
IQ:4,32,11,116,84
IQ:5,40,11,69,-114
IQ:6,48,11,-123,-51
IQ:7,56,11,-35,155
IQ:8,72,12,-106,-170
IQ:9,80,255,-240,84
IQ:10,88,1,6,234
IQ:11,96,255,254,7
IQ:12,104,2,28,-251
IQ:13,112,255,-340,-12
IQ:14,120,10,-352,266
IQ:15,128,255,139,220
IQ:16,136,3,17,-198
IQ:17,144,255,-170,144
IQ:18,152,9,328,476
IQ:19,160,255,452,-216
IQ:20,168,4,-132,-297
IQ:21,176,255,-228,139
IQ:22,184,8,242,146
IQ:23,192,255,144,-177
IQ:24,200,7,-195,92
IQ:25,208,255,40,273
IQ:26,216,6,212,73
IQ:27,224,255,-22,-231
IQ:28,232,5,-379,0
IQ:29,240,255,-46,289
IQ:30,248,12,82,-179
IQ:31,256,255,-192,-156
IQ:32,264,1,-167,164
IQ:33,272,255,159,196
IQ:34,280,2,221,-138
IQ:35,288,255,-111,-197
SW:2
RR:3
SS:3
FR:2480
ME:2
MA:5
KE:2
KA:4
DF_END

Data arrived...
DF_BEGIN
IQ:0,0,11,25,25
IQ:1,8,11,57,-102
IQ:2,16,11,-171,-62
IQ:3,24,11,-49,198
IQ:4,32,11,116,-90
IQ:5,40,11,-47,-146
IQ:6,48,11,-181,-54
IQ:7,56,11,40,165
IQ:8,72,12,-117,-143
IQ:9,80,255,-134,116
IQ:10,88,1,95,203
IQ:11,96,255,251,-63
IQ:12,104,2,-131,-113
IQ:13,112,255,-155,118
IQ:14,120,10,35,146
IQ:15,128,255,192,-88
IQ:16,136,3,-22,-152
IQ:17,144,255,3,163
IQ:18,152,9,210,125
IQ:19,160,255,64,-176
IQ:20,168,4,-171,-117
IQ:21,176,255,-87,118
IQ:22,184,8,127,-42
IQ:23,192,255,-52,-226
IQ:24,200,7,-194,92
IQ:25,208,255,111,204
IQ:26,216,6,161,-68
IQ:27,224,255,-81,-133
IQ:28,232,5,-91,95
IQ:29,240,255,130,113
IQ:30,248,12,81,-97
IQ:31,256,255,-171,-46
IQ:32,264,1,-85,182
IQ:33,272,255,122,82
IQ:34,280,2,100,-165
IQ:35,288,255,-90,-13
SW:2
RR:3
SS:3
FR:2426
ME:5
MA:5
KE:2
KA:4
DF_END

Data arrived...
DF_BEGIN
IQ:0,0,11,-104,-111
IQ:1,8,11,-94,105
IQ:2,16,11,120,77
IQ:3,24,11,58,-132
IQ:4,32,11,-142,-48
IQ:5,40,11,-46,141
IQ:6,48,11,144,46
IQ:7,56,11,7,-140
IQ:8,72,12,45,127
IQ:9,80,255,138,-29
IQ:10,88,1,-54,-129
IQ:11,96,255,-146,68
IQ:12,104,2,68,216
IQ:13,112,255,254,-29
IQ:14,120,10,143,-108
IQ:15,128,255,-103,-59
IQ:16,136,3,-99,177
IQ:17,144,255,114,3
IQ:18,152,9,-132,-215
IQ:19,160,255,-224,137
IQ:20,168,4,128,221
IQ:21,176,255,166,-85
IQ:22,184,8,-155,9
IQ:23,192,255,-3,147
IQ:24,200,7,136,-108
IQ:25,208,255,-80,-202
IQ:26,216,6,-148,-53
IQ:27,224,255,-3,119
IQ:28,232,5,166,-104
IQ:29,240,255,-64,-158
IQ:30,248,12,-63,127
IQ:31,256,255,113,95
IQ:32,264,1,73,-125
IQ:33,272,255,-151,-69
IQ:34,280,2,-122,187
IQ:35,288,255,159,118
SW:2
RR:3
SS:3
FR:2402
ME:2
MA:5
KE:2
KA:4
DF_END

Data arrived...
DF_BEGIN
IQ:0,0,11,107,-143
IQ:1,8,11,-154,-92
IQ:2,16,11,-73,169
IQ:3,24,11,168,49
IQ:4,32,11,50,-173
IQ:5,40,11,-174,-24
IQ:6,48,11,-20,172
IQ:7,56,11,168,1
IQ:8,72,12,-149,88
IQ:9,80,255,60,166
IQ:10,88,1,142,-89
IQ:11,96,255,-120,-176
IQ:12,104,2,-259,115
IQ:13,112,255,71,288
IQ:14,120,10,141,136
IQ:15,128,255,61,-126
IQ:16,136,3,-198,-106
IQ:17,144,255,7,155
IQ:18,152,9,242,-180
IQ:19,160,255,-166,-240
IQ:20,168,4,-233,163
IQ:21,176,255,118,180
IQ:22,184,8,-34,-167
IQ:23,192,255,-162,18
IQ:24,200,7,117,153
IQ:25,208,255,220,-80
IQ:26,216,6,47,-180
IQ:27,224,255,-142,5
IQ:28,232,5,118,180
IQ:29,240,255,171,-95
IQ:30,248,12,-160,-67
IQ:31,256,255,-107,151
IQ:32,264,1,155,71
IQ:33,272,255,56,-199
IQ:34,280,2,-264,-100
IQ:35,288,255,-107,224
SW:2
RR:3
SS:3
FR:2402
ME:2
MA:5
KE:2
KA:4
DF_END

Data arrived...
DF_BEGIN
IQ:0,0,11,-10,149
IQ:1,8,11,127,-26
IQ:2,16,11,-46,-142
IQ:3,24,11,-148,48
IQ:4,32,11,77,108
IQ:5,40,11,113,-84
IQ:6,48,11,-98,-116
IQ:7,56,11,-109,91
IQ:8,72,12,-17,-219
IQ:9,80,255,-246,-78
IQ:10,88,1,-119,204
IQ:11,96,255,223,117
IQ:12,104,2,136,-237
IQ:13,112,255,-309,-159
IQ:14,120,10,-424,67
IQ:15,128,255,41,243
IQ:16,136,3,84,-175
IQ:17,144,255,-223,56
IQ:18,152,9,72,532
IQ:19,160,255,494,-29
IQ:20,168,4,29,-340
IQ:21,176,255,-272,-23
IQ:22,184,8,130,226
IQ:23,192,255,189,-133
IQ:24,200,7,-229,-28
IQ:25,208,255,-106,245
IQ:26,216,6,148,144
IQ:27,224,255,67,-233
IQ:28,232,5,-350,-144
IQ:29,240,255,-165,229
IQ:30,248,12,163,-116
IQ:31,256,255,-103,-253
IQ:32,264,1,-240,61
IQ:33,272,255,66,234
IQ:34,280,2,246,-24
IQ:35,288,255,-8,-242
SW:2
RR:3
SS:3
FR:2480
ME:2
MA:5
KE:2
KA:4
DF_END

Data arrived...
DF_BEGIN
IQ:0,0,11,-90,162
IQ:1,8,11,157,75
IQ:2,16,11,53,-165
IQ:3,24,11,-170,-31
IQ:4,32,11,-18,175
IQ:5,40,11,184,14
IQ:6,48,11,5,-185
IQ:7,56,11,-174,22
IQ:8,72,12,165,-99
IQ:9,80,255,-89,-213
IQ:10,88,1,-200,84
IQ:11,96,255,90,204
IQ:12,104,2,150,-105
IQ:13,112,255,-133,-180
IQ:14,120,10,-240,37
IQ:15,128,255,77,202
IQ:16,136,3,181,-68
IQ:17,144,255,-143,-110
IQ:18,152,9,-191,285
IQ:19,160,255,281,164
IQ:20,168,4,183,-265
IQ:21,176,255,-202,-147
IQ:22,184,8,61,215
IQ:23,192,255,232,-51
IQ:24,200,7,-133,-237
IQ:25,208,255,-282,106
IQ:26,216,6,32,204
IQ:27,224,255,166,-78
IQ:28,232,5,-153,-147
IQ:29,240,255,-167,163
IQ:30,248,12,169,99
IQ:31,256,255,119,-181
IQ:32,264,1,-202,-78
IQ:33,272,255,-100,205
IQ:34,280,2,170,66
IQ:35,288,255,45,-180
SW:2
RR:3
SS:3
FR:2426
ME:359
MA:353
KE:2
KA:3
DF_END

Data arrived...
DF_BEGIN
IQ:0,0,11,177,105
IQ:1,8,11,49,-182
IQ:2,16,11,-193,-55
IQ:3,24,11,-27,205
IQ:4,32,11,190,15
IQ:5,40,11,-15,-185
IQ:6,48,11,-176,12
IQ:7,56,11,39,193
IQ:8,72,12,-125,-164
IQ:9,80,255,-206,120
IQ:10,88,1,135,195
IQ:11,96,255,202,-136
IQ:12,104,2,-133,-144
IQ:13,112,255,-171,163
IQ:14,120,10,45,220
IQ:15,128,255,188,-84
IQ:16,136,3,-87,-151
IQ:17,144,255,-110,155
IQ:18,152,9,284,173
IQ:19,160,255,151,-273
IQ:20,168,4,-267,-177
IQ:21,176,255,-115,223
IQ:22,184,8,232,-76
IQ:23,192,255,-76,-232
IQ:24,200,7,-259,147
IQ:25,208,255,140,282
IQ:26,216,6,201,-52
IQ:27,224,255,-67,-169
IQ:28,232,5,-136,171
IQ:29,240,255,153,153
IQ:30,248,12,69,-207
IQ:31,256,255,-216,-93
IQ:32,264,1,-63,218
IQ:33,272,255,228,82
IQ:34,280,2,50,-184
IQ:35,288,255,-193,-38
SW:2
RR:3
SS:3
FR:2426
ME:2
MA:5
KE:2
KA:3
DF_END

Data arrived...
DF_BEGIN
IQ:0,0,11,-176,-79
IQ:1,8,11,-68,179
IQ:2,16,11,192,31
IQ:3,24,11,17,-200
IQ:4,32,11,-200,-7
IQ:5,40,11,27,201
IQ:6,48,11,179,-46
IQ:7,56,11,-56,-194
IQ:8,72,12,123,131
IQ:9,80,255,157,-128
IQ:10,88,1,-148,-114
IQ:11,96,255,-146,192
IQ:12,104,2,228,233
IQ:13,112,255,318,-172
IQ:14,120,10,125,-233
IQ:15,128,255,-184,2
IQ:16,136,3,-10,319
IQ:17,144,255,186,-67
IQ:18,152,9,-313,-223
IQ:19,160,255,-202,294
IQ:20,168,4,314,209
IQ:21,176,255,195,-197
IQ:22,184,8,-174,101
IQ:23,192,255,78,185
IQ:24,200,7,119,-203
IQ:25,208,255,-187,-222
IQ:26,216,6,-227,16
IQ:27,224,255,57,160
IQ:28,232,5,142,-227
IQ:29,240,255,-184,-167
IQ:30,248,12,-17,186
IQ:31,256,255,196,50
IQ:32,264,1,18,-180
IQ:33,272,255,-235,10
IQ:34,280,2,-47,322
IQ:35,288,255,266,73
SW:2
RR:3
SS:3
FR:2402
ME:2
MA:5
KE:2
KA:3
DF_END

Data arrived...
DF_BEGIN
IQ:0,0,11,-139,-27
IQ:1,8,11,-35,135
IQ:2,16,11,145,8
IQ:3,24,11,2,-147
IQ:4,32,11,-143,14
IQ:5,40,11,41,139
IQ:6,48,11,130,-72
IQ:7,56,11,-55,-129
IQ:8,72,12,183,84
IQ:9,80,255,147,-192
IQ:10,88,1,-168,-160
IQ:11,96,255,-172,193
IQ:12,104,2,157,204
IQ:13,112,255,269,-203
IQ:14,120,10,117,-415
IQ:15,128,255,-229,-78
IQ:16,136,3,121,140
IQ:17,144,255,27,-217
IQ:18,152,9,-542,-130
IQ:19,160,255,-163,454
IQ:20,168,4,288,141
IQ:21,176,255,96,-236
IQ:22,184,8,-265,42
IQ:23,192,255,23,230
IQ:24,200,7,94,-198
IQ:25,208,255,-205,-176
IQ:26,216,6,-201,86
IQ:27,224,255,182,150
IQ:28,232,5,256,-284
IQ:29,240,255,-166,-221
IQ:30,248,12,60,196
IQ:31,256,255,257,-6
IQ:32,264,1,37,-231
IQ:33,272,255,-253,-39
IQ:34,280,2,-64,261
IQ:35,288,255,210,79
SW:2
RR:3
SS:3
FR:2480
ME:2
MA:5
KE:2
KA:3
DF_END

Data arrived...
DF_BEGIN
IQ:0,0,11,-11,152
IQ:1,8,11,148,-7
IQ:2,16,11,-2,-150
IQ:3,24,11,-141,25
IQ:4,32,11,39,137
IQ:5,40,11,140,-49
IQ:6,48,11,-60,-136
IQ:7,56,11,-129,76
IQ:8,72,12,105,-122
IQ:9,80,255,-135,-107
IQ:10,88,1,-113,140
IQ:11,96,255,129,120
IQ:12,104,2,87,-124
IQ:13,112,255,-136,-103
IQ:14,120,10,-152,99
IQ:15,128,255,109,112
IQ:16,136,3,92,-108
IQ:17,144,255,-141,-49
IQ:18,152,9,-52,250
IQ:19,160,255,238,48
IQ:20,168,4,48,-236
IQ:21,176,255,-182,-44
IQ:22,184,8,83,155
IQ:23,192,255,143,-109
IQ:24,200,7,-170,-137
IQ:25,208,255,-170,162
IQ:26,216,6,88,140
IQ:27,224,255,90,-105
IQ:28,232,5,-157,-63
IQ:29,240,255,-79,147
IQ:30,248,12,153,12
IQ:31,256,255,13,-174
IQ:32,264,1,-177,8
IQ:33,272,255,0,187
IQ:34,280,2,146,-3
IQ:35,288,255,-26,-150
SW:2
RR:3
SS:3
FR:2426
ME:359
MA:5
KE:1
KA:4
DF_END

Data arrived...
DF_BEGIN
IQ:0,0,11,-174,-108
IQ:1,8,11,-79,186
IQ:2,16,11,191,63
IQ:3,24,11,31,-205
IQ:4,32,11,-204,-15
IQ:5,40,11,1,202
IQ:6,48,11,201,2
IQ:7,56,11,-27,-197
IQ:8,72,12,112,147
IQ:9,80,255,173,-100
IQ:10,88,1,-129,-143
IQ:11,96,255,-158,196
IQ:12,104,2,239,255
IQ:13,112,255,338,-140
IQ:14,120,10,153,-235
IQ:15,128,255,-183,-44
IQ:16,136,3,-43,308
IQ:17,144,255,183,-54
IQ:18,152,9,-319,-233
IQ:19,160,255,-252,297
IQ:20,168,4,278,278
IQ:21,176,255,219,-172
IQ:22,184,8,-195,95
IQ:23,192,255,32,217
IQ:24,200,7,163,-165
IQ:25,208,255,-175,-248
IQ:26,216,6,-236,0
IQ:27,224,255,39,174
IQ:28,232,5,217,-185
IQ:29,240,255,-145,-198
IQ:30,248,12,-51,190
IQ:31,256,255,179,99
IQ:32,264,1,47,-188
IQ:33,272,255,-242,-49
IQ:34,280,2,-106,320
IQ:35,288,255,265,104
SW:2
RR:3
SS:3
FR:2402
ME:2
MA:5
KE:1
KA:4
DF_END

Data arrived...
DF_BEGIN
IQ:0,0,11,-147,62
IQ:1,8,11,84,131
IQ:2,16,11,125,-93
IQ:3,24,11,-94,-129
IQ:4,32,11,-109,88
IQ:5,40,11,124,83
IQ:6,48,11,88,-142
IQ:7,56,11,-123,-71
IQ:8,72,12,151,1
IQ:9,80,255,30,-162
IQ:10,88,1,-155,-8
IQ:11,96,255,14,177
IQ:12,104,2,242,6
IQ:13,112,255,70,-250
IQ:14,120,10,-59,-169
IQ:15,128,255,-95,80
IQ:16,136,3,138,146
IQ:17,144,255,60,-113
IQ:18,152,9,-266,37
IQ:19,160,255,51,244
IQ:20,168,4,251,-37
IQ:21,176,255,-12,-195
IQ:22,184,8,-56,143
IQ:23,192,255,141,56
IQ:24,200,7,-27,-159
IQ:25,208,255,-205,-16
IQ:26,216,6,-89,129
IQ:27,224,255,124,48
IQ:28,232,5,-18,-200
IQ:29,240,255,-168,-10
IQ:30,248,12,93,123
IQ:31,256,255,139,-63
IQ:32,264,1,-109,-114
IQ:33,272,255,-132,123
IQ:34,280,2,131,204
IQ:35,288,255,182,-103
SW:2
RR:3
SS:3
FR:2402
ME:2
MA:5
KE:1
KA:4
DF_END

Data arrived...
DF_BEGIN
IQ:0,0,11,-107,-76
IQ:1,8,11,-68,109
IQ:2,16,11,125,46
IQ:3,24,11,36,-120
IQ:4,32,11,-126,-17
IQ:5,40,11,-4,130
IQ:6,48,11,127,6
IQ:7,56,11,-24,-133
IQ:8,72,12,154,112
IQ:9,80,255,170,-153
IQ:10,88,1,-100,-176
IQ:11,96,255,-221,106
IQ:12,104,2,85,224
IQ:13,112,255,315,-58
IQ:14,120,10,273,-319
IQ:15,128,255,-161,-175
IQ:16,136,3,40,164
IQ:17,144,255,92,-191
IQ:18,152,9,-435,-315
IQ:19,160,255,-308,349
IQ:20,168,4,219,214
IQ:21,176,255,148,-195
IQ:22,184,8,-283,-40
IQ:23,192,255,-60,219
IQ:24,200,7,152,-154
IQ:25,208,255,-128,-227
IQ:26,216,6,-186,38
IQ:27,224,255,104,206
IQ:28,232,5,313,-130
IQ:29,240,255,-74,-248
IQ:30,248,12,-11,202
IQ:31,256,255,243,59
IQ:32,264,1,88,-185
IQ:33,272,255,-215,-91
IQ:34,280,2,-139,199
IQ:35,288,255,153,119
SW:2
RR:3
SS:3
FR:2480
ME:2
MA:5
KE:1
KA:4
DF_END

Data arrived...
DF_BEGIN
IQ:0,0,11,143,12
IQ:1,8,11,2,-144
IQ:2,16,11,-148,18
IQ:3,24,11,20,149
IQ:4,32,11,141,-42
IQ:5,40,11,-58,-138
IQ:6,48,11,-137,64
IQ:7,56,11,74,129
IQ:8,72,12,-126,-99
IQ:9,80,255,-114,136
IQ:10,88,1,143,101
IQ:11,96,255,116,-151
IQ:12,104,2,-124,-79
IQ:13,112,255,-103,146
IQ:14,120,10,108,136
IQ:15,128,255,115,-114
IQ:16,136,3,-103,-91
IQ:17,144,255,-25,144
IQ:18,152,9,263,56
IQ:19,160,255,65,-240
IQ:20,168,4,-236,-57
IQ:21,176,255,-40,174
IQ:22,184,8,152,-89
IQ:23,192,255,-100,-152
IQ:24,200,7,-147,162
IQ:25,208,255,151,169
IQ:26,216,6,139,-85
IQ:27,224,255,-95,-109
IQ:28,232,5,-75,151
IQ:29,240,255,139,72
IQ:30,248,12,-4,-153
IQ:31,256,255,-174,-3
IQ:32,264,1,5,171
IQ:33,272,255,188,12
IQ:34,280,2,5,-142
IQ:35,288,255,-134,13
SW:2
RR:3
SS:3
FR:2426
ME:2
MA:5
KE:1
KA:4
DF_END

Data arrived...
DF_BEGIN
IQ:0,0,11,195,64
IQ:1,8,11,48,-190
IQ:2,16,11,-196,-22
IQ:3,24,11,5,195
IQ:4,32,11,197,-23
IQ:5,40,11,-37,-206
IQ:6,48,11,-200,45
IQ:7,56,11,60,188
IQ:8,72,12,-147,-122
IQ:9,80,255,-162,149
IQ:10,88,1,158,115
IQ:11,96,255,133,-194
IQ:12,104,2,-259,-219
IQ:13,112,255,-311,199
IQ:14,120,10,-91,256
IQ:15,128,255,201,2
IQ:16,136,3,-22,-316
IQ:17,144,255,-177,65
IQ:18,152,9,349,194
IQ:19,160,255,164,-331
IQ:20,168,4,-349,-198
IQ:21,176,255,-180,244
IQ:22,184,8,174,-111
IQ:23,192,255,-99,-195
IQ:24,200,7,-94,219
IQ:25,208,255,201,226
IQ:26,216,6,233,-33
IQ:27,224,255,-83,-158
IQ:28,232,5,-155,255
IQ:29,240,255,183,180
IQ:30,248,12,5,-184
IQ:31,256,255,-212,-51
IQ:32,264,1,-7,193
IQ:33,272,255,236,-4
IQ:34,280,2,23,-334
IQ:35,288,255,-285,-30
SW:2
RR:3
SS:3
FR:2402
ME:2
MA:5
KE:1
KA:4
DF_END

Data arrived...
DF_BEGIN
IQ:0,0,11,-180,35
IQ:1,8,11,45,179
IQ:2,16,11,173,-59
IQ:3,24,11,-76,-162
IQ:4,32,11,-157,77
IQ:5,40,11,99,151
IQ:6,48,11,127,-115
IQ:7,56,11,-130,-137
IQ:8,72,12,162,58
IQ:9,80,255,87,-162
IQ:10,88,1,-169,-52
IQ:11,96,255,-56,205
IQ:12,104,2,267,87
IQ:13,112,255,164,-259
IQ:14,120,10,-23,-199
IQ:15,128,255,-137,73
IQ:16,136,3,110,219
IQ:17,144,255,108,-122
IQ:18,152,9,-315,-46
IQ:19,160,255,-38,302
IQ:20,168,4,306,64
IQ:21,176,255,45,-217
IQ:22,184,8,-104,143
IQ:23,192,255,132,120
IQ:24,200,7,24,-203
IQ:25,208,255,-226,-107
IQ:26,216,6,-171,111
IQ:27,224,255,122,104
IQ:28,232,5,63,-221
IQ:29,240,255,-187,-72
IQ:30,248,12,54,149
IQ:31,256,255,178,-55
IQ:32,264,1,-73,-163
IQ:33,272,255,-195,70
IQ:34,280,2,93,262
IQ:35,288,255,241,-85
SW:2
RR:3
SS:3
FR:2402
ME:2
MA:5
KE:1
KA:4
DF_END

Data arrived...
DF_BEGIN
IQ:0,0,11,133,22
IQ:1,8,11,29,-137
IQ:2,16,11,-140,-2
IQ:3,24,11,39,132
IQ:4,32,11,125,-32
IQ:5,40,11,-61,-123
IQ:6,48,11,-129,67
IQ:7,56,11,72,120
IQ:8,72,12,-203,-66
IQ:9,80,255,-126,219
IQ:10,88,1,182,144
IQ:11,96,255,168,-185
IQ:12,104,2,-157,-185
IQ:13,112,255,-238,209
IQ:14,120,10,-125,398
IQ:15,128,255,198,90
IQ:16,136,3,-118,-132
IQ:17,144,255,-21,235
IQ:18,152,9,546,124
IQ:19,160,255,185,-449
IQ:20,168,4,-275,-140
IQ:21,176,255,-78,231
IQ:22,184,8,273,-58
IQ:23,192,255,-42,-228
IQ:24,200,7,-90,202
IQ:25,208,255,220,179
IQ:26,216,6,198,-85
IQ:27,224,255,-155,-154
IQ:28,232,5,-270,241
IQ:29,240,255,158,217
IQ:30,248,12,-63,-196
IQ:31,256,255,-249,17
IQ:32,264,1,-18,222
IQ:33,272,255,257,9
IQ:34,280,2,53,-236
IQ:35,288,255,-207,-41
SW:2
RR:3
SS:3
FR:2480
ME:2
MA:5
KE:1
KA:4
DF_END

Data arrived...
DF_BEGIN
IQ:0,0,11,-60,-162
IQ:1,8,11,-144,77
IQ:2,16,11,109,146
IQ:3,24,11,147,-105
IQ:4,32,11,-111,-108
IQ:5,40,11,-91,147
IQ:6,48,11,146,92
IQ:7,56,11,85,-153
IQ:8,72,12,-29,179
IQ:9,80,255,205,24
IQ:10,88,1,41,-203
IQ:11,96,255,-201,-45
IQ:12,104,2,-12,173
IQ:13,112,255,218,10
IQ:14,120,10,127,-197
IQ:15,128,255,-179,-82
IQ:16,136,3,-54,164
IQ:17,144,255,168,-44
IQ:18,152,9,-97,-321
IQ:19,160,255,-313,82
IQ:20,168,4,84,287
IQ:21,176,255,212,-88
IQ:22,184,8,-207,-109
IQ:23,192,255,-104,204
IQ:24,200,7,273,48
IQ:25,208,255,85,-279
IQ:26,216,6,-161,-114
IQ:27,224,255,-44,155
IQ:28,232,5,215,-31
IQ:29,240,255,-3,-212
IQ:30,248,12,-144,100
IQ:31,256,255,116,181
IQ:32,264,1,178,-115
IQ:33,272,255,-83,-202
IQ:34,280,2,-153,67
IQ:35,288,255,90,134
SW:2
RR:3
SS:3
FR:2426
ME:2
MA:5
KE:1
KA:4
DF_END

Data arrived...
DF_BEGIN
IQ:0,0,11,67,178
IQ:1,8,11,163,-85
IQ:2,16,11,-100,-164
IQ:3,24,11,-139,115
IQ:4,32,11,145,120
IQ:5,40,11,121,-148
IQ:6,48,11,-151,-109
IQ:7,56,11,-92,154
IQ:8,72,12,33,-201
IQ:9,80,255,-222,-41
IQ:10,88,1,-34,220
IQ:11,96,255,219,39
IQ:12,104,2,18,-198
IQ:13,112,255,-217,-36
IQ:14,120,10,-109,201
IQ:15,128,255,195,67
IQ:16,136,3,33,-168
IQ:17,144,255,-174,54
IQ:18,152,9,90,316
IQ:19,160,255,302,-102
IQ:20,168,4,-80,-288
IQ:21,176,255,-223,68
IQ:22,184,8,187,112
IQ:23,192,255,87,-212
IQ:24,200,7,-277,-44
IQ:25,208,255,-70,277
IQ:26,216,6,196,81
IQ:27,224,255,58,-169
IQ:28,232,5,-212,12
IQ:29,240,255,24,201
IQ:30,248,12,170,-115
IQ:31,256,255,-95,-215
IQ:32,264,1,-193,100
IQ:33,272,255,113,200
IQ:34,280,2,157,-102
IQ:35,288,255,-118,-144
SW:2
RR:3
SS:3
FR:2426
ME:2
MA:5
KE:1
KA:4
DF_END

Data arrived...
DF_BEGIN
IQ:0,0,11,-160,44
IQ:1,8,11,73,154
IQ:2,16,11,147,-85
IQ:3,24,11,-96,-131
IQ:4,32,11,-120,109
IQ:5,40,11,133,116
IQ:6,48,11,116,-132
IQ:7,56,11,-133,-93
IQ:8,72,12,160,12
IQ:9,80,255,31,-182
IQ:10,88,1,-165,-7
IQ:11,96,255,-1,208
IQ:12,104,2,260,27
IQ:13,112,255,82,-284
IQ:14,120,10,-57,-217
IQ:15,128,255,-120,99
IQ:16,136,3,158,210
IQ:17,144,255,77,-138
IQ:18,152,9,-326,69
IQ:19,160,255,50,309
IQ:20,168,4,324,-29
IQ:21,176,255,4,-225
IQ:22,184,8,-54,171
IQ:23,192,255,158,85
IQ:24,200,7,-37,-196
IQ:25,208,255,-242,-51
IQ:26,216,6,-142,113
IQ:27,224,255,139,59
IQ:28,232,5,-20,-233
IQ:29,240,255,-220,-25
IQ:30,248,12,84,126
IQ:31,256,255,165,-81
IQ:32,264,1,-111,-136
IQ:33,272,255,-164,124
IQ:34,280,2,133,231
IQ:35,288,255,211,-114
SW:2
RR:3
SS:3
FR:2402
ME:2
MA:5
KE:1
KA:4
DF_END

Data arrived...
DF_BEGIN
IQ:0,0,11,-105,73
IQ:1,8,11,85,108
IQ:2,16,11,109,-82
IQ:3,24,11,-88,-105
IQ:4,32,11,-66,110
IQ:5,40,11,127,68
IQ:6,48,11,67,-120
IQ:7,56,11,-106,-51
IQ:8,72,12,220,-76
IQ:9,80,255,-26,-255
IQ:10,88,1,-207,-13
IQ:11,96,255,9,256
IQ:12,104,2,250,58
IQ:13,112,255,124,-299
IQ:14,120,10,-108,-377
IQ:15,128,255,-213,72
IQ:16,136,3,194,52
IQ:17,144,255,-121,-179
IQ:18,152,9,-516,189
IQ:19,160,255,125,470
IQ:20,168,4,314,-40
IQ:21,176,255,-57,-227
IQ:22,184,8,-188,209
IQ:23,192,255,164,157
IQ:24,200,7,-41,-232
IQ:25,208,255,-258,-15
IQ:26,216,6,-81,183
IQ:27,224,255,242,6
IQ:28,232,5,79,-360
IQ:29,240,255,-250,-62
IQ:30,248,12,194,104
IQ:31,256,255,207,-169
IQ:32,264,1,-118,-199
IQ:33,272,255,-193,142
IQ:34,280,2,116,230
IQ:35,288,255,208,-81
SW:2
RR:3
SS:3
FR:2480
ME:2
MA:5
KE:1
KA:4
DF_END

Data arrived...