KE:3
KA:5
DF_END

Data arrived...
DF_BEGIN
IQ:0,0,11,149,35
IQ:1,8,11,32,-150
IQ:2,16,11,-157,-11
IQ:3,24,11,3,165
IQ:4,32,11,169,17
IQ:5,40,11,-60,-143
IQ:6,48,11,-154,19
IQ:7,56,11,83,132
IQ:8,72,12,-138,-129
IQ:9,80,255,-153,126
IQ:10,88,1,173,128
IQ:11,96,255,142,-127
IQ:12,104,2,-96,-121
IQ:13,112,255,-93,160
IQ:14,120,10,110,160
IQ:15,128,255,109,-134
IQ:16,136,3,-115,-126
IQ:17,144,255,-41,184
IQ:18,152,9,255,78
IQ:19,160,255,103,-292
IQ:20,168,4,-249,-64
IQ:21,176,255,8,212
IQ:22,184,8,150,-152
IQ:23,192,255,-64,-203
IQ:24,200,7,-139,128
IQ:25,208,255,165,217
IQ:26,216,6,105,-145
IQ:27,224,255,-50,-90
IQ:28,232,5,-141,180
IQ:29,240,255,112,119
IQ:30,248,12,61,-224
IQ:31,256,255,-178,-51
IQ:32,264,1,49,266
IQ:33,272,255,273,-9
IQ:34,280,2,27,-124
IQ:35,288,255,-187,27
SW:2
RR:3
SS:3
FR:2426
ME:359
MA:353
KE:3
KA:3
DF_END

Data arrived...
DF_BEGIN
IQ:0,0,11,-70,-141
IQ:1,8,11,-131,63
IQ:2,16,11,87,115
IQ:3,24,11,110,-104
IQ:4,32,11,-116,-105
IQ:5,40,11,-100,109
IQ:6,48,11,130,73
IQ:7,56,11,68,-138
IQ:8,72,12,-10,160
IQ:9,80,255,178,21
IQ:10,88,1,23,-189
IQ:11,96,255,-191,6
IQ:12,104,2,13,157
IQ:13,112,255,195,-6
IQ:14,120,10,81,-188
IQ:15,128,255,-167,-50
IQ:16,136,3,-11,159
IQ:17,144,255,158,-63
IQ:18,152,9,-133,-249
IQ:19,160,255,-219,128
IQ:20,168,4,150,205
IQ:21,176,255,179,-110
IQ:22,184,8,-186,-76
IQ:23,192,255,-71,177
IQ:24,200,7,231,11
IQ:25,208,255,63,-246
IQ:26,216,6,-165,-77
IQ:27,224,255,-38,153
IQ:28,232,5,165,-44
IQ:29,240,255,-46,-188
IQ:30,248,12,-135,77
IQ:31,256,255,100,140
IQ:32,264,1,161,-119
IQ:33,272,255,-88,-175
IQ:34,280,2,-136,81
IQ:35,288,255,89,124
SW:2
RR:3
SS:3
FR:2426
ME:359
MA:353
KE:2
KA:2
DF_END

Data arrived...
DF_BEGIN
IQ:0,0,11,204,33
IQ:1,8,11,11,-202
IQ:2,16,11,-217,1
IQ:3,24,11,25,203
IQ:4,32,11,211,-58
IQ:5,40,11,-78,-208
IQ:6,48,11,-198,79
IQ:7,56,11,113,183
IQ:8,72,12,-160,-115
IQ:9,80,255,-137,162
IQ:10,88,1,179,90
IQ:11,96,255,96,-225
IQ:12,104,2,-269,-165
IQ:13,112,255,-234,246
IQ:14,120,10,-9,218
IQ:15,128,255,157,-69
IQ:16,136,3,-83,-252
IQ:17,144,255,-130,118
IQ:18,152,9,321,110
IQ:19,160,255,88,-324
IQ:20,168,4,-325,-77
IQ:21,176,255,-80,244
IQ:22,184,8,176,-113
IQ:23,192,255,-99,-175
IQ:24,200,7,-86,208
IQ:25,208,255,212,175
IQ:26,216,6,214,-62
IQ:27,224,255,-127,-135
IQ:28,232,5,-104,247
IQ:29,240,255,210,117
IQ:30,248,12,-13,-208
IQ:31,256,255,-211,-25
IQ:32,264,1,36,193
IQ:33,272,255,230,-57
IQ:34,280,2,-40,-313
IQ:35,288,255,-281,8
SW:2
RR:3
SS:3
FR:2402
ME:2
MA:5
KE:2
KA:2
DF_END

Data arrived...
DF_BEGIN
IQ:0,0,11,-161,-63
IQ:1,8,11,-39,174
IQ:2,16,11,187,42
IQ:3,24,11,15,-178
IQ:4,32,11,-148,13
IQ:5,40,11,27,200
IQ:6,48,11,170,-36
IQ:7,56,11,-54,-165
IQ:8,72,12,204,115
IQ:9,80,255,154,-223
IQ:10,88,1,-194,-166
IQ:11,96,255,-206,227
IQ:12,104,2,187,232
IQ:13,112,255,284,-228
IQ:14,120,10,36,-428
IQ:15,128,255,-254,9
IQ:16,136,3,168,142
IQ:17,144,255,15,-248
IQ:18,152,9,-626,-88
IQ:19,160,255,-192,513
IQ:20,168,4,334,130
IQ:21,176,255,81,-279
IQ:22,184,8,-291,62
IQ:23,192,255,76,269
IQ:24,200,7,126,-208
IQ:25,208,255,-227,-201
IQ:26,216,6,-210,142
IQ:27,224,255,239,179
IQ:28,232,5,318,-287
IQ:29,240,255,-180,-249
IQ:30,248,12,41,243
IQ:31,256,255,283,6
IQ:32,264,1,8,-253
IQ:33,272,255,-282,20
IQ:34,280,2,-61,288
IQ:35,288,255,239,65
SW:2
RR:3
SS:3
FR:2480
ME:2
MA:5
KE:2
KA:2
DF_END

Data arrived...
DF_BEGIN
IQ:0,0,11,75,-132
IQ:1,8,11,-137,-52
IQ:2,16,11,-49,149
IQ:3,24,11,150,25
IQ:4,32,11,4,-152
IQ:5,40,11,-151,9
IQ:6,48,11,32,148
IQ:7,56,11,146,-33
IQ:8,72,12,-135,85
IQ:9,80,255,120,142
IQ:10,88,1,155,-122
IQ:11,96,255,-107,-166
IQ:12,104,2,-120,114
IQ:13,112,255,139,138
IQ:14,120,10,184,-72
IQ:15,128,255,-80,-156
IQ:16,136,3,-133,99
IQ:17,144,255,146,77
IQ:18,152,9,90,-266
IQ:19,160,255,-245,-99
IQ:20,168,4,-90,236
IQ:21,176,255,192,58
IQ:22,184,8,-59,-173
IQ:23,192,255,-181,69
IQ:24,200,7,145,176
IQ:25,208,255,212,-121
IQ:26,216,6,-55,-181
IQ:27,224,255,-140,78
IQ:28,232,5,143,103
IQ:29,240,255,113,-149
IQ:30,248,12,-151,-63
IQ:31,256,255,-53,176
IQ:32,264,1,185,32
IQ:33,272,255,55,-194
IQ:34,280,2,-163,-42
IQ:35,288,255,-11,158
SW:2
RR:3
SS:3
FR:2426
ME:2
MA:5
KE:2
KA:2
DF_END

Data arrived...
DF_BEGIN
IQ:0,0,11,124,-3
IQ:1,8,11,-136,-162
IQ:2,16,11,-117,44
IQ:3,24,11,60,144
IQ:4,32,11,166,-59
IQ:5,40,11,-310,-55
IQ:6,48,11,-65,63
IQ:7,56,11,73,99
IQ:8,72,12,-88,28
IQ:9,80,255,-86,134
IQ:10,88,1,149,87
IQ:11,96,255,72,-152
IQ:12,104,2,-65,-142
IQ:13,112,255,-30,209
IQ:14,120,10,131,145
IQ:15,128,255,129,-110
IQ:16,136,3,-211,-234
IQ:17,144,255,39,188
IQ:18,152,9,266,-22
IQ:19,160,255,-42,-279
IQ:20,168,4,-292,-116
IQ:21,176,255,7,157
IQ:22,184,8,140,-138
IQ:23,192,255,-155,-134
IQ:24,200,7,-182,-123
IQ:25,208,255,221,185
IQ:26,216,6,136,-100
IQ:27,224,255,-106,-68
IQ:28,232,5,25,176
IQ:29,240,255,231,21
IQ:30,248,12,-18,-158
IQ:31,256,255,-184,48
IQ:32,264,1,-129,173
IQ:33,272,255,219,-25
IQ:34,280,2,-59,-102
IQ:35,288,255,-156,73
SW:2
RR:3
SS:3
FR:2426
ME:2
MA:5
KE:2
KA:3
DF_END

Data arrived...
DF_BEGIN
IQ:0,0,11,-69,133
IQ:1,8,11,143,60
IQ:2,16,11,32,-141
IQ:3,24,11,-161,-24
IQ:4,32,11,-18,155
IQ:5,40,11,153,-10
IQ:6,48,11,-33,-154
IQ:7,56,11,-155,37
IQ:8,72,12,111,-99
IQ:9,80,255,-81,-135
IQ:10,88,1,-114,111
IQ:11,96,255,109,133
IQ:12,104,2,178,-144
IQ:13,112,255,-106,-221
IQ:14,120,10,-114,-79
IQ:15,128,255,-13,104
IQ:16,136,3,181,39
IQ:17,144,255,-40,-96
IQ:18,152,9,-159,200
IQ:19,160,255,178,147
IQ:20,168,4,144,-191
IQ:21,176,255,-125,-125
IQ:22,184,8,32,146
IQ:23,192,255,135,-38
IQ:24,200,7,-128,-104
IQ:25,208,255,-164,122
IQ:26,216,6,11,160
IQ:27,224,255,120,-47
IQ:28,232,5,-129,-134
IQ:29,240,255,-141,107
IQ:30,248,12,148,32
IQ:31,256,255,55,-151
IQ:32,264,1,-140,-17
IQ:33,272,255,-21,176
IQ:34,280,2,232,59
IQ:35,288,255,58,-195
SW:2
RR:3
SS:3
FR:2402
ME:2
MA:5
KE:2
KA:3
DF_END

Data arrived...
DF_BEGIN
IQ:0,0,11,28,-166
IQ:1,8,11,-171,6
IQ:2,16,11,26,162
IQ:3,24,11,169,-43
IQ:4,32,11,-37,-160
IQ:5,40,11,-156,61
IQ:6,48,11,92,155
IQ:7,56,11,142,-98
IQ:8,72,12,-34,244
IQ:9,80,255,251,90
IQ:10,88,1,108,-228
IQ:11,96,255,-269,-111
IQ:12,104,2,-160,222
IQ:13,112,255,304,173
IQ:14,120,10,413,-154
IQ:15,128,255,-93,-252
IQ:16,136,3,-114,198
IQ:17,144,255,266,-57
IQ:18,152,9,-15,-624
IQ:19,160,255,-528,-32
IQ:20,168,4,-50,363
IQ:21,176,255,295,-4
IQ:22,184,8,-155,-246
IQ:23,192,255,-228,132
IQ:24,200,7,238,33
IQ:25,208,255,100,-274
IQ:26,216,6,-195,-166
IQ:27,224,255,-126,248
IQ:28,232,5,346,206
IQ:29,240,255,196,-246
IQ:30,248,12,-185,131
IQ:31,256,255,92,266
IQ:32,264,1,243,-59
IQ:33,272,255,-76,-266
IQ:34,280,2,-267,2
IQ:35,288,255,19,238
SW:2
RR:3
SS:3
FR:2480
ME:2
MA:5
KE:2
KA:3
DF_END

Data arrived...
DF_BEGIN
IQ:0,0,11,82,152
IQ:1,8,11,158,-97
IQ:2,16,11,-105,-138
IQ:3,24,11,-113,132
IQ:4,32,11,152,93
IQ:5,40,11,84,-156
IQ:6,48,11,-164,-86
IQ:7,56,11,-71,167
IQ:8,72,12,8,-192
IQ:9,80,255,-231,-6
IQ:10,88,1,3,239
IQ:11,96,255,235,5
IQ:12,104,2,-14,-198
IQ:13,112,255,-249,36
IQ:14,120,10,-74,238
IQ:15,128,255,208,31
IQ:16,136,3,-8,-203
IQ:17,144,255,-183,95
IQ:18,152,9,184,296
IQ:19,160,255,291,-146
IQ:20,168,4,-170,-274
IQ:21,176,255,-225,121
IQ:22,184,8,202,76
IQ:23,192,255,65,-232
IQ:24,200,7,-278,-18
IQ:25,208,255,-55,307
IQ:26,216,6,215,80
IQ:27,224,255,29,-183
IQ:28,232,5,-196,72
IQ:29,240,255,66,215
IQ:30,248,12,163,-93
IQ:31,256,255,-141,-180
IQ:32,264,1,-187,142
IQ:33,272,255,147,193
IQ:34,280,2,143,-132
IQ:35,288,255,-149,-127
SW:2
RR:3
SS:3
FR:2426
ME:2
MA:5
KE:2
KA:3
DF_END

Data arrived...
DF_BEGIN
IQ:0,0,11,30,153
IQ:1,8,11,154,-36
IQ:2,16,11,-52,-151
IQ:3,24,11,-149,56
IQ:4,32,11,68,145
IQ:5,40,11,134,-79
IQ:6,48,11,-111,-117
IQ:7,56,11,-101,123
IQ:8,72,12,39,-148
IQ:9,80,255,-142,-77
IQ:10,88,1,-33,150
IQ:11,96,255,184,29
IQ:12,104,2,81,-213
IQ:13,112,255,-188,-133
IQ:14,120,10,-153,1
IQ:15,128,255,54,87
IQ:16,136,3,168,-59
IQ:17,144,255,-69,-73
IQ:18,152,9,-17,254
IQ:19,160,255,224,16
IQ:20,168,4,24,-244
IQ:21,176,255,-166,-30
IQ:22,184,8,141,79
IQ:23,192,255,102,-126
IQ:24,200,7,-183,-22
IQ:25,208,255,-88,195
IQ:26,216,6,79,125
IQ:27,224,255,66,-109
IQ:28,232,5,-190,-57
IQ:29,240,255,-68,156
IQ:30,248,12,138,-59
IQ:31,256,255,-48,-161
IQ:32,264,1,-140,75
IQ:33,272,255,70,159
IQ:34,280,2,234,-65
IQ:35,288,255,-44,-200
SW:2
RR:3
SS:3
FR:2402
ME:2
MA:5
KE:2
KA:3
DF_END

Data arrived...
DF_BEGIN
IQ:0,0,11,93,-123
IQ:1,8,11,-116,-84
IQ:2,16,11,-68,131
IQ:3,24,11,137,56
IQ:4,32,11,43,-143
IQ:5,40,11,-147,-32
IQ:6,48,11,-16,146
IQ:7,56,11,160,-17
IQ:8,72,12,-152,150
IQ:9,80,255,169,190
IQ:10,88,1,208,-139
IQ:11,96,255,-153,-219
IQ:12,104,2,-246,94
IQ:13,112,255,168,292
IQ:14,120,10,419,114
IQ:15,128,255,71,-260
IQ:16,136,3,-202,102
IQ:17,144,255,227,73
IQ:18,152,9,260,-570
IQ:19,160,255,-456,-305
IQ:20,168,4,-217,283
IQ:21,176,255,237,145
IQ:22,184,8,26,-273
IQ:23,192,255,-245,-17
IQ:24,200,7,147,154
IQ:25,208,255,221,-149
IQ:26,216,6,-35,-245
IQ:27,224,255,-222,124
IQ:28,232,5,158,369
IQ:29,240,255,278,-103
IQ:30,248,12,-215,9
IQ:31,256,255,-60,241
IQ:32,264,1,226,62
IQ:33,272,255,66,-278
IQ:34,280,2,-214,-134
IQ:35,288,255,-119,205
SW:2
RR:3
SS:3
FR:2480
ME:2
MA:5
KE:2
KA:3
DF_END

Data arrived...
DF_BEGIN
IQ:0,0,11,-146,91
IQ:1,8,11,101,126
IQ:2,16,11,122,-108
IQ:3,24,11,-131,-104
IQ:4,32,11,-92,131
IQ:5,40,11,149,72
IQ:6,48,11,71,-162
IQ:7,56,11,-162,-58
IQ:8,72,12,187,12
IQ:9,80,255,-8,-212
IQ:10,88,1,-227,18
IQ:11,96,255,-3,237
IQ:12,104,2,188,-25
IQ:13,112,255,-26,-226
IQ:14,120,10,-225,-58
IQ:15,128,255,15,195
IQ:16,136,3,206,-27
IQ:17,144,255,-90,-166
IQ:18,152,9,-271,202
IQ:19,160,255,180,255
IQ:20,168,4,242,-190
IQ:21,176,255,-135,-199
IQ:22,184,8,-72,205
IQ:23,192,255,210,63
IQ:24,200,7,-15,-271
IQ:25,208,255,-290,-18
IQ:26,216,6,-71,207
IQ:27,224,255,171,26
IQ:28,232,5,-77,-187
IQ:29,240,255,-193,58
IQ:30,248,12,105,155
IQ:31,256,255,158,-145
IQ:32,264,1,-165,-165
IQ:33,272,255,-188,140
IQ:34,280,2,131,130
IQ:35,288,255,117,-145
SW:2
RR:3
SS:3
FR:2426
ME:2
MA:5
KE:2
KA:3
DF_END

Data arrived...
DF_BEGIN
IQ:0,0,11,-193,98
IQ:1,8,11,115,158
IQ:2,16,11,146,-156
IQ:3,24,11,-151,-133
IQ:4,32,11,-112,181
IQ:5,40,11,187,86
IQ:6,48,11,82,-197
IQ:7,56,11,-205,-67
IQ:8,72,12,223,-13
IQ:9,80,255,-9,-268
IQ:10,88,1,-279,0
IQ:11,96,255,-20,289
IQ:12,104,2,229,-38
IQ:13,112,255,-42,-277
IQ:14,120,10,-274,-70
IQ:15,128,255,-13,248
IQ:16,136,3,240,-11
IQ:17,144,255,-112,-207
IQ:18,152,9,-340,243
IQ:19,160,255,211,319
IQ:20,168,4,288,-233
IQ:21,176,255,-204,-256
IQ:22,184,8,-87,257
IQ:23,192,255,259,68
IQ:24,200,7,-24,-334
IQ:25,208,255,-364,-22
IQ:26,216,6,-97,254
IQ:27,224,255,209,41
IQ:28,232,5,-84,-210
IQ:29,240,255,-222,104
IQ:30,248,12,139,179
IQ:31,256,255,201,-175
IQ:32,264,1,-185,-200
IQ:33,272,255,-233,185
IQ:34,280,2,153,171
IQ:35,288,255,142,-175
SW:2
RR:3
SS:3
FR:2426
ME:2
MA:5
KE:2
KA:4
DF_END

Data arrived...
DF_BEGIN
IQ:0,0,11,161,-3
IQ:1,8,11,-23,-157
IQ:2,16,11,-149,44
IQ:3,24,11,58,144
IQ:4,32,11,137,-77
IQ:5,40,11,-87,-138
IQ:6,48,11,-131,98
IQ:7,56,11,107,116
IQ:8,72,12,-152,-32
IQ:9,80,255,-77,143
IQ:10,88,1,152,41
IQ:11,96,255,51,-188
IQ:12,104,2,-219,-95
IQ:13,112,255,-149,207
IQ:14,120,10,-19,147
IQ:15,128,255,89,-45
IQ:16,136,3,-45,-168
IQ:17,144,255,-67,72
IQ:18,152,9,254,40
IQ:19,160,255,54,-237
IQ:20,168,4,-234,-44
IQ:21,176,255,-49,169
IQ:22,184,8,98,-122
IQ:23,192,255,-110,-108
IQ:24,200,7,-17,175
IQ:25,208,255,183,97
IQ:26,216,6,130,-75
IQ:27,224,255,-99,-78
IQ:28,232,5,-60,196
IQ:29,240,255,163,65
IQ:30,248,12,-44,-143
IQ:31,256,255,-169,20
IQ:32,264,1,51,153
IQ:33,272,255,171,-67
IQ:34,280,2,-59,-234
IQ:35,288,255,-208,43
SW:2
RR:3
SS:3
FR:2402
ME:2
MA:5
KE:1
KA:4
DF_END

Data arrived...
DF_BEGIN
IQ:0,0,11,111,113
IQ:1,8,11,95,-124
IQ:2,16,11,-130,-85
IQ:3,24,11,-83,141
IQ:4,32,11,153,53
IQ:5,40,11,47,-155
IQ:6,48,11,-162,-7
IQ:7,56,11,-16,164
IQ:8,72,12,-145,-168
IQ:9,80,255,-235,125
IQ:10,88,1,76,235
IQ:11,96,255,265,-89
IQ:12,104,2,-84,-258
IQ:13,112,255,-336,110
IQ:14,120,10,-195,399
IQ:15,128,255,236,128
IQ:16,136,3,-76,-192
IQ:17,144,255,-110,222
IQ:18,152,9,523,338
IQ:19,160,255,353,-417
IQ:20,168,4,-240,-282
IQ:21,176,255,-190,220
IQ:22,184,8,284,67
IQ:23,192,255,42,-245
IQ:24,200,7,-197,143
IQ:25,208,255,114,267
IQ:26,216,6,240,-28
IQ:27,224,255,-90,-264
IQ:28,232,5,-395,92
IQ:29,240,255,37,296
IQ:30,248,12,49,-214
IQ:31,256,255,-247,-78
IQ:32,264,1,-90,214
IQ:33,272,255,273,98
IQ:34,280,2,178,-216
IQ:35,288,255,-176,-156
SW:2
RR:3
SS:3
FR:2480
ME:2
MA:5
KE:1
KA:4
DF_END

Data arrived...
DF_BEGIN
IQ:0,0,11,-145,-70
IQ:1,8,11,-57,143
IQ:2,16,11,146,36
IQ:3,24,11,18,-157
IQ:4,32,11,-156,-3
IQ:5,40,11,8,160
IQ:6,48,11,147,-38
IQ:7,56,11,-47,-151
IQ:8,72,12,92,143
IQ:9,80,255,157,-124
IQ:10,88,1,-140,-163
IQ:11,96,255,-176,132
IQ:12,104,2,106,144
IQ:13,112,255,151,-161
IQ:14,120,10,-93,-225
IQ:15,128,255,-182,107
IQ:16,136,3,109,166
IQ:17,144,255,78,-165
IQ:18,152,9,-339,-90
IQ:19,160,255,-115,302
IQ:20,168,4,286,106
IQ:21,176,255,88,-239
IQ:22,184,8,-201,65
IQ:23,192,255,93,203
IQ:24,200,7,206,-181
IQ:25,208,255,-171,-243
IQ:26,216,6,-204,63
IQ:27,224,255,88,150
IQ:28,232,5,107,-167
IQ:29,240,255,-162,-123
IQ:30,248,12,-49,164
IQ:31,256,255,186,61
IQ:32,264,1,46,-208
IQ:33,272,255,-214,-61
IQ:34,280,2,-37,176
IQ:35,288,255,171,11
SW:2
RR:3
SS:3
FR:2426
ME:2
MA:5
KE:1
KA:4
DF_END

Data arrived...
DF_BEGIN
IQ:0,0,11,41,148
IQ:1,8,11,145,-55
IQ:2,16,11,-77,-141
IQ:3,24,11,-136,87
IQ:4,32,11,80,122
IQ:5,40,11,107,-109
IQ:6,48,11,-114,-92
IQ:7,56,11,-90,115
IQ:8,72,12,17,-149
IQ:9,80,255,-152,-48
IQ:10,88,1,-12,155
IQ:11,96,255,182,21
IQ:12,104,2,45,-219
IQ:13,112,255,-224,-99
IQ:14,120,10,-154,31
IQ:15,128,255,68,79
IQ:16,136,3,167,-75
IQ:17,144,255,-87,-48
IQ:18,152,9,22,257
IQ:19,160,255,255,-17
IQ:20,168,4,2,-238
IQ:21,176,255,-168,-20
IQ:22,184,8,133,55
IQ:23,192,255,76,-133
IQ:24,200,7,-181,14
IQ:25,208,255,-45,211
IQ:26,216,6,102,94
IQ:27,224,255,50,-119
IQ:28,232,5,-208,-20
IQ:29,240,255,-22,174
IQ:30,248,12,126,-89
IQ:31,256,255,-57,-147
IQ:32,264,1,-118,85
IQ:33,272,255,101,139
IQ:34,280,2,208,-103
IQ:35,288,255,-84,-192
SW:2
RR:3
SS:3
FR:2402
ME:2
MA:5
KE:1
KA:4
DF_END

Data arrived...
DF_BEGIN
IQ:0,0,11,132,122
IQ:1,8,11,108,-139
IQ:2,16,11,-139,-89
IQ:3,24,11,-82,151
IQ:4,32,11,162,65
IQ:5,40,11,28,-175
IQ:6,48,11,-167,-36
IQ:7,56,11,-14,185
IQ:8,72,12,-61,-146
IQ:9,80,255,-176,26
IQ:10,88,1,88,123
IQ:11,96,255,167,-107
IQ:12,104,2,-100,-254
IQ:13,112,255,-290,30
IQ:14,120,10,-158,138
IQ:15,128,255,124,66
IQ:16,136,3,122,-215
IQ:17,144,255,-129,-4
IQ:18,152,9,177,263
IQ:19,160,255,254,-180
IQ:20,168,4,-163,-264
IQ:21,176,255,-207,93
IQ:22,184,8,183,-1
IQ:23,192,255,9,-181
IQ:24,200,7,-163,119
IQ:25,208,255,103,231
IQ:26,216,6,170,44
IQ:27,224,255,-13,-147
IQ:28,232,5,-216,95
IQ:29,240,255,77,182
IQ:30,248,12,89,-148
IQ:31,256,255,-127,-127
IQ:32,264,1,-73,142
IQ:33,272,255,178,76
IQ:34,280,2,154,-226
IQ:35,288,255,-178,-145
SW:2
RR:3
SS:3
FR:2402
ME:2
MA:5
KE:1
KA:4
DF_END

Data arrived...
DF_BEGIN
IQ:0,0,11,-144,-39
IQ:1,8,11,-4,144
IQ:2,16,11,144,-24
IQ:3,24,11,-21,-150
IQ:4,32,11,-151,40
IQ:5,40,11,50,143
IQ:6,48,11,133,-78
IQ:7,56,11,-80,-139
IQ:8,72,12,228,49
IQ:9,80,255,97,-230
IQ:10,88,1,-215,-111
IQ:11,96,255,-129,235
IQ:12,104,2,186,151
IQ:13,112,255,206,-255
IQ:14,120,10,-43,-441
IQ:15,128,255,-270,15
IQ:16,136,3,142,134
IQ:17,144,255,-4,-251
IQ:18,152,9,-618,-2
IQ:19,160,255,-97,528
IQ:20,168,4,345,80
IQ:21,176,255,36,-271
IQ:22,184,8,-276,96
IQ:23,192,255,84,238
IQ:24,200,7,71,-212
IQ:25,208,255,-256,-132
IQ:26,216,6,-167,175
IQ:27,224,255,252,128
IQ:28,232,5,228,-322
IQ:29,240,255,-194,-214
IQ:30,248,12,101,194
IQ:31,256,255,253,-42
IQ:32,264,1,-48,-222
IQ:33,272,255,-266,76
IQ:34,280,2,-16,267
IQ:35,288,255,213,22
SW:2
RR:3
SS:3
FR:2480
ME:2
MA:5
KE:1
KA:4
DF_END

Data arrived...
DF_BEGIN
IQ:0,0,11,129,-93
IQ:1,8,11,-113,-117
IQ:2,16,11,-110,115
IQ:3,24,11,123,102
IQ:4,32,11,83,-132
IQ:5,40,11,-136,-66
IQ:6,48,11,-60,141
IQ:7,56,11,145,56
IQ:8,72,12,-152,22
IQ:9,80,255,-7,153
IQ:10,88,1,146,-37
IQ:11,96,255,-49,-176
IQ:12,104,2,-231,31
IQ:13,112,255,-43,243
IQ:14,120,10,64,134
IQ:15,128,255,65,-81
IQ:16,136,3,-132,-126
IQ:17,144,255,-22,97
IQ:18,152,9,227,-109
IQ:19,160,255,-94,-226
IQ:20,168,4,-235,68
IQ:21,176,255,49,171
IQ:22,184,8,31,-152
IQ:23,192,255,-158,-38
IQ:24,200,7,68,167
IQ:25,208,255,209,-17
IQ:26,216,6,67,-122
IQ:27,224,255,-128,-25
IQ:28,232,5,56,194
IQ:29,240,255,178,-38
IQ:30,248,12,-113,-113
IQ:31,256,255,-137,103
IQ:32,264,1,117,97
IQ:33,272,255,109,-142
IQ:34,280,2,-166,-169
IQ:35,288,255,-159,140
SW:2
RR:3
SS:3
FR:2402
ME:2
MA:5
KE:1
KA:4
DF_END

Data arrived...
DF_BEGIN
IQ:0,0,11,-151,-39
IQ:1,8,11,-16,156
IQ:2,16,11,167,0
IQ:3,24,11,2,-145
IQ:4,32,11,-151,44
IQ:5,40,11,57,135
IQ:6,48,11,139,-67
IQ:7,56,11,-59,-139
IQ:8,72,12,218,76
IQ:9,80,255,130,-228
IQ:10,88,1,-209,-115
IQ:11,96,255,-132,235
IQ:12,104,2,199,183
IQ:13,112,255,226,-266
IQ:14,120,10,-37,-429
IQ:15,128,255,-247,57
IQ:16,136,3,166,133
IQ:17,144,255,-11,-243
IQ:18,152,9,-613,8
IQ:19,160,255,-55,529
IQ:20,168,4,363,62
IQ:21,176,255,29,-279
IQ:22,184,8,-275,107
IQ:23,192,255,85,240
IQ:24,200,7,90,-206
IQ:25,208,255,-236,-145
IQ:26,216,6,-163,156
IQ:27,224,255,254,128
IQ:28,232,5,264,-311
IQ:29,240,255,-215,-191
IQ:30,248,12,92,208
IQ:31,256,255,272,-43
IQ:32,264,1,-20,-213
IQ:33,272,255,-267,26
IQ:34,280,2,0,278
IQ:35,288,255,230,19
SW:2
RR:3
SS:3
FR:2480
ME:2
MA:5
KE:2
KA:4
DF_END