KE:0
KA:17
DF_END

Data arrived...
DF_BEGIN
IQ:0,0,11,-99,163
IQ:1,8,11,179,86
IQ:2,16,11,62,-167
IQ:3,24,11,-176,-35
IQ:4,32,11,-14,192
IQ:5,40,11,194,8
IQ:6,48,11,-4,-191
IQ:7,56,11,-185,17
IQ:8,72,12,175,46
IQ:9,80,255,60,-184
IQ:10,88,1,-168,-76
IQ:11,96,255,-88,162
IQ:12,104,2,114,77
IQ:13,112,255,43,-81
IQ:14,120,10,-100,85
IQ:15,128,255,107,171
IQ:16,136,3,215,48
IQ:17,144,255,82,-116
IQ:18,152,9,65,59
IQ:19,160,255,162,11
IQ:20,168,4,229,-61
IQ:21,176,255,-35,-169
IQ:22,184,8,-42,30
IQ:23,192,255,65,36
IQ:24,200,7,6,-113
IQ:25,208,255,-140,-3
IQ:26,216,6,-43,147
IQ:27,224,255,175,20
IQ:28,232,5,69,-225
IQ:29,240,255,-181,-52
IQ:30,248,12,28,174
IQ:31,256,255,186,-38
IQ:32,264,1,-14,-179
IQ:33,272,255,-180,19
IQ:34,280,2,-15,136
IQ:35,288,255,65,-6
SW:2
RR:3
SS:3
FR:2480
ME:10
MA:97
KE:1
KA:26
DF_END

Data arrived...
DF_BEGIN
IQ:0,0,11,27,-186
IQ:1,8,11,-181,-17
IQ:2,16,11,10,182
IQ:3,24,11,172,-33
IQ:4,32,11,-49,-173
IQ:5,40,11,-179,47
IQ:6,48,11,65,157
IQ:7,56,11,156,-96
IQ:8,72,12,-205,64
IQ:9,80,255,54,191
IQ:10,88,1,160,-57
IQ:11,96,255,-67,-150
IQ:12,104,2,-122,62
IQ:13,112,255,100,93
IQ:14,120,10,93,-176
IQ:15,128,255,-195,-125
IQ:16,136,3,-187,123
IQ:17,144,255,111,110
IQ:18,152,9,5,-138
IQ:19,160,255,-199,-7
IQ:20,168,4,-117,232
IQ:21,176,255,173,81
IQ:22,184,8,-22,-144
IQ:23,192,255,-153,41
IQ:24,200,7,84,154
IQ:25,208,255,166,-93
IQ:26,216,6,-89,-159
IQ:27,224,255,-171,111
IQ:28,232,5,90,210
IQ:29,240,255,175,-105
IQ:30,248,12,-138,-157
IQ:31,256,255,-137,150
IQ:32,264,1,126,105
IQ:33,272,255,99,-135
IQ:34,280,2,-112,-85
IQ:35,288,255,-34,109
SW:2
RR:3
SS:3
FR:2426
ME:359
MA:353
KE:1
KA:21
DF_END

Data arrived...
DF_BEGIN
IQ:0,0,11,29,182
IQ:1,8,11,175,-53
IQ:2,16,11,-72,-163
IQ:3,24,11,-173,79
IQ:4,32,11,99,157
IQ:5,40,11,143,-111
IQ:6,48,11,-122,-139
IQ:7,56,11,-130,141
IQ:8,72,12,259,-154
IQ:9,80,255,-128,-269
IQ:10,88,1,-233,54
IQ:11,96,255,46,213
IQ:12,104,2,150,-20
IQ:13,112,255,-56,-83
IQ:14,120,10,-9,184
IQ:15,128,255,260,28
IQ:16,136,3,217,-215
IQ:17,144,255,-143,-165
IQ:18,152,9,-5,91
IQ:19,160,255,177,-42
IQ:20,168,4,94,-319
IQ:21,176,255,-222,-96
IQ:22,184,8,30,102
IQ:23,192,255,104,-96
IQ:24,200,7,-156,-142
IQ:25,208,255,-162,143
IQ:26,216,6,111,171
IQ:27,224,255,143,-154
IQ:28,232,5,-201,-190
IQ:29,240,255,-149,205
IQ:30,248,12,254,148
IQ:31,256,255,176,-247
IQ:32,264,1,-156,-184
IQ:33,272,255,-164,143
IQ:34,280,2,88,132
IQ:35,288,255,53,-67
SW:2
RR:3
SS:3
FR:2402
ME:356
MA:353
KE:1
KA:17
DF_END

Data arrived...
DF_BEGIN
IQ:0,0,11,113,-70
IQ:1,8,11,-89,-106
IQ:2,16,11,-111,87
IQ:3,24,11,92,102
IQ:4,32,11,82,-111
IQ:5,40,11,-126,-78
IQ:6,48,11,-75,125
IQ:7,56,11,127,52
IQ:8,72,12,-103,-102
IQ:9,80,255,-120,98
IQ:10,88,1,69,119
IQ:11,96,255,102,-85
IQ:12,104,2,-52,-92
IQ:13,112,255,-57,52
IQ:14,120,10,93,-26
IQ:15,128,255,-20,-148
IQ:16,136,3,-132,-107
IQ:17,144,255,-100,55
IQ:18,152,9,-34,-52
IQ:19,160,255,-100,-63
IQ:20,168,4,-182,-27
IQ:21,176,255,-39,131
IQ:22,184,8,30,-8
IQ:23,192,255,-44,-34
IQ:24,200,7,-42,78
IQ:25,208,255,92,51
IQ:26,216,6,79,-83
IQ:27,224,255,-107,-81
IQ:28,232,5,-132,124
IQ:29,240,255,102,102
IQ:30,248,12,44,-130
IQ:31,256,255,-143,-41
IQ:32,264,1,-58,131
IQ:33,272,255,123,55
IQ:34,280,2,49,-82
IQ:35,288,255,-53,-10
SW:2
RR:3
SS:3
FR:2480
ME:10
MA:100
KE:1
KA:26
DF_END

Data arrived...
DF_BEGIN
IQ:0,0,11,-129,126
IQ:1,8,11,137,116
IQ:2,16,11,93,-159
IQ:3,24,11,-152,-101
IQ:4,32,11,-76,157
IQ:5,40,11,169,71
IQ:6,48,11,50,-169
IQ:7,56,11,-178,-13
IQ:8,72,12,195,67
IQ:9,80,255,76,-190
IQ:10,88,1,-158,-61
IQ:11,96,255,-34,160
IQ:12,104,2,134,17
IQ:13,112,255,-37,-131
IQ:14,120,10,-177,78
IQ:15,128,255,86,204
IQ:16,136,3,228,11
IQ:17,144,255,-7,-155
IQ:18,152,9,-99,100
IQ:19,160,255,149,131
IQ:20,168,4,227,-116
IQ:21,176,255,-86,-171
IQ:22,184,8,-79,131
IQ:23,192,255,145,62
IQ:24,200,7,37,-168
IQ:25,208,255,-185,-39
IQ:26,216,6,-50,177
IQ:27,224,255,200,12
IQ:28,232,5,31,-226
IQ:29,240,255,-202,-11
IQ:30,248,12,16,204
IQ:31,256,255,199,-26
IQ:32,264,1,-12,-173
IQ:33,272,255,-160,37
IQ:34,280,2,39,133
IQ:35,288,255,101,-61
SW:2
RR:3
SS:3
FR:2426
ME:359
MA:353
KE:1
KA:21
DF_END

Data arrived...
DF_BEGIN
IQ:0,0,11,167,-96
IQ:1,8,11,-105,-153
IQ:2,16,11,-149,110
IQ:3,24,11,132,136
IQ:4,32,11,113,-145
IQ:5,40,11,-161,-94
IQ:6,48,11,-78,172
IQ:7,56,11,170,81
IQ:8,72,12,-201,-221
IQ:9,80,255,-210,182
IQ:10,88,1,110,202
IQ:11,96,255,166,-123
IQ:12,104,2,-78,-143
IQ:13,112,255,-68,65
IQ:14,120,10,179,-57
IQ:15,128,255,-49,-258
IQ:16,136,3,-260,-149
IQ:17,144,255,-118,173
IQ:18,152,9,83,-21
IQ:19,160,255,-100,-148
IQ:20,168,4,-332,28
IQ:21,176,255,-2,242
IQ:22,184,8,81,-72
IQ:23,192,255,-122,-85
IQ:24,200,7,-104,175
IQ:25,208,255,185,113
IQ:26,216,6,120,-147
IQ:27,224,255,-187,-81
IQ:28,232,5,-117,254
IQ:29,240,255,240,98
IQ:30,248,12,96,-280
IQ:31,256,255,-269,-117
IQ:32,264,1,-145,191
IQ:33,272,255,167,115
IQ:34,280,2,99,-111
IQ:35,288,255,-72,-24
SW:2
RR:3
SS:3
FR:2402
ME:356
MA:353
KE:1
KA:17
DF_END

Data arrived...
DF_BEGIN
IQ:0,0,11,-171,96
IQ:1,8,11,88,162
IQ:2,16,11,145,-112
IQ:3,24,11,-134,-127
IQ:4,32,11,-114,144
IQ:5,40,11,157,110
IQ:6,48,11,85,-159
IQ:7,56,11,-180,-73
IQ:8,72,12,117,137
IQ:9,80,255,142,-128
IQ:10,88,1,-94,-164
IQ:11,96,255,-152,90
IQ:12,104,2,59,116
IQ:13,112,255,68,-53
IQ:14,120,10,-135,25
IQ:15,128,255,-18,197
IQ:16,136,3,141,159
IQ:17,144,255,118,-58
IQ:18,152,9,25,79
IQ:19,160,255,117,97
IQ:20,168,4,222,56
IQ:21,176,255,61,-166
IQ:22,184,8,-47,14
IQ:23,192,255,45,55
IQ:24,200,7,43,-106
IQ:25,208,255,-125,-77
IQ:26,216,6,-101,105
IQ:27,224,255,146,105
IQ:28,232,5,176,-155
IQ:29,240,255,-136,-137
IQ:30,248,12,-71,162
IQ:31,256,255,178,63
IQ:32,264,1,76,-168
IQ:33,272,255,-162,-80
IQ:34,280,2,-92,100
IQ:35,288,255,58,21
SW:2
RR:3
SS:3
FR:2480
ME:10
MA:100
KE:2
KA:27
DF_END

Data arrived...
DF_BEGIN
IQ:0,0,11,90,147
IQ:1,8,11,139,-107
IQ:2,16,11,-124,-129
IQ:3,24,11,-115,141
IQ:4,32,11,150,102
IQ:5,40,11,91,-159
IQ:6,48,11,-153,-81
IQ:7,56,11,-73,170
IQ:8,72,12,100,-179
IQ:9,80,255,-177,-102
IQ:10,88,1,-85,143
IQ:11,96,255,153,68
IQ:12,104,2,50,-123
IQ:13,112,255,-127,7
IQ:14,120,10,52,176
IQ:15,128,255,205,-73
IQ:16,136,3,26,-228
IQ:17,144,255,-163,-7
IQ:18,152,9,80,112
IQ:19,160,255,151,-121
IQ:20,168,4,-78,-243
IQ:21,176,255,-185,64
IQ:22,184,8,112,88
IQ:23,192,255,82,-133
IQ:24,200,7,-161,-66
IQ:25,208,255,-61,176
IQ:26,216,6,167,67
IQ:27,224,255,51,-195
IQ:28,232,5,-218,-91
IQ:29,240,255,-59,190
IQ:30,248,12,199,18
IQ:31,256,255,-5,-198
IQ:32,264,1,-170,20
IQ:33,272,255,7,170
IQ:34,280,2,132,-21
IQ:35,288,255,-54,-108
SW:2
RR:3
SS:3
FR:2426
ME:359
MA:353
KE:1
KA:23
DF_END

Data arrived...
DF_BEGIN
IQ:0,0,11,-183,10
IQ:1,8,11,19,167
IQ:2,16,11,172,-48
IQ:3,24,11,-62,-166
IQ:4,32,11,-156,81
IQ:5,40,11,86,156
IQ:6,48,11,147,-101
IQ:7,56,11,-123,-150
IQ:8,72,12,102,166
IQ:9,80,255,162,-116
IQ:10,88,1,-123,-148
IQ:11,96,255,-115,108
IQ:12,104,2,82,103
IQ:13,112,255,56,-104
IQ:14,120,10,-200,-47
IQ:15,128,255,-41,210
IQ:16,136,3,167,122
IQ:17,144,255,83,-106
IQ:18,152,9,-138,30
IQ:19,160,255,58,207
IQ:20,168,4,248,46
IQ:21,176,255,38,-189
IQ:22,184,8,-95,54
IQ:23,192,255,77,133
IQ:24,200,7,140,-103
IQ:25,208,255,-124,-136
IQ:26,216,6,-128,122
IQ:27,224,255,149,132
IQ:28,232,5,174,-144
IQ:29,240,255,-152,-144
IQ:30,248,12,-114,170
IQ:31,256,255,175,99
IQ:32,264,1,75,-144
IQ:33,272,255,-153,-51
IQ:34,280,2,-42,128
IQ:35,288,255,116,0
SW:2
RR:3
SS:3
FR:2426
ME:359
MA:353
KE:1
KA:19
DF_END

Data arrived...
DF_BEGIN
IQ:0,0,11,-188,15
IQ:1,8,11,37,186
IQ:2,16,11,182,-60
IQ:3,24,11,-83,-172
IQ:4,32,11,-168,94
IQ:5,40,11,102,164
IQ:6,48,11,146,-121
IQ:7,56,11,-139,-130
IQ:8,72,12,130,261
IQ:9,80,255,267,-122
IQ:10,88,1,-25,-226
IQ:11,96,255,-207,50
IQ:12,104,2,21,155
IQ:13,112,255,81,-48
IQ:14,120,10,-197,-11
IQ:15,128,255,-46,250
IQ:16,136,3,218,218
IQ:17,144,255,172,-130
IQ:18,152,9,-96,4
IQ:19,160,255,56,176
IQ:20,168,4,320,71
IQ:21,176,255,87,-228
IQ:22,184,8,-102,40
IQ:23,192,255,86,111
IQ:24,200,7,170,-124
IQ:25,208,255,-128,-178
IQ:26,216,6,-159,100
IQ:27,224,255,156,134
IQ:28,232,5,185,-203
IQ:29,240,255,-203,-153
IQ:30,248,12,-179,243
IQ:31,256,255,209,210
IQ:32,264,1,186,-137
IQ:33,272,255,-131,-166
IQ:34,280,2,-137,73
IQ:35,288,255,65,53
SW:2
RR:3
SS:3
FR:2402
ME:356
MA:353
KE:1
KA:16
DF_END

Data arrived...
DF_BEGIN
IQ:0,0,11,94,161
IQ:1,8,11,166,-90
IQ:2,16,11,-108,-143
IQ:3,24,11,-122,132
IQ:4,32,11,156,99
IQ:5,40,11,93,-167
IQ:6,48,11,-164,-88
IQ:7,56,11,-69,175
IQ:8,72,12,137,-121
IQ:9,80,255,-116,-154
IQ:10,88,1,-153,95
IQ:11,96,255,91,156
IQ:12,104,2,126,-48
IQ:13,112,255,-47,-75
IQ:14,120,10,28,140
IQ:15,128,255,189,6
IQ:16,136,3,150,-147
IQ:17,144,255,-52,-122
IQ:18,152,9,77,-35
IQ:19,160,255,96,-116
IQ:20,168,4,55,-224
IQ:21,176,255,-157,-70
IQ:22,184,8,11,41
IQ:23,192,255,56,-51
IQ:24,200,7,-87,-53
IQ:25,208,255,-71,117
IQ:26,216,6,89,111
IQ:27,224,255,103,-130
IQ:28,232,5,-150,-190
IQ:29,240,255,-140,126
IQ:30,248,12,163,69
IQ:31,256,255,90,-176
IQ:32,264,1,-158,-93
IQ:33,272,255,-93,153
IQ:34,280,2,97,93
IQ:35,288,255,16,-66
SW:2
RR:3
SS:3
FR:2480
ME:10
MA:94
KE:2
KA:24
DF_END

Data arrived...
DF_BEGIN
IQ:0,0,11,113,143
IQ:1,8,11,110,-138
IQ:2,16,11,-153,-106
IQ:3,24,11,-87,157
IQ:4,32,11,167,75
IQ:5,40,11,62,-174
IQ:6,48,11,-175,-43
IQ:7,56,11,-39,179
IQ:8,72,12,54,-199
IQ:9,80,255,-197,-52
IQ:10,88,1,-50,165
IQ:11,96,255,160,24
IQ:12,104,2,20,-138
IQ:13,112,255,-129,18
IQ:14,120,10,78,176
IQ:15,128,255,206,-89
IQ:16,136,3,-2,-224
IQ:17,144,255,-162,6
IQ:18,152,9,103,89
IQ:19,160,255,119,-165
IQ:20,168,4,-118,-225
IQ:21,176,255,-170,95
IQ:22,184,8,128,72
IQ:23,192,255,52,-150
IQ:24,200,7,-172,-42
IQ:25,208,255,-36,186
IQ:26,216,6,177,40
IQ:27,224,255,9,-200
IQ:28,232,5,-225,-31
IQ:29,240,255,-11,199
IQ:30,248,12,207,-18
IQ:31,256,255,-25,-202
IQ:32,264,1,-167,35
IQ:33,272,255,47,166
IQ:34,280,2,131,-39
IQ:35,288,255,-73,-90
SW:2
RR:3
SS:3
FR:2426
ME:359
MA:353
KE:1
KA:20
DF_END

Data arrived...
DF_BEGIN
IQ:0,0,11,188,72
IQ:1,8,11,50,-184
IQ:2,16,11,-182,-25
IQ:3,24,11,-92,219
IQ:4,32,11,199,-27
IQ:5,40,11,-32,-186
IQ:6,48,11,-169,49
IQ:7,56,11,123,214
IQ:8,72,12,-30,-204
IQ:9,80,255,-224,61
IQ:10,88,1,18,160
IQ:11,96,255,152,-52
IQ:12,104,2,-45,-129
IQ:13,112,255,-55,121
IQ:14,120,10,156,109
IQ:15,128,255,161,-186
IQ:16,136,3,-121,-187
IQ:17,144,255,-126,98
IQ:18,152,9,139,27
IQ:19,160,255,40,-189
IQ:20,168,4,-244,-161
IQ:21,176,255,-92,186
IQ:22,184,8,150,8
IQ:23,192,255,-15,-152
IQ:24,200,7,-151,69
IQ:25,208,255,53,169
IQ:26,216,6,172,-58
IQ:27,224,255,-124,-164
IQ:28,232,5,-208,77
IQ:29,240,255,91,185
IQ:30,248,12,173,-115
IQ:31,256,255,-134,-179
IQ:32,264,1,-136,96
IQ:33,272,255,111,117
IQ:34,280,2,96,-89
IQ:35,288,255,-129,-22
SW:2
RR:3
SS:3
FR:2426
ME:2
MA:5
KE:1
KA:18
DF_END

Data arrived...
DF_BEGIN
IQ:0,0,11,92,162
IQ:1,8,11,149,-107
IQ:2,16,11,-124,-139
IQ:3,24,11,-139,134
IQ:4,32,11,137,133
IQ:5,40,11,111,-148
IQ:6,48,11,-164,-91
IQ:7,56,11,-92,156
IQ:8,72,12,192,-225
IQ:9,80,255,-194,-231
IQ:10,88,1,-204,103
IQ:11,96,255,108,172
IQ:12,104,2,130,-63
IQ:13,112,255,-76,-58
IQ:14,120,10,41,183
IQ:15,128,255,255,-11
IQ:16,136,3,179,-241
IQ:17,144,255,-164,-120
IQ:18,152,9,26,87
IQ:19,160,255,145,-108
IQ:20,168,4,-18,-335
IQ:21,176,255,-242,-28
IQ:22,184,8,64,83
IQ:23,192,255,83,-110
IQ:24,200,7,-181,-93
IQ:25,208,255,-125,172
IQ:26,216,6,143,132
IQ:27,224,255,100,-183
IQ:28,232,5,-246,-146
IQ:29,240,255,-120,239
IQ:30,248,12,269,105
IQ:31,256,255,113,-274
IQ:32,264,1,-181,-133
IQ:33,272,255,-107,167
IQ:34,280,2,112,112
IQ:35,288,255,30,-70
SW:2
RR:3
SS:3
FR:2402
ME:356
MA:353
KE:1
KA:15
DF_END

Data arrived...
DF_BEGIN
IQ:0,0,11,65,174
IQ:1,8,11,172,-90
IQ:2,16,11,-95,-167
IQ:3,24,11,-157,103
IQ:4,32,11,125,138
IQ:5,40,11,138,-126
IQ:6,48,11,-145,-118
IQ:7,56,11,-100,153
IQ:8,72,12,155,-95
IQ:9,80,255,-92,-163
IQ:10,88,1,-163,72
IQ:11,96,255,77,158
IQ:12,104,2,128,-33
IQ:13,112,255,-34,-80
IQ:14,120,10,8,136
IQ:15,128,255,194,39
IQ:16,136,3,175,-113
IQ:17,144,255,-43,-135
IQ:18,152,9,86,-20
IQ:19,160,255,104,-119
IQ:20,168,4,97,-222
IQ:21,176,255,-154,-84
IQ:22,184,8,8,41
IQ:23,192,255,60,-34
IQ:24,200,7,-96,-66
IQ:25,208,255,-105,104
IQ:26,216,6,74,126
IQ:27,224,255,122,-117
IQ:28,232,5,-132,-200
IQ:29,240,255,-158,106
IQ:30,248,12,158,90
IQ:31,256,255,101,-160
IQ:32,264,1,-149,-100
IQ:33,272,255,-107,144
IQ:34,280,2,89,106
IQ:35,288,255,26,-49
SW:2
RR:3
SS:3
FR:2480
ME:10
MA:103
KE:2
KA:23
DF_END

Data arrived...
DF_BEGIN
IQ:0,0,11,-53,176
IQ:1,8,11,176,36
IQ:2,16,11,14,-178
IQ:3,24,11,-182,-4
IQ:4,32,11,14,176
IQ:5,40,11,177,-28
IQ:6,48,11,-60,-166
IQ:7,56,11,-173,66
IQ:8,72,12,201,-38
IQ:9,80,255,-42,-196
IQ:10,88,1,-166,26
IQ:11,96,255,41,162
IQ:12,104,2,127,-37
IQ:13,112,255,-72,-99
IQ:14,120,10,-112,160
IQ:15,128,255,178,128
IQ:16,136,3,198,-120
IQ:17,144,255,-83,-136
IQ:18,152,9,-31,132
IQ:19,160,255,195,21
IQ:20,168,4,130,-210
IQ:21,176,255,-169,-92
IQ:22,184,8,-3,155
IQ:23,192,255,155,-8
IQ:24,200,7,-56,-161
IQ:25,208,255,-177,69
IQ:26,216,6,50,177
IQ:27,224,255,179,-82
IQ:28,232,5,-78,-218
IQ:29,240,255,-189,84
IQ:30,248,12,121,172
IQ:31,256,255,153,-126
IQ:32,264,1,-107,-134
IQ:33,272,255,-118,117
IQ:34,280,2,98,96
IQ:35,288,255,48,-110
SW:2
RR:3
SS:3
FR:2426
ME:359
MA:353
KE:1
KA:18
DF_END

Data arrived...
DF_BEGIN
IQ:0,0,11,144,-48
IQ:1,8,11,-66,-133
IQ:2,16,11,-129,83
IQ:3,24,11,97,113
IQ:4,32,11,121,-94
IQ:5,40,11,-102,-105
IQ:6,48,11,-103,112
IQ:7,56,11,119,89
IQ:8,72,12,-142,-177
IQ:9,80,255,-177,137
IQ:10,88,1,70,167
IQ:11,96,255,134,-80
IQ:12,104,2,-46,-116
IQ:13,112,255,-48,50
IQ:14,120,10,150,-13
IQ:15,128,255,4,-197
IQ:16,136,3,-198,-130
IQ:17,144,255,-106,122
IQ:18,152,9,82,-19
IQ:19,160,255,-62,-130
IQ:20,168,4,-256,-2
IQ:21,176,255,-35,183
IQ:22,184,8,75,-45
IQ:23,192,255,-89,-74
IQ:24,200,7,-100,120
IQ:25,208,255,130,108
IQ:26,216,6,112,-100
IQ:27,224,255,-136,-90
IQ:28,232,5,-133,170
IQ:29,240,255,169,95
IQ:30,248,12,89,-214
IQ:31,256,255,-193,-127
IQ:32,264,1,-119,132
IQ:33,272,255,124,97
IQ:34,280,2,74,-89
IQ:35,288,255,-59,-23
SW:2
RR:3
SS:3
FR:2402
ME:356
MA:353
KE:1
KA:15
DF_END

Data arrived...
DF_BEGIN
IQ:0,0,11,-125,-85
IQ:1,8,11,-73,130
IQ:2,16,11,136,59
IQ:3,24,11,31,-144
IQ:4,32,11,-149,-19
IQ:5,40,11,-17,146
IQ:6,48,11,150,0
IQ:7,56,11,-10,-154
IQ:8,72,12,-51,223
IQ:9,80,255,217,48
IQ:10,88,1,82,-158
IQ:11,96,255,-144,-75
IQ:12,104,2,-66,104
IQ:13,112,255,69,2
IQ:14,120,10,-110,-109
IQ:15,128,255,-158,132
IQ:16,136,3,20,236
IQ:17,144,255,166,3
IQ:18,152,9,-56,-50
IQ:19,160,255,-61,138
IQ:20,168,4,136,214
IQ:21,176,255,164,-88
IQ:22,184,8,-84,-30
IQ:23,192,255,-3,118
IQ:24,200,7,165,3
IQ:25,208,255,-6,-171
IQ:26,216,6,-161,-16
IQ:27,224,255,16,172
IQ:28,232,5,215,-26
IQ:29,240,255,-28,-204
IQ:30,248,12,-234,48
IQ:31,256,255,28,226
IQ:32,264,1,171,20
IQ:33,272,255,2,-160
IQ:34,280,2,-120,-17
IQ:35,288,255,25,55
SW:2
RR:3
SS:3
FR:2402
ME:356
MA:353
KE:0
KA:11
DF_END

Data arrived...
DF_BEGIN
IQ:0,0,11,176,69
IQ:1,8,11,55,-177
IQ:2,16,11,-177,-30
IQ:3,24,11,4,177
IQ:4,32,11,181,-14
IQ:5,40,11,-33,-175
IQ:6,48,11,-169,54
IQ:7,56,11,76,166
IQ:8,72,12,21,-167
IQ:9,80,255,-180,-23
IQ:10,88,1,-78,162
IQ:11,96,255,160,61
IQ:12,104,2,61,-113
IQ:13,112,255,-72,-29
IQ:14,120,10,108,76
IQ:15,128,255,143,-115
IQ:16,136,3,30,-209
IQ:17,144,255,-109,-73
IQ:18,152,9,46,-84
IQ:19,160,255,-25,-152
IQ:20,168,4,-105,-195
IQ:21,176,255,-158,62
IQ:22,184,8,28,14
IQ:23,192,255,9,-59
IQ:24,200,7,-97,22
IQ:25,208,255,9,134
IQ:26,216,6,132,29
IQ:27,224,255,-2,-163
IQ:28,232,5,-224,-33
IQ:29,240,255,-28,180
IQ:30,248,12,169,-33
IQ:31,256,255,-54,-173
IQ:32,264,1,-167,45
IQ:33,272,255,31,171
IQ:34,280,2,125,8
IQ:35,288,255,-10,-49
SW:2
RR:3
SS:3
FR:2480
ME:10
MA:94
KE:1
KA:18
DF_END

Data arrived...
DF_BEGIN
IQ:0,0,11,-95,164
IQ:1,8,11,156,89
IQ:2,16,11,79,-168
IQ:3,24,11,-169,-67
IQ:4,32,11,-46,178
IQ:5,40,11,178,15
IQ:6,48,11,0,-179
IQ:7,56,11,-184,14
IQ:8,72,12,205,38
IQ:9,80,255,23,-198
IQ:10,88,1,-167,-14
IQ:11,96,255,-1,162
IQ:12,104,2,138,-10
IQ:13,112,255,-53,-127
IQ:14,120,10,-161,113
IQ:15,128,255,119,191
IQ:16,136,3,221,-47
IQ:17,144,255,-48,-149
IQ:18,152,9,-67,123
IQ:19,160,255,182,83
IQ:20,168,4,196,-161
IQ:21,176,255,-118,-151
IQ:22,184,8,-40,149
IQ:23,192,255,161,19
IQ:24,200,7,-11,-173
IQ:25,208,255,-190,6
IQ:26,216,6,-6,179
IQ:27,224,255,200,-20
IQ:28,232,5,-9,-228
IQ:29,240,255,-207,25
IQ:30,248,12,65,196
IQ:31,256,255,192,-67
IQ:32,264,1,-58,-162
IQ:33,272,255,-143,83
IQ:34,280,2,73,117
IQ:35,288,255,71,-94
SW:2
RR:3
SS:3
FR:2426
ME:359
MA:353
KE:1
KA:15
DF_END

Data arrived...
DF_BEGIN
IQ:0,0,11,81,-153
IQ:1,8,11,-162,-70
IQ:2,16,11,-62,163
IQ:3,24,11,171,38
IQ:4,32,11,22,-179
IQ:5,40,11,-180,-8
IQ:6,48,11,7,177
IQ:7,56,11,169,-33
IQ:8,72,12,-200,-24
IQ:9,80,255,2,194
IQ:10,88,1,170,-1
IQ:11,96,255,-8,-163
IQ:12,104,2,-132,7
IQ:13,112,255,61,105
IQ:14,120,10,138,-137
IQ:15,128,255,-147,-175
IQ:16,136,3,-214,68
IQ:17,144,255,60,136
IQ:18,152,9,50,-134
IQ:19,160,255,-176,-82
IQ:20,168,4,-176,170
IQ:21,176,255,131,132
IQ:22,184,8,32,-146
IQ:23,192,255,-156,-15
IQ:24,200,7,14,164
IQ:25,208,255,183,-37
IQ:26,216,6,-24,-176
IQ:27,224,255,-191,50
IQ:28,232,5,26,225
IQ:29,240,255,198,-41
IQ:30,248,12,-63,-196
IQ:31,256,255,-171,75
IQ:32,264,1,78,150
IQ:33,272,255,139,-90
IQ:34,280,2,-72,-112
IQ:35,288,255,-61,92
SW:2
RR:3
SS:3
FR:2426
ME:359
MA:353
KE:0
KA:12
DF_END