DF_END

Data arrived...
DF_BEGIN
IQ:0,0,11,-88,-161
IQ:1,8,11,-167,101
IQ:2,16,11,105,146
IQ:3,24,11,128,-129
IQ:4,32,11,-139,-131
IQ:5,40,11,-117,138
IQ:6,48,11,164,91
IQ:7,56,11,80,-162
IQ:8,72,12,-149,123
IQ:9,80,255,127,155
IQ:10,88,1,176,-104
IQ:11,96,255,-96,-166
IQ:12,104,2,-123,74
IQ:13,112,255,62,80
IQ:14,120,10,-17,-131
IQ:15,128,255,-197,4
IQ:16,136,3,-150,179
IQ:17,144,255,74,130
IQ:18,152,9,-64,27
IQ:19,160,255,-85,116
IQ:20,168,4,-54,234
IQ:21,176,255,174,48
IQ:22,184,8,-8,-72
IQ:23,192,255,-64,39
IQ:24,200,7,111,53
IQ:25,208,255,90,-128
IQ:26,216,6,-94,-120
IQ:27,224,255,-118,143
IQ:28,232,5,151,189
IQ:29,240,255,156,-127
IQ:30,248,12,-165,-85
IQ:31,256,255,-70,185
IQ:32,264,1,177,91
IQ:33,272,255,87,-176
IQ:34,280,2,-117,-88
IQ:35,288,255,-31,68
SW:2
RR:3
SS:3
FR:2480
ME:7
MA:103
KE:1
KA:27
DF_END

Data arrived...
DF_BEGIN
IQ:0,0,11,82,-128
IQ:1,8,11,-172,-30
IQ:2,16,11,-58,170
IQ:3,24,11,157,26
IQ:4,32,11,19,-151
IQ:5,40,11,-153,-21
IQ:6,48,11,7,157
IQ:7,56,11,154,-23
IQ:8,72,12,-208,-37
IQ:9,80,255,-34,168
IQ:10,88,1,154,17
IQ:11,96,255,22,-137
IQ:12,104,2,-87,44
IQ:13,112,255,34,140
IQ:14,120,10,135,-114
IQ:15,128,255,-125,-173
IQ:16,136,3,-193,35
IQ:17,144,255,54,111
IQ:18,152,9,39,-99
IQ:19,160,255,-121,-61
IQ:20,168,4,-174,189
IQ:21,176,255,122,109
IQ:22,184,8,38,-120
IQ:23,192,255,-147,-20
IQ:24,200,7,-3,134
IQ:25,208,255,164,-11
IQ:26,216,6,4,-158
IQ:27,224,255,-158,41
IQ:28,232,5,32,215
IQ:29,240,255,196,-30
IQ:30,248,12,-65,-170
IQ:31,256,255,-169,76
IQ:32,264,1,19,135
IQ:33,272,255,141,-43
IQ:34,280,2,-51,-106
IQ:35,288,255,-64,65
SW:2
RR:3
SS:3
FR:2426
ME:359
MA:353
KE:1
KA:22
DF_END

Data arrived...
DF_BEGIN
IQ:0,0,11,40,159
IQ:1,8,11,155,-56
IQ:2,16,11,-78,-151
IQ:3,24,11,-147,80
IQ:4,32,11,104,126
IQ:5,40,11,128,-108
IQ:6,48,11,-115,-115
IQ:7,56,11,-107,126
IQ:8,72,12,164,-111
IQ:9,80,255,-106,-145
IQ:10,88,1,-113,103
IQ:11,96,255,109,108
IQ:12,104,2,83,-90
IQ:13,112,255,-113,-47
IQ:14,120,10,-26,170
IQ:15,128,255,204,32
IQ:16,136,3,127,-173
IQ:17,144,255,-124,-80
IQ:18,152,9,37,115
IQ:19,160,255,171,-65
IQ:20,168,4,16,-244
IQ:21,176,255,-180,-11
IQ:22,184,8,56,115
IQ:23,192,255,106,-90
IQ:24,200,7,-109,-122
IQ:25,208,255,-126,115
IQ:26,216,6,128,102
IQ:27,224,255,111,-156
IQ:28,232,5,-153,-143
IQ:29,240,255,-112,150
IQ:30,248,12,161,91
IQ:31,256,255,80,-166
IQ:32,264,1,-137,-77
IQ:33,272,255,-45,144
IQ:34,280,2,121,35
IQ:35,288,255,-4,-103
SW:2
RR:3
SS:3
FR:2426
ME:359
MA:353
KE:1
KA:17
DF_END

Data arrived...
DF_BEGIN
IQ:0,0,11,-58,146
IQ:1,8,11,141,57
IQ:2,16,11,45,-152
IQ:3,24,11,-154,-25
IQ:4,32,11,-5,152
IQ:5,40,11,160,-7
IQ:6,48,11,-20,-159
IQ:7,56,11,-157,38
IQ:8,72,12,240,7
IQ:9,80,255,15,-232
IQ:10,88,1,-181,-48
IQ:11,96,255,-43,171
IQ:12,104,2,119,33
IQ:13,112,255,-19,-84
IQ:14,120,10,-107,122
IQ:15,128,255,138,153
IQ:16,136,3,224,-56
IQ:17,144,255,-33,-162
IQ:18,152,9,-53,83
IQ:19,160,255,149,48
IQ:20,168,4,172,-182
IQ:21,176,255,-124,-143
IQ:22,184,8,-26,104
IQ:23,192,255,129,-9
IQ:24,200,7,-37,-159
IQ:25,208,255,-180,37
IQ:26,216,6,15,163
IQ:27,224,255,164,-59
IQ:28,232,5,-49,-224
IQ:29,240,255,-195,62
IQ:30,248,12,99,218
IQ:31,256,255,219,-78
IQ:32,264,1,-36,-180
IQ:33,272,255,-159,48
IQ:34,280,2,29,119
IQ:35,288,255,56,-53
SW:2
RR:3
SS:3
FR:2402
ME:356
MA:353
KE:0
KA:13
DF_END

Data arrived...
DF_BEGIN
IQ:0,0,11,-110,145
IQ:1,8,11,161,92
IQ:2,16,11,85,-155
IQ:3,24,11,-168,-74
IQ:4,32,11,-60,174
IQ:5,40,11,182,42
IQ:6,48,11,22,-178
IQ:7,56,11,-185,9
IQ:8,72,12,177,77
IQ:9,80,255,96,-184
IQ:10,88,1,-157,-102
IQ:11,96,255,-90,166
IQ:12,104,2,109,96
IQ:13,112,255,49,-85
IQ:14,120,10,-119,59
IQ:15,128,255,70,177
IQ:16,136,3,212,74
IQ:17,144,255,96,-120
IQ:18,152,9,49,39
IQ:19,160,255,142,27
IQ:20,168,4,228,-68
IQ:21,176,255,-30,-183
IQ:22,184,8,-58,28
IQ:23,192,255,63,49
IQ:24,200,7,7,-118
IQ:25,208,255,-150,-16
IQ:26,216,6,-65,132
IQ:27,224,255,179,43
IQ:28,232,5,109,-207
IQ:29,240,255,-180,-66
IQ:30,248,12,2,194
IQ:31,256,255,204,4
IQ:32,264,1,3,-191
IQ:33,272,255,-198,-2
IQ:34,280,2,-32,139
IQ:35,288,255,74,2
SW:2
RR:3
SS:3
FR:2480
ME:7
MA:100
KE:1
KA:22
DF_END

Data arrived...
DF_BEGIN
IQ:0,0,11,-167,-88
IQ:1,8,11,-66,171
IQ:2,16,11,171,48
IQ:3,24,11,30,-176
IQ:4,32,11,-179,-2
IQ:5,40,11,9,187
IQ:6,48,11,181,-33
IQ:7,56,11,-35,-183
IQ:8,72,12,-36,179
IQ:9,80,255,190,22
IQ:10,88,1,56,-199
IQ:11,96,255,-175,-68
IQ:12,104,2,-61,124
IQ:13,112,255,98,20
IQ:14,120,10,-98,-97
IQ:15,128,255,-157,113
IQ:16,136,3,1,209
IQ:17,144,255,146,50
IQ:18,152,9,-35,55
IQ:19,160,255,-10,139
IQ:20,168,4,84,221
IQ:21,176,255,174,-63
IQ:22,184,8,-46,-43
IQ:23,192,255,-28,65
IQ:24,200,7,123,-20
IQ:25,208,255,-10,-148
IQ:26,216,6,-155,-38
IQ:27,224,255,-1,186
IQ:28,232,5,232,53
IQ:29,240,255,45,-193
IQ:30,248,12,-177,48
IQ:31,256,255,70,185
IQ:32,264,1,199,-33
IQ:33,272,255,-25,-194
IQ:34,280,2,-148,-1
IQ:35,288,255,27,74
SW:2
RR:3
SS:3
FR:2480
ME:10
MA:94
KE:1
KA:30
DF_END

Data arrived...
DF_BEGIN
IQ:0,0,11,-135,98
IQ:1,8,11,101,123
IQ:2,16,11,113,-118
IQ:3,24,11,-128,-119
IQ:4,32,11,-94,129
IQ:5,40,11,140,76
IQ:6,48,11,68,-150
IQ:7,56,11,-152,-66
IQ:8,72,12,157,107
IQ:9,80,255,113,-140
IQ:10,88,1,-115,-85
IQ:11,96,255,-75,135
IQ:12,104,2,111,50
IQ:13,112,255,1,-116
IQ:14,120,10,-170,35
IQ:15,128,255,37,198
IQ:16,136,3,206,45
IQ:17,144,255,19,-145
IQ:18,152,9,-95,78
IQ:19,160,255,117,133
IQ:20,168,4,230,-64
IQ:21,176,255,-49,-174
IQ:22,184,8,-88,91
IQ:23,192,255,114,67
IQ:24,200,7,68,-152
IQ:25,208,255,-149,-72
IQ:26,216,6,-61,152
IQ:27,224,255,178,40
IQ:28,232,5,69,-189
IQ:29,240,255,-184,-45
IQ:30,248,12,-28,180
IQ:31,256,255,182,14
IQ:32,264,1,10,-151
IQ:33,272,255,-149,6
IQ:34,280,2,6,126
IQ:35,288,255,89,-47
SW:2
RR:3
SS:3
FR:2426
ME:359
MA:353
KE:1
KA:24
DF_END

Data arrived...
DF_BEGIN
IQ:0,0,11,-58,-147
IQ:1,8,11,-138,76
IQ:2,16,11,92,131
IQ:3,24,11,136,-91
IQ:4,32,11,-97,-118
IQ:5,40,11,-107,111
IQ:6,48,11,132,96
IQ:7,56,11,77,-138
IQ:8,72,12,-171,177
IQ:9,80,255,156,172
IQ:10,88,1,157,-95
IQ:11,96,255,-93,-150
IQ:12,104,2,-110,65
IQ:13,112,255,74,34
IQ:14,120,10,-34,-159
IQ:15,128,255,-213,13
IQ:16,136,3,-127,201
IQ:17,144,255,135,93
IQ:18,152,9,-26,-89
IQ:19,160,255,-130,86
IQ:20,168,4,34,255
IQ:21,176,255,194,7
IQ:22,184,8,-68,-88
IQ:23,192,255,-78,102
IQ:24,200,7,152,72
IQ:25,208,255,96,-164
IQ:26,216,6,-119,-106
IQ:27,224,255,-71,158
IQ:28,232,5,199,104
IQ:29,240,255,83,-190
IQ:30,248,12,-228,-77
IQ:31,256,255,-103,223
IQ:32,264,1,151,113
IQ:33,272,255,68,-150
IQ:34,280,2,-110,-58
IQ:35,288,255,-11,77
SW:2
RR:3
SS:3
FR:2402
ME:356
MA:353
KE:1
KA:19
DF_END

Data arrived...
DF_BEGIN
IQ:0,0,11,-88,-167
IQ:1,8,11,-145,105
IQ:2,16,11,125,121
IQ:3,24,11,104,-146
IQ:4,32,11,-157,-111
IQ:5,40,11,-88,153
IQ:6,48,11,173,69
IQ:7,56,11,60,-178
IQ:8,72,12,-126,128
IQ:9,80,255,149,133
IQ:10,88,1,157,-121
IQ:11,96,255,-110,-149
IQ:12,104,2,-118,82
IQ:13,112,255,71,67
IQ:14,120,10,-27,-131
IQ:15,128,255,-191,7
IQ:16,136,3,-109,186
IQ:17,144,255,95,119
IQ:18,152,9,-51,43
IQ:19,160,255,-61,123
IQ:20,168,4,-11,242
IQ:21,176,255,184,42
IQ:22,184,8,-7,-65
IQ:23,192,255,-59,40
IQ:24,200,7,113,43
IQ:25,208,255,83,-134
IQ:26,216,6,-104,-106
IQ:27,224,255,-91,160
IQ:28,232,5,187,158
IQ:29,240,255,126,-139
IQ:30,248,12,-179,-52
IQ:31,256,255,-57,194
IQ:32,264,1,185,65
IQ:33,272,255,65,-176
IQ:34,280,2,-125,-70
IQ:35,288,255,-18,70
SW:2
RR:3
SS:3
FR:2480
ME:7
MA:97
KE:1
KA:28
DF_END

Data arrived...
DF_BEGIN
IQ:0,0,11,91,129
IQ:1,8,11,132,-92
IQ:2,16,11,-120,-109
IQ:3,24,11,-97,124
IQ:4,32,11,135,88
IQ:5,40,11,71,-154
IQ:6,48,11,-142,-66
IQ:7,56,11,-5,160
IQ:8,72,12,105,-158
IQ:9,80,255,-173,-102
IQ:10,88,1,-82,117
IQ:11,96,255,124,59
IQ:12,104,2,48,-113
IQ:13,112,255,2,20
IQ:14,120,10,46,146
IQ:15,128,255,193,-57
IQ:16,136,3,78,-215
IQ:17,144,255,-129,-27
IQ:18,152,9,92,88
IQ:19,160,255,129,-113
IQ:20,168,4,-26,-230
IQ:21,176,255,-204,25
IQ:22,184,8,83,93
IQ:23,192,255,73,-103
IQ:24,200,7,-144,-44
IQ:25,208,255,-49,161
IQ:26,216,6,147,47
IQ:27,224,255,7,-160
IQ:28,232,5,-175,-81
IQ:29,240,255,-28,159
IQ:30,248,12,182,5
IQ:31,256,255,10,-243
IQ:32,264,1,-151,-2
IQ:33,272,255,16,152
IQ:34,280,2,138,-49
IQ:35,288,255,-5,-89
SW:2
RR:3
SS:3
FR:2426
ME:2
MA:5
KE:1
KA:25
DF_END

Data arrived...
DF_BEGIN
IQ:0,0,11,131,90
IQ:1,8,11,84,-130
IQ:2,16,11,-150,-67
IQ:3,24,11,-65,144
IQ:4,32,11,157,35
IQ:5,40,11,25,-164
IQ:6,48,11,-158,-18
IQ:7,56,11,4,163
IQ:8,72,12,46,-175
IQ:9,80,255,-175,-38
IQ:10,88,1,-28,147
IQ:11,96,255,156,16
IQ:12,104,2,19,-125
IQ:13,112,255,-108,32
IQ:14,120,10,87,147
IQ:15,128,255,166,-117
IQ:16,136,3,-32,-217
IQ:17,144,255,-145,22
IQ:18,152,9,97,55
IQ:19,160,255,81,-158
IQ:20,168,4,-140,-200
IQ:21,176,255,-146,98
IQ:22,184,8,109,50
IQ:23,192,255,29,-132
IQ:24,200,7,-160,-15
IQ:25,208,255,-6,169
IQ:26,216,6,156,-1
IQ:27,224,255,-51,-177
IQ:28,232,5,-206,12
IQ:29,240,255,17,183
IQ:30,248,12,184,-48
IQ:31,256,255,-52,-177
IQ:32,264,1,-144,39
IQ:33,272,255,63,131
IQ:34,280,2,111,-50
IQ:35,288,255,-78,-76
SW:2
RR:3
SS:3
FR:2426
ME:359
MA:353
KE:1
KA:20
DF_END

Data arrived...
DF_BEGIN
IQ:0,0,11,-159,-1
IQ:1,8,11,18,160
IQ:2,16,11,158,-27
IQ:3,24,11,-37,-157
IQ:4,32,11,-152,52
IQ:5,40,11,70,135
IQ:6,48,11,140,-87
IQ:7,56,11,-93,-128
IQ:8,72,12,107,218
IQ:9,80,255,214,-87
IQ:10,88,1,-31,-195
IQ:11,96,255,-172,32
IQ:12,104,2,18,118
IQ:13,112,255,65,-49
IQ:14,120,10,-162,-31
IQ:15,128,255,-63,201
IQ:16,136,3,155,175
IQ:17,144,255,128,-108
IQ:18,152,9,-98,-11
IQ:19,160,255,19,159
IQ:20,168,4,234,90
IQ:21,176,255,77,-169
IQ:22,184,8,-109,28
IQ:23,192,255,53,112
IQ:24,200,7,133,-109
IQ:25,208,255,-97,-156
IQ:26,216,6,-144,71
IQ:27,224,255,106,141
IQ:28,232,5,189,-134
IQ:29,240,255,-142,-152
IQ:30,248,12,-155,192
IQ:31,256,255,177,154
IQ:32,264,1,147,-116
IQ:33,272,255,-116,-129
IQ:34,280,2,-106,72
IQ:35,288,255,59,41
SW:2
RR:3
SS:3
FR:2402
ME:356
MA:353
KE:0
KA:16
DF_END

Data arrived...
DF_BEGIN
IQ:0,0,11,138,117
IQ:1,8,11,111,-152
IQ:2,16,11,-163,-94
IQ:3,24,11,-71,162
IQ:4,32,11,178,52
IQ:5,40,11,34,-179
IQ:6,48,11,-185,-16
IQ:7,56,11,-1,185
IQ:8,72,12,85,-168
IQ:9,80,255,-177,-80
IQ:10,88,1,-101,169
IQ:11,96,255,149,103
IQ:12,104,2,80,-115
IQ:13,112,255,-80,-42
IQ:14,120,10,79,108
IQ:15,128,255,187,-76
IQ:16,136,3,55,-204
IQ:17,144,255,-127,-82
IQ:18,152,9,43,-60
IQ:19,160,255,18,-143
IQ:20,168,4,-53,-233
IQ:21,176,255,-172,41
IQ:22,184,8,35,46
IQ:23,192,255,44,-61
IQ:24,200,7,-119,-3
IQ:25,208,255,-10,149
IQ:26,216,6,143,56
IQ:27,224,255,31,-171
IQ:28,232,5,-221,-84
IQ:29,240,255,-71,181
IQ:30,248,12,187,-8
IQ:31,256,255,-12,-203
IQ:32,264,1,-193,-1
IQ:33,272,255,-19,188
IQ:34,280,2,127,44
IQ:35,288,255,-10,-68
SW:2
RR:3
SS:3
FR:2480
ME:10
MA:97
KE:1
KA:25
DF_END

Data arrived...
DF_BEGIN
IQ:0,0,11,48,-159
IQ:1,8,11,-160,-39
IQ:2,16,11,-21,161
IQ:3,24,11,172,12
IQ:4,32,11,5,-163
IQ:5,40,11,-166,24
IQ:6,48,11,40,153
IQ:7,56,11,151,-77
IQ:8,72,12,-195,-11
IQ:9,80,255,14,183
IQ:10,88,1,153,-24
IQ:11,96,255,-47,-141
IQ:12,104,2,-127,40
IQ:13,112,255,62,98
IQ:14,120,10,119,-137
IQ:15,128,255,-153,-138
IQ:16,136,3,-196,83
IQ:17,144,255,74,133
IQ:18,152,9,29,-122
IQ:19,160,255,-178,-44
IQ:20,168,4,-146,189
IQ:21,176,255,148,108
IQ:22,184,8,10,-129
IQ:23,192,255,-141,27
IQ:24,200,7,37,162
IQ:25,208,255,167,-47
IQ:26,216,6,-38,-170
IQ:27,224,255,-166,62
IQ:28,232,5,79,190
IQ:29,240,255,177,-88
IQ:30,248,12,-107,-173
IQ:31,256,255,-154,100
IQ:32,264,1,84,122
IQ:33,272,255,111,-105
IQ:34,280,2,-81,-106
IQ:35,288,255,-44,86
SW:2
RR:3
SS:3
FR:2426
ME:359
MA:353
KE:1
KA:21
DF_END

Data arrived...
DF_BEGIN
IQ:0,0,11,153,20
IQ:1,8,11,-9,-158
IQ:2,16,11,-162,13
IQ:3,24,11,21,159
IQ:4,32,11,151,-28
IQ:5,40,11,-48,-146
IQ:6,48,11,-152,51
IQ:7,56,11,72,135
IQ:8,72,12,-46,-243
IQ:9,80,255,-230,32
IQ:10,88,1,-12,182
IQ:11,96,255,164,1
IQ:12,104,2,-1,-116
IQ:13,112,255,-72,38
IQ:14,120,10,147,63
IQ:15,128,255,96,-180
IQ:16,136,3,-114,-210
IQ:17,144,255,-160,71
IQ:18,152,9,95,28
IQ:19,160,255,0,-152
IQ:20,168,4,-220,-119
IQ:21,176,255,-96,161
IQ:22,184,8,110,-11
IQ:23,192,255,-42,-111
IQ:24,200,7,-142,94
IQ:25,208,255,86,160
IQ:26,216,6,153,-43
IQ:27,224,255,-97,-150
IQ:28,232,5,-201,102
IQ:29,240,255,112,170
IQ:30,248,12,176,-166
IQ:31,256,255,-129,-196
IQ:32,264,1,-162,85
IQ:33,272,255,84,150
IQ:34,280,2,116,-56
IQ:35,288,255,-58,-54
SW:2
RR:3
SS:3
FR:2402
ME:356
MA:353
KE:1
KA:17
DF_END

Data arrived...
DF_BEGIN
IQ:0,0,11,-9,184
IQ:1,8,11,180,-12
IQ:2,16,11,-33,-187
IQ:3,24,11,-175,58
IQ:4,32,11,66,177
IQ:5,40,11,160,-82
IQ:6,48,11,-92,-154
IQ:7,56,11,-142,109
IQ:8,72,12,184,-28
IQ:9,80,255,-49,-184
IQ:10,88,1,-196,16
IQ:11,96,255,8,189
IQ:12,104,2,139,4
IQ:13,112,255,-10,-94
IQ:14,120,10,-37,127
IQ:15,128,255,178,89
IQ:16,136,3,210,-78
IQ:17,144,255,5,-147
IQ:18,152,9,76,3
IQ:19,160,255,133,-70
IQ:20,168,4,167,-182
IQ:21,176,255,-125,-129
IQ:22,184,8,-18,56
IQ:23,192,255,71,-11
IQ:24,200,7,-74,-90
IQ:25,208,255,-127,85
IQ:26,216,6,42,149
IQ:27,224,255,158,-71
IQ:28,232,5,-56,-231
IQ:29,240,255,-182,45
IQ:30,248,12,104,147
IQ:31,256,255,158,-122
IQ:32,264,1,-112,-152
IQ:33,272,255,-157,107
IQ:34,280,2,55,128
IQ:35,288,255,53,-43
SW:2
RR:3
SS:3
FR:2480
ME:10
MA:103
KE:1
KA:26
DF_END

Data arrived...
DF_BEGIN
IQ:0,0,11,-55,-164
IQ:1,8,11,-187,64
IQ:2,16,11,66,169
IQ:3,24,11,150,-106
IQ:4,32,11,-111,-148
IQ:5,40,11,-126,126
IQ:6,48,11,139,112
IQ:7,56,11,107,-144
IQ:8,72,12,-179,72
IQ:9,80,255,75,166
IQ:10,88,1,170,-65
IQ:11,96,255,-64,-166
IQ:12,104,2,-150,33
IQ:13,112,255,20,88
IQ:14,120,10,7,-130
IQ:15,128,255,-189,-56
IQ:16,136,3,-188,124
IQ:17,144,255,31,142
IQ:18,152,9,-76,15
IQ:19,160,255,-110,93
IQ:20,168,4,-105,212
IQ:21,176,255,153,90
IQ:22,184,8,2,-50
IQ:23,192,255,-74,32
IQ:24,200,7,83,69
IQ:25,208,255,95,-109
IQ:26,216,6,-63,-131
IQ:27,224,255,-151,94
IQ:28,232,5,102,215
IQ:29,240,255,168,-93
IQ:30,248,12,-150,-118
IQ:31,256,255,-120,162
IQ:32,264,1,134,119
IQ:33,272,255,130,-131
IQ:34,280,2,-89,-112
IQ:35,288,255,-45,58
SW:2
RR:3
SS:3
FR:2480
ME:10
MA:97
KE:2
KA:35
DF_END

Data arrived...
DF_BEGIN
IQ:0,0,11,-151,-55
IQ:1,8,11,-29,162
IQ:2,16,11,168,8
IQ:3,24,11,-13,-163
IQ:4,32,11,-167,14
IQ:5,40,11,34,164
IQ:6,48,11,159,-47
IQ:7,56,11,-76,-154
IQ:8,72,12,27,198
IQ:9,80,255,185,-27
IQ:10,88,1,-28,-150
IQ:11,96,255,-144,51
IQ:12,104,2,35,127
IQ:13,112,255,98,-63
IQ:14,120,10,-143,-101
IQ:15,128,255,-137,163
IQ:16,136,3,103,180
IQ:17,144,255,121,-86
IQ:18,152,9,-125,-16
IQ:19,160,255,-28,185
IQ:20,168,4,192,145
IQ:21,176,255,99,-152
IQ:22,184,8,-127,4
IQ:23,192,255,35,138
IQ:24,200,7,162,-55
IQ:25,208,255,-67,-163
IQ:26,216,6,-168,47
IQ:27,224,255,74,172
IQ:28,232,5,194,-76
IQ:29,240,255,-96,-165
IQ:30,248,12,-149,126
IQ:31,256,255,126,144
IQ:32,264,1,119,-103
IQ:33,272,255,-112,-108
IQ:34,280,2,-91,85
IQ:35,288,255,99,37
SW:2
RR:3
SS:3
FR:2426
ME:359
MA:353
KE:2
KA:30
DF_END

Data arrived...
DF_BEGIN
IQ:0,0,11,-18,-161
IQ:1,8,11,-153,35
IQ:2,16,11,46,151
IQ:3,24,11,148,-63
IQ:4,32,11,-73,-137
IQ:5,40,11,-128,90
IQ:6,48,11,93,121
IQ:7,56,11,118,-106
IQ:8,72,12,-221,108
IQ:9,80,255,103,207
IQ:10,88,1,177,-52
IQ:11,96,255,-56,-166
IQ:12,104,2,-123,27
IQ:13,112,255,53,61
IQ:14,120,10,16,-165
IQ:15,128,255,-202,-28
IQ:16,136,3,-162,168
IQ:17,144,255,112,127
IQ:18,152,9,4,-90
IQ:19,160,255,-151,39
IQ:20,168,4,-43,245
IQ:21,176,255,181,37
IQ:22,184,8,-44,-100
IQ:23,192,255,-110,62
IQ:24,200,7,121,105
IQ:25,208,255,126,-129
IQ:26,216,6,-95,-137
IQ:27,224,255,-120,130
IQ:28,232,5,154,159
IQ:29,240,255,129,-166
IQ:30,248,12,-198,-138
IQ:31,256,255,-152,183
IQ:32,264,1,120,132
IQ:33,272,255,109,-124
IQ:34,280,2,-92,-89
IQ:35,288,255,-27,70
SW:2
RR:3
SS:3
FR:2402
ME:356
MA:353
KE:1
KA:25
DF_END

Data arrived...
DF_BEGIN
IQ:0,0,11,-80,-172
IQ:1,8,11,-154,98
IQ:2,16,11,114,141
IQ:3,24,11,125,-124
IQ:4,32,11,-154,-103
IQ:5,40,11,-104,159
IQ:6,48,11,163,80
IQ:7,56,11,65,-171
IQ:8,72,12,-157,104
IQ:9,80,255,123,134
IQ:10,88,1,150,-123
IQ:11,96,255,-116,-157
IQ:12,104,2,-126,70
IQ:13,112,255,51,82
IQ:14,120,10,-22,-123
IQ:15,128,255,-196,6
IQ:16,136,3,-131,172
IQ:17,144,255,68,133
IQ:18,152,9,-63,37
IQ:19,160,255,-92,112
IQ:20,168,4,-64,225
IQ:21,176,255,165,49
IQ:22,184,8,-9,-55
IQ:23,192,255,-54,42
IQ:24,200,7,112,38
IQ:25,208,255,62,-136
IQ:26,216,6,-99,-118
IQ:27,224,255,-102,138
IQ:28,232,5,162,172
IQ:29,240,255,142,-135
IQ:30,248,12,-170,-71
IQ:31,256,255,-73,179
IQ:32,264,1,166,77
IQ:33,272,255,74,-173
IQ:34,280,2,-111,-85
IQ:35,288,255,-18,57
SW:2
RR:3
SS:3
FR:2480
ME:10
MA:94
KE:2
KA:33
DF_END

Data arrived...
DF_BEGIN
IQ:0,0,11,-72,142
IQ:1,8,11,148,55
IQ:2,16,11,43,-162
IQ:3,24,11,-161,-47
IQ:4,32,11,-18,163
IQ:5,40,11,166,2
IQ:6,48,11,-9,-159
IQ:7,56,11,-161,39
IQ:8,72,12,189,14
IQ:9,80,255,0,-178
IQ:10,88,1,-156,-1
IQ:11,96,255,9,155
IQ:12,104,2,129,-3
IQ:13,112,255,-54,-109
IQ:14,120,10,-124,117
IQ:15,128,255,144,150
IQ:16,136,3,208,-60
IQ:17,144,255,-55,-136
IQ:18,152,9,-50,114
IQ:19,160,255,169,69
IQ:20,168,4,177,-166
IQ:21,176,255,-128,-124
IQ:22,184,8,-36,124
IQ:23,192,255,139,7
IQ:24,200,7,-15,-159
IQ:25,208,255,-174,12
IQ:26,216,6,4,166
IQ:27,224,255,177,-50
IQ:28,232,5,-32,-208
IQ:29,240,255,-190,52
IQ:30,248,12,57,177
IQ:31,256,255,164,-73
IQ:32,264,1,-65,-140
IQ:33,272,255,-126,81
IQ:34,280,2,68,102
IQ:35,288,255,63,-83
SW:2
RR:3
SS:3
FR:2426
ME:359
MA:353
KE:2
KA:28
DF_END

Data arrived...