IQ:18,152,9,-45,80
IQ:19,160,255,142,47
IQ:20,168,4,175,-186
IQ:21,176,255,-117,-151
IQ:22,184,8,-24,98
IQ:23,192,255,116,0
IQ:24,200,7,-27,-156
IQ:25,208,255,-163,42
IQ:26,216,6,21,159
IQ:27,224,255,164,-55
IQ:28,232,5,-68,-213
IQ:29,240,255,-187,76
IQ:30,248,12,111,213
IQ:31,256,255,218,-95
IQ:32,264,1,-24,-182
IQ:33,272,255,-162,33
IQ:34,280,2,9,112
IQ:35,288,255,55,-34
SW:2
RR:3
SS:3
FR:2402
ME:356
MA:353
KE:0
KA:18
DF_END

Data arrived...
DF_BEGIN
IQ:0,0,11,146,-17
IQ:1,8,11,-47,-145
IQ:2,16,11,-152,46
IQ:3,24,11,50,141
IQ:4,32,11,139,-67
IQ:5,40,11,-87,-122
IQ:6,48,11,-109,105
IQ:7,56,11,112,107
IQ:8,72,12,-113,-209
IQ:9,80,255,-215,105
IQ:10,88,1,51,172
IQ:11,96,255,153,-54
IQ:12,104,2,-30,-117
IQ:13,112,255,-57,50
IQ:14,120,10,153,7
IQ:15,128,255,39,-194
IQ:16,136,3,-176,-151
IQ:17,144,255,-119,119
IQ:18,152,9,85,2
IQ:19,160,255,-52,-144
IQ:20,168,4,-256,-45
IQ:21,176,255,-54,181
IQ:22,184,8,86,-44
IQ:23,192,255,-76,-93
IQ:24,200,7,-105,116
IQ:25,208,255,130,115
IQ:26,216,6,124,-97
IQ:27,224,255,-137,-107
IQ:28,232,5,-151,162
IQ:29,240,255,163,115
IQ:30,248,12,124,-214
IQ:31,256,255,-192,-145
IQ:32,264,1,-140,117
IQ:33,272,255,119,111
IQ:34,280,2,90,-76
IQ:35,288,255,-55,-29
SW:2
RR:3
SS:3
FR:2402
ME:356
MA:353
KE:0
KA:15
DF_END

Data arrived...
DF_BEGIN
IQ:0,0,11,82,172
IQ:1,8,11,174,-76
IQ:2,16,11,-105,-162
IQ:3,24,11,-139,123
IQ:4,32,11,143,130
IQ:5,40,11,121,-147
IQ:6,48,11,-160,-105
IQ:7,56,11,-98,165
IQ:8,72,12,131,-132
IQ:9,80,255,-135,-147
IQ:10,88,1,-158,113
IQ:11,96,255,94,147
IQ:12,104,2,111,-61
IQ:13,112,255,-64,-54
IQ:14,120,10,30,139
IQ:15,128,255,201,2
IQ:16,136,3,148,-161
IQ:17,144,255,-61,-126
IQ:18,152,9,79,-34
IQ:19,160,255,85,-132
IQ:20,168,4,26,-236
IQ:21,176,255,-167,-42
IQ:22,184,8,25,49
IQ:23,192,255,62,-56
IQ:24,200,7,-99,-43
IQ:25,208,255,-64,129
IQ:26,216,6,98,113
IQ:27,224,255,90,-160
IQ:28,232,5,-173,-179
IQ:29,240,255,-135,137
IQ:30,248,12,187,52
IQ:31,256,255,69,-192
IQ:32,264,1,-169,-63
IQ:33,272,255,-65,173
IQ:34,280,2,108,78
IQ:35,288,255,7,-66
SW:2
RR:3
SS:3
FR:2480
ME:10
MA:100
KE:1
KA:23
DF_END

Data arrived...
DF_BEGIN
IQ:0,0,11,-75,142
IQ:1,8,11,202,84
IQ:2,16,11,39,-159
IQ:3,24,11,-157,-27
IQ:4,32,11,-16,163
IQ:5,40,11,151,-3
IQ:6,48,11,-31,-162
IQ:7,56,11,-155,49
IQ:8,72,12,201,3
IQ:9,80,255,-20,-198
IQ:10,88,1,-146,39
IQ:11,96,255,100,164
IQ:12,104,2,120,-61
IQ:13,112,255,-102,-106
IQ:14,120,10,-123,133
IQ:15,128,255,152,139
IQ:16,136,3,170,-114
IQ:17,144,255,-101,-105
IQ:18,152,9,-4,158
IQ:19,160,255,166,17
IQ:20,168,4,127,-200
IQ:21,176,255,-156,-92
IQ:22,184,8,-18,146
IQ:23,192,255,141,-9
IQ:24,200,7,-58,-164
IQ:25,208,255,-193,58
IQ:26,216,6,49,166
IQ:27,224,255,165,-88
IQ:28,232,5,-62,-204
IQ:29,240,255,-175,74
IQ:30,248,12,133,177
IQ:31,256,255,160,-125
IQ:32,264,1,-201,-103
IQ:33,272,255,-114,106
IQ:34,280,2,98,75
IQ:35,288,255,42,-102
SW:2
RR:3
SS:3
FR:2426
ME:2
MA:5
KE:1
KA:20
DF_END

Data arrived...
DF_BEGIN
IQ:0,0,11,101,-123
IQ:1,8,11,-131,-90
IQ:2,16,11,-72,141
IQ:3,24,11,146,51
IQ:4,32,11,32,-156
IQ:5,40,11,-160,-27
IQ:6,48,11,-13,161
IQ:7,56,11,158,-11
IQ:8,72,12,-206,-37
IQ:9,80,255,-31,199
IQ:10,88,1,164,13
IQ:11,96,255,-6,-165
IQ:12,104,2,-125,-3
IQ:13,112,255,45,117
IQ:14,120,10,149,-96
IQ:15,128,255,-110,-174
IQ:16,136,3,-200,39
IQ:17,144,255,39,138
IQ:18,152,9,59,-114
IQ:19,160,255,-161,-75
IQ:20,168,4,-173,156
IQ:21,176,255,120,123
IQ:22,184,8,47,-132
IQ:23,192,255,-140,-20
IQ:24,200,7,11,172
IQ:25,208,255,182,-18
IQ:26,216,6,-8,-168
IQ:27,224,255,-188,33
IQ:28,232,5,3,207
IQ:29,240,255,179,-36
IQ:30,248,12,-70,-196
IQ:31,256,255,-182,71
IQ:32,264,1,66,152
IQ:33,272,255,141,-77
IQ:34,280,2,-61,-96
IQ:35,288,255,-56,96
SW:2
RR:3
SS:3
FR:2426
ME:359
MA:353
KE:1
KA:16
DF_END

Data arrived...
DF_BEGIN
IQ:0,0,11,9,159
IQ:1,8,11,162,-13
IQ:2,16,11,-17,-162
IQ:3,24,11,-155,24
IQ:4,32,11,47,144
IQ:5,40,11,144,-67
IQ:6,48,11,-71,-144
IQ:7,56,11,-128,87
IQ:8,72,12,243,-88
IQ:9,80,255,-46,-237
IQ:10,88,1,-182,-3
IQ:11,96,255,16,167
IQ:12,104,2,118,-2
IQ:13,112,255,-42,-74
IQ:14,120,10,-51,151
IQ:15,128,255,192,79
IQ:16,136,3,209,-126
IQ:17,144,255,-81,-152
IQ:18,152,9,-17,87
IQ:19,160,255,157,-22
IQ:20,168,4,94,-247
IQ:21,176,255,-171,-102
IQ:22,184,8,26,94
IQ:23,192,255,112,-60
IQ:24,200,7,-87,-139
IQ:25,208,255,-164,75
IQ:26,216,6,56,143
IQ:27,224,255,120,-122
IQ:28,232,5,-145,-168
IQ:29,240,255,-131,164
IQ:30,248,12,197,164
IQ:31,256,255,186,-163
IQ:32,264,1,-96,-161
IQ:33,272,255,-129,103
IQ:34,280,2,66,97
IQ:35,288,255,34,-62
SW:2
RR:3
SS:3
FR:2402
ME:356
MA:353
KE:0
KA:12
DF_END

Data arrived...
DF_BEGIN
IQ:0,0,11,-190,-10
IQ:1,8,11,17,173
IQ:2,16,11,176,-49
IQ:3,24,11,-51,-175
IQ:4,32,11,-169,80
IQ:5,40,11,94,159
IQ:6,48,11,144,-101
IQ:7,56,11,-131,-140
IQ:8,72,12,48,179
IQ:9,80,255,178,-70
IQ:10,88,1,-42,-186
IQ:11,96,255,-184,26
IQ:12,104,2,10,124
IQ:13,112,255,90,-26
IQ:14,120,10,-131,-18
IQ:15,128,255,-71,176
IQ:16,136,3,82,192
IQ:17,144,255,149,-13
IQ:18,152,9,12,80
IQ:19,160,255,67,124
IQ:20,168,4,193,136
IQ:21,176,255,106,-133
IQ:22,184,8,-45,-19
IQ:23,192,255,18,65
IQ:24,200,7,86,-72
IQ:25,208,255,-81,-127
IQ:26,216,6,-142,34
IQ:27,224,255,85,142
IQ:28,232,5,219,-100
IQ:29,240,255,-75,-184
IQ:30,248,12,-125,135
IQ:31,256,255,156,123
IQ:32,264,1,131,-143
IQ:33,272,255,-127,-140
IQ:34,280,2,-117,64
IQ:35,288,255,42,40
SW:2
RR:3
SS:3
FR:2480
ME:10
MA:94
KE:1
KA:20
DF_END

Data arrived...
DF_BEGIN
IQ:0,0,11,-44,170
IQ:1,8,11,161,10
IQ:2,16,11,-18,-170
IQ:3,24,11,-174,17
IQ:4,32,11,31,172
IQ:5,40,11,164,-47
IQ:6,48,11,-55,-154
IQ:7,56,11,-157,73
IQ:8,72,12,197,-70
IQ:9,80,255,-70,-187
IQ:10,88,1,-157,66
IQ:11,96,255,65,152
IQ:12,104,2,113,-58
IQ:13,112,255,-95,-85
IQ:14,120,10,-100,160
IQ:15,128,255,178,112
IQ:16,136,3,165,-134
IQ:17,144,255,-102,-108
IQ:18,152,9,-4,130
IQ:19,160,255,191,-10
IQ:20,168,4,103,-223
IQ:21,176,255,-175,-75
IQ:22,184,8,13,141
IQ:23,192,255,149,-38
IQ:24,200,7,-73,-151
IQ:25,208,255,-158,96
IQ:26,216,6,84,155
IQ:27,224,255,150,-121
IQ:28,232,5,-112,-196
IQ:29,240,255,-170,102
IQ:30,248,12,148,145
IQ:31,256,255,131,-146
IQ:32,264,1,-133,-100
IQ:33,272,255,-87,138
IQ:34,280,2,109,61
IQ:35,288,255,19,-113
SW:2
RR:3
SS:3
FR:2426
ME:359
MA:353
KE:1
KA:16
DF_END

Data arrived...
DF_BEGIN
IQ:0,0,11,185,24
IQ:1,8,11,7,-196
IQ:2,16,11,-193,2
IQ:3,24,11,14,193
IQ:4,32,11,191,-15
IQ:5,40,11,-50,-189
IQ:6,48,11,-188,57
IQ:7,56,11,76,182
IQ:8,72,12,-53,-309
IQ:9,80,255,-308,43
IQ:10,88,1,-44,246
IQ:11,96,255,219,21
IQ:12,104,2,26,-157
IQ:13,112,255,-104,34
IQ:14,120,10,177,82
IQ:15,128,255,132,-233
IQ:16,136,3,-134,-301
IQ:17,144,255,-207,67
IQ:18,152,9,99,47
IQ:19,160,255,28,-189
IQ:20,168,4,-279,-177
IQ:21,176,255,-147,197
IQ:22,184,8,112,-12
IQ:23,192,255,-61,-143
IQ:24,200,7,-195,102
IQ:25,208,255,83,216
IQ:26,216,6,203,-55
IQ:27,224,255,-108,-189
IQ:28,232,5,-246,158
IQ:29,240,255,146,219
IQ:30,248,12,242,-210
IQ:31,256,255,-191,-253
IQ:32,264,1,-228,121
IQ:33,272,255,108,198
IQ:34,280,2,144,-77
IQ:35,288,255,-62,-74
SW:2
RR:3
SS:3
FR:2402
ME:356
MA:353
KE:0
KA:12
DF_END

Data arrived...
DF_BEGIN
IQ:0,0,11,-194,-61
IQ:1,8,11,-50,186
IQ:2,16,11,190,24
IQ:3,24,11,18,-199
IQ:4,32,11,-190,9
IQ:5,40,11,20,200
IQ:6,48,11,194,-30
IQ:7,56,11,-57,-188
IQ:8,72,12,41,321
IQ:9,80,255,323,22
IQ:10,88,1,76,-234
IQ:11,96,255,-217,-49
IQ:12,104,2,-43,145
IQ:13,112,255,107,-21
IQ:14,120,10,-172,-100
IQ:15,128,255,-159,213
IQ:16,136,3,95,304
IQ:17,144,255,208,-58
IQ:18,152,9,-97,-60
IQ:19,160,255,-41,196
IQ:20,168,4,261,195
IQ:21,176,255,155,-193
IQ:22,184,8,-128,-8
IQ:23,192,255,30,152
IQ:24,200,7,196,-72
IQ:25,208,255,-76,-230
IQ:26,216,6,-207,42
IQ:27,224,255,90,202
IQ:28,232,5,274,-99
IQ:29,240,255,-107,-240
IQ:30,248,12,-261,186
IQ:31,256,255,165,270
IQ:32,264,1,232,-93
IQ:33,272,255,-83,-212
IQ:34,280,2,-153,48
IQ:35,288,255,58,76
SW:2
RR:3
SS:3
FR:2402
ME:356
MA:353
KE:0
KA:10
DF_END

Data arrived...
DF_BEGIN
IQ:0,0,11,149,86
IQ:1,8,11,82,-164
IQ:2,16,11,-158,-67
IQ:3,24,11,-48,164
IQ:4,32,11,170,28
IQ:5,40,11,13,-170
IQ:6,48,11,-177,12
IQ:7,56,11,23,173
IQ:8,72,12,52,-191
IQ:9,80,255,-192,-44
IQ:10,88,1,-65,187
IQ:11,96,255,166,85
IQ:12,104,2,62,-119
IQ:13,112,255,-89,-27
IQ:14,120,10,79,92
IQ:15,128,255,157,-104
IQ:16,136,3,17,-227
IQ:17,144,255,-143,-67
IQ:18,152,9,24,-61
IQ:19,160,255,2,-136
IQ:20,168,4,-98,-212
IQ:21,176,255,-164,61
IQ:22,184,8,36,55
IQ:23,192,255,30,-60
IQ:24,200,7,-124,10
IQ:25,208,255,16,151
IQ:26,216,6,145,34
IQ:27,224,255,-16,-178
IQ:28,232,5,-246,-23
IQ:29,240,255,-39,200
IQ:30,248,12,183,-47
IQ:31,256,255,-60,-193
IQ:32,264,1,-185,57
IQ:33,272,255,54,180
IQ:34,280,2,140,-15
IQ:35,288,255,-21,-69
SW:2
RR:3
SS:3
FR:2480
ME:7
MA:97
KE:0
KA:17
DF_END

Data arrived...
DF_BEGIN
IQ:0,0,11,-22,-182
IQ:1,8,11,-171,38
IQ:2,16,11,65,161
IQ:3,24,11,152,-92
IQ:4,32,11,-96,-155
IQ:5,40,11,-143,103
IQ:6,48,11,117,128
IQ:7,56,11,122,-134
IQ:8,72,12,-177,59
IQ:9,80,255,82,176
IQ:10,88,1,183,-68
IQ:11,96,255,-59,-186
IQ:12,104,2,-130,24
IQ:13,112,255,37,88
IQ:14,120,10,18,-130
IQ:15,128,255,-184,-68
IQ:16,136,3,-167,123
IQ:17,144,255,42,149
IQ:18,152,9,-55,16
IQ:19,160,255,-101,90
IQ:20,168,4,-85,216
IQ:21,176,255,161,89
IQ:22,184,8,17,-59
IQ:23,192,255,-70,22
IQ:24,200,7,99,76
IQ:25,208,255,105,-113
IQ:26,216,6,-73,-140
IQ:27,224,255,-124,119
IQ:28,232,5,127,206
IQ:29,240,255,166,-118
IQ:30,248,12,-155,-109
IQ:31,256,255,-106,172
IQ:32,264,1,159,97
IQ:33,272,255,109,-165
IQ:34,280,2,-88,-111
IQ:35,288,255,-34,61
SW:2
RR:3
SS:3
FR:2480
ME:7
MA:103
KE:1
KA:26
DF_END

Data arrived...
DF_BEGIN
IQ:0,0,11,121,113
IQ:1,8,11,90,-125
IQ:2,16,11,-147,-75
IQ:3,24,11,-65,157
IQ:4,32,11,158,55
IQ:5,40,11,37,-161
IQ:6,48,11,-166,-16
IQ:7,56,11,-8,160
IQ:8,72,12,28,-198
IQ:9,80,255,-185,-25
IQ:10,88,1,-18,164
IQ:11,96,255,158,-3
IQ:12,104,2,-4,-117
IQ:13,112,255,-105,53
IQ:14,120,10,105,142
IQ:15,128,255,170,-122
IQ:16,136,3,-54,-204
IQ:17,144,255,-143,37
IQ:18,152,9,117,53
IQ:19,160,255,73,-169
IQ:20,168,4,-153,-175
IQ:21,176,255,-143,110
IQ:22,184,8,130,47
IQ:23,192,255,35,-144
IQ:24,200,7,-160,4
IQ:25,208,255,24,176
IQ:26,216,6,168,-13
IQ:27,224,255,-42,-181
IQ:28,232,5,-222,9
IQ:29,240,255,27,182
IQ:30,248,12,190,-75
IQ:31,256,255,-69,-179
IQ:32,264,1,-140,71
IQ:33,272,255,83,137
IQ:34,280,2,103,-70
IQ:35,288,255,-83,-55
SW:2
RR:3
SS:3
FR:2426
ME:359
MA:353
KE:1
KA:22
DF_END

Data arrived...
DF_BEGIN
IQ:0,0,11,10,-192
IQ:1,8,11,-198,0
IQ:2,16,11,6,190
IQ:3,24,11,187,-30
IQ:4,32,11,-47,-185
IQ:5,40,11,-174,78
IQ:6,48,11,83,174
IQ:7,56,11,168,-91
IQ:8,72,12,-309,78
IQ:9,80,255,56,301
IQ:10,88,1,239,19
IQ:11,96,255,1,-226
IQ:12,104,2,-158,-24
IQ:13,112,255,32,90
IQ:14,120,10,61,-179
IQ:15,128,255,-240,-103
IQ:16,136,3,-281,150
IQ:17,144,255,66,202
IQ:18,152,9,23,-90
IQ:19,160,255,-188,21
IQ:20,168,4,-148,304
IQ:21,176,255,204,143
IQ:22,184,8,-20,-109
IQ:23,192,255,-138,63
IQ:24,200,7,107,180
IQ:25,208,255,200,-106
IQ:26,216,6,-65,-189
IQ:27,224,255,-182,116
IQ:28,232,5,147,240
IQ:29,240,255,194,-166
IQ:30,248,12,-233,-209
IQ:31,256,255,-238,201
IQ:32,264,1,108,205
IQ:33,272,255,179,-109
IQ:34,280,2,-71,-139
IQ:35,288,255,-61,66
SW:2
RR:3
SS:3
FR:2402
ME:356
MA:353
KE:0
KA:18
DF_END

Data arrived...
DF_BEGIN
IQ:0,0,11,-175,25
IQ:1,8,11,37,180
IQ:2,16,11,172,-68
IQ:3,24,11,-88,-154
IQ:4,32,11,-154,105
IQ:5,40,11,114,135
IQ:6,48,11,129,-132
IQ:7,56,11,-131,-119
IQ:8,72,12,61,157
IQ:9,80,255,174,-63
IQ:10,88,1,-36,-170
IQ:11,96,255,-156,43
IQ:12,104,2,6,127
IQ:13,112,255,83,-22
IQ:14,120,10,-124,-14
IQ:15,128,255,-51,181
IQ:16,136,3,104,179
IQ:17,144,255,144,-6
IQ:18,152,9,25,85
IQ:19,160,255,103,110
IQ:20,168,4,195,115
IQ:21,176,255,111,-136
IQ:22,184,8,-28,5
IQ:23,192,255,29,60
IQ:24,200,7,48,-91
IQ:25,208,255,-98,-89
IQ:26,216,6,-123,60
IQ:27,224,255,99,131
IQ:28,232,5,220,-99
IQ:29,240,255,-70,-165
IQ:30,248,12,-105,139
IQ:31,256,255,142,114
IQ:32,264,1,129,-124
IQ:33,272,255,-105,-128
IQ:34,280,2,-105,54
IQ:35,288,255,37,39
SW:2
RR:3
SS:3
FR:2480
ME:10
MA:103
KE:1
KA:28
DF_END

Data arrived...
DF_BEGIN
IQ:0,0,11,-20,142
IQ:1,8,11,139,12
IQ:2,16,11,-4,-137
IQ:3,24,11,-140,30
IQ:4,32,11,38,134
IQ:5,40,11,134,-46
IQ:6,48,11,-68,-129
IQ:7,56,11,-116,80
IQ:8,72,12,131,-31
IQ:9,80,255,-24,-149
IQ:10,88,1,-132,0
IQ:11,96,255,16,133
IQ:12,104,2,98,28
IQ:13,112,255,0,-65
IQ:14,120,10,-44,94
IQ:15,128,255,116,85
IQ:16,136,3,157,-50
IQ:17,144,255,4,-110
IQ:18,152,9,62,4
IQ:19,160,255,108,-45
IQ:20,168,4,125,-118
IQ:21,176,255,-92,-92
IQ:22,184,8,-24,32
IQ:23,192,255,53,-3
IQ:24,200,7,-54,-66
IQ:25,208,255,-97,59
IQ:26,216,6,19,108
IQ:27,224,255,118,-56
IQ:28,232,5,-32,-181
IQ:29,240,255,-146,22
IQ:30,248,12,88,104
IQ:31,256,255,114,-94
IQ:32,264,1,-74,-103
IQ:33,272,255,-108,82
IQ:34,280,2,37,90
IQ:35,288,255,30,-34
SW:2
RR:3
SS:3
FR:2480
ME:10
MA:97
KE:2
KA:37
DF_END

Data arrived...
DF_BEGIN
IQ:0,0,11,133,-94
IQ:1,8,11,-115,-120
IQ:2,16,11,-112,127
IQ:3,24,11,134,104
IQ:4,32,11,96,-140
IQ:5,40,11,-150,-71
IQ:6,48,11,-52,161
IQ:7,56,11,165,42
IQ:8,72,12,-192,-104
IQ:9,80,255,-73,177
IQ:10,88,1,161,44
IQ:11,96,255,29,-160
IQ:12,104,2,-130,-27
IQ:13,112,255,24,124
IQ:14,120,10,164,-85
IQ:15,128,255,-84,-200
IQ:16,136,3,-210,0
IQ:17,144,255,16,147
IQ:18,152,9,84,-108
IQ:19,160,255,-143,-128
IQ:20,168,4,-216,110
IQ:21,176,255,96,149
IQ:22,184,8,71,-120
IQ:23,192,255,-143,-43
IQ:24,200,7,-26,172
IQ:25,208,255,179,12
IQ:26,216,6,18,-175
IQ:27,224,255,-190,0
IQ:28,232,5,-43,212
IQ:29,240,255,194,10
IQ:30,248,12,-23,-213
IQ:31,256,255,-200,20
IQ:32,264,1,36,162
IQ:33,272,255,157,-50
IQ:34,280,2,-47,-117
IQ:35,288,255,-85,75
SW:2
RR:3
SS:3
FR:2426
ME:359
MA:353
KE:2
KA:32
DF_END

Data arrived...
DF_BEGIN
IQ:0,0,11,145,-18
IQ:1,8,11,-39,-141
IQ:2,16,11,-146,51
IQ:3,24,11,60,135
IQ:4,32,11,127,-78
IQ:5,40,11,-87,-123
IQ:6,48,11,-114,86
IQ:7,56,11,110,103
IQ:8,72,12,-102,-220
IQ:9,80,255,-210,94
IQ:10,88,1,51,171
IQ:11,96,255,154,-54
IQ:12,104,2,-22,-116
IQ:13,112,255,-54,45
IQ:14,120,10,147,9
IQ:15,128,255,36,-200
IQ:16,136,3,-164,-166
IQ:17,144,255,-125,105
IQ:18,152,9,78,-4
IQ:19,160,255,-60,-136
IQ:20,168,4,-256,-22
IQ:21,176,255,-53,183
IQ:22,184,8,81,-38
IQ:23,192,255,-82,-92
IQ:24,200,7,-119,113
IQ:25,208,255,121,121
IQ:26,216,6,128,-91
IQ:27,224,255,-118,-109
IQ:28,232,5,-133,170
IQ:29,240,255,168,96
IQ:30,248,12,94,-210
IQ:31,256,255,-206,-130
IQ:32,264,1,-143,112
IQ:33,272,255,124,100
IQ:34,280,2,84,-82
IQ:35,288,255,-63,-22
SW:2
RR:3
SS:3
FR:2402
ME:356
MA:353
KE:1
KA:27
DF_END

Data arrived...
DF_BEGIN
IQ:0,0,11,119,-147
IQ:1,8,11,-152,-127
IQ:2,16,11,-92,153
IQ:3,24,11,174,56
IQ:4,32,11,48,-178
IQ:5,40,11,-181,-33
IQ:6,48,11,-33,178
IQ:7,56,11,178,4
IQ:8,72,12,-180,-78
IQ:9,80,255,-91,181
IQ:10,88,1,158,98
IQ:11,96,255,77,-176
IQ:12,104,2,-115,-89
IQ:13,112,255,-46,77
IQ:14,120,10,109,-75
IQ:15,128,255,-102,-179
IQ:16,136,3,-224,-67
IQ:17,144,255,-97,131
IQ:18,152,9,-44,-45
IQ:19,160,255,-135,-33
IQ:20,168,4,-225,65
IQ:21,176,255,48,184
IQ:22,184,8,57,-33
IQ:23,192,255,-68,-42
IQ:24,200,7,5,122
IQ:25,208,255,151,-5
IQ:26,216,6,58,-141
IQ:27,224,255,-184,-33
IQ:28,232,5,-85,228
IQ:29,240,255,182,52
IQ:30,248,12,-37,-193
IQ:31,256,255,-204,40
IQ:32,264,1,26,180
IQ:33,272,255,181,-34
IQ:34,280,2,1,-149
IQ:35,288,255,-73,15
SW:2
RR:3
SS:3
FR:2480
ME:7
MA:97
KE:2
KA:36
DF_END

Data arrived...
DF_BEGIN
IQ:0,0,11,128,119
IQ:1,8,11,110,-137
IQ:2,16,11,-140,-107
IQ:3,24,11,-81,151
IQ:4,32,11,167,52
IQ:5,40,11,46,-170
IQ:6,48,11,-171,-22
IQ:7,56,11,0,171
IQ:8,72,12,68,-200
IQ:9,80,255,-191,-56
IQ:10,88,1,-27,156
IQ:11,96,255,162,10
IQ:12,104,2,12,-128
IQ:13,112,255,-119,30
IQ:14,120,10,83,174
IQ:15,128,255,198,-90
IQ:16,136,3,-15,-210
IQ:17,144,255,-141,30
IQ:18,152,9,118,76
IQ:19,160,255,109,-155
IQ:20,168,4,-124,-211
IQ:21,176,255,-150,92
IQ:22,184,8,136,58
IQ:23,192,255,40,-151
IQ:24,200,7,-173,-5
IQ:25,208,255,5,182
IQ:26,216,6,178,16
IQ:27,224,255,-22,-193
IQ:28,232,5,-216,-7
IQ:29,240,255,20,187
IQ:30,248,12,202,-49
IQ:31,256,255,-49,-188
IQ:32,264,1,-151,55
IQ:33,272,255,73,143
IQ:34,280,2,107,-64
IQ:35,288,255,-90,-65
SW:2
RR:3
SS:3
FR:2426
ME:359
MA:353
KE:1
KA:31
DF_END

Data arrived...
DF_BEGIN
IQ:0,0,11,37,-168
IQ:1,8,11,-170,-26
IQ:2,16,11,-24,167
IQ:3,24,11,172,-7
IQ:4,32,11,-26,-174
IQ:5,40,11,-165,42
IQ:6,48,11,63,155
IQ:7,56,11,138,-84
IQ:8,72,12,-203,62
IQ:9,80,255,53,186
IQ:10,88,1,147,-60
IQ:11,96,255,-74,-145
IQ:12,104,2,-107,51
IQ:13,112,255,88,80
IQ:14,120,10,91,-171
IQ:15,128,255,-185,-115
IQ:16,136,3,-177,121
IQ:17,144,255,95,103
IQ:18,152,9,-3,-137
IQ:19,160,255,-198,-7
IQ:20,168,4,-108,220
IQ:21,176,255,167,69
IQ:22,184,8,-17,-142
IQ:23,192,255,-138,57
IQ:24,200,7,86,155
IQ:25,208,255,170,-76
IQ:26,216,6,-72,-160
IQ:27,224,255,-153,110
IQ:28,232,5,108,187
IQ:29,240,255,156,-116
IQ:30,248,12,-153,-136
IQ:31,256,255,-124,155
IQ:32,264,1,135,92
IQ:33,272,255,84,-145
IQ:34,280,2,-104,-74
IQ:35,288,255,-10,102
SW:2
RR:3
SS:3
FR:2426
ME:359
MA:353
KE:1
KA:26
DF_END

Data arrived...
DF_BEGIN
IQ:0,0,11,-160,-3
IQ:1,8,11,11,158
IQ:2,16,11,160,-24
IQ:3,24,11,-30,-158
IQ:4,32,11,-151,54
IQ:5,40,11,71,143
IQ:6,48,11,140,-80
IQ:7,56,11,-81,-141
IQ:8,72,12,80,221
IQ:9,80,255,221,-81
IQ:10,88,1,-27,-180
IQ:11,96,255,-151,38
IQ:12,104,2,18,120
IQ:13,112,255,62,-42
IQ:14,120,10,-158,-21
IQ:15,128,255,-71,195
IQ:16,136,3,135,190
IQ:17,144,255,133,-89
IQ:18,152,9,-85,-11
IQ:19,160,255,14,152
IQ:20,168,4,241,72
IQ:21,176,255,6