KE:5
KA:0
DF_END

Data arrived...
DF_BEGIN
IQ:0,0,11,54,-140
IQ:1,8,11,-149,-41
IQ:2,16,11,-32,147
IQ:3,24,11,152,4
IQ:4,32,11,-12,-153
IQ:5,40,11,-152,23
IQ:6,48,11,18,149
IQ:7,56,11,147,-38
IQ:8,72,12,-149,136
IQ:9,80,255,109,118
IQ:10,88,1,58,-146
IQ:11,96,255,-125,-71
IQ:12,104,2,19,98
IQ:13,112,255,145,-16
IQ:14,120,10,74,-104
IQ:15,128,255,-74,-30
IQ:16,136,3,58,135
IQ:17,144,255,147,-16
IQ:18,152,9,15,-70
IQ:19,160,255,-82,52
IQ:20,168,4,94,196
IQ:21,176,255,182,-34
IQ:22,184,8,-72,-57
IQ:23,192,255,-99,85
IQ:24,200,7,16,56
IQ:25,208,255,45,-67
IQ:26,216,6,-99,-88
IQ:27,224,255,-93,127
IQ:28,232,5,120,151
IQ:29,240,255,105,-116
IQ:30,248,12,-181,-96
IQ:31,256,255,-72,138
IQ:32,264,1,153,-23
IQ:33,272,255,-4,-143
IQ:34,280,2,-82,68
IQ:35,288,255,76,129
SW:2
RR:3
SS:3
FR:2402
ME:2
MA:353
KE:4
KA:359
DF_END

Data arrived...
DF_BEGIN
IQ:0,0,11,116,-168
IQ:1,8,11,-179,-148
IQ:2,16,11,-116,168
IQ:3,24,11,189,69
IQ:4,32,11,64,-203
IQ:5,40,11,-208,-51
IQ:6,48,11,-16,193
IQ:7,56,11,201,-19
IQ:8,72,12,-140,78
IQ:9,80,255,48,123
IQ:10,88,1,68,-68
IQ:11,96,255,-75,-93
IQ:12,104,2,-91,56
IQ:13,112,255,76,89
IQ:14,120,10,148,-65
IQ:15,128,255,-55,-112
IQ:16,136,3,-153,133
IQ:17,144,255,108,117
IQ:18,152,9,61,-150
IQ:19,160,255,-161,-129
IQ:20,168,4,-206,24
IQ:21,176,255,6,118
IQ:22,184,8,40,-31
IQ:23,192,255,-9,-52
IQ:24,200,7,48,-19
IQ:25,208,255,37,-86
IQ:26,216,6,11,-106
IQ:27,224,255,-85,-110
IQ:28,232,5,-144,-156
IQ:29,240,255,-163,-37
IQ:30,248,12,-148,-107
IQ:31,256,255,-107,87
IQ:32,264,1,88,31
IQ:33,272,255,30,-110
IQ:34,280,2,-106,-57
IQ:35,288,255,-28,121
SW:2
RR:3
SS:3
FR:2480
ME:13
MA:27
KE:5
KA:2
DF_END

Data arrived...
DF_BEGIN
IQ:0,0,11,-152,-31
IQ:1,8,11,-16,166
IQ:2,16,11,162,3
IQ:3,24,11,-4,-163
IQ:4,32,11,-157,18
IQ:5,40,11,36,154
IQ:6,48,11,156,-57
IQ:7,56,11,-63,-148
IQ:8,72,12,139,171
IQ:9,80,255,130,-131
IQ:10,88,1,-198,-98
IQ:11,96,255,-83,164
IQ:12,104,2,168,-47
IQ:13,112,255,3,-206
IQ:14,120,10,-133,-103
IQ:15,128,255,-42,108
IQ:16,136,3,189,-47
IQ:17,144,255,1,-192
IQ:18,152,9,-100,2
IQ:19,160,255,62,132
IQ:20,168,4,245,-36
IQ:21,176,255,-44,-199
IQ:22,184,8,-185,137
IQ:23,192,255,87,192
IQ:24,200,7,59,-50
IQ:25,208,255,-105,-46
IQ:26,216,6,-116,107
IQ:27,224,255,123,134
IQ:28,232,5,174,-67
IQ:29,240,255,-87,-106
IQ:30,248,12,-97,198
IQ:31,256,255,166,74
IQ:32,264,1,-16,-226
IQ:33,272,255,-193,-10
IQ:34,280,2,98,130
IQ:35,288,255,184,-86
SW:2
RR:3
SS:3
FR:2426
ME:2
MA:353
KE:4
KA:1
DF_END

Data arrived...
DF_BEGIN
IQ:0,0,11,-59,-159
IQ:1,8,11,-151,65
IQ:2,16,11,88,136
IQ:3,24,11,121,-104
IQ:4,32,11,-116,-121
IQ:5,40,11,-103,120
IQ:6,48,11,135,90
IQ:7,56,11,79,-143
IQ:8,72,12,-76,212
IQ:9,80,255,172,51
IQ:10,88,1,-36,-217
IQ:11,96,255,-188,10
IQ:12,104,2,120,104
IQ:13,112,255,165,-115
IQ:14,120,10,3,-158
IQ:15,128,255,-120,31
IQ:16,136,3,136,147
IQ:17,144,255,157,-96
IQ:18,152,9,-63,-73
IQ:19,160,255,-70,129
IQ:20,168,4,178,180
IQ:21,176,255,137,-143
IQ:22,184,8,-219,-79
IQ:23,192,255,-109,183
IQ:24,200,7,64,15
IQ:25,208,255,-6,-120
IQ:26,216,6,-154,-30
IQ:27,224,255,-39,180
IQ:28,232,5,138,103
IQ:29,240,255,27,-132
IQ:30,248,12,-224,34
IQ:31,256,255,28,183
IQ:32,264,1,193,-118
IQ:33,272,255,-81,-166
IQ:34,280,2,-66,146
IQ:35,288,255,182,96
SW:2
RR:3
SS:3
FR:2426
ME:2
MA:353
KE:4
KA:0
DF_END

Data arrived...
DF_BEGIN
IQ:0,0,11,-83,-119
IQ:1,8,11,-112,103
IQ:2,16,11,112,91
IQ:3,24,11,106,-111
IQ:4,32,11,-116,-103
IQ:5,40,11,-80,124
IQ:6,48,11,124,58
IQ:7,56,11,44,-136
IQ:8,72,12,1,199
IQ:9,80,255,152,-17
IQ:10,88,1,-79,-133
IQ:11,96,255,-128,57
IQ:12,104,2,90,42
IQ:13,112,255,90,-114
IQ:14,120,10,-27,-122
IQ:15,128,255,-69,43
IQ:16,136,3,138,30
IQ:17,144,255,74,-120
IQ:18,152,9,-47,-57
IQ:19,160,255,-15,98
IQ:20,168,4,198,58
IQ:21,176,255,80,-157
IQ:22,184,8,-95,21
IQ:23,192,255,14,124
IQ:24,200,7,52,21
IQ:25,208,255,-20,-85
IQ:26,216,6,-127,9
IQ:27,224,255,27,151
IQ:28,232,5,173,10
IQ:29,240,255,-21,-145
IQ:30,248,12,-170,84
IQ:31,256,255,67,142
IQ:32,264,1,84,-132
IQ:33,272,255,-109,-88
IQ:34,280,2,0,97
IQ:35,288,255,143,-1
SW:2
RR:3
SS:3
FR:2402
ME:2
MA:353
KE:4
KA:0
DF_END

Data arrived...
DF_BEGIN
IQ:0,0,11,58,-208
IQ:1,8,11,-185,-79
IQ:2,16,11,-34,195
IQ:3,24,11,205,1
IQ:4,32,11,-17,-206
IQ:5,40,11,-205,32
IQ:6,48,11,37,184
IQ:7,56,11,183,-90
IQ:8,72,12,-99,150
IQ:9,80,255,121,104
IQ:10,88,1,30,-84
IQ:11,96,255,-85,-44
IQ:12,104,2,-23,92
IQ:13,112,255,108,40
IQ:14,120,10,128,-69
IQ:15,128,255,-50,-57
IQ:16,136,3,-70,174
IQ:17,144,255,155,59
IQ:18,152,9,20,-138
IQ:19,160,255,-165,-27
IQ:20,168,4,-155,92
IQ:21,176,255,37,123
IQ:22,184,8,21,-29
IQ:23,192,255,-30,-20
IQ:24,200,7,39,-33
IQ:25,208,255,-6,-59
IQ:26,216,6,-31,-73
IQ:27,224,255,-106,-78
IQ:28,232,5,-163,-116
IQ:29,240,255,-149,43
IQ:30,248,12,-179,-20
IQ:31,256,255,-36,137
IQ:32,264,1,90,-5
IQ:33,272,255,-2,-89
IQ:34,280,2,-105,5
IQ:35,288,255,47,130
SW:2
RR:3
SS:3
FR:2480
ME:13
MA:16
KE:4
KA:1
DF_END

Data arrived...
DF_BEGIN
IQ:0,0,11,142,159
IQ:1,8,11,148,-136
IQ:2,16,11,-158,-120
IQ:3,24,11,-113,170
IQ:4,32,11,170,112
IQ:5,40,11,101,-189
IQ:6,48,11,-205,-82
IQ:7,56,11,-61,188
IQ:8,72,12,-83,-152
IQ:9,80,255,-129,39
IQ:10,88,1,32,73
IQ:11,96,255,83,-54
IQ:12,104,2,-70,-78
IQ:13,112,255,-105,63
IQ:14,120,10,-14,141
IQ:15,128,255,88,-13
IQ:16,136,3,-117,-156
IQ:17,144,255,-131,72
IQ:18,152,9,111,101
IQ:19,160,255,132,-113
IQ:20,168,4,-16,-201
IQ:21,176,255,-123,-26
IQ:22,184,8,-13,45
IQ:23,192,255,38,2
IQ:24,200,7,15,46
IQ:25,208,255,61,43
IQ:26,216,6,71,29
IQ:27,224,255,106,-48
IQ:28,232,5,175,-71
IQ:29,240,255,52,-152
IQ:30,248,12,131,-132
IQ:31,256,255,-64,-113
IQ:32,264,1,-46,69
IQ:33,272,255,81,69
IQ:34,280,2,58,-85
IQ:35,288,255,-136,-55
SW:2
RR:3
SS:3
FR:2480
ME:13
MA:359
KE:5
KA:1
DF_END

Data arrived...
DF_BEGIN
IQ:0,0,11,-163,-22
IQ:1,8,11,-9,158
IQ:2,16,11,169,-7
IQ:3,24,11,-22,-155
IQ:4,32,11,-152,35
IQ:5,40,11,54,148
IQ:6,48,11,151,-59
IQ:7,56,11,-89,-142
IQ:8,72,12,164,162
IQ:9,80,255,121,-148
IQ:10,88,1,-214,-83
IQ:11,96,255,-95,161
IQ:12,104,2,163,-45
IQ:13,112,255,2,-216
IQ:14,120,10,-135,-89
IQ:15,128,255,-34,117
IQ:16,136,3,193,-49
IQ:17,144,255,-19,-190
IQ:18,152,9,-101,20
IQ:19,160,255,72,138
IQ:20,168,4,238,-32
IQ:21,176,255,-53,-186
IQ:22,184,8,-174,158
IQ:23,192,255,112,193
IQ:24,200,7,47,-66
IQ:25,208,255,-108,-61
IQ:26,216,6,-116,111
IQ:27,224,255,133,131
IQ:28,232,5,167,-77
IQ:29,240,255,-99,-99
IQ:30,248,12,-101,199
IQ:31,256,255,172,68
IQ:32,264,1,3,-222
IQ:33,272,255,-184,-1
IQ:34,280,2,110,125
IQ:35,288,255,169,-110
SW:2
RR:3
SS:3
FR:2426
ME:2
MA:353
KE:5
KA:0
DF_END

Data arrived...
DF_BEGIN
IQ:0,0,11,149,13
IQ:1,8,11,-8,-151
IQ:2,16,11,-149,17
IQ:3,24,11,30,145
IQ:4,32,11,143,-49
IQ:5,40,11,-60,-141
IQ:6,48,11,-141,60
IQ:7,56,11,71,127
IQ:8,72,12,-158,-117
IQ:9,80,255,-76,131
IQ:10,88,1,152,-3
IQ:11,96,255,19,-143
IQ:12,104,2,-89,51
IQ:13,112,255,48,133
IQ:14,120,10,118,48
IQ:15,128,255,10,-90
IQ:16,136,3,-121,85
IQ:17,144,255,55,136
IQ:18,152,9,71,-11
IQ:19,160,255,-73,-67
IQ:20,168,4,-164,134
IQ:21,176,255,94,153
IQ:22,184,8,36,-101
IQ:23,192,255,-108,-72
IQ:24,200,7,-53,36
IQ:25,208,255,78,26
IQ:26,216,6,67,-127
IQ:27,224,255,-143,-52
IQ:28,232,5,-99,156
IQ:29,240,255,140,59
IQ:30,248,12,18,-195
IQ:31,256,255,-158,-18
IQ:32,264,1,65,141
IQ:33,272,255,136,-51
IQ:34,280,2,-83,-58
IQ:35,288,255,-96,115
SW:2
RR:3
SS:3
FR:2402
ME:2
MA:353
KE:5
KA:359
DF_END

Data arrived...
DF_BEGIN
IQ:0,0,11,178,98
IQ:1,8,11,84,-187
IQ:2,16,11,-191,-70
IQ:3,24,11,-30,193
IQ:4,32,11,198,13
IQ:5,40,11,4,-198
IQ:6,48,11,-204,29
IQ:7,56,11,27,197
IQ:8,72,12,-142,-89
IQ:9,80,255,-110,100
IQ:10,88,1,61,41
IQ:11,96,255,44,-77
IQ:12,104,2,-80,-50
IQ:13,112,255,-70,105
IQ:14,120,10,38,142
IQ:15,128,255,73,-51
IQ:16,136,3,-154,-109
IQ:17,144,255,-87,131
IQ:18,152,9,140,26
IQ:19,160,255,58,-155
IQ:20,168,4,-72,-181
IQ:21,176,255,-135,16
IQ:22,184,8,22,34
IQ:23,192,255,28,-13
IQ:24,200,7,34,35
IQ:25,208,255,59,13
IQ:26,216,6,69,-1
IQ:27,224,255,85,-81
IQ:28,232,5,127,-151
IQ:29,240,255,-24,-168
IQ:30,248,12,52,-155
IQ:31,256,255,-119,-54
IQ:32,264,1,-16,86
IQ:33,272,255,87,20
IQ:34,280,2,23,-102
IQ:35,288,255,-128,9
SW:2
RR:3
SS:3
FR:2480
ME:13
MA:13
KE:5
KA:1
DF_END

Data arrived...
DF_BEGIN
IQ:0,0,11,141,-99
IQ:1,8,11,-111,-123
IQ:2,16,11,-119,117
IQ:3,24,11,126,111
IQ:4,32,11,106,-140
IQ:5,40,11,-142,-85
IQ:6,48,11,-88,146
IQ:7,56,11,154,62
IQ:8,72,12,-226,-42
IQ:9,80,255,0,188
IQ:10,88,1,214,-82
IQ:11,96,255,-40,-198
IQ:12,104,2,-101,142
IQ:13,112,255,134,165
IQ:14,120,10,160,-26
IQ:15,128,255,-64,-105
IQ:16,136,3,-116,173
IQ:17,144,255,144,138
IQ:18,152,9,66,-78
IQ:19,160,255,-144,-66
IQ:20,168,4,-159,194
IQ:21,176,255,165,115
IQ:22,184,8,53,-233
IQ:23,192,255,-201,-85
IQ:24,200,7,-2,87
IQ:25,208,255,131,-26
IQ:26,216,6,16,-173
IQ:27,224,255,-191,-19
IQ:28,232,5,-78,166
IQ:29,240,255,137,19
IQ:30,248,12,-68,-218
IQ:31,256,255,-182,67
IQ:32,264,1,154,170
IQ:33,272,255,151,-125
IQ:34,280,2,-170,-38
IQ:35,288,255,-78,191
SW:2
RR:3
SS:3
FR:2426
ME:2
MA:353
KE:5
KA:0
DF_END

Data arrived...
DF_BEGIN
IQ:0,0,11,-76,152
IQ:1,8,11,155,59
IQ:2,16,11,46,-163
IQ:3,24,11,-163,-37
IQ:4,32,11,-14,170
IQ:5,40,11,170,6
IQ:6,48,11,-5,-167
IQ:7,56,11,-165,30
IQ:8,72,12,208,-76
IQ:9,80,255,-82,-168
IQ:10,88,1,-142,171
IQ:11,96,255,135,146
IQ:12,104,2,18,-180
IQ:13,112,255,-206,-71
IQ:14,120,10,-126,97
IQ:15,128,255,111,67
IQ:16,136,3,34,-206
IQ:17,144,255,-184,-76
IQ:18,152,9,-20,96
IQ:19,160,255,153,-23
IQ:20,168,4,44,-253
IQ:21,176,255,-200,-32
IQ:22,184,8,92,224
IQ:23,192,255,217,-44
IQ:24,200,7,-58,-67
IQ:25,208,255,-94,90
IQ:26,216,6,66,149
IQ:27,224,255,182,-73
IQ:28,232,5,-15,-184
IQ:29,240,255,-136,60
IQ:30,248,12,160,149
IQ:31,256,255,118,-158
IQ:32,264,1,-221,-76
IQ:33,272,255,-81,179
IQ:34,280,2,167,-37
IQ:35,288,255,-36,-204
SW:2
RR:3
SS:3
FR:2426
ME:2
MA:353
KE:5
KA:359
DF_END

Data arrived...
DF_BEGIN
IQ:0,0,11,101,108
IQ:1,8,11,102,-106
IQ:2,16,11,-134,-87
IQ:3,24,11,-85,131
IQ:4,32,11,145,55
IQ:5,40,11,43,-156
IQ:6,48,11,-155,-36
IQ:7,56,11,-28,157
IQ:8,72,12,-67,-116
IQ:9,80,255,-105,20
IQ:10,88,1,36,53
IQ:11,96,255,56,-36
IQ:12,104,2,-45,-98
IQ:13,112,255,-94,31
IQ:14,120,10,5,102
IQ:15,128,255,76,-38
IQ:16,136,3,-65,-188
IQ:17,144,255,-122,35
IQ:18,152,9,136,80
IQ:19,160,255,141,-110
IQ:20,168,4,68,-178
IQ:21,176,255,-94,-80
IQ:22,184,8,-5,45
IQ:23,192,255,23,23
IQ:24,200,7,-6,104
IQ:25,208,255,77,54
IQ:26,216,6,52,12
IQ:27,224,255,112,-9
IQ:28,232,5,260,-73
IQ:29,240,255,69,-188
IQ:30,248,12,83,-118
IQ:31,256,255,-67,-66
IQ:32,264,1,-34,40
IQ:33,272,255,60,51
IQ:34,280,2,58,-87
IQ:35,288,255,-99,-46
SW:2
RR:3
SS:3
FR:2480
ME:16
MA:21
KE:6
KA:1
DF_END

Data arrived...
DF_BEGIN
IQ:0,0,11,147,15
IQ:1,8,11,12,-148
IQ:2,16,11,-156,9
IQ:3,24,11,25,143
IQ:4,32,11,150,-32
IQ:5,40,11,-49,-137
IQ:6,48,11,-130,67
IQ:7,56,11,82,119
IQ:8,72,12,-123,-46
IQ:9,80,255,-62,77
IQ:10,88,1,45,17
IQ:11,96,255,12,-60
IQ:12,104,2,-98,-53
IQ:13,112,255,-57,81
IQ:14,120,10,66,58
IQ:15,128,255,19,-97
IQ:16,136,3,-171,-86
IQ:17,144,255,-53,108
IQ:18,152,9,148,-24
IQ:19,160,255,47,-168
IQ:20,168,4,-56,-186
IQ:21,176,255,-104,-10
IQ:22,184,8,34,33
IQ:23,192,255,52,-2
IQ:24,200,7,64,95
IQ:25,208,255,97,-18
IQ:26,216,6,45,-20
IQ:27,224,255,94,-78
IQ:28,232,5,151,-214
IQ:29,240,255,-67,-202
IQ:30,248,12,0,-124
IQ:31,256,255,-97,-18
IQ:32,264,1,4,42
IQ:33,272,255,75,-4
IQ:34,280,2,-1,-111
IQ:35,288,255,-98,16
SW:2
RR:3
SS:3
FR:2480
ME:13
MA:24
KE:7
KA:3
DF_END

Data arrived...
DF_BEGIN
IQ:0,0,11,115,-155
IQ:1,8,11,-159,-95
IQ:2,16,11,-91,176
IQ:3,24,11,163,72
IQ:4,32,11,39,-194
IQ:5,40,11,-188,-36
IQ:6,48,11,-15,195
IQ:7,56,11,188,20
IQ:8,72,12,-246,66
IQ:9,80,255,81,202
IQ:10,88,1,188,-172
IQ:11,96,255,-144,-175
IQ:12,104,2,-47,175
IQ:13,112,255,209,103
IQ:14,120,10,148,-102
IQ:15,128,255,-117,-90
IQ:16,136,3,-46,221
IQ:17,144,255,203,88
IQ:18,152,9,43,-107
IQ:19,160,255,-178,10
IQ:20,168,4,-68,281
IQ:21,176,255,225,53
IQ:22,184,8,-56,-231
IQ:23,192,255,-238,34
IQ:24,200,7,25,99
IQ:25,208,255,114,-67
IQ:26,216,6,-63,-184
IQ:27,224,255,-210,88
IQ:28,232,5,26,230
IQ:29,240,255,180,-52
IQ:30,248,12,-179,-190
IQ:31,256,255,-146,159
IQ:32,264,1,234,105
IQ:33,272,255,107,-190
IQ:34,280,2,-186,21
IQ:35,288,255,-14,227
SW:2
RR:3
SS:3
FR:2426
ME:2
MA:353
KE:6
KA:2
DF_END

Data arrived...
DF_BEGIN
IQ:0,0,11,-146,73
IQ:1,8,11,92,133
IQ:2,16,11,128,-113
IQ:3,24,11,-114,-122
IQ:4,32,11,-124,121
IQ:5,40,11,129,107
IQ:6,48,11,106,-128
IQ:7,56,11,-138,-83
IQ:8,72,12,216,18
IQ:9,80,255,7,-172
IQ:10,88,1,-153,72
IQ:11,96,255,49,152
IQ:12,104,2,50,-104
IQ:13,112,255,-122,-108
IQ:14,120,10,-131,25
IQ:15,128,255,43,80
IQ:16,136,3,45,-143
IQ:17,144,255,-141,-88
IQ:18,152,9,-67,46
IQ:19,160,255,105,23
IQ:20,168,4,65,-229
IQ:21,176,255,-180,-95
IQ:22,184,8,22,109
IQ:23,192,255,138,-4
IQ:24,200,7,24,-64
IQ:25,208,255,-93,17
IQ:26,216,6,3,154
IQ:27,224,255,162,-11
IQ:28,232,5,5,-195
IQ:29,240,255,-173,24
IQ:30,248,12,79,196
IQ:31,256,255,160,-62
IQ:32,264,1,-145,-112
IQ:33,272,255,-113,116
IQ:34,280,2,116,10
IQ:35,288,255,44,-170
SW:2
RR:3
SS:3
FR:2402
ME:2
MA:353
KE:6
KA:1
DF_END

Data arrived...
DF_BEGIN
IQ:0,0,11,-19,-134
IQ:1,8,11,-135,31
IQ:2,16,11,33,141
IQ:3,24,11,142,-47
IQ:4,32,11,-69,-116
IQ:5,40,11,-114,84
IQ:6,48,11,98,118
IQ:7,56,11,100,-114
IQ:8,72,12,-37,112
IQ:9,80,255,79,34
IQ:10,88,1,20,-32
IQ:11,96,255,-63,-12
IQ:12,104,2,-43,110
IQ:13,112,255,86,39
IQ:14,120,10,45,-115
IQ:15,128,255,-114,-18
IQ:16,136,3,-105,162
IQ:17,144,255,107,52
IQ:18,152,9,-58,-172
IQ:19,160,255,-193,-12
IQ:20,168,4,-184,48
IQ:21,176,255,-9,107
IQ:22,184,8,21,-42
IQ:23,192,255,-5,-41
IQ:24,200,7,94,-104
IQ:25,208,255,-30,-111
IQ:26,216,6,-14,-20
IQ:27,224,255,-79,-84
IQ:28,232,5,-249,-154
IQ:29,240,255,-204,101
IQ:30,248,12,-110,17
IQ:31,256,255,-13,84
IQ:32,264,1,54,-2
IQ:33,272,255,-13,-54
IQ:34,280,2,-106,33
IQ:35,288,255,38,97
SW:2
RR:3
SS:3
FR:2480
ME:16
MA:33
KE:7
KA:5
DF_END

Data arrived...
DF_BEGIN
IQ:0,0,11,-183,-25
IQ:1,8,11,-8,183
IQ:2,16,11,189,-8
IQ:3,24,11,-9,-193
IQ:4,32,11,-184,18
IQ:5,40,11,40,180
IQ:6,48,11,170,-68
IQ:7,56,11,-92,-163
IQ:8,72,12,167,192
IQ:9,80,255,145,-150
IQ:10,88,1,-244,-86
IQ:11,96,255,-97,198
IQ:12,104,2,181,-42
IQ:13,112,255,-21,-233
IQ:14,120,10,-148,-94
IQ:15,128,255,-19,135
IQ:16,136,3,218,-77
IQ:17,144,255,-30,-224
IQ:18,152,9,-108,16
IQ:19,160,255,89,145
IQ:20,168,4,284,-71
IQ:21,176,255,-56,-228
IQ:22,184,8,-178,171
IQ:23,192,255,121,196
IQ:24,200,7,72,-60
IQ:25,208,255,-114,-67
IQ:26,216,6,-122,145
IQ:27,224,255,175,123
IQ:28,232,5,192,-147
IQ:29,240,255,-135,-129
IQ:30,248,12,-120,223
IQ:31,256,255,204,72
IQ:32,264,1,-5,-258
IQ:33,272,255,-220,-3
IQ:34,280,2,134,140
IQ:35,288,255,199,-122
SW:2
RR:3
SS:3
FR:2426
ME:2
MA:353
KE:6
KA:3
DF_END

Data arrived...
DF_BEGIN
IQ:0,0,11,-132,98
IQ:1,8,11,105,121
IQ:2,16,11,108,-122
IQ:3,24,11,-131,-98
IQ:4,32,11,-75,138
IQ:5,40,11,145,49
IQ:6,48,11,48,-156
IQ:7,56,11,-161,-40
IQ:8,72,12,205,-46
IQ:9,80,255,-37,-168
IQ:10,88,1,-135,105
IQ:11,96,255,84,125
IQ:12,104,2,31,-107
IQ:13,112,255,-142,-74
IQ:14,120,10,-128,43
IQ:15,128,255,58,68
IQ:16,136,3,19,-151
IQ:17,144,255,-142,-55
IQ:18,152,9,-56,61
IQ:19,160,255,99,3
IQ:20,168,4,44,-236
IQ:21,176,255,-180,-61
IQ:22,184,8,40,96
IQ:23,192,255,126,-28
IQ:24,200,7,20,-72
IQ:25,208,255,-85,24
IQ:26,216,6,38,140
IQ:27,224,255,143,-73
IQ:28,232,5,-39,-198
IQ:29,240,255,-164,48
IQ:30,248,12,108,180
IQ:31,256,255,132,-90
IQ:32,264,1,-158,-66
IQ:33,272,255,-69,133
IQ:34,280,2,107,-17
IQ:35,288,255,-4,-162
SW:2
RR:3
SS:3
FR:2402
ME:5
MA:353
KE:6
KA:2
DF_END

Data arrived...
DF_BEGIN
IQ:0,0,11,-35,-156
IQ:1,8,11,-136,68
IQ:2,16,11,79,140
IQ:3,24,11,121,-91
IQ:4,32,11,-105,-121
IQ:5,40,11,-112,103
IQ:6,48,11,123,94
IQ:7,56,11,95,-132
IQ:8,72,12,-61,189
IQ:9,80,255,150,47
IQ:10,88,1,-53,-154
IQ:11,96,255,-143,20
IQ:12,104,2,68,71
IQ:13,112,255,123,-79
IQ:14,120,10,6,-133
IQ:15,128,255,-89,19
IQ:16,136,3,134,71
IQ:17,144,255,106,-115
IQ:18,152,9,-33,-74
IQ:19,160,255,-44,92
IQ:20,168,4,184,125
IQ:21,176,255,122,-137
IQ:22,184,8,-98,-10
IQ:23,192,255,-28,124
IQ:24,200,7,52,42
IQ:25,208,255,11,-82
IQ:26,216,6,-134,-26
IQ:27,224,255,-9,152
IQ:28,232,5,173,58
IQ:29,240,255,17,-158
IQ:30,248,12,-201,30
IQ:31,256,255,16,157
IQ:32,264,1,122,-95
IQ:33,272,255,-82,-124
IQ:34,280,2,-23,103
IQ:35,288,255,145,57
SW:2
RR:3
SS:3
FR:2402
ME:2
MA:353
KE:6
KA:2
DF_END

Data arrived...
DF_BEGIN
IQ:0,0,11,132,127
IQ:1,8,11,94,-148
IQ:2,16,11,-168,-63
IQ:3,24,11,-82,173
IQ:4,32,11,178,46
IQ:5,40,11,23,-164
IQ:6,48,11,-187,-7
IQ:7,56,11,-4,210
IQ:8,72,12,-99,-113
IQ:9,80,255,-138,57
IQ:10,88,1,50,102
IQ:11,96,255,69,-50
IQ:12,104,2,-115,-79
IQ:13,112,255,-108,93
IQ:14,120,10,46,102
IQ:15,128,255,41,-64
IQ:16,136,3,-165,-168
IQ:17,144,255,-125,124
IQ:18,152,9,167,19
IQ:19,160,255,52,-204
IQ:20,168,4,-76,-195
IQ:21,176,255,-142,22
IQ:22,184,8,85,40
IQ:23,192,255,45,-28
IQ:24,200,7,15,105
IQ:25,208,255,98,71
IQ:26,216,6,74,21
IQ:27,224,255,72,-85
IQ:28,232,5,94,-140
IQ:29,240,255,-24,-104
IQ:30,248,12,88,-124
IQ:31,256,255,-114,-86
IQ:32,264,1,-68,93
IQ:33,272,255,72,75
IQ:34,280,2,25,-127
IQ:35,288,255,-155,-31
SW:2
RR:3
SS:3
FR:2480
ME:10
MA:33
KE:6
KA:5
DF_END