IQ:24,200,7,-1,-105
IQ:25,208,255,-90,34
IQ:26,216,6,75,113
IQ:27,224,255,113,-92
IQ:28,232,5,-103,-119
IQ:29,240,255,-90,122
IQ:30,248,12,184,117
IQ:31,256,255,83,-148
IQ:32,264,1,-187,6
IQ:33,272,255,-29,160
IQ:34,280,2,87,-77
IQ:35,288,255,-71,-142
SW:2
RR:3
SS:3
FR:2426
ME:7
MA:299
KE:4
KA:342
DF_END

Data arrived...
DF_BEGIN
IQ:0,0,11,-147,73
IQ:1,8,11,91,122
IQ:2,16,11,108,-117
IQ:3,24,11,-127,-109
IQ:4,32,11,-99,125
IQ:5,40,11,135,90
IQ:6,48,11,86,-144
IQ:7,56,11,-144,-77
IQ:8,72,12,186,4
IQ:9,80,255,4,-152
IQ:10,88,1,-132,58
IQ:11,96,255,42,128
IQ:12,104,2,68,-71
IQ:13,112,255,-81,-112
IQ:14,120,10,-136,14
IQ:15,128,255,27,94
IQ:16,136,3,61,-95
IQ:17,144,255,-98,-83
IQ:18,152,9,-73,53
IQ:19,160,255,88,40
IQ:20,168,4,79,-166
IQ:21,176,255,-133,-86
IQ:22,184,8,-29,102
IQ:23,192,255,120,24
IQ:24,200,7,30,-80
IQ:25,208,255,-104,-1
IQ:26,216,6,-11,141
IQ:27,224,255,140,-1
IQ:28,232,5,5,-148
IQ:29,240,255,-138,25
IQ:30,248,12,62,176
IQ:31,256,255,150,-49
IQ:32,264,1,-94,-106
IQ:33,272,255,-106,87
IQ:34,280,2,90,30
IQ:35,288,255,54,-141
SW:2
RR:3
SS:3
FR:2402
ME:2
MA:353
KE:4
KA:343
DF_END

Data arrived...
DF_BEGIN
IQ:0,0,11,-74,-196
IQ:1,8,11,-197,86
IQ:2,16,11,87,184
IQ:3,24,11,179,-107
IQ:4,32,11,-116,-169
IQ:5,40,11,-163,139
IQ:6,48,11,135,156
IQ:7,56,11,141,-157
IQ:8,72,12,-40,241
IQ:9,80,255,199,55
IQ:10,88,1,-44,-183
IQ:11,96,255,-184,26
IQ:12,104,2,77,108
IQ:13,112,255,156,-100
IQ:14,120,10,9,-175
IQ:15,128,255,-130,10
IQ:16,136,3,105,93
IQ:17,144,255,138,-97
IQ:18,152,9,-44,-114
IQ:19,160,255,-70,94
IQ:20,168,4,198,137
IQ:21,176,255,145,-155
IQ:22,184,8,-122,-45
IQ:23,192,255,-51,150
IQ:24,200,7,103,55
IQ:25,208,255,37,-125
IQ:26,216,6,-175,-43
IQ:27,224,255,-28,185
IQ:28,232,5,196,49
IQ:29,240,255,0,-182
IQ:30,248,12,-245,29
IQ:31,256,255,32,200
IQ:32,264,1,153,-108
IQ:33,272,255,-92,-155
IQ:34,280,2,-53,111
IQ:35,288,255,162,94
SW:2
RR:3
SS:3
FR:2402
ME:2
MA:353
KE:4
KA:343
DF_END

Data arrived...
DF_BEGIN
IQ:0,0,11,17,-98
IQ:1,8,11,-95,-22
IQ:2,16,11,-13,94
IQ:3,24,11,88,1
IQ:4,32,11,-4,-102
IQ:5,40,11,-90,10
IQ:6,48,11,24,103
IQ:7,56,11,97,-21
IQ:8,72,12,-131,43
IQ:9,80,255,55,95
IQ:10,88,1,109,-121
IQ:11,96,255,-84,-89
IQ:12,104,2,24,143
IQ:13,112,255,141,63
IQ:14,120,10,43,-34
IQ:15,128,255,-63,34
IQ:16,136,3,56,282
IQ:17,144,255,190,20
IQ:18,152,9,-109,-62
IQ:19,160,255,-189,133
IQ:20,168,4,-147,326
IQ:21,176,255,184,153
IQ:22,184,8,-62,-166
IQ:23,192,255,-171,-10
IQ:24,200,7,-25,-61
IQ:25,208,255,-5,-54
IQ:26,216,6,-49,-115
IQ:27,224,255,-229,66
IQ:28,232,5,-135,285
IQ:29,240,255,159,110
IQ:30,248,12,-98,-93
IQ:31,256,255,-58,91
IQ:32,264,1,153,46
IQ:33,272,255,47,-125
IQ:34,280,2,-127,72
IQ:35,288,255,64,149
SW:2
RR:3
SS:3
FR:2480
ME:5
MA:353
KE:4
KA:344
DF_END

Data arrived...
DF_BEGIN
IQ:0,0,11,-6,-162
IQ:1,8,11,-161,28
IQ:2,16,11,34,156
IQ:3,24,11,155,-48
IQ:4,32,11,-59,-156
IQ:5,40,11,-146,69
IQ:6,48,11,88,131
IQ:7,56,11,124,-93
IQ:8,72,12,-101,202
IQ:9,80,255,156,80
IQ:10,88,1,-10,-197
IQ:11,96,255,-175,-35
IQ:12,104,2,60,104
IQ:13,112,255,167,-54
IQ:14,120,10,99,-144
IQ:15,128,255,-89,-42
IQ:16,136,3,95,93
IQ:17,144,255,152,-57
IQ:18,152,9,17,-94
IQ:19,160,255,-71,53
IQ:20,168,4,143,165
IQ:21,176,255,163,-111
IQ:22,184,8,-110,-78
IQ:23,192,255,-97,130
IQ:24,200,7,48,107
IQ:25,208,255,72,-79
IQ:26,216,6,-123,-82
IQ:27,224,255,-61,141
IQ:28,232,5,155,70
IQ:29,240,255,50,-146
IQ:30,248,12,-217,-33
IQ:31,256,255,-9,179
IQ:32,264,1,179,-92
IQ:33,272,255,-35,-173
IQ:34,280,2,-59,97
IQ:35,288,255,126,105
SW:2
RR:3
SS:3
FR:2426
ME:5
MA:353
KE:4
KA:345
DF_END

Data arrived...
DF_BEGIN
IQ:0,0,11,108,116
IQ:1,8,11,99,-117
IQ:2,16,11,-132,-94
IQ:3,24,11,-82,131
IQ:4,32,11,138,63
IQ:5,40,11,49,-150
IQ:6,48,11,-145,-55
IQ:7,56,11,-27,148
IQ:8,72,12,-28,-187
IQ:9,80,255,-147,23
IQ:10,88,1,81,116
IQ:11,96,255,114,-70
IQ:12,104,2,-82,-51
IQ:13,112,255,-88,107
IQ:14,120,10,45,124
IQ:15,128,255,80,-44
IQ:16,136,3,-100,-36
IQ:17,144,255,-61,110
IQ:18,152,9,70,54
IQ:19,160,255,15,-101
IQ:20,168,4,-178,-27
IQ:21,176,255,-45,153
IQ:22,184,8,101,-5
IQ:23,192,255,-8,-124
IQ:24,200,7,-83,-2
IQ:25,208,255,26,93
IQ:26,216,6,129,-22
IQ:27,224,255,-32,-138
IQ:28,232,5,-141,26
IQ:29,240,255,55,123
IQ:30,248,12,157,-104
IQ:31,256,255,-80,-129
IQ:32,264,1,-68,117
IQ:33,272,255,118,65
IQ:34,280,2,0,-97
IQ:35,288,255,-139,-11
SW:2
RR:3
SS:3
FR:2402
ME:2
MA:353
KE:4
KA:345
DF_END

Data arrived...
DF_BEGIN
IQ:0,0,11,119,-21
IQ:1,8,11,-20,-104
IQ:2,16,11,-94,36
IQ:3,24,11,47,111
IQ:4,32,11,95,-52
IQ:5,40,11,-61,-75
IQ:6,48,11,-81,70
IQ:7,56,11,75,76
IQ:8,72,12,-107,-100
IQ:9,80,255,-66,105
IQ:10,88,1,177,63
IQ:11,96,255,42,-135
IQ:12,104,2,-135,85
IQ:13,112,255,-1,175
IQ:14,120,10,36,27
IQ:15,128,255,-64,-45
IQ:16,136,3,-251,168
IQ:17,144,255,73,206
IQ:18,152,9,16,-134
IQ:19,160,255,-195,-137
IQ:20,168,4,-372,-32
IQ:21,176,255,-43,246
IQ:22,184,8,142,-109
IQ:23,192,255,-58,-156
IQ:24,200,7,46,-25
IQ:25,208,255,85,-36
IQ:26,216,6,95,-79
IQ:27,224,255,-137,-170
IQ:28,232,5,-312,-12
IQ:29,240,255,-54,181
IQ:30,248,12,29,-129
IQ:31,256,255,-125,-23
IQ:32,264,1,38,177
IQ:33,272,255,137,-12
IQ:34,280,2,-116,-85
IQ:35,288,255,-123,124
SW:2
RR:3
SS:3
FR:2480
ME:5
MA:5
KE:4
KA:347
DF_END

Data arrived...
DF_BEGIN
IQ:0,0,11,-117,92
IQ:1,8,11,108,110
IQ:2,16,11,101,-117
IQ:3,24,11,-123,-88
IQ:4,32,11,-76,134
IQ:5,40,11,134,76
IQ:6,48,11,59,-134
IQ:7,56,11,-144,-34
IQ:8,72,12,205,-17
IQ:9,80,255,-28,-168
IQ:10,88,1,-165,103
IQ:11,96,255,65,152
IQ:12,104,2,36,-120
IQ:13,112,255,-139,-109
IQ:14,120,10,-164,-6
IQ:15,128,255,11,95
IQ:16,136,3,25,-129
IQ:17,144,255,-131,-80
IQ:18,152,9,-88,37
IQ:19,160,255,80,30
IQ:20,168,4,60,-203
IQ:21,176,255,-170,-81
IQ:22,184,8,-22,140
IQ:23,192,255,149,35
IQ:24,200,7,53,-83
IQ:25,208,255,-103,-15
IQ:26,216,6,2,143
IQ:27,224,255,136,-17
IQ:28,232,5,-38,-140
IQ:29,240,255,-134,56
IQ:30,248,12,92,198
IQ:31,256,255,152,-73
IQ:32,264,1,-160,-99
IQ:33,272,255,-113,126
IQ:34,280,2,125,-7
IQ:35,288,255,20,-163
SW:2
RR:3
SS:3
FR:2426
ME:7
MA:296
KE:4
KA:342
DF_END

Data arrived...
DF_BEGIN
IQ:0,0,11,153,12
IQ:1,8,11,-15,-148
IQ:2,16,11,-153,24
IQ:3,24,11,34,149
IQ:4,32,11,143,-57
IQ:5,40,11,-63,-139
IQ:6,48,11,-126,83
IQ:7,56,11,93,124
IQ:8,72,12,-143,-106
IQ:9,80,255,-84,114
IQ:10,88,1,132,9
IQ:11,96,255,16,-133
IQ:12,104,2,-87,30
IQ:13,112,255,20,126
IQ:14,120,10,114,50
IQ:15,128,255,26,-93
IQ:16,136,3,-89,38
IQ:17,144,255,39,113
IQ:18,152,9,85,-6
IQ:19,160,255,-56,-78
IQ:20,168,4,-144,107
IQ:21,176,255,68,133
IQ:22,184,8,64,-80
IQ:23,192,255,-93,-68
IQ:24,200,7,-58,64
IQ:25,208,255,85,42
IQ:26,216,6,71,-108
IQ:27,224,255,-119,-64
IQ:28,232,5,-84,112
IQ:29,240,255,117,41
IQ:30,248,12,30,-174
IQ:31,256,255,-146,-16
IQ:32,264,1,41,136
IQ:33,272,255,131,-28
IQ:34,280,2,-56,-70
IQ:35,288,255,-113,76
SW:2
RR:3
SS:3
FR:2402
ME:2
MA:353
KE:4
KA:343
DF_END

Data arrived...
DF_BEGIN
IQ:0,0,11,-98,-16
IQ:1,8,11,9,95
IQ:2,16,11,106,-24
IQ:3,24,11,-39,-87
IQ:4,32,11,-98,39
IQ:5,40,11,32,87
IQ:6,48,11,84,-37
IQ:7,56,11,-57,-91
IQ:8,72,12,93,108
IQ:9,80,255,78,-96
IQ:10,88,1,-160,-50
IQ:11,96,255,-60,111
IQ:12,104,2,119,-59
IQ:13,112,255,-3,-160
IQ:14,120,10,-24,-40
IQ:15,128,255,47,20
IQ:16,136,3,210,-181
IQ:17,144,255,-62,-184
IQ:18,152,9,-22,96
IQ:19,160,255,167,114
IQ:20,168,4,347,15
IQ:21,176,255,78,-237
IQ:22,184,8,-142,70
IQ:23,192,255,36,150
IQ:24,200,7,-42,46
IQ:25,208,255,-49,26
IQ:26,216,6,-88,86
IQ:27,224,255,114,179
IQ:28,232,5,290,72
IQ:29,240,255,75,-164
IQ:30,248,12,-35,134
IQ:31,256,255,104,30
IQ:32,264,1,-36,-169
IQ:33,272,255,-138,10
IQ:34,280,2,116,88
IQ:35,288,255,135,-93
SW:2
RR:3
SS:3
FR:2480
ME:7
MA:327
KE:4
KA:341
DF_END

Data arrived...
DF_BEGIN
IQ:0,0,11,92,28
IQ:1,8,11,32,-101
IQ:2,16,11,-76,-21
IQ:3,24,11,6,91
IQ:4,32,11,105,-14
IQ:5,40,11,-3,-107
IQ:6,48,11,-73,14
IQ:7,56,11,46,94
IQ:8,72,12,-42,-121
IQ:9,80,255,-87,83
IQ:10,88,1,159,86
IQ:11,96,255,81,-107
IQ:12,104,2,-125,35
IQ:13,112,255,-26,157
IQ:14,120,10,-5,57
IQ:15,128,255,-32,-19
IQ:16,136,3,-253,80
IQ:17,144,255,4,181
IQ:18,152,9,54,-88
IQ:19,160,255,-114,-156
IQ:20,168,4,-320,-105
IQ:21,176,255,-105,205
IQ:22,184,8,161,-31
IQ:23,192,255,19,-155
IQ:24,200,7,53,-36
IQ:25,208,255,53,-20
IQ:26,216,6,115,-33
IQ:27,224,255,-56,-199
IQ:28,232,5,-261,-113
IQ:29,240,255,-91,133
IQ:30,248,12,93,-113
IQ:31,256,255,-80,-67
IQ:32,264,1,11,155
IQ:33,272,255,142,14
IQ:34,280,2,-94,-108
IQ:35,288,255,-128,61
SW:2
RR:3
SS:3
FR:2480
ME:10
MA:341
KE:5
KA:341
DF_END

Data arrived...
DF_BEGIN
IQ:0,0,11,-121,81
IQ:1,8,11,85,116
IQ:2,16,11,115,-88
IQ:3,24,11,-107,-104
IQ:4,32,11,-91,113
IQ:5,40,11,130,73
IQ:6,48,11,69,-129
IQ:7,56,11,-131,-64
IQ:8,72,12,199,8
IQ:9,80,255,5,-164
IQ:10,88,1,-174,79
IQ:11,96,255,51,152
IQ:12,104,2,50,-116
IQ:13,112,255,-131,-120
IQ:14,120,10,-158,-17
IQ:15,128,255,-1,80
IQ:16,136,3,41,-137
IQ:17,144,255,-120,-98
IQ:18,152,9,-74,27
IQ:19,160,255,75,28
IQ:20,168,4,68,-203
IQ:21,176,255,-165,-90
IQ:22,184,8,-37,133
IQ:23,192,255,146,40
IQ:24,200,7,40,-78
IQ:25,208,255,-93,-9
IQ:26,216,6,-4,138
IQ:27,224,255,142,-13
IQ:28,232,5,-12,-145
IQ:29,240,255,-137,43
IQ:30,248,12,82,186
IQ:31,256,255,149,-63
IQ:32,264,1,-153,-112
IQ:33,272,255,-115,112
IQ:34,280,2,118,6
IQ:35,288,255,46,-159
SW:2
RR:3
SS:3
FR:2426
ME:5
MA:353
KE:5
KA:342
DF_END

Data arrived...
DF_BEGIN
IQ:0,0,11,124,-110
IQ:1,8,11,-112,-118
IQ:2,16,11,-108,120
IQ:3,24,11,137,88
IQ:4,32,11,76,-146
IQ:5,40,11,-143,-60
IQ:6,48,11,-51,160
IQ:7,56,11,153,48
IQ:8,72,12,-190,23
IQ:9,80,255,15,152
IQ:10,88,1,116,-88
IQ:11,96,255,-68,-127
IQ:12,104,2,-63,81
IQ:13,112,255,105,84
IQ:14,120,10,120,-57
IQ:15,128,255,-53,-96
IQ:16,136,3,-45,100
IQ:17,144,255,114,62
IQ:18,152,9,60,-67
IQ:19,160,255,-97,-26
IQ:20,168,4,-38,176
IQ:21,176,255,152,53
IQ:22,184,8,-5,-107
IQ:23,192,255,-123,-7
IQ:24,200,7,-12,84
IQ:25,208,255,106,-16
IQ:26,216,6,-6,-137
IQ:27,224,255,-140,31
IQ:28,232,5,24,146
IQ:29,240,255,128,-57
IQ:30,248,12,-97,-159
IQ:31,256,255,-132,82
IQ:32,264,1,128,66
IQ:33,272,255,84,-117
IQ:34,280,2,-98,-19
IQ:35,288,255,-18,141
SW:2
RR:3
SS:3
FR:2402
ME:2
MA:353
KE:4
KA:343
DF_END

Data arrived...
DF_BEGIN
IQ:0,0,11,-87,-59
IQ:1,8,11,-47,106
IQ:2,16,11,114,36
IQ:3,24,11,20,-109
IQ:4,32,11,-115,-15
IQ:5,40,11,-3,109
IQ:6,48,11,116,-21
IQ:7,56,11,-35,-122
IQ:8,72,12,50,134
IQ:9,80,255,121,-56
IQ:10,88,1,-114,-125
IQ:11,96,255,-113,83
IQ:12,104,2,137,-9
IQ:13,112,255,63,-160
IQ:14,120,10,-6,-70
IQ:15,128,255,12,44
IQ:16,136,3,279,-18
IQ:17,144,255,37,-197
IQ:18,152,9,-71,73
IQ:19,160,255,92,194
IQ:20,168,4,305,156
IQ:21,176,255,161,-182
IQ:22,184,8,-165,-7
IQ:23,192,255,-51,166
IQ:24,200,7,-27,21
IQ:25,208,255,-42,-20
IQ:26,216,6,-126,25
IQ:27,224,255,38,210
IQ:28,232,5,268,177
IQ:29,240,255,142,-126
IQ:30,248,12,-104,106
IQ:31,256,255,93,84
IQ:32,264,1,41,-163
IQ:33,272,255,-139,-36
IQ:34,280,2,59,121
IQ:35,288,255,170,-35
SW:2
RR:3
SS:3
FR:2480
ME:10
MA:352
KE:5
KA:344
DF_END

Data arrived...
DF_BEGIN
IQ:0,0,11,-139,53
IQ:1,8,11,71,129
IQ:2,16,11,126,-87
IQ:3,24,11,-90,-110
IQ:4,32,11,-99,109
IQ:5,40,11,117,84
IQ:6,48,11,74,-127
IQ:7,56,11,-136,-72
IQ:8,72,12,204,22
IQ:9,80,255,0,-160
IQ:10,88,1,-186,83
IQ:11,96,255,50,161
IQ:12,104,2,63,-121
IQ:13,112,255,-116,-136
IQ:14,120,10,-150,-38
IQ:15,128,255,-2,83
IQ:16,136,3,58,-127
IQ:17,144,255,-125,-104
IQ:18,152,9,-76,20
IQ:19,160,255,73,34
IQ:20,168,4,92,-193
IQ:21,176,255,-165,-104
IQ:22,184,8,-32,132
IQ:23,192,255,155,46
IQ:24,200,7,57,-74
IQ:25,208,255,-96,-13
IQ:26,216,6,-14,135
IQ:27,224,255,142,-2
IQ:28,232,5,1,-160
IQ:29,240,255,-153,32
IQ:30,248,12,64,203
IQ:31,256,255,154,-62
IQ:32,264,1,-154,-129
IQ:33,272,255,-135,111
IQ:34,280,2,132,7
IQ:35,288,255,55,-165
SW:2
RR:3
SS:3
FR:2426
ME:5
MA:353
KE:5
KA:345
DF_END

Data arrived...
DF_BEGIN
IQ:0,0,11,125,89
IQ:1,8,11,77,-134
IQ:2,16,11,-145,-57
IQ:3,24,11,-60,146
IQ:4,32,11,149,52
IQ:5,40,11,37,-151
IQ:6,48,11,-154,-33
IQ:7,56,11,-12,149
IQ:8,72,12,-91,-169
IQ:9,80,255,-141,54
IQ:10,88,1,111,83
IQ:11,96,255,91,-95
IQ:12,104,2,-85,-21
IQ:13,112,255,-44,123
IQ:14,120,10,74,112
IQ:15,128,255,73,-64
IQ:16,136,3,-101,-13
IQ:17,144,255,-32,119
IQ:18,152,9,74,49
IQ:19,160,255,-4,-86
IQ:20,168,4,-180,9
IQ:21,176,255,-17,158
IQ:22,184,8,94,-36
IQ:23,192,255,-36,-114
IQ:24,200,7,-82,10
IQ:25,208,255,43,90
IQ:26,216,6,125,-47
IQ:27,224,255,-60,-124
IQ:28,232,5,-132,48
IQ:29,240,255,81,104
IQ:30,248,12,129,-136
IQ:31,256,255,-102,-108
IQ:32,264,1,-42,133
IQ:33,272,255,123,51
IQ:34,280,2,-14,-91
IQ:35,288,255,-143,11
SW:2
RR:3
SS:3
FR:2402
ME:2
MA:353
KE:4
KA:346
DF_END

Data arrived...
DF_BEGIN
IQ:0,0,11,96,120
IQ:1,8,11,103,-107
IQ:2,16,11,-120,-99
IQ:3,24,11,-100,126
IQ:4,32,11,136,84
IQ:5,40,11,67,-134
IQ:6,48,11,-148,-64
IQ:7,56,11,-55,142
IQ:8,72,12,-18,-183
IQ:9,80,255,-152,19
IQ:10,88,1,79,120
IQ:11,96,255,118,-63
IQ:12,104,2,-79,-52
IQ:13,112,255,-80,109
IQ:14,120,10,39,125
IQ:15,128,255,89,-46
IQ:16,136,3,-99,-39
IQ:17,144,255,-61,106
IQ:18,152,9,60,61
IQ:19,160,255,19,-88
IQ:20,168,4,-183,-45
IQ:21,176,255,-58,149
IQ:22,184,8,92,-4
IQ:23,192,255,-11,-123
IQ:24,200,7,-82,-12
IQ:25,208,255,18,92
IQ:26,216,6,133,-7
IQ:27,224,255,-33,-135
IQ:28,232,5,-144,25
IQ:29,240,255,49,127
IQ:30,248,12,161,-94
IQ:31,256,255,-70,-131
IQ:32,264,1,-66,116
IQ:33,272,255,107,81
IQ:34,280,2,18,-93
IQ:35,288,255,-137,-23
SW:2
RR:3
SS:3
FR:2402
ME:2
MA:353
KE:4
KA:347
DF_END

Data arrived...
DF_BEGIN
IQ:0,0,11,-87,97
IQ:1,8,11,118,41
IQ:2,16,11,35,-130
IQ:3,24,11,-138,-37
IQ:4,32,11,-56,117
IQ:5,40,11,117,17
IQ:6,48,11,-13,-163
IQ:7,56,11,-151,24
IQ:8,72,12,158,-23
IQ:9,80,255,-56,-170
IQ:10,88,1,-201,61
IQ:11,96,255,76,125
IQ:12,104,2,70,-167
IQ:13,112,255,-131,-113
IQ:14,120,10,-71,33
IQ:15,128,255,75,7
IQ:16,136,3,109,-299
IQ:17,144,255,-189,-118
IQ:18,152,9,60,142
IQ:19,160,255,245,-32
IQ:20,168,4,270,-234
IQ:21,176,255,-127,-200
IQ:22,184,8,-70,183
IQ:23,192,255,141,69
IQ:24,200,7,-43,22
IQ:25,208,255,-47,83
IQ:26,216,6,-10,131
IQ:27,224,255,237,53
IQ:28,232,5,241,-162
IQ:29,240,255,-62,-144
IQ:30,248,12,82,111
IQ:31,256,255,89,-89
IQ:32,264,1,-163,-120
IQ:33,272,255,-112,125
IQ:34,280,2,151,22
IQ:35,288,255,22,-195
SW:2
RR:3
SS:3
FR:2480
ME:2
MA:5
KE:4
KA:349
DF_END

Data arrived...
DF_BEGIN
IQ:0,0,11,-7,172
IQ:1,8,11,144,-39
IQ:2,16,11,-34,-162
IQ:3,24,11,-129,-37
IQ:4,32,11,117,132
IQ:5,40,11,98,-93
IQ:6,48,11,-136,-129
IQ:7,56,11,-81,68
IQ:8,72,12,64,-196
IQ:9,80,255,-162,-57
IQ:10,88,1,-59,152
IQ:11,96,255,99,66
IQ:12,104,2,-94,-85
IQ:13,112,255,-174,35
IQ:14,120,10,-89,111
IQ:15,128,255,46,100
IQ:16,136,3,-107,-140
IQ:17,144,255,-133,98
IQ:18,152,9,-28,93
IQ:19,160,255,95,6
IQ:20,168,4,-165,-168
IQ:21,176,255,-198,127
IQ:22,184,8,145,111
IQ:23,192,255,97,-112
IQ:24,200,7,-77,-40
IQ:25,208,255,-55,70
IQ:26,216,6,65,103
IQ:27,224,255,94,-134
IQ:28,232,5,-161,-66
IQ:29,240,255,-35,100
IQ:30,248,12,227,43
IQ:31,256,255,24,-207
IQ:32,264,1,-179,79
IQ:33,272,255,61,202
IQ:34,280,2,58,-127
IQ:35,288,255,-146,-89
SW:2
RR:3
SS:3
FR:2426
ME:7
MA:359
KE:4
KA:350
DF_END

Data arrived...
DF_BEGIN
IQ:0,0,11,-157,38
IQ:1,8,11,49,145
IQ:2,16,11,143,-65
IQ:3,24,11,-74,-133
IQ:4,32,11,-132,87
IQ:5,40,11,91,128
IQ:6,48,11,124,-94
IQ:7,56,11,-115,-101
IQ:8,72,12,170,68
IQ:9,80,255,58,-144
IQ:10,88,1,-146,16
IQ:11,96,255,2,131
IQ:12,104,2,87,-43
IQ:13,112,255,-57,-134
IQ:14,120,10,-135,-19
IQ:15,128,255,6,105
IQ:16,136,3,90,-71
IQ:17,144,255,-64,-115
IQ:18,152,9,-84,28
IQ:19,160,255,70,66
IQ:20,168,4,127,-129
IQ:21,176,255,-98,-127
IQ:22,184,8,-57,89
IQ:23,192,255,104,53
IQ:24,200,7,42,-72
IQ:25,208,255,-99,-27
IQ:26,216,6,-57,123
IQ:27,224,255,133,45
IQ:28,232,5,55,-141
IQ:29,240,255,-138,-14
IQ:30,248,12,10,187
IQ:31,256,255,152,-8
IQ:32,264,1,-67,-133
IQ:33,272,255,-124,60
IQ:34,280,2,75,68
IQ:35,288,255,91,-109
SW:2
RR:3
SS:3
FR:2402
ME:2
MA:353
KE:4
KA:351
DF_END

Data arrived...
DF_BEGIN
IQ:0,0,11,-60,141
IQ:1,8,11,147,41
IQ:2,16,11,23,-155
IQ:3,24,11,-155,-23
IQ:4,32,11,-4,152
IQ:5,40,11,156,-10
IQ:6,48,11,-10,-160
IQ:7,56,11,-150,28
IQ:8,72,12,150,-96
IQ:9,80,255,-85,-132
IQ:10,88,1,-77,123
IQ:11,96,255,110,77
IQ:12,104,2,10,-107
IQ:13,112,255,-138,-26
IQ:14,120,10,-89,103
IQ:15,128,255,75,62
IQ:16,136,3,-9,-115
IQ:17,144,255,-126,-13
IQ:18,152,9,-26,91
IQ:19,160,255,92,-17
IQ:20,168,4,-44,-177
IQ:21,176,255,-163,4
IQ:22,184,8,40,92
IQ:23,192,255,101,-67
IQ:24,200,7,-39,-75
IQ:25,208,255,-72,68
IQ:26,216,6,71,118
IQ:27,224,255,107,-90
IQ:28,232,5,-80,-118
IQ:29,240,255,-84,101
IQ:30,248,12,148,98
IQ:31,256,255,79,-129
IQ:32,264,1,-141,-18
IQ:33,272,255,-23,136
IQ:34,280,2,96,-22
IQ:35,288,255,-38,-137
SW:2
RR:3
SS:3
FR:2402
ME:2
MA:353
KE:4
KA:351
DF_END

Data arrived...
DF_BEGIN
IQ:0,0,11,26,106
IQ:1,8,11,113,-11
IQ:2,16,11,-30,-99
IQ:3,24,11,-92,51
IQ:4,32,11,43,117
IQ:5,40,11,96,-35
IQ:6,48,11,-69,-76
IQ:7,56,11,-76,77
IQ:8,72,12,104,-98
IQ:9,80,255,-106,-60
IQ:10,88,1,-76,188
IQ:11,96,255,139,74
IQ:12,104,2,-51,-152
IQ:13,112,255,-179,7
IQ:14,120,10,-6,50
IQ:15,128,255,57,-52
IQ:16,136,3,-135,-236
IQ:17,144,255,-194,70
IQ:18,152,9,114,61
IQ:19,160,255,157,-163
IQ:20,168,4,60,-319
IQ:21,176,255,-198,-56
IQ:22,184,8,93,142
IQ:23,192,255,155,-20
IQ:24,200,7,18,73
IQ:25,208,255,39,82
IQ:26,216,6,89,111
IQ:27,