IQ:29,240,255,-118,-81
IQ:30,248,12,77,-99
IQ:31,256,255,-88,-93
IQ:32,264,1,-106,73
IQ:33,272,255,80,64
IQ:34,280,2,56,-144
IQ:35,288,255,-144,-53
SW:2
RR:3
SS:3
FR:2480
ME:10
MA:44
KE:4
KA:8
DF_END

Data arrived...
DF_BEGIN
IQ:0,0,11,-152,-14
IQ:1,8,11,15,163
IQ:2,16,11,154,-30
IQ:3,24,11,-45,-152
IQ:4,32,11,-143,63
IQ:5,40,11,62,145
IQ:6,48,11,138,-82
IQ:7,56,11,-102,-129
IQ:8,72,12,198,209
IQ:9,80,255,110,-172
IQ:10,88,1,-296,-41
IQ:11,96,255,-56,229
IQ:12,104,2,196,-150
IQ:13,112,255,-64,-271
IQ:14,120,10,-103,-104
IQ:15,128,255,7,69
IQ:16,136,3,179,-175
IQ:17,144,255,-94,-202
IQ:18,152,9,-28,38
IQ:19,160,255,146,79
IQ:20,168,4,299,-146
IQ:21,176,255,-92,-238
IQ:22,184,8,-114,195
IQ:23,192,255,172,146
IQ:24,200,7,12,-21
IQ:25,208,255,-109,6
IQ:26,216,6,-82,153
IQ:27,224,255,179,72
IQ:28,232,5,122,-196
IQ:29,240,255,-195,-77
IQ:30,248,12,-75,274
IQ:31,256,255,211,24
IQ:32,264,1,-116,-281
IQ:33,272,255,-220,52
IQ:34,280,2,230,104
IQ:35,288,255,182,-200
SW:2
RR:3
SS:3
FR:2426
ME:2
MA:353
KE:4
KA:6
DF_END

Data arrived...
DF_BEGIN
IQ:0,0,11,153,-17
IQ:1,8,11,-34,-155
IQ:2,16,11,-151,29
IQ:3,24,11,49,142
IQ:4,32,11,141,-58
IQ:5,40,11,-71,-136
IQ:6,48,11,-124,89
IQ:7,56,11,107,111
IQ:8,72,12,-189,-87
IQ:9,80,255,-59,143
IQ:10,88,1,146,-28
IQ:11,96,255,-5,-140
IQ:12,104,2,-71,49
IQ:13,112,255,50,124
IQ:14,120,10,125,36
IQ:15,128,255,14,-86
IQ:16,136,3,-73,74
IQ:17,144,255,73,105
IQ:18,152,9,90,-13
IQ:19,160,255,-63,-55
IQ:20,168,4,-113,147
IQ:21,176,255,108,115
IQ:22,184,8,33,-76
IQ:23,192,255,-106,-35
IQ:24,200,7,-63,75
IQ:25,208,255,87,37
IQ:26,216,6,33,-125
IQ:27,224,255,-135,-19
IQ:28,232,5,-36,151
IQ:29,240,255,147,5
IQ:30,248,12,-15,-196
IQ:31,256,255,-154,9
IQ:32,264,1,80,124
IQ:33,272,255,121,-62
IQ:34,280,2,-75,-38
IQ:35,288,255,-73,114
SW:2
RR:3
SS:3
FR:2402
ME:2
MA:353
KE:4
KA:5
DF_END

Data arrived...
DF_BEGIN
IQ:0,0,11,132,-64
IQ:1,8,11,-78,-131
IQ:2,16,11,-131,76
IQ:3,24,11,97,120
IQ:4,32,11,86,-105
IQ:5,40,11,-108,-110
IQ:6,48,11,-94,121
IQ:7,56,11,125,74
IQ:8,72,12,-113,-2
IQ:9,80,255,-23,105
IQ:10,88,1,96,25
IQ:11,96,255,0,-96
IQ:12,104,2,-152,54
IQ:13,112,255,18,147
IQ:14,120,10,54,-12
IQ:15,128,255,-46,-70
IQ:16,136,3,-255,71
IQ:17,144,255,0,168
IQ:18,152,9,42,-94
IQ:19,160,255,-141,-124
IQ:20,168,4,-252,-58
IQ:21,176,255,-95,155
IQ:22,184,8,36,-56
IQ:23,192,255,-17,-73
IQ:24,200,7,106,-38
IQ:25,208,255,41,-92
IQ:26,216,6,38,-58
IQ:27,224,255,-62,-132
IQ:28,232,5,-189,-164
IQ:29,240,255,-148,45
IQ:30,248,12,-61,-93
IQ:31,256,255,-105,28
IQ:32,264,1,12,97
IQ:33,272,255,78,-34
IQ:34,280,2,-106,-112
IQ:35,288,255,-125,83
SW:2
RR:3
SS:3
FR:2480
ME:7
MA:47
KE:4
KA:9
DF_END

Data arrived...
DF_BEGIN
IQ:0,0,11,85,-107
IQ:1,8,11,-139,-56
IQ:2,16,11,-48,149
IQ:3,24,11,130,34
IQ:4,32,11,15,-140
IQ:5,40,11,-164,0
IQ:6,48,11,14,160
IQ:7,56,11,127,-11
IQ:8,72,12,-103,65
IQ:9,80,255,39,123
IQ:10,88,1,98,-29
IQ:11,96,255,-62,-61
IQ:12,104,2,-107,139
IQ:13,112,255,86,112
IQ:14,120,10,39,-38
IQ:15,128,255,-99,-8
IQ:16,136,3,-146,222
IQ:17,144,255,110,159
IQ:18,152,9,-21,-98
IQ:19,160,255,-191,-28
IQ:20,168,4,-251,119
IQ:21,176,255,16,188
IQ:22,184,8,8,-50
IQ:23,192,255,-50,-33
IQ:24,200,7,43,-88
IQ:25,208,255,-17,-74
IQ:26,216,6,-10,-76
IQ:27,224,255,-145,-58
IQ:28,232,5,-257,24
IQ:29,240,255,-74,142
IQ:30,248,12,-119,-40
IQ:31,256,255,-80,92
IQ:32,264,1,66,68
IQ:33,272,255,30,-82
IQ:34,280,2,-171,-11
IQ:35,288,255,-27,163
SW:2
RR:3
SS:3
FR:2480
ME:10
MA:38
KE:5
KA:12
DF_END

Data arrived...
DF_BEGIN
IQ:0,0,11,-180,-50
IQ:1,8,11,-38,170
IQ:2,16,11,182,14
IQ:3,24,11,5,-191
IQ:4,32,11,-184,21
IQ:5,40,11,47,174
IQ:6,48,11,169,-59
IQ:7,56,11,-77,-171
IQ:8,72,12,168,289
IQ:9,80,255,180,-164
IQ:10,88,1,-324,-168
IQ:11,96,255,-161,216
IQ:12,104,2,257,-107
IQ:13,112,255,-18,-321
IQ:14,120,10,-82,-143
IQ:15,128,255,-26,67
IQ:16,136,3,254,-131
IQ:17,144,255,-30,-252
IQ:18,152,9,-31,27
IQ:19,160,255,152,108
IQ:20,168,4,394,-81
IQ:21,176,255,-31,-292
IQ:22,184,8,-202,190
IQ:23,192,255,142,237
IQ:24,200,7,12,-11
IQ:25,208,255,-108,-18
IQ:26,216,6,-130,134
IQ:27,224,255,173,147
IQ:28,232,5,212,-158
IQ:29,240,255,-166,-151
IQ:30,248,12,-175,268
IQ:31,256,255,231,83
IQ:32,264,1,-31,-350
IQ:33,272,255,-291,-11
IQ:34,280,2,209,172
IQ:35,288,255,254,-177
SW:2
RR:3
SS:3
FR:2426
ME:2
MA:353
KE:4
KA:11
DF_END

Data arrived...
DF_BEGIN
IQ:0,0,11,184,-93
IQ:1,8,11,-115,-162
IQ:2,16,11,-154,129
IQ:3,24,11,138,139
IQ:4,32,11,128,-158
IQ:5,40,11,-160,-134
IQ:6,48,11,-112,163
IQ:7,56,11,181,81
IQ:8,72,12,-264,11
IQ:9,80,255,0,208
IQ:10,88,1,159,-115
IQ:11,96,255,-86,-168
IQ:12,104,2,-49,101
IQ:13,112,255,141,117
IQ:14,120,10,169,-18
IQ:15,128,255,-41,-115
IQ:16,136,3,-40,134
IQ:17,144,255,146,95
IQ:18,152,9,100,-55
IQ:19,160,255,-101,-28
IQ:20,168,4,-49,238
IQ:21,176,255,199,86
IQ:22,184,8,3,-111
IQ:23,192,255,-150,10
IQ:24,200,7,-39,117
IQ:25,208,255,122,1
IQ:26,216,6,-28,-175
IQ:27,224,255,-184,28
IQ:28,232,5,45,191
IQ:29,240,255,181,-76
IQ:30,248,12,-117,-231
IQ:31,256,255,-182,104
IQ:32,264,1,179,106
IQ:33,272,255,114,-155
IQ:34,280,2,-114,0
IQ:35,288,255,-32,179
SW:2
RR:3
SS:3
FR:2402
ME:2
MA:353
KE:4
KA:9
DF_END

Data arrived...
DF_BEGIN
IQ:0,0,11,-154,89
IQ:1,8,11,102,138
IQ:2,16,11,122,-128
IQ:3,24,11,-131,-127
IQ:4,32,11,-119,128
IQ:5,40,11,146,90
IQ:6,48,11,82,-154
IQ:7,56,11,-169,-50
IQ:8,72,12,246,-33
IQ:9,80,255,-24,-185
IQ:10,88,1,-125,122
IQ:11,96,255,100,135
IQ:12,104,2,28,-101
IQ:13,112,255,-134,-82
IQ:14,120,10,-151,22
IQ:15,128,255,30,81
IQ:16,136,3,28,-122
IQ:17,144,255,-137,-67
IQ:18,152,9,-88,44
IQ:19,160,255,81,11
IQ:20,168,4,13,-222
IQ:21,176,255,-184,-57
IQ:22,184,8,25,82
IQ:23,192,255,127,-25
IQ:24,200,7,29,-97
IQ:25,208,255,-101,10
IQ:26,216,6,24,149
IQ:27,224,255,144,-54
IQ:28,232,5,-53,-172
IQ:29,240,255,-149,96
IQ:30,248,12,143,196
IQ:31,256,255,162,-100
IQ:32,264,1,-163,-72
IQ:33,272,255,-79,142
IQ:34,280,2,95,-25
IQ:35,288,255,4,-166
SW:2
RR:3
SS:3
FR:2402
ME:2
MA:353
KE:4
KA:7
DF_END

Data arrived...
DF_BEGIN
IQ:0,0,11,56,-169
IQ:1,8,11,-168,-44
IQ:2,16,11,-23,179
IQ:3,24,11,195,7
IQ:4,32,11,-3,-175
IQ:5,40,11,-179,29
IQ:6,48,11,53,174
IQ:7,56,11,183,-53
IQ:8,72,12,-81,80
IQ:9,80,255,85,116
IQ:10,88,1,114,-45
IQ:11,96,255,-57,-57
IQ:12,104,2,-76,146
IQ:13,112,255,121,108
IQ:14,120,10,80,-88
IQ:15,128,255,-107,-26
IQ:16,136,3,-87,270
IQ:17,144,255,177,121
IQ:18,152,9,-23,-132
IQ:19,160,255,-222,-1
IQ:20,168,4,-227,200
IQ:21,176,255,107,171
IQ:22,184,8,29,-119
IQ:23,192,255,-81,-45
IQ:24,200,7,67,-59
IQ:25,208,255,16,-81
IQ:26,216,6,-7,-90
IQ:27,224,255,-178,-28
IQ:28,232,5,-263,106
IQ:29,240,255,-12,174
IQ:30,248,12,-117,-14
IQ:31,256,255,-47,126
IQ:32,264,1,86,72
IQ:33,272,255,45,-79
IQ:34,280,2,-147,15
IQ:35,288,255,21,181
SW:2
RR:3
SS:3
FR:2480
ME:7
MA:33
KE:4
KA:10
DF_END

Data arrived...
DF_BEGIN
IQ:0,0,11,-222,-8
IQ:1,8,11,14,227
IQ:2,16,11,213,-54
IQ:3,24,11,-74,-212
IQ:4,32,11,-203,70
IQ:5,40,11,112,194
IQ:6,48,11,184,-113
IQ:7,56,11,-138,-180
IQ:8,72,12,316,328
IQ:9,80,255,201,-264
IQ:10,88,1,-526,-47
IQ:11,96,255,-69,394
IQ:12,104,2,343,-284
IQ:13,112,255,-147,-448
IQ:14,120,10,-142,-134
IQ:15,128,255,56,80
IQ:16,136,3,324,-308
IQ:17,144,255,-140,-353
IQ:18,152,9,9,73
IQ:19,160,255,286,71
IQ:20,168,4,508,-302
IQ:21,176,255,-170,-385
IQ:22,184,8,-191,370
IQ:23,192,255,269,301
IQ:24,200,7,-53,-7
IQ:25,208,255,-170,71
IQ:26,216,6,-100,257
IQ:27,224,255,313,119
IQ:28,232,5,275,-294
IQ:29,240,255,-267,-172
IQ:30,248,12,-147,439
IQ:31,256,255,318,24
IQ:32,264,1,-203,-491
IQ:33,272,255,-381,95
IQ:34,280,2,426,157
IQ:35,288,255,322,-341
SW:2
RR:3
SS:3
FR:2426
ME:359
MA:5
KE:3
KA:9
DF_END

Data arrived...
DF_BEGIN
IQ:0,0,11,51,151
IQ:1,8,11,141,-66
IQ:2,16,11,-87,-140
IQ:3,24,11,-136,84
IQ:4,32,11,100,109
IQ:5,40,11,97,-121
IQ:6,48,11,-132,-100
IQ:7,56,11,-96,129
IQ:8,72,12,24,-211
IQ:9,80,255,-157,-21
IQ:10,88,1,74,119
IQ:11,96,255,117,-49
IQ:12,104,2,-54,-15
IQ:13,112,255,-74,90
IQ:14,120,10,-10,139
IQ:15,128,255,84,5
IQ:16,136,3,-75,-17
IQ:17,144,255,-64,91
IQ:18,152,9,15,84
IQ:19,160,255,20,-46
IQ:20,168,4,-178,-26
IQ:21,176,255,-63,155
IQ:22,184,8,58,0
IQ:23,192,255,0,-98
IQ:24,200,7,-64,-63
IQ:25,208,255,-18,67
IQ:26,216,6,124,5
IQ:27,224,255,-17,-128
IQ:28,232,5,-154,26
IQ:29,240,255,52,138
IQ:30,248,12,199,-95
IQ:31,256,255,-42,-155
IQ:32,264,1,-62,131
IQ:33,272,255,109,82
IQ:34,280,2,-13,-55
IQ:35,288,255,-123,-3
SW:2
RR:3
SS:3
FR:2402
ME:7
MA:299
KE:4
KA:3
DF_END

Data arrived...
DF_BEGIN
IQ:0,0,11,20,-208
IQ:1,8,11,-209,-23
IQ:2,16,11,26,196
IQ:3,24,11,195,-55
IQ:4,32,11,-54,-203
IQ:5,40,11,-179,77
IQ:6,48,11,118,157
IQ:7,56,11,169,-115
IQ:8,72,12,-45,169
IQ:9,80,255,131,72
IQ:10,88,1,37,-100
IQ:11,96,255,-122,-2
IQ:12,104,2,-19,200
IQ:13,112,255,176,47
IQ:14,120,10,50,-118
IQ:15,128,255,-131,26
IQ:16,136,3,-46,278
IQ:17,144,255,192,46
IQ:18,152,9,-57,-141
IQ:19,160,255,-194,-3
IQ:20,168,4,-194,103
IQ:21,176,255,22,98
IQ:22,184,8,-47,-67
IQ:23,192,255,-35,30
IQ:24,200,7,146,-85
IQ:25,208,255,-31,-168
IQ:26,216,6,-63,-33
IQ:27,224,255,-97,-18
IQ:28,232,5,-201,-40
IQ:29,240,255,-149,98
IQ:30,248,12,-173,46
IQ:31,256,255,17,154
IQ:32,264,1,117,-4
IQ:33,272,255,-54,-93
IQ:34,280,2,-187,75
IQ:35,288,255,85,180
SW:2
RR:3
SS:3
FR:2480
ME:2
MA:5
KE:4
KA:3
DF_END

Data arrived...
DF_BEGIN
IQ:0,0,11,-156,-9
IQ:1,8,11,8,156
IQ:2,16,11,161,-27
IQ:3,24,11,-40,-154
IQ:4,32,11,-145,50
IQ:5,40,11,76,140
IQ:6,48,11,145,-80
IQ:7,56,11,-90,-128
IQ:8,72,12,270,218
IQ:9,80,255,134,-227
IQ:10,88,1,-384,-51
IQ:11,96,255,-56,284
IQ:12,104,2,235,-224
IQ:13,112,255,-97,-320
IQ:14,120,10,-88,-106
IQ:15,128,255,38,46
IQ:16,136,3,229,-257
IQ:17,144,255,-101,-248
IQ:18,152,9,-4,41
IQ:19,160,255,211,41
IQ:20,168,4,367,-201
IQ:21,176,255,-118,-280
IQ:22,184,8,-126,246
IQ:23,192,255,203,165
IQ:24,200,7,-16,-16
IQ:25,208,255,-110,47
IQ:26,216,6,-74,191
IQ:27,224,255,238,54
IQ:28,232,5,174,-206
IQ:29,240,255,-200,-86
IQ:30,248,12,-96,338
IQ:31,256,255,250,17
IQ:32,264,1,-168,-356
IQ:33,272,255,-274,83
IQ:34,280,2,293,108
IQ:35,288,255,210,-254
SW:2
RR:3
SS:3
FR:2426
ME:359
MA:5
KE:3
KA:3
DF_END

Data arrived...
DF_BEGIN
IQ:0,0,11,60,-157
IQ:1,8,11,-168,-35
IQ:2,16,11,-14,173
IQ:3,24,11,173,2
IQ:4,32,11,-4,-168
IQ:5,40,11,-177,36
IQ:6,48,11,32,168
IQ:7,56,11,164,-41
IQ:8,72,12,-150,166
IQ:9,80,255,107,122
IQ:10,88,1,23,-142
IQ:11,96,255,-134,-42
IQ:12,104,2,31,72
IQ:13,112,255,131,-23
IQ:14,120,10,115,-102
IQ:15,128,255,-65,-66
IQ:16,136,3,55,73
IQ:17,144,255,118,-29
IQ:18,152,9,40,-86
IQ:19,160,255,-59,29
IQ:20,168,4,112,146
IQ:21,176,255,159,-66
IQ:22,184,8,-46,-56
IQ:23,192,255,-71,84
IQ:24,200,7,18,102
IQ:25,208,255,70,-57
IQ:26,216,6,-103,-87
IQ:27,224,255,-72,120
IQ:28,232,5,136,96
IQ:29,240,255,58,-148
IQ:30,248,12,-221,-57
IQ:31,256,255,-61,157
IQ:32,264,1,132,-47
IQ:33,272,255,-20,-132
IQ:34,280,2,-51,63
IQ:35,288,255,85,102
SW:2
RR:3
SS:3
FR:2402
ME:7
MA:293
KE:3
KA:356
DF_END

Data arrived...
DF_BEGIN
IQ:0,0,11,-164,-50
IQ:1,8,11,-47,166
IQ:2,16,11,175,38
IQ:3,24,11,12,-167
IQ:4,32,11,-167,11
IQ:5,40,11,28,173
IQ:6,48,11,167,-34
IQ:7,56,11,-49,-166
IQ:8,72,12,155,155
IQ:9,80,255,126,-108
IQ:10,88,1,-145,-19
IQ:11,96,255,-37,135
IQ:12,104,2,74,-34
IQ:13,112,255,-21,-139
IQ:14,120,10,-105,-102
IQ:15,128,255,-64,69
IQ:16,136,3,72,-52
IQ:17,144,255,-40,-122
IQ:18,152,9,-83,-40
IQ:19,160,255,30,51
IQ:20,168,4,150,-121
IQ:21,176,255,-69,-154
IQ:22,184,8,-52,46
IQ:23,192,255,77,72
IQ:24,200,7,86,-31
IQ:25,208,255,-58,-67
IQ:26,216,6,-92,98
IQ:27,224,255,115,81
IQ:28,232,5,94,-138
IQ:29,240,255,-150,-54
IQ:30,248,12,-65,209
IQ:31,256,255,156,58
IQ:32,264,1,-52,-140
IQ:33,272,255,-134,36
IQ:34,280,2,66,47
IQ:35,288,255,95,-98
SW:2
RR:3
SS:3
FR:2402
ME:7
MA:299
KE:4
KA:350
DF_END

Data arrived...
DF_BEGIN
IQ:0,0,11,-193,90
IQ:1,8,11,106,188
IQ:2,16,11,171,-107
IQ:3,24,11,-137,-147
IQ:4,32,11,-140,162
IQ:5,40,11,155,117
IQ:6,48,11,90,-183
IQ:7,56,11,-194,-102
IQ:8,72,12,177,-29
IQ:9,80,255,-6,-171
IQ:10,88,1,-130,-25
IQ:11,96,255,20,111
IQ:12,104,2,193,-97
IQ:13,112,255,-54,-198
IQ:14,120,10,-143,31
IQ:15,128,255,75,128
IQ:16,136,3,280,-118
IQ:17,144,255,-59,-200
IQ:18,152,9,-45,118
IQ:19,160,255,159,150
IQ:20,168,4,283,48
IQ:21,176,255,71,-141
IQ:22,184,8,-35,93
IQ:23,192,255,64,58
IQ:24,200,7,-133,-29
IQ:25,208,255,-110,113
IQ:26,216,6,-11,107
IQ:27,224,255,91,117
IQ:28,232,5,149,153
IQ:29,240,255,130,26
IQ:30,248,12,112,144
IQ:31,256,255,151,-67
IQ:32,264,1,-62,-121
IQ:33,272,255,-71,85
IQ:34,280,2,169,134
IQ:35,288,255,151,-169
SW:2
RR:3
SS:3
FR:2480
ME:2
MA:5
KE:3
KA:351
DF_END

Data arrived...
DF_BEGIN
IQ:0,0,11,113,-122
IQ:1,8,11,-137,-88
IQ:2,16,11,-80,151
IQ:3,24,11,150,78
IQ:4,32,11,47,-158
IQ:5,40,11,-155,-46
IQ:6,48,11,-28,155
IQ:7,56,11,156,22
IQ:8,72,12,-347,15
IQ:9,80,255,55,241
IQ:10,88,1,288,-227
IQ:11,96,255,-168,-231
IQ:12,104,2,5,308
IQ:13,112,255,303,123
IQ:14,120,10,129,-20
IQ:15,128,255,-79,-29
IQ:16,136,3,0,328
IQ:17,144,255,257,79
IQ:18,152,9,-12,-49
IQ:19,160,255,-181,98
IQ:20,168,4,-70,407
IQ:21,176,255,298,69
IQ:22,184,8,-113,-272
IQ:23,192,255,-275,33
IQ:24,200,7,18,31
IQ:25,208,255,81,-106
IQ:26,216,6,-94,-199
IQ:27,224,255,-221,109
IQ:28,232,5,37,258
IQ:29,240,255,207,-74
IQ:30,248,12,-159,-306
IQ:31,256,255,-199,166
IQ:32,264,1,346,148
IQ:33,272,255,138,-250
IQ:34,280,2,-271,127
IQ:35,288,255,34,326
SW:2
RR:3
SS:3
FR:2426
ME:359
MA:5
KE:3
KA:352
DF_END

Data arrived...
DF_BEGIN
IQ:0,0,11,123,-114
IQ:1,8,11,-122,-109
IQ:2,16,11,-92,136
IQ:3,24,11,143,75
IQ:4,32,11,65,-157
IQ:5,40,11,-163,-44
IQ:6,48,11,-40,162
IQ:7,56,11,156,27
IQ:8,72,12,-205,65
IQ:9,80,255,58,148
IQ:10,88,1,90,-140
IQ:11,96,255,-109,-100
IQ:12,104,2,-6,94
IQ:13,112,255,133,40
IQ:14,120,10,123,-65
IQ:15,128,255,-49,-69
IQ:16,136,3,15,106
IQ:17,144,255,127,15
IQ:18,152,9,47,-70
IQ:19,160,255,-74,16
IQ:20,168,4,47,190
IQ:21,176,255,179,0
IQ:22,184,8,-31,-84
IQ:23,192,255,-106,39
IQ:24,200,7,11,85
IQ:25,208,255,79,-44
IQ:26,216,6,-62,-124
IQ:27,224,255,-131,79
IQ:28,232,5,62,151
IQ:29,240,255,112,-81
IQ:30,248,12,-168,-136
IQ:31,256,255,-104,121
IQ:32,264,1,162,23
IQ:33,272,255,36,-145
IQ:34,280,2,-84,45
IQ:35,288,255,35,146
SW:2
RR:3
SS:3
FR:2402
ME:2
MA:353
KE:3
KA:351
DF_END

Data arrived...
DF_BEGIN
IQ:0,0,11,117,-27
IQ:1,8,11,-43,-127
IQ:2,16,11,-107,64
IQ:3,24,11,68,101
IQ:4,32,11,96,-81
IQ:5,40,11,-85,-90
IQ:6,48,11,-88,97
IQ:7,56,11,105,69
IQ:8,72,12,-126,-12
IQ:9,80,255,-24,106
IQ:10,88,1,73,11
IQ:11,96,255,-6,-59
IQ:12,104,2,-140,28
IQ:13,112,255,-3,115
IQ:14,120,10,59,-13
IQ:15,128,255,-57,-73
IQ:16,136,3,-219,-26
IQ:17,144,255,-34,114
IQ:18,152,9,88,-92
IQ:19,160,255,-56,-119
IQ:20,168,4,-87,-158
IQ:21,176,255,-104,-2
IQ:22,184,8,-2,-33
IQ:23,192,255,-9,24
IQ:24,200,7,135,96
IQ:25,208,255,114,-77
IQ:26,216,6,13,-38
IQ:27,224,255,29,-83
IQ:28,232,5,28,-258
IQ:29,240,255,-157,-153
IQ:30,248,12,-44,-122
IQ:31,256,255,-102,28
IQ:32,264,1,18,72
IQ:33,272,255,53,-52
IQ:34,280,2,-76,-122
IQ:35,288,255,-103,75
SW:2
RR:3
SS:3
FR:2480
ME:7
MA:75
KE:3
KA:358
DF_END

Data arrived...
DF_BEGIN
IQ:0,0,11,-152,-104
IQ:1,8,11,-81,155
IQ:2,16,11,170,68
IQ:3,24,11,44,-151
IQ:4,32,11,-166,-55
IQ:5,40,11,-24,161
IQ:6,48,11,156,-5
IQ:7,56,11,-1,-177
IQ:8,72,12,6,309
IQ:9,80,255,242,-71
IQ:10,88,1,-214,-269
IQ:11,96,255,-204,140
IQ:12,104,2,286,-1
IQ:13,112,255,116,-308
IQ:14,120,10,-26,-166
IQ:15,128,255,-37,67
IQ:16,136,3,301,11
IQ:17,144,255,80,-232
IQ:18,152,9,-37,17
IQ:19,160,255,88,158
IQ:20,168,4,388,71
IQ:21,176,255,93,-274
IQ:22,184,8,-251,104
IQ:23,192,255,25,249
IQ:24,200,7,27,-40
IQ:25,208,255,-99,-68
IQ:26,216,6,-196,77
IQ:27,224,255,104,183
IQ:28,232,5,230,-75
IQ:29,240,255,-125,-170
IQ:30,248,12,-270,176
IQ:31,256,255,142,187
IQ:32,264,1,111,-327
IQ:33,272,255,-245,-113
IQ:34,280,2,119,277
IQ:35,288,255,321,-42
SW:2
RR:3
SS:3
FR:2426
ME:359
MA:5
KE:3
KA:358
DF_END

Data arrived...
DF_BEGIN
IQ:0,0,11,-143,-41
IQ:1,8,11,-23,153
IQ:2,16,11,152,12
IQ:3,24,11,5,-151
IQ:4,32,11,-143,22
IQ:5,40,11,39,149
IQ:6,48,11,146,-42
IQ:7,56,11,-60,-144
IQ:8,72,12,165,129
IQ:9,80,255,84,-126
IQ:10,88,1,-162,0
IQ:11,96,255,-31,142
IQ:12,104,2,71,-53
IQ:13,112,255,-36,-125
IQ:14,120,10,-100,-63
IQ:15,128,255,-16,60
IQ:16,136,3,71,-81
IQ:17,144,255,-44,-124
IQ:18,152,9,-74,-15
IQ:19,160,255,55,59
IQ:20,168,4,143,-119
IQ:21,176,255,-76,-145
IQ:22,184,8,-35,75
IQ:23,192,255,96,64
IQ:24,200,7,73,-31
IQ:25,208,255,-59,-43
IQ:26,216,6,-64,112
IQ:27,224,255,125,54
IQ:28,232,5,81,-124
IQ:29,240,255,-129,-47
IQ:30,248,12,-37,211
IQ:31,256,255,149,27
IQ:32,264,1,-71,-148
IQ:33,272,255,-142,39
IQ:34,280,2,85,35
IQ:35,288,255,90,-117
SW:2
RR:3
SS:3
FR:2402
ME:5
MA:353
KE:3
KA:357
DF_END

Data arrived...
DF_BEGIN
IQ:0,0,11,121,-42
IQ:1,8,11,-51,-110
IQ:2,16,11,-116,59
IQ:3,24,11,59,106
IQ:4,32,11,90,-84
IQ:5,40,11,-85,-96
IQ:6,48,11,-87,105
IQ:7,56,11,101,68
IQ:8,72,12,-105,41
IQ:9,80,255,15,97
IQ:10,88,1,30,-3
IQ:11,96,255,-36,-42
IQ:12,104,2,-99,14
IQ:13,112,255,-14,81
IQ:14,120,10,59,8
IQ:15,128,255,-23,-39
IQ:16,136,3,-179,-30
IQ:17,144,255,-47,100
IQ:18,152,9,66,-61
IQ:19,160,255,-16,-116
IQ:20,168,4,-73,-180
IQ:21,176,255,-128,-17
IQ:22,184,8,-36,18
IQ:23,192,255,24,37
IQ:24,200,7,129,30
IQ:25,208,255,49,-86
IQ:26,216,6,2,-8
IQ:27,224,255,61,-74
IQ:28,232,5,43,-280
IQ:29,240,255,-183,-134
IQ:30,248,12,-95,-83
IQ:31,256,255,-76,20
IQ:32,2