KE:7
KA:9
DF_END

Data arrived...
DF_BEGIN
IQ:0,0,11,-46,-70
IQ:1,8,11,-8,45
IQ:2,16,11,73,54
IQ:3,24,11,21,-46
IQ:4,32,11,-52,-30
IQ:5,40,11,-22,50
IQ:6,48,11,61,14
IQ:7,56,11,6,-51
IQ:8,72,12,-134,145
IQ:9,80,255,158,202
IQ:10,88,1,323,18
IQ:11,96,255,15,-280
IQ:12,104,2,-135,-131
IQ:13,112,255,-108,48
IQ:14,120,10,-67,-212
IQ:15,128,255,-191,-66
IQ:16,136,3,-121,-94
IQ:17,144,255,-16,-28
IQ:18,152,9,87,-312
IQ:19,160,255,-151,-154
IQ:20,168,4,77,-15
IQ:21,176,255,123,-74
IQ:22,184,8,262,-273
IQ:23,192,255,-126,-265
IQ:24,200,7,-114,2
IQ:25,208,255,-9,23
IQ:26,216,6,-35,-93
IQ:27,224,255,-63,46
IQ:28,232,5,142,56
IQ:29,240,255,35,-112
IQ:30,248,12,-225,-52
IQ:31,256,255,-137,234
IQ:32,264,1,140,259
IQ:33,272,255,271,-136
IQ:34,280,2,32,-211
IQ:35,288,255,-131,-85
SW:2
RR:3
SS:3
FR:2402
ME:38
MA:47
KE:10
KA:13
DF_END

Data arrived...
DF_BEGIN
IQ:0,0,11,19,-74
IQ:1,8,11,-66,-19
IQ:2,16,11,-13,79
IQ:3,24,11,70,12
IQ:4,32,11,-9,-66
IQ:5,40,11,-59,21
IQ:6,48,11,23,70
IQ:7,56,11,60,-24
IQ:8,72,12,-244,-21
IQ:9,80,255,-30,283
IQ:10,88,1,270,176
IQ:11,96,255,215,-224
IQ:12,104,2,-38,-219
IQ:13,112,255,-97,-24
IQ:14,120,10,98,-194
IQ:15,128,255,-104,-231
IQ:16,136,3,-18,-174
IQ:17,144,255,22,12
IQ:18,152,9,287,-187
IQ:19,160,255,-42,-255
IQ:20,168,4,57,18
IQ:21,176,255,155,23
IQ:22,184,8,371,-76
IQ:23,192,255,15,-300
IQ:24,200,7,-89,-38
IQ:25,208,255,14,29
IQ:26,216,6,53,-115
IQ:27,224,255,-78,-27
IQ:28,232,5,84,112
IQ:29,240,255,130,-99
IQ:30,248,12,-141,-189
IQ:31,256,255,-265,103
IQ:32,264,1,-38,327
IQ:33,272,255,314,81
IQ:34,280,2,160,-137
IQ:35,288,255,-42,-117
SW:2
RR:3
SS:3
FR:2402
ME:38
MA:52
KE:13
KA:17
DF_END

Data arrived...
DF_BEGIN
IQ:0,0,11,101,121
IQ:1,8,11,111,-106
IQ:2,16,11,-125,-111
IQ:3,24,11,-96,134
IQ:4,32,11,134,79
IQ:5,40,11,61,-149
IQ:6,48,11,-161,-46
IQ:7,56,11,-24,157
IQ:8,72,12,50,-105
IQ:9,80,255,-77,-39
IQ:10,88,1,20,63
IQ:11,96,255,61,-38
IQ:12,104,2,-73,-101
IQ:13,112,255,-133,63
IQ:14,120,10,-49,114
IQ:15,128,255,68,4
IQ:16,136,3,-87,-150
IQ:17,144,255,-162,23
IQ:18,152,9,-64,8
IQ:19,160,255,7,-40
IQ:20,168,4,-56,-163
IQ:21,176,255,-110,13
IQ:22,184,8,75,-54
IQ:23,192,255,-72,-124
IQ:24,200,7,-252,-22
IQ:25,208,255,-56,199
IQ:26,216,6,93,15
IQ:27,224,255,47,-86
IQ:28,232,5,17,-12
IQ:29,240,255,38,12
IQ:30,248,12,117,3
IQ:31,256,255,-7,-85
IQ:32,264,1,-58,49
IQ:33,272,255,64,42
IQ:34,280,2,54,-106
IQ:35,288,255,-129,-47
SW:2
RR:3
SS:3
FR:2480
ME:2
MA:353
KE:12
KA:15
DF_END

Data arrived...
DF_BEGIN
IQ:0,0,11,-7,149
IQ:1,8,11,151,-12
IQ:2,16,11,-25,-148
IQ:3,24,11,-138,41
IQ:4,32,11,64,145
IQ:5,40,11,147,-62
IQ:6,48,11,-82,-130
IQ:7,56,11,-115,85
IQ:8,72,12,232,-74
IQ:9,80,255,-72,-233
IQ:10,88,1,-201,-1
IQ:11,96,255,11,146
IQ:12,104,2,86,-53
IQ:13,112,255,-117,-53
IQ:14,120,10,-101,225
IQ:15,128,255,177,114
IQ:16,136,3,8,-51
IQ:17,144,255,-162,26
IQ:18,152,9,-167,214
IQ:19,160,255,130,92
IQ:20,168,4,-134,-141
IQ:21,176,255,-235,74
IQ:22,184,8,-184,107
IQ:23,192,255,95,109
IQ:24,200,7,87,-47
IQ:25,208,255,-33,30
IQ:26,216,6,67,172
IQ:27,224,255,86,-126
IQ:28,232,5,-259,-130
IQ:29,240,255,-184,241
IQ:30,248,12,174,170
IQ:31,256,255,167,-179
IQ:32,264,1,-95,-183
IQ:33,272,255,-125,95
IQ:34,280,2,97,33
IQ:35,288,255,6,-110
SW:2
RR:3
SS:3
FR:2426
ME:2
MA:353
KE:12
KA:12
DF_END

Data arrived...
DF_BEGIN
IQ:0,0,11,21,-23
IQ:1,8,11,-21,-34
IQ:2,16,11,-25,12
IQ:3,24,11,22,12
IQ:4,32,11,19,-36
IQ:5,40,11,-26,-20
IQ:6,48,11,-4,27
IQ:7,56,11,38,12
IQ:8,72,12,-138,-183
IQ:9,80,255,-225,122
IQ:10,88,1,53,361
IQ:11,96,255,320,52
IQ:12,104,2,133,-167
IQ:13,112,255,-51,-107
IQ:14,120,10,166,-73
IQ:15,128,255,95,-198
IQ:16,136,3,126,-145
IQ:17,144,255,13,8
IQ:18,152,9,298,95
IQ:19,160,255,182,-198
IQ:20,168,4,32,26
IQ:21,176,255,76,118
IQ:22,184,8,311,231
IQ:23,192,255,253,-196
IQ:24,200,7,-42,-137
IQ:25,208,255,-70,37
IQ:26,216,6,115,-8
IQ:27,224,255,-16,-65
IQ:28,232,5,-26,119
IQ:29,240,255,156,43
IQ:30,248,12,97,-205
IQ:31,256,255,-233,-132
IQ:32,264,1,-298,188
IQ:33,272,255,139,299
IQ:34,280,2,207,32
IQ:35,288,255,77,-134
SW:2
RR:3
SS:3
FR:2402
ME:33
MA:52
KE:14
KA:16
DF_END

Data arrived...
DF_BEGIN
IQ:0,0,11,2,168
IQ:1,8,11,175,-4
IQ:2,16,11,-14,-180
IQ:3,24,11,-174,41
IQ:4,32,11,64,162
IQ:5,40,11,150,-84
IQ:6,48,11,-89,-146
IQ:7,56,11,-135,104
IQ:8,72,12,109,-51
IQ:9,80,255,-49,-88
IQ:10,88,1,-14,70
IQ:11,96,255,85,8
IQ:12,104,2,18,-127
IQ:13,112,255,-151,-39
IQ:14,120,10,-118,75
IQ:15,128,255,67,42
IQ:16,136,3,27,-181
IQ:17,144,255,-137,-95
IQ:18,152,9,-62,-23
IQ:19,160,255,43,-22
IQ:20,168,4,57,-170
IQ:21,176,255,-93,-59
IQ:22,184,8,96,12
IQ:23,192,255,42,-136
IQ:24,200,7,-180,-203
IQ:25,208,255,-189,105
IQ:26,216,6,82,70
IQ:27,224,255,103,-53
IQ:28,232,5,30,-19
IQ:29,240,255,12,38
IQ:30,248,12,106,70
IQ:31,256,255,60,-76
IQ:32,264,1,-71,3
IQ:33,272,255,27,76
IQ:34,280,2,114,-57
IQ:35,288,255,-78,-126
SW:2
RR:3
SS:3
FR:2480
ME:5
MA:2
KE:13
KA:15
DF_END

Data arrived...
DF_BEGIN
IQ:0,0,11,142,-28
IQ:1,8,11,-58,-144
IQ:2,16,11,-147,51
IQ:3,24,11,68,136
IQ:4,32,11,122,-89
IQ:5,40,11,-100,-120
IQ:6,48,11,-122,97
IQ:7,56,11,105,98
IQ:8,72,12,-167,-210
IQ:9,80,255,-213,124
IQ:10,88,1,71,188
IQ:11,96,255,165,-86
IQ:12,104,2,-98,-69
IQ:13,112,255,-38,105
IQ:14,120,10,244,18
IQ:15,128,255,76,-224
IQ:16,136,3,-44,-7
IQ:17,144,255,57,143
IQ:18,152,9,285,45
IQ:19,160,255,87,-165
IQ:20,168,4,-91,159
IQ:21,176,255,150,203
IQ:22,184,8,200,129
IQ:23,192,255,88,-138
IQ:24,200,7,-86,-48
IQ:25,208,255,29,46
IQ:26,216,6,134,-138
IQ:27,224,255,-135,-75
IQ:28,232,5,-33,284
IQ:29,240,255,303,76
IQ:30,248,12,111,-259
IQ:31,256,255,-245,-96
IQ:32,264,1,-104,164
IQ:33,272,255,144,88
IQ:34,280,2,34,-131
IQ:35,288,255,-114,27
SW:2
RR:3
SS:3
FR:2426
ME:2
MA:353
KE:12
KA:12
DF_END

Data arrived...
DF_BEGIN
IQ:0,0,11,-40,56
IQ:1,8,11,76,40
IQ:2,16,11,23,-80
IQ:3,24,11,-78,-15
IQ:4,32,11,-4,74
IQ:5,40,11,76,10
IQ:6,48,11,1,-76
IQ:7,56,11,-80,3
IQ:8,72,12,248,-26
IQ:9,80,255,30,-314
IQ:10,88,1,-289,-193
IQ:11,96,255,-223,222
IQ:12,104,2,79,198
IQ:13,112,255,100,0
IQ:14,120,10,-106,209
IQ:15,128,255,115,205
IQ:16,136,3,44,170
IQ:17,144,255,-53,-11
IQ:18,152,9,-306,218
IQ:19,160,255,49,267
IQ:20,168,4,-39,-37
IQ:21,176,255,-168,-42
IQ:22,184,8,-392,106
IQ:23,192,255,31,297
IQ:24,200,7,111,14
IQ:25,208,255,-36,-61
IQ:26,216,6,-46,127
IQ:27,224,255,90,17
IQ:28,232,5,-88,-141
IQ:29,240,255,-147,102
IQ:30,248,12,114,226
IQ:31,256,255,275,-115
IQ:32,264,1,17,-343
IQ:33,272,255,-312,-55
IQ:34,280,2,-147,154
IQ:35,288,255,65,120
SW:2
RR:3
SS:3
FR:2402
ME:7
MA:75
KE:12
KA:18
DF_END

Data arrived...
DF_BEGIN
IQ:0,0,11,-134,-122
IQ:1,8,11,-97,152
IQ:2,16,11,160,79
IQ:3,24,11,60,-172
IQ:4,32,11,-173,-48
IQ:5,40,11,-31,180
IQ:6,48,11,179,15
IQ:7,56,11,-19,-187
IQ:8,72,12,-19,103
IQ:9,80,255,91,10
IQ:10,88,1,-31,-59
IQ:11,96,255,-59,49
IQ:12,104,2,91,105
IQ:13,112,255,133,-83
IQ:14,120,10,15,-118
IQ:15,128,255,-81,33
IQ:16,136,3,117,127
IQ:17,144,255,144,-59
IQ:18,152,9,32,-11
IQ:19,160,255,-2,59
IQ:20,168,4,80,158
IQ:21,176,255,95,-35
IQ:22,184,8,-93,65
IQ:23,192,255,88,133
IQ:24,200,7,246,-24
IQ:25,208,255,3,-203
IQ:26,216,6,-98,18
IQ:27,224,255,-17,102
IQ:28,232,5,7,17
IQ:29,240,255,-36,-24
IQ:30,248,12,-104,31
IQ:31,256,255,30,78
IQ:32,264,1,42,-63
IQ:33,272,255,-79,-31
IQ:34,280,2,-34,117
IQ:35,288,255,147,20
SW:2
RR:3
SS:3
FR:2480
ME:5
MA:5
KE:11
KA:17
DF_END

Data arrived...
DF_BEGIN
IQ:0,0,11,45,-189
IQ:1,8,11,-181,-35
IQ:2,16,11,-11,179
IQ:3,24,11,197,-8
IQ:4,32,11,-18,-190
IQ:5,40,11,-190,29
IQ:6,48,11,53,184
IQ:7,56,11,173,-63
IQ:8,72,12,-122,25
IQ:9,80,255,24,89
IQ:10,88,1,39,-57
IQ:11,96,255,-84,-39
IQ:12,104,2,-55,132
IQ:13,112,255,135,80
IQ:14,120,10,129,-55
IQ:15,128,255,-65,-70
IQ:16,136,3,-75,164
IQ:17,144,255,104,118
IQ:18,152,9,36,20
IQ:19,160,255,-66,14
IQ:20,168,4,-107,152
IQ:21,176,255,72,75
IQ:22,184,8,-96,-58
IQ:23,192,255,-87,130
IQ:24,200,7,118,242
IQ:25,208,255,213,-77
IQ:26,216,6,-50,-98
IQ:27,224,255,-110,25
IQ:28,232,5,-28,10
IQ:29,240,255,-3,-49
IQ:30,248,12,-88,-85
IQ:31,256,255,-73,77
IQ:32,264,1,76,7
IQ:33,272,255,-3,-83
IQ:34,280,2,-137,23
IQ:35,288,255,28,141
SW:2
RR:3
SS:3
FR:2480
ME:5
MA:353
KE:10
KA:14
DF_END

Data arrived...
DF_BEGIN
IQ:0,0,11,-9,-172
IQ:1,8,11,-169,20
IQ:2,16,11,39,167
IQ:3,24,11,147,-60
IQ:4,32,11,-79,-151
IQ:5,40,11,-139,88
IQ:6,48,11,100,129
IQ:7,56,11,129,-116
IQ:8,72,12,-221,121
IQ:9,80,255,103,236
IQ:10,88,1,194,-25
IQ:11,96,255,-35,-166
IQ:12,104,2,-96,78
IQ:13,112,255,122,40
IQ:14,120,10,55,-249
IQ:15,128,255,-211,-101
IQ:16,136,3,-9,49
IQ:17,144,255,158,-37
IQ:18,152,9,142,-267
IQ:19,160,255,-142,-117
IQ:20,168,4,151,96
IQ:21,176,255,225,-123
IQ:22,184,8,168,-173
IQ:23,192,255,-121,-102
IQ:24,200,7,-55,69
IQ:25,208,255,50,-24
IQ:26,216,6,-100,-150
IQ:27,224,255,-83,137
IQ:28,232,5,284,82
IQ:29,240,255,132,-276
IQ:30,248,12,-208,-143
IQ:31,256,255,-152,210
IQ:32,264,1,137,156
IQ:33,272,255,110,-116
IQ:34,280,2,-116,-52
IQ:35,288,255,-9,104
SW:2
RR:3
SS:3
FR:2426
ME:2
MA:353
KE:9
KA:12
DF_END

Data arrived...
DF_BEGIN
IQ:0,0,11,-159,-58
IQ:1,8,11,-31,173
IQ:2,16,11,187,-10
IQ:3,24,11,17,-209
IQ:4,32,11,-149,-9
IQ:5,40,11,53,134
IQ:6,48,11,179,-62
IQ:7,56,11,-52,-171
IQ:8,72,12,76,279
IQ:9,80,255,266,-14
IQ:10,88,1,-3,-221
IQ:11,96,255,-159,36
IQ:12,104,2,26,122
IQ:13,112,255,117,-97
IQ:14,120,10,-221,-166
IQ:15,128,255,-184,155
IQ:16,136,3,11,59
IQ:17,144,255,-28,-127
IQ:18,152,9,-247,-247
IQ:19,160,255,-160,60
IQ:20,168,4,171,-128
IQ:21,176,255,-59,-245
IQ:22,184,8,-88,-238
IQ:23,192,255,-100,52
IQ:24,200,7,69,82
IQ:25,208,255,-29,-73
IQ:26,216,6,-173,55
IQ:27,224,255,123,130
IQ:28,232,5,165,-228
IQ:29,240,255,-234,-190
IQ:30,248,12,-198,192
IQ:31,256,255,166,201
IQ:32,264,1,208,-106
IQ:33,272,255,-86,-145
IQ:34,280,2,-71,126
IQ:35,288,255,109,16
SW:2
RR:3
SS:3
FR:2426
ME:2
MA:353
KE:9
KA:10
DF_END

Data arrived...
DF_BEGIN
IQ:0,0,11,-63,15
IQ:1,8,11,28,63
IQ:2,16,11,29,-20
IQ:3,24,11,-27,-49
IQ:4,32,11,-43,30
IQ:5,40,11,27,43
IQ:6,48,11,37,-37
IQ:7,56,11,-57,-37
IQ:8,72,12,32,207
IQ:9,80,255,259,15
IQ:10,88,1,192,-261
IQ:11,96,255,-215,-207
IQ:12,104,2,-210,42
IQ:13,112,255,-35,125
IQ:14,120,10,-204,-23
IQ:15,128,255,-185,109
IQ:16,136,3,-168,39
IQ:17,144,255,-3,10
IQ:18,152,9,-204,-250
IQ:19,160,255,-230,12
IQ:20,168,4,-10,-50
IQ:21,176,255,-2,-127
IQ:22,184,8,-58,-374
IQ:23,192,255,-296,-23
IQ:24,200,7,-47,86
IQ:25,208,255,53,0
IQ:26,216,6,-105,-43
IQ:27,224,255,-18,59
IQ:28,232,5,98,-80
IQ:29,240,255,-80,-104
IQ:30,248,12,-156,140
IQ:31,256,255,98,248
IQ:32,264,1,308,40
IQ:33,272,255,73,-281
IQ:34,280,2,-145,-157
IQ:35,288,255,-148,61
SW:2
RR:3
SS:3
FR:2402
ME:33
MA:52
KE:11
KA:14
DF_END

Data arrived...
DF_BEGIN
IQ:0,0,11,-141,-115
IQ:1,8,11,-112,149
IQ:2,16,11,153,77
IQ:3,24,11,60,-171
IQ:4,32,11,-177,-38
IQ:5,40,11,-22,185
IQ:6,48,11,183,17
IQ:7,56,11,2,-174
IQ:8,72,12,-18,121
IQ:9,80,255,96,14
IQ:10,88,1,-37,-67
IQ:11,96,255,-73,62
IQ:12,104,2,94,87
IQ:13,112,255,117,-106
IQ:14,120,10,-11,-151
IQ:15,128,255,-98,28
IQ:16,136,3,122,124
IQ:17,144,255,150,-67
IQ:18,152,9,42,-39
IQ:19,160,255,-25,67
IQ:20,168,4,90,151
IQ:21,176,255,89,-57
IQ:22,184,8,-75,57
IQ:23,192,255,85,119
IQ:24,200,7,264,-50
IQ:25,208,255,3,-227
IQ:26,216,6,-112,20
IQ:27,224,255,-13,120
IQ:28,232,5,7,27
IQ:29,240,255,-37,-28
IQ:30,248,12,-121,34
IQ:31,256,255,34,90
IQ:32,264,1,30,-70
IQ:33,272,255,-90,-37
IQ:34,280,2,-51,126
IQ:35,288,255,143,27
SW:2
RR:3
SS:3
FR:2480
ME:5
MA:5
KE:10
KA:13
DF_END

Data arrived...
DF_BEGIN
IQ:0,0,11,-73,-154
IQ:1,8,11,-149,85
IQ:2,16,11,107,143
IQ:3,24,11,133,-105
IQ:4,32,11,-134,-120
IQ:5,40,11,-113,132
IQ:6,48,11,144,101
IQ:7,56,11,82,-148
IQ:8,72,12,-161,229
IQ:9,80,255,203,163
IQ:10,88,1,153,-131
IQ:11,96,255,-128,-125
IQ:12,104,2,-47,119
IQ:13,112,255,134,2
IQ:14,120,10,-53,-261
IQ:15,128,255,-253,-10
IQ:16,136,3,7,52
IQ:17,144,255,137,-105
IQ:18,152,9,-10,-307
IQ:19,160,255,-193,-10
IQ:20,168,4,199,41
IQ:21,176,255,178,-192
IQ:22,184,8,91,-221
IQ:23,192,255,-148,-51
IQ:24,200,7,-5,83
IQ:25,208,255,43,-53
IQ:26,216,6,-164,-95
IQ:27,224,255,-37,171
IQ:28,232,5,303,-46
IQ:29,240,255,15,-305
IQ:30,248,12,-268,-47
IQ:31,256,255,-57,259
IQ:32,264,1,183,95
IQ:33,272,255,42,-169
IQ:34,280,2,-135,-11
IQ:35,288,255,43,113
SW:2
RR:3
SS:3
FR:2426
ME:2
MA:353
KE:9
KA:11
DF_END

Data arrived...
DF_BEGIN
IQ:0,0,11,-50,34
IQ:1,8,11,47,37
IQ:2,16,11,19,-51
IQ:3,24,11,-46,-12
IQ:4,32,11,-12,46
IQ:5,40,11,45,12
IQ:6,48,11,3,-61
IQ:7,56,11,-62,-6
IQ:8,72,12,169,133
IQ:9,80,255,208,-151
IQ:10,88,1,10,-317
IQ:11,96,255,-296,-45
IQ:12,104,2,-147,158
IQ:13,112,255,41,122
IQ:14,120,10,-183,85
IQ:15,128,255,-69,200
IQ:16,136,3,-104,148
IQ:17,144,255,-16,8
IQ:18,152,9,-311,-89
IQ:19,160,255,-177,164
IQ:20,168,4,-52,-31
IQ:21,176,255,-76,-94
IQ:22,184,8,-295,-240
IQ:23,192,255,-234,169
IQ:24,200,7,8,110
IQ:25,208,255,55,-31
IQ:26,216,6,-100,3
IQ:27,224,255,13,38
IQ:28,232,5,29,-114
IQ:29,240,255,-123,-23
IQ:30,248,12,-32,198
IQ:31,256,255,241,101
IQ:32,264,1,275,-165
IQ:33,272,255,-125,-255
IQ:34,280,2,-217,-53
IQ:35,288,255,-96,122
SW:2
RR:3
SS:3
FR:2402
ME:33
MA:52
KE:11
KA:15
DF_END

Data arrived...
DF_BEGIN
IQ:0,0,11,-58,0
IQ:1,8,11,10,49
IQ:2,16,11,56,-22
IQ:3,24,11,-20,-52
IQ:4,32,11,-45,15
IQ:5,40,11,26,33
IQ:6,48,11,33,-24
IQ:7,56,11,-33,-50
IQ:8,72,12,-26,195
IQ:9,80,255,227,86
IQ:10,88,1,260,-178
IQ:11,96,255,-126,-261
IQ:12,104,2,-209,-45
IQ:13,112,255,-97,83
IQ:14,120,10,-166,-119
IQ:15,128,255,-199,45
IQ:16,136,3,-182,-29
IQ:17,144,255,-17,-16
IQ:18,152,9,-100,-300
IQ:19,160,255,-230,-64
IQ:20,168,4,5,-74
IQ:21,176,255,40,-116
IQ:22,184,8,61,-369
IQ:23,192,255,-257,-119
IQ:24,200,7,-84,59
IQ:25,208,255,41,30
IQ:26,216,6,-43,-70
IQ:27,224,255,-24,32
IQ:28,232,5,107,-48
IQ:29,240,255,-41,-118
IQ:30,248,12,-190,60
IQ:31,256,255,32,254
IQ:32,264,1,274,143
IQ:33,272,255,179,-236
IQ:34,280,2,-47,-206
IQ:35,288,255,-150,-24
SW:2
RR:3
SS:3
FR:2402
ME:33
MA:52
KE:13
KA:19
DF_END

Data arrived...
DF_BEGIN
IQ:0,0,11,218,4
IQ:1,8,11,-16,-231
IQ:2,16,11,-222,8
IQ:3,24,11,38,212
IQ:4,32,11,207,-78
IQ:5,40,11,-80,-191
IQ:6,48,11,-188,116
IQ:7,56,11,127,188
IQ:8,72,12,-45,-139
IQ:9,80,255,-117,51
IQ:10,88,1,86,38
IQ:11,96,255,31,-104
IQ:12,104,2,-155,-32
IQ:13,112,255,-63,174
IQ:14,120,10,79,147
IQ:15,128,255,78,-83
IQ:16,136,3,-219,-29
IQ:17,144,255,-100,172
IQ:18,152,9,-9,65
IQ:19,160,255,-22,-62
IQ:20,168,4,-205,-100
IQ:21,176,255,-73,109
IQ:22,184,8,36,-122
IQ:23,192,255,-173,-62
IQ:24,200,7,-232,224
IQ:25,208,255,150,227
IQ:26,216,6,107,-83
IQ:27,224,255,-57,-128
IQ:28,232,5,-14,-34
IQ:29,240,255,48,-15
IQ:30,248,12,94,-123
IQ:31,256,255,-95,-67
IQ:32,264,1,5,80
IQ:33,272,255,114,-24
IQ:34,280,2,-39,-147
IQ:35,288,255,-161,70
SW:2
RR:3
SS:3
FR:2480
ME:5
MA:2
KE:13
KA:17
DF_END

Data arrived...
DF_BEGIN
IQ:0,0,11,100,199
IQ:1,8,11,182,-126
IQ:2,16,11,-132,-172
IQ:3,24,11,-146,156
IQ:4,32,11,176,127
IQ:5,40,11,115,-183
IQ:6,48,11,-195,-102
IQ:7,56,11,-82,200
IQ:8,72,12,70,-131
IQ:9,80,255,-113,-60
IQ:10,88,1,6,90
IQ:11,96,255,93,-37
IQ:12,104,2,-60,-138
IQ:13,112,255,-180,56
IQ:14,120,10,-72,165
IQ:15,128,255,105,15
IQ:16,136,3,-94,-191
IQ:17,144,255,-198,0
IQ:18,152,9,-69,22
IQ:19,160,255,27,-47
IQ:20,168,4,-24,-214
IQ:21,176,255,-131,6
IQ:22,184,8,110,-31
IQ:23,192,255,-52,-169
IQ:24,200,7,-326,-78
IQ:25,208,255,-126,246
IQ:26,216,6,122,35
IQ:27,224,255,77,-121
IQ:28,232,5,10,-27
IQ:29,240,255,43,37
IQ:30,248,12,154,10
IQ:31,256,255,0,-111
IQ:32,264,1,-60,64
IQ:33,272,255,81,77
IQ:34,280,2,92,-123
IQ:35,288,255,-153,-88
SW:2
RR:3
SS:3
FR:2480
ME:5
MA:2
KE:12
KA:15
DF_END

Data arrived...
DF_BEGIN
IQ:0,0,11,-207,70
IQ:1,8,11,98,163
IQ:2,16,11,176,-124
IQ:3,24,11,-135,-173
IQ:4,32,11,-155,144
IQ:5,40,11,143,138
IQ:6,48,11,134,-155
IQ:7,56,11,-177,-110
IQ:8,72,12,252,241
IQ:9,80,255,261,-229
IQ:10,88,1,-124,-231
IQ:11,96,255,-184,132
IQ:12,104,2,145,94
IQ:13,112,255,25,-175
IQ:14,120,10,-314,33
IQ:15,128,255,-46,299
IQ:16,136,3,79,11
IQ:17,144,255,-111,-185
IQ:18,152,9,-393,-24
IQ:19,160,255,-70,236
IQ:20,168,4,76,-219
IQ:21,176,255,-223,-232
IQ:22,184,8,-296,-115
IQ:23,192,255,-51,192
IQ:24,200,7,119,4
IQ:25,208,255,-75,-74
IQ:26,216,6,-148,181
IQ:27,224,255,143,80
IQ:28,232,5,-1,-456
IQ:29,240,255,-301,-66
IQ:30,248,12,-95,406
IQ:31,256,255,241,69
IQ:32,264,1,151,-309
IQ:33,272,255,-132,-51
IQ:34,280,2,-36,227
IQ:35,288,255,126,-87
SW:2
RR:3
SS:3
FR:2426
ME:359
MA:5
KE:10
KA:14
DF_END

Data arrived...
DF_BEGIN
IQ:0,0,11,58,43
IQ:1,8,11,29,-39
IQ:2,16,11,-51,-30
IQ:3,24,11,-39,55
IQ:4,32,11,50,39
IQ:5,40,11,29,-58
IQ:6,48,11,-57,-35
IQ:7,56,11,-15,55
IQ:8,72,12,142,-175
IQ:9,80,255,-162,-211
IQ:10,88,1,-315,23
IQ:11,96,255,-47,291
IQ:12,104,2,129,143
IQ:13,112,255,114,-28
IQ:14,120,10,82,196
IQ:15,128,255,201,75
IQ:16,136,3,146,119
IQ:17,144,255,-5,5
IQ:18,152,9,-102,322
IQ:19,160,255,164,168
IQ:20,168,4,-39,39
IQ:21,176,255,-113,70
IQ:22,184,8,-239,288
IQ:23,192,255,170,232
IQ:24,200,7,99,-2
IQ:25,208,255,-28,-46
IQ:26,216,6,12,118
IQ:27,224,255,60,-33
IQ:28,232,5,-132,-45
IQ:29,240,255,-36,131
IQ:30,248,12,214,27
IQ:31,256,255,97,-259
IQ:32,264,1,-173,-268
IQ:33,272,255,-286,95
IQ:34,280,2,-66,188
IQ:35,288,255,115,76
SW:2
RR:3
SS:3
FR:2402
ME:33
MA:52
KE:12
KA:18
DF_END