IQ:25,208,255,144,-39
IQ:26,216,6,17,-154
IQ:27,224,255,-145,21
IQ:28,232,5,83,187
IQ:29,240,255,205,-60
IQ:30,248,12,18,-139
IQ:31,256,255,-129,3
IQ:32,264,1,13,93
IQ:33,272,255,62,-30
IQ:34,280,2,-111,-19
IQ:35,288,255,-44,143
SW:2
RR:3
SS:3
FR:2402
ME:356
MA:5
KE:20
KA:41
DF_END

Data arrived...
DF_BEGIN
IQ:0,0,11,61,198
IQ:1,8,11,188,-69
IQ:2,16,11,-97,-176
IQ:3,24,11,-156,122
IQ:4,32,11,131,143
IQ:5,40,11,124,-146
IQ:6,48,11,-177,-109
IQ:7,56,11,-100,179
IQ:8,72,12,81,-197
IQ:9,80,255,-208,-69
IQ:10,88,1,-61,178
IQ:11,96,255,174,35
IQ:12,104,2,-18,-190
IQ:13,112,255,-203,21
IQ:14,120,10,19,176
IQ:15,128,255,182,-60
IQ:16,136,3,-65,-182
IQ:17,144,255,-184,89
IQ:18,152,9,104,198
IQ:19,160,255,186,-134
IQ:20,168,4,-135,-205
IQ:21,176,255,-185,146
IQ:22,184,8,162,143
IQ:23,192,255,127,-188
IQ:24,200,7,-173,-110
IQ:25,208,255,-74,181
IQ:26,216,6,203,36
IQ:27,224,255,11,-218
IQ:28,232,5,-243,-16
IQ:29,240,255,16,219
IQ:30,248,12,210,-61
IQ:31,256,255,-63,-208
IQ:32,264,1,-173,74
IQ:33,272,255,92,149
IQ:34,280,2,122,-141
IQ:35,288,255,-165,-104
SW:2
RR:3
SS:3
FR:2480
ME:2
MA:5
KE:18
KA:34
DF_END

Data arrived...
DF_BEGIN
IQ:0,0,11,-84,-123
IQ:1,8,11,-101,113
IQ:2,16,11,122,105
IQ:3,24,11,97,-130
IQ:4,32,11,-130,-96
IQ:5,40,11,-78,135
IQ:6,48,11,151,55
IQ:7,56,11,39,-155
IQ:8,72,12,-2,-45
IQ:9,80,255,-54,-30
IQ:10,88,1,-71,85
IQ:11,96,255,89,120
IQ:12,104,2,168,-39
IQ:13,112,255,-46,-179
IQ:14,120,10,-279,-43
IQ:15,128,255,-117,205
IQ:16,136,3,-61,82
IQ:17,144,255,-65,78
IQ:18,152,9,-138,244
IQ:19,160,255,184,181
IQ:20,168,4,112,1
IQ:21,176,255,-11,-59
IQ:22,184,8,38,114
IQ:23,192,255,149,-31
IQ:24,200,7,25,-184
IQ:25,208,255,-170,-54
IQ:26,216,6,-35,100
IQ:27,224,255,156,10
IQ:28,232,5,86,-191
IQ:29,240,255,-102,-115
IQ:30,248,12,31,-29
IQ:31,256,255,-7,-68
IQ:32,264,1,-121,-7
IQ:33,272,255,-32,131
IQ:34,280,2,115,110
IQ:35,288,255,154,-112
SW:2
RR:3
SS:3
FR:2426
ME:47
MA:153
KE:21
KA:48
DF_END

Data arrived...
DF_BEGIN
IQ:0,0,11,-10,-176
IQ:1,8,11,-161,35
IQ:2,16,11,59,167
IQ:3,24,11,158,-85
IQ:4,32,11,-84,-156
IQ:5,40,11,-150,98
IQ:6,48,11,125,126
IQ:7,56,11,114,-132
IQ:8,72,12,22,-52
IQ:9,80,255,-52,-69
IQ:10,88,1,-127,57
IQ:11,96,255,19,167
IQ:12,104,2,184,53
IQ:13,112,255,45,-235
IQ:14,120,10,-255,-209
IQ:15,128,255,-237,143
IQ:16,136,3,-122,38
IQ:17,144,255,-135,51
IQ:18,152,9,-277,221
IQ:19,160,255,102,301
IQ:20,168,4,113,74
IQ:21,176,255,10,-61
IQ:22,184,8,-23,142
IQ:23,192,255,174,64
IQ:24,200,7,144,-170
IQ:25,208,255,-144,-155
IQ:26,216,6,-94,95
IQ:27,224,255,133,121
IQ:28,232,5,212,-111
IQ:29,240,255,-44,-172
IQ:30,248,12,73,-15
IQ:31,256,255,27,-74
IQ:32,264,1,-131,-68
IQ:33,272,255,-125,119
IQ:34,280,2,55,185
IQ:35,288,255,244,-8
SW:2
RR:3
SS:3
FR:2426
ME:47
MA:150
KE:24
KA:68
DF_END

Data arrived...
DF_BEGIN
IQ:0,0,11,-106,-102
IQ:1,8,11,-94,115
IQ:2,16,11,112,89
IQ:3,24,11,78,-117
IQ:4,32,11,-129,-70
IQ:5,40,11,-44,137
IQ:6,48,11,145,35
IQ:7,56,11,27,-147
IQ:8,72,12,-108,140
IQ:9,80,255,119,67
IQ:10,88,1,21,-97
IQ:11,96,255,-73,2
IQ:12,104,2,79,21
IQ:13,112,255,53,-140
IQ:14,120,10,-151,-157
IQ:15,128,255,-186,155
IQ:16,136,3,55,257
IQ:17,144,255,189,-21
IQ:18,152,9,-64,-34
IQ:19,160,255,-19,149
IQ:20,168,4,256,137
IQ:21,176,255,127,-206
IQ:22,184,8,-148,-58
IQ:23,192,255,-46,134
IQ:24,200,7,77,-59
IQ:25,208,255,-73,-119
IQ:26,216,6,-172,21
IQ:27,224,255,54,122
IQ:28,232,5,128,-171
IQ:29,240,255,-159,-195
IQ:30,248,12,-180,11
IQ:31,256,255,22,145
IQ:32,264,1,81,-31
IQ:33,272,255,-50,-60
IQ:34,280,2,36,74
IQ:35,288,255,126,-37
SW:2
RR:3
SS:3
FR:2402
ME:356
MA:5
KE:21
KA:55
DF_END

Data arrived...
DF_BEGIN
IQ:0,0,11,139,48
IQ:1,8,11,42,-147
IQ:2,16,11,-148,-32
IQ:3,24,11,-14,151
IQ:4,32,11,148,-15
IQ:5,40,11,-28,-152
IQ:6,48,11,-149,37
IQ:7,56,11,47,143
IQ:8,72,12,-72,-143
IQ:9,80,255,-150,58
IQ:10,88,1,56,119
IQ:11,96,255,112,-70
IQ:12,104,2,-94,-78
IQ:13,112,255,-70,129
IQ:14,120,10,102,83
IQ:15,128,255,61,-117
IQ:16,136,3,-122,-55
IQ:17,144,255,-46,136
IQ:18,152,9,156,49
IQ:19,160,255,31,-156
IQ:20,168,4,-178,-32
IQ:21,176,255,-14,162
IQ:22,184,8,168,-14
IQ:23,192,255,-16,-161
IQ:24,200,7,-142,39
IQ:25,208,255,62,137
IQ:26,216,6,120,-87
IQ:27,224,255,-112,-113
IQ:28,232,5,-137,116
IQ:29,240,255,115,100
IQ:30,248,12,67,-139
IQ:31,256,255,-140,-72
IQ:32,264,1,-48,129
IQ:33,272,255,116,43
IQ:34,280,2,0,-123
IQ:35,288,255,-130,32
SW:2
RR:3
SS:3
FR:2480
ME:2
MA:5
KE:19
KA:44
DF_END

Data arrived...
DF_BEGIN
IQ:0,0,11,-162,-151
IQ:1,8,11,-136,169
IQ:2,16,11,177,125
IQ:3,24,11,118,-180
IQ:4,32,11,-193,-74
IQ:5,40,11,-64,209
IQ:6,48,11,209,39
IQ:7,56,11,8,-216
IQ:8,72,12,18,-30
IQ:9,80,255,-54,-60
IQ:10,88,1,-109,75
IQ:11,96,255,82,168
IQ:12,104,2,229,-49
IQ:13,112,255,-65,-262
IQ:14,120,10,-372,-46
IQ:15,128,255,-135,271
IQ:16,136,3,-38,82
IQ:17,144,255,-90,70
IQ:18,152,9,-140,332
IQ:19,160,255,261,227
IQ:20,168,4,183,-41
IQ:21,176,255,-38,-119
IQ:22,184,8,23,151
IQ:23,192,255,187,-26
IQ:24,200,7,45,-252
IQ:25,208,255,-227,-101
IQ:26,216,6,-39,157
IQ:27,224,255,236,8
IQ:28,232,5,134,-267
IQ:29,240,255,-182,-146
IQ:30,248,12,36,-19
IQ:31,256,255,14,-78
IQ:32,264,1,-126,-44
IQ:33,272,255,-78,165
IQ:34,280,2,148,181
IQ:35,288,255,247,-134
SW:2
RR:3
SS:3
FR:2426
ME:10
MA:52
KE:18
KA:46
DF_END

Data arrived...
DF_BEGIN
IQ:0,0,11,-159,-31
IQ:1,8,11,-10,166
IQ:2,16,11,166,0
IQ:3,24,11,-19,-158
IQ:4,32,11,-162,37
IQ:5,40,11,53,160
IQ:6,48,11,159,-55
IQ:7,56,11,-65,-155
IQ:8,72,12,22,198
IQ:9,80,255,157,-34
IQ:10,88,1,-49,-117
IQ:11,96,255,-87,48
IQ:12,104,2,86,-12
IQ:13,112,255,-28,-149
IQ:14,120,10,-231,-38
IQ:15,128,255,-50,265
IQ:16,136,3,226,165
IQ:17,144,255,145,-159
IQ:18,152,9,-87,-2
IQ:19,160,255,81,131
IQ:20,168,4,296,-83
IQ:21,176,255,-25,-255
IQ:22,184,8,-179,44
IQ:23,192,255,56,149
IQ:24,200,7,49,-98
IQ:25,208,255,-155,-55
IQ:26,216,6,-142,114
IQ:27,224,255,127,69
IQ:28,232,5,19,-235
IQ:29,240,255,-254,-55
IQ:30,248,12,-142,141
IQ:31,256,255,129,115
IQ:32,264,1,63,-117
IQ:33,272,255,-91,-32
IQ:34,280,2,68,60
IQ:35,288,255,102,-107
SW:2
RR:3
SS:3
FR:2402
ME:359
MA:5
KE:16
KA:38
DF_END

Data arrived...
DF_BEGIN
IQ:0,0,11,187,-50
IQ:1,8,11,-65,-190
IQ:2,16,11,-165,89
IQ:3,24,11,112,164
IQ:4,32,11,161,-109
IQ:5,40,11,-137,-140
IQ:6,48,11,-129,144
IQ:7,56,11,152,103
IQ:8,72,12,-174,-84
IQ:9,80,255,-94,186
IQ:10,88,1,154,94
IQ:11,96,255,58,-148
IQ:12,104,2,-164,0
IQ:13,112,255,8,188
IQ:14,120,10,177,1
IQ:15,128,255,-18,-178
IQ:16,136,3,-174,15
IQ:17,144,255,61,177
IQ:18,152,9,203,-66
IQ:19,160,255,-79,-196
IQ:20,168,4,-220,91
IQ:21,176,255,103,186
IQ:22,184,8,195,-119
IQ:23,192,255,-126,-161
IQ:24,200,7,-98,152
IQ:25,208,255,164,79
IQ:26,216,6,74,-183
IQ:27,224,255,-198,-48
IQ:28,232,5,-64,223
IQ:29,240,255,206,44
IQ:30,248,12,-25,-190
IQ:31,256,255,-198,36
IQ:32,264,1,29,167
IQ:33,272,255,158,-62
IQ:34,280,2,-95,-151
IQ:35,288,255,-137,111
SW:2
RR:3
SS:3
FR:2480
ME:2
MA:359
KE:14
KA:31
DF_END

Data arrived...
DF_BEGIN
IQ:0,0,11,-109,-166
IQ:1,8,11,-138,136
IQ:2,16,11,150,127
IQ:3,24,11,91,-173
IQ:4,32,11,-186,-81
IQ:5,40,11,-59,186
IQ:6,48,11,195,38
IQ:7,56,11,24,-198
IQ:8,72,12,-14,198
IQ:9,80,255,199,5
IQ:10,88,1,19,-184
IQ:11,96,255,-167,17
IQ:12,104,2,69,156
IQ:13,112,255,168,-97
IQ:14,120,10,-73,-158
IQ:15,128,255,-157,86
IQ:16,136,3,91,147
IQ:17,144,255,142,-126
IQ:18,152,9,-142,-151
IQ:19,160,255,-128,173
IQ:20,168,4,184,158
IQ:21,176,255,103,-186
IQ:22,184,8,-206,-120
IQ:23,192,255,-76,194
IQ:24,200,7,188,19
IQ:25,208,255,-9,-191
IQ:26,216,6,-196,27
IQ:27,224,255,46,202
IQ:28,232,5,227,-57
IQ:29,240,255,-50,-208
IQ:30,248,12,-162,118
IQ:31,256,255,117,173
IQ:32,264,1,137,-114
IQ:33,272,255,-123,-124
IQ:34,280,2,-88,147
IQ:35,288,255,171,61
SW:2
RR:3
SS:3
FR:2480
ME:2
MA:5
KE:13
KA:25
DF_END

Data arrived...
DF_BEGIN
IQ:0,0,11,-63,-116
IQ:1,8,11,-203,130
IQ:2,16,11,-7,95
IQ:3,24,11,101,-78
IQ:4,32,11,-94,-129
IQ:5,40,11,-158,109
IQ:6,48,11,109,104
IQ:7,56,11,16,-78
IQ:8,72,12,44,-58
IQ:9,80,255,-9,-81
IQ:10,88,1,-139,-28
IQ:11,96,255,72,243
IQ:12,104,2,122,26
IQ:13,112,255,78,-118
IQ:14,120,10,-260,-245
IQ:15,128,255,-219,147
IQ:16,136,3,-9,-5
IQ:17,144,255,-178,27
IQ:18,152,9,-263,136
IQ:19,160,255,105,251
IQ:20,168,4,148,55
IQ:21,176,255,80,-124
IQ:22,184,8,-1,217
IQ:23,192,255,142,82
IQ:24,200,7,166,-274
IQ:25,208,255,-149,-124
IQ:26,216,6,-8,92
IQ:27,224,255,114,86
IQ:28,232,5,218,-65
IQ:29,240,255,-90,-141
IQ:30,248,12,20,11
IQ:31,256,255,50,-63
IQ:32,264,1,-57,-77
IQ:33,272,255,-196,143
IQ:34,280,2,81,257
IQ:35,288,255,218,-42
SW:2
RR:3
SS:3
FR:2426
ME:2
MA:5
KE:11
KA:22
DF_END

Data arrived...
DF_BEGIN
IQ:0,0,11,22,-164
IQ:1,8,11,-180,-11
IQ:2,16,11,9,183
IQ:3,24,11,172,-20
IQ:4,32,11,-38,-167
IQ:5,40,11,-165,67
IQ:6,48,11,81,149
IQ:7,56,11,157,-82
IQ:8,72,12,-218,41
IQ:9,80,255,55,186
IQ:10,88,1,113,-62
IQ:11,96,255,-68,-88
IQ:12,104,2,48,75
IQ:13,112,255,143,-73
IQ:14,120,10,-20,-251
IQ:15,128,255,-281,-6
IQ:16,136,3,-158,285
IQ:17,144,255,188,140
IQ:18,152,9,15,-97
IQ:19,160,255,-125,84
IQ:20,168,4,121,326
IQ:21,176,255,280,-71
IQ:22,184,8,-69,-183
IQ:23,192,255,-151,79
IQ:24,200,7,96,43
IQ:25,208,255,50,-151
IQ:26,216,6,-155,-125
IQ:27,224,255,-64,140
IQ:28,232,5,238,-46
IQ:29,240,255,5,-294
IQ:30,248,12,-187,-137
IQ:31,256,255,-106,163
IQ:32,264,1,105,63
IQ:33,272,255,36,-95
IQ:34,280,2,-27,77
IQ:35,288,255,133,68
SW:2
RR:3
SS:3
FR:2402
ME:359
MA:5
KE:9
KA:18
DF_END

Data arrived...
DF_BEGIN
IQ:0,0,11,-64,-145
IQ:1,8,11,-137,60
IQ:2,16,11,78,125
IQ:3,24,11,114,-96
IQ:4,32,11,-100,-109
IQ:5,40,11,-104,110
IQ:6,48,11,122,71
IQ:7,56,11,57,-138
IQ:8,72,12,-66,134
IQ:9,80,255,139,53
IQ:10,88,1,42,-131
IQ:11,96,255,-126,-36
IQ:12,104,2,13,133
IQ:13,112,255,144,-20
IQ:14,120,10,-11,-133
IQ:15,128,255,-135,22
IQ:16,136,3,27,138
IQ:17,144,255,134,-53
IQ:18,152,9,-74,-139
IQ:19,160,255,-142,92
IQ:20,168,4,83,152
IQ:21,176,255,127,-104
IQ:22,184,8,-124,-122
IQ:23,192,255,-109,120
IQ:24,200,7,120,74
IQ:25,208,255,52,-133
IQ:26,216,6,-145,-28
IQ:27,224,255,-16,157
IQ:28,232,5,178,23
IQ:29,240,255,6,-162
IQ:30,248,12,-151,28
IQ:31,256,255,27,153
IQ:32,264,1,125,-35
IQ:33,272,255,-64,-116
IQ:34,280,2,-103,85
IQ:35,288,255,109,77
SW:2
RR:3
SS:3
FR:2480
ME:2
MA:5
KE:8
KA:15
DF_END

Data arrived...
DF_BEGIN
IQ:0,0,11,-139,109
IQ:1,8,11,114,131
IQ:2,16,11,125,-128
IQ:3,24,11,-149,-105
IQ:4,32,11,-92,149
IQ:5,40,11,162,78
IQ:6,48,11,69,-170
IQ:7,56,11,-168,-50
IQ:8,72,12,-17,-41
IQ:9,80,255,-80,18
IQ:10,88,1,32,127
IQ:11,96,255,165,-28
IQ:12,104,2,41,-212
IQ:13,112,255,-226,-25
IQ:14,120,10,-135,300
IQ:15,128,255,193,192
IQ:16,136,3,49,39
IQ:17,144,255,9,91
IQ:18,152,9,231,210
IQ:19,160,255,264,-146
IQ:20,168,4,7,-160
IQ:21,176,255,-97,38
IQ:22,184,8,145,9
IQ:23,192,255,33,-187
IQ:24,200,7,-204,-123
IQ:25,208,255,-124,186
IQ:26,216,6,128,74
IQ:27,224,255,74,-195
IQ:28,232,5,-196,-165
IQ:29,240,255,-149,119
IQ:30,248,12,11,-49
IQ:31,256,255,-78,-59
IQ:32,264,1,-64,112
IQ:33,272,255,128,112
IQ:34,280,2,182,-101
IQ:35,288,255,-85,-227
SW:2
RR:3
SS:3
FR:2426
ME:2
MA:5
KE:7
KA:13
DF_END

Data arrived...
DF_BEGIN
IQ:0,0,11,40,151
IQ:1,8,11,151,-54
IQ:2,16,11,-55,-143
IQ:3,24,11,-121,87
IQ:4,32,11,84,128
IQ:5,40,11,116,-105
IQ:6,48,11,-113,-103
IQ:7,56,11,-110,128
IQ:8,72,12,158,-85
IQ:9,80,255,-85,-111
IQ:10,88,1,-70,72
IQ:11,96,255,63,44
IQ:12,104,2,-56,-66
IQ:13,112,255,-122,101
IQ:14,120,10,70,207
IQ:15,128,255,232,-53
IQ:16,136,3,59,-237
IQ:17,144,255,-166,-68
IQ:18,152,9,27,63
IQ:19,160,255,86,-113
IQ:20,168,4,-157,-246
IQ:21,176,255,-207,106
IQ:22,184,8,94,117
IQ:23,192,255,101,-110
IQ:24,200,7,-97,-7
IQ:25,208,255,2,147
IQ:26,216,6,151,65
IQ:27,224,255,4,-127
IQ:28,232,5,-199,85
IQ:29,240,255,31,236
IQ:30,248,12,165,84
IQ:31,256,255,51,-133
IQ:32,264,1,-98,-10
IQ:33,272,255,12,79
IQ:34,280,2,20,-90
IQ:35,288,255,-134,-44
SW:2
RR:3
SS:3
FR:2402
ME:359
MA:5
KE:6
KA:12
DF_END

Data arrived...
DF_BEGIN
IQ:0,0,11,-126,81
IQ:1,8,11,93,110
IQ:2,16,11,109,-102
IQ:3,24,11,-115,-94
IQ:4,32,11,-77,126
IQ:5,40,11,139,46
IQ:6,48,11,33,-145
IQ:7,56,11,-151,-18
IQ:8,72,12,149,33
IQ:9,80,255,28,-153
IQ:10,88,1,-135,-17
IQ:11,96,255,7,131
IQ:12,104,2,121,-55
IQ:13,112,255,-56,-140
IQ:14,120,10,-126,38
IQ:15,128,255,62,121
IQ:16,136,3,113,-63
IQ:17,144,255,-97,-108
IQ:18,152,9,-130,97
IQ:19,160,255,115,108
IQ:20,168,4,107,-130
IQ:21,176,255,-142,-89
IQ:22,184,8,-96,148
IQ:23,192,255,142,68
IQ:24,200,7,25,-141
IQ:25,208,255,-141,-3
IQ:26,216,6,19,148
IQ:27,224,255,150,-34
IQ:28,232,5,-35,-179
IQ:29,240,255,-153,45
IQ:30,248,12,80,131
IQ:31,256,255,135,-78
IQ:32,264,1,-77,-110
IQ:33,272,255,-91,87
IQ:34,280,2,106,63
IQ:35,288,255,44,-125
SW:2
RR:3
SS:3
FR:2480
ME:2
MA:5
KE:5
KA:10
DF_END

Data arrived...
DF_BEGIN
IQ:0,0,11,-45,193
IQ:1,8,11,200,33
IQ:2,16,11,16,-206
IQ:3,24,11,-191,13
IQ:4,32,11,37,200
IQ:5,40,11,195,-58
IQ:6,48,11,-75,-186
IQ:7,56,11,-170,81
IQ:8,72,12,171,-111
IQ:9,80,255,-107,-180
IQ:10,88,1,-152,91
IQ:11,96,255,120,125
IQ:12,104,2,88,-159
IQ:13,112,255,-171,-88
IQ:14,120,10,-91,153
IQ:15,128,255,169,63
IQ:16,136,3,66,-174
IQ:17,144,255,-190,-38
IQ:18,152,9,-38,212
IQ:19,160,255,216,4
IQ:20,168,4,12,-241
IQ:21,176,255,-209,27
IQ:22,184,8,72,219
IQ:23,192,255,219,-53
IQ:24,200,7,-74,-173
IQ:25,208,255,-150,105
IQ:26,216,6,136,139
IQ:27,224,255,133,-161
IQ:28,232,5,-181,-144
IQ:29,240,255,-116,173
IQ:30,248,12,195,67
IQ:31,256,255,82,-199
IQ:32,264,1,-162,-52
IQ:33,272,255,-10,163
IQ:34,280,2,181,-27
IQ:35,288,255,-43,-164
SW:2
RR:3
SS:3
FR:2480
ME:2
MA:5
KE:4
KA:9
DF_END

Data arrived...
DF_BEGIN
IQ:0,0,11,-112,-118
IQ:1,8,11,-81,125
IQ:2,16,11,155,74
IQ:3,24,11,47,-196
IQ:4,32,11,-153,35
IQ:5,40,11,-36,123
IQ:6,48,11,74,22
IQ:7,56,11,31,-172
IQ:8,72,12,-57,1
IQ:9,80,255,-13,-5
IQ:10,88,1,13,89
IQ:11,96,255,111,61
IQ:12,104,2,150,-133
IQ:13,112,255,-31,-138
IQ:14,120,10,-228,45
IQ:15,128,255,30,159
IQ:16,136,3,15,122
IQ:17,144,255,-8,47
IQ:18,152,9,-20,377
IQ:19,160,255,244,69
IQ:20,168,4,151,-6
IQ:21,176,255,31,43
IQ:22,184,8,74,18
IQ:23,192,255,120,-46
IQ:24,200,7,30,-145
IQ:25,208,255,-168,-5
IQ:26,216,6,2,126
IQ:27,224,255,220,-53
IQ:28,232,5,74,-235
IQ:29,240,255,-156,-44
IQ:30,248,12,57,-40
IQ:31,256,255,-26,-165
IQ:32,264,1,-50,103
IQ:33,272,255,41,166
IQ:34,280,2,175,13
IQ:35,288,255,151,-204
SW:2
RR:3
SS:3
FR:2426
ME:44
MA:147
KE:7
KA:14
DF_END

Data arrived...
DF_BEGIN
IQ:0,0,11,-79,-155
IQ:1,8,11,-142,100
IQ:2,16,11,106,136
IQ:3,24,11,128,-125
IQ:4,32,11,-132,-118
IQ:5,40,11,-101,144
IQ:6,48,11,155,85
IQ:7,56,11,74,-155
IQ:8,72,12,-116,142
IQ:9,80,255,132,81
IQ:10,88,1,51,-106
IQ:11,96,255,-95,-14
IQ:12,104,2,90,69
IQ:13,112,255,113,-130
IQ:14,120,10,-124,-222
IQ:15,128,255,-229,120
IQ:16,136,3,34,255
IQ:17,144,255,189,-13
IQ:18,152,9,-83,-79
IQ:19,160,255,-68,158
IQ:20,168,4,231,201
IQ:21,176,255,195,-168
IQ:22,184,8,-143,-100
IQ:23,192,255,-73,135
IQ:24,200,7,115,-37
IQ:25,208,255,-47,-172
IQ:26,216,6,-181,-16
IQ:27,224,255,49,145
IQ:28,232,5,193,-138
IQ:29,240,255,-114,-241
IQ:30,248,12,-189,-5
IQ:31,256,255,9,161
IQ:32,264,1,112,-24
IQ:33,272,255,-37,-91
IQ:34,280,2,0,114
IQ:35,288,255,165,18
SW:2
RR:3
SS:3
FR:2402
ME:359
MA:5
KE:6
KA:12
DF_END

Data arrived...
DF_BEGIN
IQ:0,0,11,-147,26
IQ:1,8,11,39,153
IQ:2,16,11,140,-45
IQ:3,24,11,-72,-126
IQ:4,32,11,-132,80
IQ:5,40,11,80,127
IQ:6,48,11,102,-105
IQ:7,56,11,-119,-96
IQ:8,72,12,120,97
IQ:9,80,255,86,-132
IQ:10,88,1,-119,-84
IQ:11,96,255,-61,112
IQ:12,104,2,133,15
IQ:13,112,255,16,-142
IQ:14,120,10,-138,-22
IQ:15,128,255,-26,140
IQ:16,136,3,132,3
IQ:17,144,255,-35,-141
IQ:18,152,9,-159,40
IQ:19,160,255,65,156
IQ:20,168,4,171,-55
IQ:21,176,255,-69,-148
IQ:22,184,8,-147,95
IQ:23,192,255,97,127
IQ:24,200,7,97,-104
IQ:25,208,255,-121,-86
IQ:26,216,6,-71,133
IQ:27,224,255,146,54
IQ:28,232,5,47,-169
IQ:29,240,255,-160,-28
IQ:30,248,12,7,160
IQ:31,256,255,155,0
IQ:32,264,1,-12,-133
IQ:33,272,255,-130,30
IQ:34,280,2,55,123
IQ:35,288,255,115,-75
SW:2
RR:3
SS:3
FR:2480
ME:2
MA:5
KE:5
KA:11
DF_END

Data arrived...
DF_BEGIN
IQ:0,0,11,-42,-164
IQ:1,8,11,-159,43
IQ:2,16,11,56,151
IQ:3,24,11,161,-79
IQ:4,32,11,-79,-136
IQ:5,40,11,-130,89
IQ:6,48,11,117,124
IQ:7,56,11,114,-122
IQ:8,72,12,43,-35
IQ:9,80,255,-19,-79
IQ:10,88,1,-128,11
IQ:11,96,255,-23,153
IQ:12,104,2,167,92
IQ:13,112,255,82,-193
IQ:14,120,10,-218,-197
IQ:15,128,255,-222,110
IQ:16,136,3,-74,27
IQ:17,144,255,-112,4
IQ:18,152,9,-251,147
IQ:19,160,255,57,277
IQ:20,168,4,119,60
IQ:21,176,255,19,-84
IQ:22,184,8,-47,120
IQ:23,192,255,142,89
IQ:24,200,7,135,-153
IQ:25,208,255,-137,-148
IQ:26,216,6,-105,84
IQ:27,224,255,128,121
IQ:28,232,5,212,-99
IQ:29,240,255,-36,-173
IQ:30,248,12,50,7
IQ:31,256,255,52,-57
IQ:32,264,1,-86,-87
IQ:33,272,255,-127,89
IQ:34,280,2,32,194
IQ:35,288,255,216,13
SW:2
RR:3
SS:3
FR:2426
ME:47
MA:156
KE:9
KA:16
DF_END

Data arrived...
DF_BEGIN
IQ:0,0,11,-138,92
IQ:1,8,11,105,128
IQ:2,16,11,111,-115
IQ:3,24,11,-132,-104
IQ:4,32,11,-100,134
IQ:5,40,11,145,75
IQ:6,48,11,64,-157
IQ:7,56,11,-162,-47
IQ:8,72,12,138,115
IQ:9,80,255,86,-142
IQ:10,88,1,-114,-37
IQ:11,96,255,-11,93
IQ:12,104,2,50,-93
IQ:13,112,255,-139,-87
IQ:14,120,10,-185,142
IQ:15,128,255,138,216
IQ:16,136,3,253,-26
IQ:17,144,255,-14,-186
IQ:18,152,9,-71,74
IQ:19,160,255,156,53
IQ:20,168,4,171,-237
IQ:21,176,255,-194,-159
IQ:22,184,8,-95,141
IQ:23,192,255,143,68
IQ:24,200,7,-39,-113
IQ:25,208,255,-164,69
IQ:26,216,6,2,178
IQ:27,224,255,139,-62
IQ:28,232,5,-162,-170
IQ:29,240,255,-235,132
IQ:30,248,12,-8,193
IQ:31,256,255,151,-7
IQ:32,264,1,-32,-111
IQ:33,272,255,-84,35
IQ:34,280,2,105,-20
IQ:35,288,255,7,-163
SW:2
RR:3
SS:3
FR:2402
ME:359
MA:5
KE:8
KA:14
DF_END