IQ:25,208,255,-139,6
IQ:26,216,6,61,64
IQ:27,224,255,123,-94
IQ:28,232,5,-14,-185
IQ:29,240,255,-101,-34
IQ:30,248,12,66,-122
IQ:31,256,255,-96,-105
IQ:32,264,1,-113,98
IQ:33,272,255,81,111
IQ:34,280,2,61,-77
IQ:35,288,255,-83,-26
SW:2
RR:3
SS:3
FR:2480
ME:13
MA:16
KE:6
KA:9
DF_END

Data arrived...
DF_BEGIN
IQ:0,0,11,74,46
IQ:1,8,11,34,-77
IQ:2,16,11,-80,-24
IQ:3,24,11,-19,83
IQ:4,32,11,81,-5
IQ:5,40,11,0,-70
IQ:6,48,11,-85,17
IQ:7,56,11,24,71
IQ:8,72,12,-15,-61
IQ:9,80,255,-56,131
IQ:10,88,1,232,85
IQ:11,96,255,94,-247
IQ:12,104,2,-236,-47
IQ:13,112,255,-8,262
IQ:14,120,10,338,-116
IQ:15,128,255,-109,-327
IQ:16,136,3,-205,248
IQ:17,144,255,346,294
IQ:18,152,9,506,-308
IQ:19,160,255,-228,-492
IQ:20,168,4,-371,335
IQ:21,176,255,347,407
IQ:22,184,8,456,-220
IQ:23,192,255,-209,-343
IQ:24,200,7,-288,406
IQ:25,208,255,354,254
IQ:26,216,6,108,-311
IQ:27,224,255,-469,-76
IQ:28,232,5,-315,468
IQ:29,240,255,341,261
IQ:30,248,12,-15,-66
IQ:31,256,255,-99,110
IQ:32,264,1,189,148
IQ:33,272,255,177,-226
IQ:34,280,2,-201,-110
IQ:35,288,255,-127,193
SW:2
RR:3
SS:3
FR:2426
ME:2
MA:353
KE:6
KA:7
DF_END

Data arrived...
DF_BEGIN
IQ:0,0,11,167,-34
IQ:1,8,11,-48,-168
IQ:2,16,11,-153,78
IQ:3,24,11,89,155
IQ:4,32,11,138,-107
IQ:5,40,11,-131,-126
IQ:6,48,11,-119,142
IQ:7,56,11,149,88
IQ:8,72,12,-180,-34
IQ:9,80,255,1,212
IQ:10,88,1,174,-26
IQ:11,96,255,-61,-208
IQ:12,104,2,-211,73
IQ:13,112,255,126,186
IQ:14,120,10,122,-221
IQ:15,128,255,-246,-151
IQ:16,136,3,-143,268
IQ:17,144,255,302,107
IQ:18,152,9,81,-362
IQ:19,160,255,-382,-59
IQ:20,168,4,-18,434
IQ:21,176,255,457,28
IQ:22,184,8,125,-452
IQ:23,192,255,-388,-53
IQ:24,200,7,107,470
IQ:25,208,255,446,-86
IQ:26,216,6,-105,-287
IQ:27,224,255,-311,215
IQ:28,232,5,209,454
IQ:29,240,255,382,-136
IQ:30,248,12,-155,-80
IQ:31,256,255,-59,201
IQ:32,264,1,182,36
IQ:33,272,255,13,-218
IQ:34,280,2,-217,1
IQ:35,288,255,26,226
SW:2
RR:3
SS:3
FR:2402
ME:2
MA:5
KE:5
KA:7
DF_END

Data arrived...
DF_BEGIN
IQ:0,0,11,-101,-149
IQ:1,8,11,-144,111
IQ:2,16,11,129,130
IQ:3,24,11,91,-157
IQ:4,32,11,-168,-78
IQ:5,40,11,-63,180
IQ:6,48,11,180,28
IQ:7,56,11,-9,-174
IQ:8,72,12,33,164
IQ:9,80,255,175,-7
IQ:10,88,1,-1,-170
IQ:11,96,255,-171,-10
IQ:12,104,2,38,118
IQ:13,112,255,111,-68
IQ:14,120,10,-156,-249
IQ:15,128,255,-250,107
IQ:16,136,3,103,161
IQ:17,144,255,170,-152
IQ:18,152,9,-161,-318
IQ:19,160,255,-278,111
IQ:20,168,4,98,206
IQ:21,176,255,194,-115
IQ:22,184,8,-75,-259
IQ:23,192,255,-195,57
IQ:24,200,7,139,145
IQ:25,208,255,131,-106
IQ:26,216,6,-113,-15
IQ:27,224,255,-29,191
IQ:28,232,5,148,179
IQ:29,240,255,128,-29
IQ:30,248,12,-4,172
IQ:31,256,255,169,40
IQ:32,264,1,36,-175
IQ:33,272,255,-164,-33
IQ:34,280,2,-22,113
IQ:35,288,255,102,-17
SW:2
RR:3
SS:3
FR:2480
ME:13
MA:19
KE:6
KA:8
DF_END

Data arrived...
DF_BEGIN
IQ:0,0,11,-73,-8
IQ:1,8,11,11,74
IQ:2,16,11,68,-13
IQ:3,24,11,-31,-76
IQ:4,32,11,-69,33
IQ:5,40,11,45,60
IQ:6,48,11,45,-35
IQ:7,56,11,-55,-56
IQ:8,72,12,59,40
IQ:9,80,255,-44,-118
IQ:10,88,1,-224,56
IQ:11,96,255,57,259
IQ:12,104,2,200,-85
IQ:13,112,255,-146,-187
IQ:14,120,10,-167,319
IQ:15,128,255,260,235
IQ:16,136,3,60,-314
IQ:17,144,255,-434,-90
IQ:18,152,9,-231,534
IQ:19,160,255,490,188
IQ:20,168,4,148,-501
IQ:21,176,255,-499,-207
IQ:22,184,8,-292,375
IQ:23,192,255,363,132
IQ:24,200,7,63,-497
IQ:25,208,255,-437,-42
IQ:26,216,6,102,308
IQ:27,224,255,406,-179
IQ:28,232,5,-1,-575
IQ:29,240,255,-442,-61
IQ:30,248,12,24,36
IQ:31,256,255,18,-155
IQ:32,264,1,-250,-6
IQ:33,272,255,1,273
IQ:34,280,2,215,-28
IQ:35,288,255,-36,-229
SW:2
RR:3
SS:3
FR:2426
ME:2
MA:353
KE:5
KA:6
DF_END

Data arrived...
DF_BEGIN
IQ:0,0,11,-38,-74
IQ:1,8,11,-68,40
IQ:2,16,11,64,42
IQ:3,24,11,48,-65
IQ:4,32,11,-50,-54
IQ:5,40,11,-36,66
IQ:6,48,11,73,33
IQ:7,56,11,20,-77
IQ:8,72,12,1,67
IQ:9,80,255,87,-110
IQ:10,88,1,-177,-146
IQ:11,96,255,-154,199
IQ:12,104,2,200,98
IQ:13,112,255,72,-236
IQ:14,120,10,-355,10
IQ:15,128,255,-18,354
IQ:16,136,3,291,-133
IQ:17,144,255,-195,-385
IQ:18,152,9,-555,147
IQ:19,160,255,90,554
IQ:20,168,4,468,-159
IQ:21,176,255,-143,-515
IQ:22,184,8,-492,-23
IQ:23,192,255,83,370
IQ:24,200,7,385,-317
IQ:25,208,255,-239,-385
IQ:26,216,6,-232,234
IQ:27,224,255,384,263
IQ:28,232,5,471,-322
IQ:29,240,255,-201,-385
IQ:30,248,12,-13,58
IQ:31,256,255,133,-72
IQ:32,264,1,-124,-208
IQ:33,272,255,-225,162
IQ:34,280,2,137,160
IQ:35,288,255,183,-131
SW:2
RR:3
SS:3
FR:2426
ME:2
MA:353
KE:5
KA:5
DF_END

Data arrived...
DF_BEGIN
IQ:0,0,11,147,115
IQ:1,8,11,112,-153
IQ:2,16,11,-164,-71
IQ:3,24,11,-46,173
IQ:4,32,11,184,21
IQ:5,40,11,-3,-194
IQ:6,48,11,-179,11
IQ:7,56,11,31,174
IQ:8,72,12,-99,-165
IQ:9,80,255,-159,139
IQ:10,88,1,146,106
IQ:11,96,255,108,-198
IQ:12,104,2,-204,-115
IQ:13,112,255,-62,214
IQ:14,120,10,254,-61
IQ:15,128,255,-60,-299
IQ:16,136,3,-302,63
IQ:17,144,255,103,307
IQ:18,152,9,344,-157
IQ:19,160,255,-212,-328
IQ:20,168,4,-329,280
IQ:21,176,255,300,350
IQ:22,184,8,426,-223
IQ:23,192,255,-254,-306
IQ:24,200,7,-280,416
IQ:25,208,255,338,285
IQ:26,216,6,158,-276
IQ:27,224,255,-368,-102
IQ:28,232,5,-177,462
IQ:29,240,255,378,148
IQ:30,248,12,-46,-181
IQ:31,256,255,-217,64
IQ:32,264,1,82,169
IQ:33,272,255,166,-146
IQ:34,280,2,-156,-170
IQ:35,288,255,-165,169
SW:2
RR:3
SS:3
FR:2402
ME:2
MA:5
KE:5
KA:5
DF_END

Data arrived...
DF_BEGIN
IQ:0,0,11,18,215
IQ:1,8,11,206,-42
IQ:2,16,11,-108,-194
IQ:3,24,11,-176,111
IQ:4,32,11,135,163
IQ:5,40,11,150,-159
IQ:6,48,11,-183,-119
IQ:7,56,11,-93,190
IQ:8,72,12,49,-190
IQ:9,80,255,-209,-76
IQ:10,88,1,-98,203
IQ:11,96,255,168,120
IQ:12,104,2,27,-141
IQ:13,112,255,-168,14
IQ:14,120,10,49,386
IQ:15,128,255,322,44
IQ:16,136,3,13,-217
IQ:17,144,255,-271,60
IQ:18,152,9,18,445
IQ:19,160,255,372,22
IQ:20,168,4,-5,-279
IQ:21,176,255,-275,22
IQ:22,184,8,-80,319
IQ:23,192,255,232,30
IQ:24,200,7,-62,-263
IQ:25,208,255,-214,10
IQ:26,216,6,99,73
IQ:27,224,255,141,-187
IQ:28,232,5,-59,-278
IQ:29,240,255,-161,-32
IQ:30,248,12,88,-195
IQ:31,256,255,-164,-122
IQ:32,264,1,-141,182
IQ:33,272,255,141,161
IQ:34,280,2,78,-123
IQ:35,288,255,-126,-28
SW:2
RR:3
SS:3
FR:2480
ME:13
MA:19
KE:6
KA:6
DF_END

Data arrived...
DF_BEGIN
IQ:0,0,11,74,-29
IQ:1,8,11,-37,-57
IQ:2,16,11,-50,47
IQ:3,24,11,69,54
IQ:4,32,11,58,-70
IQ:5,40,11,-66,-27
IQ:6,48,11,-22,71
IQ:7,56,11,67,20
IQ:8,72,12,-73,-9
IQ:9,80,255,93,88
IQ:10,88,1,175,-155
IQ:11,96,255,-171,-202
IQ:12,104,2,-139,159
IQ:13,112,255,206,91
IQ:14,120,10,-25,-357
IQ:15,128,255,-358,-43
IQ:16,136,3,100,306
IQ:17,144,255,416,-155
IQ:18,152,9,-67,-586
IQ:19,160,255,-518,26
IQ:20,168,4,139,498
IQ:21,176,255,522,-97
IQ:22,184,8,31,-505
IQ:23,192,255,-411,47
IQ:24,200,7,240,450
IQ:25,208,255,412,-179
IQ:26,216,6,-227,-225
IQ:27,224,255,-283,372
IQ:28,232,5,249,503
IQ:29,240,255,411,-118
IQ:30,248,12,-54,-12
IQ:31,256,255,45,127
IQ:32,264,1,205,-113
IQ:33,272,255,-122,-235
IQ:34,280,2,-176,116
IQ:35,288,255,107,182
SW:2
RR:3
SS:3
FR:2426
ME:2
MA:353
KE:5
KA:5
DF_END

Data arrived...
DF_BEGIN
IQ:0,0,11,158,101
IQ:1,8,11,83,-173
IQ:2,16,11,-182,-65
IQ:3,24,11,-42,187
IQ:4,32,11,189,27
IQ:5,40,11,-5,-194
IQ:6,48,11,-187,24
IQ:7,56,11,66,180
IQ:8,72,12,-113,-167
IQ:9,80,255,-152,161
IQ:10,88,1,162,103
IQ:11,96,255,91,-226
IQ:12,104,2,-207,-81
IQ:13,112,255,-45,231
IQ:14,120,10,265,-52
IQ:15,128,255,-55,-303
IQ:16,136,3,-288,84
IQ:17,144,255,146,280
IQ:18,152,9,318,-234
IQ:19,160,255,-280,-293
IQ:20,168,4,-301,330
IQ:21,176,255,310,338
IQ:22,184,8,398,-260
IQ:23,192,255,-266,-300
IQ:24,200,7,-247,410
IQ:25,208,255,372,208
IQ:26,216,6,69,-312
IQ:27,224,255,-397,-32
IQ:28,232,5,-144,495
IQ:29,240,255,389,126
IQ:30,248,12,-70,-166
IQ:31,256,255,-208,122
IQ:32,264,1,124,148
IQ:33,272,255,157,-184
IQ:34,280,2,-175,-146
IQ:35,288,255,-126,204
SW:2
RR:3
SS:3
FR:2402
ME:2
MA:2
KE:5
KA:4
DF_END

Data arrived...
DF_BEGIN
IQ:0,0,11,-108,-150
IQ:1,8,11,-136,132
IQ:2,16,11,147,125
IQ:3,24,11,115,-165
IQ:4,32,11,-168,-97
IQ:5,40,11,-69,178
IQ:6,48,11,183,38
IQ:7,56,11,11,-193
IQ:8,72,12,38,205
IQ:9,80,255,206,-81
IQ:10,88,1,-122,-162
IQ:11,96,255,-184,155
IQ:12,104,2,147,166
IQ:13,112,255,125,-203
IQ:14,120,10,-271,-64
IQ:15,128,255,-77,299
IQ:16,136,3,292,47
IQ:17,144,255,-45,-312
IQ:18,152,9,-382,99
IQ:19,160,255,114,394
IQ:20,168,4,415,-159
IQ:21,176,255,-147,-425
IQ:22,184,8,-457,114
IQ:23,192,255,122,398
IQ:24,200,7,411,-264
IQ:25,208,255,-227,-377
IQ:26,216,6,-212,226
IQ:27,224,255,346,180
IQ:28,232,5,314,-395
IQ:29,240,255,-322,-265
IQ:30,248,12,-11,199
IQ:31,256,255,236,-17
IQ:32,264,1,-66,-182
IQ:33,272,255,-216,103
IQ:34,280,2,93,203
IQ:35,288,255,200,-125
SW:2
RR:3
SS:3
FR:2402
ME:2
MA:5
KE:4
KA:4
DF_END

Data arrived...
DF_BEGIN
IQ:0,0,11,33,146
IQ:1,8,11,138,-50
IQ:2,16,11,-56,-145
IQ:3,24,11,-124,83
IQ:4,32,11,103,99
IQ:5,40,11,89,-119
IQ:6,48,11,-129,-78
IQ:7,56,11,-68,122
IQ:8,72,12,15,-132
IQ:9,80,255,-141,-43
IQ:10,88,1,-48,136
IQ:11,96,255,133,54
IQ:12,104,2,15,-97
IQ:13,112,255,-105,16
IQ:14,120,10,60,258
IQ:15,128,255,230,2
IQ:16,136,3,-23,-158
IQ:17,144,255,-175,74
IQ:18,152,9,46,281
IQ:19,160,255,250,-18
IQ:20,168,4,-24,-201
IQ:21,176,255,-181,41
IQ:22,184,8,-20,222
IQ:23,192,255,166,0
IQ:24,200,7,-75,-169
IQ:25,208,255,-138,57
IQ:26,216,6,82,39
IQ:27,224,255,77,-144
IQ:28,232,5,-83,-177
IQ:29,240,255,-103,-10
IQ:30,248,12,54,-129
IQ:31,256,255,-119,-83
IQ:32,264,1,-75,130
IQ:33,272,255,113,90
IQ:34,280,2,49,-91
IQ:35,288,255,-81,-14
SW:2
RR:3
SS:3
FR:2480
ME:13
MA:19
KE:5
KA:5
DF_END

Data arrived...
DF_BEGIN
IQ:0,0,11,-85,47
IQ:1,8,11,57,74
IQ:2,16,11,69,-71
IQ:3,24,11,-65,-46
IQ:4,32,11,-28,80
IQ:5,40,11,99,48
IQ:6,48,11,9,-106
IQ:7,56,11,-92,-8
IQ:8,72,12,68,12
IQ:9,80,255,-90,-111
IQ:10,88,1,-210,152
IQ:11,96,255,170,230
IQ:12,104,2,166,-180
IQ:13,112,255,-223,-125
IQ:14,120,10,-41,373
IQ:15,128,255,362,68
IQ:16,136,3,-82,-326
IQ:17,144,255,-435,135
IQ:18,152,9,55,592
IQ:19,160,255,534,-83
IQ:20,168,4,-166,-496
IQ:21,176,255,-537,110
IQ:22,184,8,-36,516
IQ:23,192,255,430,-20
IQ:24,200,7,-191,-473
IQ:25,208,255,-400,195
IQ:26,216,6,240,245
IQ:27,224,255,328,-363
IQ:28,232,5,-249,-531
IQ:29,240,255,-438,144
IQ:30,248,12,68,11
IQ:31,256,255,-65,-147
IQ:32,264,1,-233,98
IQ:33,272,255,117,270
IQ:34,280,2,213,-112
IQ:35,288,255,-106,-211
SW:2
RR:3
SS:3
FR:2426
ME:5
MA:5
KE:5
KA:5
DF_END

Data arrived...
DF_BEGIN
IQ:0,0,11,33,-80
IQ:1,8,11,-100,-2
IQ:2,16,11,-18,98
IQ:3,24,11,86,-7
IQ:4,32,11,-31,-81
IQ:5,40,11,-82,32
IQ:6,48,11,37,75
IQ:7,56,11,78,-46
IQ:8,72,12,-56,31
IQ:9,80,255,143,20
IQ:10,88,1,29,-267
IQ:11,96,255,-294,-32
IQ:12,104,2,6,231
IQ:13,112,255,251,-48
IQ:14,120,10,-234,-282
IQ:15,128,255,-310,212
IQ:16,136,3,287,159
IQ:17,144,255,211,-428
IQ:18,152,9,-453,-389
IQ:19,160,255,-380,397
IQ:20,168,4,429,293
IQ:21,176,255,298,-450
IQ:22,184,8,-283,-417
IQ:23,192,255,-267,316
IQ:24,200,7,459,174
IQ:25,208,255,166,-424
IQ:26,216,6,-354,-28
IQ:27,224,255,37,478
IQ:28,232,5,559,106
IQ:29,240,255,172,-422
IQ:30,248,12,-56,17
IQ:31,256,255,152,68
IQ:32,264,1,88,-237
IQ:33,272,255,-269,-114
IQ:34,280,2,-81,237
IQ:35,288,255,234,72
SW:2
RR:3
SS:3
FR:2426
ME:2
MA:353
KE:5
KA:4
DF_END

Data arrived...
DF_BEGIN
IQ:0,0,11,108,-152
IQ:1,8,11,-169,-84
IQ:2,16,11,-75,171
IQ:3,24,11,171,47
IQ:4,32,11,29,-189
IQ:5,40,11,-180,-4
IQ:6,48,11,27,187
IQ:7,56,11,172,-50
IQ:8,72,12,-172,111
IQ:9,80,255,149,153
IQ:10,88,1,115,-156
IQ:11,96,255,-207,-113
IQ:12,104,2,-97,219
IQ:13,112,255,241,44
IQ:14,120,10,-61,-272
IQ:15,128,255,-295,57
IQ:16,136,3,97,286
IQ:17,144,255,293,-133
IQ:18,152,9,-196,-339
IQ:19,160,255,-347,213
IQ:20,168,4,290,320
IQ:21,176,255,348,-314
IQ:22,184,8,-210,-416
IQ:23,192,255,-312,252
IQ:24,200,7,406,285
IQ:25,208,255,284,-337
IQ:26,216,6,-280,-118
IQ:27,224,255,-38,392
IQ:28,232,5,490,144
IQ:29,240,255,159,-380
IQ:30,248,12,-189,53
IQ:31,256,255,86,210
IQ:32,264,1,159,-109
IQ:33,272,255,-167,-166
IQ:34,280,2,-144,180
IQ:35,288,255,198,142
SW:2
RR:3
SS:3
FR:2402
ME:2
MA:356
KE:4
KA:3
DF_END

Data arrived...
DF_BEGIN
IQ:0,0,11,-155,61
IQ:1,8,11,90,148
IQ:2,16,11,127,-98
IQ:3,24,11,-119,-111
IQ:4,32,11,-99,142
IQ:5,40,11,145,89
IQ:6,48,11,68,-149
IQ:7,56,11,-159,-47
IQ:8,72,12,144,1
IQ:9,80,255,5,-155
IQ:10,88,1,-163,-18
IQ:11,96,255,-47,149
IQ:12,104,2,103,0
IQ:13,112,255,-51,-110
IQ:14,120,10,-249,120
IQ:15,128,255,62,237
IQ:16,136,3,171,-27
IQ:17,144,255,-102,-169
IQ:18,152,9,-271,120
IQ:19,160,255,73,250
IQ:20,168,4,192,-82
IQ:21,176,255,-88,-180
IQ:22,184,8,-223,35
IQ:23,192,255,43,168
IQ:24,200,7,137,-119
IQ:25,208,255,-98,-104
IQ:26,216,6,-32,99
IQ:27,224,255,158,58
IQ:28,232,5,162,-101
IQ:29,240,255,-19,-96
IQ:30,248,12,148,47
IQ:31,256,255,58,-140
IQ:32,264,1,-149,-28
IQ:33,272,255,-59,150
IQ:34,280,2,106,21
IQ:35,288,255,-3,-98
SW:2
RR:3
SS:3
FR:2480
ME:10
MA:16
KE:5
KA:4
DF_END

Data arrived...
DF_BEGIN
IQ:0,0,11,-70,-42
IQ:1,8,11,-45,69
IQ:2,16,11,77,25
IQ:3,24,11,12,-80
IQ:4,32,11,-88,-13
IQ:5,40,11,-1,80
IQ:6,48,11,83,-4
IQ:7,56,11,-23,-80
IQ:8,72,12,8,56
IQ:9,80,255,47,-119
IQ:10,88,1,-205,-124
IQ:11,96,255,-173,203
IQ:12,104,2,201,89
IQ:13,112,255,40,-237
IQ:14,120,10,-366,100
IQ:15,128,255,37,349
IQ:16,136,3,277,-171
IQ:17,144,255,-256,-383
IQ:18,152,9,-537,170
IQ:19,160,255,182,489
IQ:20,168,4,429,-258
IQ:21,176,255,-250,-473
IQ:22,184,8,-500,68
IQ:23,192,255,126,387
IQ:24,200,7,393,-289
IQ:25,208,255,-277,-362
IQ:26,216,6,-162,285
IQ:27,224,255,425,178
IQ:28,232,5,395,-405
IQ:29,240,255,-259,-357
IQ:30,248,12,-8,31
IQ:31,256,255,97,-100
IQ:32,264,1,-151,-182
IQ:33,272,255,-211,164
IQ:34,280,2,158,165
IQ:35,288,255,169,-143
SW:2
RR:3
SS:3
FR:2426
ME:2
MA:353
KE:5
KA:3
DF_END

Data arrived...
DF_BEGIN
IQ:0,0,11,37,-57
IQ:1,8,11,-52,-55
IQ:2,16,11,-43,54
IQ:3,24,11,70,11
IQ:4,32,11,12,-81
IQ:5,40,11,-91,3
IQ:6,48,11,-4,73
IQ:7,56,11,71,-10
IQ:8,72,12,-55,29
IQ:9,80,255,117,20
IQ:10,88,1,70,-222
IQ:11,96,255,-259,-81
IQ:12,104,2,-23,211
IQ:13,112,255,229,-37
IQ:14,120,10,-177,-315
IQ:15,128,255,-323,91
IQ:16,136,3,247,198
IQ:17,144,255,258,-346
IQ:18,152,9,-372,-420
IQ:19,160,255,-393,338
IQ:20,168,4,383,298
IQ:21,176,255,332,-373
IQ:22,184,8,-225,-458
IQ:23,192,255,-320,222
IQ:24,200,7,408,238
IQ:25,208,255,214,-371
IQ:26,216,6,-317,-53
IQ:27,224,255,-27,448
IQ:28,232,5,530,277
IQ:29,240,255,274,-347
IQ:30,248,12,-51,9
IQ:31,256,255,109,70
IQ:32,264,1,97,-208
IQ:33,272,255,-216,-161
IQ:34,280,2,-92,199
IQ:35,288,255,205,114
SW:2
RR:3
SS:3
FR:2426
ME:2
MA:353
KE:4
KA:2
DF_END

Data arrived...
DF_BEGIN
IQ:0,0,11,128,105
IQ:1,8,11,93,-145
IQ:2,16,11,-150,-70
IQ:3,24,11,-60,153
IQ:4,32,11,182,25
IQ:5,40,11,21,-172
IQ:6,48,11,-171,-8
IQ:7,56,11,26,171
IQ:8,72,12,-80,-157
IQ:9,80,255,-155,120
IQ:10,88,1,139,122
IQ:11,96,255,116,-180
IQ:12,104,2,-186,-116
IQ:13,112,255,-88,202
IQ:14,120,10,256,-24
IQ:15,128,255,-23,-287
IQ:16,136,3,-299,35
IQ:17,144,255,83,302
IQ:18,152,9,341,-157
IQ:19,160,255,-195,-334
IQ:20,168,4,-337,239
IQ:21,176,255,249,364
IQ:22,184,8,425,-173
IQ:23,192,255,-192,-341
IQ:24,200,7,-307,358
IQ:25,208,255,311,304
IQ:26,216,6,134,-262
IQ:27,224,255,-380,-78
IQ:28,232,5,-223,460
IQ:29,240,255,333,209
IQ:30,248,12,-37,-171
IQ:31,256,255,-200,66
IQ:32,264,1,94,152
IQ:33,272,255,167,-161
IQ:34,280,2,-142,-168
IQ:35,288,255,-168,146
SW:2
RR:3
SS:3
FR:2402
ME:2
MA:2
KE:4
KA:2
DF_END

Data arrived...
DF_BEGIN
IQ:0,0,11,-154,67
IQ:1,8,11,66,140
IQ:2,16,11,113,-93
IQ:3,24,11,-115,-115
IQ:4,32,11,-105,123
IQ:5,40,11,124,98
IQ:6,48,11,64,-128
IQ:7,56,11,-163,-40
IQ:8,72,12,138,-11
IQ:9,80,255,2,-147
IQ:10,88,1,-158,-5
IQ:11,96,255,-34,150
IQ:12,104,2,100,-9
IQ:13,112,255,-52,-106
IQ:14,120,10,-246,128
IQ:15,128,255,53,230
IQ:16,136,3,149,-37
IQ:17,144,255,-88,-161
IQ:18,152,9,-267,102
IQ:19,160,255,61,242
IQ:20,168,4,177,-74
IQ:21,176,255,-77,-179
IQ:22,184,8,-231,16
IQ:23,192,255,31,158
IQ:24,200,7,154,-96
IQ:25,208,255,-75,-124
IQ:26,216,6,-31,103
IQ:27,224,255,145,63
IQ:28,232,5,148,-100
IQ:29,240,255,-31,-89
IQ:30,248,12,148,36
IQ:31,256,255,47,-131
IQ:32,264,1,-149,-51
IQ:33,272,255,-56,143
IQ:34,280,2,93,25
IQ:35,288,255,-11,-86
SW:2
RR:3
SS:3
FR:2480
ME:10
MA:13
KE:4
KA:3
DF_END

Data arrived...
DF_BEGIN
IQ:0,0,11,-84,130
IQ:1,8,11,139,87
IQ:2,16,11,69,-138
IQ:3,24,11,-152,-39
IQ:4,32,11,-7,153
IQ:5,40,11,165,-16
IQ:6,48,11,-32,-157
IQ:7,56,11,-150,52
IQ:8,72,12,117,-80
IQ:9,80,255,-76,-131
IQ:10,88,1,-135,57
IQ:11,96,255,40,138
IQ:12,104,2,85,-53
IQ:13,112,255,-76,-69
IQ:14,120,10,-143,220
IQ:15,128,255,159,168
IQ:16,136,3,110,-118
IQ:17,144,255,-167,-82
IQ:18,152,9,-162,237
IQ:19,160,255,188,173
IQ:20,168,4,100,-166
IQ:21,176,255,-162,-94
IQ:22,184,8,-177,141
IQ:23,192,255,120,127
IQ:24,200,7,83,-171
IQ:25,208,255,-129,-60
IQ:26,216,6,24,91
IQ:27,224,255,159,-26
IQ:28,232,5,97,-158
IQ:29,240,255,-58,-82
IQ:30,248,12,137,-57
IQ:31,256,255,-35,-140
IQ:32,264,1,-145,36
IQ:33,272,255,21,145
IQ:34,280,2,99,-41
IQ:35,288,255,-48,-83
SW:2
RR:3
SS:3
FR:2480
ME:13
MA:19
KE:5
KA:4
DF_END

Data arrived...
DF_BEGIN
IQ:0,0,11,-103,131
IQ:1,8,11,147,95
IQ:2,16,11,67,-159
IQ:3,24,11,-169,-57
IQ:4,32,11,-44,172
IQ:5,40,11,169,4
IQ:6,48,11,8,-184
IQ:7,56,11,-167,16
IQ:8,72,12,156,-98
IQ:9,80,255,-148,-160
IQ:10,88,1,-135,139
IQ:11,96,255,173,135
IQ:12,104,2,109,-175
IQ:13,112,255,-209,-51
IQ:14,120,10,67,251
IQ:15,128,255,289,-36
IQ:16,136,3,-56,-286
IQ:17,144,255,-280,144
IQ:18,152,9,197,319
IQ:19,160,255,330,-220
IQ:20,168,4,-257,-332
IQ:21,176,255,-363,261
IQ:22,184,8,189,411
IQ:23,192,255,311,-234
IQ:24,200,7,-367,-303
IQ:25,208,255,-270,320
IQ:26,216,6,282,99
IQ:27,224,255,52,-385
I