KE:0
KA:0
DF_END

Data arrived...
DF_BEGIN
IQ:0,0,11,-14,185
IQ:1,8,11,179,10
IQ:2,16,11,-20,-188
IQ:3,24,11,-183,25
IQ:4,32,11,41,172
IQ:5,40,11,176,-62
IQ:6,48,11,-71,-183
IQ:7,56,11,-156,81
IQ:8,72,12,157,-144
IQ:9,80,255,-130,-122
IQ:10,88,1,-77,190
IQ:11,96,255,176,68
IQ:12,104,2,-15,-146
IQ:13,112,255,-180,5
IQ:14,120,10,-41,157
IQ:15,128,255,151,11
IQ:16,136,3,-60,-145
IQ:17,144,255,-161,57
IQ:18,152,9,54,154
IQ:19,160,255,177,-83
IQ:20,168,4,-27,-225
IQ:21,176,255,-173,54
IQ:22,184,8,123,181
IQ:23,192,255,169,-111
IQ:24,200,7,-151,-94
IQ:25,208,255,-108,179
IQ:26,216,6,138,117
IQ:27,224,255,96,-155
IQ:28,232,5,-140,-92
IQ:29,240,255,-62,159
IQ:30,248,12,194,90
IQ:31,256,255,43,-167
IQ:32,264,1,-220,15
IQ:33,272,255,-7,197
IQ:34,280,2,128,-60
IQ:35,288,255,-75,-168
SW:2
RR:3
SS:3
FR:2402
ME:359
MA:5
KE:0
KA:0
DF_END

Data arrived...
DF_BEGIN
IQ:0,0,11,63,-170
IQ:1,8,11,-176,-50
IQ:2,16,11,-41,166
IQ:3,24,11,169,2
IQ:4,32,11,-11,-180
IQ:5,40,11,-176,18
IQ:6,48,11,27,168
IQ:7,56,11,162,-59
IQ:8,72,12,-162,120
IQ:9,80,255,147,160
IQ:10,88,1,177,-159
IQ:11,96,255,-147,-155
IQ:12,104,2,-87,153
IQ:13,112,255,176,83
IQ:14,120,10,129,-197
IQ:15,128,255,-175,-79
IQ:16,136,3,-10,227
IQ:17,144,255,241,19
IQ:18,152,9,31,-238
IQ:19,160,255,-252,9
IQ:20,168,4,-3,268
IQ:21,176,255,250,-20
IQ:22,184,8,-9,-182
IQ:23,192,255,-189,45
IQ:24,200,7,35,130
IQ:25,208,255,130,-84
IQ:26,216,6,-127,-162
IQ:27,224,255,-183,171
IQ:28,232,5,161,232
IQ:29,240,255,186,-149
IQ:30,248,12,-181,-116
IQ:31,256,255,-109,183
IQ:32,264,1,225,86
IQ:33,272,255,78,-202
IQ:34,280,2,-164,-21
IQ:35,288,255,13,188
SW:2
RR:3
SS:3
FR:2480
ME:2
MA:353
KE:0
KA:359
DF_END

Data arrived...
DF_BEGIN
IQ:0,0,11,-165,53
IQ:1,8,11,67,161
IQ:2,16,11,162,-87
IQ:3,24,11,-95,-145
IQ:4,32,11,-125,119
IQ:5,40,11,130,123
IQ:6,48,11,105,-135
IQ:7,56,11,-139,-104
IQ:8,72,12,169,129
IQ:9,80,255,85,-149
IQ:10,88,1,-202,-32
IQ:11,96,255,-38,170
IQ:12,104,2,124,-51
IQ:13,112,255,-68,-149
IQ:14,120,10,-184,31
IQ:15,128,255,44,161
IQ:16,136,3,105,-122
IQ:17,144,255,-121,-137
IQ:18,152,9,-120,73
IQ:19,160,255,142,103
IQ:20,168,4,195,-167
IQ:21,176,255,-163,-159
IQ:22,184,8,-125,221
IQ:23,192,255,194,131
IQ:24,200,7,31,-179
IQ:25,208,255,-199,-40
IQ:26,216,6,-69,178
IQ:27,224,255,192,38
IQ:28,232,5,30,-199
IQ:29,240,255,-209,-18
IQ:30,248,12,-37,211
IQ:31,256,255,175,-14
IQ:32,264,1,-77,-178
IQ:33,272,255,-182,62
IQ:34,280,2,84,95
IQ:35,288,255,121,-117
SW:2
RR:3
SS:3
FR:2426
ME:359
MA:5
KE:0
KA:0
DF_END

Data arrived...
DF_BEGIN
IQ:0,0,11,-66,168
IQ:1,8,11,172,70
IQ:2,16,11,59,-171
IQ:3,24,11,-183,-32
IQ:4,32,11,-19,181
IQ:5,40,11,185,-1
IQ:6,48,11,-4,-184
IQ:7,56,11,-181,24
IQ:8,72,12,194,-65
IQ:9,80,255,-85,-158
IQ:10,88,1,-142,146
IQ:11,96,255,147,112
IQ:12,104,2,32,-147
IQ:13,112,255,-170,-43
IQ:14,120,10,-90,144
IQ:15,128,255,128,68
IQ:16,136,3,-21,-150
IQ:17,144,255,-171,17
IQ:18,152,9,9,151
IQ:19,160,255,190,-29
IQ:20,168,4,23,-220
IQ:21,176,255,-191,0
IQ:22,184,8,53,213
IQ:23,192,255,194,-50
IQ:24,200,7,-126,-112
IQ:25,208,255,-141,145
IQ:26,216,6,90,150
IQ:27,224,255,137,-116
IQ:28,232,5,-107,-128
IQ:29,240,255,-119,134
IQ:30,248,12,161,137
IQ:31,256,255,113,-136
IQ:32,264,1,-192,-59
IQ:33,272,255,-53,184
IQ:34,280,2,146,-12
IQ:35,288,255,-17,-178
SW:2
RR:3
SS:3
FR:2402
ME:359
MA:5
KE:0
KA:0
DF_END

Data arrived...
DF_BEGIN
IQ:0,0,11,118,165
IQ:1,8,11,137,-153
IQ:2,16,11,-170,-126
IQ:3,24,11,-121,179
IQ:4,32,11,191,87
IQ:5,40,11,77,-214
IQ:6,48,11,-204,-88
IQ:7,56,11,-65,201
IQ:8,72,12,4,-256
IQ:9,80,255,-262,30
IQ:10,88,1,24,285
IQ:11,96,255,269,-34
IQ:12,104,2,-95,-183
IQ:13,112,255,-199,141
IQ:14,120,10,124,263
IQ:15,128,255,211,-128
IQ:16,136,3,-237,-149
IQ:17,144,255,-141,260
IQ:18,152,9,264,133
IQ:19,160,255,147,-279
IQ:20,168,4,-282,-192
IQ:21,176,255,-163,261
IQ:22,184,8,205,89
IQ:23,192,255,104,-223
IQ:24,200,7,-155,-70
IQ:25,208,255,13,179
IQ:26,216,6,258,-17
IQ:27,224,255,-69,-300
IQ:28,232,5,-363,-4
IQ:29,240,255,17,302
IQ:30,248,12,216,-132
IQ:31,256,255,-136,-235
IQ:32,264,1,-225,163
IQ:33,272,255,160,214
IQ:34,280,2,125,-165
IQ:35,288,255,-188,-136
SW:2
RR:3
SS:3
FR:2480
ME:2
MA:353
KE:0
KA:359
DF_END

Data arrived...
DF_BEGIN
IQ:0,0,11,-95,187
IQ:1,8,11,200,72
IQ:2,16,11,63,-202
IQ:3,24,11,-199,-48
IQ:4,32,11,-29,218
IQ:5,40,11,230,-9
IQ:6,48,11,-8,-208
IQ:7,56,11,-219,19
IQ:8,72,12,247,-58
IQ:9,80,255,-85,-206
IQ:10,88,1,-199,140
IQ:11,96,255,115,193
IQ:12,104,2,77,-140
IQ:13,112,255,-188,-94
IQ:14,120,10,-130,189
IQ:15,128,255,178,94
IQ:16,136,3,-8,-204
IQ:17,144,255,-233,-29
IQ:18,152,9,-47,155
IQ:19,160,255,205,-30
IQ:20,168,4,29,-346
IQ:21,176,255,-264,-24
IQ:22,184,8,78,308
IQ:23,192,255,278,-71
IQ:24,200,7,-122,-179
IQ:25,208,255,-199,145
IQ:26,216,6,117,209
IQ:27,224,255,215,-134
IQ:28,232,5,-140,-213
IQ:29,240,255,-203,169
IQ:30,248,12,150,197
IQ:31,256,255,131,-169
IQ:32,264,1,-215,-100
IQ:33,272,255,-121,201
IQ:34,280,2,154,5
IQ:35,288,255,8,-200
SW:2
RR:3
SS:3
FR:2426
ME:359
MA:5
KE:0
KA:0
DF_END

Data arrived...
DF_BEGIN
IQ:0,0,11,37,176
IQ:1,8,11,168,-55
IQ:2,16,11,-52,-172
IQ:3,24,11,-152,77
IQ:4,32,11,94,147
IQ:5,40,11,145,-104
IQ:6,48,11,-124,-129
IQ:7,56,11,-116,136
IQ:8,72,12,144,-151
IQ:9,80,255,-154,-87
IQ:10,88,1,-61,191
IQ:11,96,255,175,59
IQ:12,104,2,-29,-129
IQ:13,112,255,-174,36
IQ:14,120,10,31,190
IQ:15,128,255,159,-39
IQ:16,136,3,-110,-111
IQ:17,144,255,-152,108
IQ:18,152,9,48,117
IQ:19,160,255,139,-125
IQ:20,168,4,-135,-240
IQ:21,176,255,-198,128
IQ:22,184,8,208,161
IQ:23,192,255,152,-185
IQ:24,200,7,-165,-64
IQ:25,208,255,-59,197
IQ:26,216,6,171,78
IQ:27,224,255,46,-195
IQ:28,232,5,-201,-38
IQ:29,240,255,-24,205
IQ:30,248,12,202,57
IQ:31,256,255,23,-189
IQ:32,264,1,-204,27
IQ:33,272,255,12,178
IQ:34,280,2,100,-82
IQ:35,288,255,-116,-130
SW:2
RR:3
SS:3
FR:2426
ME:359
MA:5
KE:0
KA:0
DF_END

Data arrived...
DF_BEGIN
IQ:0,0,11,152,107
IQ:1,8,11,88,-166
IQ:2,16,11,-174,-77
IQ:3,24,11,-64,166
IQ:4,32,11,179,34
IQ:5,40,11,17,-183
IQ:6,48,11,-177,-6
IQ:7,56,11,10,193
IQ:8,72,12,-62,-204
IQ:9,80,255,-158,83
IQ:10,88,1,150,151
IQ:11,96,255,157,-121
IQ:12,104,2,-134,-58
IQ:13,112,255,-77,161
IQ:14,120,10,129,89
IQ:15,128,255,73,-130
IQ:16,136,3,-154,-5
IQ:17,144,255,4,177
IQ:18,152,9,164,14
IQ:19,160,255,-5,-193
IQ:20,168,4,-211,-63
IQ:21,176,255,-37,182
IQ:22,184,8,213,-40
IQ:23,192,255,-48,-194
IQ:24,200,7,-142,115
IQ:25,208,255,113,179
IQ:26,216,6,160,-71
IQ:27,224,255,-94,-170
IQ:28,232,5,-140,85
IQ:29,240,255,125,123
IQ:30,248,12,172,-138
IQ:31,256,255,-141,-119
IQ:32,264,1,-82,188
IQ:33,272,255,176,78
IQ:34,280,2,8,-146
IQ:35,288,255,-187,-15
SW:2
RR:3
SS:3
FR:2402
ME:2
MA:353
KE:0
KA:0
DF_END

Data arrived...
DF_BEGIN
IQ:0,0,11,202,-39
IQ:1,8,11,-53,-218
IQ:2,16,11,-205,65
IQ:3,24,11,89,194
IQ:4,32,11,183,-132
IQ:5,40,11,-129,-177
IQ:6,48,11,-160,139
IQ:7,56,11,157,144
IQ:8,72,12,-226,-114
IQ:9,80,255,-71,247
IQ:10,88,1,277,86
IQ:11,96,255,81,-253
IQ:12,104,2,-208,2
IQ:13,112,255,46,237
IQ:14,120,10,291,9
IQ:15,128,255,-13,-251
IQ:16,136,3,-245,119
IQ:17,144,255,138,266
IQ:18,152,9,244,-153
IQ:19,160,255,-191,-252
IQ:20,168,4,-292,159
IQ:21,176,255,134,268
IQ:22,184,8,185,-130
IQ:23,192,255,-144,-171
IQ:24,200,7,-103,115
IQ:25,208,255,156,63
IQ:26,216,6,107,-235
IQ:27,224,255,-291,-61
IQ:28,232,5,-151,316
IQ:29,240,255,265,117
IQ:30,248,12,-10,-245
IQ:31,256,255,-259,26
IQ:32,264,1,45,280
IQ:33,272,255,259,-34
IQ:34,280,2,-70,-186
IQ:35,288,255,-198,107
SW:2
RR:3
SS:3
FR:2480
ME:2
MA:5
KE:0
KA:0
DF_END

Data arrived...
DF_BEGIN
IQ:0,0,11,205,-33
IQ:1,8,11,-28,-213
IQ:2,16,11,-211,52
IQ:3,24,11,81,200
IQ:4,32,11,190,-108
IQ:5,40,11,-107,-197
IQ:6,48,11,-188,114
IQ:7,56,11,134,165
IQ:8,72,12,-180,-197
IQ:9,80,255,-151,176
IQ:10,88,1,240,94
IQ:11,96,255,107,-226
IQ:12,104,2,-162,7
IQ:13,112,255,21,213
IQ:14,120,10,236,19
IQ:15,128,255,-1,-199
IQ:16,136,3,-162,110
IQ:17,144,255,114,196
IQ:18,152,9,154,-57
IQ:19,160,255,-116,-185
IQ:20,168,4,-313,138
IQ:21,176,255,129,250
IQ:22,184,8,203,-227
IQ:23,192,255,-223,-194
IQ:24,200,7,-100,200
IQ:25,208,255,224,115
IQ:26,216,6,141,-201
IQ:27,224,255,-222,-115
IQ:28,232,5,-101,234
IQ:29,240,255,262,99
IQ:30,248,12,124,-236
IQ:31,256,255,-201,-53
IQ:32,264,1,17,245
IQ:33,272,255,235,-4
IQ:34,280,2,-74,-135
IQ:35,288,255,-158,117
SW:2
RR:3
SS:3
FR:2426
ME:359
MA:5
KE:0
KA:0
DF_END

Data arrived...
DF_BEGIN
IQ:0,0,11,-166,-92
IQ:1,8,11,-79,168
IQ:2,16,11,174,56
IQ:3,24,11,52,-194
IQ:4,32,11,-185,-46
IQ:5,40,11,-23,190
IQ:6,48,11,192,7
IQ:7,56,11,-18,-187
IQ:8,72,12,79,201
IQ:9,80,255,175,-92
IQ:10,88,1,-148,-161
IQ:11,96,255,-148,135
IQ:12,104,2,143,69
IQ:13,112,255,65,-170
IQ:14,120,10,-147,-85
IQ:15,128,255,-66,133
IQ:16,136,3,164,-13
IQ:17,144,255,-6,-188
IQ:18,152,9,-169,1
IQ:19,160,255,3,205
IQ:20,168,4,214,58
IQ:21,176,255,31,-191
IQ:22,184,8,-223,35
IQ:23,192,255,34,209
IQ:24,200,7,155,-111
IQ:25,208,255,-127,-175
IQ:26,216,6,-179,69
IQ:27,224,255,88,161
IQ:28,232,5,139,-93
IQ:29,240,255,-136,-124
IQ:30,248,12,-170,157
IQ:31,256,255,135,133
IQ:32,264,1,94,-196
IQ:33,272,255,-180,-77
IQ:34,280,2,22,155
IQ:35,288,255,199,-6
SW:2
RR:3
SS:3
FR:2402
ME:359
MA:5
KE:0
KA:1
DF_END

Data arrived...
DF_BEGIN
IQ:0,0,11,-167,106
IQ:1,8,11,99,163
IQ:2,16,11,152,-116
IQ:3,24,11,-120,-158
IQ:4,32,11,-127,131
IQ:5,40,11,161,105
IQ:6,48,11,116,-157
IQ:7,56,11,-170,-96
IQ:8,72,12,219,37
IQ:9,80,255,18,-189
IQ:10,88,1,-204,58
IQ:11,96,255,42,197
IQ:12,104,2,132,-90
IQ:13,112,255,-112,-154
IQ:14,120,10,-149,66
IQ:15,128,255,86,130
IQ:16,136,3,81,-144
IQ:17,144,255,-173,-84
IQ:18,152,9,-93,148
IQ:19,160,255,185,88
IQ:20,168,4,171,-156
IQ:21,176,255,-158,-123
IQ:22,184,8,-86,206
IQ:23,192,255,197,61
IQ:24,200,7,-37,-187
IQ:25,208,255,-218,23
IQ:26,216,6,-11,190
IQ:27,224,255,186,-11
IQ:28,232,5,-5,-183
IQ:29,240,255,-176,41
IQ:30,248,12,52,215
IQ:31,256,255,175,-65
IQ:32,264,1,-127,-180
IQ:33,272,255,-167,106
IQ:34,280,2,131,80
IQ:35,288,255,97,-173
SW:2
RR:3
SS:3
FR:2402
ME:359
MA:5
KE:0
KA:1
DF_END

Data arrived...
DF_BEGIN
IQ:0,0,11,-135,107
IQ:1,8,11,124,114
IQ:2,16,11,110,-133
IQ:3,24,11,-148,-89
IQ:4,32,11,-59,158
IQ:5,40,11,166,52
IQ:6,48,11,44,-171
IQ:7,56,11,-172,-29
IQ:8,72,12,207,-33
IQ:9,80,255,-37,-211
IQ:10,88,1,-221,21
IQ:11,96,255,65,194
IQ:12,104,2,140,-104
IQ:13,112,255,-119,-152
IQ:14,120,10,-203,114
IQ:15,128,255,122,157
IQ:16,136,3,114,-193
IQ:17,144,255,-207,-118
IQ:18,152,9,-103,206
IQ:19,160,255,240,84
IQ:20,168,4,140,-247
IQ:21,176,255,-210,-130
IQ:22,184,8,-70,164
IQ:23,192,255,180,51
IQ:24,200,7,39,-121
IQ:25,208,255,-136,32
IQ:26,216,6,57,206
IQ:27,224,255,232,-87
IQ:28,232,5,-27,-302
IQ:29,240,255,-236,22
IQ:30,248,12,92,171
IQ:31,256,255,174,-123
IQ:32,264,1,-153,-160
IQ:33,272,255,-152,152
IQ:34,280,2,150,87
IQ:35,288,255,88,-169
SW:2
RR:3
SS:3
FR:2480
ME:2
MA:5
KE:0
KA:2
DF_END

Data arrived...
DF_BEGIN
IQ:0,0,11,5,156
IQ:1,8,11,153,-21
IQ:2,16,11,-26,-156
IQ:3,24,11,-147,34
IQ:4,32,11,59,139
IQ:5,40,11,132,-70
IQ:6,48,11,-85,-120
IQ:7,56,11,-120,98
IQ:8,72,12,140,-109
IQ:9,80,255,-111,-97
IQ:10,88,1,-69,162
IQ:11,96,255,140,73
IQ:12,104,2,5,-112
IQ:13,112,255,-143,10
IQ:14,120,10,3,152
IQ:15,128,255,152,1
IQ:16,136,3,-60,-120
IQ:17,144,255,-143,60
IQ:18,152,9,21,123
IQ:19,160,255,121,-73
IQ:20,168,4,-82,-203
IQ:21,176,255,-179,76
IQ:22,184,8,145,157
IQ:23,192,255,146,-122
IQ:24,200,7,-135,-74
IQ:25,208,255,-80,157
IQ:26,216,6,132,92
IQ:27,224,255,68,-161
IQ:28,232,5,-157,-77
IQ:29,240,255,-56,172
IQ:30,248,12,162,77
IQ:31,256,255,37,-148
IQ:32,264,1,-172,4
IQ:33,272,255,-2,161
IQ:34,280,2,96,-49
IQ:35,288,255,-76,-117
SW:2
RR:3
SS:3
FR:2426
ME:359
MA:5
KE:0
KA:2
DF_END

Data arrived...
DF_BEGIN
IQ:0,0,11,32,-159
IQ:1,8,11,-162,-4
IQ:2,16,11,1,163
IQ:3,24,11,163,-10
IQ:4,32,11,-22,-152
IQ:5,40,11,-157,38
IQ:6,48,11,45,151
IQ:7,56,11,148,-63
IQ:8,72,12,-154,111
IQ:9,80,255,108,113
IQ:10,88,1,89,-172
IQ:11,96,255,-147,-77
IQ:12,104,2,3,139
IQ:13,112,255,165,-6
IQ:14,120,10,16,-140
IQ:15,128,255,-126,-3
IQ:16,136,3,68,134
IQ:17,144,255,158,-63
IQ:18,152,9,-49,-138
IQ:19,160,255,-158,82
IQ:20,168,4,37,197
IQ:21,176,255,163,-39
IQ:22,184,8,-117,-172
IQ:23,192,255,-164,96
IQ:24,200,7,131,89
IQ:25,208,255,100,-151
IQ:26,216,6,-118,-118
IQ:27,224,255,-103,129
IQ:28,232,5,124,93
IQ:29,240,255,73,-143
IQ:30,248,12,-156,-96
IQ:31,256,255,-66,139
IQ:32,264,1,190,16
IQ:33,272,255,16,-172
IQ:34,280,2,-131,58
IQ:35,288,255,69,161
SW:2
RR:3
SS:3
FR:2402
ME:359
MA:5
KE:359
KA:2
DF_END

Data arrived...
DF_BEGIN
IQ:0,0,11,8,-180
IQ:1,8,11,-184,-4
IQ:2,16,11,5,172
IQ:3,24,11,162,-43
IQ:4,32,11,-53,-176
IQ:5,40,11,-159,58
IQ:6,48,11,73,166
IQ:7,56,11,149,-77
IQ:8,72,12,-152,149
IQ:9,80,255,183,129
IQ:10,88,1,127,-198
IQ:11,96,255,-193,-118
IQ:12,104,2,-35,172
IQ:13,112,255,204,29
IQ:14,120,10,62,-239
IQ:15,128,255,-201,-39
IQ:16,136,3,58,218
IQ:17,144,255,235,-50
IQ:18,152,9,-59,-228
IQ:19,160,255,-237,80
IQ:20,168,4,69,267
IQ:21,176,255,249,-82
IQ:22,184,8,-71,-177
IQ:23,192,255,-166,95
IQ:24,200,7,73,128
IQ:25,208,255,100,-110
IQ:26,216,6,-180,-128
IQ:27,224,255,-119,224
IQ:28,232,5,231,192
IQ:29,240,255,151,-185
IQ:30,248,12,-208,-57
IQ:31,256,255,-40,212
IQ:32,264,1,239,3
IQ:33,272,255,16,-227
IQ:34,280,2,-170,30
IQ:35,288,255,48,187
SW:2
RR:3
SS:3
FR:2480
ME:2
MA:353
KE:0
KA:2
DF_END

Data arrived...
DF_BEGIN
IQ:0,0,11,-156,-67
IQ:1,8,11,-48,150
IQ:2,16,11,165,31
IQ:3,24,11,21,-166
IQ:4,32,11,-157,-6
IQ:5,40,11,6,164
IQ:6,48,11,155,-24
IQ:7,56,11,-38,-157
IQ:8,72,12,44,174
IQ:9,80,255,141,-71
IQ:10,88,1,-127,-148
IQ:11,96,255,-142,99
IQ:12,104,2,122,52
IQ:13,112,255,56,-156
IQ:14,120,10,-163,-90
IQ:15,128,255,-83,145
IQ:16,136,3,163,-13
IQ:17,144,255,-7,-180
IQ:18,152,9,-127,-4
IQ:19,160,255,49,169
IQ:20,168,4,258,27
IQ:21,176,255,25,-215
IQ:22,184,8,-238,68
IQ:23,192,255,40,222
IQ:24,200,7,133,-105
IQ:25,208,255,-113,-155
IQ:26,216,6,-158,102
IQ:27,224,255,111,155
IQ:28,232,5,161,-115
IQ:29,240,255,-150,-153
IQ:30,248,12,-147,105
IQ:31,256,255,119,111
IQ:32,264,1,92,-175
IQ:33,272,255,-148,-75
IQ:34,280,2,-1,138
IQ:35,288,255,160,-6
SW:2
RR:3
SS:3
FR:2426
ME:359
MA:5
KE:0
KA:2
DF_END

Data arrived...
DF_BEGIN
IQ:0,0,11,116,-85
IQ:1,8,11,-104,-119
IQ:2,16,11,-121,93
IQ:3,24,11,108,95
IQ:4,32,11,78,-115
IQ:5,40,11,-131,-86
IQ:6,48,11,-80,115
IQ:7,56,11,124,57
IQ:8,72,12,-155,-73
IQ:9,80,255,-43,150
IQ:10,88,1,174,0
IQ:11,96,255,0,-157
IQ:12,104,2,-102,55
IQ:13,112,255,76,121
IQ:14,120,10,154,-63
IQ:15,128,255,-58,-133
IQ:16,136,3,-72,126
IQ:17,144,255,126,89
IQ:18,152,9,70,-80
IQ:19,160,255,-135,-71
IQ:20,168,4,-172,164
IQ:21,176,255,147,136
IQ:22,184,8,88,-223
IQ:23,192,255,-197,-78
IQ:24,200,7,16,160
IQ:25,208,255,185,5
IQ:26,216,6,12,-172
IQ:27,224,255,-179,1
IQ:28,232,5,7,191
IQ:29,240,255,190,-11
IQ:30,248,12,13,-180
IQ:31,256,255,-156,9
IQ:32,264,1,60,161
IQ:33,272,255,148,-61
IQ:34,280,2,-90,-73
IQ:35,288,255,-86,124
SW:2
RR:3
SS:3
FR:2426
ME:359
MA:5
KE:359
KA:2
DF_END

Data arrived...
DF_BEGIN
IQ:0,0,11,173,-34
IQ:1,8,11,-52,-170
IQ:2,16,11,-172,58
IQ:3,24,11,62,161
IQ:4,32,11,144,-89
IQ:5,40,11,-111,-140
IQ:6,48,11,-127,114
IQ:7,56,11,127,122
IQ:8,72,12,-174,-110
IQ:9,80,255,-76,153
IQ:10,88,1,191,16
IQ:11,96,255,8,-185
IQ:12,104,2,-130,56
IQ:13,112,255,67,164
IQ:14,120,10,158,-33
IQ:15,128,255,-44,-128
IQ:16,136,3,-114,115
IQ:17,144,255,109,126
IQ:18,152,9,109,-100
IQ:19,160,255,-144,-122
IQ:20,168,4,-190,118
IQ:21,176,255,113,135
IQ:22,184,8,114,-189
IQ:23,192,255,-161,-105
IQ:24,200,7,-19,173
IQ:25,208,255,193,33
IQ:26,216,6,56,-162
IQ:27,224,255,-175,-35
IQ:28,232,5,-39,157
IQ:29,240,255,163,20
IQ:30,248,12,12,-202
IQ:31,256,255,-173,8
IQ:32,264,1,68,182
IQ:33,272,255,176,-62
IQ:34,280,2,-98,-103
IQ:35,288,255,-114,132
SW:2
RR:3
SS:3
FR:2402
ME:359
MA:5
KE:359
KA:3
DF_END

Data arrived...
DF_BEGIN
IQ:0,0,11,8,185
IQ:1,8,11,186,-28
IQ:2,16,11,-49,-188
IQ:3,24,11,-175,74
IQ:4,32,11,73,179
IQ:5,40,11,159,-97
IQ:6,48,11,-101,-163
IQ:7,56,11,-148,117
IQ:8,72,12,138,-170
IQ:9,80,255,-202,-123
IQ:10,88,1,-128,214
IQ:11,96,255,198,92
IQ:12,104,2,7,-185
IQ:13,112,255,-212,-6
IQ:14,120,10,-31,255
IQ:15,128,255,221,0
IQ:16,136,3,-86,-226
IQ:17,144,255,-235,95
IQ:18,152,9,93,235
IQ:19,160,255,226,-134
IQ:20,168,4,-128,-265
IQ:21,176,255,-241,107
IQ:22,184,8,104,178
IQ:23,192,255,187,-121
IQ:24,200,7,-83,-126
IQ:25,208,255,-96,130
IQ:26,216,6,189,125
IQ:27,224,255,92,-247
IQ:28,232,5,-265,-184
IQ:29,240,255,-147,218
IQ:30,248,12,215,25
IQ:31,256,255,28,-231
IQ:32,264,1,-238,-8
IQ:33,272,255,28,224
IQ:34,280,2,171,-63
IQ:35,288,255,-84,-191
SW:2
RR:3
SS:3
FR:2480
ME:2
MA:353
KE:0
KA:2
DF_END

Data arrived...
DF_BEGIN
IQ:0,0,11,148,120
IQ:1,8,11,117,-157
IQ:2,16,11,-155,-109
IQ:3,24,11,-78,167
IQ:4,32,11,183,66
IQ:5,40,11,40,-194
IQ:6,48,11,-184,-12
IQ:7,56,11,4,190
IQ:8,72,12,-43,-225
IQ:9,80,255,-209,83
IQ:10,88,1,88,232
IQ:11,96,255,220,-100
IQ:12,104,2,-121,-147
IQ:13,112,255,-140,163
IQ:14,120,10,163,195
IQ:15,128,255,155,-167
IQ:16,136,3,-228,-96
IQ:17,144,255,-98,229
IQ:18,152,9,246,80
IQ:19,160,255,65,-268
IQ:20,168,4,-271,-79
IQ:21,176,255,-61,267
IQ:22,184,8,205,38
IQ:23,192,255,42,-215
IQ:24,200,7,-150,-36
IQ:25,208,255,41,160
IQ:26,216,6,226,-70
IQ:27,224,255,-105,-245
IQ:28,232,5,-298,71
IQ:29,240,255,87,241
IQ:30,248,12,176,-146
IQ:31,256,255,-167,-167
IQ:32,264,1,-158,198
IQ:33,272,255,178,156
IQ:34,280,2,98,-168
IQ:35,288,255,-179,-84
SW:2
RR:3
SS:3
FR:2480
ME:2
MA:5
KE:0
KA:2
DF_END