MA:353
KE:5
KA:1
DF_END

Data arrived...
DF_BEGIN
IQ:0,0,11,-18,47
IQ:1,8,11,37,24
IQ:2,16,11,6,-57
IQ:3,24,11,-55,-25
IQ:4,32,11,-7,42
IQ:5,40,11,43,-4
IQ:6,48,11,-11,-62
IQ:7,56,11,-57,2
IQ:8,72,12,372,-100
IQ:9,80,255,-70,-400
IQ:10,88,1,-349,-59
IQ:11,96,255,-65,363
IQ:12,104,2,204,190
IQ:13,112,255,95,-79
IQ:14,120,10,-113,320
IQ:15,128,255,213,255
IQ:16,136,3,14,77
IQ:17,144,255,-202,35
IQ:18,152,9,-527,426
IQ:19,160,255,183,422
IQ:20,168,4,-114,-270
IQ:21,176,255,-463,-57
IQ:22,184,8,-447,239
IQ:23,192,255,149,382
IQ:24,200,7,86,151
IQ:25,208,255,9,38
IQ:26,216,6,2,253
IQ:27,224,255,229,-161
IQ:28,232,5,-262,-575
IQ:29,240,255,-501,133
IQ:30,248,12,267,258
IQ:31,256,255,324,-264
IQ:32,264,1,-150,-312
IQ:33,272,255,-341,144
IQ:34,280,2,-108,278
IQ:35,288,255,139,111
SW:2
RR:3
SS:3
FR:2426
ME:47
MA:44
KE:8
KA:5
DF_END

Data arrived...
DF_BEGIN
IQ:0,0,11,-10,-161
IQ:1,8,11,-157,13
IQ:2,16,11,35,149
IQ:3,24,11,149,-53
IQ:4,32,11,-69,-145
IQ:5,40,11,-140,78
IQ:6,48,11,87,136
IQ:7,56,11,127,-82
IQ:8,72,12,-188,120
IQ:9,80,255,115,192
IQ:10,88,1,189,-64
IQ:11,96,255,-63,-162
IQ:12,104,2,-76,60
IQ:13,112,255,109,36
IQ:14,120,10,43,-216
IQ:15,128,255,-166,-90
IQ:16,136,3,0,63
IQ:17,144,255,145,-26
IQ:18,152,9,99,-197
IQ:19,160,255,-133,-46
IQ:20,168,4,112,172
IQ:21,176,255,230,-66
IQ:22,184,8,60,-162
IQ:23,192,255,-118,-18
IQ:24,200,7,48,91
IQ:25,208,255,103,-77
IQ:26,216,6,-94,-135
IQ:27,224,255,-113,137
IQ:28,232,5,178,155
IQ:29,240,255,143,-158
IQ:30,248,12,-183,-109
IQ:31,256,255,-125,184
IQ:32,264,1,145,134
IQ:33,272,255,115,-124
IQ:34,280,2,-89,-45
IQ:35,288,255,3,97
SW:2
RR:3
SS:3
FR:2402
ME:359
MA:5
KE:7
KA:5
DF_END

Data arrived...
DF_BEGIN
IQ:0,0,11,192,22
IQ:1,8,11,1,-192
IQ:2,16,11,-193,19
IQ:3,24,11,29,194
IQ:4,32,11,186,-57
IQ:5,40,11,-78,-166
IQ:6,48,11,-152,112
IQ:7,56,11,123,158
IQ:8,72,12,43,-135
IQ:9,80,255,-133,-32
IQ:10,88,1,-25,108
IQ:11,96,255,98,4
IQ:12,104,2,-45,-107
IQ:13,112,255,-94,80
IQ:14,120,10,157,197
IQ:15,128,255,190,-109
IQ:16,136,3,-72,-107
IQ:17,144,255,-128,84
IQ:18,152,9,43,119
IQ:19,160,255,83,-58
IQ:20,168,4,-98,-117
IQ:21,176,255,-103,90
IQ:22,184,8,63,104
IQ:23,192,255,67,-66
IQ:24,200,7,-92,-44
IQ:25,208,255,-22,94
IQ:26,216,6,112,0
IQ:27,224,255,9,-111
IQ:28,232,5,-97,-6
IQ:29,240,255,22,94
IQ:30,248,12,143,-13
IQ:31,256,255,-25,-126
IQ:32,264,1,-101,32
IQ:33,272,255,55,91
IQ:34,280,2,68,-98
IQ:35,288,255,-76,-19
SW:2
RR:3
SS:3
FR:2480
ME:5
MA:5
KE:7
KA:5
DF_END

Data arrived...
DF_BEGIN
IQ:0,0,11,-45,11
IQ:1,8,11,28,35
IQ:2,16,11,40,-30
IQ:3,24,11,-35,-33
IQ:4,32,11,-21,20
IQ:5,40,11,45,13
IQ:6,48,11,16,-34
IQ:7,56,11,-54,-26
IQ:8,72,12,349,-110
IQ:9,80,255,-135,-386
IQ:10,88,1,-401,24
IQ:11,96,255,-19,406
IQ:12,104,2,259,170
IQ:13,112,255,92,-113
IQ:14,120,10,-56,334
IQ:15,128,255,243,255
IQ:16,136,3,45,105
IQ:17,144,255,-189,37
IQ:18,152,9,-481,451
IQ:19,160,255,210,378
IQ:20,168,4,-123,-269
IQ:21,176,255,-433,-26
IQ:22,184,8,-478,246
IQ:23,192,255,157,401
IQ:24,200,7,156,86
IQ:25,208,255,21,1
IQ:26,216,6,20,290
IQ:27,224,255,243,-158
IQ:28,232,5,-350,-528
IQ:29,240,255,-485,215
IQ:30,248,12,237,251
IQ:31,256,255,304,-297
IQ:32,264,1,-198,-357
IQ:33,272,255,-386,143
IQ:34,280,2,-44,299
IQ:35,288,255,212,56
SW:2
RR:3
SS:3
FR:2426
ME:2
MA:5
KE:6
KA:5
DF_END

Data arrived...
DF_BEGIN
IQ:0,0,11,160,29
IQ:1,8,11,3,-158
IQ:2,16,11,-159,15
IQ:3,24,11,21,157
IQ:4,32,11,151,-33
IQ:5,40,11,-49,-150
IQ:6,48,11,-146,60
IQ:7,56,11,73,141
IQ:8,72,12,-64,-212
IQ:9,80,255,-203,73
IQ:10,88,1,44,187
IQ:11,96,255,159,-51
IQ:12,104,2,-47,-86
IQ:13,112,255,-57,79
IQ:14,120,10,197,87
IQ:15,128,255,118,-150
IQ:16,136,3,-62,1
IQ:17,144,255,10,150
IQ:18,152,9,193,107
IQ:19,160,255,66,-138
IQ:20,168,4,-194,67
IQ:21,176,255,35,225
IQ:22,184,8,158,71
IQ:23,192,255,33,-124
IQ:24,200,7,-101,31
IQ:25,208,255,67,104
IQ:26,216,6,143,-67
IQ:27,224,255,-110,-133
IQ:28,232,5,-187,130
IQ:29,240,255,138,154
IQ:30,248,12,139,-171
IQ:31,256,255,-157,-158
IQ:32,264,1,-151,116
IQ:33,272,255,109,128
IQ:34,280,2,48,-77
IQ:35,288,255,-102,-15
SW:2
RR:3
SS:3
FR:2402
ME:359
MA:5
KE:5
KA:5
DF_END

Data arrived...
DF_BEGIN
IQ:0,0,11,158,44
IQ:1,8,11,28,-163
IQ:2,16,11,-157,-21
IQ:3,24,11,5,165
IQ:4,32,11,155,-18
IQ:5,40,11,-37,-160
IQ:6,48,11,-158,36
IQ:7,56,11,47,153
IQ:8,72,12,-55,-209
IQ:9,80,255,-207,67
IQ:10,88,1,25,192
IQ:11,96,255,169,-24
IQ:12,104,2,-37,-99
IQ:13,112,255,-62,80
IQ:14,120,10,188,118
IQ:15,128,255,142,-136
IQ:16,136,3,-59,-21
IQ:17,144,255,-15,144
IQ:18,152,9,178,129
IQ:19,160,255,83,-130
IQ:20,168,4,-200,44
IQ:21,176,255,-3,232
IQ:22,184,8,144,103
IQ:23,192,255,56,-118
IQ:24,200,7,-103,24
IQ:25,208,255,55,110
IQ:26,216,6,145,-66
IQ:27,224,255,-105,-145
IQ:28,232,5,-203,116
IQ:29,240,255,121,169
IQ:30,248,12,156,-158
IQ:31,256,255,-155,-164
IQ:32,264,1,-163,113
IQ:33,272,255,102,139
IQ:34,280,2,74,-73
IQ:35,288,255,-93,-23
SW:2
RR:3
SS:3
FR:2402
ME:359
MA:5
KE:4
KA:5
DF_END

Data arrived...
DF_BEGIN
IQ:0,0,11,-25,-187
IQ:1,8,11,-196,29
IQ:2,16,11,45,180
IQ:3,24,11,158,-65
IQ:4,32,11,-102,-170
IQ:5,40,11,-153,99
IQ:6,48,11,121,134
IQ:7,56,11,124,-128
IQ:8,72,12,-150,-27
IQ:9,80,255,-18,122
IQ:10,88,1,106,-4
IQ:11,96,255,-24,-95
IQ:12,104,2,-100,61
IQ:13,112,255,86,75
IQ:14,120,10,156,-179
IQ:15,128,255,-131,-157
IQ:16,136,3,-79,96
IQ:17,144,255,94,97
IQ:18,152,9,105,-34
IQ:19,160,255,-72,-75
IQ:20,168,4,-96,109
IQ:21,176,255,101,77
IQ:22,184,8,84,-73
IQ:23,192,255,-82,-54
IQ:24,200,7,-39,92
IQ:25,208,255,88,14
IQ:26,216,6,-16,-102
IQ:27,224,255,-107,9
IQ:28,232,5,14,83
IQ:29,240,255,79,-54
IQ:30,248,12,-50,-145
IQ:31,256,255,-128,30
IQ:32,264,1,48,87
IQ:33,272,255,70,-66
IQ:34,280,2,-100,-48
IQ:35,288,255,-8,82
SW:2
RR:3
SS:3
FR:2480
ME:5
MA:5
KE:4
KA:5
DF_END

Data arrived...
DF_BEGIN
IQ:0,0,11,136,128
IQ:1,8,11,115,-144
IQ:2,16,11,-161,-111
IQ:3,24,11,-87,173
IQ:4,32,11,177,60
IQ:5,40,11,48,-183
IQ:6,48,11,-192,-15
IQ:7,56,11,-21,192
IQ:8,72,12,124,-71
IQ:9,80,255,-75,-108
IQ:10,88,1,-88,68
IQ:11,96,255,66,59
IQ:12,104,2,19,-110
IQ:13,112,255,-123,18
IQ:14,120,10,18,246
IQ:15,128,255,197,45
IQ:16,136,3,-7,-125
IQ:17,144,255,-149,-8
IQ:18,152,9,-48,104
IQ:19,160,255,87,13
IQ:20,168,4,-3,-150
IQ:21,176,255,-130,10
IQ:22,184,8,-29,116
IQ:23,192,255,84,-7
IQ:24,200,7,-45,-89
IQ:25,208,255,-89,52
IQ:26,216,6,77,69
IQ:27,224,255,65,-82
IQ:28,232,5,-79,-54
IQ:29,240,255,-42,98
IQ:30,248,12,122,75
IQ:31,256,255,62,-108
IQ:32,264,1,-104,-33
IQ:33,272,255,-15,98
IQ:34,280,2,109,-29
IQ:35,288,255,-59,-65
SW:2
RR:3
SS:3
FR:2480
ME:5
MA:5
KE:4
KA:5
DF_END

Data arrived...
DF_BEGIN
IQ:0,0,11,27,-42
IQ:1,8,11,-42,-34
IQ:2,16,11,-34,31
IQ:3,24,11,50,16
IQ:4,32,11,6,-61
IQ:5,40,11,-50,-16
IQ:6,48,11,5,51
IQ:7,56,11,57,-8
IQ:8,72,12,155,271
IQ:9,80,255,320,-154
IQ:10,88,1,-66,-371
IQ:11,96,255,-384,32
IQ:12,104,2,-147,292
IQ:13,112,255,127,111
IQ:14,120,10,-271,43
IQ:15,128,255,-154,240
IQ:16,136,3,-161,91
IQ:17,144,255,-78,-119
IQ:18,152,9,-522,-354
IQ:19,160,255,-335,228
IQ:20,168,4,156,-174
IQ:21,176,255,-110,-369
IQ:22,184,8,-379,-395
IQ:23,192,255,-371,257
IQ:24,200,7,-68,244
IQ:25,208,255,46,31
IQ:26,216,6,-232,35
IQ:27,224,255,172,135
IQ:28,232,5,314,-449
IQ:29,240,255,-353,-335
IQ:30,248,12,-171,253
IQ:31,256,255,293,224
IQ:32,264,1,296,-220
IQ:33,272,255,-220,-319
IQ:34,280,2,-330,-17
IQ:35,288,255,-72,237
SW:2
RR:3
SS:3
FR:2426
ME:63
MA:352
KE:9
KA:4
DF_END

Data arrived...
DF_BEGIN
IQ:0,0,11,79,-152
IQ:1,8,11,-158,-53
IQ:2,16,11,-58,168
IQ:3,24,11,166,56
IQ:4,32,11,35,-157
IQ:5,40,11,-171,-8
IQ:6,48,11,-9,170
IQ:7,56,11,172,-21
IQ:8,72,12,-231,14
IQ:9,80,255,-2,232
IQ:10,88,1,202,36
IQ:11,96,255,26,-180
IQ:12,104,2,-113,8
IQ:13,112,255,72,90
IQ:14,120,10,172,-150
IQ:15,128,255,-90,-178
IQ:16,136,3,-32,56
IQ:17,144,255,142,60
IQ:18,152,9,195,-131
IQ:19,160,255,-101,-113
IQ:20,168,4,0,217
IQ:21,176,255,234,65
IQ:22,184,8,139,-124
IQ:23,192,255,-111,-77
IQ:24,200,7,0,111
IQ:25,208,255,134,-25
IQ:26,216,6,-5,-177
IQ:27,224,255,-183,50
IQ:28,232,5,66,224
IQ:29,240,255,205,-78
IQ:30,248,12,-114,-209
IQ:31,256,255,-202,106
IQ:32,264,1,68,198
IQ:33,272,255,166,-62
IQ:34,280,2,-69,-93
IQ:35,288,255,-48,88
SW:2
RR:3
SS:3
FR:2402
ME:359
MA:5
KE:8
KA:4
DF_END

Data arrived...
DF_BEGIN
IQ:0,0,11,170,38
IQ:1,8,11,21,-180
IQ:2,16,11,-173,-22
IQ:3,24,11,-6,174
IQ:4,32,11,166,-31
IQ:5,40,11,-59,-165
IQ:6,48,11,-177,50
IQ:7,56,11,58,165
IQ:8,72,12,-61,-224
IQ:9,80,255,-224,53
IQ:10,88,1,32,191
IQ:11,96,255,179,-37
IQ:12,104,2,-46,-105
IQ:13,112,255,-72,92
IQ:14,120,10,193,117
IQ:15,128,255,148,-139
IQ:16,136,3,-70,-20
IQ:17,144,255,-9,154
IQ:18,152,9,195,123
IQ:19,160,255,74,-146
IQ:20,168,4,-216,43
IQ:21,176,255,12,244
IQ:22,184,8,154,82
IQ:23,192,255,46,-136
IQ:24,200,7,-115,10
IQ:25,208,255,42,128
IQ:26,216,6,156,-64
IQ:27,224,255,-109,-143
IQ:28,232,5,-210,133
IQ:29,240,255,115,183
IQ:30,248,12,178,-151
IQ:31,256,255,-137,-185
IQ:32,264,1,-164,108
IQ:33,272,255,106,142
IQ:34,280,2,70,-85
IQ:35,288,255,-102,-24
SW:2
RR:3
SS:3
FR:2402
ME:359
MA:5
KE:8
KA:4
DF_END

Data arrived...
DF_BEGIN
IQ:0,0,11,-190,33
IQ:1,8,11,56,181
IQ:2,16,11,171,-83
IQ:3,24,11,-91,-167
IQ:4,32,11,-172,99
IQ:5,40,11,114,148
IQ:6,48,11,132,-139
IQ:7,56,11,-149,-135
IQ:8,72,12,-11,145
IQ:9,80,255,130,-12
IQ:10,88,1,-9,-108
IQ:11,96,255,-94,29
IQ:12,104,2,80,85
IQ:13,112,255,70,-112
IQ:14,120,10,-207,-150
IQ:15,128,255,-146,143
IQ:16,136,3,108,73
IQ:17,144,255,85,-124
IQ:18,152,9,-51,-103
IQ:19,160,255,-62,71
IQ:20,168,4,117,76
IQ:21,176,255,58,-120
IQ:22,184,8,-93,-86
IQ:23,192,255,-49,80
IQ:24,200,7,102,17
IQ:25,208,255,-7,-99
IQ:26,216,6,-111,17
IQ:27,224,255,18,107
IQ:28,232,5,85,-30
IQ:29,240,255,-60,-85
IQ:30,248,12,-144,63
IQ:31,256,255,53,119
IQ:32,264,1,83,-65
IQ:33,272,255,-85,-69
IQ:34,280,2,-51,103
IQ:35,288,255,86,6
SW:2
RR:3
SS:3
FR:2480
ME:2
MA:353
KE:7
KA:3
DF_END

Data arrived...
DF_BEGIN
IQ:0,0,11,13,37
IQ:1,8,11,37,-17
IQ:2,16,11,-22,-46
IQ:3,24,11,-54,20
IQ:4,32,11,19,25
IQ:5,40,11,25,-33
IQ:6,48,11,-43,-43
IQ:7,56,11,-18,38
IQ:8,72,12,-67,-376
IQ:9,80,255,-415,-27
IQ:10,88,1,-123,370
IQ:11,96,255,375,147
IQ:12,104,2,242,-183
IQ:13,112,255,-76,-108
IQ:14,120,10,286,137
IQ:15,128,255,274,-212
IQ:16,136,3,132,-35
IQ:17,144,255,-3,186
IQ:18,152,9,375,538
IQ:19,160,255,419,-130
IQ:20,168,4,-292,57
IQ:21,176,255,-93,431
IQ:22,184,8,156,521
IQ:23,192,255,427,-65
IQ:24,200,7,148,-140
IQ:25,208,255,-8,-17
IQ:26,216,6,294,31
IQ:27,224,255,-132,-253
IQ:28,232,5,-598,222
IQ:29,240,255,128,512
IQ:30,248,12,300,-210
IQ:31,256,255,-188,-375
IQ:32,264,1,-380,78
IQ:33,272,255,63,390
IQ:34,280,2,295,130
IQ:35,288,255,106,-200
SW:2
RR:3
SS:3
FR:2426
ME:2
MA:5
KE:7
KA:3
DF_END

Data arrived...
DF_BEGIN
IQ:0,0,11,-46,-22
IQ:1,8,11,-11,38
IQ:2,16,11,51,-7
IQ:3,24,11,-20,-50
IQ:4,32,11,-46,12
IQ:5,40,11,20,34
IQ:6,48,11,28,-32
IQ:7,56,11,-34,-27
IQ:8,72,12,341,134
IQ:9,80,255,198,-361
IQ:10,88,1,-262,-281
IQ:11,96,255,-263,292
IQ:12,104,2,57,312
IQ:13,112,255,140,-7
IQ:14,120,10,-267,201
IQ:15,128,255,39,348
IQ:16,136,3,-40,114
IQ:17,144,255,-174,-108
IQ:18,152,9,-649,68
IQ:19,160,255,-80,415
IQ:20,168,4,65,-291
IQ:21,176,255,-346,-274
IQ:22,184,8,-555,-113
IQ:23,192,255,-161,422
IQ:24,200,7,54,178
IQ:25,208,255,5,21
IQ:26,216,6,-185,229
IQ:27,224,255,276,59
IQ:28,232,5,136,-610
IQ:29,240,255,-500,-171
IQ:30,248,12,46,370
IQ:31,256,255,424,14
IQ:32,264,1,110,-384
IQ:33,272,255,-378,-143
IQ:34,280,2,-250,166
IQ:35,288,255,120,164
SW:2
RR:3
SS:3
FR:2426
ME:13
MA:58
KE:7
KA:8
DF_END

Data arrived...
DF_BEGIN
IQ:0,0,11,143,87
IQ:1,8,11,69,-141
IQ:2,16,11,-156,-48
IQ:3,24,11,-34,152
IQ:4,32,11,156,9
IQ:5,40,11,-7,-160
IQ:6,48,11,-162,12
IQ:7,56,11,31,160
IQ:8,72,12,-32,-216
IQ:9,80,255,-229,25
IQ:10,88,1,-12,190
IQ:11,96,255,168,7
IQ:12,104,2,-13,-97
IQ:13,112,255,-78,65
IQ:14,120,10,159,154
IQ:15,128,255,164,-104
IQ:16,136,3,-53,-29
IQ:17,144,255,-38,141
IQ:18,152,9,141,174
IQ:19,160,255,104,-97
IQ:20,168,4,-210,17
IQ:21,176,255,-41,227
IQ:22,184,8,130,118
IQ:23,192,255,76,-106
IQ:24,200,7,-100,10
IQ:25,208,255,40,125
IQ:26,216,6,160,-25
IQ:27,224,255,-58,-162
IQ:28,232,5,-224,64
IQ:29,240,255,81,182
IQ:30,248,12,176,-137
IQ:31,256,255,-110,-192
IQ:32,264,1,-167,92
IQ:33,272,255,69,157
IQ:34,280,2,82,-49
IQ:35,288,255,-88,-43
SW:2
RR:3
SS:3
FR:2402
ME:2
MA:5
KE:7
KA:8
DF_END

Data arrived...
DF_BEGIN
IQ:0,0,11,80,-142
IQ:1,8,11,-149,-71
IQ:2,16,11,-48,147
IQ:3,24,11,162,29
IQ:4,32,11,25,-156
IQ:5,40,11,-156,-13
IQ:6,48,11,-6,160
IQ:7,56,11,157,-15
IQ:8,72,12,-217,25
IQ:9,80,255,26,210
IQ:10,88,1,194,-11
IQ:11,96,255,11,-180
IQ:12,104,2,-102,8
IQ:13,112,255,68,80
IQ:14,120,10,143,-161
IQ:15,128,255,-99,-167
IQ:16,136,3,-23,61
IQ:17,144,255,140,44
IQ:18,152,9,170,-134
IQ:19,160,255,-104,-108
IQ:20,168,4,15,205
IQ:21,176,255,223,50
IQ:22,184,8,129,-121
IQ:23,192,255,-103,-81
IQ:24,200,7,-7,103
IQ:25,208,255,126,-21
IQ:26,216,6,-30,-166
IQ:27,224,255,-164,65
IQ:28,232,5,83,214
IQ:29,240,255,188,-83
IQ:30,248,12,-113,-192
IQ:31,256,255,-195,111
IQ:32,264,1,69,183
IQ:33,272,255,156,-67
IQ:34,280,2,-66,-74
IQ:35,288,255,-44,84
SW:2
RR:3
SS:3
FR:2402
ME:359
MA:5
KE:6
KA:7
DF_END

Data arrived...
DF_BEGIN
IQ:0,0,11,66,-181
IQ:1,8,11,-181,-71
IQ:2,16,11,-55,175
IQ:3,24,11,185,30
IQ:4,32,11,17,-184
IQ:5,40,11,-183,-1
IQ:6,48,11,28,176
IQ:7,56,11,177,-49
IQ:8,72,12,-97,-108
IQ:9,80,255,-84,88
IQ:10,88,1,85,62
IQ:11,96,255,43,-80
IQ:12,104,2,-115,-11
IQ:13,112,255,27,110
IQ:14,120,10,223,-55
IQ:15,128,255,-22,-196
IQ:16,136,3,-117,33
IQ:17,144,255,17,140
IQ:18,152,9,101,35
IQ:19,160,255,-6,-92
IQ:20,168,4,-137,42
IQ:21,176,255,41,123
IQ:22,184,8,114,-12
IQ:23,192,255,-22,-82
IQ:24,200,7,-78,44
IQ:25,208,255,63,64
IQ:26,216,6,48,-80
IQ:27,224,255,-87,-52
IQ:28,232,5,-40,72
IQ:29,240,255,97,18
IQ:30,248,12,55,-135
IQ:31,256,255,-119,-35
IQ:32,264,1,-9,101
IQ:33,272,255,85,-7
IQ:34,280,2,-56,-102
IQ:35,288,255,-50,63
SW:2
RR:3
SS:3
FR:2480
ME:2
MA:353
KE:6
KA:6
DF_END

Data arrived...
DF_BEGIN
IQ:0,0,11,27,-24
IQ:1,8,11,-40,-31
IQ:2,16,11,-27,57
IQ:3,24,11,38,17
IQ:4,32,11,25,-43
IQ:5,40,11,-52,-2
IQ:6,48,11,-10,53
IQ:7,56,11,49,-1
IQ:8,72,12,-195,334
IQ:9,80,255,329,247
IQ:10,88,1,310,-261
IQ:11,96,255,-234,-363
IQ:12,104,2,-294,-11
IQ:13,112,255,3,157
IQ:14,120,10,-124,-292
IQ:15,128,255,-332,-34
IQ:16,136,3,-122,-66
IQ:17,144,255,134,-140
IQ:18,152,9,75,-656
IQ:19,160,255,-396,-186
IQ:20,168,4,258,93
IQ:21,176,255,323,-291
IQ:22,184,8,177,-533
IQ:23,192,255,-395,-202
IQ:24,200,7,-209,39
IQ:25,208,255,12,12
IQ:26,216,6,-166,-236
IQ:27,224,255,-82,251
IQ:28,232,5,600,145
IQ:29,240,255,202,-477
IQ:30,248,12,-360,-38
IQ:31,256,255,-77,407
IQ:32,264,1,372,177
IQ:33,272,255,203,-345
IQ:34,280,2,-147,-286
IQ:35,288,255,-218,70
SW:2
RR:3
SS:3
FR:2426
ME:2
MA:5
KE:5
KA:6
DF_END

Data arrived...
DF_BEGIN
IQ:0,0,11,56,145
IQ:1,8,11,140,-75
IQ:2,16,11,-86,-142
IQ:3,24,11,-127,88
IQ:4,32,11,100,128
IQ:5,40,11,115,-111
IQ:6,48,11,-124,-106
IQ:7,56,11,-86,130
IQ:8,72,12,118,-187
IQ:9,80,255,-182,-120
IQ:10,88,1,-147,148
IQ:11,96,255,123,120
IQ:12,104,2,64,-78
IQ:13,112,255,-107,-5
IQ:14,120,10,28,219
IQ:15,128,255,191,38
IQ:16,136,3,-16,-59
IQ:17,144,255,-136,73
IQ:18,152,9,-22,221
IQ:19,160,255,156,-10
IQ:20,168,4,-149,-146
IQ:21,176,255,-188,126
IQ:22,184,8,17,177
IQ:23,192,255,126,-33
IQ:24,200,7,-83,-70
IQ:25,208,255,-66,115
IQ:26,216,6,133,99
IQ:27,224,255,69,-156
IQ:28,232,5,-209,-88
IQ:29,240,255,-71,191
IQ:30,248,12,222,37
IQ:31,256,255,49,-225
IQ:32,264,1,-182,-81
IQ:33,272,255,-54,158
IQ:34,280,2,102,13
IQ:35,288,255,-34,-86
SW:2
RR:3
SS:3
FR:2402
ME:359
MA:5
KE:4
KA:6
DF_END

Data arrived...
DF_BEGIN
IQ:0,0,11,130,92
IQ:1,8,11,79,-138
IQ:2,16,11,-145,-71
IQ:3,24,11,-46,145
IQ:4,32,11,152,35
IQ:5,40,11,25,-158
IQ:6,48,11,-159,-18
IQ:7,56,11,6,156
IQ:8,72,12,-4,-224
IQ:9,80,255,-224,-7
IQ:10,88,1,-34,193
IQ:11,96,255,169,32
IQ:12,104,2,-3,-103
IQ:13,112,255,-89,62
IQ:14,120,10,131,161
IQ:15,128,255,179,-87
IQ:16,136,3,-44,-39
IQ:17,144,255,-54,133
IQ:18,152,9,125,187
IQ:19,160,255,123,-82
IQ:20,168,4,-191,-25
IQ:21,176,255,-64,213
IQ:22,184,8,117,124
IQ:23,192,255,85,-109
IQ:24,200,7,-105,-20
IQ:25,208,255,18,127
IQ:26,216,6,168,6
IQ:27,224,255,-37,-169
IQ:28,232,5,-222,54
IQ:29,240,255,65,193
IQ:30,248,12,200,-103
IQ:31,256,255,-95,-205
IQ:32,264,1,-189,49
IQ:33,272,255,48,163
IQ:34,280,2,88,-47
IQ:35,288,255,-79,-57
SW:2
RR:3
SS:3
FR:2402
ME:359
MA:5
KE:3
KA:5
DF_END

Data arrived...
DF_BEGIN
IQ:0,0,11,-129,-53
IQ:1,8,11,-47,138
IQ:2,16,11,132,21
IQ:3,24,11,7,-142
IQ:4,32,11,-143,-5
IQ:5,40,11,14,136
IQ:6,48,11,131,-27
IQ:7,56,11,-47,-132
IQ:8,72,12,-64,92
IQ:9,80,255,83,56
IQ:10,88,1,41,-73
IQ:11,96,255,-72,-20
IQ:12,104,2,0,84
IQ:13,112,255,80,-36
IQ:14,120,10,-84,-171
IQ:15,128,255,-158,20
IQ:16,136,3,37,91
IQ:17,144,255,107,-35
IQ:18,152,9,9,-80
IQ:19,160,255,-69,19
IQ:20,168,4,45,102
IQ:21,176,255,92,-54
IQ:22,184,8,-23,-89
IQ:23,192,255,-71,26
IQ:24,200,7,50,61
IQ:25,208,255,46,-53
IQ:26,216,6,-79,-34
IQ:27,224,255,-31,74
IQ:28,232,5,65,32
IQ:29,240,255,4,-77
IQ:30,248,12,-114,-20
IQ:31,256,255,-9,99
IQ:32,264,1,84,8
IQ:33,272,255,-8,-78
IQ:34,280,2,-78,39
IQ:35,288,255,46,35
SW:2
RR:3
SS:3
FR:2480
ME:2
MA:5
KE:3
KA:5
DF