IQ:22,184,8,-91,72
IQ:23,192,255,71,51
IQ:24,200,7,26,-103
IQ:25,208,255,-86,-7
IQ:26,216,6,13,96
IQ:27,224,255,97,-14
IQ:28,232,5,-14,-75
IQ:29,240,255,-73,46
IQ:30,248,12,63,128
IQ:31,256,255,109,-54
IQ:32,264,1,-58,-84
IQ:33,272,255,-71,68
IQ:34,280,2,97,60
IQ:35,288,255,9,-69
SW:2
RR:3
SS:3
FR:2480
ME:5
MA:5
KE:5
KA:4
DF_END

Data arrived...
DF_BEGIN
IQ:0,0,11,24,21
IQ:1,8,11,12,-20
IQ:2,16,11,-35,-16
IQ:3,24,11,-26,32
IQ:4,32,11,14,13
IQ:5,40,11,9,-30
IQ:6,48,11,-32,-6
IQ:7,56,11,3,29
IQ:8,72,12,-355,-108
IQ:9,80,255,-151,367
IQ:10,88,1,336,227
IQ:11,96,255,281,-281
IQ:12,104,2,-61,-259
IQ:13,112,255,-112,38
IQ:14,120,10,261,-162
IQ:15,128,255,-24,-320
IQ:16,136,3,99,-104
IQ:17,144,255,180,110
IQ:18,152,9,666,16
IQ:19,160,255,103,-422
IQ:20,168,4,-34,291
IQ:21,176,255,382,237
IQ:22,184,8,564,60
IQ:23,192,255,136,-411
IQ:24,200,7,-62,-151
IQ:25,208,255,-3,-13
IQ:26,216,6,167,-229
IQ:27,224,255,-272,-12
IQ:28,232,5,-33,605
IQ:29,240,255,495,106
IQ:30,248,12,-24,-374
IQ:31,256,255,-416,5
IQ:32,264,1,-86,396
IQ:33,272,255,390,111
IQ:34,280,2,209,-170
IQ:35,288,255,-127,-175
SW:2
RR:3
SS:3
FR:2426
ME:359
MA:353
KE:4
KA:3
DF_END

Data arrived...
DF_BEGIN
IQ:0,0,11,-1,-29
IQ:1,8,11,-25,12
IQ:2,16,11,1,30
IQ:3,24,11,47,-19
IQ:4,32,11,-19,-24
IQ:5,40,11,-22,0
IQ:6,48,11,12,23
IQ:7,56,11,25,-22
IQ:8,72,12,187,322
IQ:9,80,255,342,-183
IQ:10,88,1,-106,-418
IQ:11,96,255,-397,44
IQ:12,104,2,-132,246
IQ:13,112,255,111,51
IQ:14,120,10,-290,-16
IQ:15,128,255,-208,236
IQ:16,136,3,-142,20
IQ:17,144,255,-81,-189
IQ:18,152,9,-518,-453
IQ:19,160,255,-382,243
IQ:20,168,4,203,-211
IQ:21,176,255,-130,-407
IQ:22,184,8,-398,-394
IQ:23,192,255,-362,228
IQ:24,200,7,-50,164
IQ:25,208,255,-9,-4
IQ:26,216,6,-264,74
IQ:27,224,255,195,181
IQ:28,232,5,366,-448
IQ:29,240,255,-341,-377
IQ:30,248,12,-183,303
IQ:31,256,255,328,225
IQ:32,264,1,294,-269
IQ:33,272,255,-217,-349
IQ:34,280,2,-284,-17
IQ:35,288,255,-33,197
SW:2
RR:3
SS:3
FR:2426
ME:359
MA:5
KE:3
KA:3
DF_END

Data arrived...
DF_BEGIN
IQ:0,0,11,139,66
IQ:1,8,11,38,-147
IQ:2,16,11,-155,-42
IQ:3,24,11,-34,149
IQ:4,32,11,150,8
IQ:5,40,11,-2,-151
IQ:6,48,11,-148,19
IQ:7,56,11,36,144
IQ:8,72,12,-52,-211
IQ:9,80,255,-214,53
IQ:10,88,1,11,195
IQ:11,96,255,174,-9
IQ:12,104,2,-19,-102
IQ:13,112,255,-76,71
IQ:14,120,10,178,125
IQ:15,128,255,159,-118
IQ:16,136,3,-56,-27
IQ:17,144,255,-34,138
IQ:18,152,9,172,158
IQ:19,160,255,96,-123
IQ:20,168,4,-200,21
IQ:21,176,255,-22,219
IQ:22,184,8,137,109
IQ:23,192,255,67,-116
IQ:24,200,7,-99,1
IQ:25,208,255,32,113
IQ:26,216,6,154,-41
IQ:27,224,255,-78,-150
IQ:28,232,5,-205,116
IQ:29,240,255,92,196
IQ:30,248,12,178,-122
IQ:31,256,255,-130,-179
IQ:32,264,1,-179,82
IQ:33,272,255,76,150
IQ:34,280,2,90,-51
IQ:35,288,255,-76,-42
SW:2
RR:3
SS:3
FR:2402
ME:359
MA:359
KE:3
KA:3
DF_END

Data arrived...
DF_BEGIN
IQ:0,0,11,146,95
IQ:1,8,11,96,-163
IQ:2,16,11,-158,-73
IQ:3,24,11,-45,164
IQ:4,32,11,179,29
IQ:5,40,11,18,-183
IQ:6,48,11,-178,-11
IQ:7,56,11,11,170
IQ:8,72,12,107,-93
IQ:9,80,255,-77,-103
IQ:10,88,1,-73,58
IQ:11,96,255,76,41
IQ:12,104,2,8,-111
IQ:13,112,255,-115,17
IQ:14,120,10,42,241
IQ:15,128,255,210,-2
IQ:16,136,3,-24,-113
IQ:17,144,255,-148,6
IQ:18,152,9,-60,114
IQ:19,160,255,93,14
IQ:20,168,4,-12,-148
IQ:21,176,255,-127,1
IQ:22,184,8,-17,109
IQ:23,192,255,83,-20
IQ:24,200,7,-45,-85
IQ:25,208,255,-66,50
IQ:26,216,6,76,62
IQ:27,224,255,64,-86
IQ:28,232,5,-59,-57
IQ:29,240,255,-23,73
IQ:30,248,12,130,44
IQ:31,256,255,49,-123
IQ:32,264,1,-100,-27
IQ:33,272,255,-2,91
IQ:34,280,2,109,-30
IQ:35,288,255,-44,-62
SW:2
RR:3
SS:3
FR:2480
ME:5
MA:5
KE:3
KA:3
DF_END

Data arrived...
DF_BEGIN
IQ:0,0,11,-167,59
IQ:1,8,11,82,163
IQ:2,16,11,153,-95
IQ:3,24,11,-100,-142
IQ:4,32,11,-123,122
IQ:5,40,11,135,114
IQ:6,48,11,108,-149
IQ:7,56,11,-151,-88
IQ:8,72,12,8,135
IQ:9,80,255,128,-20
IQ:10,88,1,-10,-98
IQ:11,96,255,-80,29
IQ:12,104,2,88,67
IQ:13,112,255,43,-111
IQ:14,120,10,-228,-110
IQ:15,128,255,-134,161
IQ:16,136,3,105,60
IQ:17,144,255,89,-124
IQ:18,152,9,-60,-110
IQ:19,160,255,-56,70
IQ:20,168,4,131,60
IQ:21,176,255,54,-118
IQ:22,184,8,-84,-74
IQ:23,192,255,-35,73
IQ:24,200,7,97,9
IQ:25,208,255,-7,-90
IQ:26,216,6,-90,30
IQ:27,224,255,43,93
IQ:28,232,5,82,-29
IQ:29,240,255,-48,-68
IQ:30,248,12,-115,75
IQ:31,256,255,72,105
IQ:32,264,1,77,-66
IQ:33,272,255,-66,-59
IQ:34,280,2,-30,101
IQ:35,288,255,72,-8
SW:2
RR:3
SS:3
FR:2480
ME:5
MA:5
KE:3
KA:3
DF_END

Data arrived...
DF_BEGIN
IQ:0,0,11,-2,-18
IQ:1,8,11,-27,8
IQ:2,16,11,12,18
IQ:3,24,11,21,-15
IQ:4,32,11,-27,-18
IQ:5,40,11,-13,4
IQ:6,48,11,19,21
IQ:7,56,11,12,-18
IQ:8,72,12,228,282
IQ:9,80,255,332,-223
IQ:10,88,1,-114,-379
IQ:11,96,255,-396,86
IQ:12,104,2,-92,252
IQ:13,112,255,111,42
IQ:14,120,10,-285,18
IQ:15,128,255,-177,265
IQ:16,136,3,-158,29
IQ:17,144,255,-94,-171
IQ:18,152,9,-575,-338
IQ:19,160,255,-300,289
IQ:20,168,4,196,-234
IQ:21,176,255,-149,-410
IQ:22,184,8,-398,-390
IQ:23,192,255,-341,242
IQ:24,200,7,-54,188
IQ:25,208,255,-2,10
IQ:26,216,6,-264,96
IQ:27,224,255,196,153
IQ:28,232,5,334,-466
IQ:29,240,255,-338,-368
IQ:30,248,12,-154,307
IQ:31,256,255,337,221
IQ:32,264,1,296,-252
IQ:33,272,255,-222,-337
IQ:34,280,2,-271,-1
IQ:35,288,255,-9,213
SW:2
RR:3
SS:3
FR:2426
ME:359
MA:353
KE:3
KA:2
DF_END

Data arrived...
DF_BEGIN
IQ:0,0,11,-158,-9
IQ:1,8,11,-9,157
IQ:2,16,11,148,-20
IQ:3,24,11,-23,-148
IQ:4,32,11,-149,38
IQ:5,40,11,55,148
IQ:6,48,11,142,-62
IQ:7,56,11,-71,-137
IQ:8,72,12,107,178
IQ:9,80,255,195,-109
IQ:10,88,1,-54,-185
IQ:11,96,255,-170,52
IQ:12,104,2,34,97
IQ:13,112,255,58,-82
IQ:14,120,10,-195,-91
IQ:15,128,255,-109,160
IQ:16,136,3,55,12
IQ:17,144,255,-4,-149
IQ:18,152,9,-205,-112
IQ:19,160,255,-64,150
IQ:20,168,4,194,-70
IQ:21,176,255,-24,-222
IQ:22,184,8,-164,-71
IQ:23,192,255,-36,133
IQ:24,200,7,93,-36
IQ:25,208,255,-68,-102
IQ:26,216,6,-145,72
IQ:27,224,255,118,135
IQ:28,232,5,192,-136
IQ:29,240,255,-139,-147
IQ:30,248,12,-121,181
IQ:31,256,255,179,137
IQ:32,264,1,150,-122
IQ:33,272,255,-116,-130
IQ:34,280,2,-77,81
IQ:35,288,255,78,22
SW:2
RR:3
SS:3
FR:2402
ME:359
MA:5
KE:2
KA:2
DF_END

Data arrived...
DF_BEGIN
IQ:0,0,11,-37,-200
IQ:1,8,11,-191,54
IQ:2,16,11,66,182
IQ:3,24,11,172,-88
IQ:4,32,11,-112,-156
IQ:5,40,11,-140,132
IQ:6,48,11,136,140
IQ:7,56,11,122,-145
IQ:8,72,12,-196,207
IQ:9,80,255,223,203
IQ:10,88,1,198,-152
IQ:11,96,255,-144,-184
IQ:12,104,2,-107,89
IQ:13,112,255,118,31
IQ:14,120,10,-4,-287
IQ:15,128,255,-252,-80
IQ:16,136,3,2,70
IQ:17,144,255,164,-65
IQ:18,152,9,37,-308
IQ:19,160,255,-211,-22
IQ:20,168,4,169,199
IQ:21,176,255,248,-129
IQ:22,184,8,4,-234
IQ:23,192,255,-176,32
IQ:24,200,7,83,107
IQ:25,208,255,106,-122
IQ:26,216,6,-153,-140
IQ:27,224,255,-117,189
IQ:28,232,5,251,165
IQ:29,240,255,119,-241
IQ:30,248,12,-268,-77
IQ:31,256,255,-117,257
IQ:32,264,1,216,144
IQ:33,272,255,115,-188
IQ:34,280,2,-123,-58
IQ:35,288,255,8,111
SW:2
RR:3
SS:3
FR:2402
ME:359
MA:353
KE:2
KA:1
DF_END

Data arrived...
DF_BEGIN
IQ:0,0,11,4,-179
IQ:1,8,11,-183,7
IQ:2,16,11,24,172
IQ:3,24,11,172,-47
IQ:4,32,11,-62,-173
IQ:5,40,11,-165,72
IQ:6,48,11,78,158
IQ:7,56,11,138,-103
IQ:8,72,12,-132,-41
IQ:9,80,255,-36,123
IQ:10,88,1,90,24
IQ:11,96,255,-13,-87
IQ:12,104,2,-102,50
IQ:13,112,255,78,74
IQ:14,120,10,193,-170
IQ:15,128,255,-98,-188
IQ:16,136,3,-92,70
IQ:17,144,255,78,122
IQ:18,152,9,121,-14
IQ:19,160,255,-43,-89
IQ:20,168,4,-108,82
IQ:21,176,255,83,95
IQ:22,184,8,97,-53
IQ:23,192,255,-52,-66
IQ:24,200,7,-43,82
IQ:25,208,255,83,27
IQ:26,216,6,13,-99
IQ:27,224,255,-101,-9
IQ:28,232,5,-8,77
IQ:29,240,255,82,-25
IQ:30,248,12,-23,-137
IQ:31,256,255,-125,13
IQ:32,264,1,31,86
IQ:33,272,255,81,-45
IQ:34,280,2,-83,-76
IQ:35,288,255,-28,71
SW:2
RR:3
SS:3
FR:2480
ME:2
MA:359
KE:1
KA:1
DF_END

Data arrived...
DF_BEGIN
IQ:0,0,11,-12,25
IQ:1,8,11,33,-6
IQ:2,16,11,-16,-37
IQ:3,24,11,-26,1
IQ:4,32,11,11,15
IQ:5,40,11,22,-10
IQ:6,48,11,-16,-38
IQ:7,56,11,-25,3
IQ:8,72,12,22,-398
IQ:9,80,255,-421,-103
IQ:10,88,1,-195,355
IQ:11,96,255,336,230
IQ:12,104,2,208,-104
IQ:13,112,255,-69,-81
IQ:14,120,10,223,204
IQ:15,128,255,295,-90
IQ:16,136,3,93,68
IQ:17,144,255,-85,209
IQ:18,152,9,155,594
IQ:19,160,255,409,-1
IQ:20,168,4,-336,-8
IQ:21,176,255,-238,392
IQ:22,184,8,6,524
IQ:23,192,255,413,39
IQ:24,200,7,150,-50
IQ:25,208,255,27,22
IQ:26,216,6,248,119
IQ:27,224,255,-39,-257
IQ:28,232,5,-570,98
IQ:29,240,255,-26,532
IQ:30,248,12,355,-112
IQ:31,256,255,-104,-411
IQ:32,264,1,-393,18
IQ:33,272,255,-46,402
IQ:34,280,2,152,185
IQ:35,288,255,125,-124
SW:2
RR:3
SS:3
FR:2426
ME:52
MA:44
KE:6
KA:5
DF_END

Data arrived...
DF_BEGIN
IQ:0,0,11,-149,0
IQ:1,8,11,28,141
IQ:2,16,11,144,-39
IQ:3,24,11,-44,-147
IQ:4,32,11,-141,52
IQ:5,40,11,73,122
IQ:6,48,11,128,-85
IQ:7,56,11,-92,-118
IQ:8,72,12,129,176
IQ:9,80,255,181,-110
IQ:10,88,1,-79,-173
IQ:11,96,255,-154,78
IQ:12,104,2,48,87
IQ:13,112,255,36,-88
IQ:14,120,10,-208,-46
IQ:15,128,255,-73,176
IQ:16,136,3,54,7
IQ:17,144,255,-31,-141
IQ:18,152,9,-210,-78
IQ:19,160,255,-48,147
IQ:20,168,4,173,-95
IQ:21,176,255,-59,-213
IQ:22,184,8,-168,-47
IQ:23,192,255,-15,131
IQ:24,200,7,88,-40
IQ:25,208,255,-74,-94
IQ:26,216,6,-127,85
IQ:27,224,255,125,120
IQ:28,232,5,164,-154
IQ:29,240,255,-140,-135
IQ:30,248,12,-102,186
IQ:31,256,255,187,110
IQ:32,264,1,118,-151
IQ:33,272,255,-131,-105
IQ:34,280,2,-60,88
IQ:35,288,255,82,14
SW:2
RR:3
SS:3
FR:2402
ME:359
MA:353
KE:5
KA:3
DF_END

Data arrived...
DF_BEGIN
IQ:0,0,11,-105,-138
IQ:1,8,11,-133,115
IQ:2,16,11,115,114
IQ:3,24,11,91,-143
IQ:4,32,11,-151,-95
IQ:5,40,11,-75,146
IQ:6,48,11,157,64
IQ:7,56,11,48,-165
IQ:8,72,12,-132,41
IQ:9,80,255,37,120
IQ:10,88,1,84,-32
IQ:11,96,255,-51,-71
IQ:12,104,2,-62,92
IQ:13,112,255,103,18
IQ:14,120,10,57,-249
IQ:15,128,255,-190,-105
IQ:16,136,3,-45,111
IQ:17,144,255,132,55
IQ:18,152,9,85,-94
IQ:19,160,255,-92,-53
IQ:20,168,4,-49,131
IQ:21,176,255,122,39
IQ:22,184,8,55,-98
IQ:23,192,255,-90,-32
IQ:24,200,7,12,100
IQ:25,208,255,86,-23
IQ:26,216,6,-48,-92
IQ:27,224,255,-90,44
IQ:28,232,5,23,74
IQ:29,240,255,42,-68
IQ:30,248,12,-100,-106
IQ:31,256,255,-99,73
IQ:32,264,1,60,68
IQ:33,272,255,36,-74
IQ:34,280,2,-107,-18
IQ:35,288,255,20,60
SW:2
RR:3
SS:3
FR:2480
ME:2
MA:5
KE:5
KA:3
DF_END

Data arrived...
DF_BEGIN
IQ:0,0,11,-32,-21
IQ:1,8,11,-25,21
IQ:2,16,11,39,25
IQ:3,24,11,15,-35
IQ:4,32,11,-46,-10
IQ:5,40,11,-18,44
IQ:6,48,11,51,6
IQ:7,56,11,13,-40
IQ:8,72,12,334,166
IQ:9,80,255,201,-357
IQ:10,88,1,-307,-293
IQ:11,96,255,-326,270
IQ:12,104,2,24,282
IQ:13,112,255,106,-18
IQ:14,120,10,-274,143
IQ:15,128,255,-40,330
IQ:16,136,3,-94,97
IQ:17,144,255,-180,-137
IQ:18,152,9,-680,-57
IQ:19,160,255,-189,408
IQ:20,168,4,97,-289
IQ:21,176,255,-316,-323
IQ:22,184,8,-532,-184
IQ:23,192,255,-180,378
IQ:24,200,7,37,160
IQ:25,208,255,-10,-2
IQ:26,216,6,-215,190
IQ:27,224,255,255,53
IQ:28,232,5,102,-579
IQ:29,240,255,-490,-177
IQ:30,248,12,-10,370
IQ:31,256,255,429,23
IQ:32,264,1,148,-406
IQ:33,272,255,-353,-195
IQ:34,280,2,-251,135
IQ:35,288,255,89,180
SW:2
RR:3
SS:3
FR:2426
ME:359
MA:353
KE:4
KA:2
DF_END

Data arrived...
DF_BEGIN
IQ:0,0,11,30,26
IQ:1,8,11,29,-28
IQ:2,16,11,-33,-31
IQ:3,24,11,-24,31
IQ:4,32,11,38,20
IQ:5,40,11,5,-44
IQ:6,48,11,-35,-3
IQ:7,56,11,-2,39
IQ:8,72,12,-377,-80
IQ:9,80,255,-126,380
IQ:10,88,1,347,209
IQ:11,96,255,280,-322
IQ:12,104,2,-61,-264
IQ:13,112,255,-98,35
IQ:14,120,10,229,-190
IQ:15,128,255,-32,-325
IQ:16,136,3,76,-119
IQ:17,144,255,188,71
IQ:18,152,9,693,-87
IQ:19,160,255,124,-431
IQ:20,168,4,-37,297
IQ:21,176,255,385,226
IQ:22,184,8,564,38
IQ:23,192,255,111,-429
IQ:24,200,7,-78,-160
IQ:25,208,255,-2,7
IQ:26,216,6,154,-247
IQ:27,224,255,-261,-6
IQ:28,232,5,35,594
IQ:29,240,255,499,25
IQ:30,248,12,-77,-341
IQ:31,256,255,-418,52
IQ:32,264,1,-74,400
IQ:33,272,255,389,120
IQ:34,280,2,212,-192
IQ:35,288,255,-122,-171
SW:2
RR:3
SS:3
FR:2426
ME:2
MA:5
KE:4
KA:2
DF_END

Data arrived...
DF_BEGIN
IQ:0,0,11,-16,144
IQ:1,8,11,145,-4
IQ:2,16,11,-25,-146
IQ:3,24,11,-144,36
IQ:4,32,11,49,142
IQ:5,40,11,133,-64
IQ:6,48,11,-75,-128
IQ:7,56,11,-122,87
IQ:8,72,12,180,-119
IQ:9,80,255,-119,-181
IQ:10,88,1,-188,69
IQ:11,96,255,61,162
IQ:12,104,2,84,-52
IQ:13,112,255,-91,-37
IQ:14,120,10,-66,212
IQ:15,128,255,166,97
IQ:16,136,3,6,-62
IQ:17,144,255,-142,24
IQ:18,152,9,-80,221
IQ:19,160,255,152,51
IQ:20,168,4,-74,-184
IQ:21,176,255,-219,33
IQ:22,184,8,-60,164
IQ:23,192,255,135,25
IQ:24,200,7,-47,-91
IQ:25,208,255,-96,77
IQ:26,216,6,87,138
IQ:27,224,255,127,-114
IQ:28,232,5,-150,-179
IQ:29,240,255,-138,140
IQ:30,248,12,180,103
IQ:31,256,255,123,-192
IQ:32,264,1,-133,-137
IQ:33,272,255,-106,122
IQ:34,280,2,83,59
IQ:35,288,255,21,-81
SW:2
RR:3
SS:3
FR:2402
ME:359
MA:353
KE:4
KA:1
DF_END

Data arrived...
DF_BEGIN
IQ:0,0,11,146,92
IQ:1,8,11,84,-158
IQ:2,16,11,-158,-75
IQ:3,24,11,-44,173
IQ:4,32,11,171,38
IQ:5,40,11,19,-179
IQ:6,48,11,-175,-9
IQ:7,56,11,20,169
IQ:8,72,12,114,-86
IQ:9,80,255,-86,-99
IQ:10,88,1,-80,68
IQ:11,96,255,70,51
IQ:12,104,2,16,-108
IQ:13,112,255,-117,16
IQ:14,120,10,37,257
IQ:15,128,255,208,23
IQ:16,136,3,-15,-119
IQ:17,144,255,-144,-1
IQ:18,152,9,-66,119
IQ:19,160,255,100,17
IQ:20,168,4,-2,-140
IQ:21,176,255,-132,12
IQ:22,184,8,-21,119
IQ:23,192,255,88,-16
IQ:24,200,7,-51,-99
IQ:25,208,255,-80,54
IQ:26,216,6,77,71
IQ:27,224,255,74,-80
IQ:28,232,5,-56,-61
IQ:29,240,255,-30,82
IQ:30,248,12,131,57
IQ:31,256,255,57,-117
IQ:32,264,1,-102,-37
IQ:33,272,255,-14,88
IQ:34,280,2,103,-25
IQ:35,288,255,-50,-67
SW:2
RR:3
SS:3
FR:2480
ME:5
MA:5
KE:4
KA:2
DF_END

Data arrived...
DF_BEGIN
IQ:0,0,11,34,-177
IQ:1,8,11,-172,-18
IQ:2,16,11,-7,182
IQ:3,24,11,186,-13
IQ:4,32,11,-32,-169
IQ:5,40,11,-161,49
IQ:6,48,11,65,181
IQ:7,56,11,162,-61
IQ:8,72,12,-119,-68
IQ:9,80,255,-63,112
IQ:10,88,1,103,42
IQ:11,96,255,22,-87
IQ:12,104,2,-103,27
IQ:13,112,255,68,95
IQ:14,120,10,225,-124
IQ:15,128,255,-56,-204
IQ:16,136,3,-98,61
IQ:17,144,255,71,138
IQ:18,152,9,130,7
IQ:19,160,255,-26,-98
IQ:20,168,4,-126,66
IQ:21,176,255,60,114
IQ:22,184,8,119,-21
IQ:23,192,255,-43,-79
IQ:24,200,7,-55,90
IQ:25,208,255,79,45
IQ:26,216,6,36,-100
IQ:27,224,255,-99,-26
IQ:28,232,5,-18,80
IQ:29,240,255,95,-18
IQ:30,248,12,12,-146
IQ:31,256,255,-122,-6
IQ:32,264,1,17,101
IQ:33,272,255,92,-29
IQ:34,280,2,-63,-83
IQ:35,288,255,-29,70
SW:2
RR:3
SS:3
FR:2480
ME:2
MA:353
KE:4
KA:1
DF_END

Data arrived...
DF_BEGIN
IQ:0,0,11,188,-24
IQ:1,8,11,-30,-185
IQ:2,16,11,-173,58
IQ:3,24,11,82,167
IQ:4,32,11,168,-94
IQ:5,40,11,-95,-161
IQ:6,48,11,-151,115
IQ:7,56,11,135,137
IQ:8,72,12,-165,-214
IQ:9,80,255,-210,173
IQ:10,88,1,96,218
IQ:11,96,255,192,-78
IQ:12,104,2,-57,-89
IQ:13,112,255,-28,111
IQ:14,120,10,272,36
IQ:15,128,255,96,-229
IQ:16,136,3,-61,17
IQ:17,144,255,65,173
IQ:18,152,9,282,86
IQ:19,160,255,50,-188
IQ:20,168,4,-213,134
IQ:21,176,255,108,265
IQ:22,184,8,212,61
IQ:23,192,255,25,-153
IQ:24,200,7,-88,63
IQ:25,208,255,105,102
IQ:26,216,6,145,-127
IQ:27,224,255,-173,-126
IQ:28,232,5,-185,230
IQ:29,240,255,210,156
IQ:30,248,12,102,-247
IQ:31,256,255,-243,-141
IQ:32,264,1,-154,169
IQ:33,272,255,160,123
IQ:34,280,2,54,-93
IQ:35,288,255,-100,10
SW:2
RR:3
SS:3
FR:2402
ME:359
MA:5
KE:3
KA:1
DF_END

Data arrived...
DF_BEGIN
IQ:0,0,11,-145,117
IQ:1,8,11,123,128
IQ:2,16,11,113,-138
IQ:3,24,11,-148,-86
IQ:4,32,11,-70,165
IQ:5,40,11,160,52
IQ:6,48,11,35,-175
IQ:7,56,11,-177,-14
IQ:8,72,12,74,127
IQ:9,80,255,101,-73
IQ:10,88,1,-62,-86
IQ:11,96,255,-66,57
IQ:12,104,2,106,33
IQ:13,112,255,-3,-122
IQ:14,120,10,-256,-30
IQ:15,128,255,-68,208
IQ:16,136,3,116,12
IQ:17,144,255,23,-146
IQ:18,152,9,-96,-81
IQ:19,160,255,-26,92
IQ:20,168,4,143,22
IQ:21,176,255,18,-131
IQ:22,184,8,-108,-48
IQ:23,192,255,-8,85
IQ:24,200,7,91,-41
IQ:25,208,255,-44,-85
IQ:26,216,6,-82,61
IQ:27,224,255,64,83
IQ:28,232,5,67,-57
IQ:29,240,255,-85,-43
IQ:30,248,12,-80,121
IQ:31,256,255,105,74
IQ:32,264,1,42,-95
IQ:33,272,255,-92,-29
IQ:34,280,2,3,112
IQ:35,288,255,66,-31
SW:2
RR:3
SS:3
FR:2480
ME:5
MA:5
KE:3
KA:2
DF_END

Data arrived...
DF_BEGIN
IQ:0,0,11,37,48
IQ:1,8,11,14,-46
IQ:2,16,11,-39,-24
IQ:3,24,11,-17,32
IQ:4,32,11,54,26
IQ:5,40,11,7,-59
IQ:6,48,11,-43,-4
IQ:7,56,11,-5,45
IQ:8,72,12,-335,-108
IQ:9,80,255,-164,389
IQ:10,88,1,296,253
IQ:11,96,255,260,-325
IQ:12,104,2,-68,-292
IQ:13,112,255,-129,44
IQ:14,120,10,251,-158
IQ:15,128,255,13,-325
IQ:16,136,3,82,-110
IQ:17,144,255,186,96
IQ:18,152,9,676,-35
IQ:19,160,255,95,-412
IQ:20,168,4,-37,286
IQ:21,176,255,339,267
IQ:22,184,8,552,84
IQ:23,192,255,122,-438
IQ:24,200,7,-64,-157
IQ:25,208,255,10,11
IQ:26,216,6,184,-223
IQ:27,224,255,-272,-15
IQ:28,232,5,-8,584
IQ:29,240,255,500,91
IQ:30,248,12,-16,-379
IQ:31,256,255,-395,9
IQ:32,264,1,-72,401
IQ:33,272,255,413,132
IQ:34,280,2,250,-186
IQ:35,288,255,-102,-185
SW:2
RR:3
SS:3
FR:2426
ME:359
MA:353
KE:3
KA:1
DF_END

Data arrived...
DF_BEGIN
IQ:0,0,11,-183,75
IQ:1,8,11,69,174
IQ:2,16,11,161,-90
IQ:3,24,11,-108,-161
IQ:4,32,11,-143,119
IQ:5,40,11,144,132
IQ:6,48,11,121,-147
IQ:7,56,11,-156,-115
IQ:8,72,12,231,147
IQ:9,80,255,183,-210
IQ:10,88,1,-145,-191
IQ:11,96,255,-156,136
IQ:12,104,2,89,80
IQ:13,112,255,16,-123
IQ:14,120,10,-274,-5
IQ:15,128,255,-49,238
IQ:16,136,3,63,-19
IQ:17,144,255,-92,-165
IQ:18,152,9,-298,-23
IQ:19,160,255,-17,200
IQ:20,168,4,181,-175
IQ:21,176,255,-144,-239
IQ:22,184,8,-225,3
IQ:23,192,255,29,159
IQ:24,200,7,84,-88
IQ: