IQ:32,264,1,-158,-20
IQ:33,272,255,-4,131
IQ:34,280,2,54,-33
IQ:35,288,255,-58,-100
SW:2
RR:3
SS:3
FR:2402
ME:13
MA:187
KE:2
KA:324
DF_END

Data arrived...
DF_BEGIN
IQ:0,0,11,-102,171
IQ:1,8,11,190,74
IQ:2,16,11,45,-192
IQ:3,24,11,-202,-25
IQ:4,32,11,2,202
IQ:5,40,11,206,-12
IQ:6,48,11,-31,-207
IQ:7,56,11,-197,48
IQ:8,72,12,157,-38
IQ:9,80,255,-57,-136
IQ:10,88,1,-144,74
IQ:11,96,255,69,113
IQ:12,104,2,68,-105
IQ:13,112,255,-117,-21
IQ:14,120,10,-43,265
IQ:15,128,255,210,76
IQ:16,136,3,25,-164
IQ:17,144,255,-110,-7
IQ:18,152,9,114,90
IQ:19,160,255,127,-116
IQ:20,168,4,-71,-137
IQ:21,176,255,-124,48
IQ:22,184,8,80,7
IQ:23,192,255,30,-103
IQ:24,200,7,-96,-30
IQ:25,208,255,-43,110
IQ:26,216,6,89,72
IQ:27,224,255,45,-85
IQ:28,232,5,-115,16
IQ:29,240,255,4,164
IQ:30,248,12,123,113
IQ:31,256,255,68,-124
IQ:32,264,1,-151,-60
IQ:33,272,255,-54,132
IQ:34,280,2,118,7
IQ:35,288,255,-34,-138
SW:2
RR:3
SS:3
FR:2480
ME:353
MA:353
KE:1
KA:340
DF_END

Data arrived...
DF_BEGIN
IQ:0,0,11,153,-37
IQ:1,8,11,-60,-145
IQ:2,16,11,-140,83
IQ:3,24,11,71,144
IQ:4,32,11,123,-96
IQ:5,40,11,-101,-113
IQ:6,48,11,-88,138
IQ:7,56,11,118,94
IQ:8,72,12,-58,-105
IQ:9,80,255,-66,83
IQ:10,88,1,115,77
IQ:11,96,255,48,-107
IQ:12,104,2,-140,2
IQ:13,112,255,31,169
IQ:14,120,10,237,-8
IQ:15,128,255,-30,-196
IQ:16,136,3,-184,63
IQ:17,144,255,41,138
IQ:18,152,9,75,-186
IQ:19,160,255,-183,-104
IQ:20,168,4,-139,172
IQ:21,176,255,168,144
IQ:22,184,8,-70,-124
IQ:23,192,255,-141,10
IQ:24,200,7,13,141
IQ:25,208,255,166,-3
IQ:26,216,6,-11,-181
IQ:27,224,255,-67,31
IQ:28,232,5,133,143
IQ:29,240,255,167,-94
IQ:30,248,12,65,-84
IQ:31,256,255,-121,-27
IQ:32,264,1,31,131
IQ:33,272,255,152,-96
IQ:34,280,2,-103,-93
IQ:35,288,255,-129,150
SW:2
RR:3
SS:3
FR:2426
ME:353
MA:359
KE:0
KA:347
DF_END

Data arrived...
DF_BEGIN
IQ:0,0,11,-148,62
IQ:1,8,11,75,140
IQ:2,16,11,145,-84
IQ:3,24,11,-92,-132
IQ:4,32,11,-111,114
IQ:5,40,11,116,116
IQ:6,48,11,108,-118
IQ:7,56,11,-128,-89
IQ:8,72,12,71,100
IQ:9,80,255,62,-91
IQ:10,88,1,-130,-61
IQ:11,96,255,-19,126
IQ:12,104,2,121,-37
IQ:13,112,255,-64,-143
IQ:14,120,10,-228,58
IQ:15,128,255,47,198
IQ:16,136,3,199,-60
IQ:17,144,255,-69,-144
IQ:18,152,9,-61,164
IQ:19,160,255,202,82
IQ:20,168,4,154,-201
IQ:21,176,255,-141,-127
IQ:22,184,8,44,129
IQ:23,192,255,152,-44
IQ:24,200,7,-38,-154
IQ:25,208,255,-182,31
IQ:26,216,6,-9,149
IQ:27,224,255,107,-26
IQ:28,232,5,-147,-142
IQ:29,240,255,-203,108
IQ:30,248,12,-33,120
IQ:31,256,255,107,-16
IQ:32,264,1,-35,-137
IQ:33,272,255,-123,36
IQ:34,280,2,91,87
IQ:35,288,255,78,-128
SW:2
RR:3
SS:3
FR:2426
ME:353
MA:5
KE:359
KA:353
DF_END

Data arrived...
DF_BEGIN
IQ:0,0,11,62,-138
IQ:1,8,11,-139,-48
IQ:2,16,11,-34,144
IQ:3,24,11,147,17
IQ:4,32,11,-11,-152
IQ:5,40,11,-144,21
IQ:6,48,11,42,141
IQ:7,56,11,135,-61
IQ:8,72,12,-122,34
IQ:9,80,255,56,92
IQ:10,88,1,102,-74
IQ:11,96,255,-64,-82
IQ:12,104,2,-40,79
IQ:13,112,255,90,1
IQ:14,120,10,1,-197
IQ:15,128,255,-167,-39
IQ:16,136,3,-3,120
IQ:17,144,255,87,-9
IQ:18,152,9,-90,-61
IQ:19,160,255,-88,92
IQ:20,168,4,54,104
IQ:21,176,255,90,-40
IQ:22,184,8,-62,-12
IQ:23,192,255,-12,80
IQ:24,200,7,72,13
IQ:25,208,255,23,-88
IQ:26,216,6,-82,-50
IQ:27,224,255,-30,61
IQ:28,232,5,91,-25
IQ:29,240,255,-5,-132
IQ:30,248,12,-91,-84
IQ:31,256,255,-50,93
IQ:32,264,1,111,35
IQ:33,272,255,23,-103
IQ:34,280,2,-95,10
IQ:35,288,255,37,108
SW:2
RR:3
SS:3
FR:2480
ME:356
MA:353
KE:358
KA:353
DF_END

Data arrived...
DF_BEGIN
IQ:0,0,11,-17,145
IQ:1,8,11,150,-3
IQ:2,16,11,-21,-151
IQ:3,24,11,-143,43
IQ:4,32,11,63,143
IQ:5,40,11,135,-70
IQ:6,48,11,-78,-132
IQ:7,56,11,-117,90
IQ:8,72,12,99,-84
IQ:9,80,255,-81,-81
IQ:10,88,1,-60,104
IQ:11,96,255,92,49
IQ:12,104,2,13,-97
IQ:13,112,255,-88,26
IQ:14,120,10,57,188
IQ:15,128,255,172,-23
IQ:16,136,3,-31,-119
IQ:17,144,255,-78,24
IQ:18,152,9,108,22
IQ:19,160,255,49,-118
IQ:20,168,4,-87,-72
IQ:21,176,255,-71,66
IQ:22,184,8,55,-15
IQ:23,192,255,-5,-84
IQ:24,200,7,-76,0
IQ:25,208,255,6,94
IQ:26,216,6,89,21
IQ:27,224,255,11,-73
IQ:28,232,5,-72,47
IQ:29,240,255,60,109
IQ:30,248,12,130,29
IQ:31,256,255,12,-112
IQ:32,264,1,-121,9
IQ:33,272,255,17,98
IQ:34,280,2,84,-38
IQ:35,288,255,-64,-89
SW:2
RR:3
SS:3
FR:2480
ME:353
MA:353
KE:358
KA:353
DF_END

Data arrived...
DF_BEGIN
IQ:0,0,11,103,-127
IQ:1,8,11,-146,-78
IQ:2,16,11,-66,156
IQ:3,24,11,156,46
IQ:4,32,11,21,-165
IQ:5,40,11,-172,-2
IQ:6,48,11,3,169
IQ:7,56,11,161,-16
IQ:8,72,12,-112,-35
IQ:9,80,255,20,108
IQ:10,88,1,143,-29
IQ:11,96,255,-41,-116
IQ:12,104,2,-97,95
IQ:13,112,255,139,85
IQ:14,120,10,186,-163
IQ:15,128,255,-153,-145
IQ:16,136,3,-114,178
IQ:17,144,255,137,79
IQ:18,152,9,-48,-190
IQ:19,160,255,-232,27
IQ:20,168,4,-38,252
IQ:21,176,255,187,33
IQ:22,184,8,-114,-100
IQ:23,192,255,-127,115
IQ:24,200,7,133,112
IQ:25,208,255,141,-134
IQ:26,216,6,-64,-138
IQ:27,224,255,-86,87
IQ:28,232,5,198,51
IQ:29,240,255,122,-197
IQ:30,248,12,-34,-110
IQ:31,256,255,-75,84
IQ:32,264,1,100,96
IQ:33,272,255,68,-106
IQ:34,280,2,-121,-23
IQ:35,288,255,-16,146
SW:2
RR:3
SS:3
FR:2426
ME:356
MA:353
KE:357
KA:353
DF_END

Data arrived...
DF_BEGIN
IQ:0,0,11,-172,40
IQ:1,8,11,71,153
IQ:2,16,11,145,-106
IQ:3,24,11,-110,-143
IQ:4,32,11,-140,107
IQ:5,40,11,122,118
IQ:6,48,11,104,-148
IQ:7,56,11,-155,-91
IQ:8,72,12,142,38
IQ:9,80,255,-4,-82
IQ:10,88,1,-138,85
IQ:11,96,255,48,99
IQ:12,104,2,39,-15
IQ:13,112,255,-63,22
IQ:14,120,10,-85,182
IQ:15,128,255,153,-40
IQ:16,136,3,-62,-391
IQ:17,144,255,-235,-11
IQ:18,152,9,233,90
IQ:19,160,255,107,-229
IQ:20,168,4,-257,-107
IQ:21,176,255,-121,179
IQ:22,184,8,8,-48
IQ:23,192,255,-49,-47
IQ:24,200,7,-22,77
IQ:25,208,255,94,96
IQ:26,216,6,119,13
IQ:27,224,255,-34,-54
IQ:28,232,5,-65,198
IQ:29,240,255,128,165
IQ:30,248,12,49,157
IQ:31,256,255,41,-41
IQ:32,264,1,-137,-63
IQ:33,272,255,-60,112
IQ:34,280,2,36,16
IQ:35,288,255,1,-81
SW:2
RR:3
SS:3
FR:2402
ME:19
MA:181
KE:359
KA:352
DF_END

Data arrived...
DF_BEGIN
IQ:0,0,11,202,25
IQ:1,8,11,5,-198
IQ:2,16,11,-192,33
IQ:3,24,11,45,191
IQ:4,32,11,184,-72
IQ:5,40,11,-80,-184
IQ:6,48,11,-166,97
IQ:7,56,11,114,160
IQ:8,72,12,-101,-150
IQ:9,80,255,-115,92
IQ:10,88,1,125,106
IQ:11,96,255,80,-111
IQ:12,104,2,-125,-30
IQ:13,112,255,15,120
IQ:14,120,10,248,-70
IQ:15,128,255,-36,-222
IQ:16,136,3,-165,55
IQ:17,144,255,43,110
IQ:18,152,9,15,-141
IQ:19,160,255,-159,-61
IQ:20,168,4,-104,124
IQ:21,176,255,94,103
IQ:22,184,8,-24,-74
IQ:23,192,255,-105,3
IQ:24,200,7,-15,86
IQ:25,208,255,120,7
IQ:26,216,6,39,-119
IQ:27,224,255,-94,-8
IQ:28,232,5,70,102
IQ:29,240,255,160,-57
IQ:30,248,12,65,-166
IQ:31,256,255,-148,-38
IQ:32,264,1,-10,161
IQ:33,272,255,138,-7
IQ:34,280,2,-38,-134
IQ:35,288,255,-127,81
SW:2
RR:3
SS:3
FR:2480
ME:353
MA:353
KE:359
KA:352
DF_END

Data arrived...
DF_BEGIN
IQ:0,0,11,-125,84
IQ:1,8,11,97,111
IQ:2,16,11,101,-102
IQ:3,24,11,-120,-105
IQ:4,32,11,-88,123
IQ:5,40,11,130,73
IQ:6,48,11,55,-140
IQ:7,56,11,-145,-46
IQ:8,72,12,114,47
IQ:9,80,255,23,-108
IQ:10,88,1,-121,-6
IQ:11,96,255,8,99
IQ:12,104,2,92,-44
IQ:13,112,255,-66,-67
IQ:14,120,10,-126,149
IQ:15,128,255,115,116
IQ:16,136,3,78,-104
IQ:17,144,255,-70,-64
IQ:18,152,9,39,92
IQ:19,160,255,125,-26
IQ:20,168,4,25,-120
IQ:21,176,255,-101,-30
IQ:22,184,8,44,35
IQ:23,192,255,66,-46
IQ:24,200,7,-29,-67
IQ:25,208,255,-75,40
IQ:26,216,6,26,85
IQ:27,224,255,62,-30
IQ:28,232,5,-87,-41
IQ:29,240,255,-74,109
IQ:30,248,12,26,127
IQ:31,256,255,99,-48
IQ:32,264,1,-72,-98
IQ:33,272,255,-87,66
IQ:34,280,2,82,55
IQ:35,288,255,36,-109
SW:2
RR:3
SS:3
FR:2480
ME:353
MA:353
KE:358
KA:352
DF_END

Data arrived...
DF_BEGIN
IQ:0,0,11,-133,123
IQ:1,8,11,129,128
IQ:2,16,11,106,-140
IQ:3,24,11,-154,-78
IQ:4,32,11,-58,167
IQ:5,40,11,169,44
IQ:6,48,11,38,-171
IQ:7,56,11,-183,-12
IQ:8,72,12,117,60
IQ:9,80,255,7,-129
IQ:10,88,1,-156,0
IQ:11,96,255,18,133
IQ:12,104,2,103,-92
IQ:13,112,255,-125,-117
IQ:14,120,10,-230,120
IQ:15,128,255,110,180
IQ:16,136,3,144,-150
IQ:17,144,255,-131,-94
IQ:18,152,9,-12,204
IQ:19,160,255,235,32
IQ:20,168,4,95,-238
IQ:21,176,255,-181,-77
IQ:22,184,8,79,121
IQ:23,192,255,156,-89
IQ:24,200,7,-109,-139
IQ:25,208,255,-175,106
IQ:26,216,6,30,162
IQ:27,224,255,108,-67
IQ:28,232,5,-192,-92
IQ:29,240,255,-159,180
IQ:30,248,12,25,129
IQ:31,256,255,97,-76
IQ:32,264,1,-96,-132
IQ:33,272,255,-98,89
IQ:34,280,2,128,42
IQ:35,288,255,37,-159
SW:2
RR:3
SS:3
FR:2426
ME:356
MA:353
KE:358
KA:353
DF_END

Data arrived...
DF_BEGIN
IQ:0,0,11,140,21
IQ:1,8,11,-3,-138
IQ:2,16,11,-152,18
IQ:3,24,11,33,148
IQ:4,32,11,133,-43
IQ:5,40,11,-67,-143
IQ:6,48,11,-132,64
IQ:7,56,11,74,128
IQ:8,72,12,-92,-84
IQ:9,80,255,-15,54
IQ:10,88,1,140,-8
IQ:11,96,255,-8,-104
IQ:12,104,2,-41,-1
IQ:13,112,255,52,15
IQ:14,120,10,121,-125
IQ:15,128,255,-129,-49
IQ:16,136,3,-97,314
IQ:17,144,255,171,80
IQ:18,152,9,-147,-134
IQ:19,160,255,-156,134
IQ:20,168,4,150,174
IQ:21,176,255,163,-81
IQ:22,184,8,-29,25
IQ:23,192,255,7,45
IQ:24,200,7,61,-53
IQ:25,208,255,-40,-107
IQ:26,216,6,-91,-57
IQ:27,224,255,4,52
IQ:28,232,5,101,-111
IQ:29,240,255,-21,-166
IQ:30,248,12,11,-128
IQ:31,256,255,-51,22
IQ:32,264,1,88,104
IQ:33,272,255,75,-53
IQ:34,280,2,-28,-37
IQ:35,288,255,-28,54
SW:2
RR:3
SS:3
FR:2402
ME:19
MA:181
KE:0
KA:351
DF_END

Data arrived...
DF_BEGIN
IQ:0,0,11,105,-173
IQ:1,8,11,-176,-80
IQ:2,16,11,-62,188
IQ:3,24,11,194,36
IQ:4,32,11,22,-208
IQ:5,40,11,-194,-3
IQ:6,48,11,40,194
IQ:7,56,11,199,-41
IQ:8,72,12,-166,34
IQ:9,80,255,61,139
IQ:10,88,1,156,-70
IQ:11,96,255,-69,-115
IQ:12,104,2,-66,115
IQ:13,112,255,126,28
IQ:14,120,10,57,-260
IQ:15,128,255,-209,-74
IQ:16,136,3,-11,157
IQ:17,144,255,124,2
IQ:18,152,9,-113,-93
IQ:19,160,255,-133,110
IQ:20,168,4,67,141
IQ:21,176,255,136,-42
IQ:22,184,8,-75,-10
IQ:23,192,255,-42,103
IQ:24,200,7,83,54
IQ:25,208,255,54,-104
IQ:26,216,6,-94,-78
IQ:27,224,255,-48,75
IQ:28,232,5,122,-10
IQ:29,240,255,8,-174
IQ:30,248,12,-128,-129
IQ:31,256,255,-82,118
IQ:32,264,1,156,50
IQ:33,272,255,50,-138
IQ:34,280,2,-131,-7
IQ:35,288,255,37,145
SW:2
RR:3
SS:3
FR:2480
ME:353
MA:353
KE:359
KA:351
DF_END

Data arrived...
DF_BEGIN
IQ:0,0,11,132,-118
IQ:1,8,11,-140,-119
IQ:2,16,11,-117,142
IQ:3,24,11,144,103
IQ:4,32,11,72,-168
IQ:5,40,11,-175,-64
IQ:6,48,11,-41,180
IQ:7,56,11,187,39
IQ:8,72,12,-113,-67
IQ:9,80,255,-10,127
IQ:10,88,1,159,12
IQ:11,96,255,-30,-130
IQ:12,104,2,-108,92
IQ:13,112,255,127,125
IQ:14,120,10,216,-133
IQ:15,128,255,-136,-179
IQ:16,136,3,-159,140
IQ:17,144,255,133,103
IQ:18,152,9,5,-204
IQ:19,160,255,-241,-19
IQ:20,168,4,-105,247
IQ:21,176,255,181,84
IQ:22,184,8,-73,-143
IQ:23,192,255,-164,85
IQ:24,200,7,105,153
IQ:25,208,255,189,-84
IQ:26,216,6,-30,-162
IQ:27,224,255,-115,75
IQ:28,232,5,196,108
IQ:29,240,255,174,-168
IQ:30,248,12,-9,-133
IQ:31,256,255,-109,75
IQ:32,264,1,89,127
IQ:33,272,255,96,-101
IQ:34,280,2,-124,-65
IQ:35,288,255,-48,156
SW:2
RR:3
SS:3
FR:2426
ME:356
MA:356
KE:359
KA:352
DF_END

Data arrived...
DF_BEGIN
IQ:0,0,11,-180,11
IQ:1,8,11,30,176
IQ:2,16,11,172,-46
IQ:3,24,11,-62,-167
IQ:4,32,11,-159,84
IQ:5,40,11,90,158
IQ:6,48,11,144,-106
IQ:7,56,11,-112,-138
IQ:8,72,12,57,116
IQ:9,80,255,74,-98
IQ:10,88,1,-130,-90
IQ:11,96,255,-66,124
IQ:12,104,2,135,8
IQ:13,112,255,-23,-178
IQ:14,120,10,-256,-27
IQ:15,128,255,-32,216
IQ:16,136,3,206,-10
IQ:17,144,255,-36,-155
IQ:18,152,9,-131,157
IQ:19,160,255,185,148
IQ:20,168,4,221,-148
IQ:21,176,255,-82,-183
IQ:22,184,8,-26,152
IQ:23,192,255,170,40
IQ:24,200,7,18,-182
IQ:25,208,255,-201,-28
IQ:26,216,6,-68,152
IQ:27,224,255,130,13
IQ:28,232,5,-103,-191
IQ:29,240,255,-239,55
IQ:30,248,12,-76,116
IQ:31,256,255,116,17
IQ:32,264,1,4,-155
IQ:33,272,255,-137,12
IQ:34,280,2,69,112
IQ:35,288,255,124,-97
SW:2
RR:3
SS:3
FR:2426
ME:356
MA:5
KE:358
KA:354
DF_END

Data arrived...
DF_BEGIN
IQ:0,0,11,149,-17
IQ:1,8,11,-45,-146
IQ:2,16,11,-143,57
IQ:3,24,11,58,146
IQ:4,32,11,132,-68
IQ:5,40,11,-80,-132
IQ:6,48,11,-107,78
IQ:7,56,11,101,112
IQ:8,72,12,-108,-60
IQ:9,80,255,-6,70
IQ:10,88,1,137,-25
IQ:11,96,255,-12,-100
IQ:12,104,2,-41,11
IQ:13,112,255,59,-6
IQ:14,120,10,102,-147
IQ:15,128,255,-139,-23
IQ:16,136,3,-82,331
IQ:17,144,255,188,76
IQ:18,152,9,-165,-129
IQ:19,160,255,-137,159
IQ:20,168,4,181,147
IQ:21,176,255,156,-104
IQ:22,184,8,-13,20
IQ:23,192,255,24,46
IQ:24,200,7,38,-63
IQ:25,208,255,-52,-100
IQ:26,216,6,-99,-40
IQ:27,224,255,0,51
IQ:28,232,5,98,-126
IQ:29,240,255,-40,-167
IQ:30,248,12,-4,-131
IQ:31,256,255,-43,24
IQ:32,264,1,96,92
IQ:33,272,255,67,-67
IQ:34,280,2,-27,-34
IQ:35,288,255,-31,77
SW:2
RR:3
SS:3
FR:2402
ME:19
MA:181
KE:0
KA:353
DF_END

Data arrived...
DF_BEGIN
IQ:0,0,11,-44,144
IQ:1,8,11,145,11
IQ:2,16,11,-16,-149
IQ:3,24,11,-152,19
IQ:4,32,11,35,146
IQ:5,40,11,140,-48
IQ:6,48,11,-73,-131
IQ:7,56,11,-126,84
IQ:8,72,12,114,-71
IQ:9,80,255,-73,-92
IQ:10,88,1,-86,91
IQ:11,96,255,88,59
IQ:12,104,2,21,-99
IQ:13,112,255,-93,13
IQ:14,120,10,36,195
IQ:15,128,255,171,-10
IQ:16,136,3,-30,-125
IQ:17,144,255,-89,28
IQ:18,152,9,101,26
IQ:19,160,255,60,-113
IQ:20,168,4,-90,-82
IQ:21,176,255,-80,68
IQ:22,184,8,52,-15
IQ:23,192,255,4,-80
IQ:24,200,7,-74,-14
IQ:25,208,255,-15,89
IQ:26,216,6,84,45
IQ:27,224,255,13,-66
IQ:28,232,5,-87,44
IQ:29,240,255,35,126
IQ:30,248,12,118,57
IQ:31,256,255,20,-103
IQ:32,264,1,-128,-5
IQ:33,272,255,0,108
IQ:34,280,2,90,-32
IQ:35,288,255,-61,-96
SW:2
RR:3
SS:3
FR:2480
ME:353
MA:353
KE:0
KA:352
DF_END

Data arrived...
DF_BEGIN
IQ:0,0,11,184,2
IQ:1,8,11,-53,-182
IQ:2,16,11,-178,60
IQ:3,24,11,59,157
IQ:4,32,11,149,-51
IQ:5,40,11,-86,-160
IQ:6,48,11,-129,119
IQ:7,56,11,154,137
IQ:8,72,12,-51,-114
IQ:9,80,255,-73,73
IQ:10,88,1,104,109
IQ:11,96,255,75,-108
IQ:12,104,2,-131,-26
IQ:13,112,255,-9,150
IQ:14,120,10,251,33
IQ:15,128,255,28,-213
IQ:16,136,3,-214,4
IQ:17,144,255,-20,102
IQ:18,152,9,133,-184
IQ:19,160,255,-181,-172
IQ:20,168,4,-245,146
IQ:21,176,255,53,177
IQ:22,184,8,28,-154
IQ:23,192,255,-170,-53
IQ:24,200,7,-28,122
IQ:25,208,255,187,48
IQ:26,216,6,52,-159
IQ:27,224,255,-116,37
IQ:28,232,5,76,198
IQ:29,240,255,219,-25
IQ:30,248,12,101,-97
IQ:31,256,255,-116,-36
IQ:32,264,1,-27,169
IQ:33,272,255,197,-26
IQ:34,280,2,-60,-134
IQ:35,288,255,-130,83
SW:2
RR:3
SS:3
FR:2426
ME:353
MA:359
KE:359
KA:353
DF_END

Data arrived...
DF_BEGIN
IQ:0,0,11,44,-140
IQ:1,8,11,-152,-40
IQ:2,16,11,-33,155
IQ:3,24,11,148,17
IQ:4,32,11,-2,-140
IQ:5,40,11,-158,26
IQ:6,48,11,11,153
IQ:7,56,11,143,-35
IQ:8,72,12,-111,74
IQ:9,80,255,58,29
IQ:10,88,1,31,-148
IQ:11,96,255,-120,-39
IQ:12,104,2,-6,51
IQ:13,112,255,41,-62
IQ:14,120,10,-90,-166
IQ:15,128,255,-107,125
IQ:16,136,3,268,243
IQ:17,144,255,166,-137
IQ:18,152,9,-215,66
IQ:19,160,255,80,205
IQ:20,168,4,221,-111
IQ:21,176,255,-24,-224
IQ:22,184,8,-6,39
IQ:23,192,255,57,24
IQ:24,200,7,-21,-78
IQ:25,208,255,-113,-17
IQ:26,216,6,-105,77
IQ:27,224,255,60,40
IQ:28,232,5,-49,-158
IQ:29,240,255,-189,-61
IQ:30,248,12,-133,-66
IQ:31,256,255,9,78
IQ:32,264,1,146,-46
IQ:33,272,255,-32,-107
IQ:34,280,2,-47,28
IQ:35,288,255,68,57
SW:2
RR:3
SS:3
FR:2402
ME:16
MA:187
KE:1
KA:350
DF_END

Data arrived...
DF_BEGIN
IQ:0,0,11,-149,-6
IQ:1,8,11,9,145
IQ:2,16,11,142,-36
IQ:3,24,11,-48,-145
IQ:4,32,11,-133,65
IQ:5,40,11,71,131
IQ:6,48,11,127,-80
IQ:7,56,11,-96,-117
IQ:8,72,12,82,93
IQ:9,80,255,72,-86
IQ:10,88,1,-107,-62
IQ:11,96,255,-51,91
IQ:12,104,2,96,4
IQ:13,112,255,-21,-94
IQ:14,120,10,-181,53
IQ:15,128,255,33,160
IQ:16,136,3,112,-49
IQ:17,144,255,-38,-84
IQ:18,152,9,-13,99
IQ:19,160,255,123,32
IQ:20,168,4,67,-98
IQ:21,176,255,-70,-69
IQ:22,184,8,23,50
IQ:23,192,255,83,-10
IQ:24,200,7,1,-72
IQ:25,208,255,-89,-2
IQ:26,216,6,-21,86
IQ:27,224,255,66,-2
IQ:28,232,5,-65,-69
IQ:29,240,255,-111,64
IQ:30,248,12,-36,126
IQ:31,256,255,104,13
IQ:32,264,1,-12,-120
IQ:33,272,255,-106,10
IQ:34,280,2,39,86
IQ:35,288,255,75,-78
SW:2
RR:3
SS:3
FR:2480
ME:353
MA:353
KE:0
KA:351
DF_END

Data arrived...
DF_BEGIN
IQ:0,0,11,176,47
IQ:1,8,11,24,-182
IQ:2,16,11,-153,-8
IQ:3,24,11,3,190
IQ:4,32,11,194,-16
IQ:5,40,11,-26,-178
IQ:6,48,11,-183,53
IQ:7,56,11,74,220
IQ:8,72,12,-19,-117
IQ:9,80,255,-106,67
IQ:10,88,1,69,105
IQ:11,96,255,104,-94
IQ:12,104,2,-126,-42
IQ:13,112,255,-26,134
IQ:14,120,10,232,100
IQ:15,128,255,87,-197
IQ:16,136,3,-205,-56
IQ:17,144,255,-76,163
IQ:18,152,9,188,-87
IQ:19,160,255,-126,-183
IQ:20,168,4,-243,59
IQ:21,176,255,50,229
IQ:22,184,8,91,-168
IQ:23,192,255,-152,-103
IQ:24,200,7,-66,187
IQ:25,208,255,173,77
IQ:26,216,6,120,-123
IQ:27,224,255,-114,-45
IQ:28,232,5,-13,195
IQ:29,240,255,243,30
IQ:30,248,12,98,-81
IQ:31,256,255,-81,-56
IQ:32,264,1,-40,117
IQ:33,272,255,140,16
IQ:34,280,2,-24,-130
IQ:35,288,255,-169,33
SW:2
RR:3
SS:3
FR:2426
ME:356
MA:5
KE:0
KA:353
DF_END

Data arrived...
DF_BEGIN
IQ:0,0,11,102,102
IQ:1,8,11,85,-116
IQ:2,16,11,-124,-79
IQ:3,24,11,-67,133
IQ:4,32,11,141,57
IQ:5,40,11,44,-152
IQ:6,48,11,-151,-32
IQ:7,56,11,-11,153
IQ:8,72,12,-14,-132
IQ:9,80,255,-46,37
IQ:10,88,1,117,81
IQ:11,96,255,70,-83
IQ:12,104,2,-40,-14
IQ:13,112,255,38,47
IQ:14,120,10,173,-42
IQ:15,128,255,-81,-126
IQ:16,136,3,-309,162
IQ:17,144,255,77,187
IQ:18,152,9,-19,-206
IQ:19,160,255,-206,4
IQ:20,168,4,8,238
IQ:21,176,255,186,49
IQ:22,184,8,-25,-3
IQ:23,192,255,-31,48
IQ:24,200,7,71,-8
IQ:25,208,255,38,-106
IQ:26,216,6,-34,-104
IQ:27,224,255,-42,44
IQ:28,232,5,170,-13
IQ:29,240,255,93,-158
IQ:30,248,12,97,-96
IQ:31,256,255,-57,-18
IQ:32,264,1,-1,138
IQ:33,272,255,104,4
IQ:34,280,2,-10,-46
IQ:35,288,255,-76,29
SW:2
RR:3
SS:3
FR:2402
ME:19
MA:184
KE:2
KA:350
DF_END

Data arrived...